# 5.6234e-07 0 48 : grain size, compostion index, size index
# Heating and cooling timescale: 402.864 372.33
# Ratio of heating to cooling to determine stochastic cutoff: 100
# Equilibrium emission is recorded even for those grains in the stochastic regime.
# Emission spectrum was computed for: 
# Type: IRSF
# Scales: 0.25 0.5 1 1.5 2 2.5 3 3.5 4 4.5 5 5.5 6 6.5 7 7.5 8 8.5 9 9.5 10
# StochasticallyHeated: 1 1 1 1 1 1 1 1 1 1 1 1 1 1 1 1 1 1 1 1 1
# Temperature: -1
# Wavelength  CExt  CAbs  CSca  Albedo G EqEm1 StEm1 EqEm2 StEm2 EqEm3 StEm3 EqEm4 StEm4 EqEm5 StEm5 EqEm6 StEm6 EqEm7 StEm7 EqEm8 StEm8 EqEm9 StEm9 EqEm10 StEm10 EqEm11 StEm11 EqEm12 StEm12 EqEm13 StEm13 EqEm14 StEm14 EqEm15 StEm15 EqEm16 StEm16 EqEm17 StEm17 EqEm18 StEm18 EqEm19 StEm19 EqEm20 StEm20 EqEm21 StEm21
0.05 2.04714e-13 1.9826e-13 6.45474e-15 0.0315305 0.00513145 0 0 0 0 0 0 0 0 0 0 0 0 0 0 0 0 0 0 0 0 0 0 0 0 0 0 0 0 0 0 0 0 0 0 0 0 0 0 0 0 0 0
0.0525665 2.2627e-13 2.19135e-13 7.1344e-15 0.0315305 0.00567177 0 0 0 0 0 0 0 0 0 0 0 0 0 0 0 0 0 0 0 0 0 0 0 0 0 0 0 0 0 0 0 0 0 0 0 0 0 0 0 0 0 0
0.0552647 2.50095e-13 2.42209e-13 7.88561e-15 0.0315305 0.00626898 0 0 0 0 0 0 0 0 0 0 0 0 0 0 0 0 0 0 0 0 0 0 0 0 0 0 0 0 0 0 0 0 0 0 0 0 0 0 0 0 0 0
0.0581015 2.76429e-13 2.67713e-13 8.71593e-15 0.0315305 0.00692907 0 0 0 0 0 0 0 0 0 0 0 0 0 0 0 0 0 0 0 0 0 0 0 0 0 0 0 0 0 0 0 0 0 0 0 0 0 0 0 0 0 0
0.0610839 3.05535e-13 2.95902e-13 9.63368e-15 0.0315305 0.00765866 0 0 0 0 0 0 0 0 0 0 0 0 0 0 0 0 0 0 0 0 0 0 0 0 0 0 0 0 0 0 0 0 0 0 0 0 0 0 0 0 0 0
0.0642193 3.37707e-13 3.27059e-13 1.06481e-14 0.0315305 0.00846508 0 0 0 0 0 0 0 0 0 0 0 0 0 0 0 0 0 0 0 0 0 0 0 0 0 0 0 0 0 0 0 0 0 0 0 0 0 0 0 0 0 0
0.0675157 3.73266e-13 3.61496e-13 1.17692e-14 0.0315305 0.00935642 0 0 0 0 0 0 0 0 0 0 0 0 0 0 0 0 0 0 0 0 0 0 0 0 0 0 0 0 0 0 0 0 0 0 0 0 0 0 0 0 0 0
0.0709813 4.12568e-13 3.9956e-13 1.30085e-14 0.0315305 0.0103416 0 0 0 0 0 0 0 0 0 0 0 0 0 0 0 0 0 0 0 0 0 0 0 0 0 0 0 0 0 0 0 0 0 0 0 0 0 0 0 0 0 0
0.0746248 4.5601e-13 4.41632e-13 1.43782e-14 0.0315305 0.0114305 0 0 0 0 0 0 0 0 0 0 0 0 0 0 0 0 0 0 0 0 0 0 0 0 0 0 0 0 0 0 0 0 0 0 0 0 0 0 0 0 0 0
0.0784553 5.04026e-13 4.88133e-13 1.58922e-14 0.0315305 0.0126341 0 0 0 0 0 0 0 0 0 0 0 0 0 0 0 0 0 0 0 0 0 0 0 0 0 0 0 0 0 0 0 0 0 0 0 0 0 0 0 0 0 0
0.0824824 5.57097e-13 5.39531e-13 1.75655e-14 0.0315305 0.0139644 0 0 0 0 0 0 0 0 0 0 0 0 0 0 0 0 0 0 0 0 0 0 0 0 0 0 0 0 0 0 0 0 0 0 0 0 0 0 0 0 0 0
0.0867162 6.15757e-13 5.96342e-13 1.94151e-14 0.0315305 0.0154348 0 0 0 0 0 0 0 0 0 0 0 0 0 0 0 0 0 0 0 0 0 0 0 0 0 0 0 0 0 0 0 0 0 0 0 0 0 0 0 0 0 0
0.0911674 6.80593e-13 6.59134e-13 2.14594e-14 0.0315305 0.01706 0 0 0 0 0 0 0 0 0 0 0 0 0 0 0 0 0 0 0 0 0 0 0 0 0 0 0 0 0 0 0 0 0 0 0 0 0 0 0 0 0 0
0.095847 7.52256e-13 7.28537e-13 2.3719e-14 0.0315305 0.0188563 0 0 0 0 0 0 0 0 0 0 0 0 0 0 0 0 0 0 0 0 0 0 0 0 0 0 0 0 0 0 0 0 0 0 0 0 0 0 0 0 0 0
0.100767 7.97334e-13 7.73145e-13 2.41892e-14 0.0303376 0.0209768 0 0 0 0 0 0 0 0 0 0 0 0 0 0 0 0 0 0 0 0 0 0 0 0 0 0 0 0 0 0 0 0 0 0 0 0 0 0 0 0 0 0
0.105939 6.79168e-13 6.63116e-13 1.60523e-14 0.0236352 0.0227794 0 0 0 0 0 0 0 0 0 0 0 0 0 0 0 0 0 0 0 0 0 0 0 0 0 0 0 0 0 0 0 0 0 0 0 0 0 0 0 0 0 0
0.111377 5.79166e-13 5.66649e-13 1.25169e-14 0.021612 0.0257779 0 0 0 0 0 0 0 0 0 0 0 0 0 0 0 0 0 0 0 0 0 0 0 0 0 0 0 0 0 0 0 0 0 0 0 0 0 0 0 0 0 0
0.117094 4.69215e-13 4.60836e-13 8.37878e-15 0.017857 0.0243857 0 0 0 0 0 0 0 0 0 0 0 0 0 0 0 0 0 0 0 0 0 0 0 0 0 0 0 0 0 0 0 0 0 0 0 0 0 0 0 0 0 0
0.123105 3.87465e-13 3.82243e-13 5.22154e-15 0.0134762 0.0210067 0 0 0 0 0 0 0 0 0 0 0 0 0 0 0 0 0 0 0 0 0 0 0 0 0 0 0 0 0 0 0 0 0 0 0 0 0 0 0 0 0 0
0.129424 3.25669e-13 3.22346e-13 3.32338e-15 0.0102048 0.0176838 0 0 0 0 0 0 0 0 0 0 0 0 0 0 0 0 0 0 0 0 0 0 0 0 0 0 0 0 0 0 0 0 0 0 0 0 0 0 0 0 0 0
0.136067 2.85178e-13 2.8303e-13 2.14819e-15 0.00753279 0.014969 0 0 0 0 0 0 0 0 0 0 0 0 0 0 0 0 0 0 0 0 0 0 0 0 0 0 0 0 0 0 0 0 0 0 0 0 0 0 0 0 0 0
0.143051 2.62462e-13 2.61068e-13 1.39461e-15 0.00531358 0.0127762 0 0 0 0 0 0 0 0 0 0 0 0 0 0 0 0 0 0 0 0 0 0 0 0 0 0 0 0 0 0 0 0 0 0 0 0 0 0 0 0 0 0
0.150394 2.52606e-13 2.51697e-13 9.09297e-16 0.00359966 0.0109198 0 0 0 0 0 0 0 0 0 0 0 0 0 0 0 0 0 0 0 0 0 0 0 0 0 0 0 0 0 0 0 0 0 0 0 0 0 0 0 0 0 0
0.158114 2.55441e-13 2.5483e-13 6.11455e-16 0.00239372 0.00936594 0 0 0 0 0 0 0 0 0 0 0 0 0 0 0 0 0 0 0 0 0 0 0 0 0 0 0 0 0 0 0 0 0 0 0 0 0 0 0 0 0 0
0.16623 2.71881e-13 2.71421e-13 4.59827e-16 0.00169128 0.00806154 0 0 0 0 0 0 0 0 0 0 0 0 0 0 0 0 0 0 0 0 0 0 0 0 0 0 0 0 0 0 0 0 0 0 0 0 0 0 0 0 0 0
0.174762 3.03728e-13 3.03308e-13 4.19936e-16 0.00138261 0.00694087 0 0 0 0 0 0 0 0 0 0 0 0 0 0 0 0 0 0 0 0 0 0 0 0 0 0 0 0 0 0 0 0 0 0 0 0 0 0 0 0 0 0
0.183733 3.56445e-13 3.55963e-13 4.82585e-16 0.00135388 0.00592029 0 0 0 0 0 0 0 0 0 0 0 0 0 0 0 0 0 0 0 0 0 0 0 0 0 0 0 0 0 0 0 0 0 0 0 0 0 0 0 0 0 0
0.193164 4.46248e-13 4.45541e-13 7.07209e-16 0.00158479 0.00493297 0 0 0 0 0 0 0 0 0 0 0 0 0 0 0 0 0 0 0 0 0 0 0 0 0 0 0 0 0 0 0 0 0 0 0 0 0 0 0 0 0 0
0.203079 5.8474e-13 5.836e-13 1.14025e-15 0.00195001 0.00395684 0 0 0 0 0 0 0 0 0 0 0 0 0 0 0 0 0 0 0 0 0 0 0 0 0 0 0 0 0 0 0 0 0 0 0 0 0 0 0 0 0 0
0.213503 7.17722e-13 7.16055e-13 1.66712e-15 0.00232279 0.00304228 0 0 0 0 0 0 0 0 0 0 0 0 0 0 0 0 0 0 0 0 0 0 0 0 0 0 0 0 0 0 0 0 0 0 0 0 0 0 0 0 0 0
0.224463 6.94649e-13 6.92751e-13 1.89822e-15 0.00273264 0.00225573 0 0 0 0 0 0 0 0 0 0 0 0 0 0 0 0 0 0 0 0 0 0 0 0 0 0 0 0 0 0 0 0 0 0 0 0 0 0 0 0 0 0
0.235984 5.43969e-13 5.42298e-13 1.6717e-15 0.00307315 0.00161527 0 0 0 0 0 0 0 0 0 0 0 0 0 0 0 0 0 0 0 0 0 0 0 0 0 0 0 0 0 0 0 0 0 0 0 0 0 0 0 0 0 0
0.248097 4.07729e-13 4.06455e-13 1.27396e-15 0.00312453 0.0012321 0 0 0 0 0 0 0 0 0 0 0 0 0 0 0 0 0 0 0 0 0 0 0 0 0 0 0 0 0 0 0 0 0 0 0 0 0 0 0 0 0 0
0.260832 3.17985e-13 3.1707e-13 9.15702e-16 0.0028797 0.00126162 0 0 0 0 0 0 0 0 0 0 0 0 0 0 0 0 0 0 0 0 0 0 0 0 0 0 0 0 0 0 0 0 0 0 0 0 0 0 0 0 0 0
0.274221 2.61873e-13 2.61226e-13 6.46915e-16 0.00247034 0.00166563 0 0 0 0 0 0 0 0 0 0 0 0 0 0 0 0 0 0 0 0 0 0 0 0 0 0 0 0 0 0 0 0 0 0 0 0 0 0 0 0 0 0
0.288297 2.26593e-13 2.26135e-13 4.58608e-16 0.00202392 0.00223849 0 0 0 0 0 0 0 0 0 0 0 0 0 0 0 0 0 0 0 0 0 0 0 0 0 0 0 0 0 0 0 0 0 0 0 0 0 0 0 0 0 0
0.303095 2.03523e-13 2.03193e-13 3.30728e-16 0.00162501 0.00252252 0 0 0 0 0 0 0 0 0 0 0 0 0 0 0 0 0 0 0 0 0 0 0 0 0 0 0 0 0 0 0 0 0 0 0 0 0 0 0 0 0 0
0.318653 1.80321e-13 1.80077e-13 2.44274e-16 0.00135466 0.00264237 0 0 0 0 0 0 0 0 0 0 0 0 0 0 0 0 0 0 0 0 0 0 0 0 0 0 0 0 0 0 0 0 0 0 0 0 0 0 0 0 0 0
0.335009 1.59999e-13 1.59814e-13 1.85348e-16 0.00115843 0.00260606 0 0 0 0 0 0 0 0 0 0 0 0 0 0 0 0 0 0 0 0 0 0 0 0 0 0 0 0 0 0 0 0 0 0 0 0 0 0 0 0 0 0
0.352205 1.42117e-13 1.41973e-13 1.44423e-16 0.00101622 0.00247739 0 0 0 0 0 0 0 0 0 0 0 0 0 0 0 0 0 0 0 0 0 0 0 0 0 0 0 0 0 0 0 0 0 0 0 0 0 0 0 0 0 0
0.370284 1.2607e-13 1.25955e-13 1.15195e-16 0.000913739 0.00231909 0 0 0 0 0 0 0 0 0 0 0 0 0 0 0 0 0 0 0 0 0 0 0 0 0 0 0 0 0 0 0 0 0 0 0 0 0 0 0 0 0 0
0.389291 1.11434e-13 1.11341e-13 9.35422e-17 0.000839438 0.00216439 0 0 0 0 0 0 0 0 0 0 0 0 0 0 0 0 0 0 0 0 0 0 0 0 0 0 0 0 0 0 0 0 0 0 0 0 0 0 0 0 0 0
0.409273 9.80058e-14 9.7929e-14 7.67826e-17 0.00078345 0.00201326 0 0 0 0 0 0 0 0 0 0 0 0 0 0 0 0 0 0 0 0 0 0 0 0 0 0 0 0 0 0 0 0 0 0 0 0 0 0 0 0 0 0
0.430281 8.57047e-14 8.56414e-14 6.33314e-17 0.000738949 0.00186939 0 0 0 0 0 0 0 0 0 0 0 0 0 0 0 0 0 0 0 0 0 0 0 0 0 0 0 0 0 0 0 0 0 0 0 0 0 0 0 0 0 0
0.452368 7.45284e-14 7.44762e-14 5.22774e-17 0.000701442 0.00172054 0 0 0 0 0 0 0 0 0 0 0 0 0 0 0 0 0 0 0 0 0 0 0 0 0 0 0 0 0 0 0 0 0 0 0 0 0 0 0 0 0 0
0.475588 6.45047e-14 6.44616e-14 4.31064e-17 0.000668268 0.00157765 0 0 0 0 0 0 0 0 0 0 0 0 0 0 0 0 0 0 0 0 0 0 0 0 0 0 0 0 0 0 0 0 0 0 0 0 0 0 0 0 0 0
0.5 5.56329e-14 5.55974e-14 3.54971e-17 0.000638059 0.0014401 0 0 0 0 0 0 0 0 0 0 0 0 0 0 0 0 0 0 0 0 0 0 0 0 0 0 0 0 0 0 0 0 0 0 0 0 0 0 0 0 0 0
0.525665 4.78818e-14 4.78526e-14 2.92075e-17 0.000609991 0.00130996 0 0 0 0 0 0 0 0 0 0 0 0 0 0 0 0 0 0 0 0 0 0 0 0 0 0 0 0 0 0 0 0 0 0 0 0 0 0 0 0 0 0
0.552648 4.11873e-14 4.11632e-14 2.40346e-17 0.000583544 0.00119152 0 0 0 0 0 0 0 0 0 0 0 0 0 0 0 0 0 0 0 0 0 0 0 0 0 0 0 0 0 0 0 0 0 0 0 0 0 0 0 0 0 0
0.581015 3.5462e-14 3.54422e-14 1.97945e-17 0.000558188 0.00108138 0 0 0 0 0 0 0 0 0 0 0 0 0 0 0 0 0 0 0 0 0 0 0 0 0 0 0 0 0 0 0 0 0 0 0 0 0 0 0 0 0 0
0.610839 3.06052e-14 3.05889e-14 1.63267e-17 0.00053346 0.000981377 0 0 0 0 0 0 0 0 0 0 0 0 0 0 0 0 0 0 0 0 0 0 0 0 0 0 0 0 0 0 0 0 0 0 0 0 0 0 0 0 0 0
0.642193 2.6515e-14 2.65016e-14 1.34931e-17 0.000508885 0.000890672 0 0 0 0 0 0 0 0 0 0 0 0 0 0 0 0 0 0 0 0 0 0 0 0 0 0 0 0 0 0 0 0 0 0 0 0 0 0 0 0 0 0
0.675157 2.3088e-14 2.30768e-14 1.11749e-17 0.000484012 0.00080891 0 0 0 0 0 0 0 0 0 0 0 0 0 0 0 0 0 0 0 0 0 0 0 0 0 0 0 0 0 0 0 0 0 0 0 0 0 0 0 0 0 0
0.709813 2.02263e-14 2.0217e-14 9.27465e-18 0.000458545 0.000735389 0 0 0 0 0 0 0 0 0 0 0 0 0 0 0 0 0 0 0 0 0 0 0 0 0 0 0 0 0 0 0 0 0 0 0 0 0 0 0 0 0 0
0.746248 1.78428e-14 1.78351e-14 7.71231e-18 0.000432236 0.000669684 0 0 0 0 0 0 0 0 0 0 0 0 0 0 0 0 0 0 0 0 0 0 0 0 0 0 0 0 0 0 0 0 0 0 0 0 0 0 0 0 0 0
0.784553 1.58535e-14 1.58471e-14 6.42343e-18 0.000405174 0.000610019 0 0 0 0 0 0 0 0 0 0 0 0 0 0 0 0 0 0 0 0 0 0 0 0 0 0 0 0 0 0 0 0 0 0 0 0 0 0 0 0 0 0
0.824824 1.41852e-14 1.41799e-14 5.35718e-18 0.00037766 0.000556553 0 0 0 0 0 0 0 0 0 0 0 0 0 0 0 0 0 0 0 0 0 0 0 0 0 0 0 0 0 0 0 0 0 0 0 0 0 0 0 0 0 0
0.867162 1.27979e-14 1.27934e-14 4.47161e-18 0.000349402 0.00050836 0 0 0 0 0 0 0 0 0 0 0 0 0 0 0 0 0 0 0 0 0 0 0 0 0 0 0 0 0 0 0 0 0 0 0 0 0 0 0 0 0 0
0.911674 1.1775e-14 1.17712e-14 3.73435e-18 0.000317143 0.000464768 0 0 0 0 0 0 0 0 0 0 0 0 0 0 0 0 0 0 0 0 0 0 0 0 0 0 0 0 0 0 0 0 0 0 0 0 0 0 0 0 0 0
0.95847 1.12732e-14 1.12701e-14 3.11891e-18 0.000276665 0.000425706 0 0 0 0 0 0 0 0 0 0 0 0 0 0 0 0 0 0 0 0 0 0 0 0 0 0 0 0 0 0 0 0 0 0 0 0 0 0 0 0 0 0
1.00767 1.28344e-14 1.28318e-14 2.6046e-18 0.000202939 0.000390239 0 0 0 0 0 0 0 0 0 0 0 0 0 0 0 0 0 0 0 0 0 0 0 0 0 0 0 0 0 0 0 0 0 0 0 0 0 0 0 0 0 0
1.05939 1.83665e-14 1.83643e-14 2.17397e-18 0.000118366 0.000358073 0 0 0 0 0 0 0 0 0 0 0 0 0 0 0 0 0 0 0 0 0 0 0 0 0 0 0 0 0 0 0 0 0 0 0 0 0 0 0 0 0 0
1.11377 1.021e-14 1.02082e-14 1.81267e-18 0.000177538 0.000328789 0 0 0 0 0 0 0 0 0 0 0 0 0 0 0 0 0 0 0 0 0 0 0 0 0 0 0 0 0 0 0 0 0 0 0 0 0 0 0 0 0 0
1.17094 8.78164e-15 8.78013e-15 1.51072e-18 0.000172032 0.000301454 0 0 0 0 0 0 0 0 0 0 0 0 0 0 0 0 0 0 0 0 0 0 0 0 0 0 0 0 0 0 0 0 0 0 0 0 0 0 0 0 0 0
1.23105 9.09231e-15 9.09106e-15 1.25754e-18 0.000138308 0.000276395 0 0 0 0 0 0 0 0 0 0 0 0 0 0 0 0 0 0 0 0 0 0 0 0 0 0 0 0 0 0 0 0 0 0 0 0 0 0 0 0 0 0
1.29424 8.33528e-15 8.33424e-15 1.04581e-18 0.000125468 0.000253369 0 0 0 0 0 0 0 0 0 0 0 0 0 0 0 0 0 0 0 0 0 0 0 0 0 0 0 0 0 0 0 0 0 0 0 0 0 0 0 0 0 0
1.36067 6.61475e-15 6.61388e-15 8.68813e-19 0.000131345 0.000232395 0 0 0 0 0 0 0 0 0 0 0 0 0 0 0 0 0 0 0 0 0 0 0 0 0 0 0 0 0 0 0 0 0 0 0 0 0 0 0 0 0 0
1.43051 5.66229e-15 5.66156e-15 7.20782e-19 0.000127295 0.000213276 0 0 0 0 0 0 0 0 0 0 0 0 0 0 0 0 0 0 0 0 0 0 0 0 0 0 0 0 0 0 0 0 0 0 0 0 0 0 0 0 0 0
1.50394 5.03563e-15 5.03503e-15 5.97422e-19 0.000118639 0.000195579 0 0 0 0 0 0 0 0 0 0 0 0 0 0 0 0 0 0 0 0 0 0 0 0 0 0 0 0 0 0 0 0 0 0 0 0 0 0 0 0 0 0
1.58114 4.54102e-15 4.54052e-15 4.94711e-19 0.000108943 0.000179112 0 0 0 0 0 0 0 0 0 0 0 0 0 0 0 0 0 0 0 0 0 0 0 0 0 0 0 0 0 0 0 0 0 0 0 0 0 0 0 0 0 0
1.6623 4.11539e-15 4.11498e-15 4.09223e-19 9.94372e-05 0.000163841 0 0 0 0 0 0 0 0 0 0 0 0 0 0 0 0 0 0 0 0 0 0 0 0 0 0 0 0 0 0 0 0 0 0 0 0 0 0 0 0 0 0
1.74763 3.73122e-15 3.73088e-15 3.38214e-19 9.06444e-05 0.000150053 0 0 0 0 0 0 0 0 0 0 0 0 0 0 0 0 0 0 0 0 0 0 0 0 0 0 0 0 0 0 0 0 0 0 0 0 0 0 0 0 0 0
1.83733 3.35931e-15 3.35903e-15 2.79284e-19 8.31375e-05 0.000137444 0 0 0 0 0 0 0 0 0 0 0 0 0 0 0 0 0 0 0 0 0 0 0 0 0 0 0 0 0 0 0 0 0 0 0 0 0 0 0 0 0 0
1.93164 3.02908e-15 3.02885e-15 2.30416e-19 7.6068e-05 0.000125891 0 0 0 0 0 0 0 0 0 0 0 0 0 0 0 0 0 0 0 0 0 1.4013e-45 0 1.4013e-45 0 1.4013e-45 0 2.8026e-45 0 2.8026e-45 0 5.60519e-45 0 7.00649e-45 0 9.80909e-45 0 1.26117e-44 0 1.54143e-44 0 2.10195e-44
2.03079 2.8016e-15 2.80141e-15 1.89954e-19 6.78021e-05 0.000115176 0 0 0 0 0 0 0 0 0 0 0 1.4013e-45 0 2.8026e-45 0 5.60519e-45 0 9.80909e-45 0 1.68156e-44 0 2.66247e-44 0 4.06377e-44 0 6.16571e-44 0 8.96831e-44 0 1.27518e-43 0 1.76564e-43 0 2.42425e-43 0 3.25101e-43 0 4.30199e-43 0 5.63322e-43 0 7.27274e-43
2.13503 2.56671e-15 2.56655e-15 1.56514e-19 6.09784e-05 0.000105349 0 0 0 0 0 1.4013e-45 0 7.00649e-45 0 1.96182e-44 0 4.76441e-44 0 9.94922e-44 0 1.87774e-43 0 3.27904e-43 0 5.45105e-43 0 8.632e-43 0 1.31722e-42 0 1.9464e-42 0 2.8026e-42 0 3.94045e-42 0 5.43424e-42 0 7.36242e-42 0 9.8161e-42 0 1.2906e-41 0 1.67665e-41 0 2.15253e-41
2.24463 2.34226e-15 2.34213e-15 1.28861e-19 5.50157e-05 9.6393e-05 0 0 0 5.60519e-45 0 5.04467e-44 0 2.11596e-43 0 6.10966e-43 0 1.42932e-42 0 2.9161e-42 0 5.42022e-42 0 9.36488e-42 0 1.5326e-41 0 2.39692e-41 0 3.61689e-41 0 5.2899e-41 0 7.54277e-41 0 1.0512e-40 0 1.4373e-40 0 1.93205e-40 0 2.55685e-40 0 3.33798e-40 0 4.30632e-40 0 5.49305e-40
2.35984 2.13479e-15 2.13468e-15 1.06048e-19 4.96763e-05 8.81559e-05 0 2.10195e-44 0 1.61149e-43 0 1.45034e-42 0 5.79297e-42 0 1.62088e-41 0 3.70671e-41 0 7.42688e-41 0 1.35714e-40 0 2.3119e-40 0 3.73389e-40 0 5.77171e-40 0 8.61447e-40 0 1.24755e-39 0 1.76218e-39 0 2.43486e-39 0 3.30187e-39 0 4.4046e-39 0 5.78698e-39 0 7.50319e-39 0 9.6155e-39 0 1.21887e-38
2.48097 1.94478e-15 1.94469e-15 8.72187e-20 4.48476e-05 8.05464e-05 0 6.09565e-43 0 4.24593e-42 0 3.58494e-41 0 1.37651e-40 0 3.74449e-40 0 8.37368e-40 0 1.64727e-39 0 2.96196e-39 0 4.97596e-39 0 7.93481e-39 0 1.21273e-38 0 1.79101e-38 0 2.56897e-38 0 3.59601e-38 0 4.92736e-38 0 6.62908e-38 0 8.77742e-38 0 1.14515e-37 0 1.47488e-37 0 1.87797e-37 0 2.36609e-37
2.60832 1.77134e-15 1.77126e-15 7.17026e-20 4.04794e-05 7.351e-05 0 1.50163e-41 0 9.80446e-41 0 7.74936e-40 0 2.86172e-39 0 7.57207e-39 0 1.65672e-38 0 3.20098e-38 0 5.66638e-38 0 9.39071e-38 0 1.47914e-37 0 2.23585e-37 0 3.26846e-37 0 4.64461e-37 0 6.44481e-37 0 8.75945e-37 0 1.16944e-36 0 1.53728e-36 0 1.99196e-36 0 2.54894e-36 0 3.22545e-36 0 4.03984e-36
2.74221 1.61338e-15 1.61332e-15 5.89288e-20 3.6525e-05 6.71081e-05 0 3.22121e-40 0 1.98408e-39 0 1.47202e-38 0 5.23334e-38 0 1.34768e-37 0 2.8863e-37 0 5.47931e-37 0 9.55296e-37 0 1.5623e-36 0 2.43155e-36 0 3.63621e-36 0 5.26318e-36 0 7.41154e-36 0 1.01973e-35 0 1.37506e-35 0 1.82217e-35 0 2.37854e-35 0 3.06166e-35 0 3.89312e-35 0 4.89674e-35 0 6.09799e-35
2.88297 1.46956e-15 1.46951e-15 4.84005e-20 3.29353e-05 6.13252e-05 0 6.04058e-39 0 3.53087e-38 0 2.46783e-37 0 8.45789e-37 0 2.12127e-36 0 4.44946e-36 0 8.30264e-36 0 1.42625e-35 0 2.30248e-35 0 3.54217e-35 0 5.24187e-35 0 7.51463e-35 0 1.04889e-34 0 1.43128e-34 0 1.91525e-34 0 2.51972e-34 0 3.26669e-34 0 4.17785e-34 0 5.27997e-34 0 6.60234e-34 0 8.17622e-34
3.03095 1.33964e-15 1.3396e-15 3.97486e-20 2.96711e-05 5.607e-05 0 9.94238e-38 0 5.54778e-37 0 3.66847e-36 0 1.21406e-35 0 2.96818e-35 0 6.10141e-35 0 1.11962e-34 0 1.89581e-34 0 3.02219e-34 0 4.59718e-34 0 6.73415e-34 0 9.56415e-34 0 1.32352e-33 0 1.79165e-33 0 2.37962e-33 0 3.10874e-33 0 4.00366e-33 0 5.08836e-33 0 6.39247e-33 0 7.94815e-33 0 9.78955e-33
3.18653 1.22972e-15 1.22968e-15 3.26288e-20 2.65336e-05 5.11894e-05 0 1.45104e-36 0 7.76981e-36 0 4.88275e-35 0 1.5634e-34 0 3.73001e-34 0 7.51968e-34 0 1.3577e-33 0 2.26712e-33 0 3.57018e-33 0 5.37162e-33 0 7.79107e-33 0 1.09654e-32 0 1.5048e-32 0 2.02127e-32 0 2.6652e-32 0 3.45814e-32 0 4.425e-32 0 5.58969e-32 0 6.98175e-32 0 8.63302e-32 0 1.05772e-31
3.35009 1.17471e-15 1.17468e-15 2.67752e-20 2.2793e-05 4.67025e-05 0 1.9501e-35 0 1.00624e-34 0 6.0356e-34 0 1.87362e-33 0 4.36754e-33 0 8.64242e-33 0 1.53629e-32 0 2.53108e-32 0 3.93899e-32 0 5.86409e-32 0 8.42418e-32 0 1.17527e-31 0 1.59984e-31 0 2.13279e-31 0 2.79251e-31 0 3.59942e-31 0 4.57703e-31 0 5.74764e-31 0 7.1388e-31 0 8.78e-31 0 1.07023e-30
3.52205 1.01553e-15 1.01551e-15 2.19684e-20 2.16325e-05 4.26249e-05 0 2.11061e-34 0 1.05242e-33 0 6.04798e-33 0 1.82396e-32 0 4.15949e-32 0 8.08595e-32 0 1.41608e-31 0 2.30309e-31 0 3.54359e-31 0 5.22183e-31 0 7.43236e-31 0 1.02813e-30 0 1.38861e-30 0 1.83774e-30 0 2.38983e-30 0 3.06069e-30 0 3.86842e-30 0 4.83e-30 0 5.96642e-30 1.4013e-45 7.30002e-30 5.60519e-45 8.85414e-30
3.70284 9.2488e-16 9.24862e-16 1.80195e-20 1.94831e-05 3.88927e-05 0 2.15519e-33 0 1.03984e-32 0 5.74204e-32 0 1.68549e-31 0 3.7649e-31 0 7.19652e-31 0 1.24248e-30 0 1.99592e-30 0 3.03754e-30 0 4.43232e-30 0 6.25253e-30 0 8.57863e-30 0 1.1499e-29 0 1.51112e-29 0 1.95216e-29 2.8026e-45 2.48467e-29 7.00649e-45 3.12198e-29 2.10195e-44 3.8764e-29 5.88545e-44 4.76321e-29 1.54143e-43 5.79854e-29 3.83956e-43 6.99918e-29
3.89291 8.44146e-16 8.44131e-16 1.47765e-20 1.75046e-05 3.54475e-05 0 1.98872e-32 0 9.28177e-32 0 4.93453e-31 0 1.41199e-30 0 3.09277e-30 0 5.81779e-30 0 9.9088e-30 0 1.57301e-29 0 2.36893e-29 0 3.42419e-29 0 4.78902e-29 0 6.51894e-29 2.8026e-45 8.67445e-29 1.26117e-44 1.1322e-28 4.90454e-44 1.45334e-28 1.69557e-43 1.83871e-28 5.14277e-43 2.29722e-28 1.47557e-42 2.83702e-28 3.93625e-42 3.46825e-28 9.80629e-42 4.20151e-28 2.34255e-41 5.04782e-28
4.09273 7.71683e-16 7.71671e-16 1.21159e-20 1.57007e-05 3.21963e-05 0 1.66911e-31 0 7.52222e-31 0 3.85337e-30 0 1.0761e-29 0 2.31345e-29 0 4.2858e-29 0 7.20525e-29 0 1.13093e-28 0 1.68608e-28 1.4013e-45 2.41511e-28 9.80909e-45 3.34989e-28 5.1848e-44 4.52536e-28 2.32616e-43 5.97935e-28 9.24857e-43 7.75313e-28 3.27483e-42 9.89106e-28 1.06485e-41 1.24413e-27 3.04754e-41 1.54584e-27 8.30802e-41 1.89916e-27 2.11338e-40 2.31022e-27 5.03537e-40 2.78543e-27 1.15284e-39 3.33137e-27
4.30281 7.06779e-16 7.0677e-16 9.93305e-21 1.4054e-05 2.92569e-05 0 1.2833e-30 0 5.56817e-30 0 2.74782e-29 0 7.49426e-29 0 1.58246e-28 0 2.88886e-28 0 4.79648e-28 1.4013e-45 7.44686e-28 1.4013e-44 1.09953e-27 1.10703e-43 1.56122e-27 6.85235e-43 2.14829e-27 3.36592e-42 2.88087e-27 1.41265e-41 3.78063e-27 5.25543e-41 4.8711e-27 1.74834e-40 6.17735e-27 5.36655e-40 7.72651e-27 1.45904e-39 9.54923e-27 3.78743e-39 1.16728e-26 9.20505e-39 1.41312e-26 2.10218e-38 1.696e-26 4.62215e-38 2.01952e-26
4.52368 6.49265e-16 6.49257e-16 8.14268e-21 1.25414e-05 2.65828e-05 0 9.10495e-30 0 3.78968e-29 0 1.79956e-28 0 4.79457e-28 0 9.94821e-28 0 1.79045e-27 7.00649e-45 2.93707e-27 1.00893e-43 4.51222e-27 9.52883e-43 6.60017e-27 6.87757e-42 9.29272e-27 3.89281e-41 1.26888e-26 1.77044e-40 1.68952e-26 6.92768e-40 2.20264e-26 2.41706e-39 2.82055e-26 7.58265e-39 3.55632e-26 2.20349e-38 4.42403e-26 5.70526e-38 5.43952e-26 1.4136e-37 6.6167e-26 3.28985e-37 7.97306e-26 7.21623e-37 9.52659e-26 1.52678e-36 1.12956e-25
4.75588 5.99748e-16 5.99741e-16 6.67454e-21 1.11289e-05 2.41307e-05 0 6.0072e-29 0 2.38979e-28 0 1.09005e-27 0 2.83674e-27 0 5.78499e-27 2.10195e-44 1.02676e-26 4.86251e-43 1.66461e-26 6.22597e-42 2.53129e-26 5.27645e-41 3.66907e-26 3.45578e-40 5.12367e-26 1.79728e-39 6.94395e-26 7.59128e-39 9.18245e-26 2.77903e-38 1.18949e-25 9.12213e-38 1.51412e-25 2.70636e-37 1.89843e-25 7.46546e-37 2.34919e-25 1.84522e-36 2.87398e-25 4.3738e-36 3.47939e-25 9.76785e-36 4.17371e-25 2.06195e-35 4.96543e-25 4.20585e-35 5.86317e-25
5 5.63064e-16 5.63058e-16 5.46975e-21 9.71427e-06 2.1787e-05 0 3.73922e-28 0 1.4176e-27 0 6.19868e-27 0 1.57502e-26 3.36312e-44 3.15695e-26 1.43073e-42 5.52656e-26 2.78438e-41 8.85683e-26 3.14383e-40 1.33338e-25 2.40047e-39 1.91563e-25 1.43433e-38 2.65376e-25 6.88269e-38 3.57044e-25 2.70961e-37 4.68986e-25 9.31042e-37 6.03756e-25 2.88383e-36 7.64077e-25 8.11335e-36 9.5281e-25 2.12988e-35 1.173e-24 5.03686e-35 1.42807e-24 1.14464e-34 1.72093e-24 2.45795e-34 2.05528e-24 5.00276e-34 2.4349e-24 9.85532e-34 2.86358e-24
5.25665 6.01701e-16 6.01697e-16 4.48243e-21 7.4496e-06 1.9681e-05 0 2.4651e-27 0 8.89143e-27 0 3.72032e-26 2.10195e-44 9.2246e-26 2.46348e-42 1.8171e-25 8.70248e-41 3.13771e-25 1.46495e-39 4.9713e-25 1.46945e-38 7.4107e-25 1.01599e-37 1.05543e-24 5.56339e-37 1.4507e-24 2.47282e-36 1.93793e-24 9.10509e-36 2.52889e-24 2.9456e-35 3.2359e-24 8.63378e-35 4.07202e-24 2.3094e-34 5.05094e-24 5.78347e-34 6.18713e-24 1.31142e-33 7.49685e-24 2.86317e-33 8.99369e-24 5.92305e-33 1.06951e-23 1.16443e-32 1.26188e-23 2.2192e-32 1.47823e-23
5.52648 5.4529e-16 5.45287e-16 3.67294e-21 6.73575e-06 1.77997e-05 0 1.284e-26 0 4.40568e-26 1.4013e-45 1.7617e-25 1.32983e-42 4.26042e-25 1.22636e-40 8.24636e-25 3.63998e-39 1.40455e-24 5.33837e-38 2.20019e-24 4.78469e-37 3.24794e-24 3.01016e-36 4.58609e-24 1.51699e-35 6.25523e-24 6.26912e-35 8.29786e-24 2.166e-34 1.07589e-23 6.61689e-34 1.36851e-23 1.84026e-33 1.71261e-23 4.69153e-33 2.11332e-23 1.12341e-32 2.57607e-23 2.44756e-32 3.10694e-23 5.14377e-32 3.71095e-23 1.02699e-31 4.39458e-23 1.95344e-31 5.16433e-23 3.60753e-31 6.02668e-23
5.81015 5.90869e-16 5.90866e-16 3.00947e-21 5.0933e-06 1.60828e-05 0 7.45407e-26 0 2.43644e-25 1.23314e-43 9.30649e-25 8.01669e-41 2.19429e-24 5.92959e-39 4.17273e-24 1.49146e-37 7.01018e-24 1.91857e-36 1.08576e-23 1.54497e-35 1.58736e-23 8.88501e-35 2.22238e-23 4.1377e-34 3.00828e-23 1.59549e-33 3.96324e-23 5.1887e-33 5.10634e-23 1.50098e-32 6.4574e-23 3.97109e-32 8.03725e-23 9.67167e-32 9.86745e-23 2.21927e-31 1.19707e-22 4.65471e-31 1.43723e-22 9.43394e-31 1.70928e-22 1.82103e-30 2.0159e-22 3.35674e-30 2.35978e-22 6.01616e-30 2.74355e-22
6.10839 1.07856e-15 1.07856e-15 2.46656e-21 2.2869e-06 1.44735e-05 0 6.79642e-25 0 2.12178e-24 1.39611e-41 7.74523e-24 6.6114e-39 1.78027e-23 3.96345e-37 3.32584e-23 8.51682e-36 5.51121e-23 9.67118e-35 8.44029e-23 7.03381e-34 1.22215e-22 3.71394e-33 1.69674e-22 1.60441e-32 2.2796e-22 5.79209e-32 2.98292e-22 1.77825e-31 3.81949e-22 4.8841e-31 4.80245e-22 1.23223e-30 5.94563e-22 2.87348e-30 7.26323e-22 6.33148e-30 8.77013e-22 1.2808e-29 1.0483e-21 2.50786e-29 1.2415e-21 4.68793e-29 1.45837e-21 8.38715e-29 1.70064e-21 1.46098e-28 1.97002e-21
6.42193 7.79066e-16 7.79064e-16 2.01573e-21 2.58737e-06 1.31526e-05 0 2.28676e-24 8.40779e-45 6.84238e-24 5.04791e-40 2.39011e-23 1.76957e-37 5.3568e-23 8.68656e-36 9.83214e-23 1.60697e-34 1.60718e-22 1.62066e-33 2.43397e-22 1.06987e-32 3.491e-22 5.20825e-32 4.80653e-22 2.09482e-31 6.41002e-22 7.10306e-31 8.33182e-22 2.06451e-30 1.06035e-21 5.39742e-30 1.32575e-21 1.30158e-29 1.63277e-21 2.91228e-29 1.98487e-21 6.17418e-29 2.38568e-21 1.20675e-28 2.83925e-21 2.2866e-28 3.34873e-21 4.14576e-28 3.91834e-21 7.20946e-28 4.55225e-21 1.22226e-27 5.25453e-21
6.75157 6.67352e-16 6.67351e-16 1.6533e-21 2.47741e-06 1.1744e-05 0 8.51357e-24 5.33895e-43 2.45109e-23 1.76634e-38 8.20985e-23 4.65141e-36 1.79513e-22 1.88801e-34 3.23797e-22 3.02899e-33 5.22193e-22 2.72883e-32 7.82142e-22 1.64285e-31 1.11133e-21 7.40286e-31 1.51763e-21 2.78191e-30 2.00923e-21 8.8869e-30 2.59451e-21 2.45188e-29 3.28217e-21 6.11631e-29 4.08106e-21 1.41289e-28 5.00043e-21 3.03945e-28 6.04968e-21 6.21166e-28 7.23864e-21 1.17499e-27 8.57827e-21 2.15802e-27 1.00769e-20 3.80061e-27 1.1746e-20 6.43309e-27 1.35966e-20 1.06289e-26 1.56395e-20
7.09813 7.07704e-16 7.07703e-16 1.35434e-21 1.91371e-06 1.05161e-05 0 3.66434e-23 3.16441e-41 1.01918e-22 6.3064e-37 3.28171e-22 1.26507e-34 7.00653e-22 4.28552e-33 1.24251e-21 6.00412e-32 1.97751e-21 4.85867e-31 2.92997e-21 2.67962e-30 4.12492e-21 1.1219e-29 5.58788e-21 3.95209e-29 7.34527e-21 1.19291e-28 9.42398e-21 3.1321e-28 1.18518e-20 7.47212e-28 1.4657e-20 1.65695e-27 1.78689e-20 3.43363e-27 2.15173e-20 6.77658e-27 2.5633e-20 1.24257e-26 3.02506e-20 2.2154e-26 3.53961e-20 3.79532e-26 4.11049e-20 6.26117e-26 4.74117e-20 1.00943e-25 5.43498e-20
7.46248 1.29699e-15 1.29699e-15 1.10925e-21 8.55247e-07 9.38375e-06 7.00649e-44 2.54853e-22 2.63414e-39 6.87436e-22 3.23747e-35 2.13406e-21 5.01336e-33 4.45375e-21 1.42996e-31 7.76949e-21 1.76115e-30 1.22077e-20 1.28685e-29 1.78973e-20 6.52948e-29 2.49708e-20 2.54916e-28 3.35624e-20 8.44439e-28 4.38107e-20 2.41504e-27 5.58562e-20 6.04901e-27 6.98436e-20 1.38311e-26 8.59193e-20 2.95009e-26 1.04235e-19 5.89968e-26 1.24943e-19 1.12634e-25 1.48203e-19 2.00506e-25 1.74193e-19 3.47533e-25 2.03041e-19 5.79932e-25 2.3493e-19 9.33618e-25 2.70035e-19 1.47049e-24 3.08525e-19
7.84553 1.5101e-15 1.5101e-15 9.08521e-22 6.01628e-07 8.29388e-06 5.12875e-42 1.05457e-21 1.14221e-37 2.76868e-21 8.86431e-34 8.31127e-21 1.07312e-31 1.69768e-20 2.59892e-30 2.91541e-20 2.83155e-29 4.52442e-20 1.87752e-28 6.56564e-20 8.80031e-28 9.08088e-20 3.21467e-27 1.21125e-19 1.00441e-26 1.5704e-19 2.72888e-26 1.98994e-19 6.53546e-26 2.47439e-19 1.4352e-25 3.02827e-19 2.95005e-25 3.65631e-19 5.70331e-25 4.36321e-19 1.05501e-24 5.15386e-19 1.82593e-24 6.03375e-19 3.08099e-24 7.00677e-19 5.01435e-24 8.0785e-19 7.88697e-24 9.25428e-19 1.21499e-23 1.05392e-18
8.24824 7.02518e-16 7.02517e-16 7.44031e-22 1.05909e-06 7.27932e-06 1.1994e-40 1.63589e-21 1.63842e-36 4.19386e-21 8.2111e-33 1.22102e-20 7.86507e-31 2.44443e-20 1.63031e-29 4.13566e-20 1.58073e-28 6.34257e-20 9.55669e-28 9.114e-20 4.15397e-27 1.24998e-19 1.4244e-26 1.65503e-19 4.20968e-26 2.13171e-19 1.08926e-25 2.68521e-19 2.49979e-25 3.32085e-19 5.28273e-25 4.04397e-19 1.04833e-24 4.86006e-19 1.96253e-24 5.77463e-19 3.52293e-24 6.79337e-19 5.9361e-24 7.92268e-19 9.7637e-24 9.16697e-19 1.55171e-23 1.05327e-18 2.38728e-23 1.20261e-18 3.60083e-23 1.36529e-18
8.67162 6.8471e-16 6.8471e-16 6.09324e-22 8.89901e-07 6.40042e-06 4.79449e-39 4.99841e-21 4.11427e-35 1.2549e-20 1.36026e-31 3.5536e-20 1.04277e-29 6.98243e-20 1.86413e-28 1.16486e-19 1.61769e-27 1.76647e-19 8.95757e-27 2.51461e-19 3.62401e-26 3.42103e-19 1.17011e-25 4.49758e-19 3.27995e-25 5.75639e-19 8.10196e-25 7.20963e-19 1.78545e-24 8.86971e-19 3.6378e-24 1.07491e-18 6.98145e-24 1.28605e-18 1.26756e-23 1.52166e-18 2.21132e-23 1.78308e-18 3.63232e-23 2.07177e-18 5.83104e-23 2.38873e-18 9.05982e-23 2.73545e-18 1.36483e-22 3.11334e-18 2.01772e-22 3.52373e-18
9.11674 3.17369e-16 3.17368e-16 4.98983e-22 1.57225e-06 5.61541e-06 7.51052e-38 6.84332e-21 4.14161e-34 1.68676e-20 9.21871e-31 4.65831e-20 5.71774e-29 8.9963e-20 8.87911e-28 1.4812e-19 6.93381e-27 2.22245e-19 3.53164e-26 3.13559e-19 1.33456e-25 4.23312e-19 4.06934e-25 5.52758e-19 1.0847e-24 7.03184e-19 2.56364e-24 8.75872e-19 5.43578e-24 1.07213e-18 1.0697e-23 1.29327e-18 1.98859e-23 1.54063e-18 3.50689e-23 1.81553e-18 5.95394e-23 2.11935e-18 9.54584e-23 2.45366e-18 1.49741e-22 2.81943e-18 2.27703e-22 3.21824e-18 3.36231e-22 3.65154e-18 4.87678e-22 4.12069e-18
9.5847 2.46557e-16 2.46557e-16 4.08605e-22 1.65724e-06 4.90651e-06 1.64038e-36 1.48298e-20 5.93975e-33 3.59654e-20 9.07467e-30 9.71051e-20 4.60113e-28 1.84574e-19 6.24962e-27 3.00189e-19 4.41444e-26 4.45936e-19 2.07664e-25 6.2387e-19 7.35418e-25 8.36098e-19 2.12363e-24 1.08474e-18 5.39605e-24 1.37195e-18 1.22289e-23 1.69989e-18 2.4995e-23 2.07076e-18 4.75881e-23 2.48674e-18 8.58294e-23 2.95008e-18 1.47226e-22 3.46297e-18 2.4358e-22 4.02772e-18 3.8163e-22 4.64692e-18 5.85628e-22 5.32216e-18 8.72496e-22 6.05604e-18 1.26406e-21 6.85097e-18 1.80044e-21 7.70916e-18
10.0767 2.15972e-16 2.15972e-16 3.34609e-22 1.54931e-06 4.24558e-06 3.39074e-35 3.42977e-20 8.22928e-32 8.1998e-20 8.78953e-29 2.16928e-19 3.6792e-27 4.06353e-19 4.39972e-26 6.53401e-19 2.82484e-25 9.616e-19 1.2321e-24 1.33464e-18 4.1021e-24 1.77632e-18 1.12478e-23 2.29046e-18 2.73079e-23 2.88096e-18 5.94636e-23 3.5517e-18 1.17371e-22 4.30666e-18 2.16547e-22 5.14972e-18 3.79476e-22 6.08492e-18 6.34001e-22 7.11621e-18 1.02346e-21 8.24765e-18 1.56874e-21 9.48395e-18 2.3575e-21 1.08278e-17 3.44461e-21 1.22839e-17 4.90098e-21 1.38564e-17 6.86109e-21 1.55493e-17
10.5939 2.03439e-16 2.03438e-16 2.73916e-22 1.34643e-06 3.61341e-06 6.38062e-34 8.09271e-20 1.05842e-30 1.91044e-19 8.04254e-28 4.96219e-19 2.80543e-26 9.17181e-19 2.97204e-25 1.45931e-18 1.74259e-24 2.12897e-18 7.07321e-24 2.93291e-18 2.22062e-23 3.87812e-18 5.79622e-23 4.97163e-18 1.3476e-22 6.22066e-18 2.82502e-22 7.63236e-18 5.39402e-22 9.21404e-18 9.65867e-22 1.09729e-17 1.64685e-21 1.29162e-17 2.68335e-21 1.50513e-17 4.2316e-21 1.73857e-17 6.35226e-21 1.99279e-17 9.35816e-21 2.26827e-17 1.34227e-20 2.56586e-17 1.87718e-20 2.88633e-17 2.58512e-20 3.2304e-17
11.1377 3.11976e-16 3.11976e-16 2.23981e-22 7.17942e-07 3.02573e-06 1.66832e-32 2.95606e-19 1.92695e-29 6.90033e-19 1.05915e-26 1.76288e-18 3.10632e-25 3.21877e-18 2.93261e-24 5.07163e-18 1.57722e-23 7.33901e-18 5.97872e-23 1.00399e-17 1.77503e-22 1.31943e-17 4.42114e-22 1.68221e-17 9.86414e-22 2.09441e-17 1.99446e-21 2.55807e-17 3.6898e-21 3.07527e-17 6.42177e-21 3.64807e-17 1.06679e-20 4.27856e-17 1.69726e-20 4.9688e-17 2.61768e-20 5.72091e-17 3.85237e-20 6.53736e-17 5.56896e-20 7.41943e-17 7.84827e-20 8.36956e-17 1.07976e-19 9.38992e-17 1.46393e-19 1.04825e-16
11.7094 2.22326e-16 2.22326e-16 1.85195e-22 8.32991e-07 2.50574e-06 1.74354e-31 4.78226e-19 1.42724e-28 1.1052e-18 5.76502e-26 2.78169e-18 1.43368e-24 5.02242e-18 1.21298e-23 7.84256e-18 6.00924e-23 1.12632e-17 2.13442e-22 1.5308e-17 6.00903e-22 2.00018e-17 1.43147e-21 2.53699e-17 3.07108e-21 3.14385e-17 5.99969e-21 3.82334e-17 1.07711e-20 4.5781e-17 1.82458e-20 5.41072e-17 2.95681e-20 6.32386e-17 4.59884e-20 7.3201e-17 6.94433e-20 8.40212e-17 1.00288e-19 9.57308e-17 1.4239e-19 1.08345e-16 1.97335e-19 1.21894e-16 2.67297e-19 1.36405e-16 3.57052e-19 1.51903e-16
12.3105 2.14073e-16 2.14073e-16 1.50795e-22 7.0441e-07 1.95868e-06 2.13324e-30 9.98466e-19 1.25857e-27 2.28695e-18 3.79254e-25 5.67884e-18 8.06194e-24 1.01488e-17 6.1456e-23 1.57163e-17 2.81577e-22 2.24132e-17 9.40119e-22 3.02767e-17 2.51628e-21 3.93468e-17 5.74555e-21 4.96644e-17 1.18756e-20 6.12722e-17 2.24539e-20 7.42121e-17 3.91757e-20 8.85273e-17 6.4676e-20 1.0426e-16 1.02369e-19 1.21453e-16 1.55821e-19 1.40148e-16 2.30606e-19 1.6039e-16 3.2711e-19 1.8223e-16 4.56556e-19 2.0569e-16 6.22729e-19 2.30821e-16 8.31102e-19 2.57668e-16 1.09459e-18 2.86269e-16
12.9424 1.88747e-16 1.88747e-16 1.23419e-22 6.53884e-07 1.4283e-06 2.08537e-29 1.8272e-18 9.01024e-27 4.15171e-18 2.05472e-24 1.0184e-17 3.76225e-23 1.80304e-17 2.59719e-22 2.77081e-17 1.10474e-21 3.92578e-17 3.47763e-21 5.27297e-17 8.87124e-21 6.81795e-17 1.94558e-20 8.56645e-17 3.8813e-20 1.05245e-16 7.11391e-20 1.26981e-16 1.2079e-19 1.50933e-16 1.94593e-19 1.77161e-16 3.01172e-19 2.05728e-16 4.49123e-19 2.36691e-16 6.52073e-19 2.70113e-16 9.09301e-19 3.0607e-16 1.24864e-18 3.44588e-16 1.6775e-18 3.85742e-16 2.20748e-18 4.29594e-16 2.8685e-18 4.76197e-16
13.6067 1.6258e-16 1.6258e-16 1.01077e-22 6.21704e-07 9.83835e-07 1.74935e-28 3.1334e-18 5.62019e-26 7.06851e-18 9.83196e-24 1.71476e-17 1.56201e-22 3.00993e-17 9.81238e-22 4.59284e-17 3.88897e-21 6.46795e-17 1.15755e-20 8.64141e-17 2.82088e-20 1.11203e-16 5.95385e-20 1.39121e-16 1.14837e-19 1.70247e-16 2.04346e-19 2.04659e-16 3.38114e-19 2.42438e-16 5.32167e-19 2.83663e-16 8.06257e-19 3.28415e-16 1.1791e-18 3.76772e-16 1.68103e-18 4.28817e-16 2.30641e-18 4.84651e-16 3.11848e-18 5.44305e-16 4.12958e-18 6.07877e-16 5.3619e-18 6.7545e-16 6.87897e-18 7.47094e-16
14.3051 1.42774e-16 1.42774e-16 8.27816e-23 5.79808e-07 5.98816e-07 1.32249e-27 5.26522e-18 3.20532e-25 1.18007e-17 4.35766e-23 2.834e-17 6.04865e-22 4.93546e-17 3.47362e-21 7.48183e-17 1.28719e-20 1.04772e-16 3.63263e-20 1.39285e-16 8.47574e-20 1.78443e-16 1.72485e-19 2.22337e-16 3.22186e-19 2.71069e-16 5.57405e-19 3.24735e-16 8.99892e-19 3.83441e-16 1.38534e-18 4.47284e-16 2.05672e-18 5.16371e-16 2.95251e-18 5.908e-16 4.13711e-18 6.70677e-16 5.58921e-18 7.56135e-16 7.44664e-18 8.47205e-16 9.72677e-18 9.44016e-16 1.24694e-17 1.04668e-15 1.5804e-17 1.15527e-15
15.0394 1.26625e-16 1.26625e-16 6.77995e-23 5.35434e-07 2.52575e-07 8.97933e-27 8.60438e-18 1.66457e-24 1.91715e-17 1.78043e-22 4.56202e-17 2.17347e-21 7.88742e-17 1.14608e-20 1.18845e-16 3.98382e-20 1.65553e-16 1.06876e-19 2.19067e-16 2.3926e-19 2.7948e-16 4.70304e-19 3.469e-16 8.52089e-19 4.21444e-16 1.43524e-18 5.0323e-16 2.26354e-18 5.92384e-16 3.41199e-18 6.89025e-16 4.96874e-18 7.93283e-16 7.00805e-18 9.05276e-16 9.65938e-18 1.02514e-15 1.28595e-17 1.15303e-15 1.68947e-17 1.28898e-15 2.17818e-17 1.43315e-15 2.75869e-17 1.58567e-15 3.45621e-17 1.74665e-15
15.8114 1.22935e-16 1.22935e-16 5.55431e-23 4.51807e-07 -7.1958e-08 5.96919e-26 1.48499e-17 8.57509e-24 3.29113e-17 7.30106e-22 7.76596e-17 7.88788e-21 1.33374e-16 3.83501e-20 1.99835e-16 1.2544e-19 2.77014e-16 3.20693e-19 3.64962e-16 6.90229e-19 4.63778e-16 1.31272e-18 5.73581e-16 2.31034e-18 6.94513e-16 3.79368e-18 8.26714e-16 5.85145e-18 9.7034e-16 8.64532e-18 1.12554e-15 1.23609e-17 1.29247e-15 1.71439e-17 1.47128e-15 2.32625e-17 1.66213e-15 3.05397e-17 1.86525e-15 3.95916e-17 2.08064e-15 5.0415e-17 2.30851e-15 6.31189e-17 2.54904e-15 7.82125e-17 2.80233e-15
16.623 1.34359e-16 1.34359e-16 4.55041e-23 3.38677e-07 -3.98645e-07 4.01715e-25 2.7883e-17 4.52806e-23 6.1497e-17 3.10328e-21 1.43999e-16 2.98492e-20 2.45783e-16 1.3434e-19 3.66337e-16 4.14712e-19 5.055e-16 1.01274e-18 6.63267e-16 2.09965e-18 8.39724e-16 3.86986e-18 1.03499e-15 6.62542e-18 1.24924e-15 1.0619e-17 1.48264e-15 1.6036e-17 1.73538e-15 2.32454e-17 2.00764e-15 3.26606e-17 2.29964e-15 4.45808e-17 2.61157e-15 5.95971e-17 2.94362e-15 7.72077e-17 3.29613e-15 9.88315e-17 3.66904e-15 1.24373e-16 4.06264e-15 1.54015e-16 4.47717e-15 1.88857e-16 4.91277e-15
17.4762 1.26486e-16 1.26486e-16 3.72885e-23 2.94804e-07 -7.12862e-07 2.10503e-24 4.36576e-17 1.88394e-22 9.58626e-17 1.05036e-20 2.22883e-16 9.04589e-20 3.78254e-16 3.78294e-19 5.61038e-16 1.10527e-18 7.70847e-16 2.58397e-18 1.00754e-15 5.16984e-18 1.27111e-15 9.24825e-18 1.56162e-15 1.54233e-17 1.87921e-15 2.4157e-17 2.22401e-15 3.57534e-17 2.5962e-15 5.08962e-17 2.99595e-15 7.03335e-17 3.42346e-15 9.45558e-17 3.87892e-15 1.24626e-16 4.36254e-15 1.59425e-16 4.87467e-15 2.0163e-16 5.41516e-15 2.50907e-16 5.98435e-15 3.07478e-16 6.58249e-15 3.73302e-16 7.2097e-15
18.3733 1.04267e-16 1.04267e-16 3.05577e-23 2.93071e-07 -1.01031e-06 8.77455e-24 5.80396e-17 6.30575e-22 1.26926e-16 2.88901e-20 2.93183e-16 2.23978e-19 4.94919e-16 8.73464e-19 7.30733e-16 2.42186e-18 9.99954e-16 5.43203e-18 1.30224e-15 1.05062e-17 1.63743e-15 1.82682e-17 2.00547e-15 2.97145e-17 2.40638e-15 4.55324e-17 2.84022e-15 6.61121e-17 3.30708e-15 9.25042e-17 3.80704e-15 1.25829e-16 4.34025e-15 1.66736e-16 4.90682e-15 2.16819e-16 5.5069e-15 2.74045e-16 6.14081e-15 3.42642e-16 6.80829e-15 4.21854e-16 7.50966e-15 5.11862e-16 8.24508e-15 6.15581e-16 9.01464e-15
19.3164 9.664e-17 9.664e-17 2.5046e-23 2.59168e-07 -1.31376e-06 3.75335e-23 8.42502e-17 2.18922e-21 1.83558e-16 8.32154e-20 4.21437e-16 5.83758e-19 7.07896e-16 2.13018e-18 1.04071e-15 5.61948e-18 1.41872e-15 1.21166e-17 1.84122e-15 2.26922e-17 2.3078e-15 3.84058e-17 2.8182e-15 6.10034e-17 3.37228e-15 9.15497e-17 3.96993e-15 1.3053e-16 4.61113e-15 1.79667e-16 5.29584e-15 2.40747e-16 6.02411e-15 3.14662e-16 6.79593e-15 4.03962e-16 7.61138e-15 5.04776e-16 8.47075e-15 6.24282e-16 9.37357e-15 7.6084e-16 1.03201e-14 9.14498e-16 1.13105e-14 1.08994e-15 1.23448e-14
20.3079 9.04638e-17 9.04638e-17 2.05301e-23 2.26943e-07 -1.65748e-06 1.48657e-22 1.20126e-16 7.10949e-21 2.6082e-16 2.26264e-19 5.95461e-16 1.44324e-18 9.95558e-16 4.94394e-18 1.4577e-15 1.2439e-17 1.97999e-15 2.58331e-17 2.5612e-15 4.69212e-17 3.20052e-15 7.73985e-17 3.89733e-15 1.20193e-16 4.65123e-15 1.76837e-16 5.46186e-15 2.47802e-16 6.32898e-15 3.35805e-16 7.25235e-15 4.43584e-16 8.23183e-15 5.72244e-16 9.26725e-15 7.2574e-16 1.03585e-14 8.97047e-16 1.15059e-14 1.09797e-15 1.27085e-14 1.32528e-15 1.39667e-14 1.57869e-15 1.52803e-14 1.86551e-15 1.66493e-14
21.3503 8.57315e-17 8.57315e-17 1.68311e-23 1.96324e-07 -1.9093e-06 5.48792e-22 1.68874e-16 2.17297e-20 3.65492e-16 5.84062e-19 8.30046e-16 3.40323e-18 1.38168e-15 1.09779e-17 2.01533e-15 2.64038e-17 2.728e-15 5.2913e-17 3.51769e-15 9.33468e-17 4.38299e-15 1.50262e-16 5.32275e-15 2.28383e-16 6.33615e-15 3.29739e-16 7.42245e-15 4.54514e-16 8.58106e-15 6.06858e-16 9.81141e-15 7.90812e-16 1.11131e-14 1.00758e-15 1.24857e-14 1.2631e-15 1.39288e-14 1.54518e-15 1.54425e-14 1.87271e-15 1.70256e-14 2.23974e-15 1.86783e-14 2.64531e-15 2.04002e-14 3.10054e-15 2.21911e-14
22.4463 8.15746e-17 8.15746e-17 1.37999e-23 1.69169e-07 -2.11012e-06 1.88035e-21 2.32445e-16 6.2213e-20 5.01577e-16 1.42396e-18 1.13348e-15 7.61305e-18 1.87895e-15 2.31928e-17 2.73065e-15 5.3443e-17 3.68411e-15 1.03525e-16 4.73624e-15 1.77643e-16 5.88473e-15 2.79385e-16 7.12773e-15 4.16044e-16 8.46378e-15 5.9001e-16 9.89156e-15 8.00629e-16 1.141e-14 1.054e-15 1.30181e-14 1.35586e-15 1.4715e-14 1.70719e-15 1.64998e-14 2.11666e-15 1.83718e-14 2.56399e-15 2.03309e-14 3.07844e-15 2.23753e-14 3.64976e-15 2.45049e-14 4.27577e-15 2.67192e-14 4.97287e-15 2.90174e-14
23.5984 7.78342e-17 7.78342e-17 1.13176e-23 1.45406e-07 -2.29383e-06 5.99512e-21 3.13256e-16 1.67203e-19 6.74061e-16 3.28457e-18 1.51616e-15 1.61805e-17 2.5034e-15 4.66838e-17 3.62544e-15 1.03277e-16 4.87586e-15 1.93704e-16 6.25006e-15 3.23736e-16 7.74456e-15 4.98019e-16 9.35649e-15 7.27341e-16 1.10835e-14 1.01403e-15 1.29236e-14 1.35566e-15 1.48749e-14 1.76088e-15 1.69359e-14 2.2375e-15 1.91049e-14 2.78577e-15 2.13808e-14 3.41786e-15 2.37622e-14 4.10162e-15 2.62485e-14 4.88082e-15 2.88375e-14 5.73873e-15 3.15286e-14 6.67128e-15 3.43209e-14 7.70192e-15 3.72132e-14
24.8097 7.44343e-17 7.44343e-17 9.28378e-24 1.24724e-07 -2.54472e-06 1.78425e-20 4.13613e-16 4.22989e-19 8.87662e-16 7.18493e-18 1.98777e-15 3.27435e-17 3.26969e-15 8.9708e-17 4.71927e-15 1.90912e-16 6.32752e-15 3.47243e-16 8.08792e-15 5.65971e-16 9.99541e-15 8.52542e-16 1.20458e-14 1.2223e-15 1.42357e-14 1.67665e-15 1.65618e-14 2.20997e-15 1.90217e-14 2.83414e-15 2.16127e-14 3.55938e-15 2.43326e-14 4.38439e-15 2.71794e-14 5.32578e-15 3.01512e-14 6.33457e-15 3.32468e-14 7.47423e-15 3.64631e-14 8.71879e-15 3.97991e-14 1.00614e-14 4.32534e-14 1.15346e-14 4.68245e-14
26.0832 7.13134e-17 7.13134e-17 7.61529e-24 1.06786e-07 -2.71186e-06 4.97196e-20 5.35423e-16 1.00989e-18 1.14621e-15 1.49386e-17 2.55586e-15 6.32197e-17 4.18885e-15 1.64888e-16 6.02625e-15 3.38201e-16 8.05587e-15 5.97435e-16 1.02687e-14 9.50809e-16 1.26578e-14 1.40387e-15 1.52172e-14 1.97765e-15 1.7942e-14 2.67125e-15 2.08278e-14 3.47377e-15 2.38708e-14 4.4011e-15 2.70675e-14 5.46617e-15 3.04147e-14 6.66497e-15 3.39093e-14 8.01951e-15 3.75487e-14 9.4581e-15 4.1331e-14 1.10699e-14 4.52522e-14 1.28165e-14 4.93108e-14 1.4687e-14 5.35046e-14 1.67255e-14 5.78314e-14
27.4221 6.84298e-17 6.84298e-17 6.249e-24 9.13199e-08 -2.84311e-06 1.30116e-19 6.80057e-16 2.28155e-18 1.45235e-15 2.95896e-17 3.22533e-15 1.16705e-16 5.2674e-15 2.90468e-16 7.5539e-15 5.75246e-16 1.00687e-14 9.88335e-16 1.27997e-14 1.53764e-15 1.57376e-14 2.22754e-15 1.88744e-14 3.0859e-15 2.22034e-14 4.10745e-15 2.57187e-14 5.27337e-15 2.9415e-14 6.60437e-15 3.32874e-14 8.1163e-15 3.73318e-14 9.80096e-15 4.15439e-14 1.16868e-14 4.59201e-14 1.36727e-14 5.04578e-14 1.58803e-14 5.51518e-14 1.82547e-14 5.99999e-14 2.07802e-14 6.49993e-14 2.35148e-14 7.01469e-14
28.8297 6.5741e-17 6.5741e-17 5.12828e-24 7.80073e-08 -2.89641e-06 3.20679e-19 8.48027e-16 4.88919e-18 1.80692e-15 5.59512e-17 3.99689e-15 2.06379e-16 6.50505e-15 4.9129e-16 9.29984e-15 9.41031e-16 1.23605e-14 1.57463e-15 1.56713e-14 2.39749e-15 1.92201e-14 3.4109e-15 2.29964e-14 4.65066e-15 2.69915e-14 6.10437e-15 3.11976e-14 7.74211e-15 3.56078e-14 9.59025e-15 4.02158e-14 1.16677e-14 4.50158e-14 1.39604e-14 5.00027e-14 1.65041e-14 5.51716e-14 1.91612e-14 6.05188e-14 2.20929e-14 6.60382e-14 2.52242e-14 7.17266e-14 2.85328e-14 7.75804e-14 3.20933e-14 8.35957e-14
30.3095 6.32154e-17 6.32154e-17 4.20928e-24 6.65863e-08 -2.91759e-06 7.46315e-19 1.03891e-15 9.96142e-18 2.20871e-15 1.01207e-16 4.86686e-15 3.50259e-16 7.89424e-15 7.99231e-16 1.12514e-14 1.48305e-15 1.49121e-14 2.42e-15 1.88567e-14 3.60977e-15 2.30695e-14 5.04797e-15 2.75373e-14 6.77935e-15 3.22491e-14 8.78107e-15 3.71948e-14 1.10085e-14 4.23658e-14 1.34945e-14 4.77541e-14 1.62613e-14 5.33526e-14 1.9287e-14 5.91545e-14 2.26157e-14 6.51539e-14 2.60661e-14 7.1346e-14 2.98461e-14 7.77234e-14 3.38564e-14 8.4282e-14 3.80676e-14 9.10175e-14 4.25728e-14 9.79249e-14
31.8653 6.08243e-17 6.08243e-17 3.45583e-24 5.68165e-08 -2.87097e-06 1.64435e-18 1.25113e-15 1.93395e-17 2.65413e-15 1.75459e-16 5.82626e-15 5.71517e-16 9.41901e-15 1.25262e-15 1.3384e-14 2.25525e-15 1.7689e-14 3.59311e-15 2.23096e-14 5.25601e-15 2.72265e-14 7.23075e-15 3.24235e-14 9.57198e-15 3.78867e-14 1.22426e-14 4.3604e-14 1.51796e-14 4.95648e-14 1.84236e-14 5.57591e-14 2.19998e-14 6.21783e-14 2.58767e-14 6.88142e-14 3.01078e-14 7.56596e-14 3.44615e-14 8.27086e-14 3.91991e-14 8.99525e-14 4.41932e-14 9.73863e-14 4.94066e-14 1.05005e-13 5.49529e-14 1.12802e-13
33.5009 5.85431e-17 5.85431e-17 2.83774e-24 4.84726e-08 -2.81665e-06 3.43822e-18 1.48192e-15 3.58528e-17 3.13704e-15 2.92073e-16 6.86069e-15 8.98061e-16 1.10547e-14 1.89434e-15 1.56611e-14 3.31409e-15 2.06408e-14 5.16137e-15 2.59645e-14 7.41115e-15 3.1609e-14 1.00381e-14 3.75545e-14 1.31075e-14 4.37848e-14 1.65644e-14 5.0285e-14 2.03237e-14 5.70426e-14 2.4435e-14 6.40457e-14 2.89264e-14 7.12842e-14 3.37554e-14 7.87483e-14 3.89855e-14 8.64295e-14 4.43297e-14 9.43208e-14 5.01078e-14 1.02412e-13 5.61621e-14 1.10698e-13 6.24466e-14 1.19172e-13 6.9097e-14 1.27828e-13
35.2205 5.635e-17 5.635e-17 2.33071e-24 4.13612e-08 -2.65866e-06 6.83811e-18 1.72729e-15 6.35935e-17 3.64878e-15 4.67632e-16 7.9503e-15 1.36114e-15 1.27683e-14 2.76839e-15 1.80343e-14 4.71276e-15 2.37023e-14 7.18262e-15 2.97378e-14 1.01329e-14 3.61133e-14 1.35227e-14 4.28058e-14 1.74292e-14 4.97961e-14 2.17757e-14 5.70671e-14 2.64522e-14 6.46039e-14 3.15184e-14 7.23932e-14 3.70058e-14 8.04231e-14 4.28594e-14 8.86825e-14 4.91533e-14 9.71616e-14 5.5542e-14 1.05852e-13 6.24072e-14 1.14744e-13 6.95593e-14 1.23829e-13 7.69436e-14 1.33101e-13 8.47184e-14 1.42553e-13
37.0284 5.42273e-17 5.42273e-17 1.91453e-24 3.53057e-08 -2.4998e-06 1.29643e-17 1.98214e-15 1.08128e-16 4.17836e-15 7.21317e-16 9.07053e-15 1.99283e-15 1.45194e-14 3.91509e-15 2.04457e-14 6.49397e-15 2.67963e-14 9.69578e-15 3.35314e-14 1.34504e-14 4.06194e-14 1.7699e-14 4.8034e-14 2.25312e-14 5.57531e-14 2.78456e-14 6.37575e-14 3.35061e-14 7.20303e-14 3.95833e-14 8.05565e-14 4.61121e-14 8.93227e-14 5.30248e-14 9.83167e-14 6.04061e-14 1.07527e-13 6.78516e-14 1.16946e-13 7.58061e-14 1.26561e-13 8.40476e-14 1.36364e-13 9.25134e-14 1.46348e-13 1.01384e-13 1.56505e-13
38.9291 5.21623e-17 5.21623e-17 1.57303e-24 3.01563e-08 -2.28406e-06 2.34796e-17 2.24051e-15 1.76566e-16 4.71312e-15 1.07363e-15 1.01934e-14 2.8226e-15 1.62625e-14 5.36541e-15 2.28307e-14 8.68244e-15 2.98377e-14 1.27121e-14 3.72385e-14 1.73553e-14 4.49976e-14 2.25333e-14 5.30857e-14 2.83493e-14 6.14781e-14 3.46758e-14 7.01536e-14 4.13496e-14 7.90936e-14 4.84537e-14 8.82816e-14 5.60267e-14 9.7703e-14 6.3988e-14 1.07345e-13 7.24335e-14 1.17195e-13 8.09013e-14 1.27243e-13 8.98982e-14 1.37477e-13 9.91713e-14 1.4789e-13 1.08651e-13 1.58473e-13 1.18538e-13 1.69217e-13
40.9273 5.01419e-17 5.01419e-17 1.29267e-24 2.57802e-08 -2.05185e-06 4.07018e-17 2.49565e-15 2.77363e-16 5.23876e-15 1.54426e-15 1.12876e-14 3.87277e-15 1.79479e-14 7.13439e-15 2.51193e-14 1.12769e-14 3.2735e-14 1.62063e-14 4.07454e-14 2.17921e-14 4.91113e-14 2.79356e-14 5.78007e-14 3.47543e-14 6.6787e-14 4.20944e-14 7.60471e-14 4.97667e-14 8.55612e-14 5.78676e-14 9.53115e-14 6.64396e-14 1.05283e-13 7.53904e-14 1.15461e-13 8.48264e-14 1.25833e-13 9.42336e-14 1.36389e-13 1.04176e-13 1.47117e-13 1.14373e-13 1.58008e-13 1.24749e-13 1.69053e-13 1.35526e-13 1.80245e-13
43.0281 4.81551e-17 4.81551e-17 1.06243e-24 2.20626e-08 -1.74667e-06 6.7659e-17 2.74041e-15 4.19826e-16 5.74024e-15 2.14949e-15 1.2321e-14 5.15397e-15 1.95242e-14 9.21562e-15 2.72402e-14 1.42447e-14 3.53964e-14 2.01122e-14 4.39389e-14 2.66561e-14 5.28258e-14 3.37593e-14 6.2023e-14 4.15544e-14 7.15021e-14 4.98624e-14 8.1239e-14 5.8471e-14 9.12127e-14 6.74905e-14 1.01405e-13 7.69678e-14 1.118e-13 8.68005e-14 1.22383e-13 9.71048e-14 1.33142e-13 1.07322e-13 1.44065e-13 1.18067e-13 1.55142e-13 1.29036e-13 1.66361e-13 1.40148e-13 1.77717e-13 1.51641e-13 1.89199e-13
45.2368 4.61983e-17 4.61983e-17 8.73309e-25 1.89035e-08 -1.40614e-06 1.08053e-16 2.96786e-15 6.13307e-16 6.20315e-15 2.89945e-15 1.32629e-14 6.66165e-15 2.09438e-14 1.15783e-14 2.91282e-14 1.75204e-14 3.77385e-14 2.43242e-14 4.67178e-14 3.17986e-14 5.60222e-14 3.98107e-14 6.5616e-14 4.85091e-14 7.547e-14 5.76925e-14 8.55593e-14 6.71297e-14 9.58627e-14 7.6945e-14 1.06362e-13 8.71897e-14 1.1704e-13 9.7754e-14 1.27884e-13 1.08763e-13 1.3888e-13 1.19622e-13 1.50018e-13 1.30989e-13 1.61286e-13 1.4254e-13 1.72675e-13 1.54194e-13 1.84178e-13 1.66201e-13 1.95786e-13
47.5588 4.42647e-17 4.42647e-17 7.18004e-25 1.62207e-08 -8.4888e-07 1.66068e-16 3.1712e-15 8.65987e-16 6.61338e-15 3.79501e-15 1.40838e-14 8.37229e-15 2.21613e-14 1.41642e-14 3.07218e-14 2.10045e-14 3.96843e-14 2.86983e-14 4.899e-14 3.70296e-14 5.85937e-14 4.58546e-14 6.84591e-14 5.53378e-14 7.85569e-14 6.52603e-14 8.88621e-14 7.5377e-14 9.93537e-14 8.58258e-14 1.10013e-13 9.66629e-14 1.20826e-13 1.07773e-13 1.31777e-13 1.19289e-13 1.42854e-13 1.30594e-13 1.54047e-13 1.42373e-13 1.65346e-13 1.54293e-13 1.76742e-13 1.66271e-13 1.88226e-13 1.78566e-13 1.99793e-13
50 4.23501e-17 4.23501e-17 5.9034e-25 1.39395e-08 -3.03919e-07 2.46022e-16 3.34432e-15 1.18354e-15 6.95844e-15 4.82567e-15 1.47582e-14 1.02428e-14 2.31383e-14 1.68897e-14 3.19703e-14 2.45694e-14 4.11713e-14 3.3062e-14 5.0682e-14 4.21335e-14 6.04569e-14 5.16341e-14 7.04604e-14 6.17446e-14 8.06633e-14 7.22334e-14 9.10415e-14 8.28479e-14 1.01575e-13 9.37383e-14 1.12246e-13 1.04966e-13 1.2304e-13 1.16413e-13 1.33943e-13 1.28218e-13 1.44945e-13 1.39753e-13 1.56036e-13 1.5172e-13 1.67205e-13 1.63782e-13 1.78446e-13 1.75858e-13 1.89752e-13 1.88209e-13 2.01115e-13
52.5665 4.04561e-17 4.04561e-17 4.85457e-25 1.19996e-08 2.93956e-07 3.51898e-16 3.48246e-15 1.5679e-15 7.22877e-15 5.96897e-15 1.52672e-14 1.22126e-14 2.38472e-14 1.96526e-14 3.28385e-14 2.80709e-14 4.21583e-14 3.72312e-14 5.17477e-14 4.68895e-14 6.15625e-14 5.68964e-14 7.15681e-14 6.74478e-14 8.17369e-14 7.83055e-14 9.2046e-14 8.92156e-14 1.02477e-13 1.00339e-13 1.13012e-13 1.11741e-13 1.2364e-13 1.23306e-13 1.34348e-13 1.35175e-13 1.45125e-13 1.46722e-13 1.55963e-13 1.58653e-13 1.66854e-13 1.70632e-13 1.7779e-13 1.82583e-13 1.88767e-13 1.94766e-13 1.99778e-13
55.2648 3.8579e-17 3.8579e-17 3.9922e-25 1.03481e-08 8.34692e-07 4.86664e-16 3.58157e-15 2.01582e-15 7.41635e-15 7.18948e-15 1.55956e-14 1.4205e-14 2.42669e-14 2.23345e-14 3.33009e-14 3.13522e-14 4.26166e-14 4.10153e-14 5.21572e-14 5.10787e-14 6.18807e-14 6.13993e-14 7.17546e-14 7.21864e-14 8.17534e-14 8.32016e-14 9.18562e-14 9.41955e-14 1.02046e-13 1.05338e-13 1.12308e-13 1.16698e-13 1.22631e-13 1.28163e-13 1.33004e-13 1.39875e-13 1.43419e-13 1.51222e-13 1.53867e-13 1.62902e-13 1.64343e-13 1.74587e-13 1.7484e-13 1.86205e-13 1.85354e-13 1.98011e-13 1.95879e-13
58.1015 3.67231e-17 3.67231e-17 3.28332e-25 8.94077e-09 1.30584e-06 6.51741e-16 3.63964e-15 2.51865e-15 7.51748e-15 8.44239e-15 1.57375e-14 1.61357e-14 2.43913e-14 2.48169e-14 3.33531e-14 3.42663e-14 4.25455e-14 4.42456e-14 5.19151e-14 5.45169e-14 6.14233e-14 6.49492e-14 7.10405e-14 7.57626e-14 8.07438e-14 8.67242e-14 9.05149e-14 9.75951e-14 1.00339e-13 1.0855e-13 1.10204e-13 1.19663e-13 1.20099e-13 1.30825e-13 1.30017e-13 1.42179e-13 1.39949e-13 1.53136e-13 1.4989e-13 1.64373e-13 1.59835e-13 1.75576e-13 1.69779e-13 1.8668e-13 1.79717e-13 1.9793e-13 1.89648e-13
61.0839 3.48898e-17 3.48898e-17 2.70044e-25 7.7399e-09 1.68851e-06 8.46348e-16 3.65579e-15 3.06186e-15 7.53092e-15 9.67514e-15 1.56926e-14 1.79171e-14 2.42231e-14 2.69853e-14 3.30028e-14 3.66803e-14 4.19597e-14 4.67782e-14 5.10452e-14 5.70566e-14 6.02248e-14 6.74003e-14 6.94726e-14 7.80377e-14 7.87689e-14 8.87465e-14 8.80984e-14 9.93026e-14 9.74487e-14 1.09884e-13 1.0681e-13 1.20564e-13 1.16174e-13 1.31246e-13 1.25535e-13 1.42066e-13 1.34886e-13 1.52469e-13 1.44223e-13 1.63101e-13 1.53543e-13 1.73667e-13 1.62842e-13 1.84109e-13 1.72118e-13 1.94657e-13 1.81368e-13
64.2193 3.30808e-17 3.30808e-17 2.22098e-25 6.7138e-09 1.98615e-06 1.06711e-15 3.63053e-15 3.62571e-15 7.45833e-15 1.08318e-14 1.54667e-14 1.94661e-14 2.37745e-14 2.87401e-14 3.22711e-14 3.84877e-14 4.08912e-14 4.85077e-14 4.95921e-14 5.85997e-14 5.83441e-14 6.86677e-14 6.71256e-14 7.89445e-14 7.59206e-14 8.92226e-14 8.47167e-14 9.92963e-14 9.35044e-14 1.09343e-13 1.02276e-13 1.19437e-13 1.11027e-13 1.2949e-13 1.19751e-13 1.39635e-13 1.28445e-13 1.49353e-13 1.37105e-13 1.59254e-13 1.45731e-13 1.69063e-13 1.54319e-13 1.78729e-13 1.62868e-13 1.88468e-13 1.71378e-13
67.5157 3.13026e-17 3.13026e-17 1.82656e-25 5.83518e-09 2.18395e-06 1.30812e-15 3.56622e-15 4.18712e-15 7.30519e-15 1.18593e-14 1.50735e-14 2.07135e-14 2.30704e-14 3.00088e-14 3.11957e-14 3.96218e-14 3.93927e-14 4.93812e-14 4.76251e-14 5.91129e-14 5.58688e-14 6.87416e-14 6.41066e-14 7.85006e-14 7.23263e-14 8.82006e-14 8.05188e-14 9.76563e-14 8.86776e-14 1.07041e-13 9.67976e-14 1.16431e-13 1.04875e-13 1.25744e-13 1.12907e-13 1.35108e-13 1.20892e-13 1.44048e-13 1.28828e-13 1.53129e-13 1.36715e-13 1.621e-13 1.44551e-13 1.70916e-13 1.52336e-13 1.79777e-13 1.6007e-13
70.9813 2.95579e-17 2.95579e-17 1.50218e-25 5.08218e-09 2.30188e-06 1.56094e-15 3.46596e-15 4.72074e-15 7.0785e-15 1.27097e-14 1.45301e-14 2.16056e-14 2.21398e-14 3.07439e-14 2.98203e-14 4.00507e-14 3.75238e-14 4.93882e-14 4.52214e-14 5.86116e-14 5.28945e-14 6.76663e-14 6.05307e-14 7.67823e-14 6.81216e-14 8.57904e-14 7.56615e-14 9.45268e-14 8.31464e-14 1.03159e-13 9.05739e-14 1.11759e-13 9.79421e-14 1.20258e-13 1.0525e-13 1.28774e-13 1.12498e-13 1.3688e-13 1.19684e-13 1.45089e-13 1.2681e-13 1.53176e-13 1.33876e-13 1.61104e-13 1.40883e-13 1.69054e-13 1.47831e-13
74.6248 2.78515e-17 2.78515e-17 1.23531e-25 4.43536e-09 2.34765e-06 1.81528e-15 3.33402e-15 5.20161e-15 6.78762e-15 1.33457e-14 1.38579e-14 2.21105e-14 2.10189e-14 3.09303e-14 2.81969e-14 3.97831e-14 3.53543e-14 4.85666e-14 4.24693e-14 5.71653e-14 4.95293e-14 6.55446e-14 5.65263e-14 7.39276e-14 6.34557e-14 8.21657e-14 7.0315e-14 9.01169e-14 7.71027e-14 9.79397e-14 8.38185e-14 1.05704e-13 9.04625e-14 1.13349e-13 9.70355e-14 1.20985e-13 1.03538e-13 1.28232e-13 1.09972e-13 1.35551e-13 1.16338e-13 1.42744e-13 1.22637e-13 1.49778e-13 1.28872e-13 1.56815e-13 1.35043e-13
78.4553 2.6189e-17 2.6189e-17 1.0159e-25 3.87913e-09 2.32974e-06 2.05987e-15 3.17543e-15 5.60737e-15 6.44344e-15 1.37431e-14 1.30815e-14 2.22196e-14 1.97475e-14 3.05841e-14 2.63827e-14 3.88651e-14 3.29591e-14 4.6995e-14 3.94627e-14 5.48868e-14 4.58861e-14 6.25239e-14 5.22259e-14 7.0119e-14 5.84809e-14 7.7544e-14 6.46514e-14 8.4678e-14 7.07383e-14 9.16686e-14 7.67431e-14 9.85816e-14 8.26678e-14 1.05367e-13 8.85143e-14 1.12123e-13 9.42847e-14 1.18516e-13 9.99807e-14 1.24957e-13 1.05605e-13 1.31272e-13 1.1116e-13 1.37434e-13 1.16647e-13 1.43586e-13 1.22069e-13
82.4824 2.45726e-17 2.45726e-17 8.35315e-26 3.39937e-09 2.2475e-06 2.28307e-15 2.9953e-15 5.91932e-15 6.0569e-15 1.38906e-14 1.22251e-14 2.19435e-14 1.83649e-14 2.97443e-14 2.44324e-14 3.73673e-14 3.04098e-14 4.47769e-14 3.62898e-14 5.19125e-14 4.20703e-14 5.87725e-14 4.7752e-14 6.55567e-14 5.33367e-14 7.21566e-14 5.88271e-14 7.84707e-14 6.42263e-14 8.46347e-14 6.95373e-14 9.07095e-14 7.47634e-14 9.66535e-14 7.99078e-14 1.02555e-13 8.49733e-14 1.08125e-13 8.99626e-14 1.13724e-13 9.48793e-14 1.192e-13 9.97256e-14 1.24533e-13 1.04504e-13 1.29846e-13 1.09217e-13
86.7162 2.30089e-17 2.30089e-17 6.86776e-26 2.98483e-09 2.08712e-06 2.47454e-15 2.79941e-15 6.12538e-15 5.64021e-15 1.37931e-14 1.1315e-14 2.13157e-14 1.69126e-14 2.84762e-14 2.24038e-14 3.53882e-14 2.778e-14 4.20438e-14 3.30406e-14 4.84052e-14 3.81881e-14 5.44834e-14 4.32266e-14 6.04628e-14 4.81607e-14 6.62529e-14 5.2995e-14 7.17703e-14 5.77343e-14 7.71374e-14 6.2383e-14 8.241e-14 6.69452e-14 8.7554e-14 7.14252e-14 9.26475e-14 7.58264e-14 9.74436e-14 8.0152e-14 1.02253e-13 8.44062e-14 1.06948e-13 8.85915e-14 1.1151e-13 9.27109e-14 1.16049e-13 9.6767e-14
91.1674 2.15e-17 2.15e-17 5.64565e-26 2.62588e-09 1.88758e-06 2.62535e-15 2.59297e-15 6.21899e-15 5.20432e-15 1.34661e-14 1.03748e-14 2.03814e-14 1.54273e-14 2.68556e-14 2.03466e-14 3.30332e-14 2.5133e-14 3.89292e-14 2.97914e-14 4.45249e-14 3.43285e-14 4.98406e-14 3.87511e-14 5.5044e-14 4.3066e-14 6.00611e-14 4.72795e-14 6.48239e-14 5.13975e-14 6.94417e-14 5.54255e-14 7.39645e-14 5.93683e-14 7.8365e-14 6.32307e-14 8.27115e-14 6.70168e-14 8.67949e-14 7.073e-14 9.08811e-14 7.43748e-14 9.4862e-14 7.79539e-14 9.87239e-14 8.14705e-14 1.02558e-13 8.49274e-14
95.847 2.00501e-17 2.00501e-17 4.64044e-26 2.31442e-09 1.67753e-06 2.7293e-15 2.38119e-15 6.20074e-15 4.76006e-15 1.29371e-14 9.42696e-15 1.9198e-14 1.39436e-14 2.49688e-14 1.83078e-14 3.04155e-14 2.25272e-14 3.55708e-14 2.66118e-14 4.04312e-14 3.05715e-14 4.50232e-14 3.44154e-14 4.94976e-14 3.81519e-14 5.37943e-14 4.17885e-14 5.78589e-14 4.5332e-14 6.17875e-14 4.87885e-14 6.56247e-14 5.21634e-14 6.93486e-14 5.54616e-14 7.30181e-14 5.86876e-14 7.64582e-14 6.18451e-14 7.9894e-14 6.49384e-14 8.32352e-14 6.79706e-14 8.64709e-14 7.09448e-14 8.96787e-14 7.38638e-14
100.767 1.86606e-17 1.86606e-17 3.81288e-26 2.04328e-09 1.46927e-06 2.78281e-15 2.16855e-15 6.07656e-15 4.31668e-15 1.22395e-14 8.49069e-15 1.78266e-14 1.24905e-14 2.29011e-14 1.63253e-14 2.76417e-14 2.00094e-14 3.20938e-14 2.35566e-14 3.62653e-14 2.69794e-14 4.01864e-14 3.02885e-14 4.39905e-14 3.34935e-14 4.76297e-14 3.66027e-14 5.10611e-14 3.96233e-14 5.43681e-14 4.25617e-14 5.75897e-14 4.54237e-14 6.07088e-14 4.82142e-14 6.37757e-14 5.09378e-14 6.66451e-14 5.35983e-14 6.95058e-14 5.61999e-14 7.22829e-14 5.87456e-14 7.49682e-14 6.12386e-14 7.76263e-14 6.36815e-14
105.939 1.73361e-17 1.73361e-17 3.13342e-26 1.80746e-09 1.22276e-06 2.78582e-15 1.95939e-15 5.85858e-15 3.88302e-15 1.14134e-14 7.58374e-15 1.63322e-14 1.10941e-14 2.07383e-14 1.44332e-14 2.4815e-14 1.76207e-14 2.86158e-14 2.06732e-14 3.21563e-14 2.3605e-14 3.54685e-14 2.64281e-14 3.86688e-14 2.91525e-14 4.17198e-14 3.1787e-14 4.45876e-14 3.43391e-14 4.73441e-14 3.68151e-14 5.00228e-14 3.92209e-14 5.26107e-14 4.15614e-14 5.515e-14 4.38411e-14 5.75215e-14 4.60636e-14 5.98817e-14 4.8233e-14 6.21694e-14 5.03524e-14 6.43782e-14 5.24245e-14 6.65617e-14 5.44519e-14
111.377 1.60756e-17 1.60756e-17 2.57393e-26 1.60114e-09 9.78803e-07 2.7403e-15 1.75684e-15 5.56097e-15 3.46534e-15 1.0497e-14 6.71841e-15 1.47719e-14 9.77211e-15 1.85518e-14 1.26539e-14 2.20177e-14 1.53871e-14 2.5227e-14 1.79906e-14 2.82003e-14 2.04797e-14 3.09696e-14 2.28669e-14 3.36353e-14 2.51626e-14 3.61682e-14 2.73756e-14 3.85423e-14 2.95132e-14 4.08185e-14 3.15818e-14 4.30256e-14 3.3587e-14 4.51533e-14 3.55336e-14 4.72372e-14 3.74257e-14 4.91801e-14 3.9267e-14 5.11108e-14 4.10613e-14 5.29793e-14 4.28112e-14 5.4781e-14 4.45195e-14 5.65598e-14 4.61887e-14
117.094 1.48808e-17 1.48808e-17 2.11396e-26 1.4206e-09 7.41317e-07 2.65108e-15 1.56369e-15 5.20114e-15 3.06921e-15 9.52888e-15 5.90526e-15 1.31996e-14 8.53927e-15 1.64058e-14 1.10051e-14 1.93211e-14 1.33288e-14 2.20034e-14 1.55304e-14 2.44759e-14 1.76258e-14 2.67691e-14 1.96276e-14 2.89689e-14 2.15459e-14 3.10527e-14 2.33895e-14 3.30007e-14 2.51653e-14 3.48641e-14 2.68796e-14 3.6667e-14 2.85375e-14 3.84018e-14 3.01435e-14 4.0098e-14 3.17016e-14 4.16768e-14 3.32151e-14 4.32435e-14 3.46875e-14 4.47577e-14 3.61213e-14 4.62158e-14 3.7519e-14 4.76538e-14 3.88828e-14
123.105 1.37525e-17 1.37525e-17 1.73608e-26 1.26237e-09 5.1856e-07 2.52476e-15 1.38208e-15 4.79729e-15 2.69875e-15 8.54434e-15 5.1517e-15 1.16607e-14 7.40529e-15 1.4352e-14 9.49794e-15 1.67798e-14 1.14574e-14 1.90003e-14 1.33041e-14 2.10375e-14 1.50539e-14 2.29198e-14 1.67191e-14 2.47194e-14 1.83095e-14 2.64194e-14 1.98333e-14 2.80047e-14 2.12972e-14 2.95178e-14 2.27069e-14 3.0979e-14 2.40672e-14 3.23825e-14 2.53823e-14 3.37525e-14 2.66559e-14 3.50259e-14 2.78908e-14 3.62878e-14 2.90902e-14 3.75059e-14 3.02565e-14 3.86776e-14 3.13918e-14 3.98318e-14 3.24981e-14
129.424 1.26888e-17 1.26888e-17 1.4252e-26 1.1232e-09 3.20179e-07 2.36858e-15 1.21324e-15 4.36629e-15 2.35621e-15 7.57202e-15 4.46134e-15 1.01896e-14 6.37411e-15 1.24261e-14 8.1359e-15 1.44289e-14 9.77504e-15 1.62506e-14 1.13119e-14 1.79146e-14 1.27616e-14 1.94466e-14 1.4136e-14 2.09069e-14 1.54445e-14 2.22827e-14 1.66944e-14 2.35628e-14 1.78922e-14 2.47821e-14 1.90428e-14 2.59575e-14 2.01509e-14 2.70847e-14 2.122e-14 2.81833e-14 2.22534e-14 2.92031e-14 2.32539e-14 3.02124e-14 2.42241e-14 3.11855e-14 2.51662e-14 3.21206e-14 2.6082e-14 3.30408e-14 2.69733e-14
136.067 1.16905e-17 1.16905e-17 1.16999e-26 1.00081e-09 1.54259e-07 2.19098e-15 1.05822e-15 3.92484e-15 2.04345e-15 6.63725e-15 3.83677e-15 8.81414e-15 5.44805e-15 1.06557e-14 6.92011e-15 1.22937e-14 8.28104e-15 1.37759e-14 9.55049e-15 1.51243e-14 1.07429e-14 1.63617e-14 1.18691e-14 1.75378e-14 1.29379e-14 1.86431e-14 1.3956e-14 1.96694e-14 1.49291e-14 2.06452e-14 1.58619e-14 2.15843e-14 1.67583e-14 2.24835e-14 1.76216e-14 2.33587e-14 1.84546e-14 2.41701e-14 1.92598e-14 2.49722e-14 2.00395e-14 2.57448e-14 2.07955e-14 2.64864e-14 2.15296e-14 2.72155e-14 2.22432e-14
143.051 1.07553e-17 1.07553e-17 9.60209e-27 8.92776e-10 9.48019e-09 1.99969e-15 9.17269e-16 3.48651e-15 1.7607e-15 5.75764e-15 3.27742e-15 7.55123e-15 4.62476e-15 9.0546e-15 5.84574e-15 1.03833e-14 6.9675e-15 1.15799e-14 8.00858e-15 1.26644e-14 8.98233e-15 1.36566e-14 9.89882e-15 1.45972e-14 1.07658e-14 1.54792e-14 1.15895e-14 1.62966e-14 1.23749e-14 1.70724e-14 1.3126e-14 1.78179e-14 1.38465e-14 1.85307e-14 1.45391e-14 1.92236e-14 1.52063e-14 1.98653e-14 1.58503e-14 2.0499e-14 1.6473e-14 2.11087e-14 1.7076e-14 2.16934e-14 1.76608e-14 2.22678e-14 1.82286e-14
150.394 9.8823e-18 9.8823e-18 7.87927e-27 7.97311e-10 -1.12476e-07 1.80224e-15 7.90413e-16 3.06296e-15 1.50772e-15 4.94623e-15 2.78167e-15 6.41132e-15 3.90047e-15 7.62884e-15 4.90616e-15 8.69862e-15 5.82444e-15 9.65777e-15 6.67247e-15 1.05241e-14 7.46241e-15 1.13143e-14 8.20333e-15 1.20617e-14 8.90213e-15 1.27612e-14 9.56428e-15 1.34082e-14 1.01942e-14 1.40213e-14 1.07954e-14 1.46096e-14 1.13709e-14 1.51715e-14 1.19232e-14 1.5717e-14 1.24545e-14 1.62216e-14 1.29665e-14 1.67195e-14 1.3461e-14 1.71981e-14 1.39393e-14 1.76567e-14 1.44025e-14 1.81069e-14 1.48519e-14
158.114 9.06877e-18 9.06877e-18 6.46472e-27 7.12855e-10 -2.02643e-07 1.60499e-15 6.77216e-16 2.66273e-15 1.28335e-15 4.21021e-15 2.34625e-15 5.39733e-15 3.26898e-15 6.37602e-15 4.0918e-15 7.23129e-15 4.83855e-15 7.99499e-15 5.52486e-15 8.68254e-15 6.16162e-15 9.3081e-15 6.75685e-15 9.89847e-15 7.31663e-15 1.04499e-14 7.84571e-15 1.09591e-14 8.34789e-15 1.1441e-14 8.82627e-15 1.19027e-14 9.28338e-15 1.23432e-14 9.72137e-15 1.27704e-14 1.0142e-14 1.31652e-14 1.05469e-14 1.35544e-14 1.09374e-14 1.39282e-14 1.13147e-14 1.42861e-14 1.16797e-14 1.46372e-14 1.20334e-14
166.23 8.31277e-18 8.31277e-18 5.30338e-27 6.3798e-10 -2.91749e-07 1.41336e-15 5.77077e-16 2.29209e-15 1.08612e-15 3.55295e-15 1.96725e-15 4.50769e-15 2.72336e-15 5.28901e-15 3.39228e-15 5.96838e-15 3.99576e-15 6.57273e-15 4.54779e-15 7.11521e-15 5.05799e-15 7.60759e-15 5.53339e-15 8.07133e-15 5.97923e-15 8.5037e-15 6.3996e-15 8.90238e-15 6.79775e-15 9.27917e-15 7.17631e-15 9.63981e-15 7.53743e-15 9.98344e-15 7.88291e-15 1.03164e-14 8.21427e-15 1.06238e-14 8.53275e-15 1.09266e-14 8.83959e-15 1.12172e-14 9.1357e-15 1.14953e-14 9.42191e-15 1.17679e-14 9.69899e-15
174.763 7.61126e-18 7.61126e-18 4.3495e-27 5.71456e-10 -3.70815e-07 1.23143e-15 4.89148e-16 1.9547e-15 9.14088e-16 2.97392e-15 1.63996e-15 3.73643e-15 2.25568e-15 4.35619e-15 2.79615e-15 4.89259e-15 3.28092e-15 5.3681e-15 3.72234e-15 5.79376e-15 4.12881e-15 6.17927e-15 4.50636e-15 6.54167e-15 4.85951e-15 6.87901e-15 5.19172e-15 7.18963e-15 5.50573e-15 7.48284e-15 5.80375e-15 7.76318e-15 6.08758e-15 8.03003e-15 6.35873e-15 8.28836e-15 6.61844e-15 8.52669e-15 6.86776e-15 8.76124e-15 7.1077e-15 8.98621e-15 7.33901e-15 9.20133e-15 7.56238e-15 9.41207e-15 7.77842e-15
183.733 6.96179e-18 6.96179e-18 3.56648e-27 5.12294e-10 -4.32407e-07 1.06222e-15 4.12517e-16 1.65244e-15 7.6519e-16 2.47031e-15 1.35958e-15 3.07538e-15 1.85799e-15 3.56409e-15 2.29213e-15 3.98525e-15 2.67933e-15 4.35742e-15 3.03036e-15 4.68974e-15 3.35244e-15 4.99009e-15 3.65072e-15 5.27196e-15 3.929e-15 5.53396e-15 4.19022e-15 5.7749e-15 4.43665e-15 6.00207e-15 4.67014e-15 6.21905e-15 4.89216e-15 6.42541e-15 5.10398e-15 6.62502e-15 5.30661e-15 6.80902e-15 5.50091e-15 6.98999e-15 5.6877e-15 7.16346e-15 5.86761e-15 7.32924e-15 6.04117e-15 7.49154e-15 6.20891e-15
193.164 6.36197e-18 6.36197e-18 2.92416e-27 4.59631e-10 -4.81338e-07 9.07723e-16 3.46214e-16 1.38553e-15 6.37279e-16 2.03742e-15 1.12122e-15 2.51473e-15 1.52238e-15 2.89801e-15 1.8692e-15 3.22702e-15 2.17682e-15 3.51691e-15 2.45453e-15 3.77516e-15 2.70845e-15 4.00813e-15 2.94295e-15 4.22643e-15 3.1612e-15 4.42906e-15 3.36564e-15 4.61518e-15 3.55815e-15 4.79049e-15 3.74026e-15 4.95779e-15 3.91318e-15 5.11676e-15 4.07793e-15 5.27041e-15 4.23536e-15 5.41195e-15 4.38615e-15 5.55108e-15 4.53098e-15 5.68436e-15 4.67033e-15 5.81166e-15 4.80467e-15 5.93623e-15 4.93439e-15
203.079 5.80922e-18 5.80922e-18 2.39751e-27 4.12708e-10 -5.16636e-07 7.6893e-16 2.89231e-16 1.15291e-15 5.28167e-16 1.66929e-15 9.20037e-16 2.04379e-15 1.2412e-15 2.3429e-15 1.51682e-15 2.59874e-15 1.76001e-15 2.82355e-15 1.97864e-15 3.0234e-15 2.1779e-15 3.20339e-15 2.36142e-15 3.37179e-15 2.53183e-15 3.52791e-15 2.69114e-15 3.67116e-15 2.8409e-15 3.80596e-15 2.98235e-15 3.93449e-15 3.11648e-15 4.05653e-15 3.24413e-15 4.17441e-15 3.36596e-15 4.28293e-15 3.48254e-15 4.38954e-15 3.5944e-15 4.49161e-15 3.70195e-15 4.58905e-15 3.80554e-15 4.68437e-15 3.90551e-15
213.503 5.29967e-18 5.29967e-18 1.965e-27 3.70778e-10 -5.33074e-07 6.45906e-16 2.40512e-16 9.52335e-16 4.35605e-16 1.35897e-15 7.51198e-16 1.65129e-15 1.00696e-15 1.88362e-15 1.22489e-15 2.08168e-15 1.4162e-15 2.25529e-15 1.58751e-15 2.40933e-15 1.74316e-15 2.54784e-15 1.88614e-15 2.67726e-15 2.01863e-15 2.79711e-15 2.14225e-15 2.90697e-15 2.25828e-15 3.01026e-15 2.36771e-15 3.10868e-15 2.47134e-15 3.20206e-15 2.56986e-15 3.29219e-15 2.66379e-15 3.37513e-15 2.75358e-15 3.45655e-15 2.83967e-15 3.53448e-15 2.92237e-15 3.60884e-15 3.00198e-15 3.68155e-15 3.07874e-15
224.463 4.83188e-18 4.83188e-18 1.61069e-27 3.33346e-10 -5.56996e-07 5.38428e-16 1.99156e-16 7.81449e-16 3.57664e-16 1.1e-15 6.10566e-16 1.32715e-15 8.13272e-16 1.50687e-15 9.84803e-16 1.65962e-15 1.13463e-15 1.7932e-15 1.26831e-15 1.91152e-15 1.3894e-15 2.01775e-15 1.50037e-15 2.1169e-15 1.60298e-15 2.20862e-15 1.69856e-15 2.29262e-15 1.78812e-15 2.37154e-15 1.87249e-15 2.44667e-15 1.95229e-15 2.51792e-15 2.02806e-15 2.58665e-15 2.10025e-15 2.64986e-15 2.16919e-15 2.71189e-15 2.23523e-15 2.77123e-15 2.29864e-15 2.82783e-15 2.35962e-15 2.88314e-15 2.41839e-15
235.984 4.40203e-18 4.40203e-18 1.32004e-27 2.9987e-10 -5.7876e-07 4.45532e-16 1.64205e-16 6.37121e-16 2.92346e-16 8.85428e-16 4.94004e-16 1.06117e-15 6.53897e-16 1.19964e-15 7.88295e-16 1.31701e-15 9.0514e-16 1.41943e-15 1.00902e-15 1.51001e-15 1.10285e-15 1.59122e-15 1.18864e-15 1.66694e-15 1.26781e-15 1.73692e-15 1.34144e-15 1.80095e-15 1.41034e-15 1.86107e-15 1.47515e-15 1.91827e-15 1.53639e-15 1.97248e-15 1.59449e-15 2.02475e-15 1.64978e-15 2.07279e-15 1.70254e-15 2.11992e-15 1.75305e-15 2.16499e-15 1.80151e-15 2.20795e-15 1.84809e-15 2.24994e-15 1.89295e-15
248.097 4.00801e-18 4.00801e-18 1.08157e-27 2.69852e-10 -5.94242e-07 3.66156e-16 1.34841e-16 5.16386e-16 2.37943e-16 7.09068e-16 3.97992e-16 8.44509e-16 5.23559e-16 9.50826e-16 6.28426e-16 1.0407e-15 7.19187e-16 1.119e-15 7.99602e-16 1.18812e-15 8.72048e-16 1.25004e-15 9.3814e-16 1.3077e-15 9.99025e-16 1.36095e-15 1.05556e-15 1.40964e-15 1.10839e-15 1.45532e-15 1.15803e-15 1.49876e-15 1.20489e-15 1.5399e-15 1.2493e-15 1.57955e-15 1.29153e-15 1.61599e-15 1.3318e-15 1.65171e-15 1.37032e-15 1.68586e-15 1.40725e-15 1.7184e-15 1.44274e-15 1.75019e-15 1.47689e-15
260.832 3.64714e-18 3.64714e-18 8.86145e-28 2.4297e-10 -6.0914e-07 2.98995e-16 1.10292e-16 4.16206e-16 1.92866e-16 5.65106e-16 3.19324e-16 6.69115e-16 4.1752e-16 7.50476e-16 4.99022e-16 8.19096e-16 5.69259e-16 8.78768e-16 6.31291e-16 9.31384e-16 6.87036e-16 9.78459e-16 7.37787e-16 1.02226e-15 7.84462e-16 1.06267e-15 8.27737e-16 1.0996e-15 8.68129e-16 1.13423e-15 9.06041e-16 1.16714e-15 9.41793e-16 1.1983e-15 9.75645e-16 1.22832e-15 1.00781e-15 1.25588e-15 1.03847e-15 1.28291e-15 1.06777e-15 1.30872e-15 1.09585e-15 1.33333e-15 1.12281e-15 1.35735e-15 1.14875e-15
274.221 3.31714e-18 3.31714e-18 7.26023e-28 2.1887e-10 -5.94908e-07 2.427e-16 8.98718e-17 3.33734e-16 1.55714e-16 4.48366e-16 2.55209e-16 5.27979e-16 3.317e-16 5.90059e-16 3.94811e-16 6.42307e-16 4.48979e-16 6.87669e-16 4.96674e-16 7.27618e-16 5.39433e-16 7.63325e-16 5.78289e-16 7.96521e-16 6.13966e-16 8.27127e-16 6.47001e-16 8.55078e-16 6.77799e-16 8.81273e-16 7.06677e-16 9.06156e-16 7.33885e-16 9.29704e-16 7.59627e-16 9.52379e-16 7.8407e-16 9.73197e-16 8.07347e-16 9.93597e-16 8.29588e-16 1.01308e-15 8.50886e-16 1.03165e-15 8.71327e-16 1.04977e-15 8.90985e-16
288.297 3.0156e-18 3.0156e-18 5.94798e-28 1.9724e-10 -6.07345e-07 1.95902e-16 7.29628e-17 2.66309e-16 1.25241e-16 3.54255e-16 2.03204e-16 4.15013e-16 2.62567e-16 4.62253e-16 3.11269e-16 5.01934e-16 3.52908e-16 5.36336e-16 3.89468e-16 5.66599e-16 4.22172e-16 5.93624e-16 4.51838e-16 6.18729e-16 4.79036e-16 6.41861e-16 5.04189e-16 6.62974e-16 5.27613e-16 6.8275e-16 5.49556e-16 7.01528e-16 5.70213e-16 7.19292e-16 5.89742e-16 7.36391e-16 6.08274e-16 7.52085e-16 6.25912e-16 7.67458e-16 6.42755e-16 7.82139e-16 6.58876e-16 7.9612e-16 6.74341e-16 8.09765e-16 6.89208e-16
303.095 2.74017e-18 2.74017e-18 4.87212e-28 1.77804e-10 -5.93389e-07 1.57292e-16 5.90205e-17 2.11533e-16 1.00356e-16 2.78788e-16 1.6121e-16 3.25027e-16 2.07115e-16 3.60885e-16 2.44575e-16 3.90951e-16 2.76486e-16 4.16983e-16 3.0443e-16 4.3986e-16 3.29375e-16 4.60271e-16 3.51964e-16 4.79221e-16 3.72646e-16 4.9667e-16 3.9175e-16 5.12588e-16 4.09524e-16 5.27492e-16 4.26159e-16 5.41638e-16 4.41808e-16 5.55014e-16 4.56592e-16 5.67886e-16 4.70613e-16 5.79697e-16 4.8395e-16 5.91263e-16 4.96679e-16 6.02305e-16 5.08857e-16 6.1282e-16 5.20535e-16 6.23079e-16 5.31756e-16
318.653 2.48886e-18 2.48886e-18 3.99063e-28 1.6034e-10 -5.86075e-07 1.25668e-16 4.75756e-17 1.67308e-16 8.01287e-17 2.18589e-16 1.27454e-16 2.53692e-16 1.62835e-16 2.80847e-16 1.9156e-16 3.03579e-16 2.15947e-16 3.23238e-16 2.37248e-16 3.40499e-16 2.56227e-16 3.55888e-16 2.73386e-16 3.70165e-16 2.89077e-16 3.83305e-16 3.03556e-16 3.95286e-16 3.17013e-16 4.06499e-16 3.29598e-16 4.17139e-16 3.41429e-16 4.27196e-16 3.52599e-16 4.36871e-16 3.63186e-16 4.45746e-16 3.73252e-16 4.54435e-16 3.82854e-16 4.62729e-16 3.92038e-16 4.70624e-16 4.0084e-16 4.78326e-16 4.09295e-16
335.009 2.26e-18 2.26e-18 3.26892e-28 1.44643e-10 -5.72965e-07 9.99513e-17 3.82242e-17 1.31816e-16 6.3766e-17 1.70817e-16 1.00445e-16 1.97407e-16 1.27634e-16 2.17932e-16 1.49601e-16 2.35088e-16 1.68191e-16 2.49909e-16 1.84391e-16 2.62911e-16 1.98798e-16 2.74495e-16 2.11806e-16 2.85236e-16 2.23686e-16 2.95116e-16 2.34637e-16 3.04122e-16 2.44808e-16 3.12547e-16 2.54312e-16 3.20538e-16 2.6324e-16 3.2809e-16 2.71665e-16 3.35352e-16 2.79647e-16 3.42013e-16 2.87231e-16 3.48532e-16 2.94464e-16 3.54754e-16 3.01378e-16 3.60676e-16 3.08003e-16 3.66451e-16 3.14365e-16
352.205 2.05143e-18 2.05143e-18 2.67745e-28 1.30516e-10 -5.46269e-07 7.91522e-17 3.06091e-17 1.03464e-16 5.05759e-17 1.33053e-16 7.89099e-17 1.53152e-16 9.97419e-17 1.68635e-16 1.16497e-16 1.81561e-16 1.30633e-16 1.92716e-16 1.42924e-16 2.02493e-16 1.53838e-16 2.11199e-16 1.63678e-16 2.19268e-16 1.72655e-16 2.26687e-16 1.80923e-16 2.33446e-16 1.88595e-16 2.39767e-16 1.9576e-16 2.45762e-16 2.02486e-16 2.51425e-16 2.08831e-16 2.56869e-16 2.14837e-16 2.61862e-16 2.20543e-16 2.66747e-16 2.25983e-16 2.71409e-16 2.3118e-16 2.75845e-16 2.36159e-16 2.80171e-16 2.40939e-16
370.284 1.86155e-18 1.86155e-18 2.1929e-28 1.178e-10 -5.56986e-07 6.24288e-17 2.44329e-17 8.09279e-17 3.9987e-17 1.03326e-16 6.18066e-17 1.1849e-16 7.77249e-17 1.30151e-16 9.0473e-17 1.39873e-16 1.01198e-16 1.48256e-16 1.10505e-16 1.55598e-16 1.18756e-16 1.62133e-16 1.26186e-16 1.68186e-16 1.32957e-16 1.73749e-16 1.39188e-16 1.78816e-16 1.44966e-16 1.83553e-16 1.50359e-16 1.88044e-16 1.55419e-16 1.92286e-16 1.60189e-16 1.96363e-16 1.64703e-16 2.00101e-16 1.6899e-16 2.03758e-16 1.73075e-16 2.07247e-16 1.76977e-16 2.10566e-16 1.80713e-16 2.13803e-16 1.84299e-16
389.291 1.68874e-18 1.68874e-18 1.79588e-28 1.06344e-10 -5.24663e-07 4.90522e-17 1.94422e-17 6.30932e-17 3.1518e-17 8.00141e-17 4.82717e-17 9.1435e-17 6.04043e-17 1.00202e-16 7.00817e-17 1.07504e-16 7.82021e-17 1.13795e-16 8.52355e-17 1.19302e-16 9.14616e-17 1.24201e-16 9.70621e-17 1.28736e-16 1.02162e-16 1.32903e-16 1.0685e-16 1.36697e-16 1.11195e-16 1.40243e-16 1.15248e-16 1.43604e-16 1.19049e-16 1.46777e-16 1.2263e-16 1.49827e-16 1.26018e-16 1.52623e-16 1.29234e-16 1.55358e-16 1.32298e-16 1.57966e-16 1.35223e-16 1.60448e-16 1.38024e-16 1.62867e-16 1.40712e-16
409.273 1.53164e-18 1.53164e-18 1.47073e-28 9.60233e-11 -5.01949e-07 3.84071e-17 1.54249e-17 4.90407e-17 2.47708e-17 6.18005e-17 3.75997e-17 7.0389e-17 4.68256e-17 7.69721e-17 5.41569e-17 8.24495e-17 6.02936e-17 8.71649e-17 6.55996e-17 9.12902e-17 7.02903e-17 9.49579e-17 7.45052e-17 9.83525e-17 7.83398e-17 1.0147e-16 8.1863e-17 1.04308e-16 8.51258e-17 1.0696e-16 8.81676e-17 1.09473e-16 9.10189e-17 1.11845e-16 9.37046e-17 1.14125e-16 9.62444e-17 1.16214e-16 9.86544e-17 1.18257e-16 1.00949e-16 1.20205e-16 1.03141e-16 1.22059e-16 1.05238e-16 1.23866e-16 1.0725e-16
430.281 1.38884e-18 1.38884e-18 1.20444e-28 8.67225e-11 -5.08307e-07 2.99731e-17 1.22021e-17 3.80096e-17 1.94132e-17 4.76155e-17 2.92116e-17 5.40649e-17 3.62118e-17 5.90016e-17 4.17551e-17 6.31054e-17 4.63846e-17 6.66358e-17 5.0381e-17 6.97229e-17 5.39096e-17 7.24663e-17 5.70771e-17 7.50046e-17 5.99567e-17 7.73352e-17 6.26006e-17 7.9456e-17 6.50477e-17 8.14374e-17 6.73279e-17 8.33144e-17 6.94646e-17 8.50862e-17 7.14762e-17 8.67884e-17 7.33781e-17 8.8348e-17 7.51821e-17 8.98733e-17 7.68997e-17 9.13278e-17 7.85391e-17 9.27112e-17 8.01078e-17 9.40595e-17 8.16123e-17
452.368 1.25899e-18 1.25899e-18 9.86201e-29 7.83326e-11 -4.62489e-07 2.33168e-17 9.62454e-18 2.93787e-17 1.5172e-17 3.65987e-17 2.2637e-17 4.1435e-17 2.79374e-17 4.51324e-17 3.21208e-17 4.82034e-17 3.56074e-17 5.08438e-17 3.86126e-17 5.31515e-17 4.1263e-17 5.52015e-17 4.36402e-17 5.70976e-17 4.57996e-17 5.88381e-17 4.77811e-17 6.04215e-17 4.96142e-17 6.19005e-17 5.13216e-17 6.33014e-17 5.29207e-17 6.46235e-17 5.44259e-17 6.58935e-17 5.58484e-17 6.70569e-17 5.71974e-17 6.81947e-17 5.84814e-17 6.92795e-17 5.97068e-17 7.03111e-17 6.0879e-17 7.13165e-17 6.2003e-17
475.588 1.14121e-18 1.14121e-18 8.07563e-29 7.07636e-11 -4.26673e-07 1.80886e-17 7.57166e-18 2.26538e-17 1.18282e-17 2.80737e-17 1.75035e-17 3.16967e-17 2.15097e-17 3.44633e-17 2.46622e-17 3.67595e-17 2.72844e-17 3.87327e-17 2.95414e-17 4.04564e-17 3.153e-17 4.19872e-17 3.33121e-17 4.34026e-17 3.49298e-17 4.47015e-17 3.64135e-17 4.5883e-17 3.77854e-17 4.69863e-17 3.90626e-17 4.80312e-17 4.02585e-17 4.90172e-17 4.13838e-17 4.99642e-17 4.24469e-17 5.08316e-17 4.34549e-17 5.16798e-17 4.44141e-17 5.24884e-17 4.53292e-17 5.32573e-17 4.62046e-17 5.40066e-17 4.70438e-17
500 1.03417e-18 1.03417e-18 6.61226e-29 6.3938e-11 -4.05576e-07 1.39932e-17 5.94024e-18 1.74256e-17 9.19747e-18 2.14886e-17 1.35025e-17 2.41995e-17 1.65251e-17 2.62674e-17 1.88968e-17 2.79826e-17 2.0866e-17 2.94557e-17 2.25589e-17 3.07421e-17 2.4049e-17 3.18841e-17 2.53833e-17 3.29398e-17 2.65939e-17 3.39084e-17 2.77035e-17 3.47892e-17 2.87291e-17 3.56117e-17 2.96836e-17 3.63904e-17 3.05771e-17 3.71252e-17 3.14175e-17 3.78308e-17 3.22113e-17 3.8477e-17 3.29637e-17 3.91089e-17 3.36796e-17 3.97112e-17 3.43625e-17 4.02839e-17 3.50156e-17 4.08419e-17 3.56416e-17
525.665 9.37083e-19 9.37083e-19 5.41422e-29 5.77774e-11 -4.18119e-07 1.07983e-17 4.64872e-18 1.33756e-17 7.13536e-18 1.64181e-17 1.03949e-17 1.84447e-17 1.26718e-17 1.99892e-17 1.44537e-17 2.12694e-17 1.59309e-17 2.23684e-17 1.71992e-17 2.33278e-17 1.83147e-17 2.41793e-17 1.93128e-17 2.49662e-17 2.02179e-17 2.5688e-17 2.10471e-17 2.63444e-17 2.18132e-17 2.69571e-17 2.2526e-17 2.75372e-17 2.3193e-17 2.80844e-17 2.38202e-17 2.86099e-17 2.44125e-17 2.90911e-17 2.49738e-17 2.95616e-17 2.55078e-17 3.001e-17 2.6017e-17 3.04364e-17 2.6504e-17 3.08518e-17 2.69707e-17
552.648 8.48971e-19 8.48971e-19 4.43298e-29 5.22159e-11 -3.58998e-07 8.31284e-18 3.62889e-18 1.02454e-17 5.52284e-18 1.25214e-17 7.98618e-18 1.4035e-17 9.69881e-18 1.51876e-17 1.10359e-17 1.61424e-17 1.21426e-17 1.69618e-17 1.30919e-17 1.76768e-17 1.3926e-17 1.83112e-17 1.4672e-17 1.88974e-17 1.5348e-17 1.94351e-17 1.59672e-17 1.99238e-17 1.6539e-17 2.038e-17 1.70709e-17 2.08119e-17 1.75684e-17 2.12192e-17 1.80361e-17 2.16104e-17 1.84778e-17 2.19685e-17 1.88962e-17 2.23186e-17 1.92942e-17 2.26523e-17 1.96737e-17 2.29695e-17 2.00366e-17 2.32786e-17 2.03843e-17
581.015 7.69018e-19 7.69018e-19 3.62927e-29 4.71936e-11 -3.03071e-07 6.38497e-18 2.82593e-18 7.83243e-18 4.26528e-18 9.53334e-18 6.12372e-18 1.06629e-17 7.41012e-18 1.15223e-17 8.41224e-18 1.2234e-17 9.2405e-18 1.28444e-17 9.95025e-18 1.3377e-17 1.05735e-17 1.38494e-17 1.11305e-17 1.42858e-17 1.1635e-17 1.4686e-17 1.2097e-17 1.50498e-17 1.25234e-17 1.53893e-17 1.292e-17 1.57106e-17 1.32909e-17 1.60137e-17 1.36395e-17 1.63047e-17 1.39685e-17 1.65711e-17 1.42803e-17 1.68315e-17 1.45767e-17 1.70797e-17 1.48594e-17 1.73156e-17 1.51296e-17 1.75455e-17 1.53885e-17
610.839 6.9654e-19 6.9654e-19 2.97141e-29 4.26596e-11 -2.64246e-07 4.89413e-18 2.19564e-18 5.97712e-18 3.28735e-18 7.24721e-18 4.68727e-18 8.08955e-18 5.65236e-18 8.73006e-18 6.40262e-18 9.26015e-18 7.02194e-18 9.71469e-18 7.55215e-18 1.01112e-17 8.01741e-18 1.04628e-17 8.43303e-18 1.07875e-17 8.80936e-18 1.10853e-17 9.15375e-18 1.13559e-17 9.47163e-18 1.16084e-17 9.76712e-18 1.18474e-17 1.00434e-17 1.20728e-17 1.03031e-17 1.22892e-17 1.05481e-17 1.24873e-17 1.07803e-17 1.2681e-17 1.1001e-17 1.28655e-17 1.12114e-17 1.30409e-17 1.14125e-17 1.32117e-17 1.16051e-17
642.193 6.30825e-19 6.30825e-19 2.4327e-29 3.85638e-11 -3.06021e-07 3.74403e-18 1.70214e-18 4.55355e-18 2.52861e-18 5.50121e-18 3.58162e-18 6.12897e-18 4.30481e-18 6.60602e-18 4.86598e-18 7.00066e-18 5.32865e-18 7.33895e-18 5.72443e-18 7.63395e-18 6.07151e-18 7.89552e-18 6.38141e-18 8.13708e-18 6.66191e-18 8.35852e-18 6.91852e-18 8.55975e-18 7.15531e-18 8.74752e-18 7.37537e-18 8.92521e-18 7.58109e-18 9.09278e-18 7.77439e-18 9.25363e-18 7.9568e-18 9.40088e-18 8.12955e-18 9.5448e-18 8.29378e-18 9.68193e-18 8.45033e-18 9.81228e-18 8.59995e-18 9.93926e-18 8.74328e-18
675.157 5.71258e-19 5.71258e-19 1.99169e-29 3.4865e-11 -2.88612e-07 2.85894e-18 1.31675e-18 3.46352e-18 1.94131e-18 4.17009e-18 2.73232e-18 4.63767e-18 3.27368e-18 4.99277e-18 3.69303e-18 5.28643e-18 4.0384e-18 5.53809e-18 4.33362e-18 5.75749e-18 4.59236e-18 5.952e-18 4.8233e-18 6.1316e-18 5.03224e-18 6.29622e-18 5.22333e-18 6.4458e-18 5.39962e-18 6.58536e-18 5.56342e-18 6.71742e-18 5.71652e-18 6.84194e-18 5.86035e-18 6.96147e-18 5.99606e-18 7.07088e-18 6.12457e-18 7.17781e-18 6.24672e-18 7.2797e-18 6.36315e-18 7.37654e-18 6.47441e-18 7.47087e-18 6.58099e-18
709.813 5.1726e-19 5.1726e-19 1.63047e-29 3.15212e-11 -2.14982e-07 2.17928e-18 1.0165e-18 2.63043e-18 1.4877e-18 3.15692e-18 2.08116e-18 3.50498e-18 2.48601e-18 3.76918e-18 2.79912e-18 3.98759e-18 3.05673e-18 4.17472e-18 3.27679e-18 4.33783e-18 3.46956e-18 4.48241e-18 3.64154e-18 4.61589e-18 3.7971e-18 4.73822e-18 3.93933e-18 4.84937e-18 4.07051e-18 4.95306e-18 4.19237e-18 5.05117e-18 4.30626e-18 5.14368e-18 4.41323e-18 5.23247e-18 4.51415e-18 5.31374e-18 4.6097e-18 5.39316e-18 4.70052e-18 5.46884e-18 4.78707e-18 5.54076e-18 4.86978e-18 5.61081e-18 4.94899e-18
746.248 4.68333e-19 4.68333e-19 1.33476e-29 2.85002e-11 -2.32517e-07 1.65851e-18 7.83178e-19 1.99494e-18 1.13813e-18 2.387e-18 1.58287e-18 2.64597e-18 1.88537e-18 2.84246e-18 2.11897e-18 3.00484e-18 2.31101e-18 3.14393e-18 2.47494e-18 3.26515e-18 2.61848e-18 3.37258e-18 2.7465e-18 3.47175e-18 2.86225e-18 3.56263e-18 2.96806e-18 3.64519e-18 3.06563e-18 3.72221e-18 3.15626e-18 3.79507e-18 3.24093e-18 3.86378e-18 3.32046e-18 3.92971e-18 3.39548e-18 3.99007e-18 3.4665e-18 4.04904e-18 3.534e-18 4.10523e-18 3.59832e-18 4.15863e-18 3.65978e-18 4.21065e-18 3.71863e-18
784.553 4.24007e-19 4.24007e-19 1.09271e-29 2.5771e-11 -2.966e-07 1.26027e-18 6.02273e-19 1.51098e-18 8.69278e-19 1.8028e-18 1.20222e-18 1.9954e-18 1.42806e-18 2.14147e-18 1.60224e-18 2.26215e-18 1.7453e-18 2.3655e-18 1.86736e-18 2.45555e-18 1.97419e-18 2.53535e-18 2.06943e-18 2.60901e-18 2.15552e-18 2.67651e-18 2.23421e-18 2.73782e-18 2.30675e-18 2.79501e-18 2.37412e-18 2.84911e-18 2.43706e-18 2.90012e-18 2.49616e-18 2.94908e-18 2.55191e-18 2.99388e-18 2.60468e-18 3.03766e-18 2.65483e-18 3.07938e-18 2.70261e-18 3.11902e-18 2.74826e-18 3.15763e-18 2.79198e-18
824.824 3.83849e-19 3.83849e-19 8.94516e-30 2.33039e-11 -2.0234e-07 9.56285e-19 4.62312e-19 1.14301e-18 6.62897e-19 1.3601e-18 9.11905e-19 1.50329e-18 1.08039e-18 1.61184e-18 1.21018e-18 1.70149e-18 1.3167e-18 1.77826e-18 1.40753e-18 1.84514e-18 1.487e-18 1.9044e-18 1.55783e-18 1.9591e-18 1.62184e-18 2.00921e-18 1.68033e-18 2.05473e-18 1.73424e-18 2.09719e-18 1.7843e-18 2.13735e-18 1.83107e-18 2.17521e-18 1.87498e-18 2.21155e-18 1.91639e-18 2.2448e-18 1.95559e-18 2.2773e-18 1.99283e-18 2.30826e-18 2.02832e-18 2.33767e-18 2.06222e-18 2.36633e-18 2.09469e-18
867.163 3.47464e-19 3.47464e-19 7.32256e-30 2.10743e-11 -1.91392e-07 7.24624e-19 3.5425e-19 8.63613e-19 5.04749e-19 1.02505e-18 6.90814e-19 1.13145e-18 8.16424e-19 1.21209e-18 9.13071e-19 1.27867e-18 9.9234e-19 1.33568e-18 1.0599e-18 1.38534e-18 1.11899e-18 1.42933e-18 1.17164e-18 1.46993e-18 1.21922e-18 1.50713e-18 1.26268e-18 1.54091e-18 1.30273e-18 1.57242e-18 1.33992e-18 1.60223e-18 1.37466e-18 1.63033e-18 1.40727e-18 1.65729e-18 1.43802e-18 1.68197e-18 1.46713e-18 1.70608e-18 1.49478e-18 1.72905e-18 1.52113e-18 1.75088e-18 1.5463e-18 1.77214e-18 1.5704e-18
911.674 3.14523e-19 3.14523e-19 5.9943e-30 1.90584e-11 -2.63361e-07 5.48411e-19 2.71007e-19 6.51821e-19 3.83803e-19 7.71821e-19 5.2273e-19 8.50869e-19 6.1632e-19 9.10756e-19 6.88257e-19 9.60198e-19 7.47223e-19 1.00252e-18 7.97459e-19 1.03938e-18 8.41381e-19 1.07203e-18 8.80506e-19 1.10217e-18 9.15851e-19 1.12977e-18 9.48136e-19 1.15484e-18 9.77888e-19 1.17823e-18 1.00551e-18 1.20034e-18 1.0313e-18 1.22119e-18 1.05551e-18 1.2412e-18 1.07835e-18 1.25951e-18 1.09995e-18 1.27739e-18 1.12048e-18 1.29443e-18 1.14004e-18 1.31063e-18 1.15872e-18 1.3264e-18 1.17661e-18
958.471 2.84692e-19 2.84692e-19 4.90688e-30 1.72358e-11 -8.06344e-09 4.14554e-19 2.06995e-19 4.9146e-19 2.91446e-19 5.8063e-19 3.951e-19 6.39337e-19 4.64793e-19 6.83802e-19 5.18313e-19 7.20504e-19 5.62157e-19 7.51916e-19 5.99496e-19 7.79272e-19 6.32132e-19 8.03504e-19 6.61197e-19 8.25863e-19 6.8745e-19 8.46346e-19 7.11426e-19 8.64947e-19 7.33517e-19 8.82294e-19 7.54022e-19 8.98702e-19 7.7317e-19 9.14169e-19 7.91145e-19 9.29009e-19 8.08093e-19 9.42591e-19 8.24131e-19 9.5586e-19 8.39368e-19 9.685e-19 8.53884e-19 9.80512e-19 8.67748e-19 9.92209e-19 8.81023e-19
1007.67 2.57664e-19 2.57664e-19 4.01658e-30 1.55884e-11 -2.14373e-07 3.13002e-19 1.57854e-19 3.70171e-19 2.2102e-19 4.36406e-19 2.983e-19 4.79993e-19 3.50169e-19 5.12997e-19 3.89968e-19 5.40235e-19 4.22554e-19 5.63543e-19 4.50296e-19 5.8384e-19 4.74537e-19 6.01818e-19 4.96122e-19 6.18405e-19 5.15614e-19 6.33599e-19 5.33414e-19 6.47397e-19 5.49813e-19 6.60264e-19 5.65032e-19 6.72434e-19 5.79244e-19 6.83906e-19 5.92583e-19 6.94913e-19 6.0516e-19 7.04985e-19 6.17061e-19 7.14826e-19 6.28366e-19 7.242e-19 6.39136e-19 7.33107e-19 6.49422e-19 7.41782e-19 6.59271e-19
1059.39 2.33218e-19 2.33218e-19 3.28815e-30 1.4099e-11 -1.68058e-07 2.36102e-19 1.20218e-19 2.78589e-19 1.67427e-19 3.27779e-19 2.25014e-19 3.60135e-19 2.63603e-19 3.84629e-19 2.9319e-19 4.04841e-19 3.17404e-19 4.22135e-19 3.38011e-19 4.37194e-19 3.56013e-19 4.5053e-19 3.7204e-19 4.62835e-19 3.86511e-19 4.74105e-19 3.99723e-19 4.84339e-19 4.11895e-19 4.93883e-19 4.2319e-19 5.02909e-19 4.33736e-19 5.11417e-19 4.43635e-19 5.1958e-19 4.52967e-19 5.2705e-19 4.61797e-19 5.34348e-19 4.70185e-19 5.41299e-19 4.78175e-19 5.47905e-19 4.85806e-19 5.54337e-19 4.93112e-19
1113.77 2.11046e-19 2.11046e-19 2.69102e-30 1.27508e-11 -1.12364e-07 1.77888e-19 9.14124e-20 2.09447e-19 1.26661e-19 2.45962e-19 1.69542e-19 2.69972e-19 1.98235e-19 2.88144e-19 2.20218e-19 3.03137e-19 2.38202e-19 3.15964e-19 2.53502e-19 3.27132e-19 2.66865e-19 3.37023e-19 2.7876e-19 3.46147e-19 2.89499e-19 3.54504e-19 2.99303e-19 3.62093e-19 3.08334e-19 3.69169e-19 3.16713e-19 3.75862e-19 3.24537e-19 3.8217e-19 3.31879e-19 3.88222e-19 3.38801e-19 3.9376e-19 3.4535e-19 3.9917e-19 3.51571e-19 4.04324e-19 3.57497e-19 4.09221e-19 3.63156e-19 4.1399e-19 3.68574e-19
1170.94 1.90996e-19 1.90996e-19 2.20272e-30 1.15328e-11 1.47652e-07 1.33916e-19 6.94248e-20 1.57353e-19 9.57259e-20 1.84456e-19 1.27644e-19 2.02271e-19 1.48972e-19 2.15751e-19 1.65302e-19 2.26872e-19 1.78656e-19 2.36385e-19 1.90015e-19 2.44668e-19 1.99933e-19 2.52002e-19 2.08761e-19 2.58768e-19 2.16729e-19 2.64965e-19 2.24003e-19 2.70592e-19 2.30702e-19 2.75839e-19 2.36919e-19 2.80801e-19 2.42722e-19 2.85477e-19 2.48168e-19 2.89964e-19 2.53302e-19 2.9407e-19 2.58159e-19 2.98081e-19 2.62773e-19 3.01902e-19 2.67168e-19 3.05532e-19 2.71364e-19 3.09068e-19 2.75382e-19
1231.05 1.72848e-19 1.72848e-19 1.80317e-30 1.04321e-11 -2.65494e-07 1.00726e-19 5.26605e-20 1.18127e-19 7.22726e-20 1.3824e-19 9.6019e-20 1.51456e-19 1.11868e-19 1.61455e-19 1.23995e-19 1.69702e-19 1.33909e-19 1.76757e-19 1.42339e-19 1.82898e-19 1.497e-19 1.88337e-19 1.56249e-19 1.93354e-19 1.62161e-19 1.97948e-19 1.67557e-19 2.0212e-19 1.72527e-19 2.06009e-19 1.77137e-19 2.09688e-19 1.81441e-19 2.13155e-19 1.8548e-19 2.16481e-19 1.89288e-19 2.19525e-19 1.9289e-19 2.22499e-19 1.96311e-19 2.25331e-19 1.9957e-19 2.28022e-19 2.02682e-19 2.30642e-19 2.05661e-19
1294.24 1.56437e-19 1.56437e-19 1.47629e-30 9.43701e-12 -2.75064e-07 7.57064e-20 3.99006e-20 8.86243e-20 5.45173e-20 1.03549e-19 7.21786e-20 1.13352e-19 8.39528e-20 1.20768e-19 9.2958e-20 1.26884e-19 1.00317e-19 1.32116e-19 1.06573e-19 1.3667e-19 1.12035e-19 1.40702e-19 1.16894e-19 1.44422e-19 1.2128e-19 1.47828e-19 1.25282e-19 1.50921e-19 1.28968e-19 1.53805e-19 1.32388e-19 1.56532e-19 1.3558e-19 1.59102e-19 1.38575e-19 1.61568e-19 1.41399e-19 1.63824e-19 1.4407e-19 1.66029e-19 1.46607e-19 1.68128e-19 1.49023e-19 1.70123e-19 1.5133e-19 1.72066e-19 1.53539e-19
1360.67 1.41558e-19 1.41558e-19 1.20837e-30 8.53624e-12 -2.87404e-07 5.68484e-20 3.01935e-20 6.64345e-20 4.10793e-20 7.75049e-20 5.42078e-20 8.4775e-20 6.29512e-20 9.02737e-20 6.96352e-20 9.48083e-20 7.50957e-20 9.86867e-20 7.97372e-20 1.02063e-19 8.37883e-20 1.05052e-19 8.73923e-20 1.07809e-19 9.06446e-20 1.10334e-19 9.36128e-20 1.12626e-19 9.63459e-20 1.14764e-19 9.88815e-20 1.16785e-19 1.01248e-19 1.1869e-19 1.03469e-19 1.20518e-19 1.05562e-19 1.2219e-19 1.07542e-19 1.23823e-19 1.09423e-19 1.25379e-19 1.11214e-19 1.26858e-19 1.12925e-19 1.28297e-19 1.14562e-19
1430.51 1.28108e-19 1.28108e-19 9.89223e-31 7.72179e-12 -2.91631e-08 4.26616e-20 2.28262e-20 4.97747e-20 3.09302e-20 5.79862e-20 4.06869e-20 6.33775e-20 4.71789e-20 6.74546e-20 5.21396e-20 7.08167e-20 5.61911e-20 7.3692e-20 5.96343e-20 7.61946e-20 6.26392e-20 7.84105e-20 6.53122e-20 8.04543e-20 6.77241e-20 8.23259e-20 6.99251e-20 8.40251e-20 7.19518e-20 8.56094e-20 7.38319e-20 8.71076e-20 7.55866e-20 8.85196e-20 7.72332e-20 8.98742e-20 7.87851e-20 9.11136e-20 8.02531e-20 9.23244e-20 8.16474e-20 9.34776e-20 8.29752e-20 9.45733e-20 8.42432e-20 9.56402e-20 8.5457e-20
1503.94 1.15921e-19 1.15921e-19 8.09692e-31 6.98484e-12 -8.45442e-08 3.19896e-20 1.72369e-20 3.72662e-20 2.32666e-20 4.33556e-20 3.05145e-20 4.73527e-20 3.5333e-20 5.03751e-20 3.90136e-20 5.28673e-20 4.20189e-20 5.49985e-20 4.45726e-20 5.68534e-20 4.68009e-20 5.84957e-20 4.87828e-20 6.00104e-20 5.05711e-20 6.13975e-20 5.22029e-20 6.26568e-20 5.37054e-20 6.38309e-20 5.50991e-20 6.49412e-20 5.63999e-20 6.59876e-20 5.76204e-20 6.69914e-20 5.87707e-20 6.79098e-20 5.98589e-20 6.8807e-20 6.08923e-20 6.96616e-20 6.18765e-20 7.04735e-20 6.28163e-20 7.12642e-20 6.37159e-20
1581.14 1.04896e-19 1.04896e-19 6.62839e-31 6.31898e-12 1.20176e-07 2.39724e-20 1.3004e-20 2.78862e-20 1.74885e-20 3.24014e-20 2.28713e-20 3.53646e-20 2.64472e-20 3.76051e-20 2.91776e-20 3.94523e-20 3.14066e-20 4.10319e-20 3.33003e-20 4.24067e-20 3.49526e-20 4.36239e-20 3.64221e-20 4.47465e-20 3.77479e-20 4.57744e-20 3.89576e-20 4.67076e-20 4.00714e-20 4.75777e-20 4.11045e-20 4.84005e-20 4.20687e-20 4.91759e-20 4.29733e-20 4.99198e-20 4.3826e-20 5.06004e-20 4.46325e-20 5.12652e-20 4.53984e-20 5.18985e-20 4.61278e-20 5.25001e-20 4.68244e-20 5.30859e-20 4.74911e-20
1662.3 9.49161e-20 9.49161e-20 5.42574e-31 5.71635e-12 -3.89385e-08 1.79528e-20 9.80122e-21 2.08553e-20 1.31351e-20 2.42028e-20 1.71316e-20 2.63993e-20 1.97848e-20 2.80599e-20 2.18099e-20 2.9429e-20 2.34629e-20 3.05997e-20 2.4867e-20 3.16185e-20 2.60919e-20 3.25205e-20 2.71813e-20 3.33523e-20 2.81641e-20 3.41141e-20 2.90608e-20 3.48056e-20 2.98863e-20 3.54504e-20 3.0652e-20 3.606e-20 3.13667e-20 3.66346e-20 3.20372e-20 3.71857e-20 3.2669e-20 3.769e-20 3.32668e-20 3.81827e-20 3.38344e-20 3.86519e-20 3.4375e-20 3.90976e-20 3.48911e-20 3.95317e-20 3.53852e-20
1747.63 8.58894e-20 8.58894e-20 4.44178e-31 5.17151e-12 2.55063e-07 1.34377e-20 7.38117e-21 1.559e-20 9.85895e-21 1.80717e-20 1.28257e-20 1.96999e-20 1.47939e-20 2.09307e-20 1.62959e-20 2.19453e-20 1.75215e-20 2.28129e-20 1.85625e-20 2.35679e-20 1.94707e-20 2.42363e-20 2.02782e-20 2.48528e-20 2.10067e-20 2.54172e-20 2.16714e-20 2.59297e-20 2.22833e-20 2.64074e-20 2.28508e-20 2.68592e-20 2.33804e-20 2.72849e-20 2.38774e-20 2.76933e-20 2.43457e-20 2.8067e-20 2.47886e-20 2.8432e-20 2.52093e-20 2.87797e-20 2.56099e-20 2.911e-20 2.59924e-20 2.94316e-20 2.63585e-20
1837.33 7.77147e-20 7.77147e-20 3.63566e-31 4.67821e-12 6.79505e-07 1.00519e-20 5.55361e-21 1.16476e-20 7.39439e-21 1.34872e-20 9.59604e-21 1.46938e-20 1.10559e-20 1.56059e-20 1.21695e-20 1.63578e-20 1.30782e-20 1.70007e-20 1.38499e-20 1.75601e-20 1.45231e-20 1.80554e-20 1.51216e-20 1.85122e-20 1.56615e-20 1.89304e-20 1.61541e-20 1.93101e-20 1.66076e-20 1.9664e-20 1.70281e-20 1.99987e-20 1.74206e-20 2.03142e-20 1.77889e-20 2.06167e-20 1.81359e-20 2.08936e-20 1.84641e-20 2.1164e-20 1.87758e-20 2.14216e-20 1.90727e-20 2.16663e-20 1.93561e-20 2.19046e-20 1.96274e-20
1931.64 7.03239e-20 7.03239e-20 2.97652e-31 4.23259e-12 2.87428e-08 7.51596e-21 4.17561e-21 8.69901e-21 5.54288e-21 1.00625e-20 7.17657e-21 1.09568e-20 8.25926e-21 1.16328e-20 9.08502e-21 1.219e-20 9.75867e-21 1.26664e-20 1.03307e-20 1.30809e-20 1.08297e-20 1.34479e-20 1.12733e-20 1.37863e-20 1.16735e-20 1.40962e-20 1.20385e-20 1.43776e-20 1.23746e-20 1.46398e-20 1.26863e-20 1.48878e-20 1.29772e-20 1.51215e-20 1.325e-20 1.53457e-20 1.35072e-20 1.55509e-20 1.37504e-20 1.57512e-20 1.39814e-20 1.59421e-20 1.42013e-20 1.61234e-20 1.44114e-20 1.62999e-20 1.46124e-20
2030.79 6.36315e-20 6.36315e-20 2.43657e-31 3.82919e-12 5.49174e-07 5.61669e-21 3.13696e-21 6.49365e-21 4.15219e-21 7.50421e-21 5.36416e-21 8.16693e-21 6.16699e-21 8.6678e-21 6.77916e-21 9.08066e-21 7.27851e-21 9.43363e-21 7.7025e-21 9.74079e-21 8.07229e-21 1.00127e-20 8.40106e-21 1.02635e-20 8.69761e-21 1.0493e-20 8.96814e-21 1.07015e-20 9.21717e-21 1.08958e-20 9.44813e-21 1.10795e-20 9.66365e-21 1.12527e-20 9.86584e-21 1.14188e-20 1.00564e-20 1.15707e-20 1.02366e-20 1.17192e-20 1.04077e-20 1.18605e-20 1.05707e-20 1.19949e-20 1.07263e-20 1.21256e-20 1.08753e-20
2135.03 5.75771e-20 5.75771e-20 1.99458e-31 3.46419e-12 1.24333e-07 4.1955e-21 2.35504e-21 4.84553e-21 3.1087e-21 5.59446e-21 4.00769e-21 6.08555e-21 4.60294e-21 6.45669e-21 5.05674e-21 6.76259e-21 5.42686e-21 7.02412e-21 5.7411e-21 7.2517e-21 6.01515e-21 7.45315e-21 6.25879e-21 7.63893e-21 6.47854e-21 7.80904e-21 6.67901e-21 7.96345e-21 6.86354e-21 8.10741e-21 7.03467e-21 8.24353e-21 7.19437e-21 8.37181e-21 7.34418e-21 8.49486e-21 7.48536e-21 8.60744e-21 7.61889e-21 8.71741e-21 7.74569e-21 8.82215e-21 7.86644e-21 8.92166e-21 7.98173e-21 9.01855e-21 8.09208e-21
2244.63 5.20933e-20 5.20933e-20 1.63251e-31 3.13382e-12 -1.13604e-06 3.13223e-21 1.76664e-21 3.61396e-21 2.32595e-21 4.16891e-21 2.99262e-21 4.53276e-21 3.43387e-21 4.80772e-21 3.77021e-21 5.03435e-21 4.04449e-21 5.2281e-21 4.27735e-21 5.39669e-21 4.48042e-21 5.54593e-21 4.66094e-21 5.68355e-21 4.82376e-21 5.80956e-21 4.97229e-21 5.92395e-21 5.109e-21 6.03059e-21 5.23579e-21 6.13142e-21 5.3541e-21 6.22644e-21 5.46509e-21 6.31759e-21 5.56968e-21 6.40099e-21 5.6686e-21 6.48245e-21 5.76254e-21 6.56003e-21 5.85199e-21 6.63374e-21 5.9374e-21 6.70551e-21 6.01914e-21
2359.84 4.7136e-20 4.7136e-20 1.33635e-31 2.8351e-12 -3.14675e-07 2.33768e-21 1.32452e-21 2.6947e-21 1.73955e-21 3.10592e-21 2.23392e-21 3.37551e-21 2.56102e-21 3.57924e-21 2.8103e-21 3.74714e-21 3.01358e-21 3.89069e-21 3.18614e-21 4.01559e-21 3.33661e-21 4.12615e-21 3.47037e-21 4.22811e-21 3.59102e-21 4.32146e-21 3.70106e-21 4.4062e-21 3.80236e-21 4.4852e-21 3.8963e-21 4.5599e-21 3.98396e-21 4.63029e-21 4.06619e-21 4.69781e-21 4.14368e-21 4.75959e-21 4.21697e-21 4.81994e-21 4.28656e-21 4.87741e-21 4.35283e-21 4.93201e-21 4.4161e-21 4.98518e-21 4.47666e-21
2480.97 4.26485e-20 4.26485e-20 1.09395e-31 2.56503e-12 -2.23836e-07 1.74392e-21 9.92394e-22 2.00849e-21 1.3003e-21 2.31317e-21 1.66684e-21 2.51291e-21 1.90928e-21 2.66384e-21 2.09403e-21 2.78823e-21 2.24465e-21 2.89457e-21 2.37252e-21 2.9871e-21 2.48401e-21 3.069e-21 2.58312e-21 3.14453e-21 2.6725e-21 3.21368e-21 2.75403e-21 3.27646e-21 2.82908e-21 3.33498e-21 2.89867e-21 3.39031e-21 2.96361e-21 3.44246e-21 3.02453e-21 3.49247e-21 3.08194e-21 3.53824e-21 3.13623e-21 3.58294e-21 3.18779e-21 3.62551e-21 3.23688e-21 3.66596e-21 3.28375e-21 3.70534e-21 3.32862e-21
2608.32 3.85881e-20 3.85881e-20 8.95455e-32 2.32054e-12 -2.22703e-07 1.30049e-21 7.43118e-22 1.49653e-21 9.71512e-22 1.72228e-21 1.24325e-21 1.87026e-21 1.42293e-21 1.98207e-21 1.55983e-21 2.07422e-21 1.67145e-21 2.153e-21 1.76618e-21 2.22154e-21 1.84879e-21 2.28221e-21 1.92222e-21 2.33816e-21 1.98844e-21 2.38939e-21 2.04884e-21 2.43589e-21 2.10444e-21 2.47924e-21 2.156e-21 2.52022e-21 2.20411e-21 2.55885e-21 2.24924e-21 2.5959e-21 2.29176e-21 2.6298e-21 2.33198e-21 2.66291e-21 2.37017e-21 2.69445e-21 2.40654e-21 2.7244e-21 2.44126e-21 2.75358e-21 2.4745e-21
2742.21 3.49142e-20 3.49142e-20 7.32965e-32 2.09933e-12 -2.73665e-07 9.69472e-22 5.56148e-22 1.11473e-21 7.25537e-22 1.28198e-21 9.26971e-22 1.39161e-21 1.06013e-21 1.47444e-21 1.16157e-21 1.5427e-21 1.24427e-21 1.60106e-21 1.31447e-21 1.65183e-21 1.37567e-21 1.69677e-21 1.43007e-21 1.73822e-21 1.47913e-21 1.77616e-21 1.52387e-21 1.81061e-21 1.56506e-21 1.84272e-21 1.60326e-21 1.87308e-21 1.63889e-21 1.90169e-21 1.67233e-21 1.92914e-21 1.70383e-21 1.95424e-21 1.73362e-21 1.97877e-21 1.76191e-21 2.00213e-21 1.78885e-21 2.02432e-21 1.81457e-21 2.04593e-21 1.83919e-21
2882.97 3.15883e-20 3.15883e-20 5.99929e-32 1.89922e-12 2.40872e-07 7.22428e-22 4.1598e-22 8.30046e-22 5.41584e-22 9.53949e-22 6.90881e-22 1.03516e-21 7.89554e-22 1.09651e-21 8.64715e-22 1.14708e-21 9.25984e-22 1.1903e-21 9.77985e-22 1.22791e-21 1.02332e-21 1.2612e-21 1.06362e-21 1.2919e-21 1.09996e-21 1.32e-21 1.13311e-21 1.34552e-21 1.16362e-21 1.3693e-21 1.19191e-21 1.39179e-21 1.21831e-21 1.41298e-21 1.24308e-21 1.43331e-21 1.26641e-21 1.4519e-21 1.28848e-21 1.47007e-21 1.30944e-21 1.48737e-21 1.32939e-21 1.50381e-21 1.34844e-21 1.51981e-21 1.36668e-21
3030.95 2.85812e-20 2.85812e-20 4.91092e-32 1.71823e-12 4.02785e-07 5.38206e-22 3.11007e-22 6.17941e-22 4.04139e-22 7.09733e-22 5.14794e-22 7.69892e-22 5.87912e-22 8.15344e-22 6.43601e-22 8.52801e-22 6.88995e-22 8.8482e-22 7.27521e-22 9.12679e-22 7.61109e-22 9.37338e-22 7.90964e-22 9.60076e-22 8.17886e-22 9.80895e-22 8.42442e-22 9.99793e-22 8.65044e-22 1.01741e-21 8.86002e-22 1.03407e-21 9.05557e-22 1.04976e-21 9.23902e-22 1.06482e-21 9.41187e-22 1.0786e-21 9.57535e-22 1.09205e-21 9.73058e-22 1.10487e-21 9.87839e-22 1.11704e-21 1.00195e-21 1.1289e-21 1.01546e-21
3186.53 2.58597e-20 2.58597e-20 4.01988e-32 1.5545e-12 2.31663e-06 4.00831e-22 2.32408e-22 4.59903e-22 3.01454e-22 5.27903e-22 3.8346e-22 5.72467e-22 4.37637e-22 6.06135e-22 4.78897e-22 6.33881e-22 5.12527e-22 6.57598e-22 5.41067e-22 6.78233e-22 5.6595e-22 6.96498e-22 5.88065e-22 7.13341e-22 6.08009e-22 7.28762e-22 6.26199e-22 7.42759e-22 6.42941e-22 7.55808e-22 6.58466e-22 7.68146e-22 6.72951e-22 7.79773e-22 6.8654e-22 7.90925e-22 6.99343e-22 8.01128e-22 7.11453e-22 8.11095e-22 7.22951e-22 8.20586e-22 7.33899e-22 8.29604e-22 7.44353e-22 8.38384e-22 7.54358e-22
3350.09 2.33966e-20 2.33966e-20 3.29045e-32 1.40638e-12 -1.68587e-06 2.98427e-22 1.7359e-22 3.42188e-22 2.24772e-22 3.9256e-22 2.85541e-22 4.2557e-22 3.25681e-22 4.50508e-22 3.56247e-22 4.71059e-22 3.8116e-22 4.88626e-22 4.02303e-22 5.0391e-22 4.20735e-22 5.17439e-22 4.37117e-22 5.29914e-22 4.5189e-22 5.41335e-22 4.65363e-22 5.51703e-22 4.77764e-22 5.61368e-22 4.89264e-22 5.70506e-22 4.99993e-22 5.79117e-22 5.10058e-22 5.87377e-22 5.19541e-22 5.94934e-22 5.28511e-22 6.02316e-22 5.37027e-22 6.09346e-22 5.45137e-22 6.16025e-22 5.52879e-22 6.22528e-22 5.6029e-22
3522.05 2.11688e-20 2.11688e-20 2.69343e-32 1.27236e-12 -1.10438e-06 2.22133e-22 1.29607e-22 2.54552e-22 1.67545e-22 2.91866e-22 2.12575e-22 3.16317e-22 2.42315e-22 3.3479e-22 2.6496e-22 3.50012e-22 2.83415e-22 3.63024e-22 2.99077e-22 3.74345e-22 3.12731e-22 3.84366e-22 3.24866e-22 3.93606e-22 3.35809e-22 4.02065e-22 3.4579e-22 4.09745e-22 3.54975e-22 4.16903e-22 3.63493e-22 4.23672e-22 3.71441e-22 4.3005e-22 3.78896e-22 4.36168e-22 3.8592e-22 4.41765e-22 3.92564e-22 4.47232e-22 3.98872e-22 4.52439e-22 4.04879e-22 4.57386e-22 4.10614e-22 4.62203e-22 4.16102e-22
3702.84 1.91523e-20 1.91523e-20 2.20458e-32 1.15108e-12 1.94704e-06 1.65295e-22 9.67243e-23 1.8931e-22 1.24842e-22 2.16948e-22 1.58207e-22 2.35059e-22 1.80239e-22 2.48742e-22 1.97014e-22 2.60016e-22 2.10685e-22 2.69654e-22 2.22286e-22 2.78039e-22 2.324e-22 2.8546e-22 2.41388e-22 2.92304e-22 2.49494e-22 2.9857e-22 2.56886e-22 3.04257e-22 2.6369e-22 3.09559e-22 2.69999e-22 3.14572e-22 2.75885e-22 3.19296e-22 2.81407e-22 3.23827e-22 2.8661e-22 3.27973e-22 2.9153e-22 3.32022e-22 2.96203e-22 3.35878e-22 3.00652e-22 3.39542e-22 3.04899e-22 3.43109e-22 3.08964e-22
3892.91 1.73283e-20 1.73283e-20 1.80458e-32 1.0414e-12 -9.31545e-08 1.22974e-22 7.21589e-23 1.40763e-22 9.29973e-23 1.61236e-22 1.17718e-22 1.74651e-22 1.3404e-22 1.84785e-22 1.46467e-22 1.93136e-22 1.56594e-22 2.00274e-22 1.65187e-22 2.06485e-22 1.72679e-22 2.11982e-22 1.79337e-22 2.17051e-22 1.8534e-22 2.21691e-22 1.90816e-22 2.25904e-22 1.95855e-22 2.29831e-22 2.00528e-22 2.33544e-22 2.04888e-22 2.37042e-22 2.08978e-22 2.40398e-22 2.12832e-22 2.43469e-22 2.16476e-22 2.46468e-22 2.19937e-22 2.49324e-22 2.23232e-22 2.52038e-22 2.26378e-22 2.5468e-22 2.29389e-22
4092.73 1.56775e-20 1.56775e-20 1.47707e-32 9.42159e-13 1.35436e-07 9.1464e-23 5.38107e-23 1.04641e-22 6.92526e-23 1.19805e-22 8.75674e-23 1.2974e-22 9.96582e-23 1.37246e-22 1.08863e-22 1.43431e-22 1.16364e-22 1.48718e-22 1.22729e-22 1.53318e-22 1.28278e-22 1.57389e-22 1.3321e-22 1.61143e-22 1.37656e-22 1.6458e-22 1.41712e-22 1.677e-22 1.45444e-22 1.70608e-22 1.48905e-22 1.73358e-22 1.52135e-22 1.75949e-22 1.55164e-22 1.78435e-22 1.58018e-22 1.80709e-22 1.60717e-22 1.8293e-22 1.6328e-22 1.85045e-22 1.65721e-22 1.87055e-22 1.68051e-22 1.89012e-22 1.70281e-22
4302.81 1.41842e-20 1.41842e-20 1.20902e-32 8.52365e-13 -6.73868e-07 6.80152e-23 4.01152e-23 7.77755e-23 5.15578e-23 8.90072e-23 6.51265e-23 9.63664e-23 7.4083e-23 1.01926e-22 8.09015e-23 1.06507e-22 8.64578e-23 1.10422e-22 9.11725e-23 1.13829e-22 9.52823e-23 1.16844e-22 9.89349e-23 1.19625e-22 1.02229e-22 1.2217e-22 1.05232e-22 1.24481e-22 1.07997e-22 1.26635e-22 1.1056e-22 1.28672e-22 1.12952e-22 1.30591e-22 1.15196e-22 1.32432e-22 1.1731e-22 1.34116e-22 1.19309e-22 1.35761e-22 1.21207e-22 1.37328e-22 1.23015e-22 1.38816e-22 1.2474e-22 1.40265e-22 1.26392e-22
4523.68 1.28331e-20 1.28331e-20 9.89599e-33 7.71129e-13 -6.48418e-07 5.0567e-23 2.98953e-23 5.77964e-23 3.83738e-23 6.61155e-23 4.84257e-23 7.15661e-23 5.50603e-23 7.56836e-23 6.01109e-23 7.90765e-23 6.42264e-23 8.19765e-23 6.77185e-23 8.44997e-23 7.07625e-23 8.67329e-23 7.34679e-23 8.87922e-23 7.59073e-23 9.06775e-23 7.81321e-23 9.23888e-23 8.01796e-23 9.39841e-23 8.20782e-23 9.54925e-23 8.38497e-23 9.69138e-23 8.55113e-23 9.82772e-23 8.7077e-23 9.95245e-23 8.85577e-23 1.00743e-22 8.99636e-23 1.01903e-22 9.13024e-23 1.03005e-22 9.25805e-23 1.04079e-22 9.38037e-23
4755.88 1.16106e-20 1.16106e-20 8.09952e-33 6.976e-13 6.09082e-07 3.75871e-23 2.22718e-23 4.29418e-23 2.85537e-23 4.91034e-23 3.6e-23 5.31403e-23 4.09144e-23 5.61899e-23 4.46554e-23 5.87027e-23 4.77036e-23 6.08506e-23 5.02901e-23 6.27193e-23 5.25447e-23 6.43732e-23 5.45484e-23 6.58983e-23 5.63552e-23 6.72946e-23 5.80029e-23 6.8562e-23 5.95194e-23 6.97435e-23 6.09256e-23 7.08606e-23 6.22376e-23 7.19133e-23 6.34682e-23 7.2923e-23 6.46278e-23 7.38468e-23 6.57244e-23 7.47491e-23 6.67657e-23 7.56084e-23 6.77572e-23 7.64248e-23 6.87037e-23 7.72197e-23 6.96097e-23
5000 1.05042e-20 1.05042e-20 6.62959e-33 6.31137e-13 6.9617e-07 2.79331e-23 1.6587e-23 3.18991e-23 2.1241e-23 3.64625e-23 2.67569e-23 3.94523e-23 3.0397e-23 4.17108e-23 3.31677e-23 4.35718e-23 3.54254e-23 4.51625e-23 3.73411e-23 4.65465e-23 3.90109e-23 4.77714e-23 4.04949e-23 4.89009e-23 4.1833e-23 4.99349e-23 4.30533e-23 5.08736e-23 4.41765e-23 5.17486e-23 4.52179e-23 5.25759e-23 4.61895e-23 5.33554e-23 4.71009e-23 5.41032e-23 4.79597e-23 5.47873e-23 4.87719e-23 5.54556e-23 4.9543e-23 5.6092e-23 5.02773e-23 5.66966e-23 5.09784e-23 5.72853e-23 5.16493e-23
