# 2.33182e-07 0 18 : grain size, compostion index, size index
# Heating and cooling timescale: 6380.62 252.958
# Ratio of heating to cooling to determine stochastic cutoff: 100
# Equilibrium emission is recorded even for those grains in the stochastic regime.
# Emission spectrum was computed for: 
# Type: IRSF
# Scales: 0.5 1 2 5 10
# StochasticallyHeated: 1 1 1 1 1
# Temperature: -1
# Wavelength  CExt  CAbs  CSca  Albedo G EqEm1 StEm1 EqEm2 StEm2 EqEm3 StEm3 EqEm4 StEm4 EqEm5 StEm5
0.05 5.20096e-14 5.15263e-14 4.83268e-16 0.00929191 0.0121492 0 0 0 0 0 0 0 0 0 0
0.0525665 6.02209e-14 5.97013e-14 5.19675e-16 0.00862947 0.0108186 0 0 0 0 0 0 0 0 0 0
0.0552647 6.95125e-14 6.89542e-14 5.58276e-16 0.00803131 0.00962815 0 0 0 0 0 0 0 0 0 0
0.0581015 8.32621e-14 8.26716e-14 5.90456e-16 0.00709153 0.00856178 0 0 0 0 0 0 0 0 0 0
0.0610839 1.18018e-13 1.17388e-13 6.30349e-16 0.00534113 0.00753699 0 0 0 0 0 0 0 0 0 0
0.0642193 1.49061e-13 1.48355e-13 7.06629e-16 0.00474053 0.00651931 0 0 0 0 0 0 0 0 0 0
0.0675157 1.78295e-13 1.77456e-13 8.39107e-16 0.00470629 0.00549072 0 0 0 0 0 0 0 0 0 0
0.0709813 2.04769e-13 2.03887e-13 8.81615e-16 0.00430541 0.0045884 0 0 0 0 0 0 0 0 0 0
0.0746248 1.91269e-13 1.90485e-13 7.84334e-16 0.00410068 0.00393922 0 0 0 0 0 0 0 0 0 0
0.0784553 1.50304e-13 1.49687e-13 6.16872e-16 0.00410417 0.00350657 0 0 0 0 0 0 0 0 0 0
0.0824824 1.19253e-13 1.18816e-13 4.36587e-16 0.00366103 0.00326287 0 0 0 0 0 0 0 0 0 0
0.0867162 9.98687e-14 9.95324e-14 3.36293e-16 0.00336735 0.00312009 0 0 0 0 0 0 0 0 0 0
0.0911674 8.71311e-14 8.68486e-14 2.82488e-16 0.0032421 0.00301801 0 0 0 0 0 0 0 0 0 0
0.095847 7.79496e-14 7.77247e-14 2.24915e-16 0.00288539 0.00317171 0 0 0 0 0 0 0 0 0 0
0.100767 6.83848e-14 6.82312e-14 1.53528e-16 0.00224507 0.00370027 0 0 0 0 0 0 0 0 0 0
0.105939 5.95946e-14 5.94883e-14 1.06314e-16 0.00178395 0.00399965 0 0 0 0 0 0 0 0 0 0
0.111377 5.11179e-14 5.10531e-14 6.48523e-17 0.00126868 0.00457943 0 0 0 0 0 0 0 0 0 0
0.117094 4.33128e-14 4.32725e-14 4.03133e-17 0.000930748 0.00421135 0 0 0 0 0 0 0 0 0 0
0.123105 3.64014e-14 3.63752e-14 2.62169e-17 0.000720217 0.00361603 0 0 0 0 0 0 0 0 0 0
0.129424 3.06154e-14 3.05985e-14 1.68384e-17 0.000549999 0.00304176 0 0 0 0 0 0 0 0 0 0
0.136067 2.7761e-14 2.77501e-14 1.0897e-17 0.000392529 0.00257404 0 0 0 0 0 0 0 0 0 0
0.143051 2.51938e-14 2.51866e-14 7.15157e-18 0.000283862 0.00219619 0 0 0 0 0 0 0 0 0 0
0.150394 2.37966e-14 2.37918e-14 4.86821e-18 0.000204576 0.00187517 0 0 0 0 0 0 0 0 0 0
0.158114 2.35196e-14 2.35159e-14 3.67826e-18 0.000156391 0.00160612 0 0 0 0 0 0 0 0 0 0
0.16623 2.44536e-14 2.44502e-14 3.39365e-18 0.000138779 0.00138106 0 0 0 0 0 0 0 0 0 0
0.174762 2.67911e-14 2.67871e-14 4.08309e-18 0.000152404 0.00118777 0 0 0 0 0 0 0 0 0 0
0.183733 3.09558e-14 3.09499e-14 5.8233e-18 0.000188117 0.00101185 0 0 0 0 0 0 0 0 0 0
0.193164 3.83198e-14 3.83106e-14 9.24729e-18 0.000241319 0.000842152 0 0 0 0 0 0 0 0 0 0
0.203079 5.0194e-14 5.01799e-14 1.41373e-17 0.000281653 0.000675328 0 0 0 0 0 0 0 0 0 0
0.213503 6.18348e-14 6.18174e-14 1.74108e-17 0.000281569 0.00051936 0 0 0 0 0 0 0 0 0 0
0.224463 5.93794e-14 5.93649e-14 1.4505e-17 0.000244276 0.000384612 0 0 0 0 0 0 0 0 0 0
0.235984 4.58833e-14 4.58735e-14 9.84025e-18 0.000214462 0.000274622 0 0 0 0 0 0 0 0 0 0
0.248097 3.46539e-14 3.46475e-14 6.36337e-18 0.000183626 0.00021019 0 0 0 0 0 0 0 0 0 0
0.260832 2.77341e-14 2.77297e-14 4.36631e-18 0.000157435 0.000218093 0 0 0 0 0 0 0 0 0 0
0.274221 2.35909e-14 2.35877e-14 3.14723e-18 0.000133409 0.000291086 0 0 0 0 0 0 0 0 0 0
0.288297 2.10048e-14 2.10025e-14 2.34465e-18 0.000111625 0.000390803 0 0 0 0 0 0 0 0 0 0
0.303095 1.9033e-14 1.90312e-14 1.80616e-18 9.48963e-05 0.000438552 0 0 0 0 0 0 0 0 0 0
0.318653 1.66391e-14 1.66377e-14 1.40603e-18 8.45017e-05 0.00045789 0 0 0 0 0 0 0 0 0 0
0.335009 1.46216e-14 1.46205e-14 1.10722e-18 7.57254e-05 0.000450494 0 0 0 0 0 0 0 0 0 0
0.352205 1.27648e-14 1.27639e-14 8.8271e-19 6.91517e-05 0.000427591 0 0 0 0 0 0 0 0 0 0
0.370284 1.10653e-14 1.10646e-14 7.09967e-19 6.41618e-05 0.000399834 0 0 0 0 0 0 0 0 0 0
0.389291 9.52055e-15 9.51997e-15 5.75434e-19 6.04412e-05 0.000372832 0 0 0 0 0 0 0 0 0 0
0.409273 8.13053e-15 8.13006e-15 4.67793e-19 5.75354e-05 0.000346601 0 0 0 0 0 0 0 0 0 0
0.430281 6.887e-15 6.88662e-15 3.80671e-19 5.52738e-05 0.000321671 0 0 0 0 0 0 0 0 0 0
0.452368 5.78304e-15 5.78274e-15 3.09731e-19 5.35584e-05 0.000295906 0 0 0 0 0 0 0 0 0 0
0.475588 4.81205e-15 4.8118e-15 2.52181e-19 5.2406e-05 0.000271223 0 0 0 0 0 0 0 0 0 0
0.5 3.96779e-15 3.96759e-15 2.05866e-19 5.18843e-05 0.000247537 0 0 0 0 0 0 0 0 0 0
0.525665 3.23838e-15 3.23822e-15 1.6824e-19 5.19517e-05 0.000225138 0 0 0 0 0 0 0 0 0 0
0.552647 2.61449e-15 2.61436e-15 1.37541e-19 5.26072e-05 0.000204731 0 0 0 0 0 0 0 0 0 0
0.581015 2.08747e-15 2.08735e-15 1.12993e-19 5.41294e-05 0.000185764 0 0 0 0 0 0 0 0 0 0
0.610839 1.64691e-15 1.64681e-15 9.2854e-20 5.63809e-05 0.000168582 0 0 0 0 0 0 0 0 0 0
0.642193 1.28166e-15 1.28158e-15 7.62918e-20 5.95259e-05 0.000152996 0 0 0 0 0 0 0 0 0 0
0.675157 9.8168e-16 9.81617e-16 6.27559e-20 6.3927e-05 0.000138916 0 0 0 0 0 0 0 0 0 0
0.709813 7.37436e-16 7.37384e-16 5.17092e-20 7.01202e-05 0.000126286 0 0 0 0 0 0 0 0 0 0
0.746248 5.35036e-16 5.34993e-16 4.26144e-20 7.96478e-05 0.000115002 0 0 0 0 0 0 0 0 0 0
0.784553 3.5374e-16 3.53704e-16 3.51086e-20 9.92497e-05 0.000104755 0 0 0 0 0 0 0 0 0 0
0.824824 1.86648e-16 1.86619e-16 2.89183e-20 0.000154935 9.55575e-05 0 0 0 0 0 0 0 0 0 0
0.867162 1.10143e-16 1.10119e-16 2.38284e-20 0.00021634 8.7282e-05 0 0 0 0 0 0 0 0 0 0
0.911674 7.55389e-17 7.55193e-17 1.9624e-20 0.000259786 7.97956e-05 0 0 0 0 0 0 0 0 0 7.00649e-45
0.95847 3.78752e-17 3.7859e-17 1.61479e-20 0.000426346 7.30859e-05 0 0 0 0 0 1.4013e-45 0 1.12104e-44 0 1.03696e-43
1.00767 1.05274e-17 1.05141e-17 1.32886e-20 0.00126229 6.69931e-05 0 0 0 1.4013e-45 0 7.00649e-45 0 9.52883e-44 0 7.90332e-43
1.05939 2.89385e-18 2.88292e-18 1.0931e-20 0.00377734 6.14665e-05 0 2.8026e-45 0 9.80909e-45 0 5.60519e-44 0 6.74025e-43 0 5.21143e-42
1.11377 9.44255e-19 9.35266e-19 8.98895e-21 0.00951962 5.64354e-05 0 1.82169e-44 0 8.82818e-44 0 4.58225e-43 0 4.97881e-42 0 3.59209e-41
1.17094 3.57068e-19 3.49679e-19 7.3887e-21 0.0206927 5.17385e-05 0 1.65353e-43 0 7.48293e-43 0 3.73026e-42 0 3.74329e-41 0 2.53126e-40
1.23105 1.58361e-19 1.52285e-19 6.07615e-21 0.0383689 4.74385e-05 0 1.44894e-42 0 6.43616e-42 0 3.0914e-41 0 2.90149e-40 0 1.84947e-39
1.29424 8.41284e-20 7.913e-20 4.99838e-21 0.0594137 4.34827e-05 0 1.32451e-41 0 5.76046e-41 0 2.68392e-40 0 2.38064e-39 0 1.43913e-38
1.36067 5.59528e-20 5.18434e-20 4.10937e-21 0.0734437 3.98794e-05 0 1.34358e-40 0 5.71698e-40 0 2.59332e-39 0 2.19146e-38 0 1.26365e-37
1.43051 4.61905e-20 4.28136e-20 3.37693e-21 0.0731088 3.65965e-05 0 1.53073e-39 0 6.3479e-39 0 2.80585e-38 0 2.27113e-37 0 1.2554e-36
1.50394 4.42798e-20 4.15038e-20 2.77604e-21 0.0626932 3.35621e-05 0 1.84883e-38 0 7.41894e-38 0 3.18912e-37 0 2.47904e-36 0 1.31868e-35
1.58114 4.59659e-20 4.36838e-20 2.28211e-21 0.0496479 3.07331e-05 0 2.21997e-37 0 8.53435e-37 0 3.55093e-36 0 2.65028e-35 0 1.36002e-34
1.6623 4.96185e-20 4.77423e-20 1.87625e-21 0.0378135 2.8109e-05 0 2.56546e-36 0 9.34401e-36 0 3.73672e-35 0 2.66981e-34 0 1.32306e-33
1.74762 5.46124e-20 5.30697e-20 1.54275e-21 0.0282491 2.57444e-05 0 2.8181e-35 0 9.63196e-35 0 3.67197e-34 0 2.49814e-33 0 1.19501e-32
1.83733 6.07642e-20 5.94958e-20 1.26839e-21 0.0208739 2.35831e-05 0 2.92625e-34 0 9.33609e-34 0 3.36739e-33 0 2.16669e-32 0 9.98762e-32
1.93164 6.81245e-20 6.70821e-20 1.04242e-21 0.0153017 2.15987e-05 0 2.85847e-33 0 8.5156e-33 0 2.89128e-32 0 1.74737e-31 0 7.74132e-31
2.03079 7.69094e-20 7.60529e-20 8.56513e-22 0.0111367 1.97573e-05 0 2.61333e-32 0 7.3076e-32 0 2.33239e-31 0 1.31671e-30 0 5.58946e-30
2.13503 8.75346e-20 8.68303e-20 7.04311e-22 0.00804608 1.80729e-05 0 2.22748e-31 0 5.89463e-31 0 1.77277e-30 0 9.32057e-30 0 3.78066e-29
2.24463 1.00637e-19 1.00058e-19 5.7889e-22 0.00575225 1.65379e-05 0 1.76651e-30 0 4.4647e-30 0 1.2717e-29 0 6.22745e-29 0 2.40897e-28
2.35984 1.17332e-19 1.16856e-19 4.75624e-22 0.00405365 1.5123e-05 0 1.30564e-29 0 3.17896e-29 0 8.6328e-29 0 3.94875e-28 1.4013e-45 1.45563e-27
2.48097 1.3973e-19 1.3934e-19 3.90712e-22 0.00279618 1.3816e-05 0 9.05349e-29 0 2.13943e-28 0 5.57774e-28 0 2.39495e-27 6.30584e-44 8.41795e-27
2.60832 1.72427e-19 1.72106e-19 3.21228e-22 0.00186298 1.26101e-05 0 5.97938e-28 0 1.37971e-27 0 3.47599e-27 0 1.40962e-26 4.05396e-42 4.73256e-26
2.74221 2.26401e-19 2.26137e-19 2.64011e-22 0.00116612 1.15126e-05 0 3.86916e-27 0 8.75942e-27 0 2.1448e-26 3.36312e-44 8.26824e-26 2.2746e-40 2.6586e-25
2.88297 3.35738e-19 3.35521e-19 2.16818e-22 0.000645796 1.05196e-05 0 2.60987e-26 0 5.81858e-26 0 1.39137e-25 2.6961e-42 5.13116e-25 1.18538e-38 1.58527e-24
3.03095 6.62959e-19 6.62781e-19 1.78092e-22 0.000268633 9.61774e-06 0 2.16956e-25 0 4.77701e-25 1.4013e-45 1.12e-24 2.33966e-40 3.97426e-24 6.82872e-37 1.18388e-23
3.18653 3.39691e-18 3.39676e-18 1.46308e-22 4.3071e-05 8.78097e-06 0 4.34407e-24 0 9.46741e-24 4.24593e-43 2.18335e-23 4.32553e-38 7.49312e-23 8.55145e-35 2.15974e-22
3.35009 1.83262e-17 1.83261e-17 1.20157e-22 6.55657e-06 8.01159e-06 0 8.52681e-23 8.40779e-45 1.84256e-22 1.20391e-40 4.19056e-22 6.98075e-36 1.39716e-21 9.5275e-33 3.90956e-21
3.52205 1.08442e-18 1.08432e-18 9.86328e-23 9.09547e-05 7.3115e-06 0 1.71454e-23 3.50325e-44 3.67849e-23 3.04607e-40 8.26781e-23 1.03391e-35 2.68817e-22 9.91956e-33 7.32542e-22
3.70284 5.28362e-19 5.28281e-19 8.09998e-23 0.000153304 6.67146e-06 0 2.65977e-23 9.41673e-43 5.67176e-23 5.21868e-39 1.26196e-22 1.06438e-34 4.01429e-22 7.30316e-32 1.06833e-21
3.89291 4.20906e-19 4.20839e-19 6.64948e-23 0.00015798 6.08061e-06 2.8026e-45 6.34008e-23 3.33845e-41 1.34492e-22 1.21376e-37 2.96642e-22 1.52496e-33 9.25729e-22 7.60656e-31 2.41213e-21
4.09273 4.10413e-19 4.10359e-19 5.45798e-23 0.000132987 5.52294e-06 1.77965e-43 1.74348e-22 1.18823e-39 3.68171e-22 2.89501e-36 8.05918e-22 2.29424e-32 2.47309e-21 8.4498e-30 6.32338e-21
4.30281 4.41034e-19 4.4099e-19 4.47907e-23 0.000101558 5.01875e-06 8.88984e-42 4.99412e-22 3.86272e-38 1.05044e-21 6.43111e-35 2.28416e-21 3.28785e-31 6.90608e-21 9.07458e-29 1.73618e-20
4.52368 5.03719e-19 5.03683e-19 3.67684e-23 7.29939e-05 4.55994e-06 3.86671e-40 1.44095e-21 1.11622e-36 3.02027e-21 1.29378e-33 6.52925e-21 4.35929e-30 1.9483e-20 9.14439e-28 4.82426e-20
4.75588 6.11161e-19 6.1113e-19 3.01713e-23 4.93672e-05 4.13925e-06 1.47768e-38 4.19672e-21 2.89093e-35 8.76933e-21 2.37436e-32 1.88597e-20 5.38112e-29 5.56219e-20 8.69471e-27 1.35862e-19
5 8.48411e-19 8.48386e-19 2.47506e-23 2.91729e-05 3.73686e-06 5.39321e-37 1.33221e-20 7.28787e-34 2.7761e-20 4.31332e-31 5.94295e-20 6.70375e-28 1.7345e-19 8.45041e-26 4.18494e-19
5.25665 2.33243e-18 2.33241e-18 2.03085e-23 8.70702e-06 3.37603e-06 3.28279e-35 7.99752e-20 3.11989e-32 1.66247e-19 1.35207e-29 3.54431e-19 1.46785e-26 1.02479e-18 1.46111e-24 2.4453e-18
5.52648 2.00929e-18 2.00927e-18 1.66626e-23 8.29278e-06 3.05315e-06 5.31696e-34 1.43991e-19 3.61549e-31 2.98661e-19 1.16489e-28 6.34384e-19 8.98991e-26 1.81885e-18 7.14838e-24 4.29668e-18
5.81015 3.41077e-18 3.41076e-18 1.36625e-23 4.00568e-06 2.75844e-06 1.45264e-32 4.90052e-19 7.18399e-30 1.01444e-18 1.74593e-27 2.1476e-18 9.73909e-25 6.11078e-18 6.25435e-23 1.43046e-17
6.10839 1.12058e-17 1.12058e-17 1.11996e-23 9.99439e-07 2.48226e-06 6.62518e-31 3.10308e-18 2.42028e-28 6.41206e-18 4.49832e-26 1.35339e-17 1.84267e-23 3.82455e-17 9.65725e-22 8.87891e-17
6.42193 7.47964e-18 7.47963e-18 9.18058e-24 1.22741e-06 2.25607e-06 5.33345e-30 3.84537e-18 1.46068e-27 7.93303e-18 2.10353e-25 1.66988e-17 6.42387e-23 4.68957e-17 2.77495e-21 1.08051e-16
6.75157 6.14748e-18 6.14747e-18 7.5266e-24 1.22434e-06 2.01436e-06 4.62467e-29 5.66306e-18 9.62981e-27 1.16658e-17 1.088e-24 2.44957e-17 2.51281e-22 6.84021e-17 9.03167e-21 1.56515e-16
7.09813 6.90729e-18 6.90729e-18 6.16714e-24 8.92845e-07 1.80352e-06 4.82719e-28 1.10244e-17 7.74517e-26 2.26796e-17 6.94715e-24 4.75156e-17 1.23009e-21 1.31997e-16 3.71189e-20 3.00116e-16
7.46248 1.58613e-17 1.58613e-17 5.05172e-24 3.18493e-07 1.60954e-06 9.12324e-27 4.24845e-17 1.14239e-24 8.72933e-17 8.22709e-23 1.82511e-16 1.1314e-20 5.04607e-16 2.89088e-19 1.14059e-15
7.84553 1.98607e-17 1.98607e-17 4.13954e-24 2.08429e-07 1.42262e-06 8.37986e-26 8.6619e-17 8.28864e-24 1.77778e-16 4.84428e-22 3.70996e-16 5.23834e-20 1.02125e-15 1.1426e-18 2.29586e-15
8.24824 8.03365e-18 8.03364e-18 3.39095e-24 4.22094e-07 1.24861e-06 2.22851e-25 5.54396e-17 1.76135e-23 1.13668e-16 8.43983e-22 2.36797e-16 7.26093e-20 6.49199e-16 1.36248e-18 1.45209e-15
8.67162 8.60953e-18 8.60953e-18 2.77588e-24 3.2242e-07 1.09773e-06 1.41486e-24 9.14939e-17 9.0341e-23 1.87412e-16 3.58363e-21 3.89796e-16 2.48041e-19 1.06464e-15 4.0336e-18 2.37002e-15
9.11674 3.23764e-18 3.23764e-18 2.27238e-24 7.01861e-07 9.62909e-07 2.85468e-24 5.16381e-17 1.48797e-22 1.0568e-16 4.93162e-21 2.19474e-16 2.77552e-19 5.97326e-16 3.93894e-18 1.32377e-15
9.5847 2.69261e-18 2.69261e-18 1.85943e-24 6.90568e-07 8.41616e-07 1.15925e-23 6.28997e-17 4.98171e-22 1.28621e-16 1.39169e-20 2.66742e-16 6.43335e-19 7.23556e-16 8.02093e-18 1.59668e-15
10.0767 2.86639e-18 2.86639e-18 1.52087e-24 5.30586e-07 7.28378e-07 5.50898e-23 9.58266e-17 1.97031e-21 1.95799e-16 4.67835e-20 4.05521e-16 1.7935e-18 1.09652e-15 1.97692e-17 2.40981e-15
10.5939 3.93961e-18 3.93961e-18 1.24302e-24 3.15517e-07 6.19831e-07 3.10386e-22 1.84388e-16 9.3222e-21 3.76474e-16 1.89633e-19 7.78733e-16 6.08422e-18 2.09927e-15 5.9649e-17 4.5953e-15
11.1377 2.01477e-17 2.01477e-17 1.01515e-24 5.03856e-08 5.18676e-07 6.00014e-21 1.29289e-15 1.52628e-19 2.63789e-15 2.68009e-18 5.44978e-15 7.25933e-17 1.4648e-14 6.36635e-16 3.19408e-14
11.7094 1.058e-17 1.058e-17 8.36792e-25 7.90921e-08 4.29871e-07 1.10256e-20 9.12541e-16 2.39473e-19 1.86057e-15 3.65602e-18 3.83932e-15 8.42953e-17 1.02896e-14 6.64901e-16 2.23522e-14
12.3105 1.08928e-17 1.08928e-17 6.80398e-25 6.24632e-08 3.35832e-07 3.69129e-20 1.23916e-15 6.89859e-19 2.52481e-15 9.21971e-18 5.20393e-15 1.82379e-16 1.39073e-14 1.30057e-15 3.00974e-14
12.9424 8.89482e-18 8.89482e-18 5.55579e-25 6.24609e-08 2.44925e-07 9.14076e-20 1.31076e-15 1.48075e-18 2.66892e-15 1.74367e-17 5.49462e-15 2.98149e-16 1.46428e-14 1.9317e-15 3.15703e-14
13.6067 6.69615e-18 6.69615e-18 4.5367e-25 6.77509e-08 1.69315e-07 1.95276e-19 1.25646e-15 2.76118e-18 2.55666e-15 2.88263e-17 5.25746e-15 4.291e-16 1.39712e-14 2.53772e-15 3.00091e-14
14.3051 5.1252e-18 5.1252e-18 3.70158e-25 7.22232e-08 1.02757e-07 3.98186e-19 1.20461e-15 4.94723e-18 2.44954e-15 4.60595e-17 5.03136e-15 6.00939e-16 1.33324e-14 3.25858e-15 2.8528e-14
15.0394 4.18781e-18 4.18781e-18 3.01843e-25 7.20765e-08 4.32635e-08 8.16268e-19 1.21376e-15 8.96772e-18 2.46648e-15 7.4874e-17 5.06024e-15 8.61743e-16 1.33703e-14 4.30259e-15 2.84989e-14
15.8114 4.31409e-18 4.31409e-18 2.46129e-25 5.70524e-08 -1.2212e-08 1.99247e-18 1.51892e-15 1.94725e-17 3.08448e-15 1.46579e-16 6.32061e-15 1.49732e-15 1.66515e-14 6.91149e-15 3.53534e-14
16.623 6.01782e-18 6.01782e-18 2.00661e-25 3.33445e-08 -6.84648e-08 6.23739e-18 2.53719e-15 5.45376e-17 5.14872e-15 3.72002e-16 1.05378e-14 3.39244e-15 2.76783e-14 1.45324e-14 5.85288e-14
17.4762 5.15603e-18 5.15603e-18 1.63507e-25 3.17118e-08 -1.2234e-07 1.13891e-17 2.56761e-15 8.95791e-17 5.20673e-15 5.56344e-16 1.06432e-14 4.55451e-15 2.78694e-14 1.81727e-14 5.86904e-14
18.3733 3.38304e-18 3.38304e-18 1.33161e-25 3.93613e-08 -1.72913e-07 1.51616e-17 1.96381e-15 1.07827e-16 3.97939e-15 6.12548e-16 8.12398e-15 4.52541e-15 2.12055e-14 1.6877e-14 4.44681e-14
19.3164 2.83603e-18 2.83603e-18 1.08586e-25 3.8288e-08 -2.2499e-07 2.46093e-17 1.89494e-15 1.59033e-16 3.83694e-15 8.29976e-16 7.82284e-15 5.56134e-15 2.0353e-14 1.94495e-14 4.24947e-14
20.3079 2.42022e-18 2.42022e-18 8.86032e-26 3.66095e-08 -2.84246e-07 3.88938e-17 1.83895e-15 2.29456e-16 3.72067e-15 1.1047e-15 7.57547e-15 6.74568e-15 1.96432e-14 2.21927e-14 4.08286e-14
21.3503 2.09085e-18 2.09085e-18 7.2375e-26 3.46152e-08 -3.28026e-07 5.96496e-17 1.78574e-15 3.22696e-16 3.6101e-15 1.43884e-15 7.34001e-15 8.04326e-15 1.89666e-14 2.49673e-14 3.92395e-14
22.4463 1.81345e-18 1.81345e-18 5.93103e-26 3.27057e-08 -3.62801e-07 8.82222e-17 1.72164e-15 4.39508e-16 3.4776e-15 1.82176e-15 7.06033e-15 9.36311e-15 1.81782e-14 2.75011e-14 3.74282e-14
23.5984 1.57555e-18 1.57555e-18 4.88945e-26 3.10333e-08 -3.91749e-07 1.25795e-16 1.64497e-15 5.79433e-16 3.31988e-15 2.24067e-15 6.72994e-15 1.06317e-14 1.72629e-14 2.96278e-14 3.53671e-14
24.8097 1.37053e-18 1.37053e-18 4.06561e-26 2.96646e-08 -4.36075e-07 1.73168e-16 1.55758e-15 7.40325e-16 3.14069e-15 2.67992e-15 6.35671e-15 1.17853e-14 1.62423e-14 3.12408e-14 3.31048e-14
26.0832 1.19405e-18 1.19405e-18 3.42433e-26 2.86784e-08 -4.65139e-07 2.30627e-16 1.46267e-15 9.18458e-16 2.94657e-15 3.12237e-15 5.95408e-15 1.27736e-14 1.51521e-14 3.22886e-14 3.07177e-14
27.4221 1.04261e-18 1.04261e-18 2.92408e-26 2.80456e-08 -4.86549e-07 2.97864e-16 1.3637e-15 1.10884e-15 2.74454e-15 3.551e-15 5.5364e-15 1.35621e-14 1.40298e-14 3.2767e-14 2.82844e-14
28.8297 9.12438e-19 9.12438e-19 2.53899e-26 2.78264e-08 -4.96644e-07 3.73675e-16 1.26284e-15 1.30459e-15 2.53898e-15 3.94719e-15 5.11262e-15 1.41215e-14 1.28988e-14 3.26838e-14 2.5854e-14
30.3095 8.0025e-19 8.0025e-19 2.23181e-26 2.78889e-08 -5.0005e-07 4.56008e-16 1.1619e-15 1.49778e-15 2.33356e-15 4.29337e-15 4.6902e-15 1.44345e-14 1.17784e-14 3.20721e-14 2.34663e-14
31.8653 7.03405e-19 7.03405e-19 1.96089e-26 2.78771e-08 -4.91686e-07 5.42125e-16 1.06257e-15 1.68022e-15 2.13169e-15 4.57515e-15 4.27604e-15 1.44996e-14 1.06863e-14 3.0991e-14 2.1157e-14
33.5009 6.19906e-19 6.19906e-19 1.71993e-26 2.7745e-08 -4.84077e-07 6.29009e-16 9.66611e-16 1.84481e-15 1.93691e-15 4.78382e-15 3.87728e-15 1.43332e-14 9.64042e-15 2.95275e-14 1.89614e-14
35.2206 5.47435e-19 5.47435e-19 1.47293e-26 2.69061e-08 -4.5463e-07 7.12802e-16 8.74491e-16 1.98365e-15 1.75015e-15 4.91044e-15 3.49573e-15 1.39483e-14 8.6451e-15 2.77472e-14 1.68877e-14
37.0284 4.84375e-19 4.84375e-19 1.2459e-26 2.57218e-08 -4.29016e-07 7.8983e-16 7.86993e-16 2.09099e-15 1.57296e-15 4.95264e-15 3.13451e-15 1.33731e-14 7.70786e-15 2.57347e-14 1.49497e-14
38.9291 4.29425e-19 4.29425e-19 1.03501e-26 2.41022e-08 -3.89188e-07 8.56812e-16 7.04781e-16 2.16319e-15 1.40667e-15 4.91317e-15 2.79618e-15 1.26433e-14 6.83474e-15 2.35766e-14 1.31579e-14
40.9273 3.81454e-19 3.81454e-19 8.51523e-27 2.23231e-08 -3.51971e-07 9.1099e-16 6.28256e-16 2.19853e-15 1.25205e-15 4.79835e-15 2.48224e-15 1.17966e-14 6.02895e-15 2.13512e-14 1.15169e-14
43.0282 3.39366e-19 3.39366e-19 6.94686e-27 2.04701e-08 -2.99396e-07 9.49971e-16 5.57405e-16 2.1964e-15 1.10906e-15 4.61565e-15 2.19252e-15 1.08663e-14 5.2896e-15 1.91194e-14 1.00232e-14
45.2368 3.02349e-19 3.02349e-19 5.64832e-27 1.86814e-08 -2.43981e-07 9.72459e-16 4.92297e-16 2.15865e-15 9.77811e-16 4.37623e-15 1.92718e-15 9.88803e-15 4.61647e-15 1.69388e-14 8.67448e-15
47.5588 2.69794e-19 2.69794e-19 4.58109e-27 1.69799e-08 -1.47659e-07 9.78352e-16 4.33007e-16 2.08932e-15 8.58429e-16 4.09368e-15 1.68637e-15 8.89648e-15 4.00929e-15 1.48593e-14 7.46813e-15
50 2.41056e-19 2.41056e-19 3.71614e-27 1.54161e-08 -4.92132e-08 9.67987e-16 3.79285e-16 1.99264e-15 7.50392e-16 3.78e-15 1.46896e-15 7.91746e-15 3.46468e-15 1.29115e-14 6.3956e-15
52.5665 2.15607e-19 2.15607e-19 3.0127e-27 1.39731e-08 5.0122e-08 9.42516e-16 3.30862e-16 1.87374e-15 6.53139e-16 3.44714e-15 1.27375e-15 6.97269e-15 2.97906e-15 1.11167e-14 5.44801e-15
55.2648 1.93034e-19 1.93034e-19 2.44289e-27 1.26552e-08 1.46187e-07 9.03844e-16 2.8748e-16 1.73842e-15 5.66131e-16 3.10664e-15 1.09958e-15 6.08001e-15 2.54895e-15 9.48881e-15 4.61673e-15
58.1015 1.73036e-19 1.73036e-19 1.98359e-27 1.14635e-08 2.25597e-07 8.54572e-16 2.48912e-16 1.59293e-15 4.88891e-16 2.76944e-15 9.45404e-16 5.25368e-15 2.17114e-15 8.03582e-15 3.89363e-15
61.0839 1.55231e-19 1.55231e-19 1.61129e-27 1.038e-08 2.92484e-07 7.96906e-16 2.14713e-16 1.44197e-15 4.20512e-16 2.44262e-15 8.09355e-16 4.49924e-15 1.84051e-15 6.75254e-15 3.26729e-15
64.2193 1.39355e-19 1.39355e-19 1.3094e-27 9.39614e-09 3.39507e-07 7.33444e-16 1.84543e-16 1.29034e-15 3.60294e-16 2.13266e-15 6.89958e-16 3.82067e-15 1.55291e-15 5.63258e-15 2.7282e-15
67.5157 1.252e-19 1.252e-19 1.06491e-27 8.50567e-09 3.70184e-07 6.66763e-16 1.58075e-16 1.14222e-15 3.07568e-16 1.84452e-15 5.85808e-16 3.219e-15 1.30436e-15 4.66642e-15 2.26738e-15
70.9813 1.12569e-19 1.12569e-19 8.66915e-28 7.70116e-09 4.00035e-07 5.99141e-16 1.34967e-16 1.00088e-15 2.61634e-16 1.58121e-15 4.95445e-16 2.69219e-15 1.09085e-15 3.84147e-15 1.87589e-15
74.6248 1.01264e-19 1.01264e-19 7.05929e-28 6.97116e-09 4.02209e-07 5.32368e-16 1.14852e-16 8.68444e-16 2.21745e-16 1.34389e-15 4.17326e-16 2.23556e-15 9.08195e-16 3.1428e-15 1.54483e-15
78.4553 9.11356e-20 9.11356e-20 5.74964e-28 6.30889e-09 4.08848e-07 4.68034e-16 9.74153e-17 7.46553e-16 1.87259e-16 1.13296e-15 3.50121e-16 1.84389e-15 7.528e-16 2.55621e-15 1.26647e-15
82.4824 8.20725e-20 8.20725e-20 4.68719e-28 5.71103e-09 3.90078e-07 4.07449e-16 8.23808e-17 6.36298e-16 1.57611e-16 9.48067e-16 2.92648e-16 1.51156e-15 6.21443e-16 2.06815e-15 1.03395e-15
86.7162 7.39435e-20 7.39435e-20 3.82256e-28 5.16956e-09 3.63231e-07 3.51375e-16 6.94534e-17 5.37884e-16 1.32202e-16 7.87695e-16 2.43677e-16 1.23182e-15 5.10875e-16 1.66476e-15 8.40585e-16
91.1674 6.66405e-20 6.66405e-20 3.11772e-28 4.67842e-09 3.23874e-07 3.003e-16 5.83729e-17 4.51134e-16 1.10502e-16 6.49997e-16 2.02116e-16 9.98182e-16 4.18228e-16 1.33349e-15 6.80535e-16
95.847 6.00768e-20 6.00768e-20 2.54312e-28 4.23312e-09 2.79061e-07 2.54481e-16 4.8911e-17 3.75593e-16 9.20477e-17 5.32944e-16 1.67007e-16 8.04583e-16 3.40994e-16 1.06325e-15 5.48747e-16
100.767 5.4189e-20 5.4189e-20 2.07631e-28 3.83161e-09 2.48554e-07 2.13992e-16 4.08707e-17 3.10617e-16 7.64349e-17 4.34459e-16 1.37517e-16 6.45481e-16 2.76996e-16 8.4436e-16 4.40877e-16
105.939 4.88886e-20 4.88886e-20 1.69502e-28 3.46711e-09 2.20304e-07 1.78587e-16 3.40494e-17 2.55197e-16 6.32541e-17 3.52159e-16 1.12812e-16 5.15403e-16 2.24131e-16 6.67796e-16 3.52868e-16
111.377 4.41146e-20 4.41146e-20 1.38357e-28 3.13632e-09 1.46362e-07 1.47979e-16 2.82814e-17 2.08369e-16 5.21687e-17 2.83918e-16 9.22028e-17 4.09712e-16 1.80664e-16 5.26122e-16 2.81389e-16
117.094 3.98183e-20 3.98183e-20 1.12983e-28 2.83747e-09 1.45748e-07 1.21811e-16 2.34235e-17 1.69167e-16 4.28867e-17 2.27776e-16 7.5094e-17 3.24378e-16 1.45105e-16 4.13059e-16 2.23623e-16
123.105 3.59519e-20 3.59519e-20 9.23379e-29 2.56837e-09 9.8908e-08 9.96556e-17 1.93458e-17 1.36613e-16 3.51445e-17 1.81903e-16 6.09514e-17 2.55856e-16 1.16145e-16 3.23249e-16 1.7714e-16
129.424 3.24649e-20 3.24649e-20 7.55314e-29 2.32656e-09 6.53601e-08 8.10457e-17 1.59305e-17 1.09756e-16 2.87042e-17 1.4462e-16 4.92975e-17 2.01065e-16 9.26389e-17 2.52157e-16 1.39858e-16
136.067 2.93188e-20 2.93188e-20 6.18333e-29 2.109e-09 2.65632e-08 6.55422e-17 1.3079e-17 8.77511e-17 2.33663e-17 1.14496e-16 3.97328e-17 1.57457e-16 7.3638e-17 1.96105e-16 1.10072e-16
143.051 2.64858e-20 2.64858e-20 5.06927e-29 1.91396e-09 2.90546e-08 5.27379e-17 1.07085e-17 6.98548e-17 1.89631e-17 9.03101e-17 3.19218e-17 1.22932e-16 5.83548e-17 1.52115e-16 8.63858e-17
150.394 2.393e-20 2.393e-20 4.15475e-29 1.73621e-09 -1.57888e-08 4.22286e-17 8.74214e-18 5.53746e-17 1.53407e-17 7.09744e-17 2.55624e-17 9.56901e-17 4.60995e-17 1.17687e-16 6.76039e-17
158.114 2.16219e-20 2.16219e-20 3.40018e-29 1.57256e-09 -4.57535e-08 3.36562e-17 7.11559e-18 4.37192e-17 1.23702e-17 5.55837e-17 2.04027e-17 7.4269e-17 3.63056e-17 9.08209e-17 5.27571e-17
166.23 1.95375e-20 1.95375e-20 2.78089e-29 1.42336e-09 -3.82107e-08 2.67073e-17 5.77453e-18 3.4387e-17 9.94322e-18 4.33884e-17 1.62325e-17 5.7487e-17 2.85079e-17 6.99227e-17 4.10611e-17
174.763 1.76597e-20 1.76597e-20 2.27532e-29 1.28843e-09 -8.39967e-08 2.11121e-17 4.67362e-18 2.69584e-17 7.96955e-18 3.37739e-17 1.28779e-17 4.43957e-17 2.23272e-17 5.37283e-17 3.18852e-17
183.733 1.59626e-20 1.59626e-20 1.86076e-29 1.1657e-09 -9.67821e-08 1.66248e-17 3.77137e-18 2.10639e-17 6.36781e-18 2.62136e-17 1.01854e-17 3.42027e-17 1.74382e-17 4.11974e-17 2.4699e-17
193.164 1.44286e-20 1.44286e-20 1.52137e-29 1.05441e-09 -7.05133e-08 1.30436e-17 3.0343e-18 1.64064e-17 5.07244e-18 2.029e-17 8.03196e-18 2.62899e-17 1.35837e-17 3.15261e-17 1.90874e-17
203.079 1.30438e-20 1.30438e-20 1.24414e-29 9.53823e-10 -9.89126e-08 1.02003e-17 2.4344e-18 1.27425e-17 4.02896e-18 1.56665e-17 6.31632e-18 2.01668e-17 1.05555e-17 2.40828e-17 1.47196e-17
213.503 1.17938e-20 1.17938e-20 1.01784e-29 8.63032e-10 -1.28311e-07 7.95255e-18 1.94775e-18 9.87106e-18 3.19129e-18 1.20694e-17 4.95414e-18 1.54412e-17 8.18377e-18 1.83675e-17 1.1329e-17
224.463 1.06634e-20 1.06634e-20 8.32528e-30 7.80736e-10 -3.69592e-08 6.18145e-18 1.55388e-18 7.62662e-18 2.52051e-18 9.27694e-18 3.87523e-18 1.18004e-17 6.33012e-18 1.3985e-17 8.70164e-18
235.984 9.64115e-21 9.64115e-21 6.80814e-30 7.06154e-10 -1.05009e-07 4.79116e-18 1.23611e-18 5.87799e-18 1.98513e-18 7.11526e-18 3.02336e-18 9.00178e-18 4.88536e-18 1.06314e-17 6.67062e-18
248.097 8.71865e-21 8.71865e-21 5.57049e-30 6.38916e-10 -9.76526e-08 3.70448e-18 9.8077e-19 4.52078e-18 1.55954e-18 5.44744e-18 2.35332e-18 6.85673e-18 3.7631e-18 8.07168e-18 5.10533e-18
260.832 7.88473e-21 7.88473e-21 4.55811e-30 5.78094e-10 -5.5105e-08 2.8573e-18 7.76068e-19 3.46959e-18 1.22201e-18 4.1629e-18 1.82747e-18 5.21482e-18 2.89293e-18 6.12005e-18 3.90074e-18
274.221 7.13031e-21 7.13031e-21 3.72885e-30 5.22958e-10 -1.26828e-07 2.19865e-18 6.12414e-19 2.65734e-18 9.55056e-19 3.17552e-18 1.41579e-18 3.96006e-18 2.21962e-18 4.63408e-18 2.97537e-18
288.297 6.448e-21 6.448e-21 3.05007e-30 4.73026e-10 -7.03746e-08 1.6881e-18 4.81989e-19 2.03135e-18 7.44566e-19 2.41828e-18 1.09442e-18 3.00298e-18 1.69988e-18 3.50456e-18 2.26595e-18
303.095 5.8323e-21 5.8323e-21 2.49651e-30 4.28049e-10 -7.94941e-08 1.29375e-18 3.7845e-19 1.55039e-18 5.79215e-19 1.83915e-18 8.44394e-19 2.27474e-18 1.29988e-18 2.6479e-18 1.72353e-18
318.653 5.27512e-21 5.27512e-21 2.04297e-30 3.87284e-10 -1.7499e-07 9.89554e-19 2.96391e-19 1.18127e-18 4.49525e-19 1.39659e-18 6.50137e-19 1.72088e-18 9.9231e-19 1.99836e-18 1.30905e-18
335.009 4.77092e-21 4.77092e-21 1.6714e-30 3.5033e-10 -9.04399e-08 7.55475e-19 2.31545e-19 8.98553e-19 3.48082e-19 1.059e-18 4.99575e-19 1.3003e-18 7.56289e-19 1.50653e-18 9.9288e-19
352.206 4.31525e-21 4.31525e-21 1.36769e-30 3.16943e-10 4.30696e-08 5.75826e-19 1.80471e-19 6.82536e-19 2.68977e-19 8.02027e-19 3.83199e-19 9.81495e-19 5.75588e-19 1.13473e-18 7.5218e-19
370.284 3.90355e-21 3.90355e-21 1.11952e-30 2.86795e-10 -1.60004e-07 4.38246e-19 1.40356e-19 5.17785e-19 2.07449e-19 6.06737e-19 2.93449e-19 7.40177e-19 4.37494e-19 8.54008e-19 5.69221e-19
389.291 3.5309e-21 3.5309e-21 9.16149e-31 2.59466e-10 1.00463e-07 3.33013e-19 1.08907e-19 3.9226e-19 1.5967e-19 4.58439e-19 2.24327e-19 5.57612e-19 3.32064e-19 6.4214e-19 4.30252e-19
409.273 3.19364e-21 3.19364e-21 7.49536e-31 2.34697e-10 -4.36531e-07 2.52675e-19 8.43185e-20 2.96779e-19 1.22658e-19 3.45991e-19 1.71201e-19 4.19665e-19 2.51705e-19 4.82413e-19 3.24844e-19
430.282 2.88906e-21 2.88906e-21 6.13547e-31 2.12369e-10 6.11129e-08 1.91493e-19 6.51563e-20 2.24313e-19 9.407e-20 2.60898e-19 1.30479e-19 3.15621e-19 1.90592e-19 3.62196e-19 2.45052e-19
452.368 2.61356e-21 2.61356e-21 5.02209e-31 1.92156e-10 1.45679e-07 1.44945e-19 5.02488e-20 1.69356e-19 7.20218e-20 1.96544e-19 9.92988e-20 2.37179e-19 1.44154e-19 2.71743e-19 1.84684e-19
475.588 2.36415e-21 2.36415e-21 4.10971e-31 1.73834e-10 -5.05274e-08 1.09574e-19 3.86749e-20 1.27722e-19 5.50465e-20 1.47919e-19 7.546e-20 1.78082e-19 1.08904e-19 2.03725e-19 1.39051e-19
500 2.13849e-21 2.13849e-21 3.36263e-31 1.57243e-10 2.96087e-07 8.27397e-20 2.97111e-20 9.62264e-20 4.20052e-20 1.11224e-19 5.72673e-20 1.33609e-19 8.21869e-20 1.52629e-19 1.04601e-19
525.665 1.93473e-21 1.93473e-21 2.75309e-31 1.42298e-10 6.38078e-08 6.24231e-20 2.27887e-20 7.24439e-20 3.20114e-20 8.35804e-20 4.34145e-20 1.00192e-19 6.19751e-20 1.143e-19 7.86363e-20
552.648 1.75026e-21 1.75026e-21 2.25342e-31 1.28748e-10 -4.36225e-07 4.70447e-20 1.74481e-20 5.44874e-20 2.43585e-20 6.27538e-20 3.28709e-20 7.50775e-20 4.66869e-20 8.55398e-20 5.90665e-20
581.015 1.58327e-21 1.58327e-21 1.84397e-31 1.16465e-10 -7.7656e-08 3.54197e-20 1.33367e-20 4.09457e-20 1.85089e-20 4.70799e-20 2.48585e-20 5.62206e-20 3.51372e-20 6.39776e-20 4.4332e-20
610.838 1.43231e-21 1.43231e-21 1.50921e-31 1.05368e-10 -3.29951e-07 2.66455e-20 1.01788e-20 3.07475e-20 1.40467e-20 3.52989e-20 1.87801e-20 4.2078e-20 2.64243e-20 4.7829e-20 3.32522e-20
642.193 1.29586e-21 1.29586e-21 1.23554e-31 9.53454e-11 1.18468e-07 2.00298e-20 7.75786e-21 2.30744e-20 1.06481e-20 2.64511e-20 1.41749e-20 3.14784e-20 1.9858e-20 3.5742e-20 2.49273e-20
675.157 1.17231e-21 1.17231e-21 1.01122e-31 8.62592e-11 1.45983e-08 1.50436e-20 5.90383e-21 1.73028e-20 8.06162e-21 1.98072e-20 1.06877e-20 2.35346e-20 1.4911e-20 2.66949e-20 1.86735e-20
709.813 1.06047e-21 1.06047e-21 8.27429e-32 7.80251e-11 -7.9152e-07 1.12896e-20 4.48651e-21 1.29654e-20 6.0962e-21 1.48226e-20 8.05048e-21 1.75857e-20 1.11877e-20 1.99278e-20 1.39795e-20
746.247 9.5945e-22 9.5945e-22 6.77406e-32 7.06036e-11 -2.26215e-07 8.46776e-21 3.40562e-21 9.71089e-21 4.60582e-21 1.10881e-20 6.05972e-21 1.31365e-20 8.38987e-21 1.48724e-20 1.04613e-20
784.553 8.68039e-22 8.68039e-22 5.54536e-32 6.38838e-11 7.30568e-08 6.34689e-21 2.5819e-21 7.26888e-21 3.47621e-21 8.29e-21 4.55738e-21 9.80838e-21 6.28756e-21 1.10949e-20 7.82419e-21
824.824 7.85278e-22 7.85278e-22 4.53833e-32 5.77926e-11 1.03803e-07 4.7539e-21 1.95498e-21 5.43756e-21 2.62095e-21 6.19452e-21 3.42457e-21 7.31984e-21 4.70885e-21 8.27311e-21 5.84849e-21
867.162 7.10387e-22 7.10387e-22 3.71376e-32 5.2278e-11 -1.23945e-06 3.55852e-21 1.47859e-21 4.06537e-21 1.97425e-21 4.62644e-21 2.57136e-21 5.46036e-21 3.52441e-21 6.16665e-21 4.36948e-21
911.674 6.4275e-22 6.4275e-22 3.04073e-32 4.73082e-11 -6.95348e-07 2.66269e-21 1.1173e-21 3.03849e-21 1.4861e-21 3.45439e-21 1.92969e-21 4.07243e-21 2.63692e-21 4.5958e-21 3.26359e-21
958.471 5.81506e-22 5.81506e-22 2.48899e-32 4.28025e-11 -1.81566e-07 1.99115e-21 8.43373e-22 2.26973e-21 1.11764e-21 2.57798e-21 1.44706e-21 3.03595e-21 1.97174e-21 3.42372e-21 2.43635e-21
1007.67 5.26057e-22 5.26057e-22 2.03681e-32 3.87184e-11 1.28444e-06 1.48813e-21 6.35945e-22 1.6946e-21 8.39812e-22 1.92302e-21 1.08437e-21 2.26234e-21 1.47352e-21 2.54961e-21 1.81792e-21
1059.39 4.75929e-22 4.75929e-22 1.66721e-32 3.50306e-11 -6.11367e-07 1.11173e-21 4.79132e-22 1.26476e-21 6.30629e-22 1.43403e-21 8.12156e-22 1.68543e-21 1.10076e-21 1.89826e-21 1.35604e-21
1113.77 4.30609e-22 4.30609e-22 1.36497e-32 3.16985e-11 1.8426e-07 8.30223e-22 3.607e-22 9.43641e-22 4.73253e-22 1.06908e-21 6.07973e-22 1.25536e-21 8.21996e-22 1.41303e-21 1.01122e-21
1170.94 3.89571e-22 3.89571e-22 1.11718e-32 2.86772e-11 -4.94836e-07 6.1968e-22 2.71295e-22 7.03727e-22 3.54883e-22 7.96666e-22 4.54837e-22 9.34671e-22 6.13519e-22 1.05147e-21 7.53756e-22
1231.05 3.52419e-22 3.52419e-22 9.14175e-33 2.594e-11 -8.90437e-07 4.62312e-22 2.03877e-22 5.24585e-22 2.65933e-22 5.93439e-22 3.40075e-22 6.95668e-22 4.57704e-22 7.82183e-22 5.6162e-22
1294.24 3.18863e-22 3.18863e-22 7.48474e-33 2.34732e-11 2.62686e-06 3.44834e-22 1.53125e-22 3.9098e-22 1.99192e-22 4.41996e-22 2.54187e-22 5.17734e-22 3.4139e-22 5.81824e-22 4.184e-22
1360.67 2.88494e-22 2.88494e-22 6.12717e-33 2.12385e-11 -3.37188e-07 2.57109e-22 1.14922e-22 2.913e-22 1.49111e-22 3.29097e-22 1.89898e-22 3.85205e-22 2.54537e-22 4.32682e-22 3.11602e-22
1430.51 2.60995e-22 2.60995e-22 5.01458e-33 1.92133e-11 3.22092e-06 1.91617e-22 8.61852e-23 2.16948e-22 1.11552e-22 2.44948e-22 1.41794e-22 2.86509e-22 1.89699e-22 3.21673e-22 2.31979e-22
1503.94 2.36111e-22 2.36111e-22 4.10364e-33 1.73801e-11 -3.51736e-06 1.42759e-22 6.45918e-23 1.61524e-22 8.34088e-23 1.82265e-22 1.05829e-22 2.13049e-22 1.41329e-22 2.39094e-22 1.72652e-22
1581.14 2.13637e-22 2.13637e-22 3.36009e-33 1.57281e-11 -4.94096e-07 1.06344e-22 4.83876e-23 1.20247e-22 6.23462e-23 1.35613e-22 7.89687e-23 1.58418e-22 1.05278e-22 1.77711e-22 1.28487e-22
1662.3 1.93285e-22 1.93285e-22 2.75047e-33 1.42301e-11 -9.64401e-07 7.91878e-23 3.62248e-23 8.94877e-23 4.65769e-23 1.0087e-22 5.88988e-23 1.17762e-22 7.83947e-23 1.32052e-22 9.5589e-23
1747.63 1.74857e-22 1.74857e-22 2.25083e-33 1.28724e-11 3.06133e-07 5.89447e-23 2.7102e-23 6.65741e-23 3.47778e-23 7.50049e-23 4.391e-23 8.75158e-23 5.83545e-23 9.80993e-23 7.10914e-23
1837.33 1.58199e-22 1.58199e-22 1.84242e-33 1.16462e-11 1.57882e-06 4.38687e-23 2.0268e-23 4.95204e-23 2.59591e-23 5.57653e-23 3.27274e-23 6.50321e-23 4.34298e-23 7.2871e-23 5.28653e-23
1931.64 1.43137e-22 1.43137e-22 1.50844e-33 1.05384e-11 3.59553e-08 3.26426e-23 1.51508e-23 3.68293e-23 1.93702e-23 4.14553e-23 2.43864e-23 4.83194e-23 3.23162e-23 5.41257e-23 3.93063e-23
2030.79 1.29498e-22 1.29498e-22 1.23464e-33 9.53405e-12 -4.94983e-06 2.42816e-23 1.13194e-23 2.73827e-23 1.44471e-23 3.08091e-23 1.81642e-23 3.58931e-23 2.4039e-23 4.01934e-23 2.92168e-23
2135.03 1.17149e-22 1.17149e-22 1.01028e-33 8.62387e-12 -4.66017e-06 1.80565e-23 8.4524e-24 2.03534e-23 1.07705e-23 2.2891e-23 1.35245e-23 2.66561e-23 1.78763e-23 2.98407e-23 2.17114e-23
2244.63 1.05996e-22 1.05996e-22 8.27183e-34 7.80387e-12 2.28703e-07 1.34269e-23 6.31007e-24 1.51284e-23 8.02822e-24 1.70081e-23 1.0069e-23 1.97969e-23 1.32931e-23 2.21557e-23 1.6134e-23
2359.84 9.5902e-23 9.5902e-23 6.77165e-34 7.06101e-12 -6.91324e-06 9.98198e-24 4.70868e-24 1.12422e-23 5.98204e-24 1.26345e-23 7.49415e-24 1.47001e-23 9.88262e-24 1.64472e-23 1.1987e-23
2480.97 8.67617e-23 8.67617e-23 5.54212e-34 6.38775e-12 4.59152e-06 7.41883e-24 3.51206e-24 8.35224e-24 4.45564e-24 9.38338e-24 5.57587e-24 1.09132e-23 7.34508e-24 1.2207e-23 8.90368e-24
2608.32 7.84908e-23 7.84908e-23 4.53552e-34 5.77841e-12 2.54642e-06 5.51276e-24 2.61855e-24 6.20405e-24 3.3177e-24 6.96771e-24 4.14758e-24 8.10064e-24 5.45802e-24 9.05882e-24 6.61237e-24
2742.21 7.10198e-23 7.10198e-23 3.71365e-34 5.22903e-12 1.3115e-06 4.09634e-24 1.95201e-24 4.6084e-24 2.4701e-24 5.17405e-24 3.08495e-24 6.0132e-24 4.05573e-24 6.72291e-24 4.9108e-24
2882.96 6.42546e-23 6.42546e-23 3.03988e-34 4.731e-12 2.47882e-06 3.04311e-24 1.45455e-24 3.42237e-24 1.83842e-24 3.84131e-24 2.2939e-24 4.46281e-24 3.01298e-24 4.98842e-24 3.6463e-24
3030.95 5.81291e-23 5.81291e-23 2.48766e-34 4.27955e-12 -9.88801e-06 2.26013e-24 1.08344e-24 2.54101e-24 1.36782e-24 2.85127e-24 1.70521e-24 3.31152e-24 2.23779e-24 3.70076e-24 2.70683e-24
3186.53 5.25918e-23 5.25918e-23 2.03635e-34 3.872e-12 3.67383e-06 1.67851e-24 8.06843e-25 1.88654e-24 1.01753e-24 2.11632e-24 1.26746e-24 2.45719e-24 1.66194e-24 2.74547e-24 2.00933e-24
3350.09 4.75845e-23 4.75845e-23 1.66718e-34 3.50362e-12 -6.83304e-06 1.24645e-24 6.00728e-25 1.40053e-24 7.56822e-25 1.57073e-24 9.41965e-25 1.82319e-24 1.23416e-24 2.0367e-24 1.49147e-24
3522.05 4.30506e-23 4.30506e-23 1.36461e-34 3.16979e-12 1.28527e-05 9.25414e-25 4.47113e-25 1.03953e-24 5.62747e-25 1.16557e-24 6.99884e-25 1.35255e-24 9.16303e-25 1.51067e-24 1.10687e-24
3702.84 3.89455e-23 3.89455e-23 1.11664e-34 2.86718e-12 1.91024e-05 6.86918e-25 3.32669e-25 7.71424e-25 4.1832e-25 8.64764e-25 5.19888e-25 1.00322e-24 6.80164e-25 1.12031e-24 8.21289e-25
3892.91 3.52382e-23 3.52382e-23 9.14258e-35 2.59451e-12 8.82936e-06 5.09919e-25 2.47505e-25 5.72511e-25 3.10957e-25 6.41645e-25 3.86195e-25 7.44195e-25 5.04913e-25 8.30919e-25 6.09441e-25
4092.73 3.18824e-23 3.18824e-23 7.48446e-35 2.34752e-12 1.39791e-06 3.78468e-25 1.84094e-25 4.24826e-25 2.31097e-25 4.76028e-25 2.86827e-25 5.51979e-25 3.74757e-25 6.16208e-25 4.52176e-25
4302.81 2.88438e-23 2.88438e-23 6.12541e-35 2.12365e-12 -7.44645e-06 2.80851e-25 1.36888e-25 3.15182e-25 1.71703e-25 3.53101e-25 2.12979e-25 4.09347e-25 2.78101e-25 4.56912e-25 3.35435e-25
4523.68 2.60943e-23 2.60943e-23 5.01294e-35 1.92108e-12 -1.99322e-06 2.08385e-25 1.01764e-25 2.33809e-25 1.2755e-25 2.6189e-25 1.5812e-25 3.03542e-25 2.06347e-25 3.38766e-25 2.48807e-25
4755.88 2.36106e-23 2.36106e-23 4.10464e-35 1.73848e-12 1.77952e-05 1.54627e-25 7.56497e-26 1.73457e-25 9.47514e-26 1.94255e-25 1.17395e-25 2.25105e-25 1.53116e-25 2.51194e-25 1.84565e-25
5000 2.13616e-23 2.13616e-23 3.35982e-35 1.57284e-12 -1.22437e-05 1.14717e-25 5.62221e-26 1.28663e-25 7.03707e-26 1.44066e-25 8.71416e-26 1.66914e-25 1.13598e-25 1.86234e-25 1.36889e-25
