# 2.33182e-07 2 18 : grain size, compostion index, size index
# Heating and cooling timescale: 30698.9 49.8519
# Ratio of heating to cooling to determine stochastic cutoff: 100
# Equilibrium emission is recorded even for those grains in the stochastic regime.
# Emission spectrum was computed for: 
# Type: IRSF
# Scales: 0.25 0.5 1 1.5 2 2.5 3 3.5 4 4.5 5 5.5 6 6.5 7 7.5 8 8.5 9 9.5 10
# StochasticallyHeated: 1 1 1 1 1 1 1 1 1 1 1 1 1 1 1 1 1 1 1 1 1
# Temperature: -1
# Wavelength  CExt  CAbs  CSca  Albedo G EqEm1 StEm1 EqEm2 StEm2 EqEm3 StEm3 EqEm4 StEm4 EqEm5 StEm5 EqEm6 StEm6 EqEm7 StEm7 EqEm8 StEm8 EqEm9 StEm9 EqEm10 StEm10 EqEm11 StEm11 EqEm12 StEm12 EqEm13 StEm13 EqEm14 StEm14 EqEm15 StEm15 EqEm16 StEm16 EqEm17 StEm17 EqEm18 StEm18 EqEm19 StEm19 EqEm20 StEm20 EqEm21 StEm21
0.05 5.26566e-14 5.24036e-14 2.53015e-16 0.004805 0.0128423 0 0 0 0 0 0 0 0 0 0 0 0 0 0 0 0 0 0 0 0 0 0 0 0 0 0 0 0 0 0 0 0 0 0 0 0 0 0 0 0 0 0
0.0525665 5.45151e-14 5.42729e-14 2.42127e-16 0.00444146 0.0115338 0 0 0 0 0 0 0 0 0 0 0 0 0 0 0 0 0 0 0 0 0 0 0 0 0 0 0 0 0 0 0 0 0 0 0 0 0 0 0 0 0 0
0.0552647 5.72044e-14 5.69638e-14 2.40677e-16 0.00420732 0.0103168 0 0 0 0 0 0 0 0 0 0 0 0 0 0 0 0 0 0 0 0 0 0 0 0 0 0 0 0 0 0 0 0 0 0 0 0 0 0 0 0 0 0
0.0581015 6.27014e-14 6.24418e-14 2.59579e-16 0.00413992 0.00916814 0 0 0 0 0 0 0 0 0 0 0 0 0 0 0 0 0 0 0 0 0 0 0 0 0 0 0 0 0 0 0 0 0 0 0 0 0 0 0 0 0 0
0.0610839 7.11373e-14 7.08446e-14 2.92707e-16 0.00411467 0.00811721 0 0 0 0 0 0 0 0 0 0 0 0 0 0 0 0 0 0 0 0 0 0 0 0 0 0 0 0 0 0 0 0 0 0 0 0 0 0 0 0 0 0
0.0642193 7.94689e-14 7.91501e-14 3.18846e-16 0.00401222 0.00719807 0 0 0 0 0 0 0 0 0 0 0 0 0 0 0 0 0 0 0 0 0 0 0 0 0 0 0 0 0 0 0 0 0 0 0 0 0 0 0 0 0 0
0.0675157 8.4871e-14 8.45451e-14 3.25899e-16 0.00383994 0.00641909 0 0 0 0 0 0 0 0 0 0 0 0 0 0 0 0 0 0 0 0 0 0 0 0 0 0 0 0 0 0 0 0 0 0 0 0 0 0 0 0 0 0
0.0709813 8.5728e-14 8.54169e-14 3.11032e-16 0.00362813 0.00578411 0 0 0 0 0 0 0 0 0 0 0 0 0 0 0 0 0 0 0 0 0 0 0 0 0 0 0 0 0 0 0 0 0 0 0 0 0 0 0 0 0 0
0.0746248 8.1725e-14 8.14474e-14 2.776e-16 0.00339676 0.00529691 0 0 0 0 0 0 0 0 0 0 0 0 0 0 0 0 0 0 0 0 0 0 0 0 0 0 0 0 0 0 0 0 0 0 0 0 0 0 0 0 0 0
0.0784553 7.35289e-14 7.32978e-14 2.31129e-16 0.00314337 0.00496501 0 0 0 0 0 0 0 0 0 0 0 0 0 0 0 0 0 0 0 0 0 0 0 0 0 0 0 0 0 0 0 0 0 0 0 0 0 0 0 0 0 0
0.0824824 6.25219e-14 6.23443e-14 1.77665e-16 0.00284165 0.00478335 0 0 0 0 0 0 0 0 0 0 0 0 0 0 0 0 0 0 0 0 0 0 0 0 0 0 0 0 0 0 0 0 0 0 0 0 0 0 0 0 0 0
0.0867162 5.72287e-14 5.70886e-14 1.4012e-16 0.00244841 0.00441122 0 0 0 0 0 0 0 0 0 0 0 0 0 0 0 0 0 0 0 0 0 0 0 0 0 0 0 0 0 0 0 0 0 0 0 0 0 0 0 0 0 0
0.0911674 5.40516e-14 5.39276e-14 1.23967e-16 0.0022935 0.00403232 0 0 0 0 0 0 0 0 0 0 0 0 0 0 0 0 0 0 0 0 0 0 0 0 0 0 0 0 0 0 0 0 0 0 0 0 0 0 0 0 0 0
0.095847 4.68143e-14 4.67102e-14 1.04111e-16 0.00222392 0.00387342 0 0 0 0 0 0 0 0 0 0 0 0 0 0 0 0 0 0 0 0 0 0 0 0 0 0 0 0 0 0 0 0 0 0 0 0 0 0 0 0 0 0
0.100767 3.95984e-14 3.95142e-14 8.41878e-17 0.00212604 0.00376633 0 0 0 0 0 0 0 0 0 0 0 0 0 0 0 0 0 0 0 0 0 0 0 0 0 0 0 0 0 0 0 0 0 0 0 0 0 0 0 0 0 0
0.105939 3.21285e-14 3.20637e-14 6.48075e-17 0.00201714 0.00371744 0 0 0 0 0 0 0 0 0 0 0 0 0 0 0 0 0 0 0 0 0 0 0 0 0 0 0 0 0 0 0 0 0 0 0 0 0 0 0 0 0 0
0.111377 2.69738e-14 2.69241e-14 4.96745e-17 0.00184158 0.00355464 0 0 0 0 0 0 0 0 0 0 0 0 0 0 0 0 0 0 0 0 0 0 0 0 0 0 0 0 0 0 0 0 0 0 0 0 0 0 0 0 0 0
0.117094 2.30241e-14 2.29851e-14 3.89536e-17 0.00169186 0.00335595 0 0 0 0 0 0 0 0 0 0 0 0 0 0 0 0 0 0 0 0 0 0 0 0 0 0 0 0 0 0 0 0 0 0 0 0 0 0 0 0 0 0
0.123105 1.97696e-14 1.97387e-14 3.09622e-17 0.00156615 0.00314914 0 0 0 0 0 0 0 0 0 0 0 0 0 0 0 0 0 0 0 0 0 0 0 0 0 0 0 0 0 0 0 0 0 0 0 0 0 0 0 0 0 0
0.129424 1.69726e-14 1.69477e-14 2.4893e-17 0.00146666 0.00294782 0 0 0 0 0 0 0 0 0 0 0 0 0 0 0 0 0 0 0 0 0 0 0 0 0 0 0 0 0 0 0 0 0 0 0 0 0 0 0 0 0 0
0.136067 1.44747e-14 1.44544e-14 2.02888e-17 0.00140168 0.00276313 0 0 0 0 0 0 0 0 0 0 0 0 0 0 0 0 0 0 0 0 0 0 0 0 0 0 0 0 0 0 0 0 0 0 0 0 0 0 0 0 0 0
0.143051 1.19164e-14 1.18996e-14 1.68662e-17 0.00141537 0.00262088 0 0 0 0 0 0 0 0 0 0 0 0 0 0 0 0 0 0 0 0 0 0 0 0 0 0 0 0 0 0 0 0 0 0 0 0 0 0 0 0 0 0
0.150394 8.47791e-15 8.46442e-15 1.34933e-17 0.00159158 0.00249584 0 0 0 0 0 0 0 0 0 0 0 0 0 0 0 0 0 0 0 0 0 0 0 0 0 0 0 0 0 0 0 0 0 0 0 0 0 0 0 0 0 0
0.158114 5.58443e-15 5.57416e-15 1.02737e-17 0.0018397 0.00228299 0 0 0 0 0 0 0 0 0 0 0 0 0 0 0 0 0 0 0 0 0 0 0 0 0 0 0 0 0 0 0 0 0 0 0 0 0 0 0 0 0 0
0.16623 3.64911e-15 3.6414e-15 7.71417e-18 0.00211398 0.00203114 0 0 0 0 0 0 0 0 0 0 0 0 0 0 0 0 0 0 0 0 0 0 0 0 0 0 0 0 0 0 0 0 0 0 0 0 0 0 0 0 0 0
0.174762 2.47742e-15 2.4716e-15 5.81296e-18 0.00234638 0.00179287 0 0 0 0 0 0 0 0 0 0 0 0 0 0 0 0 0 0 0 0 0 0 0 0 0 0 0 0 0 0 0 0 0 0 0 0 0 0 0 0 0 0
0.183733 1.65626e-15 1.65186e-15 4.39605e-18 0.00265421 0.00158191 0 0 0 0 0 0 0 0 0 0 0 0 0 0 0 0 0 0 0 0 0 0 0 0 0 0 0 0 0 0 0 0 0 0 0 0 0 0 0 0 0 0
0.193164 1.12839e-15 1.12504e-15 3.35145e-18 0.00297012 0.00139934 0 0 0 0 0 0 0 0 0 0 0 0 0 0 0 0 0 0 0 0 0 0 0 0 0 0 0 0 0 0 0 0 0 0 0 0 0 0 0 0 0 0
0.203079 7.8475e-16 7.82176e-16 2.5744e-18 0.00328054 0.00124159 0 0 0 0 0 0 0 0 0 0 0 0 0 0 0 0 0 0 0 0 0 0 0 0 0 0 0 0 0 0 0 0 0 0 0 0 0 0 0 0 0 0
0.213503 5.79872e-16 5.77886e-16 1.98609e-18 0.00342505 0.00110389 0 0 0 0 0 0 0 0 0 0 0 0 0 0 0 0 0 0 0 0 0 0 0 0 0 0 0 0 0 0 0 0 0 0 0 0 0 0 0 0 0 0
0.224463 4.88074e-16 4.8653e-16 1.54375e-18 0.00316294 0.000984267 0 0 0 0 0 0 0 0 0 0 0 0 0 0 0 0 0 0 0 0 0 0 0 0 0 0 0 0 0 0 0 0 0 0 0 0 0 0 0 0 0 0
0.235984 4.62741e-16 4.61528e-16 1.21267e-18 0.00262063 0.000880603 0 0 0 0 0 0 0 0 0 0 0 0 0 0 0 0 0 0 0 0 0 0 0 0 0 0 0 0 0 0 0 0 0 0 0 0 0 0 0 0 0 0
0.248097 4.59092e-16 4.58131e-16 9.6137e-19 0.00209407 0.000790043 0 0 0 0 0 0 0 0 0 0 0 0 0 0 0 0 0 0 0 0 0 0 0 0 0 0 0 0 0 0 0 0 0 0 0 0 0 0 0 0 0 0
0.260832 4.46964e-16 4.46198e-16 7.66328e-19 0.00171452 0.000709964 0 0 0 0 0 0 0 0 0 0 0 0 0 0 0 0 0 0 0 0 0 0 0 0 0 0 0 0 0 0 0 0 0 0 0 0 0 0 0 0 0 0
0.274221 4.31951e-16 4.31338e-16 6.13161e-19 0.00141951 0.000638699 0 0 0 0 0 0 0 0 0 0 0 0 0 0 0 0 0 0 0 0 0 0 0 0 0 0 0 0 0 0 0 0 0 0 0 0 0 0 0 0 0 0
0.288297 4.15969e-16 4.15476e-16 4.9265e-19 0.00118434 0.000575248 0 0 0 0 0 0 0 0 0 0 0 0 0 0 0 0 0 0 0 0 0 0 0 0 0 0 0 0 0 0 0 0 0 0 0 0 0 0 0 0 0 0
0.303095 4.00015e-16 3.99619e-16 3.96871e-19 0.00099214 0.000518462 0 0 0 0 0 0 0 0 0 0 0 0 0 0 0 0 0 0 0 0 0 0 0 0 0 0 0 0 0 0 0 0 0 0 0 0 0 0 0 0 0 0
0.318653 3.83985e-16 3.83665e-16 3.20269e-19 0.000834065 0.000467494 0 0 0 0 0 0 0 0 0 0 0 0 0 0 0 0 0 0 0 0 0 0 0 0 0 0 0 0 0 0 0 0 0 0 0 0 0 0 0 0 0 0
0.335009 3.68115e-16 3.67856e-16 2.59047e-19 0.000703712 0.000421785 0 0 0 0 0 0 0 0 0 0 0 0 0 0 0 0 0 0 0 0 0 0 0 0 0 0 0 0 0 0 0 0 0 0 0 0 0 0 0 0 0 0
0.352205 3.52648e-16 3.52438e-16 2.09864e-19 0.00059511 0.000380702 0 0 0 0 0 0 0 0 0 0 0 0 0 0 0 0 0 0 0 0 0 0 0 0 0 0 0 0 0 0 0 0 0 0 0 0 0 0 0 0 0 0
0.370284 3.37507e-16 3.37337e-16 1.70185e-19 0.000504242 0.0003437 0 0 0 0 0 0 0 0 0 0 0 0 0 0 0 0 0 0 0 0 0 0 0 0 0 0 0 0 0 0 0 0 0 0 0 0 0 0 0 0 0 0
0.389291 3.22828e-16 3.22689e-16 1.38196e-19 0.000428079 0.000310388 0 0 0 0 0 0 0 0 0 0 0 0 0 0 0 0 0 0 0 0 0 0 0 0 0 0 0 0 0 0 0 0 0 0 0 0 0 0 0 0 0 0
0.409273 3.08462e-16 3.08349e-16 1.12413e-19 0.000364432 0.000280428 0 0 0 0 0 0 0 0 0 0 0 0 0 0 0 0 0 0 0 0 0 0 0 0 0 0 0 0 0 0 0 0 0 0 0 0 0 0 0 0 0 0
0.430281 2.94507e-16 2.94415e-16 9.14649e-20 0.00031057 0.000253376 0 0 0 0 0 0 0 0 0 0 0 0 0 0 0 0 0 0 0 0 0 0 0 0 0 0 0 0 0 0 0 0 0 0 0 0 0 0 0 0 0 0
0.452368 2.81057e-16 2.80983e-16 7.45116e-20 0.000265112 0.000228994 0 0 0 0 0 0 0 0 0 0 0 0 0 0 0 0 0 0 0 0 0 0 0 0 0 0 0 0 0 0 0 0 0 0 0 0 0 0 0 0 0 0
0.475588 2.68108e-16 2.68047e-16 6.07236e-20 0.000226489 0.000206974 0 0 0 0 0 0 0 0 0 0 0 0 0 0 0 0 0 0 0 0 0 0 0 0 0 0 0 0 0 0 0 0 0 0 0 0 0 0 0 0 0 0
0.5 2.55749e-16 2.55699e-16 4.95408e-20 0.000193709 0.000187125 0 0 0 0 0 0 0 0 0 0 0 0 0 0 0 0 0 0 0 0 0 0 0 0 0 0 0 0 0 0 0 0 0 0 0 0 0 0 0 0 0 0
0.525665 2.43948e-16 2.43908e-16 4.04221e-20 0.000165699 0.00016918 0 0 0 0 0 0 0 0 0 0 0 0 0 0 0 0 0 0 0 0 0 0 0 0 0 0 0 0 0 0 0 0 0 0 0 0 0 0 0 0 0 0
0.552648 2.32705e-16 2.32672e-16 3.29732e-20 0.000141696 0.000152944 0 0 0 0 0 0 0 0 0 0 0 0 0 0 0 0 0 0 0 0 0 0 0 0 0 0 0 0 0 0 0 0 0 0 0 0 0 0 0 0 0 0
0.581015 2.21846e-16 2.21819e-16 2.69482e-20 0.000121472 0.000138328 0 0 0 0 0 0 0 0 0 0 0 0 0 0 0 0 0 0 0 0 0 0 0 0 0 0 0 0 0 0 0 0 0 0 0 0 0 0 0 0 0 0
0.610839 2.11526e-16 2.11504e-16 2.2027e-20 0.000104134 0.000125113 0 0 0 0 0 0 0 0 0 0 0 0 0 0 0 0 0 0 0 0 0 0 0 0 0 0 0 0 0 0 0 0 0 0 0 0 0 0 0 0 0 0
0.642193 2.01705e-16 2.01687e-16 1.79979e-20 8.92293e-05 0.000113151 0 0 0 0 0 0 0 0 0 0 0 0 0 0 0 0 0 0 0 0 0 0 0 0 0 0 0 0 0 0 0 0 0 0 0 0 0 0 0 0 0 0
0.675157 1.92373e-16 1.92358e-16 1.47089e-20 7.646e-05 0.000102334 0 0 0 0 0 0 0 0 0 0 0 0 0 0 0 0 0 0 0 0 0 0 0 0 0 0 0 0 0 0 0 0 0 0 0 0 0 0 0 0 0 0
0.709813 1.8352e-16 1.83508e-16 1.20326e-20 6.55656e-05 9.25747e-05 0 0 0 0 0 0 0 0 0 0 0 0 0 0 0 0 0 0 0 0 0 0 0 0 0 0 0 0 0 0 0 0 0 0 0 0 0 0 0 0 0 0
0.746248 1.75114e-16 1.75104e-16 9.84243e-21 5.62059e-05 8.37439e-05 0 0 0 0 0 0 0 0 0 0 0 0 0 0 0 0 0 0 0 0 0 0 0 0 0 0 0 0 0 0 0 0 0 0 0 0 0 0 0 0 0 0
0.784553 1.67114e-16 1.67106e-16 8.04837e-21 4.81611e-05 7.57486e-05 0 0 0 0 0 0 0 0 0 0 0 0 0 0 0 0 0 0 0 0 0 0 0 0 0 0 0 0 0 0 0 0 0 0 0 0 0 0 0 0 0 0
0.824824 1.59423e-16 1.59417e-16 6.5839e-21 4.12982e-05 6.8522e-05 0 0 0 0 0 0 0 0 0 0 0 0 0 0 0 0 0 0 0 0 0 0 0 0 0 0 0 0 0 0 0 0 0 0 0 0 0 0 0 0 0 0
0.867162 1.52067e-16 1.52062e-16 5.3904e-21 3.54475e-05 6.1999e-05 0 0 0 0 0 0 0 0 0 0 0 0 0 0 0 0 0 0 0 0 0 0 0 0 0 0 0 0 0 0 0 0 0 0 0 0 0 0 0 0 0 0
0.911674 1.45047e-16 1.45043e-16 4.41226e-21 3.04195e-05 5.60927e-05 0 0 0 0 0 0 0 0 0 0 0 0 0 0 0 0 0 0 0 0 0 0 0 0 0 0 0 0 0 0 0 0 0 0 0 0 0 0 0 0 0 0
0.95847 1.38312e-16 1.38308e-16 3.61119e-21 2.61091e-05 5.07468e-05 0 0 0 0 0 0 0 0 0 0 0 0 0 0 0 0 0 0 0 0 0 0 0 0 0 0 0 0 0 0 0 0 0 0 0 0 0 0 0 0 0 0
1.00767 1.31917e-16 1.31914e-16 2.95631e-21 2.24105e-05 4.59138e-05 0 0 0 0 0 0 0 0 0 0 0 0 0 0 0 0 0 0 0 0 0 0 0 0 0 0 0 0 0 0 0 0 0 0 0 0 0 0 0 0 0 0
1.05939 1.25873e-16 1.25871e-16 2.4204e-21 1.92289e-05 4.15425e-05 0 0 0 0 0 0 0 0 0 0 0 0 0 0 0 0 0 0 0 0 0 0 0 0 0 0 0 0 0 0 0 0 0 0 0 0 0 0 0 0 0 0
1.11377 1.20122e-16 1.2012e-16 1.9811e-21 1.64924e-05 3.75842e-05 0 0 0 0 0 0 0 0 0 0 0 0 0 0 0 0 0 0 0 0 0 0 0 0 0 0 0 0 0 0 0 0 0 0 0 0 0 0 0 0 0 0
1.17094 1.14625e-16 1.14623e-16 1.62087e-21 1.41406e-05 3.39995e-05 0 0 0 0 0 0 0 0 0 0 0 0 0 0 0 0 0 0 0 0 0 0 0 0 0 0 0 0 0 0 0 0 0 0 0 0 0 0 0 0 0 0
1.23105 1.09394e-16 1.09393e-16 1.3268e-21 1.21286e-05 3.07614e-05 0 0 0 0 0 0 0 0 0 0 0 0 0 0 0 0 0 0 0 0 0 0 0 0 0 0 0 0 0 0 0 0 0 0 0 0 0 0 0 0 0 0
1.29424 1.04676e-16 1.04675e-16 1.08568e-21 1.03718e-05 2.7829e-05 0 0 0 0 0 0 0 0 0 0 0 0 0 0 0 0 0 0 0 0 0 0 0 0 0 0 0 0 0 0 0 0 0 0 0 0 0 0 0 0 0 0
1.36067 1.00247e-16 1.00246e-16 8.8872e-22 8.86533e-06 2.51776e-05 0 0 0 0 0 0 0 0 0 0 0 0 0 0 0 0 0 0 0 0 0 0 0 0 0 0 0 0 0 0 0 0 0 0 0 0 0 0 0 0 0 0
1.43051 9.603e-17 9.60292e-17 7.26946e-22 7.56999e-06 2.2775e-05 0 0 0 0 0 0 0 0 0 0 0 0 0 0 0 0 0 0 0 0 0 0 0 0 0 0 0 0 0 0 0 0 0 0 0 0 0 0 0 0 0 0
1.50394 9.2016e-17 9.20154e-17 5.95045e-22 6.46676e-06 2.06057e-05 0 0 0 0 0 0 0 0 0 0 0 0 0 0 0 0 0 0 0 0 0 0 0 0 0 0 0 0 0 0 0 0 0 0 0 0 0 0 0 0 0 0
1.58114 8.81718e-17 8.81713e-17 4.86933e-22 5.52255e-06 1.86415e-05 0 0 0 0 0 0 0 0 0 0 0 0 0 0 0 1.4013e-45 0 1.4013e-45 0 1.4013e-45 0 1.4013e-45 0 2.8026e-45 0 2.8026e-45 0 2.8026e-45 0 4.2039e-45 0 4.2039e-45 0 5.60519e-45 0 7.00649e-45 0 8.40779e-45 0 8.40779e-45 0 9.80909e-45
1.6623 8.44868e-17 8.44864e-17 3.9813e-22 4.71234e-06 1.68611e-05 0 0 0 0 0 1.4013e-45 0 4.2039e-45 0 7.00649e-45 0 1.12104e-44 0 1.68156e-44 0 2.24208e-44 0 3.08286e-44 0 3.92364e-44 0 5.04467e-44 0 6.30584e-44 0 7.56701e-44 0 9.24857e-44 0 1.09301e-43 0 1.30321e-43 0 1.5134e-43 0 1.7236e-43 0 2.03188e-43 0 2.29813e-43 0 2.57839e-43
1.74763 8.10156e-17 8.10152e-17 3.25601e-22 4.01899e-06 1.52517e-05 0 2.8026e-45 0 1.12104e-44 0 4.48416e-44 0 1.00893e-43 0 1.79366e-43 0 2.81661e-43 0 4.07778e-43 0 5.61921e-43 0 7.45491e-43 0 9.59889e-43 0 1.21072e-42 0 1.50079e-42 0 1.80487e-42 0 2.17482e-42 0 2.55176e-42 0 3.017e-42 0 3.47522e-42 0 3.96988e-42 0 4.59486e-42 0 5.1848e-42 0 5.81539e-42
1.83733 7.78455e-17 7.78453e-17 2.66224e-22 3.4199e-06 1.37955e-05 0 5.88545e-44 0 2.35418e-43 0 9.31863e-43 0 2.10335e-42 0 3.75268e-42 0 5.88685e-42 0 8.51989e-42 0 1.17135e-41 0 1.54843e-41 0 1.98746e-41 0 2.49305e-41 0 3.07067e-41 0 3.6857e-41 0 4.41255e-41 0 5.16477e-41 0 6.05753e-41 0 6.95969e-41 0 7.93205e-41 0 9.09779e-41 0 1.024e-40 0 1.14581e-40
1.93164 7.48827e-17 7.48825e-17 2.17582e-22 2.90564e-06 1.24768e-05 0 1.09441e-42 0 4.3118e-42 0 1.69543e-41 0 3.81153e-41 0 6.78831e-41 0 1.06317e-40 0 1.53665e-40 0 2.10793e-40 0 2.7792e-40 0 3.5556e-40 0 4.44317e-40 0 5.44836e-40 0 6.5288e-40 0 7.776e-40 0 9.08519e-40 0 1.05943e-39 0 1.21484e-39 0 1.38196e-39 0 1.57511e-39 0 1.76922e-39 0 1.97584e-39
2.03079 7.20844e-17 7.20842e-17 1.77801e-22 2.46657e-06 1.12835e-05 0 1.84341e-41 0 6.99626e-41 0 2.70141e-40 0 6.03202e-40 0 1.07039e-39 0 1.67239e-39 0 2.41283e-39 0 3.30212e-39 0 4.34274e-39 0 5.54047e-39 0 6.90196e-39 0 8.4341e-39 0 1.00917e-38 0 1.1973e-38 0 1.39673e-38 0 1.62191e-38 0 1.85682e-38 0 2.10899e-38 0 2.39299e-38 0 2.68343e-38 0 2.99209e-38
2.13503 6.9433e-17 6.94328e-17 1.45299e-22 2.09265e-06 1.0205e-05 0 2.86631e-40 0 1.02391e-39 0 3.8261e-39 0 8.43939e-39 0 1.48793e-38 0 2.31525e-38 0 3.33046e-38 0 4.54461e-38 0 5.96016e-38 0 7.58286e-38 0 9.41928e-38 0 1.1476e-37 0 1.37105e-37 0 1.62161e-37 0 1.88894e-37 0 2.18646e-37 0 2.49949e-37 0 2.83502e-37 0 3.20617e-37 0 3.5902e-37 0 3.99775e-37
2.24463 6.69627e-17 6.69625e-17 1.18662e-22 1.77206e-06 9.22816e-06 0 4.22761e-39 0 1.38585e-38 0 4.90901e-38 0 1.06048e-37 0 1.84902e-37 0 2.85712e-37 0 4.08976e-37 0 5.55729e-37 0 7.26195e-37 0 9.20886e-37 0 1.14038e-36 0 1.38524e-36 0 1.65195e-36 0 1.94836e-36 0 2.26591e-36 0 2.61568e-36 0 2.98573e-36 0 3.38183e-36 0 3.81451e-36 0 4.26565e-36 0 4.74381e-36
2.35984 6.46023e-17 6.46022e-17 9.68595e-23 1.49932e-06 8.34372e-06 0 5.99574e-38 0 1.7728e-37 0 5.81926e-37 0 1.21727e-36 0 2.08493e-36 0 3.18545e-36 0 4.52351e-36 0 6.1078e-36 0 7.94018e-36 0 1.00247e-35 0 1.2366e-35 0 1.49685e-35 0 1.78062e-35 0 2.09382e-35 0 2.43013e-35 0 2.79774e-35 0 3.18795e-35 0 3.60505e-35 0 4.05662e-35 0 4.52971e-35 0 5.03052e-35
2.48097 6.23711e-17 6.2371e-17 7.89868e-23 1.2664e-06 7.54242e-06 0 8.1446e-37 0 2.17185e-36 0 6.49905e-36 0 1.3009e-35 0 2.17154e-35 0 3.2623e-35 0 4.57702e-35 0 6.12228e-35 0 7.8995e-35 0 9.91154e-35 0 1.21618e-34 0 1.46535e-34 0 1.73692e-34 0 2.03493e-34 0 2.35515e-34 0 2.70308e-34 0 3.07298e-34 0 3.46773e-34 0 3.89228e-34 0 4.33827e-34 0 4.80976e-34
2.60832 6.03071e-17 6.0307e-17 6.44318e-23 1.0684e-06 6.8188e-06 0 1.04178e-35 0 2.54486e-35 0 6.92314e-35 0 1.31544e-34 0 2.1249e-34 0 3.12106e-34 0 4.30668e-34 0 5.68631e-34 0 7.26096e-34 0 9.0324e-34 0 1.1003e-33 0 1.31747e-33 0 1.55371e-33 0 1.81153e-33 0 2.08835e-33 0 2.38753e-33 0 2.70563e-33 0 3.04442e-33 0 3.40687e-33 0 3.788e-33 0 4.19029e-33
2.74221 5.83474e-17 5.83473e-17 5.25326e-23 9.00342e-07 6.16384e-06 0 1.2289e-34 0 2.8115e-34 0 7.0298e-34 0 1.26668e-33 0 1.9729e-33 0 2.82197e-33 0 3.81553e-33 0 4.95654e-33 0 6.24564e-33 0 7.68375e-33 0 9.27237e-33 0 1.10127e-32 0 1.28989e-32 0 1.49454e-32 0 1.71377e-32 0 1.94948e-32 0 2.19975e-32 0 2.46559e-32 0 2.74865e-32 0 3.0462e-32 0 3.35963e-32
2.88297 5.65284e-17 5.65284e-17 4.27576e-23 7.56392e-07 5.56962e-06 0 1.31834e-33 0 2.88308e-33 0 6.74638e-33 0 1.15956e-32 0 1.74345e-32 0 2.42653e-32 0 3.20963e-32 0 4.09454e-32 0 5.08163e-32 0 6.17127e-32 0 7.36438e-32 0 8.6616e-32 0 1.00598e-31 0 1.15668e-31 0 1.3175e-31 0 1.48944e-31 0 1.67149e-31 0 1.8642e-31 0 2.06843e-31 0 2.28275e-31 0 2.50792e-31
3.03095 5.48093e-17 5.48093e-17 3.47964e-23 6.34862e-07 5.03267e-06 0 1.27519e-32 0 2.70714e-32 0 6.03774e-32 0 9.99351e-32 0 1.45761e-31 0 1.97872e-31 0 2.56295e-31 0 3.21136e-31 0 3.92414e-31 0 4.70135e-31 0 5.54352e-31 0 6.45095e-31 0 7.42208e-31 0 8.46086e-31 0 9.56343e-31 0 1.0735e-30 0 1.19702e-30 0 1.32721e-30 0 1.46449e-30 0 1.60815e-30 0 1.75857e-30
3.18653 5.33085e-17 5.33085e-17 2.83033e-23 5.30935e-07 4.54703e-06 0 1.1116e-31 0 2.31501e-31 0 4.99487e-31 0 8.03923e-31 0 1.14486e-30 0 1.5224e-30 0 1.93655e-30 0 2.38791e-30 0 2.87657e-30 0 3.40245e-30 0 3.96585e-30 0 4.56688e-30 0 5.20476e-30 0 5.88145e-30 0 6.59503e-30 0 7.34806e-30 0 8.13791e-30 0 8.96606e-30 0 9.83457e-30 0 1.07399e-29 0 1.16841e-29
3.35009 5.18893e-17 5.18893e-17 2.29915e-23 4.43087e-07 4.10701e-06 0 8.71685e-31 0 1.79303e-30 0 3.78307e-30 0 5.96909e-30 0 8.35101e-30 0 1.09296e-29 0 1.37036e-29 0 1.66767e-29 0 1.9849e-29 0 2.32196e-29 0 2.67899e-29 0 3.05603e-29 0 3.45268e-29 0 3.86991e-29 0 4.30675e-29 0 4.76447e-29 0 5.24171e-29 0 5.73926e-29 0 6.25808e-29 0 6.79645e-29 0 7.35533e-29
3.52205 5.03489e-17 5.03488e-17 1.86435e-23 3.70286e-07 3.70823e-06 0 6.1399e-30 0 1.2528e-29 0 2.60386e-29 0 4.05216e-29 0 5.59748e-29 0 7.24022e-29 0 8.97928e-29 0 1.08165e-28 0 1.2752e-28 0 1.47848e-28 0 1.69157e-28 0 1.91448e-28 0 2.147e-28 0 2.38959e-28 0 2.64179e-28 0 2.90419e-28 0 3.17613e-28 0 3.45798e-28 0 3.75021e-28 0 4.05197e-28 0 4.36374e-28
3.70284 4.88315e-17 4.88315e-17 1.51088e-23 3.09407e-07 3.34806e-06 0 3.90859e-29 0 7.93265e-29 0 1.63212e-28 0 2.5158e-28 0 3.44413e-28 0 4.41732e-28 0 5.43455e-28 0 6.49679e-28 0 7.60402e-28 0 8.75563e-28 0 9.95201e-28 0 1.11931e-27 0 1.24779e-27 0 1.38086e-27 0 1.51827e-27 0 1.66034e-27 0 1.80672e-27 0 1.95759e-27 0 2.11318e-27 0 2.27306e-27 0 2.43748e-27
3.89291 4.73649e-17 4.73649e-17 1.22198e-23 2.57992e-07 3.02155e-06 0 2.2589e-28 0 4.568e-28 0 9.33356e-28 0 1.42921e-27 0 1.94424e-27 0 2.47854e-27 0 3.03161e-27 0 3.60395e-27 0 4.19552e-27 0 4.80596e-27 0 5.43545e-27 0 6.08394e-27 0 6.75093e-27 0 7.43742e-27 0 8.14228e-27 0 8.86693e-27 0 9.60969e-27 0 1.03715e-26 0 1.11532e-26 0 1.19531e-26 0 1.2772e-26
4.09273 4.59754e-17 4.59754e-17 9.85637e-24 2.14384e-07 2.72539e-06 0 1.19082e-27 0 2.40211e-27 0 4.88451e-27 0 7.44475e-27 0 1.00821e-26 0 1.2797e-26 0 1.5587e-26 0 1.84541e-26 0 2.13982e-26 0 2.44174e-26 0 2.75126e-26 0 3.06834e-26 0 3.39274e-26 0 3.72491e-26 0 4.06433e-26 0 4.41165e-26 0 4.76607e-26 0 5.12803e-26 0 5.49795e-26 0 5.87493e-26 0 6.25949e-26
4.30281 4.45206e-17 4.45206e-17 7.92762e-24 1.78066e-07 2.45708e-06 0 5.73215e-27 0 1.15426e-26 0 2.3391e-26 0 3.55335e-26 0 4.79665e-26 0 6.06921e-26 0 7.36978e-26 0 8.69935e-26 0 1.00578e-25 0 1.14442e-25 0 1.28589e-25 0 1.43018e-25 0 1.57719e-25 0 1.72709e-25 0 1.87967e-25 0 2.0352e-25 0 2.19334e-25 0 2.35428e-25 0 2.51817e-25 0 2.68466e-25 0 2.85395e-25
4.52368 4.31812e-17 4.31812e-17 6.35928e-24 1.4727e-07 2.2142e-06 0 2.53989e-26 0 5.10802e-26 0 1.03258e-25 0 1.56484e-25 0 2.10741e-25 0 2.66037e-25 0 3.22321e-25 0 3.7963e-25 0 4.37958e-25 0 4.97269e-25 0 5.57577e-25 0 6.18873e-25 0 6.81115e-25 0 7.44377e-25 0 8.0857e-25 0 8.73801e-25 0 9.39934e-25 0 1.00704e-24 0 1.07519e-24 0 1.14423e-24 0 1.21425e-24
4.75588 4.20192e-17 4.20192e-17 5.08009e-24 1.20899e-07 1.99374e-06 0 1.04176e-25 0 2.09315e-25 0 4.22359e-25 0 6.38932e-25 0 8.5897e-25 0 1.0825e-24 0 1.30932e-24 0 1.53957e-24 0 1.77322e-24 0 2.01014e-24 0 2.25038e-24 0 2.49389e-24 0 2.74052e-24 0 2.99055e-24 0 3.24363e-24 0 3.50018e-24 0 3.75967e-24 0 4.02237e-24 0 4.28855e-24 0 4.55763e-24 0 4.82992e-24
5 4.11469e-17 4.11469e-17 4.03305e-24 9.80158e-08 1.79338e-06 0 3.98234e-25 0 7.99592e-25 0 1.61122e-24 0 2.43414e-24 0 3.26812e-24 0 4.11326e-24 0 4.96879e-24 0 5.83524e-24 0 6.71252e-24 0 7.60009e-24 0 8.49814e-24 0 9.40652e-24 0 1.03247e-23 0 1.12536e-23 0 1.2192e-23 0 1.31414e-23 0 1.41e-23 0 1.50686e-23 0 1.60482e-23 0 1.70367e-23 0 1.80354e-23
5.25665 4.06729e-17 4.06729e-17 3.18128e-24 7.82163e-08 1.61152e-06 0 1.42841e-24 0 2.86648e-24 0 5.77001e-24 0 8.70807e-24 0 1.16798e-23 0 1.46856e-23 0 1.77227e-23 0 2.07931e-23 0 2.38962e-23 0 2.70303e-23 0 3.01961e-23 0 3.33931e-23 0 3.66192e-23 0 3.98778e-23 0 4.31648e-23 0 4.6485e-23 0 4.98322e-23 0 5.32096e-23 0 5.66202e-23 0 6.00573e-23 0 6.35245e-23
5.52648 4.05416e-17 4.05416e-17 2.49271e-24 6.14852e-08 1.44653e-06 0 4.8191e-24 0 9.66672e-24 0 1.94423e-23 0 2.93187e-23 0 3.92931e-23 0 4.93664e-23 0 5.95304e-23 0 6.97906e-23 0 8.01458e-23 0 9.05902e-23 0 1.01126e-22 0 1.11751e-22 0 1.2246e-22 0 1.33262e-22 0 1.44145e-22 0 1.55125e-22 0 1.6618e-22 0 1.77322e-22 0 1.8856e-22 0 1.99873e-22 0 2.11271e-22
5.81015 4.0955e-17 4.0955e-17 1.92984e-24 4.7121e-08 1.2962e-06 0 1.54207e-23 0 3.09221e-23 0 6.21516e-23 0 9.36636e-23 0 1.2545e-22 0 1.57512e-22 0 1.89827e-22 0 2.22409e-22 0 2.55256e-22 0 2.8835e-22 0 3.21696e-22 0 3.55291e-22 0 3.89114e-22 0 4.23199e-22 0 4.57504e-22 0 4.92075e-22 0 5.26854e-22 0 5.61872e-22 0 5.97155e-22 0 6.32641e-22 0 6.68364e-22
6.10839 4.17388e-17 4.17388e-17 1.475e-24 3.53388e-08 1.15979e-06 0 4.67358e-23 0 9.36907e-23 0 1.88212e-22 0 2.83492e-22 0 3.79505e-22 0 4.7626e-22 0 5.73684e-22 0 6.71824e-22 0 7.70669e-22 0 8.70169e-22 0 9.70341e-22 0 1.07117e-21 0 1.1726e-21 0 1.27473e-21 0 1.37743e-21 0 1.48085e-21 0 1.5848e-21 0 1.68939e-21 0 1.79468e-21 0 1.9005e-21 0 2.00694e-21
6.42193 4.23585e-17 4.23585e-17 1.10692e-24 2.61323e-08 1.03539e-06 0 1.32817e-22 0 2.66196e-22 0 5.34515e-22 0 8.04762e-22 0 1.07687e-21 0 1.35086e-21 0 1.62653e-21 0 1.90401e-21 0 2.18328e-21 0 2.46419e-21 0 2.74679e-21 0 3.03104e-21 0 3.31679e-21 0 3.6043e-21 0 3.89324e-21 0 4.18398e-21 1.4013e-45 4.47605e-21 2.8026e-45 4.7697e-21 7.00649e-45 5.06513e-21 1.4013e-44 5.36186e-21 2.94273e-44 5.66014e-21
6.75157 4.24688e-17 4.24688e-17 7.99946e-25 1.88361e-08 9.207e-07 0 3.52142e-22 0 7.0564e-22 0 1.41638e-21 0 2.13173e-21 0 2.85152e-21 0 3.57579e-21 0 4.30406e-21 0 5.03664e-21 0 5.77345e-21 0 6.51415e-21 0 7.25885e-21 0 8.00746e-21 1.4013e-45 8.7596e-21 4.2039e-45 9.5159e-21 1.12104e-44 1.02756e-20 2.94273e-44 1.10395e-20 7.42688e-44 1.18065e-20 1.73761e-43 1.25772e-20 3.89561e-43 1.33522e-20 8.26766e-43 1.41302e-20 1.66474e-42 1.49118e-20
7.09813 4.31499e-17 4.31499e-17 5.35723e-25 1.24154e-08 8.12452e-07 0 8.95937e-22 0 1.79503e-21 0 3.6019e-21 0 5.41941e-21 0 7.24715e-21 0 9.08522e-21 0 1.09325e-20 0 1.27896e-20 0 1.46565e-20 1.4013e-45 1.65322e-20 5.60519e-45 1.84172e-20 2.10195e-44 2.0311e-20 7.42688e-44 2.22129e-20 2.29813e-43 2.41243e-20 6.48801e-43 2.60434e-20 1.68156e-42 2.79722e-20 4.03294e-42 2.9908e-20 9.14347e-42 3.18523e-20 1.96616e-41 3.38062e-20 4.01948e-41 3.57669e-20 7.8299e-41 3.7736e-20
7.46248 5.31689e-17 5.31689e-17 3.01866e-25 5.6775e-09 7.07494e-07 0 2.6245e-21 0 5.25748e-21 0 1.05468e-20 0 1.58645e-20 0 2.12096e-20 0 2.65822e-20 0 3.19793e-20 2.8026e-45 3.74026e-20 1.68156e-44 4.28518e-20 9.10844e-44 4.83247e-20 4.07778e-43 5.38218e-20 1.49799e-42 5.93426e-20 4.88773e-42 6.48846e-20 1.4268e-41 7.04519e-20 3.82667e-41 7.60392e-20 9.47684e-41 8.16524e-20 2.17721e-40 8.72841e-20 4.74326e-40 9.2938e-20 9.82505e-40 9.86176e-20 1.93962e-39 1.04315e-19 3.65734e-39 1.10034e-19
7.84553 1.03336e-16 1.03336e-16 1.50872e-25 1.46001e-09 6.06907e-07 0 1.1541e-20 0 2.31164e-20 0 4.63618e-20 0 6.97219e-20 0 9.31921e-20 2.8026e-45 1.16773e-19 3.36312e-44 1.40452e-19 2.92871e-43 1.64237e-19 1.86653e-42 1.88126e-19 9.31023e-42 2.12109e-19 3.87081e-41 2.36189e-19 1.33597e-40 2.60364e-19 4.11472e-40 2.84624e-19 1.14002e-39 3.08984e-19 2.9137e-39 3.33425e-19 6.90345e-39 3.57969e-19 1.52288e-38 3.82586e-19 3.19396e-38 4.07292e-19 6.38479e-38 4.32101e-19 1.21929e-37 4.56979e-19 2.22899e-37 4.81946e-19
8.24824 2.14967e-16 2.14967e-16 1.84366e-25 8.57648e-10 5.21689e-07 0 5.182e-20 0 1.03783e-19 0 2.08102e-19 0 3.12895e-19 1.26117e-44 4.18143e-19 3.06884e-43 5.23848e-19 3.89281e-42 6.29957e-19 3.08608e-41 7.365e-19 1.79901e-40 8.43473e-19 8.29622e-40 9.50832e-19 3.2173e-39 1.05859e-18 1.04526e-38 1.16674e-18 3.0473e-38 1.27523e-18 8.033e-38 1.38414e-18 1.96116e-37 1.49338e-18 4.45497e-37 1.60304e-18 9.45515e-37 1.71299e-18 1.91262e-36 1.82332e-18 3.69622e-36 1.93406e-18 6.83911e-36 2.04508e-18 1.21397e-35 2.15647e-18
8.67162 3.28104e-16 3.28104e-16 3.31625e-25 1.01073e-09 4.54104e-07 0 1.6322e-19 0 3.2686e-19 0 6.55282e-19 1.82169e-44 9.85088e-19 1.13505e-42 1.31621e-18 2.42579e-41 1.64867e-18 2.71877e-40 1.9823e-18 1.94829e-39 2.31718e-18 1.04207e-38 2.65332e-18 4.45996e-38 2.99056e-18 1.61884e-37 3.32897e-18 4.96539e-37 3.6685e-18 1.3739e-36 4.00903e-18 3.45434e-36 4.35075e-18 8.07374e-36 4.69342e-18 1.76201e-35 5.03732e-18 3.60475e-35 5.38206e-18 7.04525e-35 5.72786e-18 1.31843e-34 6.07487e-18 2.36728e-34 6.42269e-18 4.08594e-34 6.77155e-18
9.11674 4.83718e-16 4.83718e-16 6.46671e-25 1.33687e-09 3.8695e-07 0 4.75793e-19 0 9.52726e-19 4.2039e-45 1.90969e-18 1.64372e-42 2.87039e-18 8.20334e-41 3.83465e-18 1.5094e-39 4.80251e-18 1.50341e-38 5.7735e-18 9.78588e-38 6.7479e-18 4.82269e-37 7.72565e-18 1.92262e-36 8.70639e-18 6.55287e-36 9.69025e-18 1.9029e-35 1.06771e-17 5.00999e-35 1.16667e-17 1.2042e-34 1.26594e-17 2.70026e-34 1.36547e-17 5.67271e-34 1.46533e-17 1.12067e-33 1.56541e-17 2.11979e-33 1.66578e-17 3.84737e-33 1.76647e-17 6.71347e-33 1.86738e-17 1.12828e-32 1.96856e-17
9.5847 5.44218e-16 5.44218e-16 9.1981e-25 1.69015e-09 3.46583e-07 0 1.01618e-18 0 2.03463e-18 3.41917e-43 4.0777e-18 8.96102e-41 6.12818e-18 3.69515e-39 8.18573e-18 5.8978e-38 1.02504e-17 5.25079e-37 1.23213e-17 3.11908e-36 1.43989e-17 1.42199e-35 1.64831e-17 5.29879e-35 1.85732e-17 1.70104e-34 2.06695e-17 4.68914e-34 2.27718e-17 1.17757e-33 2.48792e-17 2.71177e-33 2.69931e-17 5.84572e-33 2.91118e-17 1.18436e-32 3.12372e-17 2.26326e-32 3.33669e-17 4.14985e-32 3.55022e-17 7.31586e-32 3.76439e-17 1.24235e-31 3.97898e-17 2.03565e-31 4.19412e-17
10.0767 4.87595e-16 4.87595e-16 8.84451e-25 1.8139e-09 3.29259e-07 0 1.66256e-18 1.4013e-45 3.32859e-18 1.5937e-41 6.67005e-18 3.17996e-39 1.00228e-17 1.09353e-37 1.33864e-17 1.52458e-36 1.67607e-17 1.2199e-35 2.01445e-17 6.64271e-35 2.35385e-17 2.8122e-34 2.69425e-17 9.82731e-34 3.03555e-17 2.98017e-33 3.37779e-17 7.81841e-33 3.72092e-17 1.87711e-32 4.06485e-17 4.15018e-32 4.40974e-17 8.61717e-32 4.75537e-17 1.6867e-31 5.102e-17 3.1229e-31 5.44929e-17 5.55905e-31 5.79742e-17 9.5326e-31 6.14652e-17 1.57747e-30 6.49626e-17 2.52319e-30 6.84682e-17
10.5939 4.09025e-16 4.09025e-16 8.0191e-25 1.96054e-09 3.23649e-07 0 2.45433e-18 4.76441e-44 4.91346e-18 5.66019e-40 9.8447e-18 8.72104e-38 1.47915e-17 2.52327e-36 1.97531e-17 3.09323e-35 2.47296e-17 2.23609e-34 2.9719e-17 1.12093e-33 3.47225e-17 4.42262e-33 3.97398e-17 1.45391e-32 4.47693e-17 4.17657e-32 4.98116e-17 1.04531e-31 5.48662e-17 2.40461e-31 5.99317e-17 5.11445e-31 6.50105e-17 1.02472e-30 7.00992e-17 1.94106e-30 7.52017e-17 3.48737e-30 8.03132e-17 6.03548e-30 8.54361e-17 1.00806e-29 9.05724e-17 1.62764e-29 9.57173e-17 2.54441e-29 1.00873e-16
11.1377 3.21549e-16 3.21549e-16 6.34683e-25 1.97383e-09 3.31265e-07 0 3.27801e-18 2.06551e-42 6.56202e-18 1.55007e-38 1.31463e-17 1.86756e-36 1.97499e-17 4.58478e-35 2.63721e-17 4.97307e-34 3.30127e-17 3.26406e-33 3.96695e-17 1.51239e-32 4.63437e-17 5.58037e-32 5.30351e-17 1.73096e-31 5.97417e-17 4.72273e-31 6.64642e-17 1.13023e-30 7.3202e-17 2.49633e-30 7.99532e-17 5.11745e-30 8.67209e-17 9.91116e-30 9.3501e-17 1.81975e-29 1.00298e-16 3.17722e-29 1.07106e-16 5.35342e-29 1.13929e-16 8.72027e-29 1.20768e-16 1.37544e-28 1.27618e-16 2.10376e-28 1.34481e-16
11.7094 2.56752e-16 2.56752e-16 4.9876e-25 1.94257e-09 3.33563e-07 5.60519e-45 4.30026e-18 7.37686e-41 8.60792e-18 3.58134e-37 1.72431e-17 3.41483e-35 2.59022e-17 7.17044e-34 3.45839e-17 6.92317e-33 4.32883e-17 4.14517e-32 5.20124e-17 1.78212e-31 6.07578e-17 6.16953e-31 6.95243e-17 1.8108e-30 7.83094e-17 4.70431e-30 8.71138e-17 1.07886e-29 9.5937e-17 2.29245e-29 1.04777e-16 4.53764e-29 1.13636e-16 8.50914e-29 1.22511e-16 1.51666e-28 1.31407e-16 2.57696e-28 1.40316e-16 4.2328e-28 1.49242e-16 6.73258e-28 1.58189e-16 1.03855e-27 1.67148e-16 1.55588e-27 1.76125e-16
12.3105 2.0049e-16 2.0049e-16 3.82344e-25 1.90705e-09 3.31473e-07 2.42425e-43 5.34353e-18 2.11444e-39 1.06957e-17 6.78256e-36 2.14232e-17 5.177e-34 3.21784e-17 9.36917e-33 4.296e-17 8.09804e-32 5.37679e-17 4.44294e-31 6.45986e-17 1.77885e-30 7.54542e-17 5.79593e-30 8.63341e-17 1.61403e-29 9.72356e-17 4.00214e-29 1.0816e-16 8.81381e-29 1.19105e-16 1.80516e-28 1.3007e-16 3.45595e-28 1.41058e-16 6.28479e-28 1.52063e-16 1.08903e-27 1.63092e-16 1.80309e-27 1.74137e-16 2.89079e-27 1.85203e-16 4.49499e-27 1.96291e-16 6.78868e-27 2.07394e-16 9.97149e-27 2.18517e-16
12.9424 1.56477e-16 1.56477e-16 2.84918e-25 1.82083e-09 3.17557e-07 8.96551e-42 6.43784e-18 5.01872e-38 1.28854e-17 1.08544e-34 2.58068e-17 6.70454e-33 3.87596e-17 1.05339e-31 5.1742e-17 8.19475e-31 6.47541e-17 4.13743e-30 7.77919e-17 1.54805e-29 9.08577e-17 4.76127e-29 1.03951e-16 1.26123e-28 1.17068e-16 2.99171e-28 1.30211e-16 6.33944e-28 1.43378e-16 1.25372e-27 1.56567e-16 2.32532e-27 1.69781e-16 4.107e-27 1.83015e-16 6.92815e-27 1.96277e-16 1.11919e-26 2.09555e-16 1.75345e-26 2.22857e-16 2.66837e-26 2.36184e-16 3.94966e-26 2.49528e-16 5.69354e-26 2.62895e-16
13.6067 1.2505e-16 1.2505e-16 2.04035e-25 1.63163e-09 2.89272e-07 2.77677e-40 7.71547e-18 1.01988e-36 1.54419e-17 1.51611e-33 3.09243e-17 7.65709e-32 4.64419e-17 1.05167e-30 6.19928e-17 7.40162e-30 7.75771e-17 3.45294e-29 9.31903e-17 1.21133e-28 1.08835e-16 3.52679e-28 1.2451e-16 8.90831e-28 1.40212e-16 2.02584e-27 1.55943e-16 4.13822e-27 1.71701e-16 7.91596e-27 1.87483e-16 1.42458e-26 2.03294e-16 2.44719e-26 2.19127e-16 4.02414e-26 2.3499e-16 6.35023e-26 2.50873e-16 9.73328e-26 2.66781e-16 1.45114e-25 2.82718e-16 2.10721e-25 2.98674e-16 2.98384e-25 3.14654e-16
14.3051 1.14855e-16 1.14855e-16 1.39992e-25 1.21886e-09 2.47218e-07 8.16706e-39 1.03385e-17 2.00917e-35 2.06909e-17 2.09084e-32 4.14327e-17 8.71947e-31 6.22189e-17 1.05379e-29 8.30469e-17 6.74256e-29 1.03917e-16 2.91763e-28 1.24823e-16 9.62703e-28 1.45768e-16 2.6604e-27 1.66752e-16 6.42268e-27 1.8777e-16 1.40315e-26 2.08823e-16 2.76801e-26 2.29911e-16 5.12985e-26 2.51028e-16 8.97075e-26 2.72182e-16 1.50085e-25 2.93364e-16 2.40877e-25 3.14583e-16 3.7174e-25 3.35827e-16 5.58025e-25 3.57103e-16 8.15895e-25 3.78414e-16 1.16339e-24 3.9975e-16 1.61963e-24 4.21116e-16
15.0394 1.27823e-16 1.27823e-16 1.04155e-25 8.14839e-10 2.09163e-07 2.42759e-37 1.6352e-17 4.07912e-34 3.27246e-17 3.02381e-31 6.5525e-17 1.05104e-29 9.83911e-17 1.12472e-28 1.31319e-16 6.57292e-28 1.6431e-16 2.6479e-27 1.97354e-16 8.24234e-27 2.30456e-16 2.16746e-26 2.63615e-16 5.01224e-26 2.96825e-16 1.05403e-25 3.30087e-16 2.01144e-25 3.634e-16 3.61712e-25 3.96757e-16 6.15512e-25 4.30168e-16 1.00423e-24 4.63619e-16 1.57492e-24 4.97127e-16 2.37959e-24 5.30671e-16 3.5019e-24 5.64261e-16 5.02608e-24 5.97905e-16 7.04361e-24 6.31585e-16 9.64878e-24 6.65309e-16
15.8114 1.47544e-16 1.47544e-16 8.6319e-26 5.8504e-10 1.79636e-07 6.29765e-36 2.61648e-17 7.36366e-33 5.23605e-17 3.95327e-30 1.04835e-16 1.15553e-28 1.57408e-16 1.1014e-27 2.10075e-16 5.90507e-27 2.62835e-16 2.2224e-26 3.15675e-16 6.54477e-26 3.68603e-16 1.6417e-25 4.21617e-16 3.64417e-25 4.74705e-16 7.39021e-25 5.27872e-16 1.3665e-24 5.81115e-16 2.38793e-24 6.34425e-16 3.95935e-24 6.87815e-16 6.30724e-24 7.41266e-16 9.67665e-24 7.94802e-16 1.4329e-23 8.4839e-16 2.06931e-23 9.02049e-16 2.91803e-23 9.55788e-16 4.02253e-23 1.00958e-15 5.42629e-23 1.06344e-15
16.623 1.69564e-16 1.69564e-16 7.89245e-26 4.65455e-10 1.55062e-07 1.38032e-34 4.07074e-17 1.14316e-31 8.14601e-17 4.5153e-29 1.63087e-16 1.11929e-27 2.44859e-16 9.55651e-27 3.26767e-16 4.72035e-26 4.0881e-16 1.66521e-25 4.90972e-16 4.65199e-25 5.7326e-16 1.11568e-24 6.55675e-16 2.38196e-24 7.38198e-16 4.6666e-24 8.20836e-16 8.37376e-24 9.03585e-16 1.42396e-23 9.86431e-16 2.30344e-23 1.06939e-15 3.5869e-23 1.15245e-15 5.38926e-23 1.23562e-15 7.82884e-23 1.31887e-15 1.11049e-22 1.40223e-15 1.53989e-22 1.4857e-15 2.08974e-22 1.56924e-15 2.77811e-22 1.65289e-15
17.4762 1.86986e-16 1.86986e-16 7.71163e-26 4.12418e-10 1.35582e-07 2.48325e-33 5.94174e-17 1.4814e-30 1.18897e-16 4.36996e-28 2.38023e-16 9.26108e-27 3.57348e-16 7.12106e-26 4.76859e-16 3.25351e-25 5.96557e-16 1.07924e-24 7.16417e-16 2.86749e-24 8.36449e-16 6.58951e-24 9.56655e-16 1.35571e-23 1.07701e-15 2.57024e-23 1.19752e-15 4.48225e-23 1.31818e-15 7.42702e-23 1.43898e-15 1.17353e-22 1.55993e-15 1.78833e-22 1.68101e-15 2.63406e-22 1.80226e-15 3.7573e-22 1.92361e-15 5.23937e-22 2.0451e-15 7.15028e-22 2.16675e-15 9.55988e-22 2.2885e-15 1.25335e-21 2.41039e-15
18.3733 1.93012e-16 1.93012e-16 7.60866e-26 3.94207e-10 1.21153e-07 3.60462e-32 7.9463e-17 1.57396e-29 1.59004e-16 3.51731e-27 3.18297e-16 6.42163e-26 4.7784e-16 4.46967e-25 6.37618e-16 1.89613e-24 7.97629e-16 5.93207e-24 9.57845e-16 1.5027e-23 1.11828e-15 3.31574e-23 1.27893e-15 6.58562e-23 1.43976e-15 1.21015e-22 1.6008e-15 2.05385e-22 1.76202e-15 3.32032e-22 1.92341e-15 5.13052e-22 2.085e-15 7.65915e-22 2.24674e-15 1.107e-21 2.40869e-15 1.55191e-21 2.57078e-15 2.12921e-21 2.73304e-15 2.862e-21 2.8955e-15 3.7726e-21 3.05809e-15 4.8811e-21 3.22086e-15
19.3164 1.84038e-16 1.84038e-16 7.19346e-26 3.90867e-10 1.11184e-07 4.19645e-31 9.61936e-17 1.3618e-28 1.92476e-16 2.33686e-26 3.85282e-16 3.70236e-25 5.78373e-16 2.34406e-24 7.71731e-16 9.26658e-24 9.65355e-16 2.74204e-23 1.15921e-15 6.63789e-23 1.35331e-15 1.40915e-22 1.54766e-15 2.7066e-22 1.74223e-15 4.82798e-22 1.93701e-15 7.98507e-22 2.13201e-15 1.26097e-21 2.3272e-15 1.90747e-21 2.52262e-15 2.79243e-21 2.71822e-15 3.96403e-21 2.91404e-15 5.4663e-21 3.11003e-15 7.38482e-21 3.30621e-15 9.78407e-21 3.50261e-15 1.27243e-20 3.69917e-15 1.62573e-20 3.89592e-15
20.3079 1.64458e-16 1.64458e-16 6.33933e-26 3.85469e-10 1.05306e-07 4.00277e-30 1.07048e-16 9.79453e-28 2.14191e-16 1.30739e-25 4.28727e-16 1.80996e-24 6.43562e-16 1.0472e-23 8.58677e-16 3.87109e-23 1.07407e-15 1.08638e-22 1.28971e-15 2.5188e-22 1.5056e-15 5.15418e-22 1.72176e-15 9.58928e-22 1.93813e-15 1.66286e-21 2.15474e-15 2.68349e-21 2.37157e-15 4.14418e-21 2.58861e-15 6.1435e-21 2.80587e-15 8.8279e-21 3.02333e-15 1.23193e-20 3.24103e-15 1.67235e-20 3.45889e-15 2.22636e-20 3.67695e-15 2.90944e-20 3.89525e-15 3.73552e-20 4.11371e-15 4.71596e-20 4.33237e-15
21.3503 1.46895e-16 1.46895e-16 5.37787e-26 3.66104e-10 9.9268e-08 3.3584e-29 1.16919e-16 6.28251e-27 2.33935e-16 6.60364e-25 4.68226e-16 8.04131e-24 7.02826e-16 4.27035e-23 9.37714e-16 1.48097e-22 1.17289e-15 3.95199e-22 1.40831e-15 8.79417e-22 1.644e-15 1.73771e-21 1.87996e-15 3.13646e-21 2.11614e-15 5.29465e-21 2.35256e-15 8.34708e-21 2.58921e-15 1.26199e-20 2.82607e-15 1.83522e-20 3.06317e-15 2.59085e-20 3.30046e-15 3.55716e-20 3.538e-15 4.75734e-20 3.77571e-15 6.24546e-20 4.01363e-15 8.05573e-20 4.25179e-15 1.02176e-19 4.49011e-15 1.27534e-19 4.72864e-15
22.4463 1.31378e-16 1.31378e-16 4.52959e-26 3.44775e-10 9.36352e-08 2.49842e-28 1.25673e-16 3.62025e-26 2.51443e-16 3.03168e-24 5.03248e-16 3.26758e-23 7.55365e-16 1.59941e-22 1.00778e-15 5.22002e-22 1.26048e-15 1.32779e-21 1.51343e-15 2.84151e-21 1.76665e-15 5.43113e-21 2.02014e-15 9.52425e-21 2.27386e-15 1.5672e-20 2.52782e-15 2.41641e-20 2.78202e-15 3.58037e-20 3.03643e-15 5.11232e-20 3.29107e-15 7.09678e-20 3.54592e-15 9.59402e-20 3.80101e-15 1.26502e-19 4.05627e-15 1.6388e-19 4.31175e-15 2.08771e-19 4.56747e-15 2.61741e-19 4.82335e-15 3.23183e-19 5.07944e-15
23.5984 1.17779e-16 1.17779e-16 3.76808e-26 3.19928e-10 9.08293e-08 1.65959e-27 1.332e-16 1.88608e-25 2.66499e-16 1.27239e-23 5.33361e-16 1.2211e-22 8.00537e-16 5.53104e-22 1.06801e-15 1.70388e-21 1.33576e-15 4.14095e-21 1.60378e-15 8.5386e-21 1.87205e-15 1.58122e-20 2.1406e-15 2.69788e-20 2.40938e-15 4.33269e-20 2.6784e-15 6.54065e-20 2.94765e-15 9.50696e-20 3.21712e-15 1.33407e-19 3.48682e-15 1.8225e-19 3.75672e-15 2.4278e-19 4.02687e-15 3.15825e-19 4.29718e-15 4.04005e-19 4.56772e-15 5.08624e-19 4.83848e-15 6.30673e-19 5.10942e-15 7.70742e-19 5.38057e-15
24.8097 1.05998e-16 1.05998e-16 3.13791e-26 2.96036e-10 8.46679e-08 9.91391e-27 1.39548e-16 8.9422e-25 2.79193e-16 4.91136e-23 5.58747e-16 4.22065e-22 8.38611e-16 1.77585e-21 1.11877e-15 5.17822e-21 1.39921e-15 1.20507e-20 1.6799e-15 2.39858e-20 1.96086e-15 4.31017e-20 2.24208e-15 7.16467e-20 2.52353e-15 1.12431e-19 2.80522e-15 1.66348e-19 3.08714e-15 2.37414e-19 3.36927e-15 3.27688e-19 3.65163e-15 4.40894e-19 3.93419e-15 5.79161e-19 4.21699e-15 7.43798e-19 4.49996e-15 9.40101e-19 4.78315e-15 1.17031e-18 5.06656e-15 1.43598e-18 5.35014e-15 1.7378e-18 5.63393e-15
26.0832 9.52086e-17 9.52086e-17 2.59212e-26 2.72257e-10 7.93783e-08 5.32353e-26 1.43791e-16 3.85424e-24 2.87678e-16 1.74082e-22 5.75707e-16 1.34686e-21 8.64041e-16 5.28299e-21 1.15266e-15 1.46205e-20 1.44156e-15 3.26501e-20 1.7307e-15 6.28392e-20 2.0201e-15 1.09734e-19 2.30976e-15 1.77938e-19 2.59964e-15 2.73152e-19 2.88975e-15 3.96487e-19 3.18008e-15 5.5613e-19 3.47062e-15 7.55608e-19 3.76139e-15 1.00202e-18 4.05235e-15 1.29885e-18 4.34354e-15 1.64782e-18 4.6349e-15 2.05903e-18 4.92647e-15 2.53598e-18 5.21826e-15 3.08074e-18 5.51021e-15 3.6937e-18 5.80237e-15
27.4221 8.53885e-17 8.53885e-17 2.14113e-26 2.50751e-10 7.66926e-08 2.5839e-25 1.45909e-16 1.5178e-23 2.9191e-16 5.69161e-22 5.84159e-16 3.98492e-21 8.76703e-16 1.46217e-20 1.16952e-15 3.85032e-20 1.4626e-15 8.26766e-20 1.75593e-15 1.54115e-19 2.04949e-15 2.61901e-19 2.34331e-15 4.14776e-19 2.63734e-15 6.23536e-19 2.93159e-15 8.88761e-19 3.22606e-15 1.22619e-18 3.52072e-15 1.64126e-18 3.8156e-15 2.14672e-18 4.11067e-15 2.74761e-18 4.40596e-15 3.44556e-18 4.70141e-15 4.25882e-18 4.99706e-15 5.19222e-18 5.29291e-15 6.24794e-18 5.58893e-15 7.42499e-18 5.88514e-15
28.8297 7.68814e-17 7.68814e-17 1.76824e-26 2.29996e-10 7.07009e-08 1.14535e-24 1.46714e-16 5.51456e-23 2.93515e-16 1.73253e-21 5.87356e-16 1.10306e-20 8.81479e-16 3.79851e-20 1.17586e-15 9.54073e-20 1.4705e-15 1.97362e-19 1.76537e-15 3.5688e-19 2.06047e-15 5.90975e-19 2.35581e-15 9.1516e-19 2.65135e-15 1.34865e-18 2.9471e-15 1.88933e-18 3.24306e-15 2.56601e-18 3.5392e-15 3.38607e-18 3.83555e-15 4.37119e-18 4.13208e-15 5.52773e-18 4.42882e-15 6.8557e-18 4.72571e-15 8.38664e-18 5.0228e-15 1.01263e-17 5.32007e-15 1.20756e-17 5.61751e-15 1.42301e-17 5.91513e-15
30.3095 6.91912e-17 6.91912e-17 1.45951e-26 2.10939e-10 6.72714e-08 4.6377e-24 1.45659e-16 1.8481e-22 2.91401e-16 4.90679e-21 5.83111e-16 2.85408e-20 8.75088e-16 9.25252e-20 1.16731e-15 2.22178e-19 1.45978e-15 4.43577e-19 1.75246e-15 7.79233e-19 2.04536e-15 1.25898e-18 2.33849e-15 1.90842e-18 2.6318e-15 2.75966e-18 2.92531e-15 3.80291e-18 3.21902e-15 5.08832e-18 3.51291e-15 6.62418e-18 3.80698e-15 8.44542e-18 4.10123e-15 1.05582e-17 4.39567e-15 1.29578e-17 4.69026e-15 1.56961e-17 4.98503e-15 1.87784e-17 5.27997e-15 2.22016e-17 5.57507e-15 2.59539e-17 5.87034e-15
31.8653 6.24123e-17 6.24123e-17 1.19985e-26 1.92246e-10 6.33294e-08 1.72768e-23 1.43277e-16 5.75103e-22 2.86634e-16 1.30104e-20 5.73559e-16 6.94422e-20 8.60735e-16 2.12559e-19 1.14815e-15 4.8904e-19 1.43578e-15 9.43959e-19 1.72362e-15 1.61326e-18 2.01166e-15 2.54615e-18 2.29991e-15 3.78197e-18 2.58834e-15 5.37129e-18 2.87696e-15 7.28685e-18 3.16575e-15 9.61221e-18 3.45472e-15 1.23535e-17 3.74386e-15 1.55642e-17 4.03316e-15 1.9247e-17 4.32264e-15 2.33862e-17 4.61226e-15 2.80644e-17 4.90204e-15 3.32828e-17 5.19199e-15 3.90297e-17 5.48209e-15 4.52796e-17 5.77234e-15
33.5009 5.61985e-17 5.61985e-17 9.87994e-27 1.75804e-10 5.75135e-08 5.92211e-23 1.39169e-16 1.66125e-21 2.78412e-16 3.22734e-20 5.57095e-16 1.58733e-19 8.36013e-16 4.60047e-19 1.11515e-15 1.01625e-18 1.39449e-15 1.89961e-18 1.67402e-15 3.16265e-18 1.95374e-15 4.88152e-18 2.23366e-15 7.11213e-18 2.51374e-15 9.92936e-18 2.79399e-15 1.32713e-17 3.0744e-15 1.72713e-17 3.35498e-15 2.19266e-17 3.63571e-15 2.73156e-17 3.91659e-15 3.34305e-17 4.19764e-15 4.02355e-17 4.47882e-15 4.78563e-17 4.76015e-15 5.62843e-17 5.04163e-15 6.54914e-17 5.32324e-15 7.54297e-17 5.605e-15
35.2205 5.1051e-17 5.1051e-17 8.11746e-27 1.59007e-10 5.64457e-08 1.89524e-22 1.34993e-16 4.51781e-21 2.70054e-16 7.59333e-20 5.40363e-16 3.45524e-19 8.1089e-16 9.5071e-19 1.08162e-15 2.02042e-18 1.35254e-15 3.66304e-18 1.62364e-15 5.94866e-18 1.89491e-15 8.98918e-18 2.16636e-15 1.28583e-17 2.43796e-15 1.76616e-17 2.70972e-15 2.32741e-17 2.98163e-15 2.99018e-17 3.2537e-15 3.75217e-17 3.5259e-15 4.62447e-17 3.79824e-15 5.60416e-17 4.07074e-15 6.68419e-17 4.34335e-15 7.88317e-17 4.61611e-15 9.19833e-17 4.889e-15 1.06241e-16 5.16201e-15 1.21522e-16 5.43516e-15
37.0284 4.6294e-17 4.6294e-17 6.67151e-27 1.44112e-10 5.0439e-08 5.6245e-22 1.29471e-16 1.14843e-20 2.59006e-16 1.6818e-19 5.18248e-16 7.10708e-19 7.77691e-16 1.86123e-18 1.03732e-15 3.81249e-18 1.29713e-15 6.71417e-18 1.5571e-15 1.06485e-17 1.81722e-15 1.57701e-17 2.07751e-15 2.21672e-17 2.33794e-15 2.99796e-17 2.59851e-15 3.89777e-17 2.85922e-15 4.94684e-17 3.12007e-15 6.13903e-17 3.38105e-15 7.4894e-17 3.64215e-15 8.99128e-17 3.90339e-15 1.06322e-16 4.16474e-15 1.24387e-16 4.42622e-15 1.4405e-16 4.68782e-15 1.65212e-16 4.94953e-15 1.87739e-16 5.21137e-15
38.9291 4.18863e-17 4.18863e-17 5.48898e-27 1.31045e-10 5.09951e-08 1.55269e-21 1.22794e-16 2.73617e-20 2.45647e-16 3.5148e-19 4.91511e-16 1.38439e-18 7.37559e-16 3.45902e-18 9.83776e-16 6.84159e-18 1.23015e-15 1.17204e-17 1.47668e-15 1.81743e-17 1.72335e-15 2.64045e-17 1.97016e-15 3.65034e-17 2.2171e-15 4.8646e-17 2.46417e-15 6.24414e-17 2.71137e-15 7.83304e-17 2.95869e-15 9.61885e-17 3.20612e-15 1.16213e-16 3.45367e-15 1.38278e-16 3.70134e-15 1.62181e-16 3.94911e-15 1.8829e-16 4.19699e-15 2.16497e-16 4.44498e-15 2.46646e-16 4.69307e-15 2.78533e-16 4.94127e-15
40.9273 3.78069e-17 3.78069e-17 4.52163e-27 1.19598e-10 4.46385e-08 4.00013e-21 1.15212e-16 6.12769e-20 2.30478e-16 6.94897e-19 4.61152e-16 2.55982e-18 6.91993e-16 6.11629e-18 9.22987e-16 1.17012e-17 1.15412e-15 1.95254e-17 1.38539e-15 2.96357e-17 1.61679e-15 4.22781e-17 1.84832e-15 5.7531e-17 2.07996e-15 7.5601e-17 2.31171e-15 9.58648e-17 2.54358e-15 1.18935e-16 2.77556e-15 1.44593e-16 3.00763e-15 1.73089e-16 3.23981e-15 2.04213e-16 3.4721e-15 2.37656e-16 3.70447e-15 2.73911e-16 3.93695e-15 3.12806e-16 4.16952e-15 3.54106e-16 4.40218e-15 3.97518e-16 4.63493e-15
43.0281 3.41041e-17 3.41041e-17 3.71562e-27 1.08949e-10 4.16788e-08 9.66622e-21 1.0719e-16 1.29602e-19 2.14428e-16 1.3054e-18 4.29032e-16 4.51217e-18 6.43786e-16 1.03322e-17 8.58676e-16 1.91505e-17 1.07369e-15 3.11669e-17 1.28883e-15 4.63512e-17 1.50408e-15 6.49871e-17 1.71944e-15 8.71129e-17 1.9349e-15 1.12958e-16 2.15047e-15 1.41583e-16 2.36612e-15 1.73816e-16 2.58188e-15 2.09308e-16 2.79773e-15 2.48367e-16 3.01366e-15 2.90671e-16 3.22969e-15 3.35777e-16 3.44579e-15 3.84328e-16 3.66198e-15 4.36065e-16 3.87825e-15 4.90659e-16 4.0946e-15 5.47712e-16 4.31104e-15
45.2368 3.06917e-17 3.06917e-17 3.05222e-27 9.94479e-11 3.69674e-08 2.1939e-20 9.87652e-17 2.59137e-19 1.97573e-16 2.33176e-18 3.95304e-16 7.58625e-18 5.93168e-16 1.66828e-17 7.91152e-16 3.00034e-17 9.89247e-16 4.76823e-17 1.18745e-15 6.95519e-17 1.38574e-15 9.59201e-17 1.58414e-15 1.26751e-16 1.78262e-15 1.62284e-16 1.98119e-15 2.01179e-16 2.17984e-15 2.44519e-16 2.37858e-15 2.91789e-16 2.57739e-15 3.43359e-16 2.77628e-15 3.98768e-16 2.97524e-15 4.57416e-16 3.17428e-15 5.20114e-16 3.37339e-15 5.86503e-16 3.57256e-15 6.56142e-16 3.7718e-15 7.28513e-16 3.97112e-15
47.5588 2.76681e-17 2.76681e-17 2.50435e-27 9.0514e-11 3.29271e-08 4.70977e-20 9.05364e-17 4.93126e-19 1.81111e-16 3.98591e-18 3.62361e-16 1.22421e-17 5.43729e-16 2.59052e-17 7.25201e-16 4.52735e-17 9.06769e-16 7.03408e-17 1.08843e-15 1.00729e-16 1.27017e-15 1.36754e-16 1.452e-15 1.78267e-16 1.6339e-15 2.25505e-16 1.81587e-15 2.76635e-16 1.99791e-15 3.33043e-16 2.18003e-15 3.94012e-16 2.36221e-15 4.59979e-16 2.54446e-15 5.30319e-16 2.72677e-15 6.04254e-16 2.90913e-15 6.82784e-16 3.09157e-15 7.65434e-16 3.27404e-15 8.5164e-16 3.45659e-15 9.40757e-16 3.63919e-15
50 2.48595e-17 2.48595e-17 2.05618e-27 8.27121e-11 3.75485e-08 9.54182e-20 8.21889e-17 8.90822e-19 1.64411e-16 6.50204e-18 3.28944e-16 1.89053e-17 4.93578e-16 3.85676e-17 6.58303e-16 6.55906e-17 8.23108e-16 9.97383e-17 9.87992e-16 1.40345e-16 1.15294e-15 1.87714e-16 1.31797e-15 2.41551e-16 1.48305e-15 3.02071e-16 1.6482e-15 3.66883e-16 1.8134e-15 4.37709e-16 1.97867e-15 5.13605e-16 2.14398e-15 5.95081e-16 2.30936e-15 6.81332e-16 2.47478e-15 7.71389e-16 2.64025e-15 8.66456e-16 2.80577e-15 9.65936e-16 2.97133e-15 1.06914e-15 3.13694e-15 1.17529e-15 3.3026e-15
52.5665 2.23615e-17 2.23615e-17 1.68599e-27 7.53966e-11 3.06096e-08 1.83744e-19 7.42494e-17 1.53817e-18 1.48528e-16 1.01886e-17 2.97161e-16 2.81202e-17 4.4588e-16 5.54038e-17 5.94676e-16 9.18119e-17 7.43539e-16 1.36783e-16 8.92467e-16 1.89288e-16 1.04145e-15 2.49608e-16 1.1905e-15 3.17266e-16 1.33959e-15 3.92449e-16 1.48873e-15 4.72151e-16 1.63792e-15 5.58465e-16 1.78716e-15 6.50205e-16 1.93644e-15 7.47954e-16 2.08576e-15 8.50722e-16 2.23513e-15 9.57349e-16 2.38453e-15 1.06925e-15 2.53397e-15 1.18571e-15 2.68344e-15 1.3059e-15 2.83295e-15 1.42894e-15 2.9825e-15
55.2648 2.01005e-17 2.01005e-17 1.38153e-27 6.87312e-11 3.27099e-08 3.36544e-19 6.66542e-17 2.53969e-18 1.33333e-16 1.53391e-17 2.66756e-16 4.02881e-17 4.00251e-16 7.67924e-17 5.3381e-16 1.24156e-16 6.67424e-16 1.81405e-16 8.0109e-16 2.47088e-16 9.34801e-16 3.21456e-16 1.06856e-15 4.03832e-16 1.20236e-15 4.9437e-16 1.33619e-15 5.89425e-16 1.47006e-15 6.91488e-16 1.60398e-15 7.99124e-16 1.73792e-15 9.12997e-16 1.87189e-15 1.03194e-15 2.00589e-15 1.1546e-15 2.13993e-15 1.28262e-15 2.27399e-15 1.41515e-15 2.40807e-15 1.55128e-15 2.54219e-15 1.69e-15 2.67633e-15
58.1015 1.80594e-17 1.80594e-17 1.13253e-27 6.27113e-11 2.85717e-08 5.87846e-19 5.94931e-17 4.01927e-18 1.19007e-16 2.22349e-17 2.38089e-16 5.57104e-17 3.57231e-16 1.02896e-16 4.76423e-16 1.62504e-16 5.95659e-16 2.33079e-16 7.14936e-16 3.12719e-16 8.34248e-16 4.01649e-16 9.53597e-16 4.98986e-16 1.07297e-15 6.04855e-16 1.19238e-15 7.14989e-16 1.31181e-15 8.3228e-16 1.43127e-15 9.55063e-16 1.55075e-15 1.08409e-15 1.67026e-15 1.21801e-15 1.78978e-15 1.35534e-15 1.90932e-15 1.49791e-15 2.02889e-15 1.64478e-15 2.14847e-15 1.79493e-15 2.26807e-15 1.94728e-15 2.38769e-15
61.0839 1.62266e-17 1.62266e-17 9.2769e-28 5.71708e-11 2.83759e-08 9.81995e-19 5.28427e-17 6.11266e-18 1.05703e-16 3.11063e-17 2.11467e-16 7.45201e-17 3.17278e-16 1.33576e-16 4.23129e-16 2.06301e-16 5.29013e-16 2.90734e-16 6.34928e-16 3.84516e-16 7.40867e-16 4.87866e-16 8.46834e-16 5.99712e-16 9.52817e-16 7.20155e-16 1.05882e-15 8.44361e-16 1.16484e-15 9.75615e-16 1.27088e-15 1.11205e-15 1.37694e-15 1.2545e-15 1.48301e-15 1.40149e-15 1.58908e-15 1.5514e-15 1.69518e-15 1.70624e-15 1.80128e-15 1.865e-15 1.90739e-15 2.0266e-15 2.01351e-15 2.18989e-15 2.11965e-15
64.2193 1.45702e-17 1.45702e-17 7.59564e-28 5.21315e-11 2.12084e-08 1.57112e-18 4.6687e-17 8.94457e-18 9.3388e-17 4.20414e-17 1.86824e-16 9.65114e-17 2.80297e-16 1.68135e-16 3.73799e-16 2.54224e-16 4.67324e-16 3.5232e-16 5.60871e-16 4.59653e-16 6.54433e-16 5.7646e-16 7.48013e-16 7.01514e-16 8.41601e-16 8.34911e-16 9.35202e-16 9.71338e-16 1.02881e-15 1.11444e-15 1.12243e-15 1.26221e-15 1.21606e-15 1.41554e-15 1.30969e-15 1.57287e-15 1.40333e-15 1.7325e-15 1.49697e-15 1.8966e-15 1.59062e-15 2.0641e-15 1.68426e-15 2.23388e-15 1.77791e-15 2.40476e-15 1.87157e-15
67.5157 1.30892e-17 1.30892e-17 6.21796e-28 4.75043e-11 1.50815e-08 2.41529e-18 4.10883e-17 1.26311e-17 8.21877e-17 5.50482e-17 1.64412e-16 1.21346e-16 2.46663e-16 2.05748e-16 3.28934e-16 3.0488e-16 4.11218e-16 4.15845e-16 4.93516e-16 5.35535e-16 5.75821e-16 6.64244e-16 6.58135e-16 8.00633e-16 7.40451e-16 9.44818e-16 8.22771e-16 1.09112e-15 9.05092e-16 1.2435e-15 9.87421e-16 1.39985e-15 1.06974e-15 1.56115e-15 1.15207e-15 1.72577e-15 1.23439e-15 1.89198e-15 1.31671e-15 2.06206e-15 1.39903e-15 2.23493e-15 1.48133e-15 2.40946e-15 1.56364e-15 2.58447e-15 1.64595e-15
70.9813 1.17595e-17 1.17595e-17 5.09101e-28 4.32927e-11 2.5921e-08 3.57319e-18 3.60142e-17 1.72365e-17 7.20366e-17 6.991e-17 1.441e-16 1.48273e-16 2.1618e-16 2.45008e-16 2.88272e-16 3.56154e-16 3.60369e-16 4.78477e-16 4.32472e-16 6.08634e-16 5.04574e-16 7.47019e-16 5.76679e-16 8.92238e-16 6.48778e-16 1.04445e-15 7.20876e-16 1.19774e-15 7.92967e-16 1.35634e-15 8.6506e-16 1.51808e-15 9.37139e-16 1.68402e-15 1.00922e-15 1.85253e-15 1.08128e-15 2.02186e-15 1.15334e-15 2.1944e-15 1.22539e-15 2.36905e-15 1.29743e-15 2.54471e-15 1.36946e-15 2.72024e-15 1.44148e-15
74.6248 1.0572e-17 1.0572e-17 4.16593e-28 3.94052e-11 1.70414e-08 5.09981e-18 3.14651e-17 2.27814e-17 6.29359e-17 8.62949e-17 1.25889e-16 1.76429e-16 1.88851e-16 2.84473e-16 2.51817e-16 4.06041e-16 3.14781e-16 5.37697e-16 3.77744e-16 6.75981e-16 4.407e-16 8.2143e-16 5.03652e-16 9.72651e-16 5.66593e-16 1.12987e-15 6.29525e-16 1.28707e-15 6.92447e-16 1.4487e-15 7.55362e-16 1.61257e-15 8.1826e-16 1.77983e-15 8.81151e-16 1.94884e-15 9.44024e-16 2.11794e-15 1.00689e-15 2.28952e-15 1.06974e-15 2.46255e-15 1.13256e-15 2.63595e-15 1.19538e-15 2.80863e-15 1.25819e-15
78.4553 9.50161e-18 9.50161e-18 3.40828e-28 3.58705e-11 2.81039e-08 7.02771e-18 2.73811e-17 2.91813e-17 5.47658e-17 1.03579e-16 1.0954e-16 2.04502e-16 1.64316e-16 3.2214e-16 2.1909e-16 4.51892e-16 2.73855e-16 5.90273e-16 3.28613e-16 7.33843e-16 3.83359e-16 8.83309e-16 4.38094e-16 1.03734e-15 4.92814e-16 1.19625e-15 5.4752e-16 1.35407e-15 6.0221e-16 1.51535e-15 6.56889e-16 1.67799e-15 7.11546e-16 1.84315e-15 7.6619e-16 2.00929e-15 8.20813e-16 2.17481e-15 8.75421e-16 2.34211e-15 9.30011e-16 2.5102e-15 9.84575e-16 2.67808e-15 1.03913e-15 2.84474e-15 1.09366e-15
82.4824 8.54266e-18 8.54266e-18 2.78948e-28 3.26536e-11 2.08148e-08 9.37265e-18 2.37527e-17 3.63051e-17 4.75069e-17 1.21138e-16 9.50153e-17 2.3136e-16 1.42519e-16 3.56458e-16 1.90013e-16 4.91846e-16 2.37495e-16 6.34148e-16 2.84964e-16 7.80068e-16 3.32415e-16 9.30507e-16 3.79852e-16 1.08425e-15 4.27268e-16 1.2417e-15 4.74666e-16 1.39706e-15 5.22044e-16 1.55493e-15 5.69406e-16 1.71329e-15 6.16743e-16 1.87336e-15 6.64063e-16 2.03367e-15 7.11358e-16 2.19275e-15 7.58634e-16 2.35294e-15 8.05889e-16 2.51333e-15 8.53114e-16 2.67301e-15 9.00323e-16 2.83104e-15 9.47509e-16
86.7162 7.68628e-18 7.68628e-18 2.28268e-28 2.96981e-11 2.03379e-08 1.21219e-17 2.05524e-17 4.39506e-17 4.11045e-17 1.38272e-16 8.2204e-17 2.55879e-16 1.23293e-16 3.86011e-16 1.64368e-16 5.2433e-16 2.05425e-16 6.67713e-16 2.46465e-16 8.13115e-16 2.87484e-16 9.61636e-16 3.28483e-16 1.11222e-15 3.69458e-16 1.26535e-15 4.10412e-16 1.41554e-15 4.51341e-16 1.56732e-15 4.92252e-16 1.71883e-15 5.33134e-16 1.87129e-15 5.73996e-16 2.02334e-15 6.14829e-16 2.17365e-15 6.5564e-16 2.32449e-15 6.96428e-16 2.47502e-15 7.37183e-16 2.62441e-15 7.77918e-16 2.77186e-15 8.18629e-16
91.1674 6.91685e-18 6.91685e-18 1.86745e-28 2.69986e-11 1.27465e-08 1.52176e-17 1.77301e-17 5.18126e-17 3.54585e-17 1.5414e-16 7.09064e-17 2.76808e-16 1.06339e-16 4.09299e-16 1.41753e-16 5.47732e-16 1.77145e-16 6.89354e-16 2.12517e-16 8.31461e-16 2.47863e-16 9.75346e-16 2.83187e-16 1.12013e-15 3.18484e-16 1.2664e-15 3.53756e-16 1.40901e-15 3.89001e-16 1.5524e-15 4.24224e-16 1.69488e-15 4.59416e-16 1.83762e-15 4.94585e-16 1.97944e-15 5.29722e-16 2.11913e-15 5.64836e-16 2.25883e-15 5.99923e-16 2.39783e-15 6.34977e-16 2.53537e-15 6.70007e-16 2.67075e-15 7.0501e-16
95.847 6.22483e-18 6.22483e-18 1.52749e-28 2.45387e-11 -2.86045e-10 1.85689e-17 1.52506e-17 5.95531e-17 3.04982e-17 1.67991e-16 6.09809e-17 2.93194e-16 9.14443e-17 4.25349e-16 1.21885e-16 5.61197e-16 1.52302e-16 6.98448e-16 1.82694e-16 8.34793e-16 2.13058e-16 9.71696e-16 2.43397e-16 1.10847e-15 2.73706e-16 1.24578e-15 3.03988e-16 1.37893e-15 3.34241e-16 1.51215e-15 3.6447e-16 1.64393e-15 3.94665e-16 1.77544e-15 4.24835e-16 1.9056e-15 4.54972e-16 2.03337e-15 4.85084e-16 2.16076e-15 5.15166e-16 2.28712e-15 5.45214e-16 2.41183e-15 5.75237e-16 2.53425e-15 6.05231e-16
100.767 5.60633e-18 5.60633e-18 1.25019e-28 2.22996e-11 5.44894e-09 2.20698e-17 1.30905e-17 6.68677e-17 2.61769e-17 1.79323e-16 5.23342e-17 3.04596e-16 7.84687e-17 4.33963e-16 1.04578e-16 5.64902e-16 1.3066e-16 6.95631e-16 1.56715e-16 8.24267e-16 1.8274e-16 9.52412e-16 2.08737e-16 1.07957e-15 2.34703e-16 1.20647e-15 2.60639e-16 1.32888e-15 2.86545e-16 1.45079e-15 3.12424e-16 1.57088e-15 3.38269e-16 1.69026e-15 3.64087e-16 1.80801e-15 3.89871e-16 1.92323e-15 4.15628e-16 2.03775e-15 4.41354e-16 2.15104e-15 4.67045e-16 2.26256e-15 4.92709e-16 2.37177e-15 5.18343e-16
105.939 5.05894e-18 5.05894e-18 1.02284e-28 2.02184e-11 2.30535e-08 2.56127e-17 1.12273e-17 7.35167e-17 2.24495e-17 1.879e-16 4.48761e-17 3.11042e-16 6.7277e-17 4.3559e-16 8.96502e-17 5.59812e-16 1.11994e-16 6.82445e-16 1.34308e-16 8.02031e-16 1.56591e-16 9.20269e-16 1.78844e-16 1.03684e-15 2.01065e-16 1.15253e-15 2.23255e-16 1.26357e-15 2.45413e-16 1.37368e-15 2.67542e-16 1.48172e-15 2.89637e-16 1.58872e-15 3.11703e-16 1.69392e-15 3.33734e-16 1.79654e-15 3.55737e-16 1.89826e-15 3.77709e-16 1.99862e-15 3.99645e-16 2.09716e-15 4.21554e-16 2.19344e-15 4.43431e-16
111.377 4.55653e-18 4.55653e-18 8.36678e-29 1.83622e-11 -1.92299e-08 2.89514e-17 9.58667e-18 7.89345e-17 1.91674e-17 1.92735e-16 3.83091e-17 3.11326e-16 5.74228e-17 4.28925e-16 7.6507e-17 5.44591e-16 9.55596e-17 6.57565e-16 1.14582e-16 7.66794e-16 1.33572e-16 8.74028e-16 1.5253e-16 9.79109e-16 1.71455e-16 1.08284e-15 1.90349e-16 1.18194e-15 2.0921e-16 1.2798e-15 2.28041e-16 1.37546e-15 2.46837e-16 1.46989e-15 2.65604e-16 1.56243e-15 2.84336e-16 1.65244e-15 3.03039e-16 1.74143e-15 3.2171e-16 1.82901e-15 3.40346e-16 1.9148e-15 3.58953e-16 1.99845e-15 3.7753e-16
117.094 4.10348e-18 4.10348e-18 6.84589e-29 1.66831e-11 3.1659e-08 3.19678e-17 8.16451e-18 8.29999e-17 1.63224e-17 1.94049e-16 3.2617e-17 3.06241e-16 4.88818e-17 4.15426e-16 6.51156e-17 5.21407e-16 8.13169e-17 6.23879e-16 9.74869e-17 7.22157e-16 1.13623e-16 8.17993e-16 1.29728e-16 9.11368e-16 1.45799e-16 1.00308e-15 1.61837e-16 1.09031e-15 1.77843e-16 1.17612e-15 1.93818e-16 1.2597e-15 2.09759e-16 1.34194e-15 2.25669e-16 1.42229e-15 2.41545e-16 1.50025e-15 2.57392e-16 1.57712e-15 2.73207e-16 1.65259e-15 2.88987e-16 1.72637e-15 3.04739e-16 1.79816e-15 3.2046e-16
123.105 3.70011e-18 3.70011e-18 5.60267e-29 1.51419e-11 1.95959e-08 3.45687e-17 6.94567e-18 8.56769e-17 1.38842e-17 1.92212e-16 2.77389e-17 2.96715e-16 4.15625e-17 3.96624e-16 5.53541e-17 4.92394e-16 6.91125e-17 5.84113e-16 8.28388e-17 6.71407e-16 9.65314e-17 7.55995e-16 1.10191e-16 8.37964e-16 1.23818e-16 9.1809e-16 1.37411e-16 9.93991e-16 1.50972e-16 1.06837e-15 1.64503e-16 1.14059e-15 1.77999e-16 1.21143e-15 1.91465e-16 1.28045e-15 2.04897e-16 1.34724e-15 2.183e-16 1.41295e-15 2.31671e-16 1.47732e-15 2.45008e-16 1.54012e-15 2.58317e-16 1.6011e-15 2.71596e-16
129.424 3.34209e-18 3.34209e-18 4.58463e-29 1.37179e-11 1.97365e-08 3.6665e-17 5.90559e-18 8.69462e-17 1.18037e-17 1.87564e-16 2.35765e-17 2.83534e-16 3.53173e-17 3.73753e-16 4.70254e-17 4.59215e-16 5.86999e-17 5.40326e-16 7.0342e-17 6.16968e-16 8.19503e-17 6.90792e-16 9.35258e-17 7.61965e-16 1.05068e-16 8.31227e-16 1.16578e-16 8.96582e-16 1.28055e-16 9.60407e-16 1.39501e-16 1.02218e-15 1.50914e-16 1.0826e-15 1.62298e-16 1.14132e-15 1.73648e-16 1.198e-15 1.84968e-16 1.25365e-15 1.96259e-16 1.30805e-15 2.07516e-16 1.36101e-15 2.18745e-16 1.41236e-15 2.29945e-16
136.067 3.0106e-18 3.0106e-18 3.75083e-29 1.24587e-11 6.28626e-09 3.80156e-17 4.99706e-18 8.64442e-17 9.98637e-18 1.79672e-16 1.9941e-17 2.66257e-16 2.98631e-17 3.46364e-16 3.97524e-17 4.21405e-16 4.9608e-17 4.9202e-16 5.94313e-17 5.58292e-16 6.9221e-17 6.21769e-16 7.89783e-17 6.82672e-16 8.87028e-17 7.41691e-16 9.83954e-17 7.97176e-16 1.08056e-16 8.51187e-16 1.17687e-16 9.03305e-16 1.27285e-16 9.5415e-16 1.36854e-16 1.00344e-15 1.4639e-16 1.05092e-15 1.55899e-16 1.09742e-15 1.65377e-16 1.1428e-15 1.74824e-16 1.18691e-15 1.84244e-16 1.22959e-15 1.93635e-16
143.051 2.72288e-18 2.72288e-18 3.06962e-29 1.12734e-11 4.0141e-08 3.88288e-17 4.23659e-18 8.48433e-17 8.46522e-18 1.70228e-16 1.68981e-17 2.47552e-16 2.52982e-17 3.1802e-16 3.36653e-17 3.83338e-16 4.1999e-17 4.44312e-16 5.03006e-17 5.01172e-16 5.85691e-17 5.55345e-16 6.68056e-17 6.07086e-16 7.501e-17 6.5703e-16 8.31831e-17 7.03821e-16 9.13251e-17 7.4923e-16 9.94379e-17 7.92927e-16 1.07519e-16 8.35449e-16 1.15572e-16 8.76578e-16 1.23593e-16 9.16109e-16 1.31588e-16 9.54758e-16 1.39553e-16 9.92403e-16 1.47488e-16 1.02893e-15 1.55397e-16 1.06422e-15 1.63279e-16
150.394 2.45271e-18 2.45271e-18 2.51224e-29 1.02427e-11 9.90143e-09 3.87921e-17 3.57036e-18 8.16152e-17 7.13267e-18 1.5836e-16 1.42328e-17 2.26216e-16 2.13003e-17 2.87183e-16 2.83352e-17 3.43135e-16 3.53372e-17 3.94972e-16 4.23077e-17 4.43022e-16 4.9246e-17 4.88573e-16 5.61532e-17 5.31896e-16 6.30292e-17 5.73559e-16 6.9875e-17 6.12466e-16 7.66907e-17 6.50117e-16 8.34784e-17 6.86254e-16 9.02356e-17 7.21337e-16 9.69656e-17 7.55198e-16 1.03666e-16 7.87679e-16 1.1034e-16 8.19379e-16 1.16987e-16 8.50202e-16 1.23605e-16 8.80061e-16 1.30199e-16 9.08871e-16 1.36766e-16
158.114 2.2245e-18 2.2245e-18 2.05552e-29 9.24034e-12 -9.36443e-09 3.83575e-17 3.02388e-18 7.78538e-17 6.03964e-18 1.46343e-16 1.20467e-17 2.05545e-16 1.80212e-17 2.58027e-16 2.39634e-17 3.05744e-16 2.98734e-17 3.49639e-16 3.57525e-17 3.90098e-16 4.16001e-17 4.28275e-16 4.74176e-17 4.6444e-16 5.32048e-17 4.99099e-16 5.89629e-17 5.31368e-16 6.46919e-17 5.62511e-16 7.03939e-17 5.9233e-16 7.60668e-17 6.21216e-16 8.17136e-17 6.4904e-16 8.73322e-17 6.75681e-16 9.29258e-17 7.01637e-16 9.84934e-17 7.26836e-16 1.04034e-16 7.51211e-16 1.09551e-16 7.74698e-16 1.15043e-16
166.23 2.00886e-18 2.00886e-18 1.68157e-29 8.37075e-12 1.90466e-08 3.71546e-17 2.54549e-18 7.28864e-17 5.08289e-18 1.32948e-16 1.01334e-17 1.83767e-16 1.5152e-17 2.28253e-16 2.01389e-17 2.68346e-16 2.50946e-17 3.04984e-16 3.00202e-17 3.38575e-16 3.49156e-17 3.70133e-16 3.97819e-17 3.99917e-16 4.46194e-17 4.28369e-16 4.94289e-17 4.54784e-16 5.42108e-17 4.80213e-16 5.89669e-17 5.04508e-16 6.36955e-17 5.27994e-16 6.83994e-17 5.50574e-16 7.30768e-17 5.72157e-16 7.77305e-17 5.93152e-16 8.23599e-17 6.13504e-16 8.69638e-17 6.33164e-16 9.15457e-17 6.52084e-16 9.61045e-17
174.763 1.80521e-18 1.80521e-18 1.37661e-29 7.62578e-12 -2.1629e-08 3.52636e-17 2.12863e-18 6.6978e-17 4.24928e-18 1.18742e-16 8.4668e-18 1.61667e-16 1.26532e-17 1.988e-16 1.68091e-17 2.31992e-16 2.09349e-17 2.62134e-16 2.50319e-17 2.89634e-16 2.91001e-17 3.15364e-16 3.31406e-17 3.39564e-16 3.71538e-17 3.62611e-16 4.11407e-17 3.83952e-16 4.51016e-17 4.04449e-16 4.90382e-17 4.2399e-16 5.29491e-17 4.42846e-16 5.68369e-17 4.60942e-16 6.07001e-17 4.78212e-16 6.45412e-17 4.94986e-16 6.83597e-17 5.11226e-16 7.21548e-17 5.26893e-16 7.59293e-17 5.41952e-16 7.96827e-17
183.733 1.63585e-18 1.63585e-18 1.12672e-29 6.88766e-12 -2.67863e-08 3.32592e-17 1.79208e-18 6.12669e-17 3.57626e-18 1.05732e-16 7.12131e-18 1.41911e-16 1.0636e-17 1.72861e-16 1.41211e-17 2.00315e-16 1.75771e-17 2.25101e-16 2.10056e-17 2.47611e-16 2.44065e-17 2.68592e-16 2.77811e-17 2.88261e-16 3.11298e-17 3.06941e-16 3.44536e-17 3.24195e-16 3.77529e-17 3.40732e-16 4.10293e-17 3.56467e-16 4.42818e-17 3.71622e-16 4.75125e-17 3.86144e-16 5.07203e-17 3.99983e-16 5.39076e-17 4.13406e-16 5.70738e-17 4.26385e-16 6.02185e-17 4.38891e-16 6.3344e-17 4.50899e-16 6.64501e-17
193.164 1.47647e-18 1.47647e-18 9.21964e-30 6.24439e-12 1.75999e-08 3.08126e-17 1.50036e-18 5.51387e-17 2.99301e-18 9.2764e-17 5.95559e-18 1.22837e-16 8.88883e-18 1.48298e-16 1.17937e-17 1.7072e-16 1.46708e-17 1.90854e-16 1.75216e-17 2.09059e-16 2.03465e-17 2.25969e-16 2.31465e-17 2.41774e-16 2.59223e-17 2.56744e-16 2.86747e-17 2.70541e-16 3.14043e-17 2.83737e-16 3.41126e-17 2.96271e-16 3.67988e-17 3.08323e-16 3.94648e-17 3.19854e-16 4.21097e-17 3.30828e-16 4.47357e-17 3.41459e-16 4.73424e-17 3.51726e-16 4.99293e-17 3.61608e-16 5.24988e-17 3.71087e-16 5.50505e-17
203.079 1.33047e-18 1.33047e-18 7.54579e-30 5.67152e-12 -1.01702e-08 2.81274e-17 1.25224e-18 4.89721e-17 2.49696e-18 8.04318e-17 4.96447e-18 1.05159e-16 7.40379e-18 1.25892e-16 9.81603e-18 1.44028e-16 1.2202e-17 1.60231e-16 1.45632e-17 1.74824e-16 1.69e-17 1.88333e-16 1.92136e-17 2.00925e-16 2.15047e-17 2.12823e-16 2.3774e-17 2.23764e-16 2.60223e-17 2.34211e-16 2.82509e-17 2.44116e-16 3.04592e-17 2.53626e-16 3.2649e-17 2.62713e-16 3.48196e-17 2.71349e-16 3.69728e-17 2.79705e-16 3.91086e-17 2.87767e-16 4.12264e-17 2.95519e-16 4.33284e-17 3.02947e-16 4.54143e-17
213.503 1.20392e-18 1.20392e-18 6.17821e-30 5.13173e-12 -4.33989e-08 2.54644e-17 1.048e-18 4.32007e-17 2.0887e-18 6.93603e-17 4.14889e-18 8.96024e-17 6.18204e-18 1.06421e-16 8.18938e-18 1.21041e-16 1.01719e-17 1.34042e-16 1.2131e-17 1.45707e-16 1.40674e-17 1.56473e-16 1.5982e-17 1.66482e-16 1.78758e-17 1.75918e-16 1.97494e-17 1.84579e-16 2.16037e-17 1.92834e-16 2.34398e-17 2.00649e-16 2.52573e-17 2.08142e-16 2.70579e-17 2.15291e-16 2.88411e-17 2.22079e-16 3.06084e-17 2.28639e-16 3.23599e-17 2.34962e-16 3.40952e-17 2.41036e-16 3.58162e-17 2.46852e-16 3.75227e-17
224.463 1.08409e-18 1.08409e-18 5.05734e-30 4.66506e-12 7.81513e-08 2.2672e-17 8.71583e-19 3.75325e-17 1.73612e-18 5.8983e-17 3.4449e-18 7.53401e-17 5.12798e-18 8.88161e-17 6.78672e-18 1.00463e-16 8.42221e-18 1.10774e-16 1.00359e-17 1.19995e-16 1.16285e-17 1.28481e-16 1.32011e-17 1.36351e-16 1.47545e-17 1.43755e-16 1.62896e-17 1.50539e-16 1.78069e-17 1.56994e-16 1.93077e-17 1.63097e-16 2.07918e-17 1.6894e-16 2.22605e-17 1.7451e-16 2.37136e-17 1.79791e-16 2.51524e-17 1.84891e-16 2.6577e-17 1.89801e-16 2.79873e-17 1.94514e-16 2.93847e-17 1.99023e-16 3.07692e-17
235.984 9.79564e-19 9.79564e-19 4.13884e-30 4.22518e-12 -4.91039e-09 2.00313e-17 7.26402e-19 3.24027e-17 1.44601e-18 4.9904e-17 2.86582e-18 6.30684e-17 4.26123e-18 7.38292e-17 5.63373e-18 8.30794e-17 6.98449e-18 9.1236e-17 8.31503e-18 9.85063e-17 9.62604e-18 1.0518e-16 1.09187e-17 1.11356e-16 1.21937e-17 1.17155e-16 1.3452e-17 1.22459e-16 1.46943e-17 1.27499e-16 1.59216e-17 1.32257e-16 1.71337e-17 1.36807e-16 1.83321e-17 1.4114e-16 1.95164e-17 1.45244e-16 2.0688e-17 1.49204e-16 2.1847e-17 1.53013e-16 2.29931e-17 1.56667e-16 2.41278e-17 1.6016e-16 2.52511e-17
248.097 8.81412e-19 8.81412e-19 3.39005e-30 3.84616e-12 8.60427e-09 1.74397e-17 6.02091e-19 2.76014e-17 1.19768e-18 4.17088e-17 2.37046e-18 5.21862e-17 3.52027e-18 6.06883e-17 4.64872e-18 6.79605e-17 5.75706e-18 7.4349e-17 6.84677e-18 8.00266e-17 7.91865e-18 8.52257e-17 8.9738e-18 9.00269e-17 1.0013e-17 9.45274e-17 1.10372e-17 9.86374e-17 1.20469e-17 1.02537e-16 1.30432e-17 1.06215e-16 1.4026e-17 1.09728e-16 1.49965e-17 1.1307e-16 1.59546e-17 1.16232e-16 1.69015e-17 1.19281e-16 1.78371e-17 1.22212e-16 1.87616e-17 1.2502e-16 1.9676e-17 1.27704e-16 2.05804e-17
260.832 7.84377e-19 7.84377e-19 2.77544e-30 3.5384e-12 6.34144e-08 1.4868e-17 4.92949e-19 2.3052e-17 9.79774e-19 3.42162e-17 1.93621e-18 4.24102e-17 2.87138e-18 4.90147e-17 3.78695e-18 5.46377e-17 4.68422e-18 5.95604e-17 5.56463e-18 6.39234e-17 6.42902e-18 6.79098e-17 7.27846e-18 7.15842e-17 8.11372e-18 7.50228e-17 8.93563e-18 7.81587e-17 9.74481e-18 8.11305e-17 1.05422e-17 8.39297e-17 1.13278e-17 8.66013e-17 1.21026e-17 8.91399e-17 1.28666e-17 9.15406e-17 1.36209e-17 9.38529e-17 1.43655e-17 9.60741e-17 1.51003e-17 9.82015e-17 1.58266e-17 1.00233e-16 1.65442e-17
274.221 6.96917e-19 6.96917e-19 2.27092e-30 3.25852e-12 -2.88484e-08 1.25373e-17 4.0246e-19 1.90653e-17 7.99174e-19 2.78263e-17 1.57661e-18 3.41862e-17 2.33447e-18 3.92804e-17 3.07446e-18 4.35992e-17 3.79792e-18 4.7368e-17 4.50625e-18 5.07e-17 5.2003e-18 5.37381e-17 5.88108e-18 5.65336e-17 6.54936e-18 5.91458e-17 7.20591e-18 6.15249e-17 7.85132e-18 6.37769e-17 8.48644e-18 6.5896e-17 9.11133e-18 6.79166e-17 9.72692e-18 6.9835e-17 1.03332e-17 7.16477e-17 1.0931e-17 7.33925e-17 1.15205e-17 7.50675e-17 1.21018e-17 7.66707e-17 1.26757e-17 7.82005e-17 1.32422e-17
288.297 6.22326e-19 6.22326e-19 1.8573e-30 2.98445e-12 4.31349e-08 1.05319e-17 3.29843e-19 1.5726e-17 6.54285e-19 2.2592e-17 1.28829e-18 2.75258e-17 1.90428e-18 3.1455e-17 2.50398e-18 3.4773e-17 3.08877e-18 3.766e-17 3.65999e-18 4.02065e-17 4.21849e-18 4.25241e-17 4.76525e-18 4.46531e-17 5.301e-18 4.66399e-17 5.82646e-18 4.84471e-17 6.3422e-18 5.01561e-17 6.84898e-18 5.17627e-17 7.3469e-18 5.32933e-17 7.83679e-18 5.47453e-17 8.31865e-18 5.61164e-17 8.79327e-18 5.74353e-17 9.26077e-18 5.87005e-17 9.72122e-18 5.9911e-17 1.01754e-17 6.10654e-17 1.06233e-17
303.095 5.54677e-19 5.54677e-19 1.51993e-30 2.7402e-12 3.05323e-08 8.75745e-18 2.69506e-19 1.28538e-17 5.33962e-19 1.81932e-17 1.04912e-18 2.19941e-17 1.54779e-18 2.50049e-17 2.03175e-18 2.75383e-17 2.50233e-18 2.97366e-17 2.96086e-18 3.16715e-17 3.40815e-18 3.34294e-17 3.84514e-18 3.5042e-17 4.27252e-18 3.65449e-17 4.69095e-18 3.79105e-17 5.10097e-18 3.92006e-17 5.50327e-18 4.04124e-17 5.89796e-18 4.15659e-17 6.28577e-18 4.26595e-17 6.66674e-18 4.36914e-17 7.04154e-18 4.46834e-17 7.4103e-18 4.56346e-17 7.77309e-18 4.65441e-17 8.13058e-18 4.74111e-17 8.4828e-18
318.653 4.9939e-19 4.9939e-19 1.24351e-30 2.49005e-12 -9.48658e-08 7.2984e-18 2.2218e-19 1.05407e-17 4.39607e-19 1.47122e-17 8.61661e-19 1.76561e-17 1.26857e-18 1.99766e-17 1.66211e-18 2.19226e-17 2.04362e-18 2.36071e-17 2.41437e-18 2.50869e-17 2.77517e-18 2.64292e-17 3.1269e-18 2.76589e-17 3.4702e-18 2.88035e-17 3.8057e-18 2.98426e-17 4.13391e-18 3.08234e-17 4.45543e-18 3.17439e-17 4.7704e-18 3.26195e-17 5.07946e-18 3.3449e-17 5.38268e-18 3.42314e-17 5.68062e-18 3.49831e-17 5.97343e-18 3.57034e-17 6.26117e-18 3.63919e-17 6.54442e-18 3.70479e-17 6.82322e-18
335.009 4.46711e-19 4.46711e-19 1.01706e-30 2.27678e-12 1.06374e-08 5.99882e-18 1.81773e-19 8.53329e-18 3.59116e-19 1.17552e-17 7.02024e-19 1.40107e-17 1.03117e-18 1.57807e-17 1.34832e-18 1.72605e-17 1.65479e-18 1.85384e-17 1.95178e-18 1.96591e-17 2.24007e-18 2.06742e-17 2.52046e-18 2.1603e-17 2.79358e-18 2.24666e-17 3.05999e-18 2.32499e-17 3.32015e-18 2.39886e-17 3.57461e-18 2.46814e-17 3.8235e-18 2.534e-17 4.06739e-18 2.59636e-17 4.30634e-18 2.65514e-17 4.54085e-18 2.71158e-17 4.77105e-18 2.76565e-17 4.99701e-18 2.81731e-17 5.21921e-18 2.86651e-17 5.43771e-18
352.205 3.98472e-19 3.98472e-19 8.32022e-31 2.08803e-12 1.79045e-07 4.88295e-18 1.48131e-19 6.84765e-18 2.92156e-19 9.31767e-18 5.69448e-19 1.10341e-17 8.34338e-19 1.23755e-17 1.08856e-18 1.34938e-17 1.33338e-18 1.44577e-17 1.56992e-18 1.53015e-17 1.79892e-18 1.60647e-17 2.02113e-18 1.67623e-17 2.23712e-18 1.74103e-17 2.44738e-18 1.79976e-17 2.65235e-18 1.8551e-17 2.8525e-18 1.90697e-17 3.04796e-18 1.95625e-17 3.23923e-18 2.00288e-17 3.42637e-18 2.04681e-17 3.60981e-18 2.08899e-17 3.78966e-18 2.12937e-17 3.966e-18 2.16793e-17 4.13923e-18 2.20464e-17 4.3094e-18
370.284 3.60146e-19 3.60146e-19 6.8087e-31 1.89054e-12 -8.56235e-08 4.00113e-18 1.22172e-19 5.53641e-18 2.40503e-19 7.44693e-18 4.67252e-19 8.76562e-18 6.82736e-19 9.79224e-18 8.88661e-19 1.06459e-17 1.08626e-18 1.13803e-17 1.27658e-18 1.20222e-17 1.46033e-18 1.26022e-17 1.6382e-18 1.31317e-17 1.81069e-18 1.36232e-17 1.97829e-18 1.40682e-17 2.14137e-18 1.44873e-17 2.30035e-18 1.48799e-17 2.45537e-18 1.52527e-17 2.60684e-18 1.56052e-17 2.75484e-18 1.59373e-17 2.89973e-18 1.62558e-17 3.04162e-18 1.65608e-17 3.18059e-18 1.68518e-17 3.31696e-18 1.71289e-17 3.45079e-18
389.291 3.23684e-19 3.23684e-19 5.57021e-31 1.72088e-12 2.44075e-07 3.24034e-18 1.00082e-19 4.42772e-18 1.96605e-19 5.89147e-18 3.80608e-19 6.89551e-18 5.54493e-19 7.67446e-18 7.19913e-19 8.32067e-18 8.78042e-19 8.87558e-18 1.02986e-18 9.36e-18 1.17601e-18 9.79717e-18 1.31713e-18 1.01959e-17 1.45369e-18 1.05657e-17 1.5861e-18 1.09004e-17 1.71469e-18 1.12153e-17 1.83984e-18 1.15101e-17 1.96169e-18 1.179e-17 2.08057e-18 1.20545e-17 2.19657e-18 1.23036e-17 2.31e-18 1.25424e-17 2.42094e-18 1.27709e-17 2.52947e-18 1.2989e-17 2.63587e-18 1.31965e-17 2.74018e-18
409.273 2.91991e-19 2.91991e-19 4.55585e-31 1.56027e-12 -4.48656e-07 2.61886e-18 8.21935e-20 3.53657e-18 1.61088e-19 4.65814e-18 3.10639e-19 5.42308e-18 4.51119e-19 6.01464e-18 5.84123e-19 6.50434e-18 7.10761e-19 6.92418e-18 8.31934e-19 7.29023e-18 9.48251e-19 7.62025e-18 1.06027e-18 7.921e-18 1.16842e-18 8.19973e-18 1.27307e-18 8.45177e-18 1.37451e-18 8.68885e-18 1.47307e-18 8.91069e-18 1.56887e-18 9.12114e-18 1.66222e-18 9.32001e-18 1.75317e-18 9.50715e-18 1.842e-18 9.68658e-18 1.92878e-18 9.8582e-18 2.01357e-18 1.00219e-17 2.09662e-18 1.01777e-17 2.17796e-18
430.281 2.64535e-19 2.64535e-19 3.72812e-31 1.40931e-12 1.84446e-07 2.11428e-18 6.77121e-20 2.82377e-18 1.32365e-19 3.68401e-18 2.5417e-19 4.26765e-18 3.67857e-19 4.71769e-18 4.74952e-19 5.08951e-18 5.76502e-19 5.40782e-18 6.73333e-19 5.68504e-18 7.66006e-19 5.93473e-18 8.55022e-19 6.1621e-18 9.40761e-19 6.37268e-18 1.02355e-18 6.56299e-18 1.10366e-18 6.74192e-18 1.18136e-18 6.90925e-18 1.25677e-18 7.06794e-18 1.33013e-18 7.21784e-18 1.40152e-18 7.35884e-18 1.47115e-18 7.494e-18 1.5391e-18 7.62323e-18 1.60543e-18 7.74649e-18 1.67032e-18 7.86371e-18 1.73381e-18
452.368 2.39e-19 2.39e-19 3.05062e-31 1.27641e-12 2.8783e-07 1.69363e-18 5.55602e-20 2.23862e-18 1.08302e-19 2.89462e-18 2.07012e-19 3.33756e-18 2.98516e-19 3.6782e-18 3.84263e-19 3.95913e-18 4.65223e-19 4.1993e-18 5.42148e-19 4.40826e-18 6.15545e-19 4.59631e-18 6.85859e-19 4.76743e-18 7.53427e-19 4.92581e-18 8.18536e-19 5.06887e-18 8.81417e-19 5.20331e-18 9.42303e-19 5.32899e-18 1.0013e-18 5.44813e-18 1.05861e-18 5.56064e-18 1.11431e-18 5.66643e-18 1.16858e-18 5.76781e-18 1.22147e-18 5.86472e-18 1.27304e-18 5.95713e-18 1.32345e-18 6.04499e-18 1.37272e-18
475.588 2.17638e-19 2.17638e-19 2.49587e-31 1.1468e-12 3.12663e-08 1.36095e-18 4.58924e-20 1.78147e-18 8.91784e-20 2.28429e-18 1.69617e-19 2.62231e-18 2.43647e-19 2.88163e-18 3.12641e-19 3.09515e-18 3.77498e-19 3.27748e-18 4.389e-19 3.43595e-18 4.97305e-19 3.57845e-18 5.53107e-19 3.70805e-18 6.06604e-19 3.82793e-18 6.58048e-19 3.93616e-18 7.07637e-19 4.03782e-18 7.55573e-19 4.13283e-18 8.01949e-19 4.22286e-18 8.46941e-19 4.30785e-18 8.90608e-19 4.38775e-18 9.33098e-19 4.46429e-18 9.74468e-19 4.53745e-18 1.01476e-18 4.60718e-18 1.05411e-18 4.67348e-18 1.09253e-18
500 1.97326e-19 1.97326e-19 2.0417e-31 1.03469e-12 4.71562e-07 1.08404e-18 3.76935e-20 1.40612e-18 7.29971e-20 1.78888e-18 1.38104e-19 2.04516e-18 1.97571e-19 2.24134e-18 2.5268e-19 2.40263e-18 3.04252e-19 2.5402e-18 3.52897e-19 2.65967e-18 3.99024e-19 2.76703e-18 4.42977e-19 2.86461e-18 4.85017e-19 2.95483e-18 5.25358e-19 3.03624e-18 5.64175e-19 3.11268e-18 6.01634e-19 3.1841e-18 6.37819e-19 3.25175e-18 6.72877e-19 3.3156e-18 7.06857e-19 3.3756e-18 7.39884e-19 3.43307e-18 7.72005e-19 3.48799e-18 8.03258e-19 3.54033e-18 8.33747e-19 3.59007e-18 8.63498e-19
525.665 1.80289e-19 1.80289e-19 1.6714e-31 9.27068e-13 1.67627e-07 8.66517e-19 3.11564e-20 1.11439e-18 6.01143e-20 1.40733e-18 1.13086e-19 1.60276e-18 1.61087e-19 1.75205e-18 2.05311e-19 1.87463e-18 2.46508e-19 1.97907e-18 2.85223e-19 2.0697e-18 3.21819e-19 2.1511e-18 3.56597e-19 2.22503e-18 3.89784e-19 2.29336e-18 4.21565e-19 2.35499e-18 4.52089e-19 2.41285e-18 4.81498e-19 2.46688e-18 5.09864e-19 2.51804e-18 5.3731e-19 2.56632e-18 5.63878e-19 2.61169e-18 5.89672e-19 2.65512e-18 6.14732e-19 2.69662e-18 6.3909e-19 2.73617e-18 6.62831e-19 2.77374e-18 6.85977e-19
552.648 1.64358e-19 1.64358e-19 1.36787e-31 8.32252e-13 -4.79609e-07 6.88411e-19 2.56605e-20 8.78262e-19 4.93118e-20 1.10149e-18 9.22049e-20 1.24992e-18 1.30754e-19 1.3631e-18 1.66057e-19 1.45591e-18 1.98792e-19 1.53492e-18 2.29441e-19 1.60343e-18 2.58321e-19 1.66492e-18 2.85694e-19 1.72075e-18 3.11754e-19 1.77232e-18 3.36661e-19 1.81883e-18 3.60539e-19 1.86247e-18 3.83509e-19 1.90321e-18 4.05632e-19 1.94178e-18 4.27009e-19 1.97817e-18 4.47677e-19 2.01235e-18 4.67721e-19 2.04508e-18 4.87174e-19 2.07634e-18 5.06065e-19 2.10612e-18 5.24461e-19 2.13442e-18 5.42381e-19
581.015 1.50546e-19 1.50546e-19 1.11918e-31 7.43416e-13 -2.44755e-08 5.47499e-19 2.1204e-20 6.93255e-19 4.05714e-20 8.63843e-19 7.53774e-20 9.76924e-19 1.06392e-19 1.06301e-18 1.34622e-19 1.13351e-18 1.60677e-19 1.19349e-18 1.84979e-19 1.24546e-18 2.07809e-19 1.29209e-18 2.29391e-19 1.3344e-18 2.49891e-19 1.37347e-18 2.69445e-19 1.40869e-18 2.88159e-19 1.44173e-18 3.06133e-19 1.47257e-18 3.2342e-19 1.50176e-18 3.40102e-19 1.52929e-18 3.56213e-19 1.55514e-18 3.71821e-19 1.5799e-18 3.86953e-19 1.60353e-18 4.01634e-19 1.62605e-18 4.15919e-19 1.64744e-18 4.29823e-19
610.839 1.37766e-19 1.37766e-19 9.15945e-32 6.64853e-13 -3.53094e-07 4.33534e-19 1.74792e-20 5.45091e-19 3.3289e-20 6.75101e-19 6.1431e-20 7.61045e-19 8.62869e-20 8.26369e-19 1.08772e-19 8.79821e-19 1.29427e-19 9.25253e-19 1.48622e-19 9.64601e-19 1.66599e-19 9.99881e-19 1.83548e-19 1.03188e-18 1.99613e-19 1.06143e-18 2.14907e-19 1.08805e-18 2.29519e-19 1.11302e-18 2.43532e-19 1.13632e-18 2.5699e-19 1.15837e-18 2.69963e-19 1.17916e-18 2.82476e-19 1.19869e-18 2.94587e-19 1.21737e-18 3.06317e-19 1.23522e-18 3.17688e-19 1.25221e-18 3.28742e-19 1.26835e-18 3.39494e-19
642.193 1.26444e-19 1.26444e-19 7.4988e-32 5.93055e-13 2.1818e-07 3.43197e-19 1.44291e-20 4.28662e-19 2.73432e-20 5.2788e-19 5.01024e-20 5.93305e-19 7.00228e-20 6.42963e-19 8.79313e-20 6.83558e-19 1.04305e-19 7.1804e-19 1.19465e-19 7.47886e-19 1.3362e-19 7.74636e-19 1.46933e-19 7.98894e-19 1.59524e-19 8.21278e-19 1.71488e-19 8.41445e-19 1.829e-19 8.60354e-19 1.93828e-19 8.77996e-19 2.0431e-19 8.94688e-19 2.14401e-19 9.10425e-19 2.24125e-19 9.25201e-19 2.33526e-19 9.3934e-19 2.42624e-19 9.52838e-19 2.51435e-19 9.65694e-19 2.59995e-19 9.77905e-19 2.68315e-19
675.157 1.16255e-19 1.16255e-19 6.1376e-32 5.27941e-13 8.06953e-08 2.71339e-19 1.19131e-20 3.36812e-19 2.24557e-20 4.12554e-19 4.08432e-20 4.62384e-19 5.6789e-20 5.00158e-19 7.10347e-20 5.31012e-19 8.39989e-20 5.57203e-19 9.5959e-20 5.79862e-19 1.07093e-19 6.00163e-19 1.17539e-19 6.18565e-19 1.27397e-19 6.35543e-19 1.36748e-19 6.50834e-19 1.45653e-19 6.65169e-19 1.54168e-19 6.78539e-19 1.62326e-19 6.91189e-19 1.7017e-19 7.03112e-19 1.77721e-19 7.14306e-19 1.85015e-19 7.25016e-19 1.92068e-19 7.35239e-19 1.98892e-19 7.44975e-19 2.05518e-19 7.54221e-19 2.11953e-19
709.813 1.07086e-19 1.07086e-19 5.02221e-32 4.68989e-13 -9.58078e-07 2.14316e-19 9.8378e-21 2.64484e-19 1.84397e-20 3.22336e-19 3.32813e-20 3.60316e-19 4.60317e-20 3.89075e-19 5.73514e-20 4.12547e-19 6.76055e-20 4.3246e-19 7.70317e-20 4.49681e-19 8.57814e-20 4.65103e-19 9.39708e-20 4.7908e-19 1.01684e-19 4.9197e-19 1.08987e-19 5.03578e-19 1.15932e-19 5.14458e-19 1.22563e-19 5.24604e-19 1.28908e-19 5.34201e-19 1.35004e-19 5.43246e-19 1.40865e-19 5.51736e-19 1.46522e-19 5.59859e-19 1.51987e-19 5.67612e-19 1.57271e-19 5.74994e-19 1.62398e-19 5.82004e-19 1.67374e-19
746.248 9.87254e-20 9.87254e-20 4.11169e-32 4.16477e-13 -2.3691e-07 1.68973e-19 8.11725e-21 2.07391e-19 1.51244e-20 2.51563e-19 2.70807e-20 2.80507e-19 3.72551e-20 3.02401e-19 4.62317e-20 3.20258e-19 5.43264e-20 3.35399e-19 6.17417e-20 3.48488e-19 6.86054e-20 3.60207e-19 7.50148e-20 3.70823e-19 8.10397e-20 3.80613e-19 8.67347e-20 3.89427e-19 9.2142e-20 3.97686e-19 9.72994e-20 4.05387e-19 1.02228e-19 4.1267e-19 1.06958e-19 4.19534e-19 1.11502e-19 4.25976e-19 1.15883e-19 4.32138e-19 1.20113e-19 4.38019e-19 1.242e-19 4.43619e-19 1.28163e-19 4.48935e-19 1.32006e-19
784.553 9.11243e-20 9.11243e-20 3.36596e-32 3.69381e-13 1.43127e-07 1.33047e-19 6.69369e-21 1.6246e-19 1.2394e-20 1.9619e-19 2.20102e-20 2.18254e-19 3.01151e-20 2.34928e-19 3.72218e-20 2.48518e-19 4.36018e-20 2.60037e-19 4.94266e-20 2.6999e-19 5.48034e-20 2.78899e-19 5.98132e-20 2.86968e-19 6.45135e-20 2.94407e-19 6.89494e-20 3.01103e-19 7.31553e-20 3.07377e-19 7.71619e-20 3.13226e-19 8.09865e-20 3.18757e-19 8.46534e-20 3.23968e-19 8.81729e-20 3.28859e-19 9.15641e-20 3.33537e-19 9.48354e-20 3.38002e-19 9.79941e-20 3.42252e-19 1.01055e-19 3.46287e-19 1.04022e-19
824.824 8.41727e-20 8.41727e-20 2.75496e-32 3.27299e-13 1.78803e-07 1.04595e-19 5.51403e-21 1.27103e-19 1.0143e-20 1.52854e-19 1.78611e-20 1.69671e-19 2.43042e-20 1.8237e-19 2.99193e-20 1.92714e-19 3.49384e-20 2.01477e-19 3.95056e-20 2.09048e-19 4.37105e-20 2.15822e-19 4.762e-20 2.21956e-19 5.12815e-20 2.27609e-19 5.47316e-20 2.32698e-19 5.79985e-20 2.37465e-19 6.11071e-20 2.41908e-19 6.40713e-20 2.4611e-19 6.69107e-20 2.50068e-19 6.96337e-20 2.53783e-19 7.22554e-20 2.57335e-19 7.47827e-20 2.60725e-19 7.72214e-20 2.63952e-19 7.95829e-20 2.67016e-19 8.18711e-20
867.163 7.76734e-20 7.76734e-20 2.25471e-32 2.90281e-13 -1.5487e-06 8.19633e-20 4.52928e-21 9.9152e-20 8.27467e-21 1.18773e-19 1.44459e-20 1.31569e-19 1.95484e-20 1.41224e-19 2.39687e-20 1.49084e-19 2.79031e-20 1.55741e-19 3.14719e-20 1.6149e-19 3.47494e-20 1.66632e-19 3.77903e-20 1.71288e-19 4.06335e-20 1.75579e-19 4.33086e-20 1.7944e-19 4.58385e-20 1.83057e-19 4.82432e-20 1.86428e-19 5.05339e-20 1.89615e-19 5.27263e-20 1.92617e-19 5.4827e-20 1.95434e-19 5.68483e-20 1.98128e-19 5.87956e-20 2.00698e-19 6.06733e-20 2.03145e-19 6.24907e-20 2.05468e-19 6.42508e-20
911.674 7.15958e-20 7.15958e-20 1.84642e-32 2.57895e-13 -8.53465e-07 6.40248e-20 3.70917e-21 7.71227e-20 6.72835e-21 9.20442e-20 1.16435e-20 1.01763e-19 1.56689e-20 1.09091e-19 1.91357e-20 1.15054e-19 2.22088e-20 1.20102e-19 2.49878e-20 1.24461e-19 2.75339e-20 1.28359e-19 2.98915e-20 1.31887e-19 3.20923e-20 1.35139e-19 3.41602e-20 1.38064e-19 3.61134e-20 1.40803e-19 3.7968e-20 1.43357e-19 3.97332e-20 1.45771e-19 4.14211e-20 1.48044e-19 4.30374e-20 1.50177e-19 4.45914e-20 1.52217e-19 4.60877e-20 1.54163e-19 4.75297e-20 1.56016e-19 4.89247e-20 1.57774e-19 5.0275e-20
958.471 6.60775e-20 6.60775e-20 1.51181e-32 2.28794e-13 -1.9712e-07 4.99786e-20 3.0355e-21 5.99627e-20 5.46593e-21 7.13164e-20 9.37484e-21 7.8703e-20 1.25461e-20 8.42683e-20 1.52617e-20 8.87955e-20 1.76595e-20 9.2627e-20 1.98214e-20 9.5934e-20 2.17976e-20 9.88911e-20 2.36241e-20 1.01567e-19 2.53265e-20 1.04033e-19 2.6924e-20 1.06251e-19 2.84312e-20 1.08329e-19 2.9861e-20 1.10264e-19 3.12206e-20 1.12094e-19 3.25197e-20 1.13817e-19 3.37628e-20 1.15434e-19 3.49573e-20 1.1698e-19 3.61067e-20 1.18455e-19 3.72139e-20 1.19859e-19 3.82845e-20 1.21191e-19 3.93203e-20
1007.67 6.08959e-20 6.08959e-20 1.23749e-32 2.03214e-13 1.68086e-06 3.88863e-20 2.47566e-21 4.64795e-20 4.42414e-21 5.51001e-20 7.51991e-21 6.07026e-20 1.00083e-20 6.49213e-20 1.21273e-20 6.83518e-20 1.39911e-20 7.12542e-20 1.5667e-20 7.37588e-20 1.71956e-20 7.59979e-20 1.86059e-20 7.80242e-20 1.99184e-20 7.98907e-20 2.11486e-20 8.15697e-20 2.2308e-20 8.31418e-20 2.34069e-20 8.46068e-20 2.44509e-20 8.59914e-20 2.54479e-20 8.72954e-20 2.64012e-20 8.85187e-20 2.73167e-20 8.96883e-20 2.81972e-20 9.08042e-20 2.90449e-20 9.18661e-20 2.98643e-20 9.2874e-20 3.06567e-20
1059.39 5.63328e-20 5.63328e-20 1.01308e-32 1.79839e-13 -7.54056e-07 3.03182e-20 2.02262e-21 3.61103e-20 3.58647e-21 4.26765e-20 6.04098e-21 4.69397e-20 7.99597e-21 5.01483e-20 9.65186e-21 5.27564e-20 1.11031e-20 5.49624e-20 1.24045e-20 5.68658e-20 1.3589e-20 5.85671e-20 1.46801e-20 6.01065e-20 1.56942e-20 6.15243e-20 1.66435e-20 6.27995e-20 1.75374e-20 6.39935e-20 1.83838e-20 6.5106e-20 1.91874e-20 6.61574e-20 1.99543e-20 6.71475e-20 2.06871e-20 6.80764e-20 2.13905e-20 6.89643e-20 2.20667e-20 6.98114e-20 2.27174e-20 7.06176e-20 2.33461e-20 7.13827e-20 2.39539e-20
1113.77 5.19953e-20 5.19953e-20 8.29558e-33 1.59545e-13 2.64138e-07 2.35472e-20 1.64543e-21 2.79526e-20 2.89447e-21 3.294e-20 4.83116e-21 3.61753e-20 6.36001e-21 3.86091e-20 7.64829e-21 4.05868e-20 8.77343e-21 4.22593e-20 9.77987e-21 4.3702e-20 1.06941e-20 4.49913e-20 1.1535e-20 4.61578e-20 1.23154e-20 4.72321e-20 1.30453e-20 4.81982e-20 1.37318e-20 4.91027e-20 1.43815e-20 4.99454e-20 1.49978e-20 5.07418e-20 1.55856e-20 5.14918e-20 1.61469e-20 5.21952e-20 1.66855e-20 5.28677e-20 1.7203e-20 5.35093e-20 1.77008e-20 5.41197e-20 1.81815e-20 5.46991e-20 1.86462e-20
1170.94 4.78679e-20 4.78679e-20 6.7908e-33 1.41866e-13 -6.09305e-07 1.82135e-20 1.33237e-21 2.15534e-20 2.32479e-21 2.53299e-20 3.8451e-21 2.77779e-20 5.03487e-21 2.96185e-20 6.03247e-21 3.11138e-20 6.90086e-21 3.2378e-20 7.67578e-21 3.34684e-20 8.37842e-21 3.44428e-20 9.0237e-21 3.53242e-20 9.62193e-21 3.61358e-20 1.01808e-20 3.68657e-20 1.07061e-20 3.75489e-20 1.12027e-20 3.81855e-20 1.16736e-20 3.8787e-20 1.21224e-20 3.93534e-20 1.25508e-20 3.98847e-20 1.29617e-20 4.03926e-20 1.33563e-20 4.0877e-20 1.37357e-20 4.1338e-20 1.4102e-20 4.17755e-20 1.44559e-20
1231.05 4.40558e-20 4.40558e-20 5.55851e-33 1.2617e-13 -1.1187e-06 1.40639e-20 1.07632e-21 1.65939e-20 1.86259e-21 1.94515e-20 3.05278e-21 2.13024e-20 3.97638e-21 2.26936e-20 4.74713e-21 2.38235e-20 5.41596e-21 2.47786e-20 6.01146e-21 2.56022e-20 6.55048e-21 2.63381e-20 7.04482e-21 2.70038e-20 7.5026e-21 2.76167e-20 7.92986e-21 2.81678e-20 8.33112e-21 2.86837e-20 8.71025e-21 2.91642e-20 9.06949e-21 2.96184e-20 9.4117e-21 3.0046e-20 9.73821e-21 3.0447e-20 1.00512e-20 3.08304e-20 1.03517e-20 3.1196e-20 1.06405e-20 3.1544e-20 1.09192e-20 3.18742e-20 1.11885e-20
1294.24 4.07489e-20 4.07489e-20 4.55209e-33 1.11711e-13 3.38958e-06 1.08991e-20 8.71974e-22 1.28241e-20 1.49641e-21 1.49962e-20 2.43056e-21 1.64022e-20 3.14959e-21 1.74586e-20 3.74692e-21 1.83163e-20 4.26373e-21 1.90413e-20 4.7229e-21 1.96664e-20 5.13784e-21 2.02248e-20 5.51791e-21 2.07299e-20 5.8695e-21 2.11949e-20 6.19736e-21 2.1613e-20 6.50505e-21 2.20044e-20 6.79558e-21 2.23689e-20 7.07071e-21 2.27134e-20 7.33267e-21 2.30377e-20 7.5825e-21 2.33419e-20 7.82189e-21 2.36327e-20 8.05163e-21 2.391e-20 8.27238e-21 2.41739e-20 8.48538e-21 2.44243e-20 8.69104e-21
1360.67 3.76387e-20 3.76387e-20 3.72725e-33 9.90271e-14 -4.12796e-07 8.42424e-21 7.03975e-22 9.88623e-21 1.19797e-21 1.15344e-20 1.92848e-21 1.26006e-20 2.48636e-21 1.34014e-20 2.94784e-21 1.40516e-20 3.34599e-21 1.46009e-20 3.69904e-21 1.50746e-20 4.0176e-21 1.54977e-20 4.30904e-21 1.58803e-20 4.57837e-21 1.62326e-20 4.82933e-21 1.65493e-20 5.06469e-21 1.68457e-20 5.28679e-21 1.71218e-20 5.497e-21 1.73827e-20 5.69707e-21 1.76283e-20 5.88779e-21 1.78587e-20 6.07047e-21 1.80789e-20 6.24574e-21 1.82889e-20 6.4141e-21 1.84887e-20 6.57649e-21 1.86783e-20 6.73326e-21
1430.51 3.468e-20 3.468e-20 3.05115e-33 8.79801e-14 4.14684e-06 6.48754e-21 5.65751e-22 7.59467e-21 9.54622e-22 8.84174e-21 1.52322e-21 9.64807e-21 1.95418e-21 1.02535e-20 2.30923e-21 1.0745e-20 2.61476e-21 1.11602e-20 2.88517e-21 1.15181e-20 3.12882e-21 1.18378e-20 3.35148e-21 1.21269e-20 3.55707e-21 1.2393e-20 3.74849e-21 1.26323e-20 3.92789e-21 1.28562e-20 4.0971e-21 1.30648e-20 4.25717e-21 1.32619e-20 4.40946e-21 1.34474e-20 4.55457e-21 1.36214e-20 4.69353e-21 1.37877e-20 4.82679e-21 1.39463e-20 4.95478e-21 1.40973e-20 5.0782e-21 1.42405e-20 5.19731e-21
1503.94 3.18896e-20 3.18896e-20 2.49747e-33 7.8316e-14 -4.49255e-06 4.98043e-21 4.52802e-22 5.81683e-21 7.57572e-22 6.75825e-21 1.19832e-21 7.36665e-21 1.52998e-21 7.82339e-21 1.80217e-21 8.19402e-21 2.03582e-21 8.50713e-21 2.24225e-21 8.77701e-21 2.42802e-21 9.01806e-21 2.5976e-21 9.23602e-21 2.75406e-21 9.43665e-21 2.89963e-21 9.61702e-21 3.03598e-21 9.78582e-21 3.16451e-21 9.94304e-21 3.28606e-21 1.00916e-20 3.40165e-21 1.02314e-20 3.51175e-21 1.03626e-20 3.61715e-21 1.04879e-20 3.71821e-21 1.06074e-20 3.81524e-21 1.07212e-20 3.90878e-21 1.08291e-20 3.99904e-21
1581.14 2.95701e-20 2.95701e-20 2.0453e-33 6.91677e-14 -6.18837e-07 3.85147e-21 3.64685e-22 4.48843e-21 6.04987e-22 5.20487e-21 9.48804e-22 5.66769e-21 1.20575e-21 6.01504e-21 1.41586e-21 6.29687e-21 1.59581e-21 6.53493e-21 1.75454e-21 6.7401e-21 1.89721e-21 6.92334e-21 2.02732e-21 7.08902e-21 2.14727e-21 7.24152e-21 2.2588e-21 7.37861e-21 2.36321e-21 7.5069e-21 2.46159e-21 7.62639e-21 2.55459e-21 7.73927e-21 2.64299e-21 7.84555e-21 2.72718e-21 7.9452e-21 2.80774e-21 8.04045e-21 2.88497e-21 8.13129e-21 2.95909e-21 8.21772e-21 3.03054e-21 8.29973e-21 3.09948e-21
1662.3 2.73666e-20 2.73666e-20 1.67452e-33 6.11884e-14 -1.22288e-06 2.96974e-21 2.92546e-22 3.45373e-21 4.81223e-22 3.99778e-21 7.48398e-22 4.34909e-21 9.46763e-22 4.6127e-21 1.10842e-21 4.82656e-21 1.24658e-21 5.00718e-21 1.36826e-21 5.16283e-21 1.47751e-21 5.30184e-21 1.57705e-21 5.42752e-21 1.66875e-21 5.54319e-21 1.75397e-21 5.64718e-21 1.83371e-21 5.74448e-21 1.90881e-21 5.83511e-21 1.97978e-21 5.92072e-21 2.04721e-21 6.00132e-21 2.11141e-21 6.0769e-21 2.17284e-21 6.14913e-21 2.2317e-21 6.21802e-21 2.28819e-21 6.28356e-21 2.34263e-21 6.34575e-21 2.39514e-21
1747.63 2.527e-20 2.527e-20 1.3706e-33 5.42381e-14 4.04456e-07 2.28254e-21 2.33667e-22 2.64936e-21 3.8115e-22 3.06147e-21 5.87918e-22 3.32749e-21 7.40485e-22 3.52706e-21 8.64427e-22 3.68893e-21 9.70136e-22 3.82564e-21 1.06311e-21 3.94345e-21 1.1465e-21 4.04865e-21 1.22242e-21 4.14376e-21 1.29231e-21 4.23129e-21 1.35723e-21 4.30997e-21 1.41795e-21 4.3836e-21 1.47511e-21 4.45217e-21 1.5291e-21 4.51695e-21 1.58039e-21 4.57793e-21 1.62922e-21 4.63511e-21 1.67591e-21 4.68977e-21 1.72065e-21 4.74188e-21 1.76358e-21 4.79147e-21 1.80495e-21 4.83852e-21 1.84484e-21
1837.33 2.32776e-20 2.32776e-20 1.12213e-33 4.82065e-14 2.03403e-06 1.74856e-21 1.8581e-22 2.02583e-21 3.00572e-22 2.33718e-21 4.59928e-22 2.53809e-21 5.76823e-22 2.68879e-21 6.71505e-22 2.81101e-21 7.5211e-22 2.91422e-21 8.22916e-22 3.00316e-21 8.86355e-22 3.08257e-21 9.44073e-22 3.15436e-21 9.97176e-22 3.22043e-21 1.04647e-21 3.27982e-21 1.09256e-21 3.33539e-21 1.13594e-21 3.38714e-21 1.17689e-21 3.43603e-21 1.21579e-21 3.48206e-21 1.25281e-21 3.52521e-21 1.2882e-21 3.56645e-21 1.32211e-21 3.60579e-21 1.35464e-21 3.6432e-21 1.38598e-21 3.67871e-21 1.4162e-21
1931.64 2.13841e-20 2.13841e-20 9.18907e-34 4.29716e-14 5.63132e-08 1.33475e-21 1.47061e-22 1.54371e-21 2.35936e-22 1.77825e-21 3.58218e-22 1.92955e-21 4.47423e-22 2.04302e-21 5.19478e-22 2.13504e-21 5.80714e-22 2.21274e-21 6.34442e-22 2.27969e-21 6.82537e-22 2.33947e-21 7.26265e-22 2.3935e-21 7.66475e-22 2.44323e-21 8.03785e-22 2.48793e-21 8.38652e-22 2.52976e-21 8.71458e-22 2.56871e-21 9.02425e-22 2.6055e-21 9.3183e-22 2.64014e-21 9.59803e-22 2.67262e-21 9.86548e-22 2.70365e-21 1.01216e-21 2.73325e-21 1.03673e-21 2.76141e-21 1.0604e-21 2.78813e-21 1.08322e-21
2030.79 1.96608e-20 1.96608e-20 7.52253e-34 3.82615e-14 -6.33156e-06 1.0189e-21 1.1626e-22 1.17648e-21 1.85011e-22 1.35328e-21 2.78778e-22 1.4673e-21 3.46826e-22 1.5528e-21 4.0165e-22 1.62213e-21 4.48169e-22 1.68067e-21 4.88939e-22 1.7311e-21 5.25406e-22 1.77613e-21 5.58541e-22 1.81683e-21 5.88993e-22 1.85429e-21 6.17239e-22 1.88796e-21 6.43625e-22 1.91946e-21 6.68444e-22 1.9488e-21 6.91866e-22 1.97651e-21 7.14101e-22 2.0026e-21 7.35249e-22 2.02706e-21 7.55466e-22 2.05043e-21 7.74826e-22 2.07273e-21 7.93392e-22 2.09393e-21 8.11273e-22 2.11405e-21 8.28511e-22
2135.03 1.8196e-20 1.8196e-20 6.15628e-34 3.38331e-14 -5.96146e-06 7.82356e-22 9.23405e-23 9.01953e-22 1.45776e-22 1.03608e-21 2.18047e-22 1.12257e-21 2.70241e-22 1.18741e-21 3.12192e-22 1.23998e-21 3.47735e-22 1.28437e-21 3.78855e-22 1.32261e-21 4.06669e-22 1.35675e-21 4.31926e-22 1.38761e-21 4.55129e-22 1.41601e-21 4.76642e-22 1.44154e-21 4.96732e-22 1.46542e-21 5.15624e-22 1.48766e-21 5.33448e-22 1.50867e-21 5.50365e-22 1.52844e-21 5.66453e-22 1.54699e-21 5.81829e-22 1.56471e-21 5.96551e-22 1.5816e-21 6.10668e-22 1.59768e-21 6.24263e-22 1.61293e-21 6.37367e-22
2244.63 1.68047e-20 1.68047e-20 5.04118e-34 2.99985e-14 3.00127e-07 5.99032e-22 7.30494e-23 6.89593e-22 1.1442e-22 7.91125e-22 1.6993e-22 8.56576e-22 2.09837e-22 9.05642e-22 2.41841e-22 9.45421e-22 2.68921e-22 9.79004e-22 2.92608e-22 1.00794e-21 3.13765e-22 1.03376e-21 3.32966e-22 1.05711e-21 3.50599e-22 1.0786e-21 3.66941e-22 1.0979e-21 3.82198e-22 1.11597e-21 3.96541e-22 1.13279e-21 4.10071e-22 1.14869e-21 4.2291e-22 1.16364e-21 4.35118e-22 1.17767e-21 4.46783e-22 1.19107e-21 4.57952e-22 1.20385e-21 4.68659e-22 1.21601e-21 4.78969e-22 1.22755e-21 4.88907e-22
2359.84 1.54813e-20 1.54813e-20 4.12743e-34 2.66608e-14 -8.84784e-06 4.57223e-22 5.75391e-23 5.25616e-22 8.9435e-23 6.02271e-22 1.31911e-22 6.51676e-22 1.62319e-22 6.88709e-22 1.86655e-22 7.18731e-22 2.07221e-22 7.44074e-22 2.25195e-22 7.65907e-22 2.41239e-22 7.85397e-22 2.55794e-22 8.03014e-22 2.69153e-22 8.19226e-22 2.81531e-22 8.33795e-22 2.93084e-22 8.47427e-22 3.03943e-22 8.60121e-22 3.14184e-22 8.72111e-22 3.239e-22 8.83397e-22 3.33137e-22 8.9398e-22 3.41963e-22 9.04093e-22 3.50411e-22 9.13736e-22 3.5851e-22 9.2291e-22 3.66308e-22 9.31614e-22 3.73822e-22
2480.97 1.42288e-20 1.42288e-20 3.37851e-34 2.37441e-14 5.88703e-06 3.4795e-22 4.51352e-23 3.99474e-22 6.96296e-23 4.57206e-22 1.02019e-22 4.94407e-22 1.25113e-22 5.22291e-22 1.43562e-22 5.44894e-22 1.59134e-22 5.63973e-22 1.72734e-22 5.80409e-22 1.84866e-22 5.95082e-22 1.95867e-22 6.08343e-22 2.05961e-22 6.20547e-22 2.15311e-22 6.31514e-22 2.24036e-22 6.41775e-22 2.32234e-22 6.5133e-22 2.39965e-22 6.60355e-22 2.47298e-22 6.6885e-22 2.54269e-22 6.76815e-22 2.60928e-22 6.84427e-22 2.67302e-22 6.91686e-22 2.73412e-22 6.98591e-22 2.79294e-22 7.05142e-22 2.84962e-22
2608.32 1.31627e-20 1.31627e-20 2.76542e-34 2.10096e-14 3.26685e-06 2.66356e-22 3.55732e-23 3.05418e-22 5.44774e-23 3.49177e-22 7.93077e-23 3.7737e-22 9.69478e-23 3.98499e-22 1.11015e-22 4.15626e-22 1.22876e-22 4.30082e-22 1.33227e-22 4.42535e-22 1.42457e-22 4.53652e-22 1.50822e-22 4.63699e-22 1.58495e-22 4.72944e-22 1.65601e-22 4.81253e-22 1.72231e-22 4.89027e-22 1.78459e-22 4.96265e-22 1.8433e-22 5.03103e-22 1.899e-22 5.09538e-22 1.95193e-22 5.15572e-22 2.00249e-22 5.21339e-22 2.05088e-22 5.26837e-22 2.09726e-22 5.32068e-22 2.14191e-22 5.37031e-22 2.18493e-22
2742.21 1.2155e-20 1.2155e-20 2.26479e-34 1.86326e-14 1.68353e-06 2.03422e-22 2.79402e-23 2.32982e-22 4.24835e-23 2.66088e-22 6.14662e-23 2.87414e-22 7.49061e-23 3.03396e-22 8.56064e-23 3.1635e-22 9.46204e-23 3.27283e-22 1.02482e-22 3.36701e-22 1.09488e-22 3.45108e-22 1.15835e-22 3.52707e-22 1.21656e-22 3.59699e-22 1.27045e-22 3.65982e-22 1.32072e-22 3.71861e-22 1.36793e-22 3.77334e-22 1.41244e-22 3.82505e-22 1.45465e-22 3.87371e-22 1.49476e-22 3.91934e-22 1.53307e-22 3.96295e-22 1.56974e-22 4.00453e-22 1.60488e-22 4.04408e-22 1.6387e-22 4.08161e-22 1.67129e-22
2882.97 1.11965e-20 1.11965e-20 1.85431e-34 1.65615e-14 3.17885e-06 1.54888e-22 2.18542e-23 1.77199e-22 3.29996e-23 2.0218e-22 4.74618e-23 2.18271e-22 5.76689e-23 2.30329e-22 6.57835e-23 2.40101e-22 7.26132e-23 2.48349e-22 7.8566e-23 2.55454e-22 8.38687e-23 2.61796e-22 8.86717e-23 2.67527e-22 9.30748e-23 2.72801e-22 9.71504e-23 2.77541e-22 1.00951e-22 2.81975e-22 1.04521e-22 2.86104e-22 1.07885e-22 2.90004e-22 1.11075e-22 2.93675e-22 1.14107e-22 2.97117e-22 1.17002e-22 3.00406e-22 1.19772e-22 3.03542e-22 1.22427e-22 3.06525e-22 1.24982e-22 3.09356e-22 1.27444e-22
3030.95 1.03092e-20 1.03092e-20 1.51777e-34 1.47225e-14 -1.26545e-05 1.17825e-22 1.70594e-23 1.34655e-22 2.55865e-23 1.53497e-22 3.65904e-23 1.65632e-22 4.43342e-23 1.74724e-22 5.04821e-23 1.82093e-22 5.56523e-23 1.88313e-22 6.01563e-23 1.9367e-22 6.41668e-23 1.98451e-22 6.77982e-23 2.02773e-22 7.11265e-23 2.06749e-22 7.42066e-23 2.10323e-22 7.70785e-23 2.13666e-22 7.97753e-23 2.16779e-22 8.23168e-23 2.1972e-22 8.47266e-23 2.22487e-22 8.7016e-23 2.25082e-22 8.92025e-23 2.27561e-22 9.12944e-23 2.29926e-22 9.3299e-23 2.32175e-22 9.52283e-23 2.34309e-22 9.7087e-23
3186.53 9.55859e-21 9.55859e-21 1.24258e-34 1.29996e-14 4.7071e-06 9.02139e-23 1.33889e-23 1.02998e-22 1.99506e-23 1.17307e-22 2.83749e-23 1.26522e-22 3.42873e-23 1.33426e-22 3.89756e-23 1.39021e-22 4.29153e-23 1.43743e-22 4.63457e-23 1.4781e-22 4.93991e-23 1.51441e-22 5.21631e-23 1.54722e-22 5.46958e-23 1.57741e-22 5.70392e-23 1.60454e-22 5.92239e-23 1.62992e-22 6.12752e-23 1.65356e-22 6.32081e-23 1.67588e-22 6.50406e-23 1.69689e-22 6.67814e-23 1.71659e-22 6.84439e-23 1.73541e-22 7.00343e-23 1.75336e-22 7.15583e-23 1.77044e-22 7.30249e-23 1.78664e-22 7.44377e-23
3350.09 8.84502e-21 8.84502e-21 1.01745e-34 1.15031e-14 -8.74501e-06 6.89048e-23 1.04716e-23 7.8595e-23 1.55053e-23 8.944e-23 2.19371e-23 9.6423e-23 2.64399e-23 1.01655e-22 3.00064e-23 1.05894e-22 3.30014e-23 1.09473e-22 3.5608e-23 1.12554e-22 3.79274e-23 1.15305e-22 4.00265e-23 1.17791e-22 4.19495e-23 1.20079e-22 4.37285e-23 1.22134e-22 4.53868e-23 1.24057e-22 4.69436e-23 1.25848e-22 4.84104e-23 1.27539e-22 4.98009e-23 1.29131e-22 5.11217e-23 1.30624e-22 5.2383e-23 1.3205e-22 5.35896e-23 1.3341e-22 5.47457e-23 1.34703e-22 5.58582e-23 1.35931e-22 5.69299e-23
3522.05 8.16613e-21 8.16613e-21 8.3292e-35 1.01997e-14 1.64533e-05 5.24872e-23 8.15965e-24 5.98153e-23 1.20084e-23 6.80155e-23 1.69044e-23 7.3295e-23 2.03242e-23 7.72503e-23 2.30301e-23 8.04556e-23 2.5301e-23 8.31606e-23 2.72766e-23 8.54903e-23 2.9034e-23 8.75699e-23 3.06241e-23 8.94492e-23 3.20805e-23 9.11783e-23 3.34277e-23 9.27322e-23 3.46833e-23 9.41859e-23 3.58619e-23 9.55395e-23 3.69723e-23 9.6818e-23 3.80249e-23 9.80213e-23 3.90246e-23 9.91494e-23 3.99792e-23 1.00228e-22 4.08924e-23 1.01255e-22 4.17672e-23 1.02233e-22 4.26091e-23 1.03161e-22 4.342e-23
3702.84 7.52018e-21 7.52018e-21 6.81668e-35 9.06452e-15 2.44518e-05 3.98635e-23 6.33314e-24 4.53908e-23 9.26564e-24 5.15751e-23 1.29807e-23 5.55564e-23 1.55702e-23 5.8539e-23 1.76172e-23 6.09559e-23 1.93342e-23 6.29956e-23 2.08273e-23 6.47523e-23 2.21552e-23 6.63202e-23 2.33563e-23 6.77373e-23 2.44564e-23 6.9041e-23 2.54737e-23 7.02126e-23 2.64218e-23 7.13087e-23 2.73117e-23 7.23293e-23 2.81501e-23 7.32932e-23 2.89446e-23 7.42005e-23 2.96993e-23 7.50511e-23 3.04198e-23 7.58639e-23 3.11091e-23 7.66389e-23 3.17694e-23 7.73762e-23 3.24048e-23 7.80757e-23 3.30168e-23
3892.91 6.90672e-21 6.90672e-21 5.58208e-35 8.08211e-15 1.13024e-05 3.01831e-23 4.89574e-24 3.43406e-23 7.1221e-24 3.89919e-23 9.93184e-24 4.19861e-23 1.18866e-23 4.4229e-23 1.34305e-23 4.60465e-23 1.47248e-23 4.75803e-23 1.585e-23 4.89013e-23 1.68504e-23 5.00804e-23 1.77551e-23 5.11459e-23 1.85836e-23 5.21263e-23 1.93497e-23 5.30073e-23 2.00636e-23 5.38315e-23 2.07336e-23 5.45989e-23 2.13647e-23 5.53237e-23 2.19628e-23 5.60059e-23 2.25309e-23 5.66455e-23 2.30733e-23 5.72566e-23 2.3592e-23 5.78394e-23 2.4089e-23 5.83938e-23 2.45672e-23 5.89197e-23 2.50277e-23
4092.73 6.36165e-21 6.36165e-21 4.57032e-35 7.18418e-15 1.79235e-06 2.29112e-23 3.79064e-24 2.60473e-23 5.48439e-24 2.95555e-23 7.61445e-24 3.18137e-23 9.09374e-24 3.35053e-23 1.02612e-23 3.4876e-23 1.12394e-23 3.60327e-23 1.20896e-23 3.70289e-23 1.28453e-23 3.7918e-23 1.35287e-23 3.87216e-23 1.41543e-23 3.94609e-23 1.47328e-23 4.01252e-23 1.52718e-23 4.07467e-23 1.57776e-23 4.13254e-23 1.6254e-23 4.1872e-23 1.67056e-23 4.23864e-23 1.71343e-23 4.28687e-23 1.75437e-23 4.33296e-23 1.79352e-23 4.37691e-23 1.83103e-23 4.41871e-23 1.86712e-23 4.45837e-23 1.90188e-23
4302.81 5.88712e-21 5.88712e-21 3.74085e-35 6.35429e-15 -9.52771e-06 1.7467e-23 2.94514e-24 1.98437e-23 4.23877e-24 2.25021e-23 5.86035e-24 2.42131e-23 6.9847e-24 2.54948e-23 7.87138e-24 2.65334e-23 8.61409e-24 2.74098e-23 9.25936e-24 2.81645e-23 9.8328e-24 2.88382e-23 1.03513e-23 2.9447e-23 1.08259e-23 3.00071e-23 1.12647e-23 3.05105e-23 1.16735e-23 3.09813e-23 1.20571e-23 3.14198e-23 1.24184e-23 3.18339e-23 1.27608e-23 3.22236e-23 1.30859e-23 3.2589e-23 1.33963e-23 3.29382e-23 1.36932e-23 3.32711e-23 1.39776e-23 3.35878e-23 1.42512e-23 3.38883e-23 1.45147e-23
4523.68 5.43581e-21 5.43581e-21 3.06185e-35 5.63273e-15 -2.54821e-06 1.32823e-23 2.28041e-24 1.50794e-23 3.26552e-24 1.70892e-23 4.4967e-24 1.83828e-23 5.3491e-24 1.93517e-23 6.02087e-24 2.01368e-23 6.58335e-24 2.07993e-23 7.07191e-24 2.13699e-23 7.50601e-24 2.18792e-23 7.89843e-24 2.23394e-23 8.25762e-24 2.27628e-23 8.58968e-24 2.31433e-23 8.899e-24 2.34992e-23 9.18927e-24 2.38306e-23 9.46262e-24 2.41436e-23 9.72166e-24 2.44383e-23 9.96764e-24 2.47145e-23 1.02024e-23 2.49784e-23 1.0427e-23 2.52301e-23 1.06421e-23 2.54695e-23 1.08491e-23 2.56966e-23 1.10484e-23
4755.88 5.00708e-21 5.00708e-21 2.5074e-35 5.0077e-15 2.27703e-05 1.00729e-23 1.75948e-24 1.14284e-23 2.50738e-24 1.29442e-23 3.43952e-24 1.39198e-23 4.08401e-24 1.46505e-23 4.59163e-24 1.52426e-23 5.01652e-24 1.57422e-23 5.38549e-24 1.61725e-23 5.71326e-24 1.65566e-23 6.00953e-24 1.69036e-23 6.28069e-24 1.72229e-23 6.53134e-24 1.75098e-23 6.76481e-24 1.77782e-23 6.98388e-24 1.80282e-23 7.19019e-24 1.82642e-23 7.38567e-24 1.84864e-23 7.5713e-24 1.86947e-23 7.74849e-24 1.88937e-23 7.91795e-24 1.90835e-23 8.08026e-24 1.9264e-23 8.23642e-24 1.94353e-23 8.38682e-24
5000 4.60235e-21 4.60235e-21 2.05265e-35 4.46001e-15 -1.56615e-05 7.62054e-24 1.35318e-24 8.64069e-24 1.91944e-24 9.78149e-24 2.62341e-24 1.05157e-23 3.10954e-24 1.10656e-23 3.49223e-24 1.15111e-23 3.81245e-24 1.18871e-23 4.09045e-24 1.22109e-23 4.33739e-24 1.24999e-23 4.56056e-24 1.2761e-23 4.7648e-24 1.30013e-23 4.95358e-24 1.32172e-23 5.12941e-24 1.34192e-23 5.29438e-24 1.36072e-23 5.44973e-24 1.37848e-23 5.59694e-24 1.3952e-23 5.7367e-24 1.41087e-23 5.87012e-24 1.42585e-23 5.99771e-24 1.44013e-23 6.11991e-24 1.45372e-23 6.23748e-24 1.4666e-23 6.35071e-24
