# 2.9854e-07 1 37 : grain size, compostion index, size index
# Heating and cooling timescale: 8888.25 94.9483
# Ratio of heating to cooling to determine stochastic cutoff: 100
# Equilibrium emission is recorded even for those grains in the stochastic regime.
# Emission spectrum was computed for: 
# Type: IRSF
# Scales: 0.25 0.5 1 1.5 2 2.5 3 3.5 4 4.5 5 5.5 6 6.5 7 7.5 8 8.5 9 9.5 10
# StochasticallyHeated: 1 1 1 1 1 1 1 1 1 1 1 1 1 1 1 1 1 1 1 1 1
# Temperature: -1
# Wavelength  CExt  CAbs  CSca  Albedo G EqEm1 StEm1 EqEm2 StEm2 EqEm3 StEm3 EqEm4 StEm4 EqEm5 StEm5 EqEm6 StEm6 EqEm7 StEm7 EqEm8 StEm8 EqEm9 StEm9 EqEm10 StEm10 EqEm11 StEm11 EqEm12 StEm12 EqEm13 StEm13 EqEm14 StEm14 EqEm15 StEm15 EqEm16 StEm16 EqEm17 StEm17 EqEm18 StEm18 EqEm19 StEm19 EqEm20 StEm20 EqEm21 StEm21
0.05 1.99555e-14 1.98948e-14 6.07625e-17 0.0030449 0.00154881 0 0 0 0 0 0 0 0 0 0 0 0 0 0 0 0 0 0 0 0 0 0 0 0 0 0 0 0 0 0 0 0 0 0 0 0 0 0 0 0 0 0
0.0525665 2.20567e-14 2.19896e-14 6.71605e-17 0.0030449 0.00171189 0 0 0 0 0 0 0 0 0 0 0 0 0 0 0 0 0 0 0 0 0 0 0 0 0 0 0 0 0 0 0 0 0 0 0 0 0 0 0 0 0 0
0.0552647 2.43792e-14 2.4305e-14 7.42322e-17 0.0030449 0.00189215 0 0 0 0 0 0 0 0 0 0 0 0 0 0 0 0 0 0 0 0 0 0 0 0 0 0 0 0 0 0 0 0 0 0 0 0 0 0 0 0 0 0
0.0581015 2.69462e-14 2.68642e-14 8.20484e-17 0.0030449 0.00209138 0 0 0 0 0 0 0 0 0 0 0 0 0 0 0 0 0 0 0 0 0 0 0 0 0 0 0 0 0 0 0 0 0 0 0 0 0 0 0 0 0 0
0.0610839 2.97835e-14 2.96928e-14 9.06877e-17 0.0030449 0.0023116 0 0 0 0 0 0 0 0 0 0 0 0 0 0 0 0 0 0 0 0 0 0 0 0 0 0 0 0 0 0 0 0 0 0 0 0 0 0 0 0 0 0
0.0642193 3.29196e-14 3.28194e-14 1.00237e-16 0.0030449 0.00255499 0 0 0 0 0 0 0 0 0 0 0 0 0 0 0 0 0 0 0 0 0 0 0 0 0 0 0 0 0 0 0 0 0 0 0 0 0 0 0 0 0 0
0.0675157 3.63859e-14 3.62751e-14 1.10791e-16 0.0030449 0.00282402 0 0 0 0 0 0 0 0 0 0 0 0 0 0 0 0 0 0 0 0 0 0 0 0 0 0 0 0 0 0 0 0 0 0 0 0 0 0 0 0 0 0
0.0709813 4.02171e-14 4.00947e-14 1.22457e-16 0.0030449 0.00312138 0 0 0 0 0 0 0 0 0 0 0 0 0 0 0 0 0 0 0 0 0 0 0 0 0 0 0 0 0 0 0 0 0 0 0 0 0 0 0 0 0 0
0.0746248 4.44518e-14 4.43164e-14 1.35351e-16 0.0030449 0.00345005 0 0 0 0 0 0 0 0 0 0 0 0 0 0 0 0 0 0 0 0 0 0 0 0 0 0 0 0 0 0 0 0 0 0 0 0 0 0 0 0 0 0
0.0784553 4.91323e-14 4.89827e-14 1.49603e-16 0.0030449 0.00381332 0 0 0 0 0 0 0 0 0 0 0 0 0 0 0 0 0 0 0 0 0 0 0 0 0 0 0 0 0 0 0 0 0 0 0 0 0 0 0 0 0 0
0.0824824 5.43057e-14 5.41404e-14 1.65355e-16 0.0030449 0.00421484 0 0 0 0 0 0 0 0 0 0 0 0 0 0 0 0 0 0 0 0 0 0 0 0 0 0 0 0 0 0 0 0 0 0 0 0 0 0 0 0 0 0
0.0867162 6.00239e-14 5.98411e-14 1.82766e-16 0.0030449 0.00465865 0 0 0 0 0 0 0 0 0 0 0 0 0 0 0 0 0 0 0 0 0 0 0 0 0 0 0 0 0 0 0 0 0 0 0 0 0 0 0 0 0 0
0.0911674 6.63441e-14 6.61421e-14 2.02011e-16 0.0030449 0.00514918 0 0 0 0 0 0 0 0 0 0 0 0 0 0 0 0 0 0 0 0 0 0 0 0 0 0 0 0 0 0 0 0 0 0 0 0 0 0 0 0 0 0
0.095847 7.33298e-14 7.31066e-14 2.23282e-16 0.0030449 0.00569136 0 0 0 0 0 0 0 0 0 0 0 0 0 0 0 0 0 0 0 0 0 0 0 0 0 0 0 0 0 0 0 0 0 0 0 0 0 0 0 0 0 0
0.100767 7.86202e-14 7.83834e-14 2.36812e-16 0.00301211 0.00617741 0 0 0 0 0 0 0 0 0 0 0 0 0 0 0 0 0 0 0 0 0 0 0 0 0 0 0 0 0 0 0 0 0 0 0 0 0 0 0 0 0 0
0.105939 7.06589e-14 7.04595e-14 1.99404e-16 0.00282206 0.00609167 0 0 0 0 0 0 0 0 0 0 0 0 0 0 0 0 0 0 0 0 0 0 0 0 0 0 0 0 0 0 0 0 0 0 0 0 0 0 0 0 0 0
0.111377 6.24515e-14 6.22853e-14 1.66233e-16 0.0026618 0.00582958 0 0 0 0 0 0 0 0 0 0 0 0 0 0 0 0 0 0 0 0 0 0 0 0 0 0 0 0 0 0 0 0 0 0 0 0 0 0 0 0 0 0
0.117094 5.44254e-14 5.42872e-14 1.38189e-16 0.00253905 0.00550577 0 0 0 0 0 0 0 0 0 0 0 0 0 0 0 0 0 0 0 0 0 0 0 0 0 0 0 0 0 0 0 0 0 0 0 0 0 0 0 0 0 0
0.123105 4.61785e-14 4.60653e-14 1.13186e-16 0.00245106 0.0051677 0 0 0 0 0 0 0 0 0 0 0 0 0 0 0 0 0 0 0 0 0 0 0 0 0 0 0 0 0 0 0 0 0 0 0 0 0 0 0 0 0 0
0.129424 3.86083e-14 3.85169e-14 9.13936e-17 0.0023672 0.00483872 0 0 0 0 0 0 0 0 0 0 0 0 0 0 0 0 0 0 0 0 0 0 0 0 0 0 0 0 0 0 0 0 0 0 0 0 0 0 0 0 0 0
0.136067 3.16152e-14 3.15404e-14 7.48384e-17 0.00236716 0.00453664 0 0 0 0 0 0 0 0 0 0 0 0 0 0 0 0 0 0 0 0 0 0 0 0 0 0 0 0 0 0 0 0 0 0 0 0 0 0 0 0 0 0
0.143051 2.41379e-14 2.40781e-14 5.97972e-17 0.00247732 0.00430317 0 0 0 0 0 0 0 0 0 0 0 0 0 0 0 0 0 0 0 0 0 0 0 0 0 0 0 0 0 0 0 0 0 0 0 0 0 0 0 0 0 0
0.150394 1.70597e-14 1.70136e-14 4.61022e-17 0.0027024 0.00409813 0 0 0 0 0 0 0 0 0 0 0 0 0 0 0 0 0 0 0 0 0 0 0 0 0 0 0 0 0 0 0 0 0 0 0 0 0 0 0 0 0 0
0.158114 1.13544e-14 1.132e-14 3.44365e-17 0.00303288 0.00375011 0 0 0 0 0 0 0 0 0 0 0 0 0 0 0 0 0 0 0 0 0 0 0 0 0 0 0 0 0 0 0 0 0 0 0 0 0 0 0 0 0 0
0.16623 7.44288e-15 7.41759e-15 2.52859e-17 0.00339733 0.00333669 0 0 0 0 0 0 0 0 0 0 0 0 0 0 0 0 0 0 0 0 0 0 0 0 0 0 0 0 0 0 0 0 0 0 0 0 0 0 0 0 0 0
0.174762 5.32033e-15 5.30161e-15 1.87237e-17 0.00351928 0.00294515 0 0 0 0 0 0 0 0 0 0 0 0 0 0 0 0 0 0 0 0 0 0 0 0 0 0 0 0 0 0 0 0 0 0 0 0 0 0 0 0 0 0
0.183733 3.80012e-15 3.7862e-15 1.39195e-17 0.00366292 0.00259863 0 0 0 0 0 0 0 0 0 0 0 0 0 0 0 0 0 0 0 0 0 0 0 0 0 0 0 0 0 0 0 0 0 0 0 0 0 0 0 0 0 0
0.193164 2.87913e-15 2.86868e-15 1.04455e-17 0.003628 0.00229904 0 0 0 0 0 0 0 0 0 0 0 0 0 0 0 0 0 0 0 0 0 0 0 0 0 0 0 0 0 0 0 0 0 0 0 0 0 0 0 0 0 0
0.203079 2.66262e-15 2.65468e-15 7.94453e-18 0.00298372 0.00203977 0 0 0 0 0 0 0 0 0 0 0 0 0 0 0 0 0 0 0 0 0 0 0 0 0 0 0 0 0 0 0 0 0 0 0 0 0 0 0 0 0 0
0.213503 2.55304e-15 2.54689e-15 6.14376e-18 0.00240645 0.00181353 0 0 0 0 0 0 0 0 0 0 0 0 0 0 0 0 0 0 0 0 0 0 0 0 0 0 0 0 0 0 0 0 0 0 0 0 0 0 0 0 0 0
0.224463 2.41475e-15 2.40991e-15 4.8329e-18 0.00200141 0.00161701 0 0 0 0 0 0 0 0 0 0 0 0 0 0 0 0 0 0 0 0 0 0 0 0 0 0 0 0 0 0 0 0 0 0 0 0 0 0 0 0 0 0
0.235984 2.30654e-15 2.30272e-15 3.82533e-18 0.00165847 0.00144677 0 0 0 0 0 0 0 0 0 0 0 0 0 0 0 0 0 0 0 0 0 0 0 0 0 0 0 0 0 0 0 0 0 0 0 0 0 0 0 0 0 0
0.248097 2.20969e-15 2.20664e-15 3.04327e-18 0.00137724 0.00129802 0 0 0 0 0 0 0 0 0 0 0 0 0 0 0 0 0 0 0 0 0 0 0 0 0 0 0 0 0 0 0 0 0 0 0 0 0 0 0 0 0 0
0.260832 2.12495e-15 2.12251e-15 2.43601e-18 0.00114639 0.00116652 0 0 0 0 0 0 0 0 0 0 0 0 0 0 0 0 0 0 0 0 0 0 0 0 0 0 0 0 0 0 0 0 0 0 0 0 0 0 0 0 0 0
0.274221 2.04101e-15 2.03905e-15 1.9571e-18 0.000958888 0.00104946 0 0 0 0 0 0 0 0 0 0 0 0 0 0 0 0 0 0 0 0 0 0 0 0 0 0 0 0 0 0 0 0 0 0 0 0 0 0 0 0 0 0
0.288297 1.95698e-15 1.9554e-15 1.57765e-18 0.000806165 0.000945187 0 0 0 0 0 0 0 0 0 0 0 0 0 0 0 0 0 0 0 0 0 0 0 0 0 0 0 0 0 0 0 0 0 0 0 0 0 0 0 0 0 0
0.303095 1.8736e-15 1.87233e-15 1.2747e-18 0.000680348 0.00085194 0 0 0 0 0 0 0 0 0 0 0 0 0 0 0 0 0 0 0 0 0 0 0 0 0 0 0 0 0 0 0 0 0 0 0 0 0 0 0 0 0 0
0.318653 1.79137e-15 1.79034e-15 1.03243e-18 0.000576337 0.000768252 0 0 0 0 0 0 0 0 0 0 0 0 0 0 0 0 0 0 0 0 0 0 0 0 0 0 0 0 0 0 0 0 0 0 0 0 0 0 0 0 0 0
0.335009 1.7109e-15 1.71006e-15 8.37763e-19 0.000489663 0.0006931 0 0 0 0 0 0 0 0 0 0 0 0 0 0 0 0 0 0 0 0 0 0 0 0 0 0 0 0 0 0 0 0 0 0 0 0 0 0 0 0 0 0
0.352205 1.63277e-15 1.63209e-15 6.80852e-19 0.000416993 0.00062557 0 0 0 0 0 0 0 0 0 0 0 0 0 0 0 0 0 0 0 0 0 0 0 0 0 0 0 0 0 0 0 0 0 0 0 0 0 0 0 0 0 0
0.370284 1.55704e-15 1.55648e-15 5.5435e-19 0.000356029 0.000564824 0 0 0 0 0 0 0 0 0 0 0 0 0 0 0 0 0 0 0 0 0 0 0 0 0 0 0 0 0 0 0 0 0 0 0 0 0 0 0 0 0 0
0.389291 1.48395e-15 1.48349e-15 4.51684e-19 0.000304381 0.000510137 0 0 0 0 0 0 0 0 0 0 0 0 0 0 0 0 0 0 0 0 0 0 0 0 0 0 0 0 0 0 0 0 0 0 0 0 0 0 0 0 0 0
0.409273 1.41354e-15 1.41317e-15 3.68534e-19 0.000260717 0.000460842 0 0 0 0 0 0 0 0 0 0 0 0 0 0 0 0 0 0 0 0 0 0 0 0 0 0 0 0 0 0 0 0 0 0 0 0 0 0 0 0 0 0
0.430281 1.34608e-15 1.34578e-15 3.00885e-19 0.000223526 0.000416363 0 0 0 0 0 0 0 0 0 0 0 0 0 0 0 0 0 0 0 0 0 0 0 0 0 0 0 0 0 0 0 0 0 0 0 0 0 0 0 0 0 0
0.452368 1.2814e-15 1.28115e-15 2.4583e-19 0.000191845 0.000376345 0 0 0 0 0 0 0 0 0 0 0 0 0 0 0 0 0 0 0 0 0 0 0 0 0 0 0 0 0 0 0 0 0 0 0 0 0 0 0 0 0 0
0.475588 1.21941e-15 1.21921e-15 2.00954e-19 0.000164796 0.000340187 0 0 0 0 0 0 0 0 0 0 0 0 0 0 0 0 0 0 0 0 0 0 0 0 0 0 0 0 0 0 0 0 0 0 0 0 0 0 0 0 0 0
0.5 1.16025e-15 1.16008e-15 1.6436e-19 0.000141659 0.00030752 0 0 0 0 0 0 0 0 0 0 0 0 0 0 0 0 0 0 0 0 0 0 0 0 0 0 0 0 0 0 0 0 0 0 0 0 0 0 0 0 0 0
0.525665 1.1036e-15 1.10346e-15 1.34531e-19 0.000121902 0.00027801 0 0 0 0 0 0 0 0 0 0 0 0 0 0 0 0 0 0 0 0 0 0 0 0 0 0 0 0 0 0 0 0 0 0 0 0 0 0 0 0 0 0
0.552648 1.04952e-15 1.04941e-15 1.1017e-19 0.000104972 0.000251375 0 0 0 0 0 0 0 0 0 0 0 0 0 0 0 0 0 0 0 0 0 0 0 0 0 0 0 0 0 0 0 0 0 0 0 0 0 0 0 0 0 0
0.581015 9.98167e-16 9.98077e-16 9.01919e-20 9.03575e-05 0.000227353 0 0 0 0 0 0 0 0 0 0 0 0 0 0 0 0 0 0 0 0 0 0 0 0 0 0 0 0 0 0 0 0 0 0 0 0 0 0 0 0 0 0
0.610839 9.49245e-16 9.49172e-16 7.38503e-20 7.7799e-05 0.000205613 0 0 0 0 0 0 0 0 0 0 0 0 0 0 0 0 0 0 0 0 0 0 0 0 0 0 0 0 0 0 0 0 0 0 0 0 0 0 0 0 0 0
0.642193 9.02236e-16 9.02176e-16 6.05041e-20 6.70602e-05 0.000185939 0 0 0 0 0 0 0 0 0 0 0 0 0 0 0 0 0 0 0 0 0 0 0 0 0 0 0 0 0 0 0 0 0 0 0 0 0 0 0 0 0 0
0.675157 8.57705e-16 8.57656e-16 4.95685e-20 5.7792e-05 0.000168194 0 0 0 0 0 0 0 0 0 0 0 0 0 0 0 0 0 0 0 0 0 0 0 0 0 0 0 0 0 0 0 0 0 0 0 0 0 0 0 0 0 0
0.709813 8.15635e-16 8.15595e-16 4.06025e-20 4.97802e-05 0.000152147 0 0 0 0 0 0 0 0 0 0 0 0 0 0 0 0 0 0 0 0 0 0 0 0 0 0 0 0 0 0 0 0 0 0 0 0 0 0 0 0 0 0
0.746248 7.75721e-16 7.75688e-16 3.32645e-20 4.28821e-05 0.000137624 0 0 0 0 0 0 0 0 0 0 0 0 0 0 0 0 0 0 0 0 0 0 0 0 0 0 0 0 0 0 0 0 0 0 0 0 0 0 0 0 0 0
0.784553 7.37775e-16 7.37747e-16 2.72447e-20 3.69283e-05 0.000124479 0 0 0 0 0 0 0 0 0 0 0 0 0 0 0 0 0 0 0 0 0 0 0 0 0 0 0 0 0 0 0 0 0 0 0 0 0 0 0 0 0 0
0.824824 7.01749e-16 7.01727e-16 2.2316e-20 3.18005e-05 0.000112616 0 0 0 0 0 0 0 0 0 0 0 0 0 0 0 0 0 0 0 0 0 0 0 0 0 0 0 0 0 0 0 0 0 0 0 0 0 0 0 0 0 0
0.867162 6.67354e-16 6.67336e-16 1.82776e-20 2.73882e-05 0.00010189 0 0 0 0 0 0 0 0 0 0 0 0 0 0 0 0 0 0 0 0 0 0 0 0 0 0 0 0 0 0 0 0 0 0 0 0 0 0 0 0 0 0
0.911674 6.35141e-16 6.35126e-16 1.49626e-20 2.3558e-05 9.21802e-05 0 0 0 0 0 0 0 0 0 0 0 0 0 0 0 0 0 0 0 0 0 0 0 0 0 0 0 0 0 0 0 0 0 0 0 0 0 0 0 0 0 0
0.95847 6.04882e-16 6.0487e-16 1.224e-20 2.02354e-05 8.33935e-05 0 0 0 0 0 0 0 0 0 0 0 0 0 0 0 0 0 0 0 0 0 0 0 0 0 0 0 0 0 0 0 0 0 0 0 0 0 0 0 0 0 0
1.00767 5.76192e-16 5.76182e-16 9.9871e-21 1.73329e-05 7.54513e-05 0 0 0 0 0 0 0 0 0 0 0 0 0 0 0 0 0 0 0 0 0 0 0 0 0 0 0 0 0 0 0 0 0 0 0 0 0 0 0 0 0 0
1.05939 5.61184e-16 5.61175e-16 8.15072e-21 1.45242e-05 6.82688e-05 0 0 0 0 0 0 0 0 0 0 0 0 0 0 0 0 0 0 0 0 0 0 0 0 0 0 0 0 0 0 0 0 0 0 0 0 0 0 0 0 0 0
1.11377 5.48644e-16 5.48637e-16 6.66174e-21 1.21422e-05 6.17657e-05 0 0 0 0 0 0 0 0 0 0 0 0 0 0 0 0 0 0 0 0 0 0 0 0 0 0 0 0 0 0 0 0 0 0 0 0 0 0 0 0 0 0
1.17094 5.38429e-16 5.38424e-16 5.45578e-21 1.01328e-05 5.58776e-05 0 0 0 0 0 0 0 0 0 0 0 0 0 0 0 0 0 0 0 0 0 0 0 0 0 0 0 0 0 0 0 0 0 0 0 0 0 0 0 0 0 0
1.23105 5.29364e-16 5.29359e-16 4.46676e-21 8.43799e-06 5.05516e-05 0 0 0 0 0 0 0 0 0 0 0 0 0 0 0 0 0 0 0 0 0 0 0 0 0 0 0 0 0 0 0 0 0 0 0 0 0 0 0 0 0 0
1.29424 5.19479e-16 5.19475e-16 3.6589e-21 7.04341e-06 4.57349e-05 0 0 0 0 0 0 0 0 0 0 0 0 0 0 0 0 0 0 0 0 0 0 0 0 0 0 0 0 0 0 0 0 0 0 0 0 0 0 0 0 0 0
1.36067 5.08372e-16 5.08369e-16 3.00993e-21 5.92073e-06 4.13804e-05 0 0 0 0 0 0 0 0 0 0 0 0 0 0 0 0 0 0 0 0 0 0 0 0 0 0 0 0 0 0 0 0 0 0 0 0 0 0 0 0 0 0
1.43051 4.96479e-16 4.96477e-16 2.44915e-21 4.93304e-06 3.74323e-05 0 0 0 0 0 0 0 0 0 0 0 0 0 0 0 0 0 0 0 0 0 0 0 0 0 0 0 0 0 0 0 0 0 0 0 0 0 0 0 0 0 0
1.50394 4.8422e-16 4.84218e-16 2.00192e-21 4.13432e-06 3.38623e-05 0 0 0 0 0 0 0 0 0 0 0 0 0 0 0 0 0 0 0 0 0 0 0 0 0 0 0 0 0 0 0 0 0 0 0 0 0 0 0 0 0 0
1.58114 4.72367e-16 4.72366e-16 1.6382e-21 3.46807e-06 3.06369e-05 0 0 0 0 0 0 0 0 0 0 0 0 0 0 0 0 0 0 0 0 0 0 0 0 0 0 0 0 0 0 0 0 0 0 0 0 0 0 0 0 0 0
1.6623 4.61542e-16 4.61541e-16 1.34039e-21 2.90417e-06 2.77135e-05 0 0 0 0 0 0 0 0 0 0 0 0 0 0 0 0 0 0 0 0 0 0 0 0 0 0 0 0 0 0 0 0 0 0 0 0 0 0 0 0 0 0
1.74763 4.52383e-16 4.52382e-16 1.0966e-21 2.42404e-06 2.50672e-05 0 0 0 0 0 0 0 0 0 0 0 0 0 0 0 0 0 0 0 0 0 0 0 0 0 0 0 0 0 0 0 0 0 0 0 0 0 0 0 0 0 0
1.83733 4.45525e-16 4.45524e-16 8.96791e-22 2.01289e-06 2.26706e-05 0 0 0 0 0 0 0 0 0 0 0 0 0 0 0 0 0 0 0 0 0 1.4013e-45 0 1.4013e-45 0 1.4013e-45 0 1.4013e-45 0 2.8026e-45 0 2.8026e-45 0 2.8026e-45 0 4.2039e-45 0 4.2039e-45 0 5.60519e-45 0 5.60519e-45
1.93164 4.41311e-16 4.4131e-16 7.33101e-22 1.66119e-06 2.05058e-05 0 0 0 0 0 1.4013e-45 0 1.4013e-45 0 2.8026e-45 0 5.60519e-45 0 8.40779e-45 0 1.12104e-44 0 1.68156e-44 0 2.24208e-44 0 2.8026e-44 0 3.64338e-44 0 4.48416e-44 0 5.46506e-44 0 6.86636e-44 0 8.12753e-44 0 9.52883e-44 0 1.12104e-43 0 1.28919e-43 0 1.5134e-43 0 1.73761e-43
2.03079 4.39694e-16 4.39694e-16 5.99643e-22 1.36377e-06 1.85472e-05 0 1.4013e-45 0 5.60519e-45 0 2.24208e-44 0 5.1848e-44 0 9.66896e-44 0 1.58347e-43 0 2.35418e-43 0 3.39114e-43 0 4.66632e-43 0 6.10966e-43 0 7.79122e-43 0 9.93521e-43 0 1.22053e-42 0 1.47837e-42 0 1.79366e-42 0 2.12297e-42 0 2.48871e-42 0 2.89088e-42 0 3.33369e-42 0 3.86058e-42 0 4.39587e-42
2.13503 4.40065e-16 4.40065e-16 4.90935e-22 1.1156e-06 1.67725e-05 0 3.50325e-44 0 1.41531e-43 0 5.7173e-43 0 1.32703e-42 0 2.46208e-42 0 3.9951e-42 0 5.90928e-42 0 8.37696e-42 0 1.13884e-41 0 1.48159e-41 0 1.87886e-41 0 2.36231e-41 0 2.88639e-41 0 3.4755e-41 0 4.17293e-41 0 4.91169e-41 0 5.72683e-41 0 6.62142e-41 0 7.5991e-41 0 8.72476e-41 0 9.88952e-41
2.24463 4.40953e-16 4.40952e-16 4.02298e-22 9.12337e-07 1.51651e-05 0 8.04345e-43 0 3.18375e-42 0 1.27939e-41 0 2.94749e-41 0 5.41209e-41 0 8.7036e-41 0 1.28056e-40 0 1.79738e-40 0 2.41969e-40 0 3.13127e-40 0 3.95069e-40 0 4.92129e-40 0 5.98347e-40 0 7.17075e-40 0 8.5403e-40 0 1.00067e-39 0 1.16166e-39 0 1.3375e-39 0 1.52878e-39 0 1.74375e-39 0 1.96895e-39
2.35984 4.41976e-16 4.41975e-16 3.29849e-22 7.46306e-07 1.37132e-05 0 1.60743e-41 0 6.23578e-41 0 2.47745e-40 0 5.66195e-40 0 1.03038e-39 0 1.64506e-39 0 2.4096e-39 0 3.35697e-39 0 4.48648e-39 0 5.78066e-39 0 7.26321e-39 0 8.98597e-39 0 1.08817e-38 0 1.29906e-38 0 1.53791e-38 0 1.79528e-38 0 2.0766e-38 0 2.38261e-38 0 2.71417e-38 0 3.08046e-38 0 3.46698e-38
2.48097 4.43671e-16 4.43671e-16 2.70551e-22 6.098e-07 1.23976e-05 0 2.87537e-40 0 1.07816e-39 0 4.20135e-39 0 9.50639e-39 0 1.71526e-38 0 2.72064e-38 0 3.96814e-38 0 5.49528e-38 0 7.30256e-38 0 9.37424e-38 0 1.17372e-37 0 1.44463e-37 0 1.74356e-37 0 2.07482e-37 0 2.4452e-37 0 2.84564e-37 0 3.28174e-37 0 3.75447e-37 0 4.26492e-37 0 4.82215e-37 0 5.41253e-37
2.60832 4.46151e-16 4.46151e-16 2.22046e-22 4.97692e-07 1.12068e-05 0 4.71005e-39 0 1.67466e-38 0 6.32233e-38 0 1.41076e-37 0 2.5209e-37 0 3.97101e-37 0 5.76488e-37 0 7.94058e-37 0 1.05004e-36 0 1.34327e-36 0 1.67649e-36 0 2.05488e-36 0 2.47282e-36 0 2.93442e-36 0 3.44593e-36 0 3.99971e-36 0 4.60095e-36 0 5.25076e-36 0 5.95042e-36 0 6.70788e-36 0 7.51192e-36
2.74221 4.49956e-16 4.49956e-16 1.82381e-22 4.05331e-07 1.01295e-05 0 7.21899e-38 0 2.38444e-37 0 8.57958e-37 0 1.8761e-36 0 3.31084e-36 0 5.17157e-36 0 7.46423e-36 0 1.02236e-35 0 1.34536e-35 0 1.7148e-35 0 2.13319e-35 0 2.60495e-35 0 3.1259e-35 0 3.6996e-35 0 4.33122e-35 0 5.01514e-35 0 5.7557e-35 0 6.55405e-35 0 7.41151e-35 0 8.33438e-35 0 9.31453e-35
2.88297 4.55196e-16 4.55195e-16 1.5005e-22 3.29639e-07 9.15381e-06 0 1.04752e-36 0 3.16716e-36 0 1.06706e-35 0 2.26767e-35 0 3.93484e-35 0 6.07802e-35 0 8.70434e-35 0 1.18425e-34 0 1.54978e-34 0 1.96683e-34 0 2.43753e-34 0 2.9653e-34 0 3.54745e-34 0 4.18679e-34 0 4.88721e-34 0 5.6451e-34 0 6.46378e-34 0 7.34431e-34 0 8.28793e-34 0 9.29917e-34 0 1.03729e-33
3.03095 4.6173e-16 4.6173e-16 1.23926e-22 2.68396e-07 8.27157e-06 0 1.43728e-35 0 3.96623e-35 0 1.234e-34 0 2.52615e-34 0 4.28637e-34 0 6.52314e-34 0 9.24355e-34 0 1.24692e-33 0 1.62056e-33 0 2.0454e-33 0 2.52307e-33 0 3.056e-33 0 3.6427e-33 0 4.28522e-33 0 4.98624e-33 0 5.74376e-33 0 6.56009e-33 0 7.43617e-33 0 8.37299e-33 0 9.37357e-33 0 1.0435e-32
3.18653 4.63954e-16 4.63954e-16 1.02593e-22 2.21127e-07 7.47286e-06 0 1.82306e-34 0 4.63363e-34 0 1.32464e-33 0 2.59412e-33 0 4.28145e-33 0 6.39331e-33 0 8.93569e-33 0 1.19232e-32 0 1.53608e-32 0 1.9251e-32 0 2.3605e-32 0 2.84386e-32 0 3.37453e-32 0 3.95383e-32 0 4.58347e-32 0 5.26251e-32 0 5.99246e-32 0 6.77399e-32 0 7.60786e-32 0 8.49591e-32 0 9.43678e-32
3.35009 4.75696e-16 4.75696e-16 8.3882e-23 1.76335e-07 6.74941e-06 0 2.17269e-33 0 5.1681e-33 0 1.36437e-32 0 2.54935e-32 0 4.07812e-32 0 5.95542e-32 0 8.18568e-32 0 1.07782e-31 0 1.37367e-31 0 1.70638e-31 0 2.07669e-31 0 2.48555e-31 0 2.93274e-31 0 3.41909e-31 0 3.94562e-31 0 4.51196e-31 0 5.11903e-31 0 5.76731e-31 0 6.45733e-31 0 7.19011e-31 0 7.96515e-31
3.52205 4.73999e-16 4.73999e-16 7.29863e-23 1.5398e-07 6.09455e-06 0 2.29183e-32 0 5.18865e-32 0 1.28027e-31 0 2.28774e-31 0 3.54484e-31 0 5.05442e-31 0 6.81929e-31 0 8.84461e-31 0 1.11329e-30 0 1.3686e-30 0 1.65083e-30 0 1.96049e-30 0 2.29756e-30 0 2.66249e-30 0 3.05583e-30 0 3.4775e-30 0 3.928e-30 0 4.40761e-30 0 4.91667e-30 0 5.4557e-30 0 6.02456e-30
3.70284 4.42469e-16 4.42469e-16 5.9376e-23 1.34192e-07 5.5023e-06 0 2.04888e-31 0 4.47852e-31 0 1.04785e-30 0 1.8013e-30 0 2.70977e-30 0 3.77466e-30 0 4.99737e-30 0 6.38036e-30 0 7.92494e-30 0 9.63229e-30 0 1.15045e-29 0 1.35438e-29 0 1.57508e-29 0 1.81274e-29 0 2.06763e-29 0 2.33975e-29 0 2.62934e-29 0 2.93656e-29 0 3.26156e-29 0 3.60459e-29 0 3.96564e-29
3.89291 4.33482e-16 4.33482e-16 4.8653e-23 1.12238e-07 4.96557e-06 0 1.73436e-30 0 3.69975e-30 0 8.31909e-30 0 1.38601e-29 0 2.03282e-29 0 2.77293e-29 0 3.60695e-29 0 4.53598e-29 0 5.56065e-29 0 6.68156e-29 0 7.89967e-29 0 9.21603e-29 0 1.0631e-28 0 1.21455e-28 0 1.37606e-28 0 1.54768e-28 0 1.72948e-28 0 1.92157e-28 0 2.12401e-28 0 2.33691e-28 0 2.5603e-28
4.09273 4.26404e-16 4.26404e-16 3.98957e-23 9.35632e-08 4.47879e-06 0 1.33006e-29 0 2.79007e-29 0 6.09502e-29 0 9.91251e-29 0 1.42433e-28 0 1.9089e-28 0 2.44519e-28 0 3.0336e-28 0 3.67439e-28 0 4.36782e-28 0 5.1143e-28 0 5.91422e-28 0 6.7678e-28 0 7.6754e-28 0 8.63753e-28 0 9.65433e-28 0 1.07262e-27 0 1.18536e-27 0 1.30368e-27 0 1.42762e-27 0 1.55721e-27
4.30281 4.21291e-16 4.21291e-16 3.27281e-23 7.76852e-08 4.03776e-06 0 9.2617e-29 0 1.92042e-28 0 4.10916e-28 0 6.56304e-28 0 9.28121e-28 0 1.22636e-27 0 1.55107e-27 0 1.90237e-27 0 2.28034e-27 0 2.68507e-27 0 3.1167e-27 0 3.57536e-27 0 4.06116e-27 0 4.57422e-27 0 5.11472e-27 0 5.68275e-27 0 6.27846e-27 0 6.90199e-27 0 7.5535e-27 0 8.23312e-27 0 8.94097e-27
4.52368 4.18293e-16 4.18293e-16 2.68767e-23 6.42533e-08 3.63864e-06 0 5.87643e-28 0 1.20864e-27 0 2.54798e-27 0 4.01545e-27 0 5.61002e-27 0 7.33123e-27 0 9.17888e-27 0 1.11532e-26 0 1.32542e-26 0 1.54823e-26 0 1.78377e-26 0 2.03207e-26 0 2.29319e-26 0 2.56713e-26 0 2.85399e-26 0 3.15377e-26 0 3.46653e-26 0 3.79232e-26 0 4.13119e-26 0 4.48319e-26 0 4.84837e-26
4.75588 4.16863e-16 4.16863e-16 2.2108e-23 5.30342e-08 3.27653e-06 0 3.40523e-27 0 6.9635e-27 0 1.45232e-26 0 2.26626e-26 0 3.1374e-26 0 4.06532e-26 0 5.04976e-26 0 6.09065e-26 0 7.18789e-26 0 8.3415e-26 0 9.5515e-26 0 1.08179e-25 0 1.21409e-25 0 1.35203e-25 0 1.49566e-25 0 1.64496e-25 0 1.79996e-25 0 1.96066e-25 0 2.12709e-25 0 2.29925e-25 0 2.47717e-25
5 4.15834e-16 4.15834e-16 1.82226e-23 4.38219e-08 2.94732e-06 0 1.80397e-26 0 3.6737e-26 0 7.60201e-26 0 1.17758e-25 0 1.61904e-25 0 2.08434e-25 0 2.57327e-25 0 3.08574e-25 0 3.62165e-25 0 4.18097e-25 0 4.76366e-25 0 5.36966e-25 0 5.99901e-25 0 6.65165e-25 0 7.32764e-25 0 8.02698e-25 0 8.74969e-25 0 9.49578e-25 0 1.02653e-24 0 1.10583e-24 0 1.18747e-24
5.25665 4.14196e-16 4.14196e-16 1.50365e-23 3.63029e-08 2.64813e-06 0 8.74957e-26 0 1.77635e-25 0 3.65445e-25 0 5.62981e-25 0 7.70012e-25 0 9.86397e-25 0 1.21203e-24 0 1.44685e-24 0 1.6908e-24 0 1.94383e-24 0 2.20593e-24 0 2.47705e-24 0 2.75718e-24 0 3.0463e-24 0 3.3444e-24 0 3.65149e-24 0 3.96754e-24 0 4.29257e-24 0 4.62657e-24 0 4.96953e-24 0 5.32148e-24
5.52648 4.12e-16 4.12e-16 1.24067e-23 3.01133e-08 2.37732e-06 0 3.90059e-25 0 7.90082e-25 0 1.61828e-24 0 2.48261e-24 0 3.38203e-24 0 4.31588e-24 0 5.28368e-24 0 6.28508e-24 0 7.3198e-24 0 8.38764e-24 0 9.48841e-24 0 1.06219e-23 0 1.17881e-23 0 1.29867e-23 0 1.42178e-23 0 1.54813e-23 0 1.67771e-23 0 1.81052e-23 0 1.94655e-23 0 2.0858e-23 0 2.22827e-23
5.81015 4.08963e-16 4.08963e-16 1.02251e-23 2.50026e-08 2.1304e-06 0 1.60318e-24 0 3.24159e-24 0 6.61713e-24 0 1.01186e-23 0 1.37419e-23 0 1.74841e-23 0 2.13432e-23 0 2.53178e-23 0 2.94066e-23 0 3.36087e-23 0 3.79231e-23 0 4.23491e-23 0 4.68862e-23 0 5.15337e-23 0 5.62912e-23 0 6.11584e-23 0 6.61348e-23 0 7.12203e-23 0 7.64146e-23 0 8.17172e-23 0 8.71282e-23
6.10839 4.05535e-16 4.05535e-16 8.41009e-24 2.07383e-08 1.90616e-06 0 6.10356e-24 0 1.23242e-23 0 2.50911e-23 0 3.82713e-23 0 5.18487e-23 0 6.58132e-23 0 8.01568e-23 0 9.48738e-23 0 1.09959e-22 0 1.25409e-22 0 1.41221e-22 0 1.5739e-22 0 1.73915e-22 0 1.90794e-22 0 2.08023e-22 0 2.25603e-22 0 2.43531e-22 1.4013e-45 2.61806e-22 1.4013e-45 2.80426e-22 4.2039e-45 2.9939e-22 9.80909e-45 3.18698e-22
6.42193 4.01629e-16 4.01629e-16 6.89197e-24 1.716e-08 1.70142e-06 0 2.15948e-23 0 4.35557e-23 0 8.84893e-23 0 1.347e-22 0 1.82132e-22 0 2.30751e-22 0 2.80528e-22 0 3.31443e-22 0 3.8348e-22 0 4.36624e-22 0 4.90863e-22 0 5.46184e-22 0 6.02582e-22 1.4013e-45 6.60043e-22 4.2039e-45 7.18564e-22 9.80909e-45 7.78138e-22 2.66247e-44 8.38758e-22 6.5861e-44 9.00419e-22 1.5134e-43 9.63117e-22 3.36312e-43 1.02685e-21 7.04853e-43 1.0916e-21
6.75157 3.98804e-16 3.98804e-16 5.60367e-24 1.40512e-08 1.51289e-06 0 7.15188e-23 0 1.44121e-22 0 2.92302e-22 0 4.44218e-22 0 5.99695e-22 0 7.58617e-22 0 9.20895e-22 0 1.08646e-21 0 1.25526e-21 0 1.42725e-21 1.4013e-45 1.60238e-21 7.00649e-45 1.78062e-21 2.52234e-44 1.96194e-21 8.40779e-44 2.14631e-21 2.49431e-43 2.3337e-21 6.78228e-43 2.5241e-21 1.70118e-42 2.71748e-21 4.03154e-42 2.91383e-21 8.86602e-42 3.11312e-21 1.88629e-41 3.31534e-21 3.81672e-41 3.52049e-21
7.09813 3.9237e-16 3.9237e-16 4.55329e-24 1.16046e-08 1.33537e-06 0 2.19816e-22 0 4.42635e-22 0 8.96472e-22 0 1.36056e-21 0 1.83437e-21 0 2.31756e-21 0 2.80987e-21 0 3.3111e-21 4.2039e-45 3.82107e-21 2.38221e-44 4.33966e-21 1.13505e-43 4.86673e-21 4.52619e-43 5.40216e-21 1.56525e-42 5.94588e-21 4.91716e-42 6.49778e-21 1.3863e-41 7.05779e-21 3.59713e-41 7.62586e-21 8.6341e-41 8.20191e-21 1.96094e-40 8.78588e-21 4.14995e-40 9.37773e-21 8.50972e-40 9.97739e-21 1.66364e-39 1.05848e-20
7.46248 3.87168e-16 3.87168e-16 3.60873e-24 9.32083e-09 1.16231e-06 0 6.36596e-22 0 1.2811e-21 0 2.59155e-21 0 3.92871e-21 0 5.29113e-21 0 6.67785e-21 4.2039e-45 8.08812e-21 3.78351e-44 9.52138e-21 2.64845e-43 1.09771e-20 1.45735e-42 1.2455e-20 6.48241e-42 1.39547e-20 2.42481e-41 1.54758e-20 7.89113e-41 1.70181e-20 2.34534e-40 1.85813e-20 6.28488e-40 2.01652e-20 1.55668e-39 2.17697e-20 3.58002e-39 2.33945e-20 7.8116e-39 2.50394e-20 1.59376e-38 2.67044e-20 3.15551e-38 2.83892e-20 5.97035e-38 3.00938e-20
7.84553 3.81754e-16 3.81754e-16 2.73153e-24 7.15521e-09 9.97436e-07 0 1.73588e-21 0 3.49147e-21 0 7.05588e-21 0 1.06863e-20 0 1.4379e-20 1.68156e-44 1.81313e-20 2.43826e-43 2.19414e-20 2.22947e-42 2.58078e-20 1.43983e-41 2.97291e-20 7.27904e-41 3.37044e-20 3.00881e-40 3.77328e-20 1.05527e-39 4.18133e-20 3.242e-39 4.59453e-20 9.1365e-39 5.0128e-20 2.3333e-38 5.4361e-20 5.52892e-38 5.86438e-20 1.22087e-37 6.29757e-20 2.56436e-37 6.73564e-20 5.05292e-37 7.17855e-20 9.67621e-37 7.62624e-20 1.77466e-36 8.07871e-20
8.24824 4.25531e-16 4.25531e-16 2.00971e-24 4.72281e-09 8.57233e-07 0 5.05622e-21 0 1.01652e-20 0 2.0525e-20 0 3.10602e-20 4.48416e-44 4.17602e-20 1.16308e-42 5.26179e-20 1.48608e-41 6.36278e-20 1.21657e-40 7.47858e-20 7.1735e-40 8.60883e-20 3.35052e-39 9.75325e-20 1.29224e-38 1.09116e-19 4.26291e-38 1.20835e-19 1.23981e-37 1.3269e-19 3.32165e-37 1.44677e-19 8.10333e-37 1.56795e-19 1.84094e-36 1.69042e-19 3.91085e-36 1.81418e-19 7.9222e-36 1.93921e-19 1.51017e-35 2.0655e-19 2.80165e-35 2.19303e-19 4.98841e-35 2.32179e-19
8.67162 5.16853e-16 5.16853e-16 1.74258e-24 3.37152e-09 7.46113e-07 0 1.52042e-20 0 3.05548e-20 0 6.16483e-20 5.04467e-44 9.32252e-20 3.23139e-42 1.25255e-19 7.08819e-41 1.57717e-19 7.99948e-40 1.90596e-19 5.90971e-39 2.2388e-19 3.19551e-38 2.57558e-19 1.38433e-37 2.91623e-19 4.99862e-37 3.26066e-19 1.55562e-36 3.6088e-19 4.29452e-36 3.9606e-19 1.09652e-35 4.31599e-19 2.56104e-35 4.67494e-19 5.58977e-35 5.03741e-19 1.14458e-34 5.40334e-19 2.24003e-34 5.77271e-19 4.13767e-34 6.14548e-19 7.44798e-34 6.52161e-19 1.2893e-33 6.90108e-19
9.11674 7.09435e-16 7.09435e-16 2.07285e-24 2.92184e-09 6.36584e-07 0 4.90747e-20 0 9.85873e-20 1.12104e-44 1.98782e-19 4.03714e-42 3.00412e-19 2.11169e-40 4.03385e-19 3.98428e-39 5.07637e-19 3.9947e-38 6.1312e-19 2.67661e-37 7.19796e-19 1.33282e-36 8.27633e-19 5.37509e-36 9.36607e-19 1.82293e-35 1.04669e-18 5.36724e-35 1.15787e-18 1.41004e-34 1.27011e-18 3.43919e-34 1.38342e-18 7.70672e-34 1.49776e-18 1.61918e-33 1.61313e-18 3.2015e-33 1.72951e-18 6.06349e-33 1.8469e-18 1.08696e-32 1.96528e-18 1.90122e-32 2.08463e-18 3.20414e-32 2.20497e-18
9.5847 8.64782e-16 8.64782e-16 2.87498e-24 3.32452e-09 5.69654e-07 0 1.33938e-19 0 2.68987e-19 8.28167e-43 5.42041e-19 2.32572e-40 8.18716e-19 1.00266e-38 1.09877e-18 1.63903e-37 1.38203e-18 1.4684e-36 1.66838e-18 8.96623e-36 1.95772e-18 4.12817e-35 2.24996e-18 1.55526e-34 2.54504e-18 4.96926e-34 2.8429e-18 1.38795e-33 3.14347e-18 3.47836e-33 3.44672e-18 8.12257e-33 3.75258e-18 1.74984e-32 4.06104e-18 3.54554e-32 4.37205e-18 6.78087e-32 4.68557e-18 1.24484e-31 5.00159e-18 2.16883e-31 5.32007e-18 3.69138e-31 5.64097e-18 6.0646e-31 5.96429e-18
10.0767 8.3707e-16 8.3707e-16 3.163e-24 3.77865e-09 5.40869e-07 0 2.77025e-19 1.4013e-45 5.56191e-19 4.08366e-41 1.1202e-18 8.70534e-39 1.69116e-18 3.12301e-37 2.26857e-18 4.45413e-36 2.85212e-18 3.5853e-35 3.44155e-18 2.00414e-34 4.03667e-18 8.56442e-34 4.63731e-18 3.02425e-33 5.24336e-18 9.13011e-33 5.85467e-18 2.42538e-32 6.47112e-18 5.81163e-32 7.09265e-18 1.30207e-31 7.71915e-18 2.70188e-31 8.35054e-18 5.28904e-31 8.98677e-18 9.8001e-31 9.62775e-18 1.74653e-30 1.02734e-17 2.96154e-30 1.09238e-17 4.91139e-30 1.15787e-17 7.87572e-30 1.22381e-17
10.5939 7.12676e-16 7.12676e-16 2.80762e-24 3.93955e-09 5.31938e-07 0 4.82032e-19 9.80909e-44 9.67543e-19 1.4436e-39 1.94777e-18 2.36853e-37 2.93921e-18 7.13436e-36 3.94109e-18 8.93701e-35 4.95284e-18 6.49728e-34 5.97407e-18 3.3392e-33 7.00444e-18 1.32928e-32 8.04368e-18 4.41352e-32 9.09157e-18 1.26245e-31 1.01479e-17 3.19743e-31 1.12125e-17 7.3416e-31 1.22852e-17 1.58133e-30 1.33658e-17 3.16647e-30 1.44543e-17 5.99851e-30 1.55505e-17 1.0785e-29 1.66543e-17 1.86858e-29 1.77655e-17 3.08786e-29 1.88842e-17 4.99595e-29 2.00102e-17 7.82872e-29 2.11435e-17
11.1377 5.95415e-16 5.95415e-16 2.35963e-24 3.96301e-09 5.4475e-07 0 7.88884e-19 4.45193e-42 1.58309e-18 4.12398e-38 3.18557e-18 5.27475e-36 4.80515e-18 1.34547e-34 6.44059e-18 1.48974e-33 8.09104e-18 9.83074e-33 9.75587e-18 4.66432e-32 1.14346e-17 1.73568e-31 1.31267e-17 5.4349e-31 1.48319e-17 1.47685e-30 1.65499e-17 3.57453e-30 1.82803e-17 7.88103e-30 2.0023e-17 1.6351e-29 2.17777e-17 3.16501e-29 2.35441e-17 5.8116e-29 2.53223e-17 1.01539e-28 2.71118e-17 1.71266e-28 2.89126e-17 2.76163e-28 3.07246e-17 4.3644e-28 3.25475e-17 6.69072e-28 3.43814e-17
11.7094 4.78155e-16 4.78155e-16 1.84508e-24 3.85875e-09 5.48078e-07 8.40779e-45 1.19187e-18 1.58773e-40 2.39128e-18 9.41476e-37 4.80994e-18 9.50228e-35 7.25272e-18 2.06929e-33 9.71782e-18 2.03739e-32 1.2204e-17 1.22614e-31 1.47104e-17 5.3917e-31 1.72362e-17 1.88167e-30 1.97809e-17 5.57267e-30 2.23439e-17 1.44215e-29 2.49247e-17 3.34311e-29 2.7523e-17 7.0917e-29 3.01384e-17 1.41983e-28 3.27705e-17 2.66111e-28 3.54191e-17 4.74349e-28 3.8084e-17 8.06498e-28 4.07647e-17 1.32604e-27 4.34612e-17 2.08891e-27 4.61733e-17 3.22831e-27 4.89006e-17 4.8469e-27 5.1643e-17
12.3105 3.84105e-16 3.84105e-16 1.37485e-24 3.57936e-09 5.4503e-07 4.11982e-43 1.73328e-18 4.6487e-39 3.47685e-18 1.80364e-35 6.991e-18 1.4532e-33 1.05379e-17 2.72264e-32 1.41151e-17 2.39745e-31 1.7721e-17 1.32178e-30 2.13541e-17 5.40682e-30 2.50136e-17 1.77524e-29 2.86985e-17 4.98604e-29 3.24081e-17 1.2318e-28 3.6142e-17 2.74065e-28 3.98992e-17 5.60412e-28 4.36796e-17 1.08461e-27 4.74825e-17 1.97142e-27 5.13076e-17 3.41632e-27 5.51546e-17 5.6599e-27 5.9023e-17 9.0828e-27 6.29125e-17 1.39942e-26 6.6823e-17 2.11724e-26 7.07539e-17 3.11633e-26 7.47052e-17
12.9424 3.4926e-16 3.4926e-16 9.9981e-25 2.86266e-09 5.21324e-07 1.78287e-41 2.75053e-18 1.27689e-37 5.51639e-18 3.3094e-34 1.10883e-17 2.15207e-32 1.67089e-17 3.49451e-31 2.23744e-17 2.76705e-30 2.80823e-17 1.40355e-29 3.38307e-17 5.35972e-29 3.96179e-17 1.66054e-28 4.54428e-17 4.43455e-28 5.13042e-17 1.04823e-27 5.72013e-17 2.24292e-27 6.3133e-17 4.42894e-27 6.90987e-17 8.29975e-27 7.50977e-17 1.46521e-26 8.11293e-17 2.47184e-26 8.71931e-17 3.99546e-26 9.32884e-17 6.2654e-26 9.94149e-17 9.4517e-26 1.05572e-16 1.40137e-25 1.11759e-16 2.02409e-25 1.17977e-16
13.6067 3.38993e-16 3.38993e-16 7.77391e-25 2.29324e-09 4.74189e-07 6.74416e-40 4.49945e-18 3.13142e-36 9.02247e-18 5.52934e-33 1.81302e-17 2.93263e-31 2.73126e-17 4.15608e-30 3.65637e-17 2.97468e-29 4.58797e-17 1.39386e-28 5.52575e-17 4.98566e-28 6.46947e-17 1.46168e-27 7.41893e-17 3.72069e-27 8.37397e-17 8.43318e-27 9.33444e-17 1.73867e-26 1.03002e-16 3.32106e-26 1.12711e-16 6.03566e-26 1.22471e-16 1.03635e-25 1.32281e-16 1.70428e-25 1.42139e-16 2.69094e-25 1.52045e-16 4.12806e-25 1.61999e-16 6.10365e-25 1.71999e-16 8.87734e-25 1.82045e-16 1.2594e-24 1.92137e-16
14.3051 3.37228e-16 3.37228e-16 6.09905e-25 1.80858e-09 4.06601e-07 2.15999e-38 7.29751e-18 6.64105e-35 1.4631e-17 8.1403e-32 2.93919e-17 3.5565e-30 4.42664e-17 4.42826e-29 5.92455e-17 2.8791e-28 7.43231e-17 1.25108e-27 8.94944e-17 4.20498e-27 1.04756e-16 1.16973e-26 1.20104e-16 2.84477e-26 1.35537e-16 6.19532e-26 1.51052e-16 1.23296e-25 1.66647e-16 2.28184e-25 1.8232e-16 4.02778e-25 1.9807e-16 6.73575e-25 2.13894e-16 1.08111e-24 2.29793e-16 1.66936e-24 2.45764e-16 2.50795e-24 2.61806e-16 3.63805e-24 2.77919e-16 5.1954e-24 2.94101e-16 7.24575e-24 3.10351e-16
15.0394 3.53704e-16 3.53704e-16 4.92202e-25 1.39156e-09 3.4398e-07 6.08182e-37 1.20907e-17 1.26337e-33 2.42375e-17 1.09433e-30 4.86776e-17 3.97594e-29 7.32944e-17 4.37701e-28 9.80737e-17 2.5972e-27 1.23006e-16 1.05047e-26 1.48084e-16 3.3278e-26 1.73301e-16 8.80614e-26 1.98654e-16 2.0507e-25 2.24137e-16 4.29948e-25 2.49747e-16 8.27384e-25 2.75481e-16 1.48591e-24 3.01337e-16 2.55108e-24 3.2731e-16 4.16046e-24 3.534e-16 6.52519e-24 3.79604e-16 9.86416e-24 4.05919e-16 1.45277e-23 4.32345e-16 2.06948e-23 4.58879e-16 2.90439e-23 4.8552e-16 3.98535e-23 5.12266e-16
15.8114 3.8865e-16 3.8865e-16 4.29161e-25 1.10424e-09 2.95298e-07 1.50921e-35 2.03646e-17 2.15911e-32 4.08183e-17 1.3442e-29 8.19578e-17 4.09804e-28 1.23377e-16 4.01284e-27 1.65054e-16 2.18285e-26 2.06972e-16 8.24652e-26 2.49121e-16 2.46942e-25 2.9149e-16 6.23144e-25 3.34071e-16 1.39246e-24 3.76859e-16 2.81577e-24 4.19848e-16 5.24818e-24 4.63032e-16 9.15963e-24 5.06406e-16 1.53161e-23 5.49967e-16 2.43891e-23 5.9371e-16 3.742e-23 6.37633e-16 5.54382e-23 6.81731e-16 8.01195e-23 7.26003e-16 1.12176e-22 7.70446e-16 1.54848e-22 8.15056e-16 2.09223e-22 8.59832e-16
16.623 4.27501e-16 4.27501e-16 4.0675e-25 9.5146e-10 2.55173e-07 3.18069e-34 3.33693e-17 3.19139e-31 6.68763e-17 1.45126e-28 1.34249e-16 3.74454e-27 2.02053e-16 3.28016e-26 2.70254e-16 1.64268e-25 3.38827e-16 5.81591e-25 4.07753e-16 1.65077e-24 4.77019e-16 3.98155e-24 5.46612e-16 8.55453e-24 6.16522e-16 1.6714e-23 6.86741e-16 3.02197e-23 7.57258e-16 5.13275e-23 8.28069e-16 8.3699e-23 8.99165e-16 1.30287e-22 9.70541e-16 1.95765e-22 1.04219e-15 2.84514e-22 1.11411e-15 4.03854e-22 1.1863e-15 5.56224e-22 1.25875e-15 7.55825e-22 1.33145e-15 1.00633e-21 1.40441e-15
17.4762 4.5045e-16 4.5045e-16 3.98914e-25 8.8559e-10 2.2316e-07 5.49167e-33 5.09739e-17 3.93206e-30 1.02146e-16 1.32624e-27 2.05008e-16 2.9198e-26 3.08491e-16 2.30056e-25 4.12544e-16 1.06495e-24 5.17132e-16 3.54477e-24 6.22228e-16 9.5617e-24 7.27812e-16 2.20919e-23 8.33864e-16 4.57257e-23 9.40372e-16 8.64656e-23 1.04732e-15 1.51878e-22 1.1547e-15 2.51375e-22 1.2625e-15 4.00243e-22 1.37071e-15 6.09708e-22 1.47931e-15 8.98091e-22 1.58832e-15 1.28163e-21 1.6977e-15 1.78837e-21 1.80747e-15 2.4249e-21 1.91762e-15 3.24611e-21 2.02812e-15 4.26201e-21 2.139e-15
18.3733 4.4885e-16 4.4885e-16 3.83863e-25 8.55216e-10 1.9852e-07 7.72746e-32 7.17597e-17 4.01387e-29 1.43784e-16 1.01892e-26 2.88518e-16 1.9289e-25 4.34078e-16 1.37411e-24 5.80395e-16 5.90237e-24 7.27422e-16 1.85261e-23 8.75122e-16 4.76092e-23 1.02347e-15 1.05592e-22 1.17243e-15 2.10928e-22 1.322e-15 3.86641e-22 1.47216e-15 6.60714e-22 1.62288e-15 1.06698e-21 1.77416e-15 1.66072e-21 1.92597e-15 2.47839e-21 2.07832e-15 3.58225e-21 2.23119e-15 5.0241e-21 2.38457e-15 6.89743e-21 2.53845e-15 9.21441e-21 2.69282e-15 1.21605e-20 2.84768e-15 1.57554e-20 3.00302e-15
19.3164 4.229e-16 4.229e-16 3.5335e-25 8.35539e-10 1.82634e-07 8.92477e-31 9.32065e-17 3.41618e-28 1.86738e-16 6.61782e-26 3.74644e-16 1.08525e-24 5.63563e-16 7.02438e-24 7.5341e-16 2.81001e-23 9.44126e-16 8.34087e-23 1.13567e-15 2.04694e-22 1.328e-15 4.36672e-22 1.52109e-15 8.43308e-22 1.71492e-15 1.50076e-21 1.90947e-15 2.49836e-21 2.10471e-15 3.94127e-21 2.30062e-15 6.00336e-21 2.4972e-15 8.78574e-21 2.69443e-15 1.24725e-20 2.89229e-15 1.72061e-20 3.09077e-15 2.32591e-20 3.28987e-15 3.0636e-20 3.48957e-15 3.98873e-20 3.68986e-15 5.10294e-20 3.89073e-15
20.3079 3.85558e-16 3.85558e-16 3.07743e-25 7.98176e-10 1.73137e-07 8.71812e-30 1.14451e-16 2.49607e-27 2.2928e-16 3.73906e-25 4.59918e-16 5.34891e-24 6.91733e-16 3.16041e-23 9.24625e-16 1.18153e-22 1.15853e-15 3.32568e-22 1.39339e-15 7.81156e-22 1.62916e-15 1.60591e-21 1.86582e-15 3.00329e-21 2.10333e-15 5.19638e-21 2.34167e-15 8.43796e-21 2.58081e-15 1.30183e-20 2.82074e-15 1.94262e-20 3.06143e-15 2.7906e-20 3.30287e-15 3.89442e-20 3.54505e-15 5.28872e-20 3.78795e-15 7.04479e-20 4.03155e-15 9.15517e-20 4.27585e-15 1.17672e-19 4.52084e-15 1.48743e-19 4.7665e-15
21.3503 3.55086e-16 3.55086e-16 2.65326e-25 7.47215e-10 1.64071e-07 7.56917e-29 1.38866e-16 1.6441e-26 2.78168e-16 1.92849e-24 5.57899e-16 2.42273e-23 8.38984e-16 1.31255e-22 1.12131e-15 4.60104e-22 1.40479e-15 1.23125e-21 1.68937e-15 2.77395e-21 1.97501e-15 5.50557e-21 2.26165e-15 9.98627e-21 2.54928e-15 1.68221e-20 2.83786e-15 2.66771e-20 3.12735e-15 4.02958e-20 3.41775e-15 5.89668e-20 3.70902e-15 8.32216e-20 4.00115e-15 1.14265e-19 4.29412e-15 1.52874e-19 4.58792e-15 2.00804e-19 4.88253e-15 2.5764e-19 5.17793e-15 3.27114e-19 5.47411e-15 4.08783e-19 5.77107e-15
22.4463 3.23514e-16 3.23514e-16 2.29137e-25 7.08273e-10 1.55358e-07 5.75585e-28 1.63232e-16 9.61379e-26 3.2695e-16 8.93618e-24 6.55648e-16 9.92149e-23 9.85858e-16 4.94949e-22 1.31745e-15 1.63194e-21 1.65033e-15 4.16221e-21 1.98444e-15 9.01264e-21 2.31973e-15 1.7299e-20 2.65614e-15 3.04787e-20 2.99364e-15 5.00514e-20 3.3322e-15 7.76062e-20 3.67178e-15 1.14887e-19 4.01236e-15 1.65024e-19 4.35392e-15 2.29018e-19 4.69643e-15 3.09618e-19 5.03988e-15 4.08388e-19 5.38425e-15 5.29332e-19 5.72951e-15 6.70943e-19 6.07566e-15 8.41993e-19 6.42268e-15 1.04082e-18 6.77056e-15
23.5984 2.8784e-16 2.8784e-16 1.93673e-25 6.72851e-10 1.4689e-07 3.80687e-27 1.83699e-16 4.95254e-25 3.6792e-16 3.68967e-23 7.37713e-16 3.64226e-22 1.10913e-15 1.67987e-21 1.48202e-15 5.22543e-21 1.8563e-15 1.27318e-20 2.23189e-15 2.65482e-20 2.60873e-15 4.93603e-20 2.98678e-15 8.45948e-20 3.36599e-15 1.35596e-19 3.74633e-15 2.05791e-19 4.12777e-15 2.98871e-19 4.51028e-15 4.21774e-19 4.89383e-15 5.76042e-19 5.27839e-15 7.67391e-19 5.66396e-15 9.98602e-19 6.0505e-15 1.27805e-18 6.438e-15 1.60132e-18 6.82645e-15 1.9874e-18 7.21582e-15 2.43141e-18 7.60611e-15
24.8097 2.55533e-16 2.55533e-16 1.61188e-25 6.3079e-10 1.38169e-07 2.25021e-26 2.02444e-16 2.30811e-24 4.05439e-16 1.39319e-22 8.12851e-16 1.22982e-21 1.22197e-15 5.26421e-21 1.63264e-15 1.54923e-20 2.04477e-15 3.6141e-20 2.45828e-15 7.2705e-20 2.8731e-15 1.31147e-19 3.28918e-15 2.18927e-19 3.70649e-15 3.42924e-19 4.12499e-15 5.09955e-19 4.54463e-15 7.27239e-19 4.9654e-15 1.00918e-18 5.38725e-15 1.35748e-18 5.81018e-15 1.78326e-18 6.23415e-15 2.2909e-18 6.65914e-15 2.89688e-18 7.08514e-15 3.58987e-18 7.51213e-15 4.40866e-18 7.94008e-15 5.34077e-18 8.36899e-15
26.0832 2.27503e-16 2.27503e-16 1.33481e-25 5.86723e-10 1.31095e-07 1.2012e-25 2.19815e-16 9.82796e-24 4.40203e-16 4.85593e-22 8.82461e-16 3.85413e-21 1.32649e-15 1.53669e-20 1.77214e-15 4.29023e-20 2.2193e-15 9.60291e-20 2.66789e-15 1.867e-19 3.11784e-15 3.27212e-19 3.56911e-15 5.3273e-19 4.02165e-15 8.16375e-19 4.47541e-15 1.19072e-18 4.93037e-15 1.66889e-18 5.38648e-15 2.27915e-18 5.84373e-15 3.0217e-18 6.30208e-15 3.91695e-18 6.76152e-15 4.97082e-18 7.22201e-15 6.21405e-18 7.68355e-15 7.62037e-18 8.1461e-15 9.26504e-18 8.60966e-15 1.11193e-17 9.0742e-15
27.4221 2.02842e-16 2.02842e-16 1.10329e-25 5.43916e-10 1.23704e-07 5.81241e-25 2.3506e-16 3.83539e-23 4.7071e-16 1.56646e-21 9.43533e-16 1.1237e-20 1.41818e-15 4.18776e-20 1.89448e-15 1.11201e-19 2.37234e-15 2.39301e-19 2.85167e-15 4.50391e-19 3.33239e-15 7.68027e-19 3.81446e-15 1.22101e-18 4.29783e-15 1.83253e-18 4.78246e-15 2.62402e-18 5.26831e-15 3.61766e-18 5.75535e-15 4.86591e-18 6.24354e-15 6.36301e-18 6.73286e-15 8.14435e-18 7.22329e-15 1.02161e-17 7.71481e-15 1.26327e-17 8.20739e-15 1.53381e-17 8.70101e-15 1.84714e-17 9.19565e-15 2.19716e-17 9.6913e-15
28.8297 1.80879e-16 1.80879e-16 9.09095e-26 5.026e-10 1.16747e-07 2.55848e-24 2.47463e-16 1.37595e-22 4.95527e-16 4.6887e-21 9.93204e-16 3.05493e-20 1.49273e-15 1.06767e-19 1.99394e-15 2.70307e-19 2.49673e-15 5.60329e-19 3.001e-15 1.02254e-18 3.5067e-15 1.69883e-18 4.01375e-15 2.64035e-18 4.52212e-15 3.88493e-18 5.03177e-15 5.46623e-18 5.54264e-15 7.41889e-18 6.05472e-15 9.83537e-18 6.56797e-15 1.26941e-17 7.08236e-15 1.60532e-17 7.59787e-15 1.99151e-17 8.11447e-15 2.43722e-17 8.63215e-15 2.93127e-17 9.15087e-15 3.49817e-17 9.67063e-15 4.12595e-17 1.01914e-14
30.3095 1.61445e-16 1.61445e-16 7.47987e-26 4.63309e-10 1.08864e-07 1.03004e-23 2.56924e-16 4.56013e-22 5.14453e-16 1.308e-20 1.03107e-15 7.77707e-20 1.54955e-15 2.55694e-19 2.06972e-15 6.18645e-19 2.59147e-15 1.23757e-18 3.11472e-15 2.19307e-18 3.63939e-15 3.55434e-18 4.16542e-15 5.40655e-18 4.69278e-15 7.80645e-18 5.22141e-15 1.08023e-17 5.75127e-15 1.44442e-17 6.28233e-15 1.88871e-17 6.81457e-15 2.40749e-17 7.34794e-15 3.00987e-17 7.88243e-15 3.69486e-17 8.41802e-15 4.47741e-17 8.95467e-15 5.33671e-17 9.49238e-15 6.31409e-17 1.00311e-14 7.38744e-17 1.05709e-14
31.8653 1.44112e-16 1.44112e-16 6.14392e-26 4.2633e-10 1.0232e-07 3.80641e-23 2.63074e-16 1.40046e-21 5.26751e-16 3.40982e-20 1.05566e-15 1.85841e-19 1.58643e-15 5.76511e-19 2.11888e-15 1.33596e-18 2.6529e-15 2.58358e-18 3.18841e-15 4.45217e-18 3.72533e-15 7.04755e-18 4.2636e-15 1.05028e-17 4.80319e-15 1.48953e-17 5.34403e-15 2.02874e-17 5.8861e-15 2.67449e-17 6.42936e-15 3.45165e-17 6.97377e-15 4.34792e-17 7.51932e-15 5.37686e-17 8.06597e-15 6.53479e-17 8.61369e-15 7.8449e-17 9.16248e-15 9.27068e-17 9.71231e-15 1.08788e-16 1.02631e-14 1.2631e-16 1.0815e-14
33.5009 1.28703e-16 1.28703e-16 5.04296e-26 3.91828e-10 9.62642e-08 1.29706e-22 2.65994e-16 4.00192e-21 5.32586e-16 8.33753e-20 1.06731e-15 4.18304e-19 1.60386e-15 1.22787e-18 2.14209e-15 2.73099e-18 2.68186e-15 5.11403e-18 3.22309e-15 8.5817e-18 3.76571e-15 1.32832e-17 4.30967e-15 1.94138e-17 4.85491e-15 2.70673e-17 5.40139e-15 3.63137e-17 5.94907e-15 4.72308e-17 6.49792e-15 6.02008e-17 7.0479e-15 7.49828e-17 7.59899e-15 9.17709e-17 8.15116e-15 1.10477e-16 8.70439e-15 1.31448e-16 9.25865e-15 1.54077e-16 9.81392e-15 1.79397e-16 1.03702e-14 2.06778e-16 1.09274e-14
35.2205 1.14985e-16 1.14985e-16 4.13545e-26 3.59651e-10 8.97353e-08 4.09135e-22 2.6576e-16 1.06773e-20 5.3211e-16 1.91797e-19 1.06632e-15 8.89401e-19 1.60233e-15 2.477e-18 2.13997e-15 5.29837e-18 2.67912e-15 9.6224e-18 3.21971e-15 1.57441e-17 3.76165e-15 2.38552e-17 4.30489e-15 3.4225e-17 4.84938e-15 4.69496e-17 5.39509e-15 6.20907e-17 5.94195e-15 7.97275e-17 6.48996e-15 1.00425e-16 7.03906e-15 1.2375e-16 7.58924e-15 1.49969e-16 8.14046e-15 1.78911e-16 8.69271e-15 2.11073e-16 9.24597e-15 2.45498e-16 9.8002e-15 2.83727e-16 1.03554e-14 3.2477e-16 1.09115e-14
37.0284 1.02822e-16 1.02822e-16 3.38872e-26 3.2957e-10 8.3354e-08 1.19981e-21 2.62728e-16 2.67018e-20 5.26033e-16 4.16561e-19 1.05412e-15 1.79228e-18 1.58396e-15 4.74805e-18 2.11538e-15 9.7861e-18 2.64828e-15 1.72623e-17 3.18256e-15 2.75735e-17 3.71816e-15 4.09398e-17 4.25502e-15 5.77103e-17 4.79309e-15 7.79541e-17 5.33232e-15 1.01697e-16 5.87268e-15 1.28999e-16 6.41413e-15 1.60666e-16 6.95665e-15 1.95975e-16 7.5002e-15 2.3528e-16 8.04475e-15 2.78276e-16 8.59029e-15 3.25662e-16 9.1368e-15 3.75992e-16 9.68424e-15 4.31482e-16 1.02326e-14 4.90652e-16 1.07819e-14
38.9291 9.19655e-17 9.19655e-17 2.77516e-26 3.01761e-10 7.94216e-08 3.28063e-21 2.57005e-16 6.2748e-20 5.14571e-16 8.5602e-19 1.03113e-15 3.4298e-18 1.54939e-15 8.66407e-18 2.06919e-15 1.72377e-17 2.5904e-15 2.95757e-17 3.11295e-15 4.6174e-17 3.63676e-15 6.72467e-17 4.16178e-15 9.32177e-17 4.68796e-15 1.24082e-16 5.21526e-15 1.59786e-16 5.74363e-15 2.00344e-16 6.27306e-15 2.46865e-16 6.80349e-15 2.9821e-16 7.33491e-15 3.54838e-16 7.86729e-15 4.16259e-16 8.4006e-15 4.83415e-16 8.93483e-15 5.54223e-16 9.46996e-15 6.31757e-16 1.0006e-14 7.13898e-16 1.05428e-14
40.9273 8.22952e-17 8.22952e-17 2.27256e-26 2.76147e-10 7.29203e-08 8.39485e-21 2.49013e-16 1.39021e-19 4.98568e-16 1.66938e-18 9.9906e-16 6.25044e-18 1.50118e-15 1.50909e-17 2.00478e-15 2.90326e-17 2.50973e-15 4.85169e-17 3.01596e-15 7.41157e-17 3.5234e-15 1.05977e-16 4.03199e-15 1.44582e-16 4.54168e-15 1.89784e-16 5.05244e-15 2.41395e-16 5.56421e-15 2.99343e-16 6.07697e-15 3.65111e-16 6.5907e-15 4.37e-16 7.10535e-15 5.15589e-16 7.62091e-15 6.00138e-16 8.13735e-15 6.91889e-16 8.65465e-15 7.87957e-16 9.1728e-15 8.92466e-16 9.69176e-15 1.0025e-15 1.02115e-14
43.0281 7.36785e-17 7.36785e-17 1.85962e-26 2.52397e-10 6.90733e-08 2.01697e-20 2.39135e-16 2.91239e-19 4.78792e-16 3.09756e-18 9.5943e-16 1.08738e-17 1.44163e-15 2.51474e-17 1.92523e-15 4.68588e-17 2.41012e-15 7.63678e-17 2.89623e-15 1.14273e-16 3.38347e-15 1.60569e-16 3.8718e-15 2.15764e-16 4.36118e-15 2.79483e-16 4.85155e-15 3.51336e-16 5.34288e-15 4.31124e-16 5.83514e-15 5.20771e-16 6.3283e-15 6.17863e-16 6.82233e-15 7.23115e-16 7.31721e-15 8.35479e-16 7.8129e-15 9.56542e-16 8.3094e-15 1.08246e-15 8.80669e-15 1.2186e-15 9.30473e-15 1.3611e-15 9.80352e-15
45.2368 6.60078e-17 6.60078e-17 1.52155e-26 2.3051e-10 6.20492e-08 4.56496e-20 2.27798e-16 5.78592e-19 4.56097e-16 5.48291e-18 9.13955e-16 1.81028e-17 1.37329e-15 4.01866e-17 1.83396e-15 7.26411e-17 2.29585e-15 1.15597e-16 2.75887e-15 1.69602e-16 3.22297e-15 2.3439e-16 3.68808e-15 3.10449e-16 4.15417e-15 3.97083e-16 4.62119e-15 4.93624e-16 5.0891e-15 5.99703e-16 5.55788e-15 7.17753e-16 6.02749e-15 8.44492e-16 6.4979e-15 9.80789e-16 6.96909e-15 1.12523e-15 7.44105e-15 1.2798e-15 7.91374e-15 1.43955e-15 8.38715e-15 1.61125e-15 8.86126e-15 1.78998e-15 9.33606e-15
47.5588 5.9197e-17 5.9197e-17 1.24484e-26 2.10288e-10 5.86374e-08 9.76488e-20 2.15458e-16 1.09333e-18 4.31391e-16 9.28341e-18 8.64453e-16 2.89145e-17 1.29891e-15 6.17364e-17 1.73462e-15 1.08415e-16 2.17146e-15 1.68656e-16 2.60937e-15 2.42862e-16 3.04828e-15 3.30375e-16 3.48813e-15 4.31618e-16 3.92888e-15 5.45471e-16 4.3705e-15 6.70922e-16 4.81293e-15 8.07392e-16 5.25615e-15 9.57885e-16 5.70014e-15 1.11811e-15 6.14487e-15 1.28912e-15 6.59031e-15 1.46908e-15 7.03644e-15 1.66041e-15 7.48325e-15 1.85699e-15 7.9307e-15 2.06708e-15 8.37879e-15 2.2846e-15 8.8275e-15
50 5.30667e-17 5.30667e-17 1.01803e-26 1.91839e-10 5.58151e-08 1.97685e-19 2.02153e-16 1.96715e-18 4.04756e-16 1.50466e-17 8.11085e-16 4.4336e-17 1.21872e-15 9.12218e-17 1.62751e-15 1.5585e-16 2.03737e-15 2.37273e-16 2.4482e-15 3.35642e-16 2.85995e-15 4.49777e-16 3.27256e-15 5.79992e-16 3.686e-15 7.24653e-16 4.10022e-15 8.82352e-16 4.51519e-15 1.05227e-15 4.93088e-15 1.23804e-15 5.34725e-15 1.43425e-15 5.76429e-15 1.64216e-15 6.18198e-15 1.85951e-15 6.60028e-15 2.08917e-15 7.01918e-15 2.32377e-15 7.43867e-15 2.57317e-15 7.85871e-15 2.83009e-15 8.27931e-15
52.5665 4.76106e-17 4.76106e-17 8.32623e-27 1.74882e-10 4.99411e-08 3.80244e-19 1.88482e-16 3.38226e-18 3.77386e-16 2.34243e-17 7.56241e-16 6.54741e-17 1.13631e-15 1.30051e-16 1.51744e-15 2.16454e-16 1.89954e-15 3.22845e-16 2.28254e-15 4.49022e-16 2.66637e-15 5.93175e-16 3.05099e-15 7.55469e-16 3.43634e-15 9.33691e-16 3.82241e-15 1.126e-15 4.20914e-15 1.33135e-15 4.59651e-15 1.554e-15 4.98449e-15 1.78741e-15 5.37307e-15 2.03303e-15 5.76221e-15 2.28818e-15 6.1519e-15 2.55621e-15 6.54211e-15 2.82853e-15 6.93284e-15 3.11655e-15 7.32406e-15 3.41184e-15 7.71575e-15
55.2648 4.27441e-17 4.27441e-17 6.80841e-27 1.59283e-10 4.78232e-08 6.96566e-19 1.74687e-16 5.56885e-18 3.49768e-16 3.50906e-17 7.00895e-16 9.32822e-17 1.05313e-15 1.79181e-16 1.40634e-15 2.90898e-16 1.76043e-15 4.25494e-16 2.11533e-15 5.82333e-16 2.47097e-15 7.58898e-16 2.82731e-15 9.55189e-16 3.18431e-15 1.16838e-15 3.54194e-15 1.39621e-15 3.90015e-15 1.63739e-15 4.25892e-15 1.89684e-15 4.61824e-15 2.1669e-15 4.97806e-15 2.44923e-15 5.33837e-15 2.74075e-15 5.69916e-15 3.04527e-15 6.0604e-15 3.35309e-15 6.42207e-15 3.67708e-15 6.78417e-15 4.00773e-15 7.14666e-15
58.1015 3.83781e-17 3.83781e-17 5.56803e-27 1.45084e-10 4.42922e-08 1.2175e-18 1.60909e-16 8.79412e-18 3.2218e-16 5.06508e-17 6.45606e-16 1.2837e-16 9.70037e-16 2.38844e-16 1.29534e-15 3.78695e-16 1.62144e-15 5.43725e-16 1.94824e-15 7.32832e-16 2.27571e-15 9.42762e-16 2.60379e-15 1.17336e-15 2.93244e-15 1.4212e-15 3.26163e-15 1.68362e-15 3.59133e-15 1.95915e-15 3.92151e-15 2.25335e-15 4.25215e-15 2.55749e-15 4.58322e-15 2.87348e-15 4.91471e-15 3.1979e-15 5.24659e-15 3.535e-15 5.57885e-15 3.87406e-15 5.91147e-15 4.22931e-15 6.24444e-15 4.5903e-15 6.57774e-15
61.0839 3.4489e-17 3.4489e-17 4.55294e-27 1.32011e-10 4.2589e-08 2.03672e-18 1.47485e-16 1.33576e-17 2.953e-16 7.06314e-17 5.91729e-16 1.71063e-16 8.89058e-16 3.08776e-16 1.18716e-15 4.78681e-16 1.48596e-15 6.75253e-16 1.78537e-15 8.96941e-16 2.08536e-15 1.13978e-15 2.38587e-15 1.40349e-15 2.68687e-15 1.68412e-15 2.98833e-15 1.97866e-15 3.29021e-15 2.2855e-15 3.5925e-15 2.61082e-15 3.89516e-15 2.94496e-15 4.19818e-15 3.29006e-15 4.50153e-15 3.64245e-15 4.80521e-15 4.00677e-15 5.10919e-15 4.3715e-15 5.41346e-15 4.75198e-15 5.71801e-15 5.137e-15 6.02281e-15
64.2193 3.10014e-17 3.10014e-17 3.72289e-27 1.20088e-10 3.91985e-08 3.266e-18 1.34469e-16 1.95405e-17 2.69237e-16 9.52558e-17 5.39485e-16 2.20951e-16 8.10524e-16 3.8749e-16 1.08224e-15 5.87986e-16 1.35455e-15 8.15631e-16 1.62739e-15 1.06849e-15 1.9007e-15 1.34199e-15 2.17446e-15 1.63579e-15 2.44862e-15 1.94548e-15 2.72316e-15 2.26782e-15 2.99803e-15 2.60114e-15 3.27323e-15 2.95216e-15 3.54874e-15 3.31047e-15 3.82452e-15 3.67847e-15 4.10056e-15 4.0523e-15 4.37685e-15 4.43693e-15 4.65338e-15 4.82029e-15 4.93012e-15 5.21855e-15 5.20706e-15 5.61998e-15 5.4842e-15
67.5157 2.7886e-17 2.7886e-17 3.04396e-27 1.09157e-10 3.10658e-08 5.03297e-18 1.22051e-16 2.75938e-17 2.44368e-16 1.24503e-16 4.89626e-16 2.77169e-16 7.35569e-16 4.72932e-16 9.82087e-16 7.03178e-16 1.2291e-15 9.59964e-16 1.47656e-15 1.24111e-15 1.7244e-15 1.54155e-15 1.9726e-15 1.86097e-15 2.22112e-15 2.19465e-15 2.46993e-15 2.53921e-15 2.71901e-15 2.89299e-15 2.96834e-15 3.26318e-15 3.21788e-15 3.63886e-15 3.46764e-15 4.02263e-15 3.71758e-15 4.41057e-15 3.9677e-15 4.8079e-15 4.21798e-15 5.20225e-15 4.46841e-15 5.61031e-15 4.71898e-15 6.0201e-15 4.96967e-15
70.9813 2.50904e-17 2.50904e-17 2.48921e-27 9.92097e-11 3.04747e-08 7.46494e-18 1.10263e-16 3.76646e-17 2.20759e-16 1.5789e-16 4.42289e-16 3.38027e-16 6.64398e-16 5.61926e-16 8.86983e-16 8.19478e-16 1.10997e-15 1.10187e-15 1.33331e-15 1.40683e-15 1.55695e-15 1.729e-15 1.78087e-15 2.06818e-15 2.00502e-15 2.41946e-15 2.22939e-15 2.77948e-15 2.45395e-15 3.14667e-15 2.67867e-15 3.52854e-15 2.90356e-15 3.91392e-15 3.12857e-15 4.30561e-15 3.35371e-15 4.6997e-15 3.57895e-15 5.10159e-15 3.8043e-15 5.49887e-15 4.02972e-15 5.90842e-15 4.25522e-15 6.31825e-15 4.48078e-15
74.6248 2.25911e-17 2.25911e-17 2.03542e-27 9.00984e-11 3.21621e-08 1.06815e-17 9.92166e-17 4.97991e-17 1.98634e-16 1.94651e-16 3.97922e-16 4.01527e-16 5.97685e-16 6.51133e-16 7.97829e-16 9.32249e-16 9.98285e-16 1.23552e-15 1.199e-15 1.55878e-15 1.39995e-15 1.89658e-15 1.60108e-15 2.2489e-15 1.80238e-15 2.61084e-15 2.00381e-15 2.97912e-15 2.20537e-15 3.35235e-15 2.40702e-15 3.73826e-15 2.60876e-15 4.12566e-15 2.81057e-15 4.5175e-15 3.01243e-15 4.91e-15 3.21434e-15 5.30862e-15 3.41628e-15 5.70118e-15 3.61824e-15 6.10442e-15 3.82022e-15 6.50657e-15 4.0222e-15
78.4553 2.03542e-17 2.03542e-17 1.66455e-27 8.1779e-11 2.53597e-08 1.47705e-17 8.89352e-17 6.38768e-17 1.7804e-16 2.33601e-16 3.5662e-16 4.65143e-16 5.35575e-16 7.36709e-16 7.14819e-16 1.03646e-15 8.94288e-16 1.3549e-15 1.07394e-15 1.69013e-15 1.25374e-15 2.03682e-15 1.43365e-15 2.39522e-15 1.61365e-15 2.76056e-15 1.79372e-15 3.12978e-15 1.97384e-15 3.5017e-15 2.154e-15 3.88415e-15 2.33418e-15 4.26615e-15 2.51437e-15 4.65075e-15 2.69455e-15 5.03438e-15 2.87472e-15 5.42248e-15 3.05486e-15 5.80329e-15 3.23497e-15 6.19315e-15 3.41505e-15 6.58072e-15 3.59507e-15
82.4824 1.8343e-17 1.8343e-17 1.36145e-27 7.42221e-11 2.87373e-08 1.97636e-17 7.93942e-17 7.95731e-17 1.58928e-16 2.73156e-16 3.18287e-16 5.25927e-16 4.77925e-16 8.14502e-16 6.37764e-16 1.12699e-15 7.97748e-16 1.45412e-15 9.57837e-16 1.79446e-15 1.118e-15 2.14299e-15 1.2782e-15 2.50026e-15 1.43843e-15 2.86178e-15 1.59867e-15 3.22478e-15 1.75889e-15 3.58833e-15 1.91909e-15 3.96023e-15 2.07926e-15 4.32992e-15 2.23937e-15 4.70052e-15 2.39943e-15 5.0687e-15 2.55942e-15 5.43979e-15 2.71933e-15 5.80267e-15 2.87917e-15 6.17298e-15 3.03891e-15 6.53999e-15 3.19857e-15
86.7162 1.65388e-17 1.65388e-17 1.11357e-27 6.73307e-11 1.96568e-08 2.56372e-17 7.06196e-17 9.64363e-17 1.4135e-16 3.11704e-16 2.83027e-16 5.81268e-16 4.24894e-16 8.81211e-16 5.6688e-16 1.20015e-15 7.08936e-16 1.52941e-15 8.51026e-16 1.86814e-15 9.9312e-16 2.21179e-15 1.13519e-15 2.56125e-15 1.27723e-15 2.9124e-15 1.41922e-15 3.26283e-15 1.56114e-15 3.61188e-15 1.70298e-15 3.96717e-15 1.84473e-15 4.31876e-15 1.98639e-15 4.66976e-15 2.12794e-15 5.01716e-15 2.26938e-15 5.36607e-15 2.41069e-15 5.70615e-15 2.55189e-15 6.05214e-15 2.69295e-15 6.39407e-15 2.83388e-15
91.1674 1.49215e-17 1.49215e-17 9.10834e-28 6.10416e-11 3.01225e-08 3.22946e-17 6.26031e-17 1.13871e-16 1.2529e-16 3.47578e-16 2.5081e-16 6.28765e-16 3.76438e-16 9.34083e-16 5.02109e-16 1.25316e-15 6.27781e-16 1.57823e-15 7.53423e-16 1.90911e-15 8.79008e-16 2.24182e-15 1.00452e-15 2.57759e-15 1.12994e-15 2.91275e-15 1.25525e-15 3.24529e-15 1.38045e-15 3.5748e-15 1.50552e-15 3.90864e-15 1.63046e-15 4.23757e-15 1.75526e-15 4.56468e-15 1.87991e-15 4.88726e-15 2.00441e-15 5.21017e-15 2.12875e-15 5.52395e-15 2.25293e-15 5.84225e-15 2.37695e-15 6.15597e-15 2.50079e-15
95.847 1.34699e-17 1.34699e-17 7.45056e-28 5.53128e-11 1.91771e-08 3.95592e-17 5.53129e-17 1.31165e-16 1.10685e-16 3.79153e-16 2.2151e-16 6.66353e-16 3.32367e-16 9.71025e-16 4.432e-16 1.28423e-15 5.53972e-16 1.59933e-15 6.64655e-16 1.91683e-15 7.75229e-16 2.2334e-15 8.85676e-16 2.55059e-15 9.95986e-16 2.86523e-15 1.10615e-15 3.17567e-15 1.21615e-15 3.48178e-15 1.32598e-15 3.79054e-15 1.43565e-15 4.09353e-15 1.54514e-15 4.39372e-15 1.65444e-15 4.68875e-15 1.76356e-15 4.98315e-15 1.87249e-15 5.26838e-15 1.98123e-15 5.55695e-15 2.08977e-15 5.84063e-15 2.19812e-15
100.767 1.21639e-17 1.21639e-17 6.09386e-28 5.00978e-11 1.94689e-08 4.71791e-17 4.87068e-17 1.47542e-16 9.74493e-17 4.0498e-16 1.94958e-16 6.92463e-16 2.9243e-16 9.90759e-16 3.89818e-16 1.29265e-15 4.8709e-16 1.59276e-15 5.84223e-16 1.89227e-15 6.81199e-16 2.18853e-15 7.78007e-16 2.48334e-15 8.74636e-16 2.77404e-15 9.71078e-16 3.05937e-15 1.06733e-15 3.33942e-15 1.16337e-15 3.62069e-15 1.25922e-15 3.89565e-15 1.35486e-15 4.16712e-15 1.45029e-15 4.43306e-15 1.5455e-15 4.69765e-15 1.64051e-15 4.95329e-15 1.73529e-15 5.21126e-15 1.82986e-15 5.46424e-15 1.92421e-15
105.939 1.09906e-17 1.09906e-17 4.98608e-28 4.53668e-11 2.38124e-08 5.48641e-17 4.27568e-17 1.62292e-16 8.55286e-17 4.24076e-16 1.71044e-16 7.06434e-16 2.56462e-16 9.93312e-16 3.41743e-16 1.27937e-15 4.26861e-16 1.56054e-15 5.11796e-16 1.8386e-15 5.96536e-16 2.11157e-15 6.8107e-16 2.38145e-15 7.65393e-16 2.64607e-15 8.49498e-16 2.90452e-15 9.33379e-16 3.15708e-15 1.01704e-15 3.40973e-15 1.10046e-15 3.65581e-15 1.18366e-15 3.89796e-15 1.26663e-15 4.13446e-15 1.34936e-15 4.3691e-15 1.43186e-15 4.59522e-15 1.51413e-15 4.82283e-15 1.59617e-15 5.04554e-15 1.67797e-15
111.377 9.93448e-18 9.93448e-18 4.07881e-28 4.10571e-11 1.42369e-08 6.22801e-17 3.74161e-17 1.74738e-16 7.48287e-17 4.35734e-16 1.49579e-16 7.08078e-16 2.24181e-16 9.79306e-16 2.986e-16 1.24598e-15 3.72816e-16 1.50529e-15 4.46813e-16 1.75954e-15 5.20583e-16 2.00735e-15 5.94118e-16 2.25086e-15 6.67415e-16 2.48835e-15 7.40469e-16 2.71922e-15 8.13279e-16 2.94389e-15 8.85842e-16 3.1678e-15 9.58159e-16 3.38514e-15 1.03023e-15 3.59834e-15 1.10205e-15 3.80598e-15 1.17363e-15 4.01143e-15 1.24496e-15 4.20893e-15 1.31605e-15 4.40729e-15 1.38689e-15 4.60095e-15 1.45749e-15
117.094 8.98432e-18 8.98432e-18 3.33692e-28 3.71416e-11 1.47373e-08 6.91034e-17 3.26461e-17 1.84373e-16 6.52724e-17 4.39773e-16 1.30411e-16 6.98009e-16 1.95356e-16 9.50353e-16 2.6008e-16 1.19517e-15 3.24568e-16 1.43082e-15 3.88809e-16 1.66e-15 4.52797e-16 1.88186e-15 5.16528e-16 2.09861e-15 5.80001e-16 2.30895e-15 6.43213e-16 2.51251e-15 7.06164e-16 2.70984e-15 7.68855e-16 2.90581e-15 8.31287e-16 3.09541e-15 8.93462e-16 3.28085e-15 9.5538e-16 3.46096e-15 1.01704e-15 3.63872e-15 1.07845e-15 3.80922e-15 1.13961e-15 3.9801e-15 1.20052e-15 4.14658e-15 1.26119e-15
123.105 8.13006e-18 8.13006e-18 2.73059e-28 3.35863e-11 1.75607e-08 7.50389e-17 2.84064e-17 1.90864e-16 5.67788e-17 4.36433e-16 1.13376e-16 6.77391e-16 1.69742e-16 9.08655e-16 2.25858e-16 1.1302e-15 2.8171e-16 1.34141e-15 3.37294e-16 1.54525e-15 3.92606e-16 1.74131e-15 4.47645e-16 1.93182e-15 5.0241e-16 2.11582e-15 5.56904e-16 2.29315e-15 6.11127e-16 2.46441e-15 6.65082e-16 2.63393e-15 7.1877e-16 2.79743e-15 7.72195e-16 2.95691e-15 8.25359e-16 3.11141e-15 8.78265e-16 3.26355e-15 9.30917e-16 3.40914e-15 9.83317e-16 3.55476e-15 1.03547e-15 3.69637e-15 1.08737e-15
129.424 7.3609e-18 7.3609e-18 2.23373e-28 3.03459e-11 1.28273e-08 7.98263e-17 2.46495e-17 1.94023e-16 4.92532e-17 4.26217e-16 9.82849e-17 6.47648e-16 1.47056e-16 8.56578e-16 1.95552e-16 1.05435e-15 2.43766e-16 1.24119e-15 2.91695e-16 1.42021e-15 3.39339e-16 1.59136e-15 3.86699e-16 1.75681e-15 4.33779e-16 1.91588e-15 4.8058e-16 2.0686e-15 5.27105e-16 2.21558e-15 5.73359e-16 2.3606e-15 6.19345e-16 2.50008e-15 6.65066e-16 2.63577e-15 7.10528e-16 2.76691e-15 7.55732e-16 2.89576e-15 8.00684e-16 3.01882e-15 8.45387e-16 3.14167e-15 8.89845e-16 3.26092e-15 9.34061e-16
136.067 6.66694e-18 6.66694e-18 1.82795e-28 2.74182e-11 4.93742e-10 8.32646e-17 2.13294e-17 1.93831e-16 4.26031e-17 4.0989e-16 8.49521e-17 6.1043e-16 1.27017e-16 7.9662e-16 1.6879e-16 9.70888e-16 2.10267e-16 1.13413e-15 2.5145e-16 1.28945e-15 2.9234e-16 1.43711e-15 3.32941e-16 1.57917e-15 3.73258e-16 1.71517e-15 4.13295e-16 1.84527e-15 4.53057e-16 1.97006e-15 4.92548e-16 2.09283e-15 5.31774e-16 2.21059e-15 5.70739e-16 2.32488e-15 6.09449e-16 2.43508e-15 6.47906e-16 2.54314e-15 6.86118e-16 2.64614e-15 7.24087e-16 2.74878e-15 7.61818e-16 2.84824e-15 7.99316e-16
143.051 6.04289e-18 6.04289e-18 1.49558e-28 2.47494e-11 1.53134e-08 8.52761e-17 1.84131e-17 1.9054e-16 3.67623e-17 3.88634e-16 7.32451e-17 5.67838e-16 1.09427e-16 7.31702e-16 1.45305e-16 8.83449e-16 1.80879e-16 1.02445e-15 2.16153e-16 1.15775e-15 2.51133e-16 1.2838e-15 2.85823e-16 1.40451e-15 3.20231e-16 1.51963e-15 3.54361e-16 1.62937e-15 3.8822e-16 1.73431e-15 4.21814e-16 1.83726e-15 4.55149e-16 1.93577e-15 4.8823e-16 2.03115e-15 5.21063e-16 2.12293e-15 5.53653e-16 2.21275e-15 5.86006e-16 2.29821e-15 6.18126e-16 2.38323e-15 6.50019e-16 2.4655e-15 6.81689e-16
150.394 5.47833e-18 5.47833e-18 1.22392e-28 2.23412e-11 1.67403e-08 8.57873e-17 1.58508e-17 1.84364e-16 3.16315e-17 3.63372e-16 6.29644e-17 5.21419e-16 9.39853e-17 6.63872e-16 1.24695e-16 7.94476e-16 1.55099e-16 9.14911e-16 1.85202e-16 1.02809e-15 2.15013e-16 1.13457e-15 2.44538e-16 1.2361e-15 2.73786e-16 1.33258e-15 3.02763e-16 1.42424e-15 3.31477e-16 1.51165e-15 3.59934e-16 1.59719e-15 3.88142e-16 1.67883e-15 4.16106e-16 1.75772e-15 4.43833e-16 1.83348e-15 4.71328e-16 1.90748e-15 4.98598e-16 1.97778e-15 5.25647e-16 2.04761e-15 5.52481e-16 2.11507e-15 5.79105e-16
158.114 4.96904e-18 4.96904e-18 1.00171e-28 2.01591e-11 2.29077e-09 8.48745e-17 1.36121e-17 1.75787e-16 2.71493e-17 3.35397e-16 5.39866e-17 4.7311e-16 8.05058e-17 5.95565e-16 1.06712e-16 7.0678e-16 1.32614e-16 8.08609e-16 1.58219e-16 9.03756e-16 1.83537e-16 9.92856e-16 2.08577e-16 1.07748e-15 2.33349e-16 1.15761e-15 2.57859e-16 1.23351e-15 2.82117e-16 1.30569e-15 3.06129e-16 1.37616e-15 3.29904e-16 1.44327e-15 3.53448e-16 1.50799e-15 3.76767e-16 1.57002e-15 3.99868e-16 1.63052e-15 4.22758e-16 1.6879e-15 4.45441e-16 1.74481e-15 4.67923e-16 1.79973e-15 4.90209e-16
166.23 4.50992e-18 4.50992e-18 8.19857e-29 1.8179e-11 1.1185e-08 8.26645e-17 1.16637e-17 1.65314e-16 2.32491e-17 3.05859e-16 4.61778e-17 4.24516e-16 6.87867e-17 5.28689e-16 9.10851e-17 6.22466e-16 1.13084e-16 7.07757e-16 1.34793e-16 7.87028e-16 1.56225e-16 8.60936e-16 1.77389e-16 9.30868e-16 1.98295e-16 9.9687e-16 2.18953e-16 1.05922e-15 2.3937e-16 1.11836e-15 2.59556e-16 1.17597e-15 2.79518e-16 1.23072e-15 2.99264e-16 1.28342e-15 3.18799e-16 1.33385e-15 3.38131e-16 1.38295e-15 3.57267e-16 1.42946e-15 3.76211e-16 1.47552e-15 3.94969e-16 1.51991e-15 4.13546e-16
174.763 4.09485e-18 4.09485e-18 6.7095e-29 1.63852e-11 -4.82401e-09 7.93069e-17 9.97042e-18 1.53417e-16 1.98605e-17 2.757e-16 3.9397e-17 3.76845e-16 5.86159e-17 4.64586e-16 7.75301e-17 5.42918e-16 9.61527e-17 6.13717e-16 1.14497e-16 6.79193e-16 1.32574e-16 7.39989e-16 1.50397e-16 7.97314e-16 1.67975e-16 8.51255e-16 1.85319e-16 9.02072e-16 2.02437e-16 9.5017e-16 2.19339e-16 9.96916e-16 2.36032e-16 1.04126e-15 2.52524e-16 1.08387e-15 2.68822e-16 1.12459e-15 2.84932e-16 1.16417e-15 3.00862e-16 1.2016e-15 3.16615e-16 1.23864e-15 3.32199e-16 1.27429e-15 3.47618e-16
183.733 3.72113e-18 3.72113e-18 5.4905e-29 1.47549e-11 -6.98174e-09 7.50405e-17 8.50734e-18 1.40666e-16 1.69334e-17 2.45915e-16 3.35428e-17 3.31308e-16 4.98401e-17 4.04557e-16 6.58413e-17 4.69445e-16 8.1562e-17 5.27751e-16 9.70164e-17 5.81424e-16 1.12218e-16 6.3107e-16 1.27179e-16 6.77729e-16 1.4191e-16 7.21511e-16 1.56423e-16 7.62657e-16 1.70726e-16 8.01517e-16 1.84828e-16 8.39211e-16 1.98738e-16 8.74908e-16 2.12463e-16 9.09149e-16 2.2601e-16 9.41819e-16 2.39385e-16 9.73538e-16 2.52596e-16 1.0035e-15 2.65647e-16 1.03311e-15 2.78544e-16 1.06158e-15 2.91291e-16
193.164 3.38189e-18 3.38189e-18 4.49374e-29 1.32876e-11 1.4744e-08 7.00304e-17 7.24085e-18 1.27419e-16 1.44003e-17 2.1703e-16 2.84803e-17 2.88428e-16 4.22566e-17 3.49033e-16 5.57481e-17 4.02331e-16 6.89721e-17 4.49963e-16 8.19443e-17 4.93621e-16 9.46787e-17 5.33859e-16 1.07188e-16 5.71563e-16 1.19485e-16 6.06849e-16 1.31579e-16 6.39936e-16 1.43479e-16 6.71121e-16 1.55196e-16 7.01316e-16 1.66737e-16 7.29864e-16 1.78109e-16 7.57208e-16 1.8932e-16 7.83261e-16 2.00376e-16 8.08524e-16 2.11283e-16 8.32362e-16 2.22046e-16 8.55891e-16 2.32672e-16 8.78489e-16 2.43163e-16
203.079 3.07519e-18 3.07519e-18 3.6787e-29 1.19625e-11 3.03693e-08 6.45326e-17 6.15052e-18 1.14151e-16 1.22204e-17 1.89705e-16 2.41269e-17 2.48888e-16 3.57406e-17 2.98633e-16 4.70826e-17 3.42087e-16 5.81718e-17 3.80724e-16 6.90248e-17 4.15995e-16 7.96564e-17 4.48395e-16 9.00797e-17 4.78671e-16 1.00307e-16 5.06936e-16 1.10348e-16 5.33383e-16 1.20213e-16 5.58265e-16 1.29911e-16 5.82316e-16 1.39449e-16 6.0502e-16 1.48836e-16 6.26737e-16 1.58077e-16 6.47402e-16 1.67179e-16 6.67418e-16 1.76148e-16 6.86284e-16 1.84989e-16 7.04888e-16 1.93707e-16 7.22738e-16 2.02307e-16
213.503 2.79846e-18 2.79846e-18 3.0104e-29 1.07573e-11 -1.37068e-08 5.87743e-17 5.21554e-18 1.01229e-16 1.03519e-17 1.64369e-16 2.03986e-17 2.13046e-16 3.0165e-17 2.53587e-16 3.96745e-17 2.88778e-16 4.89469e-17 3.19922e-16 5.79996e-17 3.48246e-16 6.68477e-17 3.74186e-16 7.55045e-17 3.98361e-16 8.39821e-17 4.2088e-16 9.22907e-17 4.4191e-16 1.0044e-16 4.61661e-16 1.08438e-16 4.80723e-16 1.16294e-16 4.98692e-16 1.24013e-16 5.15858e-16 1.31603e-16 5.32174e-16 1.39069e-16 5.4796e-16 1.46417e-16 5.62825e-16 1.53651e-16 5.77469e-16 1.60778e-16 5.91508e-16 1.678e-16
224.463 2.547e-18 2.547e-18 2.46464e-29 9.67664e-12 3.27794e-08 5.29093e-17 4.41279e-18 8.88596e-17 8.74837e-18 1.41158e-16 1.72023e-17 1.80881e-16 2.53901e-17 2.13684e-16 3.33368e-17 2.41992e-16 4.1063e-17 2.66935e-16 4.85866e-17 2.89541e-16 5.59227e-17 3.10186e-16 6.30847e-17 3.29379e-16 7.00843e-17 3.47222e-16 7.69317e-17 3.63853e-16 8.36361e-17 3.79449e-16 9.02057e-17 3.94479e-16 9.66479e-17 4.08629e-16 1.02969e-16 4.2213e-16 1.09176e-16 4.3495e-16 1.15274e-16 4.4734e-16 1.21268e-16 4.58997e-16 1.27163e-16 4.70471e-16 1.32963e-16 4.81463e-16 1.38672e-16
235.984 2.31993e-18 2.31993e-18 2.0173e-29 8.69554e-12 2.44218e-08 4.71374e-17 3.72781e-18 7.73046e-17 7.38085e-18 1.20293e-16 1.44794e-17 1.52494e-16 2.13271e-17 1.78875e-16 2.795e-17 2.01518e-16 3.43694e-17 2.21389e-16 4.06034e-17 2.39341e-16 4.66669e-17 2.55691e-16 5.25731e-17 2.70859e-16 5.83334e-17 2.84932e-16 6.39575e-17 2.98029e-16 6.94543e-17 3.10291e-16 7.48316e-17 3.22093e-16 8.00964e-17 3.33191e-16 8.5255e-17 3.43769e-16 9.0313e-17 3.53802e-16 9.52756e-17 3.63491e-16 1.00148e-16 3.72599e-16 1.04933e-16 3.81557e-16 1.09637e-16 3.90132e-16 1.14262e-16
248.097 2.1143e-18 2.1143e-18 1.65118e-29 7.80959e-12 -7.26538e-09 4.15784e-17 3.14384e-18 6.66744e-17 6.21571e-18 1.01753e-16 1.21625e-17 1.27692e-16 1.78743e-17 1.48787e-16 2.3378e-17 1.66802e-16 2.86954e-17 1.82552e-16 3.38442e-17 1.96739e-16 3.88393e-17 2.09629e-16 4.36932e-17 2.21562e-16 4.84171e-17 2.32615e-16 5.30201e-17 2.42885e-16 5.75107e-17 2.52487e-16 6.18961e-17 2.61718e-16 6.61829e-17 2.70389e-16 7.0377e-17 2.78645e-16 7.44835e-17 2.86469e-16 7.85072e-17 2.94018e-16 8.24525e-17 3.01109e-16 8.63233e-17 3.08078e-16 9.01232e-17 3.14745e-16 9.38556e-17
260.832 1.92737e-18 1.92737e-18 1.35158e-29 7.01255e-12 3.13797e-09 3.63207e-17 2.64618e-18 5.70236e-17 5.22348e-18 8.54462e-17 1.01923e-17 1.06212e-16 1.49425e-17 1.22985e-16 1.95015e-17 1.37243e-16 2.38911e-17 1.49665e-16 2.81286e-17 1.60824e-16 3.22285e-17 1.70941e-16 3.62029e-17 1.80288e-16 4.00621e-17 1.88932e-16 4.3815e-17 1.96952e-16 4.74693e-17 2.04442e-16 5.10319e-17 2.11634e-16 5.45087e-17 2.18382e-16 5.7905e-17 2.24802e-16 6.12258e-17 2.30881e-16 6.44753e-17 2.36742e-16 6.76574e-17 2.42243e-16 7.07757e-17 2.47646e-16 7.38334e-17 2.52811e-16 7.68336e-17
274.221 1.75817e-18 1.75817e-18 1.10635e-29 6.29266e-12 9.0853e-08 3.14529e-17 2.22404e-18 4.84063e-17 4.38249e-18 7.12954e-17 8.5252e-18 8.78328e-17 1.24656e-17 1.01107e-16 1.62316e-17 1.12342e-16 1.98445e-17 1.22099e-16 2.33213e-17 1.30842e-16 2.66757e-17 1.38752e-16 2.99193e-17 1.46048e-16 3.30617e-17 1.52784e-16 3.61112e-17 1.59027e-16 3.90749e-17 1.6485e-16 4.19591e-17 1.70436e-16 4.47693e-17 1.75672e-16 4.75103e-17 1.80649e-16 5.01864e-17 1.85359e-16 5.28015e-17 1.89896e-16 5.53592e-17 1.94152e-16 5.78626e-17 1.98329e-16 6.03146e-17 2.02321e-16 6.27179e-17
288.297 1.6045e-18 1.6045e-18 9.05763e-30 5.64514e-12 1.12219e-07 2.70092e-17 1.86615e-18 4.07943e-17 3.67013e-18 5.91191e-17 7.11564e-18 7.22227e-17 1.03752e-17 8.26793e-17 1.34767e-17 9.14949e-17 1.64408e-17 9.91284e-17 1.92839e-17 1.05953e-16 2.20191e-17 1.12115e-16 2.4657e-17 1.1779e-16 2.72068e-17 1.23023e-16 2.96759e-17 1.27866e-16 3.20708e-17 1.32379e-16 3.43974e-17 1.36704e-16 3.66606e-17 1.40755e-16 3.88646e-17 1.44602e-16 4.10134e-17 1.4824e-16 4.31104e-17 1.51743e-16 4.51588e-17 1.55026e-16 4.71613e-17 1.58248e-16 4.91206e-17 1.61324e-16 5.10388e-17
303.095 1.46497e-18 1.46497e-18 7.41473e-30 5.06136e-12 -8.03938e-08 2.30118e-17 1.5634e-18 3.41483e-17 3.06815e-18 4.87406e-17 5.92697e-18 5.90758e-17 8.61594e-18 6.72792e-17 1.11625e-17 7.41699e-17 1.35867e-17 8.01207e-17 1.59041e-17 8.54293e-17 1.81268e-17 9.02145e-17 2.02649e-17 9.4615e-17 2.23266e-17 9.86673e-17 2.43189e-17 1.02414e-16 2.62476e-17 1.05902e-16 2.81179e-17 1.09241e-16 2.99341e-17 1.12367e-16 3.17002e-17 1.15333e-16 3.34196e-17 1.18137e-16 3.50953e-17 1.20834e-16 3.67302e-17 1.23361e-16 3.83265e-17 1.25839e-16 3.98866e-17 1.28205e-16 4.14124e-17
318.653 1.33806e-18 1.33806e-18 6.07019e-30 4.53655e-12 3.67865e-08 1.94601e-17 1.30763e-18 2.8402e-17 2.56018e-18 3.99637e-17 4.92627e-18 4.80805e-17 7.13814e-18 5.44913e-17 9.22258e-18 5.98583e-17 1.11988e-17 6.44816e-17 1.30813e-17 6.8598e-17 1.48815e-17 7.23027e-17 1.66084e-17 7.57049e-17 1.82697e-17 7.88343e-17 1.98716e-17 8.17247e-17 2.14193e-17 8.44131e-17 2.29175e-17 8.69852e-17 2.437e-17 8.93909e-17 2.57802e-17 9.16726e-17 2.71512e-17 9.38273e-17 2.84856e-17 9.58996e-17 2.97859e-17 9.78402e-17 3.1054e-17 9.97423e-17 3.2292e-17 1.01557e-16 3.35016e-17
335.009 1.22334e-18 1.22334e-18 4.9702e-30 4.0628e-12 -1.87328e-08 1.63515e-17 1.09262e-18 2.34954e-17 2.13371e-18 3.26193e-17 4.08825e-18 3.89727e-17 5.90352e-18 4.39679e-17 7.60545e-18 4.8137e-17 9.21219e-18 5.17203e-17 1.07373e-17 5.4905e-17 1.21912e-17 5.77669e-17 1.35822e-17 6.0392e-17 1.4917e-17 6.2804e-17 1.62014e-17 6.50297e-17 1.74399e-17 6.70983e-17 1.86366e-17 6.90759e-17 1.97949e-17 7.09244e-17 2.09178e-17 7.26766e-17 2.2008e-17 7.43303e-17 2.30677e-17 7.592e-17 2.4099e-17 7.74081e-17 2.51037e-17 7.88659e-17 2.60835e-17 8.02564e-17 2.70398e-17
352.205 1.1188e-18 1.1188e-18 4.06909e-30 3.63701e-12 -6.81339e-08 1.36487e-17 9.11475e-19 1.93264e-17 1.77496e-18 2.64955e-17 3.38534e-18 3.14506e-17 4.87074e-18 3.53301e-17 6.25595e-18 3.85589e-17 7.55802e-18 4.13282e-17 8.78942e-18 4.37855e-17 9.95965e-18 4.59908e-17 1.10762e-17 4.80113e-17 1.21451e-17 4.9866e-17 1.31714e-17 5.1576e-17 1.41591e-17 5.31641e-17 1.51117e-17 5.46814e-17 1.60323e-17 5.60988e-17 1.69235e-17 5.74416e-17 1.77875e-17 5.87083e-17 1.86262e-17 5.99255e-17 1.94415e-17 6.10643e-17 2.02349e-17 6.21796e-17 2.10078e-17 6.32429e-17 2.17615e-17
370.284 1.02373e-18 1.02373e-18 3.33146e-30 3.25424e-12 5.02776e-08 1.13245e-17 7.59309e-19 1.58161e-17 1.47409e-18 2.14286e-17 2.79774e-18 2.5281e-17 4.00986e-18 2.82857e-17 5.13399e-18 3.078e-17 6.18595e-18 3.29152e-17 7.17713e-18 3.4807e-17 8.11611e-18 3.65028e-17 9.00956e-18 3.80548e-17 9.86285e-18 3.94782e-17 1.06803e-17 4.07896e-17 1.14655e-17 4.20067e-17 1.22216e-17 4.31688e-17 1.29511e-17 4.42538e-17 1.36561e-17 4.52812e-17 1.43388e-17 4.625e-17 1.50007e-17 4.71804e-17 1.56434e-17 4.80507e-17 1.62681e-17 4.89026e-17 1.6876e-17 4.97147e-17 1.74683e-17
389.291 9.36538e-19 9.36538e-19 2.72786e-30 2.91271e-12 -8.08756e-08 9.33687e-18 6.31222e-19 1.28727e-17 1.22133e-18 1.72484e-17 2.30589e-18 2.0233e-17 3.29156e-18 2.25527e-17 4.20049e-18 2.44738e-17 5.0472e-18 2.61155e-17 5.84203e-18 2.75681e-17 6.5926e-18 2.88686e-17 7.30483e-18 3.00578e-17 7.98341e-18 3.11476e-17 8.63211e-18 3.21509e-17 9.25406e-18 3.30815e-17 9.85187e-18 3.39696e-17 1.04278e-17 3.47983e-17 1.09836e-17 3.55827e-17 1.15211e-17 3.6322e-17 1.20415e-17 3.70318e-17 1.25463e-17 3.76955e-17 1.30365e-17 3.8345e-17 1.3513e-17 3.89638e-17 1.39768e-17
409.273 8.57947e-19 8.57947e-19 2.23367e-30 2.60351e-12 1.57369e-07 7.66444e-18 5.24476e-19 1.04395e-17 1.01111e-18 1.38436e-17 1.89835e-18 1.6152e-17 2.69835e-18 1.79404e-17 3.43176e-18 1.94183e-17 4.11184e-18 2.06792e-17 4.74783e-18 2.17934e-17 5.34652e-18 2.27901e-17 5.91307e-18 2.37006e-17 6.45159e-18 2.45344e-17 6.96531e-18 2.53015e-17 7.45693e-18 2.60127e-17 7.92867e-18 2.6691e-17 8.38242e-18 2.73237e-17 8.81977e-18 2.79223e-17 9.24211e-18 2.84863e-17 9.65062e-18 2.90276e-17 1.00464e-17 2.95336e-17 1.04303e-17 3.00286e-17 1.08032e-17 3.05001e-17 1.11658e-17
430.281 7.86303e-19 7.86303e-19 1.8287e-30 2.32569e-12 -6.96515e-08 6.26054e-18 4.35165e-19 8.43087e-18 8.3564e-19 1.10715e-17 1.55963e-18 1.28527e-17 2.20711e-18 1.42287e-17 2.79715e-18 1.53634e-17 3.34175e-18 1.63302e-17 3.84913e-18 1.71836e-17 4.32524e-18 1.79461e-17 4.77459e-18 1.86423e-17 5.2007e-18 1.92793e-17 5.60635e-18 1.98651e-17 5.99385e-18 2.04079e-17 6.36507e-18 2.09253e-17 6.72159e-18 2.14078e-17 7.06478e-18 2.18641e-17 7.39577e-18 2.22938e-17 7.71556e-18 2.27062e-17 8.02504e-18 2.30915e-17 8.32496e-18 2.34684e-17 8.61602e-18 2.38273e-17 8.89879e-18
452.368 7.20711e-19 7.20711e-19 1.49736e-30 2.07761e-12 -1.36331e-07 5.08846e-18 3.60426e-19 6.77975e-18 6.89192e-19 8.82227e-18 1.27826e-18 1.01933e-17 1.80064e-18 1.12496e-17 2.2738e-18 1.21191e-17 2.70848e-18 1.2859e-17 3.11192e-18 1.35114e-17 3.48932e-18 1.40938e-17 3.84457e-18 1.46252e-17 4.18067e-18 1.51111e-17 4.49999e-18 1.55577e-17 4.80448e-18 1.59713e-17 5.09571e-18 1.63655e-17 5.37502e-18 1.67329e-17 5.64351e-18 1.70802e-17 5.90216e-18 1.74072e-17 6.15179e-18 1.77209e-17 6.39312e-18 1.8014e-17 6.62678e-18 1.83005e-17 6.85334e-18 1.85734e-17 7.07327e-18
475.588 6.60935e-19 6.60935e-19 1.22602e-30 1.85498e-12 -1.41644e-07 4.11839e-18 2.98124e-19 5.43262e-18 5.67471e-19 7.00898e-18 1.04558e-18 8.06242e-18 1.46588e-18 8.87199e-18 1.84425e-18 9.53739e-18 2.19022e-18 1.01028e-17 2.51014e-18 1.0601e-17 2.80848e-18 1.10453e-17 3.08858e-18 1.14505e-17 3.35299e-18 1.18208e-17 3.60371e-18 1.2161e-17 3.84237e-18 1.24759e-17 4.07028e-18 1.27759e-17 4.28856e-18 1.30554e-17 4.49813e-18 1.33195e-17 4.69979e-18 1.35682e-17 4.8942e-18 1.38067e-17 5.08197e-18 1.40294e-17 5.26361e-18 1.42471e-17 5.43957e-18 1.44544e-17 5.61026e-18
500 6.06607e-19 6.06607e-19 1.0038e-30 1.65478e-12 3.18485e-08 3.32112e-18 2.4633e-19 4.34002e-18 4.66604e-19 5.55453e-18 8.53798e-19 6.36287e-18 1.19116e-18 6.98269e-18 1.49298e-18 7.49136e-18 1.76768e-18 7.92316e-18 2.02076e-18 8.3032e-18 2.25605e-18 8.64203e-18 2.47639e-18 8.95074e-18 2.68394e-18 9.23277e-18 2.88037e-18 9.49174e-18 3.06704e-18 9.73137e-18 3.24504e-18 9.95957e-18 3.41528e-18 1.01721e-17 3.57854e-18 1.0373e-17 3.73546e-18 1.0562e-17 3.88659e-18 1.07432e-17 4.03242e-18 1.09124e-17 4.17337e-18 1.10778e-17 4.30981e-18 1.12352e-17 4.44206e-18
525.665 5.56777e-19 5.56777e-19 8.21973e-31 1.47631e-12 -1.72872e-07 2.66719e-18 2.03165e-19 3.45495e-18 3.82846e-19 4.38858e-18 6.95491e-19 5.00768e-18 9.6543e-19 5.48142e-18 1.20544e-18 5.86969e-18 1.42288e-18 6.19894e-18 1.62246e-18 6.4885e-18 1.80748e-18 6.74649e-18 1.98031e-18 6.98143e-18 2.14276e-18 7.19597e-18 2.29623e-18 7.39288e-18 2.44183e-18 7.57502e-18 2.58048e-18 7.74843e-18 2.71291e-18 7.90989e-18 2.83977e-18 8.06242e-18 2.96157e-18 8.20593e-18 3.07876e-18 8.34349e-18 3.19175e-18 8.4719e-18 3.30087e-18 8.59741e-18 3.40641e-18 8.71684e-18 3.50864e-18
552.648 5.11487e-19 5.11487e-19 6.73058e-31 1.31588e-12 -1.954e-07 2.13552e-18 1.67395e-19 2.74352e-18 3.13702e-19 3.46036e-18 5.65614e-19 3.93409e-18 7.81117e-19 4.29593e-18 9.71544e-19 4.59211e-18 1.14327e-18 4.84304e-18 1.30034e-18 5.06357e-18 1.44552e-18 5.25994e-18 1.58081e-18 5.43868e-18 1.70772e-18 5.60183e-18 1.82741e-18 5.75151e-18 1.94078e-18 5.88993e-18 2.04859e-18 6.02168e-18 2.15144e-18 6.14432e-18 2.24985e-18 6.26014e-18 2.34425e-18 6.36909e-18 2.43499e-18 6.4735e-18 2.5224e-18 6.57096e-18 2.60676e-18 6.66619e-18 2.68829e-18 6.7568e-18 2.76721e-18
581.015 4.7013e-19 4.7013e-19 5.51063e-31 1.17215e-12 -9.1319e-08 1.70447e-18 1.37733e-19 2.17287e-18 2.56612e-19 2.7225e-18 4.59088e-19 3.0846e-18 6.30691e-19 3.36072e-18 7.81396e-19 3.58647e-18 9.16688e-19 3.77758e-18 1.04001e-18 3.94542e-18 1.15367e-18 4.0948e-18 1.25935e-18 4.2307e-18 1.35828e-18 4.35471e-18 1.45142e-18 4.46844e-18 1.53952e-18 4.57359e-18 1.62319e-18 4.67363e-18 1.70292e-18 4.76674e-18 1.77913e-18 4.85466e-18 1.85216e-18 4.93735e-18 1.9223e-18 5.01657e-18 1.98982e-18 5.09051e-18 2.05492e-18 5.16275e-18 2.11781e-18 5.23147e-18 2.17864e-18
610.839 4.32321e-19 4.32321e-19 4.51192e-31 1.04365e-12 8.68553e-08 1.35639e-18 1.13163e-19 1.71663e-18 2.09541e-19 2.13752e-18 3.71875e-19 2.41403e-18 5.08172e-19 2.62455e-18 6.27141e-19 2.7965e-18 7.33475e-19 2.94195e-18 8.30068e-19 3.06961e-18 9.18861e-19 3.18318e-18 1.00123e-18 3.28646e-18 1.0782e-18 3.38067e-18 1.15054e-18 3.46705e-18 1.21887e-18 3.54688e-18 1.28369e-18 3.62282e-18 1.34538e-18 3.69349e-18 1.40429e-18 3.7602e-18 1.46069e-18 3.82293e-18 1.51482e-18 3.88303e-18 1.56689e-18 3.93911e-18 1.61706e-18 3.99389e-18 1.66549e-18 4.04599e-18 1.71231e-18
642.193 3.97666e-19 3.97666e-19 3.69445e-31 9.29031e-13 1.43862e-07 1.07622e-18 9.28231e-20 1.35282e-18 1.70769e-19 1.6747e-18 3.00573e-19 1.88562e-18 4.08537e-19 2.04599e-18 5.0221e-19 2.17685e-18 5.85575e-19 2.28747e-18 6.61056e-19 2.38451e-18 7.3026e-19 2.47079e-18 7.94319e-19 2.54923e-18 8.54071e-19 2.62076e-18 9.10147e-19 2.68633e-18 9.63042e-19 2.74691e-18 1.01316e-18 2.80453e-18 1.06081e-18 2.85814e-18 1.10627e-18 2.90873e-18 1.14975e-18 2.9563e-18 1.19146e-18 3.00187e-18 1.23154e-18 3.04438e-18 1.27014e-18 3.0859e-18 1.30738e-18 3.1254e-18 1.34337e-18
675.157 3.6598e-19 3.6598e-19 3.02522e-31 8.26609e-13 2.71216e-07 8.51786e-19 7.60292e-20 1.06388e-18 1.3893e-19 1.30982e-18 2.42473e-19 1.47061e-18 3.2779e-19 1.59269e-18 4.01379e-19 1.69224e-18 4.66596e-19 1.77633e-18 5.25459e-19 1.85006e-18 5.79292e-19 1.9156e-18 6.29021e-19 1.97516e-18 6.75327e-19 2.02945e-18 7.1872e-19 2.07921e-18 7.59601e-19 2.12517e-18 7.98289e-19 2.16888e-18 8.3504e-19 2.20953e-18 8.70069e-19 2.2479e-18 9.03552e-19 2.28397e-18 9.35638e-19 2.31851e-18 9.66459e-19 2.35074e-18 9.96121e-19 2.38221e-18 1.02472e-18 2.41214e-18 1.05234e-18
709.813 3.36994e-19 3.36994e-19 2.47688e-31 7.34993e-13 -1.0578e-08 6.72593e-19 6.2183e-20 8.35053e-19 1.1283e-19 1.02282e-18 1.9523e-19 1.14531e-18 2.62497e-19 1.23821e-18 3.20182e-19 1.3139e-18 3.71099e-19 1.37781e-18 4.16915e-19 1.43382e-18 4.58715e-19 1.48358e-18 4.97254e-19 1.52879e-18 5.33082e-19 1.56999e-18 5.6661e-19 1.60775e-18 5.98158e-19 1.64262e-18 6.27983e-19 1.67577e-18 6.5629e-19 1.7066e-18 6.83247e-19 1.73569e-18 7.08995e-19 1.76303e-18 7.33653e-19 1.78922e-18 7.57324e-19 1.81365e-18 7.80092e-19 1.8375e-18 8.02034e-19 1.86018e-18 8.23216e-19
746.248 3.10586e-19 3.10586e-19 2.02809e-31 6.5299e-13 -5.3347e-07 5.30165e-19 5.0803e-20 6.54532e-19 9.15099e-20 7.97839e-19 1.56958e-19 8.91151e-19 2.09896e-19 9.61848e-19 2.55039e-19 1.01941e-18 2.9473e-19 1.06798e-18 3.30341e-19 1.11053e-18 3.62757e-19 1.14833e-18 3.92588e-19 1.18265e-18 4.20278e-19 1.21393e-18 4.46156e-19 1.24258e-18 4.7048e-19 1.26904e-18 4.93452e-19 1.2942e-18 5.15236e-19 1.31758e-18 5.35965e-19 1.33965e-18 5.55751e-19 1.36039e-18 5.74687e-19 1.38025e-18 5.92855e-19 1.39877e-18 6.10321e-19 1.41685e-18 6.27145e-19 1.43405e-18 6.43379e-19
784.553 2.8625e-19 2.8625e-19 1.6606e-31 5.80123e-13 3.79877e-07 4.16858e-19 4.14222e-20 5.11934e-19 7.40508e-20 6.21194e-19 1.2589e-19 6.92212e-19 1.67442e-19 7.45968e-19 2.02683e-19 7.89705e-19 2.33552e-19 8.26595e-19 2.61171e-19 8.58904e-19 2.86257e-19 8.87592e-19 3.09302e-19 9.13641e-19 3.30663e-19 9.37371e-19 3.50601e-19 9.59106e-19 3.69322e-19 9.79173e-19 3.86986e-19 9.98246e-19 4.03723e-19 1.01598e-18 4.19638e-19 1.03271e-18 4.3482e-19 1.04843e-18 4.49341e-19 1.06348e-18 4.63265e-19 1.07752e-18 4.76644e-19 1.09122e-18 4.89527e-19 1.10425e-18 5.01952e-19
824.824 2.64044e-19 2.64044e-19 1.3596e-31 5.14914e-13 -2.99603e-07 3.27275e-19 3.37334e-20 3.99932e-19 5.9838e-20 4.83222e-19 1.00822e-19 5.37274e-19 1.33381e-19 5.78152e-19 1.6085e-19 6.11392e-19 1.84825e-19 6.39417e-19 2.06219e-19 6.63954e-19 2.25612e-19 6.85734e-19 2.43397e-19 7.05508e-19 2.5986e-19 7.23517e-19 2.75209e-19 7.40008e-19 2.89606e-19 7.55233e-19 3.03179e-19 7.69701e-19 3.1603e-19 7.83152e-19 3.28242e-19 7.95839e-19 3.39883e-19 8.0776e-19 3.51012e-19 8.19173e-19 3.61679e-19 8.29816e-19 3.71924e-19 8.40206e-19 3.81784e-19 8.50084e-19 3.9129e-19
867.163 2.43611e-19 2.43611e-19 1.11333e-31 4.57012e-13 6.58277e-08 2.56432e-19 2.74212e-20 3.11905e-19 4.82545e-20 3.75354e-19 8.05772e-20 4.16471e-19 1.06033e-19 4.47542e-19 1.274e-19 4.72795e-19 1.45986e-19 4.94077e-19 1.6253e-19 5.12704e-19 1.77496e-19 5.29236e-19 1.91201e-19 5.44241e-19 2.03871e-19 5.57904e-19 2.1567e-19 5.70415e-19 2.26728e-19 5.81962e-19 2.37145e-19 5.92935e-19 2.47e-19 6.03135e-19 2.56359e-19 6.12755e-19 2.65277e-19 6.21794e-19 2.73797e-19 6.30446e-19 2.8196e-19 6.38514e-19 2.89796e-19 6.4639e-19 2.97336e-19 6.53877e-19 3.04603e-19
911.674 2.24949e-19 2.24949e-19 9.11517e-32 4.0521e-13 -6.8286e-07 2.00677e-19 2.22629e-20 2.43023e-19 3.88589e-20 2.91359e-19 6.43065e-20 3.22641e-19 8.41786e-20 3.46264e-19 1.00778e-19 3.65453e-19 1.1517e-19 3.81621e-19 1.2795e-19 3.95767e-19 1.39491e-19 4.08319e-19 1.50043e-19 4.19709e-19 1.59787e-19 4.3008e-19 1.68852e-19 4.39575e-19 1.77341e-19 4.48337e-19 1.85331e-19 4.56663e-19 1.92885e-19 4.64401e-19 2.00055e-19 4.71699e-19 2.06884e-19 4.78555e-19 2.13405e-19 4.85117e-19 2.19649e-19 4.91236e-19 2.25642e-19 4.9721e-19 2.31406e-19 5.02887e-19 2.36959e-19
958.471 2.07726e-19 2.07726e-19 7.46417e-32 3.59328e-13 -5.39118e-07 1.56746e-19 1.80382e-20 1.89043e-19 3.12247e-20 2.2584e-19 5.12105e-20 2.49626e-19 6.66896e-20 2.67577e-19 7.95599e-20 2.82152e-19 9.06839e-20 2.94428e-19 1.0054e-19 3.05167e-19 1.09425e-19 3.14694e-19 1.17539e-19 3.23338e-19 1.25021e-19 3.31207e-19 1.31977e-19 3.38409e-19 1.38485e-19 3.45057e-19 1.44606e-19 3.51371e-19 1.5039e-19 3.5724e-19 1.55877e-19 3.62775e-19 1.611e-19 3.67974e-19 1.66086e-19 3.7295e-19 1.70858e-19 3.77589e-19 1.75437e-19 3.82118e-19 1.79839e-19 3.86423e-19 1.84079e-19
1007.67 1.92005e-19 1.92005e-19 6.11084e-32 3.18265e-13 -7.46807e-08 1.22326e-19 1.45988e-20 1.46961e-19 2.50591e-20 1.74982e-19 4.07326e-20 1.93076e-19 5.27759e-20 2.06723e-19 6.27452e-20 2.17799e-19 7.13367e-20 2.27125e-19 7.8933e-20 2.35282e-19 8.57699e-20 2.42517e-19 9.20051e-20 2.4908e-19 9.77497e-20 2.55054e-19 1.03085e-19 2.60522e-19 1.08073e-19 2.65567e-19 1.12762e-19 2.7036e-19 1.1719e-19 2.74814e-19 1.21388e-19 2.79014e-19 1.25383e-19 2.82959e-19 1.29194e-19 2.86735e-19 1.32842e-19 2.90255e-19 1.3634e-19 2.93691e-19 1.39702e-19 2.96957e-19 1.42939e-19
1059.39 1.77495e-19 1.77495e-19 5.0043e-32 2.81939e-13 -3.63993e-07 9.53119e-20 1.1792e-20 1.14091e-19 2.00698e-20 1.35419e-19 3.23345e-20 1.49177e-19 4.16867e-20 1.59548e-19 4.93959e-20 1.67963e-19 5.60214e-20 1.75047e-19 6.1868e-20 1.8124e-19 6.71222e-20 1.86733e-19 7.19083e-20 1.91716e-19 7.63135e-20 1.9625e-19 8.04015e-20 2.004e-19 8.42208e-20 2.04229e-19 8.78089e-20 2.07866e-19 9.11958e-20 2.11246e-19 9.44055e-20 2.14432e-19 9.74581e-20 2.17425e-19 1.0037e-19 2.2029e-19 1.03155e-19 2.2296e-19 1.05826e-19 2.25567e-19 1.08392e-19 2.28044e-19 1.10862e-19
1113.77 1.64196e-19 1.64196e-19 4.09636e-32 2.49481e-13 -6.98185e-09 7.41949e-20 9.51166e-21 8.85099e-20 1.60505e-20 1.04745e-19 2.5633e-20 1.15209e-19 3.28867e-20 1.23093e-19 3.88422e-20 1.29488e-19 4.39474e-20 1.3487e-19 4.8444e-20 1.39575e-19 5.24795e-20 1.43747e-19 5.61513e-20 1.47531e-19 5.9528e-20 1.50974e-19 6.26592e-20 1.54125e-19 6.55826e-20 1.57032e-19 6.83276e-20 1.59793e-19 7.09175e-20 1.62359e-19 7.33708e-20 1.64778e-19 7.57031e-20 1.6705e-19 7.79272e-20 1.69224e-19 8.0054e-20 1.7125e-19 8.20926e-20 1.73228e-19 8.40509e-20 1.75108e-19 8.59357e-20
1170.94 1.51945e-19 1.51945e-19 3.35411e-32 2.20745e-13 8.51498e-08 5.76888e-20 7.65901e-21 6.85978e-20 1.28135e-20 8.09549e-20 2.02871e-20 8.89127e-20 2.59049e-20 9.4906e-20 3.05e-20 9.97659e-20 3.44295e-20 1.03855e-19 3.78846e-20 1.07429e-19 4.09814e-20 1.10598e-19 4.37962e-20 1.13472e-19 4.63826e-20 1.16087e-19 4.87793e-20 1.18479e-19 5.10157e-20 1.20687e-19 5.31146e-20 1.22783e-19 5.50939e-20 1.24731e-19 5.69682e-20 1.26567e-19 5.87494e-20 1.28292e-19 6.04475e-20 1.29942e-19 6.20708e-20 1.3148e-19 6.36263e-20 1.32982e-19 6.51203e-20 1.34409e-19 6.65579e-20
1231.05 1.40713e-19 1.40713e-19 2.74646e-32 1.95182e-13 -4.78836e-07 4.4824e-20 6.15906e-21 5.31389e-20 1.02158e-20 6.25468e-20 1.60371e-20 6.8601e-20 2.03837e-20 7.31588e-20 2.39266e-20 7.68537e-20 2.69493e-20 7.9962e-20 2.9603e-20 8.26786e-20 3.19785e-20 8.50867e-20 3.41358e-20 8.72703e-20 3.61164e-20 8.9257e-20 3.79507e-20 9.10748e-20 3.96613e-20 9.27516e-20 4.12659e-20 9.4344e-20 4.27786e-20 9.58235e-20 4.42105e-20 9.72182e-20 4.55708e-20 9.85281e-20 4.68673e-20 9.97815e-20 4.81063e-20 1.0095e-19 4.92934e-20 1.0209e-19 5.04333e-20 1.03174e-19 5.15299e-20
1294.24 1.30359e-19 1.30359e-19 2.24918e-32 1.72537e-13 7.15038e-07 3.47941e-20 4.94456e-21 4.11308e-20 8.13121e-21 4.82931e-20 1.26584e-20 5.28991e-20 1.60174e-20 5.63655e-20 1.87462e-20 5.91749e-20 2.10695e-20 6.15379e-20 2.31061e-20 6.36029e-20 2.49272e-20 6.54331e-20 2.65795e-20 6.70926e-20 2.80955e-20 6.86023e-20 2.94986e-20 6.99835e-20 3.08064e-20 7.12576e-20 3.20328e-20 7.24674e-20 3.31884e-20 7.35914e-20 3.42819e-20 7.4651e-20 3.53206e-20 7.56461e-20 3.63101e-20 7.65982e-20 3.72557e-20 7.74857e-20 3.81613e-20 7.83518e-20 3.90308e-20 7.91748e-20 3.98672e-20
1360.67 1.20819e-19 1.20819e-19 1.8417e-32 1.52435e-13 -2.50193e-07 2.69858e-20 3.96318e-21 3.18148e-20 6.46194e-21 3.72678e-20 9.97783e-21 4.07725e-20 1.25708e-20 4.34092e-20 1.46708e-20 4.55457e-20 1.64552e-20 4.73424e-20 1.80173e-20 4.89123e-20 1.94126e-20 5.03037e-20 2.06776e-20 5.15651e-20 2.18375e-20 5.27126e-20 2.29104e-20 5.37623e-20 2.391e-20 5.47306e-20 2.4847e-20 5.56501e-20 2.57296e-20 5.65042e-20 2.65646e-20 5.73093e-20 2.73574e-20 5.80655e-20 2.81126e-20 5.87889e-20 2.88341e-20 5.94633e-20 2.9525e-20 6.01213e-20 3.01881e-20 6.07466e-20 3.08259e-20
1430.51 1.12068e-19 1.12068e-19 1.508e-32 1.34561e-13 -7.62976e-07 2.09219e-20 3.1728e-21 2.46033e-20 5.12961e-21 2.87569e-20 7.85758e-21 3.14251e-20 9.85809e-21 3.34318e-20 1.14735e-20 3.50575e-20 1.28438e-20 3.64245e-20 1.40417e-20 3.76188e-20 1.51108e-20 3.86771e-20 1.60792e-20 3.96366e-20 1.69667e-20 4.05093e-20 1.77872e-20 4.13077e-20 1.85514e-20 4.2044e-20 1.92674e-20 4.27432e-20 1.99417e-20 4.33927e-20 2.05793e-20 4.4005e-20 2.11847e-20 4.45799e-20 2.17612e-20 4.513e-20 2.23118e-20 4.56427e-20 2.2839e-20 4.6143e-20 2.3345e-20 4.66184e-20 2.38316e-20
1503.94 1.03954e-19 1.03954e-19 1.23481e-32 1.18784e-13 2.2046e-07 1.62029e-20 2.5351e-21 1.90084e-20 4.06444e-21 2.21714e-20 6.17767e-21 2.42022e-20 7.71912e-21 2.57292e-20 8.9605e-21 2.69661e-20 1.00117e-20 2.80059e-20 1.09296e-20 2.89143e-20 1.1748e-20 2.97192e-20 1.2489e-20 3.04489e-20 1.31676e-20 3.11126e-20 1.37947e-20 3.17197e-20 1.43785e-20 3.22796e-20 1.49254e-20 3.28112e-20 1.54402e-20 3.33051e-20 1.5927e-20 3.37705e-20 1.63889e-20 3.42076e-20 1.68288e-20 3.46259e-20 1.72489e-20 3.50156e-20 1.7651e-20 3.5396e-20 1.80369e-20 3.57574e-20 1.84079e-20
1581.14 9.65284e-20 9.65284e-20 1.01109e-32 1.04746e-13 -2.76584e-06 1.2548e-20 2.02374e-21 1.46875e-20 3.2179e-21 1.7098e-20 4.8541e-21 1.8645e-20 6.04162e-21 1.98079e-20 6.99558e-21 2.07496e-20 7.8021e-21 2.15414e-20 8.50562e-21 2.22329e-20 9.13241e-21 2.28456e-20 9.69947e-21 2.3401e-20 1.02186e-20 2.39062e-20 1.06981e-20 2.43683e-20 1.11443e-20 2.47944e-20 1.15622e-20 2.5199e-20 1.19555e-20 2.55748e-20 1.23273e-20 2.5929e-20 1.268e-20 2.62617e-20 1.30159e-20 2.65799e-20 1.33365e-20 2.68765e-20 1.36434e-20 2.71659e-20 1.39379e-20 2.74409e-20 1.4221e-20
1662.3 8.96166e-20 8.96166e-20 8.27984e-33 9.23919e-14 -3.99531e-07 9.7061e-21 1.61215e-21 1.13369e-20 2.54269e-21 1.31731e-20 3.80749e-21 1.4351e-20 4.72116e-21 1.52363e-20 5.45341e-21 1.59532e-20 6.0716e-21 1.65558e-20 6.6103e-21 1.7082e-20 7.0899e-21 1.75483e-20 7.52355e-21 1.79709e-20 7.92032e-21 1.83553e-20 8.28671e-21 1.87069e-20 8.62758e-21 1.90311e-20 8.94667e-21 1.93389e-20 9.24693e-21 1.96248e-20 9.5307e-21 1.98943e-20 9.79991e-21 2.01474e-20 1.00562e-20 2.03895e-20 1.03008e-20 2.06151e-20 1.05349e-20 2.08353e-20 1.07595e-20 2.10445e-20 1.09754e-20
1747.63 8.32947e-20 8.32947e-20 6.77992e-33 8.13967e-14 -1.41577e-06 7.50931e-21 1.28332e-21 8.75344e-21 2.00799e-21 1.01534e-20 2.98549e-21 1.10512e-20 3.68852e-21 1.17258e-20 4.25075e-21 1.2272e-20 4.72477e-21 1.27311e-20 5.13746e-21 1.3132e-20 5.50462e-21 1.34872e-20 5.83643e-21 1.38091e-20 6.1399e-21 1.41019e-20 6.42003e-21 1.43697e-20 6.68057e-21 1.46166e-20 6.92441e-21 1.4851e-20 7.1538e-21 1.50688e-20 7.37056e-21 1.5274e-20 7.57616e-21 1.54667e-20 7.77183e-21 1.56511e-20 7.9586e-21 1.58229e-20 8.13733e-21 1.59906e-20 8.30877e-21 1.61499e-20 8.47355e-21
1837.33 7.74227e-20 7.74227e-20 5.55179e-33 7.17075e-14 5.52723e-07 5.80486e-21 1.01975e-21 6.75379e-21 1.58317e-21 7.82106e-21 2.33772e-21 8.50526e-21 2.87818e-21 9.01928e-21 3.30954e-21 9.4354e-21 3.67277e-21 9.78511e-21 3.98875e-21 1.00905e-20 4.26969e-21 1.03611e-20 4.52346e-21 1.06062e-20 4.75547e-21 1.08292e-20 4.96956e-21 1.10332e-20 5.16863e-21 1.12212e-20 5.35489e-21 1.13998e-20 5.53009e-21 1.15656e-20 5.6956e-21 1.17219e-20 5.85258e-21 1.18686e-20 6.00195e-21 1.2009e-20 6.14451e-21 1.21399e-20 6.28092e-21 1.22675e-20 6.41175e-21 1.23888e-20 6.53749e-21
1931.64 7.20365e-20 7.20365e-20 4.54647e-33 6.31134e-14 -1.98193e-06 4.48799e-21 8.0967e-22 5.21231e-21 1.24747e-21 6.02659e-21 1.8298e-21 6.54844e-21 2.24533e-21 6.94044e-21 2.57637e-21 7.25774e-21 2.85481e-21 7.52438e-21 3.09684e-21 7.75722e-21 3.31192e-21 7.96348e-21 3.5061e-21 8.1504e-21 3.68357e-21 8.32038e-21 3.84729e-21 8.47584e-21 3.99948e-21 8.61919e-21 4.14186e-21 8.75528e-21 4.27575e-21 8.88168e-21 4.40222e-21 9.00081e-21 4.52215e-21 9.11267e-21 4.63625e-21 9.21967e-21 4.74515e-21 9.3194e-21 4.84933e-21 9.4167e-21 4.94924e-21 9.50916e-21 5.04525e-21
2030.79 6.69344e-20 6.69344e-20 3.72336e-33 5.56271e-14 -2.91336e-07 3.46242e-21 6.40881e-22 4.01444e-21 9.80093e-22 4.63475e-21 1.42843e-21 5.03219e-21 1.74721e-21 5.33068e-21 2.00074e-21 5.57228e-21 2.21378e-21 5.77528e-21 2.39882e-21 5.95255e-21 2.56316e-21 6.10956e-21 2.71149e-21 6.25185e-21 2.847e-21 6.38125e-21 2.97199e-21 6.49958e-21 3.08814e-21 6.6087e-21 3.19679e-21 6.71229e-21 3.29894e-21 6.8085e-21 3.39542e-21 6.89917e-21 3.48689e-21 6.9843e-21 3.57392e-21 7.06575e-21 3.65695e-21 7.14165e-21 3.73639e-21 7.21571e-21 3.81257e-21 7.28607e-21 3.88577e-21
2135.03 6.20502e-20 6.20502e-20 3.04888e-33 4.91357e-14 9.96402e-07 2.66305e-21 5.05252e-22 3.08271e-21 7.67102e-22 3.55409e-21 1.11112e-21 3.85604e-21 1.35493e-21 4.08278e-21 1.54854e-21 4.26629e-21 1.71107e-21 4.42048e-21 1.85215e-21 4.55511e-21 1.97739e-21 4.67435e-21 2.09038e-21 4.78241e-21 2.19358e-21 4.88067e-21 2.28874e-21 4.97054e-21 2.37716e-21 5.0534e-21 2.45985e-21 5.13206e-21 2.53758e-21 5.20511e-21 2.61099e-21 5.27396e-21 2.68058e-21 5.3386e-21 2.74678e-21 5.40044e-21 2.80994e-21 5.45808e-21 2.87036e-21 5.51431e-21 2.92829e-21 5.56773e-21 2.98396e-21
2244.63 5.74922e-20 5.74922e-20 2.4964e-33 4.34215e-14 1.58629e-06 2.04572e-21 3.97462e-22 2.36452e-21 5.99221e-22 2.7225e-21 8.62811e-22 2.95175e-21 1.04906e-21 3.12389e-21 1.19674e-21 3.26319e-21 1.32061e-21 3.38022e-21 1.42807e-21 3.48241e-21 1.52342e-21 3.57291e-21 1.60942e-21 3.65493e-21 1.68794e-21 3.7295e-21 1.76033e-21 3.7977e-21 1.82759e-21 3.86059e-21 1.89047e-21 3.92028e-21 1.94957e-21 3.97572e-21 2.00538e-21 4.02797e-21 2.05829e-21 4.07703e-21 2.10861e-21 4.12395e-21 2.15662e-21 4.16769e-21 2.20254e-21 4.21036e-21 2.24656e-21 4.2509e-21 2.28886e-21
2359.84 5.32906e-20 5.32906e-20 2.04411e-33 3.83578e-14 5.24005e-08 1.57108e-21 3.12296e-22 1.81332e-21 4.67623e-22 2.08526e-21 6.69494e-22 2.25937e-21 8.11732e-22 2.39009e-21 9.24371e-22 2.49586e-21 1.01877e-21 2.58473e-21 1.10062e-21 2.66231e-21 1.17322e-21 2.73103e-21 1.23868e-21 2.7933e-21 1.29844e-21 2.84991e-21 1.35352e-21 2.90169e-21 1.40468e-21 2.94943e-21 1.4525e-21 2.99475e-21 1.49745e-21 3.03683e-21 1.53989e-21 3.0765e-21 1.58012e-21 3.11374e-21 1.61837e-21 3.14936e-21 1.65487e-21 3.18256e-21 1.68978e-21 3.21495e-21 1.72324e-21 3.24573e-21 1.75539e-21
2480.97 4.93827e-20 4.93827e-20 1.67395e-33 3.38975e-14 5.41967e-07 1.20547e-21 2.44933e-22 1.38947e-21 3.64344e-22 1.59596e-21 5.1878e-22 1.72814e-21 6.27316e-22 1.82738e-21 7.13163e-22 1.90767e-21 7.85058e-22 1.97512e-21 8.47364e-22 2.03401e-21 9.0261e-22 2.08616e-21 9.52407e-22 2.13342e-21 9.97855e-22 2.17639e-21 1.03974e-21 2.21569e-21 1.07863e-21 2.25192e-21 1.11499e-21 2.28631e-21 1.14916e-21 2.31825e-21 1.18141e-21 2.34835e-21 1.21199e-21 2.37661e-21 1.24106e-21 2.40365e-21 1.26879e-21 2.42884e-21 1.29531e-21 2.45342e-21 1.32074e-21 2.47678e-21 1.34517e-21
2608.32 4.57642e-20 4.57642e-20 1.37063e-33 2.99499e-14 2.45627e-06 9.24453e-22 1.91827e-22 1.0642e-21 2.83532e-22 1.22099e-21 4.016e-22 1.32134e-21 4.8438e-22 1.39667e-21 5.49784e-22 1.45762e-21 6.04521e-22 1.50882e-21 6.51937e-22 1.55351e-21 6.93966e-22 1.5931e-21 7.3184e-22 1.62897e-21 7.664e-22 1.66158e-21 7.98242e-22 1.6914e-21 8.27811e-22 1.7189e-21 8.55447e-22 1.745e-21 8.81415e-22 1.76924e-21 9.05928e-22 1.79208e-21 9.29159e-22 1.81353e-21 9.51249e-22 1.83405e-21 9.7232e-22 1.85317e-21 9.92471e-22 1.87182e-21 1.01179e-21 1.88954e-21 1.03034e-21
2742.21 4.24072e-20 4.24072e-20 1.1223e-33 2.64648e-14 2.24232e-06 7.08485e-22 1.50006e-22 8.14602e-22 2.20356e-22 9.33631e-22 3.10551e-22 1.00981e-21 3.73651e-22 1.06698e-21 4.23455e-22 1.11324e-21 4.65112e-22 1.15209e-21 5.01183e-22 1.18601e-21 5.33145e-22 1.21605e-21 5.61942e-22 1.24327e-21 5.88214e-22 1.26802e-21 6.12416e-22 1.29065e-21 6.34887e-22 1.31152e-21 6.55887e-22 1.33132e-21 6.75618e-22 1.34972e-21 6.94242e-22 1.36705e-21 7.11891e-22 1.38333e-21 7.28672e-22 1.39889e-21 7.44678e-22 1.4134e-21 7.59984e-22 1.42756e-21 7.74656e-22 1.441e-21 7.88749e-22
2882.97 3.93001e-20 3.93001e-20 9.18878e-34 2.33811e-14 2.59466e-06 5.42731e-22 1.17151e-22 6.2331e-22 1.71073e-22 7.13675e-22 2.39938e-22 7.71496e-22 2.8802e-22 8.14893e-22 3.25935e-22 8.50001e-22 3.57631e-22 8.79491e-22 3.85065e-22 9.05235e-22 4.09369e-22 9.28034e-22 4.31261e-22 9.4869e-22 4.5123e-22 9.67472e-22 4.69623e-22 9.84646e-22 4.867e-22 1.00048e-21 5.02656e-22 1.01551e-21 5.17647e-22 1.02947e-21 5.31796e-22 1.04262e-21 5.45203e-22 1.05497e-21 5.5795e-22 1.06679e-21 5.70108e-22 1.07779e-21 5.81733e-22 1.08854e-21 5.92877e-22 1.09874e-21 6.03581e-22
3030.95 3.64238e-20 3.64238e-20 7.5241e-34 2.06571e-14 6.43629e-06 4.15582e-22 9.1377e-23 4.76768e-22 1.32676e-22 5.45372e-22 1.85229e-22 5.89264e-22 2.21855e-22 6.22204e-22 2.50713e-22 6.48851e-22 2.74824e-22 6.71234e-22 2.95687e-22 6.90772e-22 3.14165e-22 7.08076e-22 3.30806e-22 7.23753e-22 3.45982e-22 7.38007e-22 3.5996e-22 7.5104e-22 3.72935e-22 7.63057e-22 3.85058e-22 7.74464e-22 3.96448e-22 7.85056e-22 4.07196e-22 7.95039e-22 4.1738e-22 8.04411e-22 4.27063e-22 8.13376e-22 4.36297e-22 8.2173e-22 4.45127e-22 8.29881e-22 4.5359e-22 8.37625e-22 4.61719e-22
3186.53 3.37583e-20 3.37583e-20 6.1606e-34 1.82492e-14 -2.12945e-06 3.18072e-22 7.1183e-23 3.64529e-22 1.02788e-22 4.16609e-22 1.42873e-22 4.49926e-22 1.70762e-22 4.74927e-22 1.92719e-22 4.95153e-22 2.11057e-22 5.1214e-22 2.26919e-22 5.26969e-22 2.40965e-22 5.40101e-22 2.53612e-22 5.51998e-22 2.65144e-22 5.62816e-22 2.75765e-22 5.72707e-22 2.85622e-22 5.81826e-22 2.94832e-22 5.90483e-22 3.03484e-22 5.98521e-22 3.11648e-22 6.06097e-22 3.19383e-22 6.13209e-22 3.26737e-22 6.20012e-22 3.3375e-22 6.26352e-22 3.40456e-22 6.32537e-22 3.46883e-22 6.38414e-22 3.53056e-22
3350.09 3.12853e-20 3.12853e-20 5.044e-34 1.61226e-14 -4.62999e-06 2.43312e-22 5.53787e-23 2.78579e-22 7.95456e-23 3.18109e-22 1.10103e-22 3.43395e-22 1.3133e-22 3.62369e-22 1.48031e-22 3.77718e-22 1.61973e-22 3.90609e-22 1.7403e-22 4.01862e-22 1.84703e-22 4.11827e-22 1.94313e-22 4.20855e-22 2.03074e-22 4.29064e-22 2.11142e-22 4.36569e-22 2.18629e-22 4.43489e-22 2.25625e-22 4.50058e-22 2.32195e-22 4.56157e-22 2.38395e-22 4.61905e-22 2.44269e-22 4.67302e-22 2.49854e-22 4.72464e-22 2.55179e-22 4.77275e-22 2.60271e-22 4.81968e-22 2.65151e-22 4.86427e-22 2.69838e-22
3522.05 2.89827e-20 2.89827e-20 4.13055e-34 1.42518e-14 -1.72312e-06 1.85975e-22 4.30165e-23 2.12736e-22 6.14762e-23 2.42728e-22 8.47514e-23 2.61911e-22 1.00898e-22 2.76305e-22 1.13593e-22 2.87948e-22 1.24187e-22 2.97727e-22 1.33346e-22 3.06263e-22 1.41452e-22 3.13821e-22 1.4875e-22 3.2067e-22 1.55403e-22 3.26896e-22 1.61528e-22 3.32589e-22 1.67213e-22 3.37838e-22 1.72523e-22 3.4282e-22 1.77511e-22 3.47446e-22 1.82217e-22 3.51806e-22 1.86676e-22 3.559e-22 1.90914e-22 3.59815e-22 1.94956e-22 3.63464e-22 1.9882e-22 3.67023e-22 2.02524e-22 3.70405e-22 2.06081e-22
3702.84 2.68612e-20 2.68612e-20 3.38178e-34 1.25898e-14 -7.34016e-06 1.42153e-22 3.33904e-23 1.62467e-22 4.74877e-23 1.85231e-22 6.52167e-23 1.9979e-22 7.74998e-23 2.10713e-22 8.71518e-23 2.19549e-22 9.52036e-23 2.2697e-22 1.02163e-22 2.33447e-22 1.08322e-22 2.39183e-22 1.13865e-22 2.44379e-22 1.18919e-22 2.49104e-22 1.23571e-22 2.53424e-22 1.27888e-22 2.57407e-22 1.31921e-22 2.61187e-22 1.35708e-22 2.64698e-22 1.39282e-22 2.68006e-22 1.42667e-22 2.71112e-22 1.45885e-22 2.74083e-22 1.48954e-22 2.76852e-22 1.51888e-22 2.79553e-22 1.547e-22 2.82119e-22 1.574e-22
3892.91 2.48944e-20 2.48944e-20 2.76877e-34 1.1122e-14 1.07718e-06 1.08613e-22 2.58896e-23 1.24032e-22 3.66491e-23 1.41309e-22 5.01482e-23 1.52357e-22 5.94898e-23 1.60646e-22 6.68266e-23 1.67351e-22 7.2945e-23 1.72982e-22 7.82324e-23 1.77897e-22 8.29109e-23 1.8225e-22 8.71212e-23 1.86193e-22 9.09589e-23 1.89778e-22 9.44918e-23 1.93056e-22 9.777e-23 1.96078e-22 1.00832e-22 1.98947e-22 1.03708e-22 2.0161e-22 1.06421e-22 2.04121e-22 1.08991e-22 2.06477e-22 1.11434e-22 2.08732e-22 1.13764e-22 2.10832e-22 1.15991e-22 2.12882e-22 1.18126e-22 2.14829e-22 1.20176e-22
4092.73 2.30714e-20 2.30714e-20 2.26682e-34 9.82525e-15 4.85374e-06 8.2955e-23 2.00527e-23 9.46582e-23 2.82601e-23 1.07769e-22 3.85349e-23 1.16153e-22 4.56377e-23 1.22444e-22 5.12134e-23 1.27531e-22 5.5862e-23 1.31804e-22 5.98784e-23 1.35534e-22 6.34317e-23 1.38836e-22 6.66291e-23 1.41828e-22 6.95434e-23 1.44548e-22 7.22259e-23 1.47036e-22 7.4715e-23 1.49329e-22 7.70398e-23 1.51505e-22 7.9223e-23 1.53526e-22 8.12828e-23 1.55431e-22 8.3234e-23 1.57219e-22 8.50887e-23 1.58929e-22 8.68572e-23 1.60523e-22 8.85478e-23 1.62078e-22 9.01681e-23 1.63555e-22 9.17241e-23
4302.81 2.13822e-20 2.13822e-20 1.85587e-34 8.67953e-15 2.09765e-06 6.33377e-23 1.55165e-23 7.22199e-23 2.17742e-23 8.21699e-23 2.95926e-23 8.85321e-23 3.49921e-23 9.33052e-23 3.92288e-23 9.71658e-23 4.27602e-23 1.00408e-22 4.58107e-23 1.03238e-22 4.85093e-23 1.05744e-22 5.09373e-23 1.08014e-22 5.31501e-23 1.10078e-22 5.51868e-23 1.11965e-22 5.70766e-23 1.13705e-22 5.88415e-23 1.15356e-22 6.04989e-23 1.1689e-22 6.20626e-23 1.18335e-22 6.35438e-23 1.19691e-22 6.49516e-23 1.20989e-22 6.6294e-23 1.22199e-22 6.75773e-23 1.23378e-22 6.88071e-23 1.24499e-22 6.99882e-23
4523.68 1.98167e-20 1.98167e-20 1.51944e-34 7.66749e-15 -7.28777e-06 4.83438e-23 1.1995e-23 5.50847e-23 1.6764e-23 6.26354e-23 2.27116e-23 6.74631e-23 2.68154e-23 7.1085e-23 3.00343e-23 7.40143e-23 3.27166e-23 7.64744e-23 3.50333e-23 7.86216e-23 3.70825e-23 8.05229e-23 3.8926e-23 8.22454e-23 4.06061e-23 8.38114e-23 4.21524e-23 8.52433e-23 4.3587e-23 8.65634e-23 4.49268e-23 8.78163e-23 4.6185e-23 8.89799e-23 4.73719e-23 9.00763e-23 4.84962e-23 9.11057e-23 4.95649e-23 9.20903e-23 5.05838e-23 9.30078e-23 5.15578e-23 9.3903e-23 5.24912e-23 9.47534e-23 5.33876e-23
4755.88 1.83626e-20 1.83626e-20 1.24392e-34 6.77418e-15 3.93745e-06 3.68816e-23 9.26272e-24 4.19964e-23 1.28951e-23 4.77251e-23 1.74175e-23 5.13878e-23 2.05355e-23 5.41355e-23 2.29803e-23 5.63578e-23 2.5017e-23 5.8224e-23 2.6776e-23 5.98529e-23 2.83316e-23 6.12953e-23 2.97311e-23 6.2602e-23 3.10063e-23 6.379e-23 3.218e-23 6.48762e-23 3.32688e-23 6.58776e-23 3.42857e-23 6.68281e-23 3.52405e-23 6.77108e-23 3.61413e-23 6.85425e-23 3.69945e-23 6.93234e-23 3.78055e-23 7.00703e-23 3.85787e-23 7.07663e-23 3.93178e-23 7.14453e-23 4.00261e-23 7.20904e-23 4.07063e-23
5000 1.70188e-20 1.70188e-20 1.01841e-34 5.98405e-15 -5.75304e-06 2.81345e-23 7.14807e-24 3.20161e-23 9.91419e-24 3.63633e-23 1.33529e-23 3.91426e-23 1.5722e-23 4.12276e-23 1.7579e-23 4.29138e-23 1.91257e-23 4.43299e-23 2.04613e-23 4.55658e-23 2.16425e-23 4.66602e-23 2.27049e-23 4.76517e-23 2.3673e-23 4.85531e-23 2.45639e-23 4.93772e-23 2.53905e-23 5.0137e-23 2.61623e-23 5.08582e-23 2.68871e-23 5.15279e-23 2.75708e-23 5.2159e-23 2.82184e-23 5.27514e-23 2.88339e-23 5.33181e-23 2.94208e-23 5.38462e-23 2.99817e-23 5.43614e-23 3.05193e-23 5.48509e-23 3.10356e-23
