# 0.00256808 1 107 : grain size, compostion index, size index
# Heating and cooling timescale: 5.38558e-07 inf
# Ratio of heating to cooling to determine stochastic cutoff: 100
# Equilibrium emission is recorded even for those grains in the stochastic regime.
# Emission spectrum was computed for: 
# Type: IRSF
# Scales: 0.25 0.5 1 1.5 2 2.5 3 3.5 4 4.5 5 5.5 6 6.5 7 7.5 8 8.5 9 9.5 10
# StochasticallyHeated: 0 0 0 0 0 0 0 0 0 0 0 0 0 0 0 0 0 0 0 0 0
# Temperature: -1
# Wavelength  CExt  CAbs  CSca  Albedo G EqEm1 StEm1 EqEm2 StEm2 EqEm3 StEm3 EqEm4 StEm4 EqEm5 StEm5 EqEm6 StEm6 EqEm7 StEm7 EqEm8 StEm8 EqEm9 StEm9 EqEm10 StEm10 EqEm11 StEm11 EqEm12 StEm12 EqEm13 StEm13 EqEm14 StEm14 EqEm15 StEm15 EqEm16 StEm16 EqEm17 StEm17 EqEm18 StEm18 EqEm19 StEm19 EqEm20 StEm20 EqEm21 StEm21
0.05 4.16124e-05 1.46952e-05 2.69172e-05 0.646855 0.854189 0 0 0 0 0 0 0 0 0 0 0 0 0 0 0 0 0 0 0 0 0 0 0 0 0 0 0 0 0 0 0 0 0 0 0 0 0 0 0 0 0 0
0.0525665 4.16203e-05 1.44574e-05 2.71629e-05 0.652636 0.841723 0 0 0 0 0 0 0 0 0 0 0 0 0 0 0 0 0 0 0 0 0 0 0 0 0 0 0 0 0 0 0 0 0 0 0 0 0 0 0 0 0 0
0.0552647 4.16285e-05 1.42778e-05 2.73507e-05 0.657019 0.831376 0 0 0 0 0 0 0 0 0 0 0 0 0 0 0 0 0 0 0 0 0 0 0 0 0 0 0 0 0 0 0 0 0 0 0 0 0 0 0 0 0 0
0.0581015 4.16365e-05 1.41972e-05 2.74393e-05 0.65902 0.825031 0 0 0 0 0 0 0 0 0 0 0 0 0 0 0 0 0 0 0 0 0 0 0 0 0 0 0 0 0 0 0 0 0 0 0 0 0 0 0 0 0 0
0.0610839 4.16448e-05 1.3997e-05 2.76478e-05 0.663895 0.816288 0 0 0 0 0 0 0 0 0 0 0 0 0 0 0 0 0 0 0 0 0 0 0 0 0 0 0 0 0 0 0 0 0 0 0 0 0 0 0 0 0 0
0.0642193 4.16543e-05 1.34962e-05 2.8158e-05 0.675994 0.798042 0 0 0 0 0 0 0 0 0 0 0 0 0 0 0 0 0 0 0 0 0 0 0 0 0 0 0 0 0 0 0 0 0 0 0 0 0 0 0 0 0 0
0.0675157 4.16657e-05 1.29992e-05 2.86665e-05 0.688011 0.778114 0 0 0 0 0 0 0 0 0 0 0 0 0 0 0 0 0 0 0 0 0 0 0 0 0 0 0 0 0 0 0 0 0 0 0 0 0 0 0 0 0 0
0.0709813 4.16778e-05 1.29515e-05 2.87263e-05 0.689246 0.771019 0 0 0 0 0 0 0 0 0 0 0 0 0 0 0 0 0 0 0 0 0 0 0 0 0 0 0 0 0 0 0 0 0 0 0 0 0 0 0 0 0 0
0.0746248 4.16896e-05 1.3151e-05 2.85386e-05 0.68455 0.772383 0 0 0 0 0 0 0 0 0 0 0 0 0 0 0 0 0 0 0 0 0 0 0 0 0 0 0 0 0 0 0 0 0 0 0 0 0 0 0 0 0 0
0.0784553 4.1701e-05 1.3428e-05 2.8273e-05 0.677993 0.777293 0 0 0 0 0 0 0 0 0 0 0 0 0 0 0 0 0 0 0 0 0 0 0 0 0 0 0 0 0 0 0 0 0 0 0 0 0 0 0 0 0 0
0.0824824 4.17127e-05 1.37443e-05 2.79683e-05 0.6705 0.783177 0 0 0 0 0 0 0 0 0 0 0 0 0 0 0 0 0 0 0 0 0 0 0 0 0 0 0 0 0 0 0 0 0 0 0 0 0 0 0 0 0 0
0.0867162 4.17245e-05 1.38203e-05 2.79041e-05 0.668771 0.782067 0 0 0 0 0 0 0 0 0 0 0 0 0 0 0 0 0 0 0 0 0 0 0 0 0 0 0 0 0 0 0 0 0 0 0 0 0 0 0 0 0 0
0.0911674 4.17377e-05 1.37596e-05 2.79781e-05 0.670331 0.776937 0 0 0 0 0 0 0 0 0 0 0 0 0 0 0 0 0 0 0 0 0 0 0 0 0 0 0 0 0 0 0 0 0 0 0 0 0 0 0 0 0 0
0.095847 4.17512e-05 1.38221e-05 2.79291e-05 0.668941 0.775198 0 0 0 0 0 0 0 0 0 0 0 0 0 0 0 0 0 0 0 0 0 0 0 0 0 0 0 0 0 0 0 0 0 0 0 0 0 0 0 0 0 0
0.100767 4.1762e-05 1.43118e-05 2.74502e-05 0.657301 0.786643 0 0 0 0 0 0 0 0 0 0 0 0 0 0 0 0 0 0 0 0 0 0 0 0 0 0 0 0 0 0 0 0 0 0 0 0 0 0 0 0 0 0
0.105939 4.17708e-05 1.48034e-05 2.69675e-05 0.645606 0.80127 0 0 0 0 0 0 0 0 0 0 0 0 0 0 0 0 0 0 0 0 0 0 0 0 0 0 0 0 0 0 0 0 0 0 0 0 0 0 0 0 0 0
0.111377 4.17755e-05 1.56967e-05 2.60788e-05 0.624261 0.829225 0 0 0 0 0 0 0 0 0 0 0 0 0 0 0 0 0 0 0 0 0 0 0 0 0 0 0 0 0 0 0 0 0 0 0 0 0 0 0 0 0 0
0.117094 4.17783e-05 1.66155e-05 2.51628e-05 0.602293 0.8615 0 0 0 0 0 0 0 0 0 0 0 0 0 0 0 0 0 0 0 0 0 0 0 0 0 0 0 0 0 0 0 0 0 0 0 0 0 0 0 0 0 0
0.123105 4.17854e-05 1.72089e-05 2.45765e-05 0.588159 0.884095 0 0 0 0 0 0 0 0 0 0 0 0 0 0 0 0 0 0 0 0 0 0 0 0 0 0 0 0 0 0 0 0 0 0 0 0 0 0 0 0 0 0
0.129424 4.17942e-05 1.77131e-05 2.40811e-05 0.576182 0.904028 0 0 0 0 0 0 0 0 0 0 0 0 0 0 0 0 0 0 0 0 0 0 0 0 0 0 0 0 0 0 0 0 0 0 0 0 0 0 0 0 0 0
0.136067 4.18033e-05 1.81165e-05 2.36868e-05 0.566624 0.920196 0 0 0 0 0 0 0 0 0 0 0 0 0 0 0 0 0 0 0 0 0 0 0 0 0 0 0 0 0 0 0 0 0 0 0 0 0 0 0 0 0 0
0.143051 4.18111e-05 1.84299e-05 2.33812e-05 0.559211 0.932811 0 0 0 0 0 0 0 0 0 0 0 0 0 0 0 0 0 0 0 0 0 0 0 0 0 0 0 0 0 0 0 0 0 0 0 0 0 0 0 0 0 0
0.150394 4.18158e-05 1.86076e-05 2.32082e-05 0.555011 0.940944 0 0 0 0 0 0 0 0 0 0 0 0 0 0 0 0 0 0 0 0 0 0 0 0 0 0 0 0 0 0 0 0 0 0 0 0 0 0 0 0 0 0
0.158114 4.18204e-05 1.85439e-05 2.32765e-05 0.556582 0.941832 0 0 0 0 0 0 0 0 0 0 0 0 0 0 0 0 0 0 0 0 0 0 0 0 0 0 0 0 0 0 0 0 0 0 0 0 0 0 0 0 0 0
0.16623 4.18307e-05 1.81042e-05 2.37265e-05 0.567203 0.931067 0 0 0 0 0 0 0 0 0 0 0 0 0 0 0 0 0 0 0 0 0 0 0 0 0 0 0 0 0 0 0 0 0 0 0 0 0 0 0 0 0 0
0.174762 4.18501e-05 1.7238e-05 2.46121e-05 0.588101 0.904652 0 0 0 0 0 0 0 0 0 0 0 0 0 0 0 0 0 0 0 0 0 0 0 0 0 0 0 0 0 0 0 0 0 0 0 0 0 0 0 0 0 0
0.183733 4.18734e-05 1.61476e-05 2.57259e-05 0.614372 0.868973 0 0 0 0 0 0 0 0 0 0 0 0 0 0 0 0 0 0 0 0 0 0 0 0 0 0 0 0 0 0 0 0 0 0 0 0 0 0 0 0 0 0
0.193164 4.18992e-05 1.50154e-05 2.68838e-05 0.64163 0.832249 0 0 0 0 0 0 0 0 0 0 0 0 0 0 0 0 0 0 0 0 0 0 0 0 0 0 0 0 0 0 0 0 0 0 0 0 0 0 0 0 0 0
0.203079 4.19265e-05 1.40327e-05 2.78939e-05 0.665304 0.801899 0 0 0 0 0 0 0 0 0 0 0 0 0 0 0 0 0 0 0 0 0 0 0 0 0 0 0 0 0 0 0 0 0 0 0 0 0 0 0 0 0 0
0.213503 4.19559e-05 1.319e-05 2.87659e-05 0.685623 0.777207 0 0 0 0 0 0 0 0 0 0 0 0 0 0 0 0 0 0 0 0 0 0 0 0 0 0 0 0 0 0 0 0 0 0 0 0 0 0 0 0 0 0
0.224463 4.19894e-05 1.2631e-05 2.93584e-05 0.699185 0.760135 0 0 0 0 0 0 0 0 0 0 0 0 0 0 0 0 0 0 0 0 0 0 0 0 0 0 0 0 0 0 0 0 0 0 0 0 0 0 0 0 0 0
0.235984 4.20261e-05 1.23183e-05 2.97078e-05 0.70689 0.748641 0 0 0 0 0 0 0 0 0 0 0 0 0 0 0 0 0 0 0 0 0 0 0 0 0 0 0 0 0 0 0 0 0 0 0 0 0 0 0 0 0 0
0.248097 4.20651e-05 1.23842e-05 2.96809e-05 0.705594 0.744905 0 0 0 0 0 0 0 0 0 0 0 0 0 0 0 0 0 0 0 0 0 0 0 0 0 0 0 0 0 0 0 0 0 0 0 0 0 0 0 0 0 0
0.260832 4.20994e-05 1.26933e-05 2.94061e-05 0.698492 0.747042 0 0 0 0 0 0 0 0 0 0 0 0 0 0 0 0 0 0 0 0 0 0 0 0 0 0 0 0 0 0 0 0 0 0 0 0 0 0 0 0 0 0
0.274221 4.21265e-05 1.3065e-05 2.90615e-05 0.689863 0.751232 0 0 0 0 0 0 0 0 0 0 0 0 0 0 0 0 0 0 0 0 0 0 0 0 0 0 0 0 0 0 0 0 0 0 0 0 0 0 0 0 0 0
0.288297 4.21415e-05 1.35495e-05 2.85921e-05 0.678477 0.760658 0 0 0 0 0 0 0 0 0 0 0 0 0 0 0 0 0 0 0 0 0 0 0 0 0 0 0 0 0 0 0 0 0 0 0 0 0 0 0 0 0 0
0.303095 4.21572e-05 1.38821e-05 2.82751e-05 0.670706 0.767845 0 0 0 0 0 0 0 0 0 0 0 0 0 0 0 0 0 0 0 0 0 0 0 0 0 0 0 0 0 0 0 0 0 0 0 0 0 0 0 0 0 0
0.318653 4.21734e-05 1.41535e-05 2.80199e-05 0.664398 0.774167 0 0 0 0 0 0 0 0 0 0 0 0 0 0 0 0 0 0 0 0 0 0 0 0 0 0 0 0 0 0 0 0 0 0 0 0 0 0 0 0 0 0
0.335009 4.21916e-05 1.43691e-05 2.78225e-05 0.659433 0.779601 0 0 0 0 0 0 0 0 0 0 0 0 0 0 0 0 0 0 0 0 0 0 0 0 0 0 0 0 0 0 0 0 0 0 0 0 0 0 0 0 0 0
0.352205 4.22125e-05 1.45186e-05 2.7694e-05 0.656061 0.783435 0 0 0 0 0 0 0 0 0 0 0 0 0 0 0 0 0 0 0 0 0 0 0 0 0 0 0 0 0 0 0 0 0 0 0 0 0 0 0 0 0 0
0.370284 4.22356e-05 1.46166e-05 2.7619e-05 0.653927 0.785802 0 0 0 0 0 0 0 0 0 0 0 0 0 0 0 0 0 0 0 0 0 0 0 0 0 0 0 0 0 0 0 0 0 0 0 0 0 0 0 0 0 0
0.389291 4.22605e-05 1.467e-05 2.75905e-05 0.652868 0.786711 0 0 0 0 0 0 0 0 0 0 0 0 0 0 0 0 0 0 0 0 0 0 0 0 0 0 0 0 0 0 0 0 0 0 0 0 0 0 0 0 0 0
0.409273 4.22865e-05 1.47103e-05 2.75762e-05 0.652128 0.787254 0 0 0 0 0 0 0 0 0 0 0 0 0 0 0 0 0 0 0 0 0 0 0 0 0 0 0 0 0 0 0 0 0 0 0 0 0 0 0 0 0 0
0.430281 4.23131e-05 1.47447e-05 2.75684e-05 0.651533 0.787636 0 0 0 0 0 0 0 0 0 0 0 0 0 0 0 0 0 0 0 0 0 0 0 0 0 0 0 0 0 0 0 0 0 0 0 0 0 0 0 0 0 0
0.452368 4.23411e-05 1.47798e-05 2.75613e-05 0.650935 0.788203 0 0 0 0 0 0 0 0 0 0 0 0 0 0 0 0 0 0 0 0 0 0 0 0 0 0 0 0 0 0 0 0 0 0 0 0 0 0 0 0 0 0
0.475588 4.23702e-05 1.48116e-05 2.75587e-05 0.650425 0.788715 0 0 0 0 0 0 0 0 0 0 0 0 0 0 0 0 0 0 0 0 0 0 0 0 0 0 0 0 0 0 0 0 0 0 0 0 0 0 0 0 0 0
0.5 4.2401e-05 1.48339e-05 2.75671e-05 0.650151 0.788964 0 0 0 0 0 0 0 0 0 0 0 0 0 0 0 0 0 0 0 0 0 0 0 0 0 0 0 0 0 0 0 0 0 0 0 0 0 0 0 0 0 0
0.525665 4.24335e-05 1.48503e-05 2.75833e-05 0.650035 0.78905 0 0 0 0 0 0 0 0 0 0 0 0 0 0 0 0 0 0 0 0 0 0 0 0 0 0 0 0 0 0 0 0 0 0 0 0 0 0 0 0 0 0
0.552648 4.24672e-05 1.48634e-05 2.76038e-05 0.650003 0.789017 0 0 0 0 0 0 0 0 0 0 0 0 0 0 0 0 0 0 0 0 0 0 0 0 0 0 0 0 0 0 0 0 0 0 0 0 0 0 0 0 0 0
0.581015 4.25033e-05 1.48518e-05 2.76515e-05 0.650573 0.788184 0 0 0 0 0 0 0 0 0 0 0 0 0 0 0 0 0 0 0 0 0 0 0 0 0 0 0 0 0 0 0 0 0 0 0 0 0 0 0 0 0 0
0.610839 4.25408e-05 1.48394e-05 2.77013e-05 0.651171 0.787312 0 0 0 0 0 0 0 0 0 0 0 0 0 0 0 0 0 0 0 0 0 0 0 0 0 0 0 0 0 0 0 0 0 0 0 0 0 0 0 0 0 0
0.642193 4.25797e-05 1.48261e-05 2.77535e-05 0.651802 0.786399 0 0 0 0 0 0 0 0 0 0 0 0 0 0 0 0 0 0 0 0 0 0 0 0 0 0 0 0 0 0 0 0 0 0 0 0 0 0 0 0 0 0
0.675157 4.26203e-05 1.48036e-05 2.78167e-05 0.652664 0.785168 0 0 0 0 0 0 0 0 0 0 0 0 0 0 0 0 0 0 0 0 0 0 0 0 0 0 0 0 0 0 0 0 0 0 0 0 0 0 0 0 0 0
0.709813 4.26625e-05 1.47724e-05 2.78901e-05 0.653737 0.783641 0 0 0 0 0 0 0 0 0 0 0 0 0 0 0 0 0 0 0 0 0 0 0 0 0 0 0 0 0 0 0 0 0 0 0 0 0 0 0 0 0 0
0.746248 4.27063e-05 1.47374e-05 2.79689e-05 0.654913 0.78196 0 0 0 0 0 0 0 0 0 0 0 0 0 0 0 0 0 0 0 0 0 0 0 0 0 0 0 0 0 0 0 0 0 0 0 0 0 0 0 0 0 0
0.784553 4.27516e-05 1.47012e-05 2.80504e-05 0.656125 0.780237 0 0 0 0 0 0 0 0 0 0 0 0 0 0 0 0 0 0 0 0 0 0 0 0 0 0 0 0 0 0 0 0 0 0 0 0 0 0 0 0 0 0
0.824824 4.2798e-05 1.46642e-05 2.81339e-05 0.657363 0.778465 0 0 0 0 0 0 0 0 0 0 0 0 0 0 0 0 0 0 0 0 0 0 0 0 0 0 0 0 0 0 0 0 0 0 0 0 0 0 0 0 0 0
0.867162 4.2846e-05 1.46262e-05 2.82198e-05 0.658633 0.776647 0 0 0 0 0 0 0 0 0 0 0 0 0 0 0 0 0 0 0 0 0 0 0 0 0 0 0 0 0 0 0 0 0 0 0 0 0 0 0 0 0 0
0.911674 4.28953e-05 1.45884e-05 2.83069e-05 0.659907 0.774823 0 0 0 0 0 0 0 0 0 0 0 0 0 0 0 0 0 0 0 0 0 0 0 0 0 0 0 0 0 0 0 0 0 0 0 0 0 0 0 0 0 0
0.95847 4.29454e-05 1.45531e-05 2.83922e-05 0.661124 0.773048 0 0 0 0 0 0 0 0 0 0 0 0 0 0 0 0 0 0 0 0 0 0 0 0 0 0 0 0 0 0 0 0 0 0 0 0 0 0 0 0 0 0
1.00767 4.2997e-05 1.45178e-05 2.84792e-05 0.662354 0.771263 0 0 0 0 0 0 0 0 0 0 0 0 0 0 0 0 0 0 0 0 0 0 0 0 0 0 0 0 0 0 0 0 0 0 0 0 0 0 0 0 0 0
1.05939 4.30493e-05 1.44868e-05 2.85625e-05 0.663483 0.769587 0 0 0 0 0 0 0 0 0 0 0 0 0 0 0 0 0 0 0 0 0 0 0 0 0 0 0 0 0 0 0 0 0 0 0 0 0 0 0 0 0 0
1.11377 4.3103e-05 1.44546e-05 2.86484e-05 0.664649 0.767871 0 0 0 0 0 0 0 0 0 0 0 0 0 0 0 0 0 0 0 0 0 0 0 0 0 0 0 0 0 0 0 0 0 0 0 0 0 0 0 0 0 0
1.17094 4.31583e-05 1.44264e-05 2.87319e-05 0.665733 0.766259 0 0 0 0 0 0 0 0 0 0 0 0 0 0 0 0 0 0 0 0 0 0 0 0 0 0 0 0 0 0 0 0 0 0 0 0 0 0 0 0 0 0
1.23105 4.32149e-05 1.43985e-05 2.88164e-05 0.666816 0.764653 0 0 0 0 0 0 0 0 0 0 0 0 0 0 0 0 0 0 0 0 0 0 0 0 0 0 0 0 0 0 0 0 0 0 0 0 0 0 0 0 0 0
1.29424 4.32731e-05 1.43662e-05 2.89069e-05 0.66801 0.762917 0 0 0 0 0 0 0 0 0 0 0 0 0 0 0 0 0 0 0 0 0 0 0 0 0 0 0 0 0 0 0 0 0 0 0 0 0 0 0 0 0 0
1.36067 4.33326e-05 1.43359e-05 2.89967e-05 0.669166 0.761226 0 0 0 0 0 0 0 0 0 0 0 0 0 0 0 0 0 0 0 0 0 0 0 0 0 0 0 0 0 0 0 0 0 0 0 0 0 0 0 0 0 0
1.43051 4.3393e-05 1.43086e-05 2.90844e-05 0.670256 0.759613 0 0 0 0 0 0 0 0 0 0 0 0 0 0 0 0 0 0 0 0 0 0 0 0 0 0 0 0 0 0 0 0 0 0 0 0 0 0 0 0 0 0
1.50394 4.34548e-05 1.42834e-05 2.91715e-05 0.671305 0.758047 0 0 0 0 0 0 0 0 0 0 0 0 0 0 0 0 0 0 0 0 0 0 0 0 0 0 0 0 0 0 0 0 0 0 0 0 0 0 0 0 0 0
1.58114 4.35187e-05 1.42566e-05 2.92621e-05 0.672403 0.756436 0 0 0 0 0 0 0 0 0 0 0 0 0 0 0 0 0 0 0 0 0 0 0 0 0 0 0 0 0 0 0 0 0 0 0 0 0 0 0 0 0 0
1.6623 4.35845e-05 1.4226e-05 2.93585e-05 0.6736 0.754724 0 0 0 0 0 0 0 0 0 0 0 0 0 0 0 0 0 0 0 0 0 0 0 0 0 0 0 0 0 0 0 0 0 0 0 0 0 0 0 0 0 0
1.74763 4.36513e-05 1.41946e-05 2.94567e-05 0.674818 0.752987 0 0 0 0 0 0 0 0 0 0 0 0 0 0 0 0 0 0 0 0 0 0 0 0 0 0 0 0 0 0 0 0 0 0 0 0 0 0 0 0 0 0
1.83733 4.37188e-05 1.41651e-05 2.95537e-05 0.675996 0.751297 0 0 0 0 0 0 0 0 0 0 0 0 0 0 0 0 0 0 0 0 0 0 0 0 0 0 0 0 0 0 0 0 0 0 0 0 0 0 0 0 0 0
1.93164 4.37885e-05 1.41356e-05 2.96529e-05 0.677185 0.749615 0 0 0 0 0 0 0 0 0 0 0 0 0 0 0 0 0 0 0 0 0 0 0 0 0 0 0 0 0 0 0 0 0 0 0 0 0 0 0 0 0 0
2.03079 4.386e-05 1.41058e-05 2.97542e-05 0.67839 0.747927 0 0 0 0 0 0 0 0 0 0 0 0 0 0 0 0 0 0 0 0 0 0 0 0 0 0 0 0 0 0 0 0 0 0 0 0 0 0 0 0 0 0
2.13503 4.39289e-05 1.40726e-05 2.98563e-05 0.67965 0.746133 0 0 0 0 0 0 0 0 0 0 0 0 0 0 0 0 0 0 0 0 0 0 0 0 0 0 0 0 0 0 0 0 0 0 0 0 0 0 0 0 0 0
2.24463 4.40046e-05 1.40392e-05 2.99654e-05 0.680961 0.744381 0 0 0 0 0 0 0 0 0 0 0 0 0 0 0 0 0 0 0 0 0 0 0 0 0 0 0 0 0 0 0 0 0 0 0 0 0 0 0 0 0 0
2.35984 4.40847e-05 1.40063e-05 3.00783e-05 0.682285 0.742661 0 0 0 0 0 0 0 0 0 0 0 0 0 0 0 0 0 0 0 0 0 0 0 0 0 0 0 0 0 0 0 0 0 0 0 0 0 0 0 0 0 0
2.48097 4.41434e-05 1.39725e-05 3.01709e-05 0.683475 0.740829 0 0 0 0 0 0 0 0 0 0 0 0 0 0 0 0 0 0 0 0 0 0 0 0 0 0 0 0 0 0 0 0 0 0 0 0 0 0 0 0 0 0
2.60832 4.42263e-05 1.39309e-05 3.02954e-05 0.685009 0.738934 0 0 0 0 0 0 0 0 0 0 0 0 0 0 0 0 0 0 0 0 0 0 0 0 0 0 0 0 0 0 0 0 0 0 0 0 0 0 0 0 0 0
2.74221 4.43134e-05 1.38846e-05 3.04288e-05 0.686672 0.736991 0 0 0 0 0 0 0 0 0 0 0 0 0 0 0 0 0 0 0 0 0 0 0 0 0 0 0 0 0 0 0 0 0 0 0 0 0 0 0 0 0 0
2.88297 4.44094e-05 1.38401e-05 3.05692e-05 0.688351 0.735139 0 0 0 0 0 0 0 0 0 0 0 0 0 0 0 0 0 0 0 0 0 0 0 0 0 0 0 0 0 0 0 0 0 0 0 0 0 0 0 0 0 0
3.03095 4.44999e-05 1.37913e-05 3.07086e-05 0.690082 0.733184 0 0 0 0 0 0 0 0 0 0 0 0 0 0 0 0 0 0 0 0 0 0 0 0 0 0 0 0 0 0 0 0 0 0 0 0 0 0 0 0 0 0
3.18653 4.45808e-05 1.37376e-05 3.08432e-05 0.69185 0.731118 0 0 0 0 0 0 0 0 0 0 0 0 0 0 0 0 0 0 0 0 0 0 0 0 0 0 0 0 0 0 0 0 0 0 0 0 0 0 0 0 0 0
3.35009 4.4665e-05 1.36807e-05 3.09843e-05 0.693704 0.729047 0 0 0 0 0 0 0 0 0 0 0 0 0 0 0 0 0 0 0 0 0 0 0 0 0 0 0 0 0 0 0 0 0 0 0 0 0 0 0 0 0 0
3.52205 4.47285e-05 1.36213e-05 3.11072e-05 0.695466 0.726744 0 0 0 0 0 0 0 0 0 0 0 0 0 0 0 0 0 0 0 0 0 0 0 0 0 0 0 0 0 0 0 0 0 0 0 0 0 0 0 0 0 0
3.70284 4.47647e-05 1.35597e-05 3.12051e-05 0.69709 0.724419 0 0 0 0 0 0 0 0 0 0 0 0 0 0 0 0 0 0 0 0 0 0 0 0 0 0 0 0 0 0 0 0 0 0 0 0 0 0 0 0 0 0
3.89291 4.48187e-05 1.34962e-05 3.13225e-05 0.698872 0.721985 0 0 0 0 0 0 0 0 0 0 0 0 0 0 0 0 0 0 0 0 0 0 0 0 0 0 0 0 0 0 0 0 0 0 0 0 0 0 0 0 0 0
4.09273 4.49834e-05 1.34251e-05 3.15583e-05 0.701554 0.720054 0 0 0 0 0 0 0 0 0 0 0 0 0 0 0 0 0 0 0 0 0 0 0 0 0 0 0 0 0 0 0 0 0 0 0 0 0 0 0 0 0 0
4.30281 4.51743e-05 1.33509e-05 3.18234e-05 0.704459 0.718222 0 0 0 0 0 0 0 0 0 0 0 0 0 0 0 0 0 0 0 0 0 0 0 0 0 0 0 0 0 0 0 0 0 0 0 0 0 0 0 0 0 0
4.52368 4.5093e-05 1.32829e-05 3.181e-05 0.705432 0.715116 0 0 0 0 0 0 0 0 0 0 0 0 0 0 0 0 0 0 0 0 0 0 0 0 0 0 0 0 0 0 0 0 0 0 0 0 0 0 0 0 0 0
4.75588 4.51698e-05 1.32007e-05 3.19691e-05 0.707753 0.71268 0 0 0 0 0 0 0 0 0 0 0 0 0 0 0 0 0 0 0 0 0 0 0 0 0 0 0 0 0 0 0 0 0 0 0 0 0 0 0 0 0 0
5 4.54833e-05 1.31228e-05 3.23605e-05 0.71148 0.711228 0 0 0 0 0 0 0 0 0 0 0 0 0 0 0 0 0 0 0 0 0 0 0 0 0 0 0 0 0 0 0 0 0 0 0 0 0 0 0 0 0 0
5.25665 4.52639e-05 1.30436e-05 3.22203e-05 0.711833 0.707282 0 0 0 0 0 0 0 0 0 0 0 0 0 0 0 0 0 0 0 0 0 0 0 0 0 0 0 0 0 0 0 0 0 0 0 0 0 0 0 0 0 0
5.52648 4.5579e-05 1.29522e-05 3.26268e-05 0.71583 0.705672 0 0 0 0 0 0 0 0 0 0 0 0 0 0 0 0 0 0 0 0 0 0 0 0 0 0 0 0 0 0 0 0 0 0 0 0 0 0 0 0 0 0
5.81015 4.55721e-05 1.28664e-05 3.27057e-05 0.71767 0.702796 0 0 0 0 0 0 0 0 0 0 0 0 0 0 0 0 0 0 0 0 0 0 0 0 0 0 0 0 0 0 0 0 0 0 0 0 0 0 0 0 0 0
6.10839 4.56889e-05 1.27821e-05 3.29068e-05 0.720236 0.700538 0 0 0 0 0 0 0 0 0 0 0 0 0 0 0 0 0 0 0 0 0 0 0 0 0 0 0 0 0 0 0 0 0 0 0 0 0 0 0 0 0 0
6.42193 4.58321e-05 1.27056e-05 3.31266e-05 0.722781 0.698376 0 0 0 0 0 0 0 0 0 0 0 0 0 0 0 0 0 0 0 0 0 0 0 0 0 0 0 0 0 0 0 0 0 0 0 0 0 0 0 0 0 0
6.75157 4.58598e-05 1.26247e-05 3.32351e-05 0.724711 0.695233 0 0 0 0 0 0 0 0 0 0 0 0 0 0 0 0 0 0 0 0 0 0 0 0 0 0 0 0 0 0 0 0 0 0 0 0 0 0 0 0 0 0
7.09813 4.5929e-05 1.25387e-05 3.33903e-05 0.726998 0.692974 0 0 0 0 0 0 0 0 0 0 0 0 0 0 0 0 0 0 0 0 0 0 0 0 0 0 0 0 0 0 0 0 0 0 0 0 0 0 0 0 0 0
7.46248 4.62543e-05 1.24856e-05 3.37687e-05 0.730066 0.692449 0 0 0 0 0 0 0 0 0 0 0 0 0 0 0 0 0 0 0 0 0 0 0 0 0 0 0 0 0 0 0 0 0 0 0 0 0 0 0 0 0 0
7.84553 4.58966e-05 1.24594e-05 3.34371e-05 0.728533 0.687296 0 0 0 0 0 0 0 0 0 0 0 0 0 0 0 0 0 0 0 0 0 0 0 0 0 0 0 0 0 0 0 0 0 0 0 0 0 0 0 0 0 0
8.24824 4.66602e-05 1.24184e-05 3.42418e-05 0.733854 0.689171 0 0 0 0 0 0 0 0 0 0 0 0 0 0 0 0 0 0 0 0 0 0 0 0 0 0 0 0 0 0 0 0 0 0 0 0 0 0 0 0 0 0
8.67162 4.60573e-05 1.24097e-05 3.36476e-05 0.730559 0.684248 0 0 0 0 0 0 0 0 0 0 0 0 0 0 0 0 0 0 0 0 0 0 0 0 0 0 0 0 0 0 0 0 0 0 0 0 0 0 0 0 0 0
9.11674 4.657e-05 1.24279e-05 3.41422e-05 0.733136 0.684988 0 0 0 0 0 0 0 0 0 0 0 0 0 0 0 0 0 0 0 0 0 0 0 0 0 0 0 0 0 0 0 0 0 0 0 0 0 0 0 0 0 0
9.5847 4.68358e-05 1.24523e-05 3.43835e-05 0.734129 0.684911 0 0 0 0 0 0 0 0 0 0 0 0 0 0 0 0 0 0 0 0 0 0 0 0 0 0 0 0 0 0 0 0 0 0 0 0 0 0 0 0 0 0
10.0767 4.62924e-05 1.2474e-05 3.38184e-05 0.730538 0.680607 0 0 0 0 0 0 0 0 0 0 0 0 0 0 0 0 0 0 0 0 0 0 0 0 0 0 0 0 0 0 0 0 0 0 0 0 0 0 0 0 0 0
10.5939 4.70651e-05 1.25438e-05 3.45214e-05 0.73348 0.683779 0 0 0 0 0 0 0 0 0 0 0 0 0 0 0 0 0 0 0 0 0 0 0 0 0 0 0 0 0 0 0 0 0 0 0 0 0 0 0 0 0 0
11.1377 4.70217e-05 1.26135e-05 3.44082e-05 0.731751 0.682922 0 0 0 0 0 0 0 0 0 0 0 0 0 0 0 0 0 0 0 0 0 0 0 0 0 0 0 0 0 0 0 0 0 0 0 0 0 0 0 0 0 0
11.7094 4.69827e-05 1.26131e-05 3.43696e-05 0.731537 0.67989 0 0 0 0 0 0 0 0 0 0 0 0 0 0 0 0 0 0 0 0 0 0 0 0 0 0 0 0 0 0 0 0 0 0 0 0 0 0 0 0 0 0
12.3105 4.71177e-05 1.26841e-05 3.44336e-05 0.730799 0.679258 0 0 0 0 0 0 0 0 0 0 0 0 0 0 0 0 0 0 0 0 0 0 0 0 0 0 0 0 0 0 0 0 0 0 0 0 0 0 0 0 0 0
12.9424 4.76275e-05 1.27051e-05 3.49224e-05 0.73324 0.680421 0 0 0 0 0 0 0 0 0 0 0 0 0 0 0 0 0 0 0 0 0 0 0 0 0 0 0 0 0 0 0 0 0 0 0 0 0 0 0 0 0 0
13.6067 4.72831e-05 1.275e-05 3.45331e-05 0.730347 0.678259 0 0 0 0 0 0 0 0 0 0 0 0 0 0 0 0 0 0 0 0 0 0 0 0 0 0 0 0 0 0 0 0 0 0 0 0 0 0 0 0 0 0
14.3051 4.73158e-05 1.28114e-05 3.45044e-05 0.729236 0.677469 0 0 0 0 0 0 0 0 0 0 0 0 0 0 0 0 0 0 0 0 0 0 0 0 0 0 0 0 0 0 0 0 0 0 0 0 0 0 0 0 0 0
15.0394 4.7824e-05 1.28574e-05 3.49666e-05 0.731152 0.677722 0 0 0 0 0 0 0 0 0 0 0 0 0 0 0 0 0 0 0 0 0 0 0 0 0 0 0 0 0 0 0 0 0 0 1.4013e-45 0 4.2039e-45 0 1.12104e-44 0 3.50325e-44 0
15.8114 4.79255e-05 1.28828e-05 3.50427e-05 0.731191 0.675838 0 0 0 0 0 0 0 0 0 0 0 0 0 0 0 0 0 0 0 0 0 0 0 0 0 0 0 0 2.8026e-45 0 1.4013e-44 0 5.46506e-44 0 1.98984e-43 0 6.57209e-43 0 1.97443e-42 0 5.79717e-42 0
16.623 4.77929e-05 1.28909e-05 3.4902e-05 0.730276 0.67345 0 0 0 0 0 0 0 0 0 0 0 0 0 0 0 0 0 0 0 0 0 0 2.8026e-45 0 2.10195e-44 0 1.17709e-43 0 5.61921e-43 0 2.38921e-42 0 8.77913e-42 0 3.01742e-41 0 9.41056e-41 0 2.67794e-40 0 7.45977e-40 0
17.4762 4.7935e-05 1.29018e-05 3.50332e-05 0.730848 0.672623 0 0 0 0 0 0 0 0 0 0 0 0 0 0 0 0 0 0 8.40779e-45 0 7.9874e-44 0 5.88545e-43 0 3.62236e-42 0 1.80922e-41 0 8.01347e-41 0 3.17332e-40 0 1.09401e-39 0 3.54e-39 0 1.04441e-38 0 2.82408e-38 0 7.48305e-38 0
18.3733 4.82003e-05 1.29194e-05 3.52809e-05 0.731965 0.672126 0 0 0 0 0 0 0 0 0 0 0 0 0 0 7.00649e-45 0 1.16308e-43 0 1.39149e-42 0 1.23132e-41 0 8.27621e-41 0 4.65832e-40 0 2.1511e-39 0 8.85991e-39 0 3.2805e-38 0 1.06464e-37 0 3.253e-37 0 9.10355e-37 0 2.34491e-36 0 5.92468e-36 0
19.3164 4.82413e-05 1.29033e-05 3.53379e-05 0.732525 0.669729 0 0 0 0 0 0 0 0 0 0 1.4013e-45 0 4.2039e-44 0 1.12805e-42 0 1.73579e-41 0 1.84742e-40 0 1.46987e-39 0 9.00189e-39 0 4.65686e-38 0 1.99565e-37 0 7.67075e-37 0 2.66435e-36 0 8.16378e-36 0 2.36206e-35 0 6.28631e-35 0 1.54614e-34 0 3.73365e-34 0
20.3079 4.81878e-05 1.2806e-05 3.53818e-05 0.734249 0.66604 0 0 0 0 0 0 0 0 1.4013e-45 0 1.47136e-43 0 6.50062e-42 0 1.48489e-40 0 1.99999e-39 0 1.89652e-38 0 1.36362e-37 0 7.644e-37 0 3.64949e-36 0 1.45669e-35 0 5.24288e-35 0 1.71365e-34 0 4.9714e-34 0 1.36569e-33 0 3.46498e-33 0 8.15587e-33 0 1.88652e-32 0
21.3503 4.81416e-05 1.2655e-05 3.54866e-05 0.737129 0.662358 0 0 0 0 0 0 0 0 2.01787e-43 0 2.099e-41 0 7.72658e-40 0 1.51493e-38 0 1.79717e-37 0 1.52693e-36 0 9.97074e-36 0 5.13811e-35 0 2.27283e-34 0 8.47916e-34 0 2.86681e-33 0 8.8438e-33 0 2.43563e-32 0 6.36877e-32 0 1.54406e-31 0 3.48564e-31 0 7.73913e-31 0
22.4463 4.80449e-05 1.24504e-05 3.55944e-05 0.740858 0.657775 0 0 0 0 0 0 6.86636e-44 0 2.79321e-41 0 2.31584e-39 0 7.14868e-38 0 1.21208e-36 0 1.27433e-35 0 9.75309e-35 0 5.81117e-34 0 2.76422e-33 0 1.13712e-32 0 3.97811e-32 0 1.26734e-31 0 3.70037e-31 0 9.69922e-31 0 2.41991e-30 0 5.61862e-30 0 1.21894e-29 0 2.60303e-29 0
23.5984 4.79382e-05 1.22181e-05 3.57201e-05 0.745129 0.652246 0 0 0 0 1.4013e-45 0 9.86794e-42 0 2.9921e-39 0 1.99946e-37 0 5.22043e-36 0 7.70887e-35 0 7.2253e-34 0 5.00684e-33 0 2.73426e-32 0 1.20526e-31 0 4.62728e-31 0 1.52279e-30 0 4.58446e-30 0 1.27034e-29 0 3.17672e-29 0 7.57978e-29 0 1.68898e-28 0 3.52822e-28 0 7.26049e-28 0
24.8097 4.78705e-05 1.19419e-05 3.59285e-05 0.750537 0.644024 0 0 0 0 2.81661e-43 0 1.09321e-39 0 2.50782e-37 0 1.365e-35 0 3.03915e-34 0 3.93503e-33 0 3.30645e-32 0 2.0846e-31 0 1.04786e-30 0 4.29625e-30 0 1.54458e-29 0 4.79587e-29 0 1.36819e-28 0 3.60717e-28 0 8.62562e-28 0 1.97255e-27 0 4.22676e-27 0 8.51761e-27 0 1.6921e-26 0
26.0832 4.80116e-05 1.16732e-05 3.63384e-05 0.756866 0.633263 0 0 0 0 3.66299e-41 0 9.49789e-38 0 1.67096e-35 0 7.4826e-34 0 1.43178e-32 0 1.63595e-31 0 1.23894e-30 0 7.13951e-30 0 3.31672e-29 0 1.26933e-28 0 4.28711e-28 0 1.2595e-27 0 3.41387e-27 0 8.58444e-27 0 1.96721e-26 0 4.32064e-26 0 8.92006e-26 0 1.73708e-25 0 3.33713e-25 0
27.4221 4.83306e-05 1.14284e-05 3.69022e-05 0.763537 0.622056 0 0 2.8026e-45 0 3.7125e-39 0 6.55805e-36 0 8.9637e-34 0 3.33396e-32 0 5.52332e-31 0 5.60329e-30 0 3.84409e-29 0 2.03365e-28 0 8.76493e-28 0 3.14165e-27 0 9.99857e-27 0 2.78689e-26 0 7.19492e-26 0 1.72957e-25 0 3.80622e-25 0 8.04468e-25 0 1.60309e-24 0 3.02189e-24 0 5.62324e-24 0
28.8297 4.87572e-05 1.1231e-05 3.75262e-05 0.769655 0.609476 0 0 3.41917e-43 0 2.97464e-37 0 3.6476e-34 0 3.92144e-32 0 1.22248e-30 0 1.76585e-29 0 1.59981e-28 0 9.99043e-28 0 4.8724e-27 0 1.95541e-26 0 6.58535e-26 0 1.98067e-25 0 5.25119e-25 0 1.29435e-24 0 2.98104e-24 0 6.31245e-24 0 1.28631e-23 0 2.47841e-23 0 4.52951e-23 0 8.17695e-23 0
30.3095 4.92767e-05 1.105e-05 3.82267e-05 0.775755 0.596212 0 0 4.26625e-41 0 1.90147e-35 0 1.64765e-32 0 1.40968e-30 0 3.71521e-29 0 4.71057e-28 0 3.83228e-27 0 2.18843e-26 0 9.87855e-26 0 3.70445e-25 0 1.17576e-24 0 3.3512e-24 0 8.47175e-24 0 1.9982e-23 0 4.4184e-23 0 9.01958e-23 0 1.77516e-22 0 3.31254e-22 0 5.87832e-22 0 1.03102e-21 0
31.8653 4.9894e-05 1.09264e-05 3.89676e-05 0.781008 0.584732 2.8026e-45 0 4.1674e-39 0 9.84245e-34 0 6.12977e-31 0 4.22046e-29 0 9.48092e-28 0 1.0619e-26 0 7.79863e-26 0 4.09026e-25 0 1.71535e-24 0 6.03054e-24 0 1.80909e-23 0 4.8993e-23 0 1.1837e-22 0 2.67739e-22 0 5.69524e-22 0 1.1228e-21 0 2.13795e-21 0 3.86983e-21 0 6.67764e-21 0 1.13953e-20 0
33.5009 5.04783e-05 1.07856e-05 3.96928e-05 0.786333 0.573688 4.17587e-43 0 3.20806e-37 0 4.14131e-32 0 1.88386e-29 0 1.05494e-27 0 2.0358e-26 0 2.02647e-25 0 1.3502e-24 0 6.53114e-24 0 2.55383e-23 0 8.44381e-23 0 2.40076e-22 0 6.19295e-22 0 1.43318e-21 0 3.11504e-21 0 6.38645e-21 0 1.21803e-20 0 2.24748e-20 0 3.95193e-20 0 6.64006e-20 0 1.10393e-19 0
35.2205 5.09314e-05 1.06651e-05 4.02663e-05 0.790599 0.562572 4.98302e-41 0 1.97559e-35 0 1.43568e-30 0 4.84393e-28 0 2.22856e-26 0 3.72192e-25 0 3.31166e-24 0 2.01135e-23 0 9.00857e-23 0 3.29568e-22 0 1.02786e-21 0 2.77708e-21 0 6.8398e-21 0 1.51934e-20 0 3.17949e-20 0 6.29403e-20 0 1.16315e-19 0 2.08299e-19 0 3.56313e-19 0 5.83703e-19 0 9.46634e-19 0
37.0284 5.14148e-05 1.05129e-05 4.0902e-05 0.795529 0.551087 4.63434e-39 0 9.79196e-34 0 4.11982e-29 0 1.04613e-26 0 3.99233e-25 0 5.81125e-24 0 4.6473e-23 0 2.58459e-22 0 1.07589e-21 0 3.69449e-21 0 1.09e-20 0 2.80546e-20 0 6.61221e-20 0 1.41265e-19 0 2.85154e-19 0 5.45973e-19 0 9.79167e-19 0 1.70433e-18 0 2.83998e-18 0 4.5416e-18 0 7.19361e-18 0
38.9291 5.18547e-05 1.03521e-05 4.15026e-05 0.800363 0.541212 3.40656e-37 0 3.95563e-32 0 9.89607e-28 0 1.91762e-25 0 6.12606e-24 0 7.8242e-23 0 5.65309e-22 0 2.89131e-21 0 1.12261e-20 0 3.62959e-20 0 1.01575e-19 0 2.49643e-19 0 5.64265e-19 0 1.16165e-18 0 2.26582e-18 0 4.20286e-18 0 7.32562e-18 0 1.24105e-17 0 2.01708e-17 0 3.15255e-17 0 4.88257e-17 0
40.9273 5.21348e-05 1.01248e-05 4.20099e-05 0.805795 0.531891 1.9904e-35 0 1.30783e-30 0 1.99553e-26 0 2.99008e-24 0 8.06586e-23 0 9.09698e-22 0 5.96775e-21 0 2.81846e-20 0 1.0242e-19 0 3.12701e-19 0 8.32221e-19 0 1.95751e-18 0 4.25183e-18 0 8.44998e-18 0 1.59529e-17 0 2.87117e-17 0 4.87055e-17 0 8.04162e-17 0 1.27638e-16 0 1.95187e-16 0 2.9591e-16 0
43.0281 5.22764e-05 9.91718e-06 4.23592e-05 0.810293 0.521943 9.42274e-34 0 3.60224e-29 0 3.43418e-25 0 4.02926e-23 0 9.25395e-22 0 9.27254e-21 0 5.54916e-20 0 2.42947e-19 0 8.2894e-19 0 2.39664e-18 0 6.08073e-18 0 1.37178e-17 0 2.86885e-17 0 5.51348e-17 0 1.0091e-16 0 1.76479e-16 0 2.91747e-16 0 4.70045e-16 0 7.29424e-16 0 1.09256e-15 0 1.62305e-15 0
45.2368 5.23931e-05 9.73258e-06 4.26605e-05 0.814239 0.510068 3.65353e-32 0 8.34407e-28 0 5.08564e-24 0 4.72836e-22 0 9.31876e-21 0 8.34379e-20 0 4.57567e-19 0 1.86393e-18 0 5.98986e-18 0 1.64431e-17 0 3.98653e-17 0 8.64315e-17 0 1.74362e-16 0 3.24577e-16 0 5.76781e-16 0 9.81559e-16 0 1.58332e-15 0 2.49224e-15 0 3.78541e-15 0 5.55917e-15 0 8.10037e-15 0
47.5588 5.24849e-05 9.57172e-06 4.29132e-05 0.817629 0.49742 1.17195e-30 0 1.63971e-26 0 6.53037e-23 0 4.8663e-21 0 8.29156e-20 0 6.67054e-19 0 3.3664e-18 0 1.28044e-17 0 3.88681e-17 0 1.01566e-16 0 2.3582e-16 0 4.92322e-16 0 9.59731e-16 0 1.73316e-15 0 2.99461e-15 0 4.96561e-15 0 7.82505e-15 0 1.20473e-14 0 1.79287e-14 0 2.58403e-14 0 3.69666e-14 0
50 5.25658e-05 9.32874e-06 4.3237e-05 0.822532 0.485353 3.10438e-29 0 2.7253e-25 0 7.2412e-22 0 4.3718e-20 0 6.48596e-19 0 4.71289e-18 0 2.19771e-17 0 7.83132e-17 0 2.25177e-16 0 5.61452e-16 0 1.25108e-15 0 2.51968e-15 0 4.75435e-15 0 8.34156e-15 0 1.40331e-14 0 2.27019e-14 0 3.49892e-14 0 5.27455e-14 0 7.69867e-14 0 1.08997e-13 0 1.53226e-13 0
52.5665 5.26901e-05 9.16546e-06 4.35246e-05 0.82605 0.47591 6.96974e-28 0 3.92754e-24 0 7.10105e-21 0 3.50933e-19 0 4.56404e-18 0 3.0103e-17 0 1.3021e-16 0 4.36078e-16 0 1.19086e-15 0 2.83971e-15 0 6.08493e-15 0 1.18433e-14 0 2.16648e-14 0 3.69819e-14 0 6.06549e-14 0 9.58462e-14 0 1.44635e-13 0 2.13709e-13 0 3.0622e-13 0 4.26245e-13 0 5.89327e-13 0
55.2648 5.27834e-05 9.09803e-06 4.36854e-05 0.827635 0.467269 1.34047e-26 0 4.9548e-23 0 6.21153e-20 0 2.53745e-18 0 2.91156e-17 0 1.75141e-16 0 7.05289e-16 0 2.22669e-15 0 5.78965e-15 0 1.32324e-14 0 2.73188e-14 0 5.14704e-14 0 9.14185e-14 0 1.52031e-13 0 2.43398e-13 0 3.76118e-13 0 5.56285e-13 0 8.06433e-13 0 1.13541e-12 0 1.55513e-12 0 2.11638e-12 0
58.1015 5.27294e-05 9.07199e-06 4.36574e-05 0.827952 0.455778 2.21362e-25 0 5.47873e-22 0 4.84828e-19 0 1.65242e-17 0 1.6831e-16 0 9.2752e-16 0 3.48952e-15 0 1.04155e-14 0 2.58471e-14 0 5.67379e-14 0 1.13064e-13 0 2.06532e-13 0 3.56685e-13 0 5.78624e-13 0 9.05322e-13 0 1.36956e-12 0 1.98727e-12 0 2.82914e-12 0 3.91728e-12 0 5.28356e-12 0 7.08306e-12 0
61.0839 5.25391e-05 9.00075e-06 4.35383e-05 0.828685 0.439214 3.13288e-24 0 5.29459e-21 0 3.36403e-18 0 9.65091e-17 0 8.77694e-16 0 4.45008e-15 0 1.56933e-14 0 4.44062e-14 0 1.05415e-13 0 2.22685e-13 0 4.29064e-13 0 7.61045e-13 0 1.27974e-12 0 2.02756e-12 0 3.10377e-12 0 4.60141e-12 0 6.5565e-12 0 9.17444e-12 0 1.25029e-11 0 1.66191e-11 0 2.19628e-11 0
64.2193 5.23762e-05 8.86726e-06 4.35089e-05 0.8307 0.41876 3.81993e-23 0 4.49103e-20 0 2.08218e-17 0 5.07056e-16 0 4.14018e-15 0 1.9392e-14 0 6.43052e-14 0 1.72949e-13 0 3.93592e-13 0 8.01637e-13 0 1.4959e-12 0 2.58011e-12 0 4.22989e-12 0 6.55277e-12 0 9.82452e-12 0 1.42877e-11 0 2.00095e-11 0 2.75436e-11 0 3.69732e-11 0 4.84675e-11 0 6.31856e-11 0
67.5157 5.24335e-05 8.73702e-06 4.36965e-05 0.833369 0.398289 4.06985e-22 0 3.38817e-19 0 1.16403e-16 0 2.42552e-15 0 1.78749e-14 0 7.76434e-14 0 2.42834e-13 0 6.22305e-13 0 1.36049e-12 0 2.67635e-12 0 4.8444e-12 0 8.13613e-12 0 1.30205e-11 0 1.97443e-11 0 2.90228e-11 0 4.1443e-11 0 5.7093e-11 0 7.73731e-11 0 1.0238e-10 0 1.32446e-10 0 1.70444e-10 0
70.9813 5.27441e-05 8.685e-06 4.40591e-05 0.835337 0.381439 3.8472e-21 0 2.30646e-18 0 5.95838e-16 0 1.07048e-14 0 7.1559e-14 0 2.89323e-13 0 8.55873e-13 0 2.09483e-12 0 4.40814e-12 0 8.38991e-12 0 1.47527e-11 0 2.41577e-11 0 3.77828e-11 0 5.61411e-11 0 8.09863e-11 0 1.1365e-10 0 1.54137e-10 0 2.05812e-10 0 2.68631e-10 0 3.43178e-10 0 4.3623e-10 0
74.6248 5.31475e-05 8.73754e-06 4.441e-05 0.835598 0.369007 3.25733e-20 0 1.42903e-17 0 2.81481e-15 0 4.39189e-14 0 2.6758e-13 0 1.01053e-12 0 2.83517e-12 0 6.64262e-12 0 1.34794e-11 0 2.48614e-11 0 4.25277e-11 0 6.79828e-11 0 1.04029e-10 0 1.51615e-10 0 2.14835e-10 0 2.96536e-10 0 3.96237e-10 0 5.21659e-10 0 6.72084e-10 0 8.48389e-10 0 1.06587e-09 0
78.4553 5.34054e-05 8.86346e-06 4.4542e-05 0.834035 0.358913 2.47569e-19 0 8.07e-17 0 1.22817e-14 0 1.67574e-13 0 9.3474e-13 0 3.30834e-12 0 8.82603e-12 0 1.98368e-11 0 3.88864e-11 0 6.96102e-11 0 1.15994e-10 0 1.81225e-10 0 2.71613e-10 0 3.88645e-10 0 5.41408e-10 0 7.35637e-10 0 9.69159e-10 0 1.25891e-09 0 1.60199e-09 0 1.99937e-09 0 2.48406e-09 0
82.4824 5.33295e-05 9.00851e-06 4.4321e-05 0.831078 0.347284 1.68795e-18 0 4.14794e-16 0 4.93931e-14 0 5.93197e-13 0 3.04255e-12 0 1.01241e-11 0 2.57457e-11 0 5.56212e-11 0 1.0551e-10 0 1.83579e-10 0 2.98373e-10 0 4.56119e-10 0 6.70243e-10 0 9.42404e-10 0 1.29175e-09 0 1.72909e-09 0 2.24752e-09 0 2.88242e-09 0 3.62504e-09 0 4.47554e-09 0 5.5019e-09 0
86.7162 5.2892e-05 9.11259e-06 4.37794e-05 0.827713 0.329825 1.03108e-17 0 1.93667e-15 0 1.82616e-13 0 1.94252e-12 0 9.19891e-12 0 2.88645e-11 0 7.01328e-11 0 1.45923e-10 0 2.68287e-10 0 4.54345e-10 0 7.21146e-10 0 1.0798e-09 0 1.55717e-09 0 2.15335e-09 0 2.90651e-09 0 3.83554e-09 0 4.92212e-09 0 6.23635e-09 0 7.75576e-09 0 9.47739e-09 0 1.15339e-08 0
91.1674 5.22271e-05 9.13811e-06 4.3089e-05 0.825031 0.303331 5.64964e-17 0 8.21802e-15 0 6.20652e-13 0 5.88221e-12 0 2.58189e-11 0 7.66157e-11 0 1.78259e-10 0 3.57863e-10 0 6.38677e-10 0 1.05414e-09 0 1.63583e-09 0 2.40159e-09 0 3.40195e-09 0 4.63057e-09 0 6.15929e-09 0 8.01871e-09 0 1.01658e-08 0 1.27322e-08 0 1.56665e-08 0 1.89577e-08 0 2.28513e-08 0
95.847 5.1584e-05 9.10287e-06 4.24811e-05 0.823533 0.266927 2.79601e-16 0 3.18927e-14 0 1.95019e-12 0 1.65609e-11 0 6.76263e-11 0 1.90297e-10 0 4.24874e-10 0 8.2442e-10 0 1.43031e-09 0 2.30367e-09 0 3.49901e-09 0 5.04154e-09 0 7.02117e-09 0 9.41407e-09 0 1.23488e-08 0 1.5871e-08 0 1.98889e-08 0 2.46376e-08 0 3.00104e-08 0 3.59784e-08 0 4.2974e-08 0
100.767 5.12343e-05 9.07501e-06 4.21593e-05 0.822872 0.222612 1.26504e-15 0 1.14504e-13 0 5.72779e-12 0 4.38162e-11 0 1.67046e-10 0 4.46904e-10 0 9.59424e-10 0 1.80237e-09 0 3.04399e-09 0 4.7899e-09 0 7.12833e-09 0 1.00893e-08 0 1.38256e-08 0 1.8274e-08 0 2.36553e-08 0 3.00322e-08 0 3.72227e-08 0 4.56305e-08 0 5.50485e-08 0 6.54139e-08 0 7.74581e-08 0
105.939 5.13533e-05 9.13685e-06 4.22164e-05 0.822078 0.174737 5.30367e-15 0 3.85262e-13 0 1.59207e-11 0 1.10272e-10 0 3.93813e-10 0 1.00416e-09 0 2.07682e-09 0 3.78323e-09 0 6.22801e-09 0 9.58563e-09 0 1.39911e-08 0 1.94697e-08 0 2.62726e-08 0 3.4256e-08 0 4.37883e-08 0 5.49485e-08 0 6.73946e-08 0 8.18002e-08 0 9.77836e-08 0 1.15221e-07 0 1.35315e-07 0
111.377 5.19443e-05 9.31572e-06 4.26286e-05 0.820659 0.127235 2.07471e-14 0 1.22255e-12 0 4.21273e-11 0 2.6548e-10 0 8.90972e-10 0 2.17035e-09 0 4.33229e-09 0 7.66414e-09 0 1.23135e-08 0 1.85571e-08 0 2.65902e-08 0 3.64102e-08 0 4.84186e-08 0 6.23189e-08 0 7.87109e-08 0 9.76831e-08 0 1.1862e-07 0 1.4262e-07 0 1.69008e-07 0 1.97558e-07 0 2.30197e-07 0
117.094 5.29238e-05 9.60293e-06 4.33208e-05 0.818552 0.0830606 7.5909e-14 0 3.6658e-12 0 1.06269e-10 0 6.12129e-10 0 1.93643e-09 0 4.51636e-09 0 8.71606e-09 0 1.49958e-08 0 2.35415e-08 0 3.47748e-08 0 4.89611e-08 0 6.60218e-08 0 8.6583e-08 0 1.10075e-07 0 1.37452e-07 0 1.68794e-07 0 2.03039e-07 0 2.41933e-07 0 2.8433e-07 0 3.29837e-07 0 3.81471e-07 0
123.105 5.41276e-05 9.95832e-06 4.41692e-05 0.816021 0.0436365 2.59448e-13 0 1.03684e-11 0 2.55012e-10 0 1.34855e-09 0 4.03281e-09 0 9.02479e-09 0 1.68666e-08 0 2.82601e-08 0 4.33984e-08 0 6.28974e-08 0 8.70892e-08 0 1.15734e-07 0 1.49781e-07 0 1.88202e-07 0 2.32476e-07 0 2.82636e-07 0 3.36925e-07 0 3.98045e-07 0 4.64126e-07 0 5.34521e-07 0 6.13824e-07 0
129.424 5.53093e-05 1.0214e-05 4.50954e-05 0.81533 0.0084137 8.17417e-13 0 2.72838e-11 0 5.73913e-10 0 2.79794e-09 0 7.93141e-09 0 1.70648e-08 0 3.09336e-08 0 5.05396e-08 0 7.6004e-08 0 1.08175e-07 0 1.47421e-07 0 1.93208e-07 0 2.46919e-07 0 3.06816e-07 0 3.75105e-07 0 4.5171e-07 0 5.33876e-07 0 6.2561e-07 0 7.24021e-07 0 8.28105e-07 0 9.44564e-07 0
136.067 5.61968e-05 1.03076e-05 4.58892e-05 0.816581 -0.0229757 2.36963e-12 0 6.66441e-11 0 1.20812e-09 0 5.45147e-09 0 1.4687e-08 0 3.04394e-08 0 5.35986e-08 0 8.5496e-08 0 1.26037e-07 0 1.76321e-07 0 2.36686e-07 0 3.06129e-07 0 3.86574e-07 0 4.75282e-07 0 5.75393e-07 0 6.86644e-07 0 8.04949e-07 0 9.35988e-07 0 1.07552e-06 0 1.2221e-06 0 1.38504e-06 0
143.051 5.63248e-05 9.97645e-06 4.63483e-05 0.822876 -0.0525319 6.18159e-12 0 1.47717e-10 0 2.32457e-09 0 9.74528e-09 0 2.50148e-08 0 5.0032e-08 0 8.56977e-08 0 1.33616e-07 0 1.93279e-07 0 2.65993e-07 0 3.51962e-07 0 4.49545e-07 0 5.61246e-07 0 6.83113e-07 0 8.19318e-07 0 9.6933e-07 0 1.12755e-06 0 1.30149e-06 0 1.4854e-06 0 1.67734e-06 0 1.8894e-06 0
150.394 5.55137e-05 9.45515e-06 4.60585e-05 0.829679 -0.0791058 1.48613e-11 0 3.04154e-10 0 4.18376e-09 0 1.63541e-08 0 4.00906e-08 0 7.75166e-08 0 1.29332e-07 0 1.97323e-07 0 2.80333e-07 0 3.79831e-07 0 4.95767e-07 0 6.25699e-07 0 7.72753e-07 0 9.31565e-07 0 1.10744e-06 0 1.29949e-06 0 1.50049e-06 0 1.71987e-06 0 1.95028e-06 0 2.18926e-06 0 2.45174e-06 0
158.114 5.35465e-05 8.89523e-06 4.46512e-05 0.833878 -0.103238 3.34788e-11 0 5.91282e-10 0 7.15622e-09 0 2.61721e-08 0 6.14101e-08 0 1.14977e-07 0 1.87097e-07 0 2.79629e-07 0 3.90511e-07 0 5.21326e-07 0 6.71658e-07 0 8.38111e-07 0 1.02447e-06 0 1.2238e-06 0 1.44261e-06 0 1.67963e-06 0 1.92586e-06 0 2.19277e-06 0 2.47132e-06 0 2.75854e-06 0 3.07225e-06 0
166.23 5.05507e-05 8.30364e-06 4.22471e-05 0.835737 -0.124736 7.08399e-11 0 1.08747e-09 0 1.1653e-08 0 4.00033e-08 0 9.00355e-08 0 1.63488e-07 0 2.59788e-07 0 3.80728e-07 0 5.23099e-07 0 6.88547e-07 0 8.76195e-07 0 1.08158e-06 0 1.30919e-06 0 1.5504e-06 0 1.81299e-06 0 2.09524e-06 0 2.38641e-06 0 2.69999e-06 0 3.02526e-06 0 3.35879e-06 0 3.72115e-06 0
174.763 4.66726e-05 7.69335e-06 3.89792e-05 0.835163 -0.143957 1.41211e-10 0 1.89713e-09 0 1.81061e-08 0 5.85235e-08 0 1.26604e-07 0 2.23291e-07 0 3.46884e-07 0 4.98971e-07 0 6.75008e-07 0 8.76662e-07 0 1.10253e-06 0 1.34705e-06 0 1.61539e-06 0 1.89729e-06 0 2.20175e-06 0 2.52662e-06 0 2.85952e-06 0 3.21584e-06 0 3.5833e-06 0 3.9581e-06 0 4.36325e-06 0
183.733 4.22724e-05 7.19482e-06 3.50776e-05 0.829799 -0.160948 2.7037e-10 0 3.19965e-09 0 2.73525e-08 0 8.34886e-08 0 1.73933e-07 0 2.98384e-07 0 4.53679e-07 0 6.41109e-07 0 8.54593e-07 0 1.09582e-06 0 1.36282e-06 0 1.64887e-06 0 1.95988e-06 0 2.2839e-06 0 2.63122e-06 0 2.99925e-06 0 3.37398e-06 0 3.77272e-06 0 4.18169e-06 0 4.59672e-06 0 5.0432e-06 0
193.164 3.75757e-05 6.67846e-06 3.08973e-05 0.822267 -0.176404 4.90121e-10 0 5.14105e-09 0 3.95774e-08 0 1.14398e-07 0 2.29937e-07 0 3.84203e-07 0 5.72334e-07 0 7.95246e-07 0 1.04529e-06 0 1.32418e-06 0 1.62938e-06 0 1.95314e-06 0 2.30205e-06 0 2.66268e-06 0 3.04649e-06 0 3.45049e-06 0 3.85938e-06 0 4.29204e-06 0 4.73348e-06 0 5.17931e-06 0 5.65676e-06 0
203.079 3.28853e-05 6.17673e-06 2.67086e-05 0.812174 -0.190403 8.46394e-10 0 7.9156e-09 0 5.51573e-08 0 1.51379e-07 0 2.94075e-07 0 4.79209e-07 0 7.00108e-07 0 9.57293e-07 0 1.24161e-06 0 1.55483e-06 0 1.89393e-06 0 2.25027e-06 0 2.63107e-06 0 3.02172e-06 0 3.43466e-06 0 3.86658e-06 0 4.30122e-06 0 4.7587e-06 0 5.22315e-06 0 5.69009e-06 0 6.18798e-06 0
213.503 2.84569e-05 5.72589e-06 2.2731e-05 0.798787 -0.202967 1.40378e-09 0 1.17708e-08 0 7.46039e-08 0 1.94903e-07 0 3.66549e-07 0 5.8324e-07 0 8.36473e-07 0 1.12642e-06 0 1.44255e-06 0 1.78674e-06 0 2.15558e-06 0 2.5397e-06 0 2.94693e-06 0 3.36171e-06 0 3.79732e-06 0 4.25024e-06 0 4.70353e-06 0 5.17823e-06 0 5.65791e-06 0 6.13806e-06 0 6.64794e-06 0
224.463 2.43845e-05 5.28353e-06 1.91009e-05 0.783324 -0.214528 2.22524e-09 0 1.68188e-08 0 9.74088e-08 0 2.42827e-07 0 4.42812e-07 0 6.88795e-07 0 9.70628e-07 0 1.28824e-06 0 1.62999e-06 0 1.99795e-06 0 2.38843e-06 0 2.79164e-06 0 3.21588e-06 0 3.64505e-06 0 4.09301e-06 0 4.55613e-06 0 5.01722e-06 0 5.49779e-06 0 5.98123e-06 0 6.46316e-06 0 6.97292e-06 0
235.984 2.07524e-05 4.86357e-06 1.58888e-05 0.765638 -0.225165 3.38553e-09 0 2.31824e-08 0 1.23231e-07 0 2.93801e-07 0 5.20285e-07 0 7.92045e-07 0 1.09761e-06 0 1.43679e-06 0 1.79721e-06 0 2.18118e-06 0 2.58488e-06 0 2.99839e-06 0 3.43033e-06 0 3.86448e-06 0 4.315e-06 0 4.77826e-06 0 5.23722e-06 0 5.7134e-06 0 6.19038e-06 0 6.66402e-06 0 7.16316e-06 0
248.097 1.75977e-05 4.47534e-06 1.31223e-05 0.745686 -0.234921 4.96312e-09 0 3.0938e-08 0 1.51577e-07 0 3.46378e-07 0 5.96525e-07 0 8.89681e-07 0 1.21345e-06 0 1.56772e-06 0 1.93972e-06 0 2.33203e-06 0 2.7409e-06 0 3.15649e-06 0 3.58764e-06 0 4.01835e-06 0 4.46282e-06 0 4.91752e-06 0 5.36591e-06 0 5.82911e-06 0 6.29123e-06 0 6.74841e-06 0 7.22851e-06 0
260.832 1.49272e-05 4.14839e-06 1.07788e-05 0.722092 -0.243608 7.07757e-09 0 4.03479e-08 0 1.82925e-07 0 4.0149e-07 0 6.73344e-07 0 9.8487e-07 0 1.32311e-06 0 1.6882e-06 0 2.06725e-06 0 2.46319e-06 0 2.8724e-06 0 3.2853e-06 0 3.7109e-06 0 4.13359e-06 0 4.5675e-06 0 5.00924e-06 0 5.44291e-06 0 5.88909e-06 0 6.33253e-06 0 6.76969e-06 0 7.22724e-06 0
274.221 1.26716e-05 3.85513e-06 8.8165e-06 0.695767 -0.251515 9.78766e-09 0 5.1252e-08 0 2.15835e-07 0 4.55897e-07 0 7.45557e-07 0 1.07047e-06 0 1.41759e-06 0 1.78743e-06 0 2.1673e-06 0 2.56051e-06 0 2.96368e-06 0 3.36769e-06 0 3.78156e-06 0 4.19034e-06 0 4.60787e-06 0 5.03099e-06 0 5.44465e-06 0 5.86858e-06 0 6.28839e-06 0 6.70088e-06 0 7.13125e-06 0
288.297 1.07802e-05 3.58995e-06 7.19021e-06 0.666986 -0.258732 1.3141e-08 0 6.34684e-08 0 2.49171e-07 0 5.07465e-07 0 8.10235e-07 0 1.14303e-06 0 1.49314e-06 0 1.8616e-06 0 2.23621e-06 0 2.62064e-06 0 3.01186e-06 0 3.40133e-06 0 3.79797e-06 0 4.18769e-06 0 4.58389e-06 0 4.98364e-06 0 5.37289e-06 0 5.77036e-06 0 6.16261e-06 0 6.54682e-06 0 6.94648e-06 0
303.095 9.21172e-06 3.35488e-06 5.85684e-06 0.635803 -0.265237 1.71811e-08 0 7.68417e-08 0 2.82201e-07 0 5.55152e-07 0 8.66411e-07 0 1.202e-06 0 1.54992e-06 0 1.91182e-06 0 2.27623e-06 0 2.64713e-06 0 3.02192e-06 0 3.3927e-06 0 3.76823e-06 0 4.13539e-06 0 4.50699e-06 0 4.88036e-06 0 5.24258e-06 0 5.61115e-06 0 5.97372e-06 0 6.32779e-06 0 6.69507e-06 0
318.653 7.91815e-06 3.1541e-06 4.76405e-06 0.601662 -0.270952 2.19614e-08 0 9.12964e-08 0 3.14675e-07 0 5.98969e-07 0 9.14778e-07 0 1.24908e-06 0 1.59091e-06 0 1.94255e-06 0 2.29339e-06 0 2.64772e-06 0 3.00336e-06 0 3.35313e-06 0 3.70554e-06 0 4.04848e-06 0 4.39409e-06 0 4.74002e-06 0 5.07441e-06 0 5.41357e-06 0 5.74617e-06 0 6.07008e-06 0 6.40517e-06 0
335.009 6.84352e-06 2.97212e-06 3.8714e-06 0.565704 -0.276107 2.73806e-08 0 1.06179e-07 0 3.4455e-07 0 6.35615e-07 0 9.50988e-07 0 1.27907e-06 0 1.61015e-06 0 1.94718e-06 0 2.28054e-06 0 2.61475e-06 0 2.94807e-06 0 3.27406e-06 0 3.60089e-06 0 3.91754e-06 0 4.23539e-06 0 4.55236e-06 0 4.85773e-06 0 5.1665e-06 0 5.46843e-06 0 5.76169e-06 0 6.06432e-06 0
352.205 5.95255e-06 2.80692e-06 3.14563e-06 0.528451 -0.280727 3.33394e-08 0 1.21015e-07 0 3.70811e-07 0 6.64007e-07 0 9.74257e-07 0 1.29173e-06 0 1.60813e-06 0 1.92703e-06 0 2.23988e-06 0 2.55137e-06 0 2.86014e-06 0 3.16056e-06 0 3.46034e-06 0 3.74958e-06 0 4.03883e-06 0 4.32627e-06 0 4.60233e-06 0 4.88064e-06 0 5.15206e-06 0 5.41503e-06 0 5.68576e-06 0
370.284 5.2204e-06 2.66392e-06 2.55647e-06 0.489709 -0.284664 3.98028e-08 0 1.35673e-07 0 3.93676e-07 0 6.8531e-07 0 9.87048e-07 0 1.29102e-06 0 1.59041e-06 0 1.88935e-06 0 2.18035e-06 0 2.46818e-06 0 2.7519e-06 0 3.02657e-06 0 3.29946e-06 0 3.56172e-06 0 3.82306e-06 0 4.08193e-06 0 4.3298e-06 0 4.57902e-06 0 4.82145e-06 0 5.05577e-06 0 5.29649e-06 0
389.291 4.6105e-06 2.53323e-06 2.07726e-06 0.450551 -0.288121 4.65119e-08 0 1.49343e-07 0 4.11479e-07 0 6.97341e-07 0 9.86867e-07 0 1.27425e-06 0 1.55416e-06 0 1.83118e-06 0 2.09888e-06 0 2.36204e-06 0 2.62005e-06 0 2.86867e-06 0 3.11466e-06 0 3.3502e-06 0 3.58413e-06 0 3.81513e-06 0 4.03571e-06 0 4.25692e-06 0 4.47159e-06 0 4.67863e-06 0 4.89087e-06 0
409.273 4.10009e-06 2.41232e-06 1.68777e-06 0.411642 -0.291153 5.32301e-08 0 1.61475e-07 0 4.23556e-07 0 6.99764e-07 0 9.73919e-07 0 1.24226e-06 0 1.50089e-06 0 1.75472e-06 0 1.99831e-06 0 2.23639e-06 0 2.46864e-06 0 2.69146e-06 0 2.91106e-06 0 3.12061e-06 0 3.32807e-06 0 3.53236e-06 0 3.72691e-06 0 3.92156e-06 0 4.11002e-06 0 4.29142e-06 0 4.47701e-06 0
430.281 3.67752e-06 2.30512e-06 1.3724e-06 0.373186 -0.2936 5.98494e-08 0 1.72013e-07 0 4.30614e-07 0 6.94452e-07 0 9.5137e-07 0 1.19953e-06 0 1.43636e-06 0 1.66696e-06 0 1.88684e-06 0 2.10057e-06 0 2.30808e-06 0 2.50634e-06 0 2.70103e-06 0 2.88621e-06 0 3.06901e-06 0 3.24852e-06 0 3.41907e-06 0 3.58931e-06 0 3.7538e-06 0 3.91182e-06 0 4.07321e-06 0
452.368 3.32197e-06 2.20574e-06 1.11622e-06 0.336013 -0.295633 6.60439e-08 0 1.80325e-07 0 4.31856e-07 0 6.80694e-07 0 9.18666e-07 0 1.14568e-06 0 1.36031e-06 0 1.56776e-06 0 1.76436e-06 0 1.95448e-06 0 2.13825e-06 0 2.31316e-06 0 2.48434e-06 0 2.64665e-06 0 2.80644e-06 0 2.96297e-06 0 3.11134e-06 0 3.25913e-06 0 3.40165e-06 0 3.53832e-06 0 3.67766e-06 0
475.588 3.01986e-06 2.11192e-06 9.07933e-07 0.300654 -0.297329 7.15429e-08 0 1.86051e-07 0 4.27228e-07 0 6.58953e-07 0 8.76812e-07 0 1.08222e-06 0 1.27472e-06 0 1.45948e-06 0 1.63359e-06 0 1.80116e-06 0 1.96246e-06 0 2.11542e-06 0 2.26465e-06 0 2.40574e-06 0 2.5443e-06 0 2.6797e-06 0 2.80777e-06 0 2.93509e-06 0 3.05765e-06 0 3.17498e-06 0 3.29442e-06 0
500 2.76167e-06 2.02301e-06 7.38665e-07 0.26747 -0.298711 7.61397e-08 0 1.89056e-07 0 4.17166e-07 0 6.30357e-07 0 8.27597e-07 0 1.01152e-06 0 1.18247e-06 0 1.34549e-06 0 1.49829e-06 0 1.64468e-06 0 1.78506e-06 0 1.91774e-06 0 2.04678e-06 0 2.16848e-06 0 2.28769e-06 0 2.40394e-06 0 2.51368e-06 0 2.62258e-06 0 2.72723e-06 0 2.82726e-06 0 2.92893e-06 0
525.665 2.54578e-06 1.94431e-06 6.01466e-07 0.23626 -0.299433 7.99128e-08 0 1.89904e-07 0 4.03509e-07 0 5.97991e-07 0 7.75221e-07 0 9.38782e-07 0 1.08964e-06 0 1.23263e-06 0 1.36597e-06 0 1.4932e-06 0 1.61476e-06 0 1.72929e-06 0 1.84037e-06 0 1.94487e-06 0 2.04702e-06 0 2.14642e-06 0 2.24008e-06 0 2.33287e-06 0 2.4219e-06 0 2.50687e-06 0 2.59312e-06 0
552.648 2.35835e-06 1.86858e-06 4.89768e-07 0.207674 -0.299883 8.25068e-08 0 1.88072e-07 0 3.85582e-07 0 5.61025e-07 0 7.1865e-07 0 8.62713e-07 0 9.94635e-07 0 1.11896e-06 0 1.23436e-06 0 1.34404e-06 0 1.44848e-06 0 1.5466e-06 0 1.64152e-06 0 1.7306e-06 0 1.81751e-06 0 1.90191e-06 0 1.98131e-06 0 2.05984e-06 0 2.13508e-06 0 2.2068e-06 0 2.2795e-06 0
581.015 2.19422e-06 1.79539e-06 3.98833e-07 0.181765 -0.300088 8.38523e-08 0 1.83743e-07 0 3.64173e-07 0 5.2076e-07 0 6.59584e-07 0 7.85317e-07 0 8.9968e-07 0 1.00689e-06 0 1.10597e-06 0 1.1998e-06 0 1.28886e-06 0 1.3723e-06 0 1.45284e-06 0 1.52826e-06 0 1.6017e-06 0 1.6729e-06 0 1.73977e-06 0 1.80581e-06 0 1.869e-06 0 1.92916e-06 0 1.99008e-06 0
610.839 2.04944e-06 1.72448e-06 3.24952e-07 0.158557 -0.300069 8.39455e-08 0 1.77196e-07 0 3.40138e-07 0 4.7849e-07 0 5.99627e-07 0 7.08416e-07 0 8.06747e-07 0 8.98469e-07 0 9.82903e-07 0 1.06259e-06 0 1.138e-06 0 1.20849e-06 0 1.27636e-06 0 1.3398e-06 0 1.40146e-06 0 1.46115e-06 0 1.51712e-06 0 1.57234e-06 0 1.62509e-06 0 1.67526e-06 0 1.72601e-06 0
642.193 1.92057e-06 1.65566e-06 2.64908e-07 0.137932 -0.299853 8.2837e-08 0 1.68774e-07 0 3.14325e-07 0 4.35398e-07 0 5.40178e-07 0 6.33537e-07 0 7.1743e-07 0 7.95326e-07 0 8.66764e-07 0 9.33973e-07 0 9.97413e-07 0 1.05656e-06 0 1.11341e-06 0 1.16644e-06 0 1.21791e-06 0 1.26765e-06 0 1.31423e-06 0 1.36012e-06 0 1.40392e-06 0 1.44553e-06 0 1.48758e-06 0
675.157 1.80465e-06 1.5887e-06 2.15959e-07 0.119668 -0.299461 8.06239e-08 0 1.58854e-07 0 2.87524e-07 0 3.92515e-07 0 4.82395e-07 0 5.61893e-07 0 6.32943e-07 0 6.98634e-07 0 7.5867e-07 0 8.14988e-07 0 8.68017e-07 0 9.17351e-07 0 9.64675e-07 0 1.00875e-06 0 1.05146e-06 0 1.09268e-06 0 1.13124e-06 0 1.16917e-06 0 1.20535e-06 0 1.23968e-06 0 1.27433e-06 0
709.813 1.70051e-06 1.52446e-06 1.76043e-07 0.103524 -0.298765 7.7494e-08 0 1.47928e-07 0 2.60633e-07 0 3.50956e-07 0 4.27502e-07 0 4.94744e-07 0 5.5454e-07 0 6.09608e-07 0 6.59775e-07 0 7.06708e-07 0 7.50799e-07 0 7.91737e-07 0 8.30937e-07 0 8.67393e-07 0 9.02665e-07 0 9.36667e-07 0 9.68434e-07 0 9.9966e-07 0 1.0294e-06 0 1.0576e-06 0 1.08605e-06 0
746.248 1.60768e-06 1.46409e-06 1.43587e-07 0.0893133 -0.29753 7.36719e-08 0 1.36487e-07 0 2.34445e-07 0 3.11642e-07 0 3.76451e-07 0 4.33025e-07 0 4.83099e-07 0 5.29047e-07 0 5.7078e-07 0 6.09728e-07 0 6.46239e-07 0 6.80078e-07 0 7.12428e-07 0 7.4247e-07 0 7.71499e-07 0 7.99451e-07 0 8.25537e-07 0 8.51155e-07 0 8.75534e-07 0 8.98631e-07 0 9.21912e-07 0
784.553 1.52186e-06 1.40473e-06 1.17131e-07 0.0769658 -0.296168 6.919e-08 0 1.24613e-07 0 2.08991e-07 0 2.7445e-07 0 3.28929e-07 0 3.76207e-07 0 4.17874e-07 0 4.55978e-07 0 4.90494e-07 0 5.22632e-07 0 5.52701e-07 0 5.80521e-07 0 6.07079e-07 0 6.3171e-07 0 6.55482e-07 0 6.78347e-07 0 6.99665e-07 0 7.20582e-07 0 7.40471e-07 0 7.593e-07 0 7.78266e-07 0
824.824 1.44195e-06 1.34641e-06 9.55449e-08 0.0662608 -0.2947 6.42313e-08 0 1.12641e-07 0 1.84704e-07 0 2.39801e-07 0 2.85287e-07 0 3.24547e-07 0 3.59011e-07 0 3.90431e-07 0 4.18819e-07 0 4.45197e-07 0 4.69832e-07 0 4.92591e-07 0 5.14286e-07 0 5.34383e-07 0 5.53758e-07 0 5.72376e-07 0 5.89719e-07 0 6.06721e-07 0 6.22876e-07 0 6.38159e-07 0 6.53543e-07 0
867.163 1.36714e-06 1.2892e-06 7.79433e-08 0.0570119 -0.293149 5.89754e-08 0 1.00858e-07 0 1.61915e-07 0 2.0797e-07 0 2.45707e-07 0 2.78117e-07 0 3.06464e-07 0 3.32233e-07 0 3.55462e-07 0 3.77005e-07 0 3.97091e-07 0 4.1562e-07 0 4.33262e-07 0 4.49586e-07 0 4.65308e-07 0 4.80402e-07 0 4.94451e-07 0 5.08214e-07 0 5.21282e-07 0 5.33637e-07 0 5.46066e-07 0
911.674 1.29688e-06 1.23324e-06 6.36344e-08 0.0490675 -0.291535 5.35905e-08 0 8.95058e-08 0 1.40855e-07 0 1.79104e-07 0 2.1023e-07 0 2.3684e-07 0 2.60035e-07 0 2.81065e-07 0 2.99983e-07 0 3.17496e-07 0 3.338e-07 0 3.4882e-07 0 3.63105e-07 0 3.7631e-07 0 3.89016e-07 0 4.01205e-07 0 4.12541e-07 0 4.23639e-07 0 4.34169e-07 0 4.44119e-07 0 4.54124e-07 0
958.471 1.23051e-06 1.17856e-06 5.19472e-08 0.0422161 -0.289877 4.82194e-08 0 7.87609e-08 0 1.21645e-07 0 1.53221e-07 0 1.78753e-07 0 2.00489e-07 0 2.19376e-07 0 2.3646e-07 0 2.51797e-07 0 2.65972e-07 0 2.79151e-07 0 2.91278e-07 0 3.02799e-07 0 3.13439e-07 0 3.23668e-07 0 3.33474e-07 0 3.42587e-07 0 3.51503e-07 0 3.59959e-07 0 3.67944e-07 0 3.75969e-07 0
1007.67 1.16772e-06 1.12531e-06 4.24005e-08 0.0363107 -0.288121 4.29873e-08 0 6.87586e-08 0 1.04345e-07 0 1.30267e-07 0 1.51106e-07 0 1.68776e-07 0 1.84088e-07 0 1.97907e-07 0 2.10291e-07 0 2.2172e-07 0 2.32332e-07 0 2.42086e-07 0 2.51344e-07 0 2.59886e-07 0 2.68094e-07 0 2.75955e-07 0 2.83257e-07 0 2.90397e-07 0 2.97164e-07 0 3.03552e-07 0 3.09969e-07 0
1059.39 1.10839e-06 1.07378e-06 3.46152e-08 0.03123 -0.28598 3.79976e-08 0 5.95917e-08 0 8.89517e-08 0 1.10128e-07 0 1.2706e-07 0 1.41366e-07 0 1.53731e-07 0 1.64867e-07 0 1.74831e-07 0 1.84014e-07 0 1.9253e-07 0 2.00351e-07 0 2.07766e-07 0 2.14604e-07 0 2.21169e-07 0 2.27453e-07 0 2.33286e-07 0 2.38987e-07 0 2.44388e-07 0 2.49484e-07 0 2.54601e-07 0
1113.77 1.05185e-06 1.02358e-06 2.82702e-08 0.0268766 -0.283844 3.33059e-08 0 5.12753e-08 0 7.53602e-08 0 9.25741e-08 0 1.0627e-07 0 1.17804e-07 0 1.27749e-07 0 1.36689e-07 0 1.44676e-07 0 1.52028e-07 0 1.58839e-07 0 1.65088e-07 0 1.71009e-07 0 1.76464e-07 0 1.81698e-07 0 1.86706e-07 0 1.91352e-07 0 1.9589e-07 0 2.00188e-07 0 2.04242e-07 0 2.0831e-07 0
1170.94 9.97892e-07 9.74807e-07 2.30845e-08 0.0231333 -0.281729 2.89635e-08 0 4.3821e-08 0 6.34741e-08 0 7.74031e-08 0 8.8435e-08 0 9.76982e-08 0 1.05667e-07 0 1.1282e-07 0 1.192e-07 0 1.25067e-07 0 1.30497e-07 0 1.35475e-07 0 1.40187e-07 0 1.44527e-07 0 1.48688e-07 0 1.52667e-07 0 1.56357e-07 0 1.5996e-07 0 1.6337e-07 0 1.66585e-07 0 1.69812e-07 0
1231.05 9.46506e-07 9.27659e-07 1.88471e-08 0.0199122 -0.279536 2.5004e-08 0 3.72177e-08 0 5.31783e-08 0 6.44035e-08 0 7.3257e-08 0 8.06706e-08 0 8.7036e-08 0 9.274e-08 0 9.78224e-08 0 1.0249e-07 0 1.06807e-07 0 1.10761e-07 0 1.14502e-07 0 1.17945e-07 0 1.21245e-07 0 1.24399e-07 0 1.27322e-07 0 1.30175e-07 0 1.32875e-07 0 1.3542e-07 0 1.37972e-07 0
1294.24 8.97168e-07 8.81772e-07 1.53964e-08 0.0171611 -0.277184 2.14288e-08 0 3.14108e-08 0 4.43102e-08 0 5.33184e-08 0 6.03964e-08 0 6.63084e-08 0 7.13752e-08 0 7.59092e-08 0 7.99444e-08 0 8.36473e-08 0 8.70687e-08 0 9.02003e-08 0 9.31618e-08 0 9.58854e-08 0 9.84947e-08 0 1.00987e-07 0 1.03297e-07 0 1.05551e-07 0 1.07682e-07 0 1.09691e-07 0 1.11705e-07 0
1360.67 8.50012e-07 8.37435e-07 1.25774e-08 0.0147967 -0.274878 1.82433e-08 0 2.63597e-08 0 3.67409e-08 0 4.39437e-08 0 4.95835e-08 0 5.42834e-08 0 5.83048e-08 0 6.18986e-08 0 6.50937e-08 0 6.80232e-08 0 7.07279e-08 0 7.32021e-08 0 7.55405e-08 0 7.76901e-08 0 7.97485e-08 0 8.17141e-08 0 8.35349e-08 0 8.53108e-08 0 8.69901e-08 0 8.85719e-08 0 9.01577e-08 0
1430.51 8.05083e-07 7.9481e-07 1.02731e-08 0.0127603 -0.272647 1.54375e-08 0 2.20066e-08 0 3.03299e-08 0 3.60708e-08 0 4.05516e-08 0 4.42779e-08 0 4.74613e-08 0 5.03029e-08 0 5.2827e-08 0 5.51393e-08 0 5.72729e-08 0 5.92234e-08 0 6.1066e-08 0 6.27591e-08 0 6.43796e-08 0 6.59266e-08 0 6.73591e-08 0 6.87559e-08 0 7.00763e-08 0 7.13198e-08 0 7.25662e-08 0
1503.94 7.62322e-07 7.53931e-07 8.39116e-09 0.0110074 -0.270474 1.29897e-08 0 1.82843e-08 0 2.49351e-08 0 2.94975e-08 0 3.30482e-08 0 3.59954e-08 0 3.85098e-08 0 4.07518e-08 0 4.27415e-08 0 4.4563e-08 0 4.62426e-08 0 4.77774e-08 0 4.92266e-08 0 5.05576e-08 0 5.18312e-08 0 5.30465e-08 0 5.41716e-08 0 5.52683e-08 0 5.63049e-08 0 5.72808e-08 0 5.82587e-08 0
1581.14 7.21249e-07 7.14391e-07 6.85724e-09 0.00950746 -0.268066 1.08663e-08 0 1.51151e-08 0 2.041e-08 0 2.40243e-08 0 2.68297e-08 0 2.91543e-08 0 3.11349e-08 0 3.28993e-08 0 3.44639e-08 0 3.58953e-08 0 3.72145e-08 0 3.84194e-08 0 3.95565e-08 0 4.06006e-08 0 4.15993e-08 0 4.25521e-08 0 4.34338e-08 0 4.42931e-08 0 4.51051e-08 0 4.58694e-08 0 4.66352e-08 0
1662.3 6.82271e-07 6.76668e-07 5.6027e-09 0.00821184 -0.265756 9.04613e-09 0 1.24439e-08 0 1.66478e-08 0 1.95044e-08 0 2.17164e-08 0 2.35463e-08 0 2.51036e-08 0 2.64898e-08 0 2.7718e-08 0 2.88411e-08 0 2.98756e-08 0 3.08201e-08 0 3.17111e-08 0 3.25289e-08 0 3.3311e-08 0 3.40568e-08 0 3.4747e-08 0 3.54194e-08 0 3.60546e-08 0 3.66524e-08 0 3.72513e-08 0
1747.63 6.45361e-07 6.40784e-07 4.57688e-09 0.00709197 -0.263552 7.49751e-09 0 1.02065e-08 0 1.35362e-08 0 1.57895e-08 0 1.75303e-08 0 1.89685e-08 0 2.01912e-08 0 2.12785e-08 0 2.22414e-08 0 2.31214e-08 0 2.39316e-08 0 2.4671e-08 0 2.53683e-08 0 2.60081e-08 0 2.66198e-08 0 2.7203e-08 0 2.77425e-08 0 2.82681e-08 0 2.87645e-08 0 2.92316e-08 0 2.96995e-08 0
1837.33 6.10515e-07 6.06775e-07 3.74024e-09 0.00612637 -0.261457 6.18934e-09 0 8.34364e-09 0 1.09756e-08 0 1.27499e-08 0 1.41181e-08 0 1.52468e-08 0 1.62056e-08 0 1.70576e-08 0 1.78116e-08 0 1.85004e-08 0 1.91343e-08 0 1.97125e-08 0 2.02577e-08 0 2.07579e-08 0 2.12359e-08 0 2.16915e-08 0 2.21129e-08 0 2.25234e-08 0 2.2911e-08 0 2.32757e-08 0 2.36409e-08 0
1931.64 5.7766e-07 5.74602e-07 3.0575e-09 0.0052929 -0.259468 5.09088e-09 0 6.80017e-09 0 8.87694e-09 0 1.02722e-08 0 1.13461e-08 0 1.22311e-08 0 1.29821e-08 0 1.3649e-08 0 1.42389e-08 0 1.47776e-08 0 1.52731e-08 0 1.5725e-08 0 1.6151e-08 0 1.65416e-08 0 1.69149e-08 0 1.72706e-08 0 1.75996e-08 0 1.79199e-08 0 1.82224e-08 0 1.8507e-08 0 1.87919e-08 0
2030.79 5.45961e-07 5.43462e-07 2.49829e-09 0.00457596 -0.257219 4.16777e-09 0 5.5194e-09 0 7.15341e-09 0 8.24779e-09 0 9.0887e-09 0 9.78089e-09 0 1.03679e-08 0 1.08888e-08 0 1.13494e-08 0 1.17698e-08 0 1.21564e-08 0 1.25088e-08 0 1.28409e-08 0 1.31455e-08 0 1.34364e-08 0 1.37136e-08 0 1.39699e-08 0 1.42195e-08 0 1.44551e-08 0 1.46767e-08 0 1.48985e-08 0
2135.03 5.14582e-07 5.12542e-07 2.03991e-09 0.0039642 -0.254272 3.39127e-09 0 4.45497e-09 0 5.73502e-09 0 6.58989e-09 0 7.24579e-09 0 7.78515e-09 0 8.2422e-09 0 8.64762e-09 0 9.00591e-09 0 9.33278e-09 0 9.63331e-09 0 9.90722e-09 0 1.01653e-08 0 1.04018e-08 0 1.06278e-08 0 1.08431e-08 0 1.10421e-08 0 1.12358e-08 0 1.14187e-08 0 1.15907e-08 0 1.17628e-08 0
2244.63 4.85303e-07 4.83636e-07 1.66677e-09 0.00343449 -0.251488 2.75252e-09 0 3.58859e-09 0 4.59052e-09 0 5.25792e-09 0 5.76928e-09 0 6.18941e-09 0 6.5452e-09 0 6.86064e-09 0 7.1393e-09 0 7.39343e-09 0 7.62702e-09 0 7.83987e-09 0 8.04035e-09 0 8.2241e-09 0 8.39959e-09 0 8.56675e-09 0 8.72126e-09 0 8.87166e-09 0 9.01361e-09 0 9.1471e-09 0 9.28072e-09 0
2359.84 4.58015e-07 4.56654e-07 1.3618e-09 0.00297325 -0.248851 2.22915e-09 0 2.88566e-09 0 3.66943e-09 0 4.19029e-09 0 4.58888e-09 0 4.91609e-09 0 5.19302e-09 0 5.43844e-09 0 5.65516e-09 0 5.85275e-09 0 6.03432e-09 0 6.19973e-09 0 6.35551e-09 0 6.49825e-09 0 6.63456e-09 0 6.76438e-09 0 6.88436e-09 0 7.00114e-09 0 7.11135e-09 0 7.21498e-09 0 7.31869e-09 0
2480.97 4.32631e-07 4.31519e-07 1.1124e-09 0.00257125 -0.246349 1.8019e-09 0 2.31707e-09 0 2.92998e-09 0 3.33642e-09 0 3.6471e-09 0 3.90196e-09 0 4.11754e-09 0 4.30851e-09 0 4.4771e-09 0 4.63077e-09 0 4.77194e-09 0 4.90052e-09 0 5.02159e-09 0 5.13252e-09 0 5.23842e-09 0 5.33928e-09 0 5.43248e-09 0 5.52319e-09 0 5.60878e-09 0 5.68926e-09 0 5.76979e-09 0
2608.32 4.09067e-07 4.08159e-07 9.08692e-10 0.00222138 -0.243972 1.45427e-09 0 1.85838e-09 0 2.33765e-09 0 2.65486e-09 0 2.89708e-09 0 3.09564e-09 0 3.26352e-09 0 3.41219e-09 0 3.54339e-09 0 3.66294e-09 0 3.77275e-09 0 3.87275e-09 0 3.9669e-09 0 4.05314e-09 0 4.13548e-09 0 4.21388e-09 0 4.28632e-09 0 4.35681e-09 0 4.42332e-09 0 4.48586e-09 0 4.54843e-09 0
2742.21 3.87242e-07 3.865e-07 7.42721e-10 0.00191798 -0.241711 1.17227e-09 0 1.48923e-09 0 1.86408e-09 0 2.11173e-09 0 2.30066e-09 0 2.45545e-09 0 2.58627e-09 0 2.70207e-09 0 2.80423e-09 0 2.89731e-09 0 2.98279e-09 0 3.06062e-09 0 3.13388e-09 0 3.20099e-09 0 3.26504e-09 0 3.32603e-09 0 3.38237e-09 0 3.4372e-09 0 3.48893e-09 0 3.53756e-09 0 3.58621e-09 0
2882.97 3.66992e-07 3.66385e-07 6.06937e-10 0.00165382 -0.239551 9.43886e-10 0 1.19248e-09 0 1.48573e-09 0 1.67915e-09 0 1.8266e-09 0 1.94732e-09 0 2.04931e-09 0 2.13957e-09 0 2.21918e-09 0 2.2917e-09 0 2.35828e-09 0 2.41889e-09 0 2.47594e-09 0 2.52819e-09 0 2.57806e-09 0 2.62554e-09 0 2.6694e-09 0 2.71207e-09 0 2.75233e-09 0 2.79018e-09 0 2.82804e-09 0
3030.95 3.48197e-07 3.47701e-07 4.95867e-10 0.0014241 -0.237479 7.59253e-10 0 9.54255e-10 0 1.18374e-09 0 1.33489e-09 0 1.45001e-09 0 1.54424e-09 0 1.6238e-09 0 1.6942e-09 0 1.75628e-09 0 1.81281e-09 0 1.86471e-09 0 1.91196e-09 0 1.95642e-09 0 1.99713e-09 0 2.03599e-09 0 2.07298e-09 0 2.10714e-09 0 2.14039e-09 0 2.17175e-09 0 2.20122e-09 0 2.23072e-09 0
3186.53 3.30768e-07 3.30363e-07 4.05255e-10 0.00122519 -0.235488 6.10271e-10 0 7.63275e-10 0 9.42947e-10 0 1.06114e-09 0 1.15109e-09 0 1.22468e-09 0 1.28681e-09 0 1.34176e-09 0 1.39021e-09 0 1.43432e-09 0 1.47481e-09 0 1.51167e-09 0 1.54634e-09 0 1.5781e-09 0 1.6084e-09 0 1.63724e-09 0 1.66389e-09 0 1.68981e-09 0 1.71426e-09 0 1.73724e-09 0 1.76023e-09 0
3350.09 3.14579e-07 3.14248e-07 3.31278e-10 0.00105308 -0.233568 4.90182e-10 0 6.1027e-10 0 7.51017e-10 0 8.4349e-10 0 9.1383e-10 0 9.71349e-10 0 1.01989e-09 0 1.06282e-09 0 1.10066e-09 0 1.13511e-09 0 1.16673e-09 0 1.1955e-09 0 1.22257e-09 0 1.24736e-09 0 1.27101e-09 0 1.29353e-09 0 1.31432e-09 0 1.33455e-09 0 1.35363e-09 0 1.37156e-09 0 1.3895e-09 0
3522.05 2.99508e-07 2.99237e-07 2.70745e-10 0.000903968 -0.231708 3.93464e-10 0 4.87748e-10 0 5.98057e-10 0 6.70453e-10 0 7.25491e-10 0 7.7048e-10 0 8.08438e-10 0 8.41997e-10 0 8.71575e-10 0 8.985e-10 0 9.23208e-10 0 9.45691e-10 0 9.66843e-10 0 9.86209e-10 0 1.00469e-09 0 1.02227e-09 0 1.03851e-09 0 1.05431e-09 0 1.06922e-09 0 1.08322e-09 0 1.09723e-09 0
3702.84 2.85451e-07 2.8523e-07 2.21222e-10 0.000774992 -0.229902 3.15634e-10 0 3.89682e-10 0 4.76178e-10 0 5.32889e-10 0 5.75981e-10 0 6.11193e-10 0 6.40895e-10 0 6.6715e-10 0 6.90287e-10 0 7.11345e-10 0 7.30668e-10 0 7.4825e-10 0 7.64789e-10 0 7.7993e-10 0 7.94376e-10 0 8.08125e-10 0 8.20822e-10 0 8.33172e-10 0 8.4482e-10 0 8.55767e-10 0 8.66718e-10 0
3892.91 2.72342e-07 2.72161e-07 1.80874e-10 0.000664144 -0.228143 2.53077e-10 0 3.11257e-10 0 3.79119e-10 0 4.23573e-10 0 4.57336e-10 0 4.84916e-10 0 5.08176e-10 0 5.28732e-10 0 5.46845e-10 0 5.63329e-10 0 5.78453e-10 0 5.92213e-10 0 6.05156e-10 0 6.17005e-10 0 6.28309e-10 0 6.39066e-10 0 6.49e-10 0 6.58662e-10 0 6.67776e-10 0 6.7634e-10 0 6.84906e-10 0
4092.73 2.6007e-07 2.59922e-07 1.47868e-10 0.000568571 -0.226426 2.02807e-10 0 2.48534e-10 0 3.01801e-10 0 3.36667e-10 0 3.63135e-10 0 3.84751e-10 0 4.02978e-10 0 4.19083e-10 0 4.33272e-10 0 4.46184e-10 0 4.5803e-10 0 4.68806e-10 0 4.78942e-10 0 4.88221e-10 0 4.97072e-10 0 5.05495e-10 0 5.13273e-10 0 5.20838e-10 0 5.27973e-10 0 5.34678e-10 0 5.41384e-10 0
4302.81 2.48552e-07 2.48431e-07 1.20856e-10 0.000486242 -0.224746 1.62433e-10 0 1.98383e-10 0 2.40211e-10 0 2.6757e-10 0 2.88331e-10 0 3.05282e-10 0 3.19572e-10 0 3.32198e-10 0 3.4332e-10 0 3.53441e-10 0 3.62724e-10 0 3.71169e-10 0 3.79112e-10 0 3.86382e-10 0 3.93318e-10 0 3.99917e-10 0 4.06011e-10 0 4.11938e-10 0 4.17528e-10 0 4.2278e-10 0 4.28034e-10 0
4523.68 2.37725e-07 2.37626e-07 9.87781e-11 0.000415514 -0.223097 1.30028e-10 0 1.583e-10 0 1.91159e-10 0 2.12636e-10 0 2.2893e-10 0 2.42229e-10 0 2.53439e-10 0 2.63343e-10 0 2.72066e-10 0 2.80002e-10 0 2.87282e-10 0 2.93904e-10 0 3.00132e-10 0 3.05832e-10 0 3.1127e-10 0 3.16444e-10 0 3.21221e-10 0 3.25867e-10 0 3.30249e-10 0 3.34367e-10 0 3.38485e-10 0
4755.88 2.27537e-07 2.27457e-07 8.07769e-11 0.000355005 -0.221479 1.04039e-10 0 1.26279e-10 0 1.52102e-10 0 1.68971e-10 0 1.81764e-10 0 1.92205e-10 0 2.01004e-10 0 2.08776e-10 0 2.15621e-10 0 2.21849e-10 0 2.27561e-10 0 2.32756e-10 0 2.37642e-10 0 2.42114e-10 0 2.4638e-10 0 2.50439e-10 0 2.54186e-10 0 2.57831e-10 0 2.61268e-10 0 2.64497e-10 0 2.67728e-10 0
5000 2.1791e-07 2.17844e-07 6.60397e-11 0.000303059 -0.219886 8.31964e-11 0 1.00695e-10 0 1.20995e-10 0 1.34249e-10 0 1.44297e-10 0 1.52496e-10 0 1.59405e-10 0 1.65507e-10 0 1.70881e-10 0 1.7577e-10 0 1.80253e-10 0 1.84331e-10 0 1.88166e-10 0 1.91676e-10 0 1.95024e-10 0 1.98209e-10 0 2.0115e-10 0 2.0401e-10 0 2.06708e-10 0 2.09242e-10 0 2.11777e-10 0
