# 0.01 1 120 : grain size, compostion index, size index
# Heating and cooling timescale: 3.73406e-08 inf
# Ratio of heating to cooling to determine stochastic cutoff: 100
# Equilibrium emission is recorded even for those grains in the stochastic regime.
# Emission spectrum was computed for: 
# Type: IRSF
# Scales: 0.25 0.5 1 1.5 2 2.5 3 3.5 4 4.5 5 5.5 6 6.5 7 7.5 8 8.5 9 9.5 10
# StochasticallyHeated: 0 0 0 0 0 0 0 0 0 0 0 0 0 0 0 0 0 0 0 0 0
# Temperature: -1
# Wavelength  CExt  CAbs  CSca  Albedo G EqEm1 StEm1 EqEm2 StEm2 EqEm3 StEm3 EqEm4 StEm4 EqEm5 StEm5 EqEm6 StEm6 EqEm7 StEm7 EqEm8 StEm8 EqEm9 StEm9 EqEm10 StEm10 EqEm11 StEm11 EqEm12 StEm12 EqEm13 StEm13 EqEm14 StEm14 EqEm15 StEm15 EqEm16 StEm16 EqEm17 StEm17 EqEm18 StEm18 EqEm19 StEm19 EqEm20 StEm20 EqEm21 StEm21
0.05 0.00062942 0.000222694 0.000406726 0.646192 0.853674 0 0 0 0 0 0 0 0 0 0 0 0 0 0 0 0 0 0 0 0 0 0 0 0 0 0 0 0 0 0 0 0 0 0 0 0 0 0 0 0 0 0
0.0525665 0.000629466 0.000219063 0.000410402 0.651985 0.841155 0 0 0 0 0 0 0 0 0 0 0 0 0 0 0 0 0 0 0 0 0 0 0 0 0 0 0 0 0 0 0 0 0 0 0 0 0 0 0 0 0 0
0.0552647 0.000629513 0.000216312 0.000413201 0.656382 0.830758 0 0 0 0 0 0 0 0 0 0 0 0 0 0 0 0 0 0 0 0 0 0 0 0 0 0 0 0 0 0 0 0 0 0 0 0 0 0 0 0 0 0
0.0581015 0.000629559 0.000215063 0.000414496 0.658391 0.824377 0 0 0 0 0 0 0 0 0 0 0 0 0 0 0 0 0 0 0 0 0 0 0 0 0 0 0 0 0 0 0 0 0 0 0 0 0 0 0 0 0 0
0.0610839 0.000629607 0.000212009 0.000417598 0.663267 0.815584 0 0 0 0 0 0 0 0 0 0 0 0 0 0 0 0 0 0 0 0 0 0 0 0 0 0 0 0 0 0 0 0 0 0 0 0 0 0 0 0 0 0
0.0642193 0.00062966 0.000204399 0.000425261 0.675382 0.797249 0 0 0 0 0 0 0 0 0 0 0 0 0 0 0 0 0 0 0 0 0 0 0 0 0 0 0 0 0 0 0 0 0 0 0 0 0 0 0 0 0 0
0.0675157 0.000629721 0.000196828 0.000432893 0.687437 0.777221 0 0 0 0 0 0 0 0 0 0 0 0 0 0 0 0 0 0 0 0 0 0 0 0 0 0 0 0 0 0 0 0 0 0 0 0 0 0 0 0 0 0
0.0709813 0.000629785 0.000196044 0.000433741 0.688713 0.770076 0 0 0 0 0 0 0 0 0 0 0 0 0 0 0 0 0 0 0 0 0 0 0 0 0 0 0 0 0 0 0 0 0 0 0 0 0 0 0 0 0 0
0.0746248 0.00062985 0.000198997 0.000430853 0.684056 0.771423 0 0 0 0 0 0 0 0 0 0 0 0 0 0 0 0 0 0 0 0 0 0 0 0 0 0 0 0 0 0 0 0 0 0 0 0 0 0 0 0 0 0
0.0784553 0.000629913 0.000203124 0.000426789 0.677536 0.776331 0 0 0 0 0 0 0 0 0 0 0 0 0 0 0 0 0 0 0 0 0 0 0 0 0 0 0 0 0 0 0 0 0 0 0 0 0 0 0 0 0 0
0.0824824 0.000629978 0.00020784 0.000422138 0.670084 0.782218 0 0 0 0 0 0 0 0 0 0 0 0 0 0 0 0 0 0 0 0 0 0 0 0 0 0 0 0 0 0 0 0 0 0 0 0 0 0 0 0 0 0
0.0867162 0.000630044 0.000208918 0.000421126 0.668407 0.781082 0 0 0 0 0 0 0 0 0 0 0 0 0 0 0 0 0 0 0 0 0 0 0 0 0 0 0 0 0 0 0 0 0 0 0 0 0 0 0 0 0 0
0.0911674 0.000630118 0.000207911 0.000422207 0.670044 0.775912 0 0 0 0 0 0 0 0 0 0 0 0 0 0 0 0 0 0 0 0 0 0 0 0 0 0 0 0 0 0 0 0 0 0 0 0 0 0 0 0 0 0
0.095847 0.000630192 0.000208746 0.000421447 0.668759 0.774157 0 0 0 0 0 0 0 0 0 0 0 0 0 0 0 0 0 0 0 0 0 0 0 0 0 0 0 0 0 0 0 0 0 0 0 0 0 0 0 0 0 0
0.100767 0.000630256 0.000216048 0.000414208 0.657206 0.785654 0 0 0 0 0 0 0 0 0 0 0 0 0 0 0 0 0 0 0 0 0 0 0 0 0 0 0 0 0 0 0 0 0 0 0 0 0 0 0 0 0 0
0.105939 0.000630314 0.000223408 0.000406906 0.645561 0.80035 0 0 0 0 0 0 0 0 0 0 0 0 0 0 0 0 0 0 0 0 0 0 0 0 0 0 0 0 0 0 0 0 0 0 0 0 0 0 0 0 0 0
0.111377 0.000630358 0.000236867 0.000393491 0.624234 0.828453 0 0 0 0 0 0 0 0 0 0 0 0 0 0 0 0 0 0 0 0 0 0 0 0 0 0 0 0 0 0 0 0 0 0 0 0 0 0 0 0 0 0
0.117094 0.000630393 0.000250798 0.000379596 0.602157 0.860866 0 0 0 0 0 0 0 0 0 0 0 0 0 0 0 0 0 0 0 0 0 0 0 0 0 0 0 0 0 0 0 0 0 0 0 0 0 0 0 0 0 0
0.123105 0.000630444 0.000259772 0.000370672 0.587954 0.883557 0 0 0 0 0 0 0 0 0 0 0 0 0 0 0 0 0 0 0 0 0 0 0 0 0 0 0 0 0 0 0 0 0 0 0 0 0 0 0 0 0 0
0.129424 0.000630505 0.000267377 0.000363128 0.575932 0.903583 0 0 0 0 0 0 0 0 0 0 0 0 0 0 0 0 0 0 0 0 0 0 0 0 0 0 0 0 0 0 0 0 0 0 0 0 0 0 0 0 0 0
0.136067 0.000630566 0.000273443 0.000357123 0.566353 0.919831 0 0 0 0 0 0 0 0 0 0 0 0 0 0 0 0 0 0 0 0 0 0 0 0 0 0 0 0 0 0 0 0 0 0 0 0 0 0 0 0 0 0
0.143051 0.000630624 0.000278145 0.000352479 0.558937 0.932511 0 0 0 0 0 0 0 0 0 0 0 0 0 0 0 0 0 0 0 0 0 0 0 0 0 0 0 0 0 0 0 0 0 0 0 0 0 0 0 0 0 0
0.150394 0.000630674 0.00028083 0.000349843 0.554714 0.940686 0 0 0 0 0 0 0 0 0 0 0 0 0 0 0 0 0 0 0 0 0 0 0 0 0 0 0 0 0 0 0 0 0 0 0 0 0 0 0 0 0 0
0.158114 0.000630721 0.000279921 0.000350801 0.55619 0.941568 0 0 0 0 0 0 0 0 0 0 0 0 0 0 0 0 0 0 0 0 0 0 0 0 0 0 0 0 0 0 0 0 0 0 0 0 0 0 0 0 0 0
0.16623 0.000630793 0.00027335 0.000357442 0.566656 0.930713 0 0 0 0 0 0 0 0 0 0 0 0 0 0 0 0 0 0 0 0 0 0 0 0 0 0 0 0 0 0 0 0 0 0 0 0 0 0 0 0 0 0
0.174762 0.000630898 0.000260275 0.000370623 0.587453 0.90408 0 0 0 0 0 0 0 0 0 0 0 0 0 0 0 0 0 0 0 0 0 0 0 0 0 0 0 0 0 0 0 0 0 0 0 0 0 0 0 0 0 0
0.183733 0.000631022 0.000243744 0.000387278 0.613731 0.868107 0 0 0 0 0 0 0 0 0 0 0 0 0 0 0 0 0 0 0 0 0 0 0 0 0 0 0 0 0 0 0 0 0 0 0 0 0 0 0 0 0 0
0.193164 0.000631156 0.00022654 0.000404615 0.641071 0.831082 0 0 0 0 0 0 0 0 0 0 0 0 0 0 0 0 0 0 0 0 0 0 0 0 0 0 0 0 0 0 0 0 0 0 0 0 0 0 0 0 0 0
0.203079 0.000631297 0.000211572 0.000419726 0.664862 0.800477 0 0 0 0 0 0 0 0 0 0 0 0 0 0 0 0 0 0 0 0 0 0 0 0 0 0 0 0 0 0 0 0 0 0 0 0 0 0 0 0 0 0
0.213503 0.000631448 0.000198708 0.00043274 0.685313 0.77556 0 0 0 0 0 0 0 0 0 0 0 0 0 0 0 0 0 0 0 0 0 0 0 0 0 0 0 0 0 0 0 0 0 0 0 0 0 0 0 0 0 0
0.224463 0.000631612 0.000190091 0.000441521 0.699038 0.758305 0 0 0 0 0 0 0 0 0 0 0 0 0 0 0 0 0 0 0 0 0 0 0 0 0 0 0 0 0 0 0 0 0 0 0 0 0 0 0 0 0 0
0.235984 0.000631793 0.000185146 0.000446647 0.706951 0.746662 0 0 0 0 0 0 0 0 0 0 0 0 0 0 0 0 0 0 0 0 0 0 0 0 0 0 0 0 0 0 0 0 0 0 0 0 0 0 0 0 0 0
0.248097 0.000631982 0.000185831 0.000446151 0.705955 0.742854 0 0 0 0 0 0 0 0 0 0 0 0 0 0 0 0 0 0 0 0 0 0 0 0 0 0 0 0 0 0 0 0 0 0 0 0 0 0 0 0 0 0
0.260832 0.000632157 0.000190169 0.000441988 0.699175 0.744999 0 0 0 0 0 0 0 0 0 0 0 0 0 0 0 0 0 0 0 0 0 0 0 0 0 0 0 0 0 0 0 0 0 0 0 0 0 0 0 0 0 0
0.274221 0.000632315 0.000195484 0.00043683 0.690843 0.749246 0 0 0 0 0 0 0 0 0 0 0 0 0 0 0 0 0 0 0 0 0 0 0 0 0 0 0 0 0 0 0 0 0 0 0 0 0 0 0 0 0 0
0.288297 0.00063243 0.000202633 0.000429797 0.679595 0.758774 0 0 0 0 0 0 0 0 0 0 0 0 0 0 0 0 0 0 0 0 0 0 0 0 0 0 0 0 0 0 0 0 0 0 0 0 0 0 0 0 0 0
0.303095 0.000632546 0.000207533 0.000425013 0.671908 0.766022 0 0 0 0 0 0 0 0 0 0 0 0 0 0 0 0 0 0 0 0 0 0 0 0 0 0 0 0 0 0 0 0 0 0 0 0 0 0 0 0 0 0
0.318653 0.000632664 0.000211521 0.000421143 0.665667 0.772391 0 0 0 0 0 0 0 0 0 0 0 0 0 0 0 0 0 0 0 0 0 0 0 0 0 0 0 0 0 0 0 0 0 0 0 0 0 0 0 0 0 0
0.335009 0.000632787 0.00021467 0.000418117 0.660755 0.777854 0 0 0 0 0 0 0 0 0 0 0 0 0 0 0 0 0 0 0 0 0 0 0 0 0 0 0 0 0 0 0 0 0 0 0 0 0 0 0 0 0 0
0.352205 0.000632922 0.000216811 0.000416111 0.657444 0.781697 0 0 0 0 0 0 0 0 0 0 0 0 0 0 0 0 0 0 0 0 0 0 0 0 0 0 0 0 0 0 0 0 0 0 0 0 0 0 0 0 0 0
0.370284 0.00063307 0.000218163 0.000414907 0.655389 0.784059 0 0 0 0 0 0 0 0 0 0 0 0 0 0 0 0 0 0 0 0 0 0 0 0 0 0 0 0 0 0 0 0 0 0 0 0 0 0 0 0 0 0
0.389291 0.000633224 0.000218827 0.000414397 0.654424 0.78495 0 0 0 0 0 0 0 0 0 0 0 0 0 0 0 0 0 0 0 0 0 0 0 0 0 0 0 0 0 0 0 0 0 0 0 0 0 0 0 0 0 0
0.409273 0.000633386 0.000219287 0.000414099 0.653786 0.785473 0 0 0 0 0 0 0 0 0 0 0 0 0 0 0 0 0 0 0 0 0 0 0 0 0 0 0 0 0 0 0 0 0 0 0 0 0 0 0 0 0 0
0.430281 0.000633553 0.000219654 0.000413899 0.653298 0.785834 0 0 0 0 0 0 0 0 0 0 0 0 0 0 0 0 0 0 0 0 0 0 0 0 0 0 0 0 0 0 0 0 0 0 0 0 0 0 0 0 0 0
0.452368 0.000633728 0.000220024 0.000413704 0.65281 0.78638 0 0 0 0 0 0 0 0 0 0 0 0 0 0 0 0 0 0 0 0 0 0 0 0 0 0 0 0 0 0 0 0 0 0 0 0 0 0 0 0 0 0
0.475588 0.000633909 0.000220339 0.00041357 0.652412 0.786869 0 0 0 0 0 0 0 0 0 0 0 0 0 0 0 0 0 0 0 0 0 0 0 0 0 0 0 0 0 0 0 0 0 0 0 0 0 0 0 0 0 0
0.5 0.000634097 0.000220502 0.000413595 0.652258 0.787091 0 0 0 0 0 0 0 0 0 0 0 0 0 0 0 0 0 0 0 0 0 0 0 0 0 0 0 0 0 0 0 0 0 0 0 0 0 0 0 0 0 0
0.525665 0.000634297 0.000220564 0.000413733 0.65227 0.787148 0 0 0 0 0 0 0 0 0 0 0 0 0 0 0 0 0 0 0 0 0 0 0 0 0 0 0 0 0 0 0 0 0 0 0 0 0 0 0 0 0 0
0.552648 0.000634505 0.00022057 0.000413935 0.652375 0.787084 0 0 0 0 0 0 0 0 0 0 0 0 0 0 0 0 0 0 0 0 0 0 0 0 0 0 0 0 0 0 0 0 0 0 0 0 0 0 0 0 0 0
0.581015 0.000634724 0.000220186 0.000414538 0.653099 0.78621 0 0 0 0 0 0 0 0 0 0 0 0 0 0 0 0 0 0 0 0 0 0 0 0 0 0 0 0 0 0 0 0 0 0 0 0 0 0 0 0 0 0
0.610839 0.000634954 0.000219783 0.000415172 0.653861 0.785297 0 0 0 0 0 0 0 0 0 0 0 0 0 0 0 0 0 0 0 0 0 0 0 0 0 0 0 0 0 0 0 0 0 0 0 0 0 0 0 0 0 0
0.642193 0.000635192 0.000219357 0.000415834 0.65466 0.784341 0 0 0 0 0 0 0 0 0 0 0 0 0 0 0 0 0 0 0 0 0 0 0 0 0 0 0 0 0 0 0 0 0 0 0 0 0 0 0 0 0 0
0.675157 0.000635438 0.00021878 0.000416658 0.655702 0.783064 0 0 0 0 0 0 0 0 0 0 0 0 0 0 0 0 0 0 0 0 0 0 0 0 0 0 0 0 0 0 0 0 0 0 0 0 0 0 0 0 0 0
0.709813 0.000635698 0.000218063 0.000417635 0.656971 0.781488 0 0 0 0 0 0 0 0 0 0 0 0 0 0 0 0 0 0 0 0 0 0 0 0 0 0 0 0 0 0 0 0 0 0 0 0 0 0 0 0 0 0
0.746248 0.000635968 0.000217278 0.00041869 0.658351 0.779756 0 0 0 0 0 0 0 0 0 0 0 0 0 0 0 0 0 0 0 0 0 0 0 0 0 0 0 0 0 0 0 0 0 0 0 0 0 0 0 0 0 0
0.784553 0.000636249 0.000216467 0.000419782 0.659777 0.777982 0 0 0 0 0 0 0 0 0 0 0 0 0 0 0 0 0 0 0 0 0 0 0 0 0 0 0 0 0 0 0 0 0 0 0 0 0 0 0 0 0 0
0.824824 0.00063654 0.000215636 0.000420904 0.661237 0.776158 0 0 0 0 0 0 0 0 0 0 0 0 0 0 0 0 0 0 0 0 0 0 0 0 0 0 0 0 0 0 0 0 0 0 0 0 0 0 0 0 0 0
0.867162 0.000636842 0.000214784 0.000422058 0.662736 0.77429 0 0 0 0 0 0 0 0 0 0 0 0 0 0 0 0 0 0 0 0 0 0 0 0 0 0 0 0 0 0 0 0 0 0 0 0 0 0 0 0 0 0
0.911674 0.000637154 0.000213927 0.000423227 0.664246 0.772414 0 0 0 0 0 0 0 0 0 0 0 0 0 0 0 0 0 0 0 0 0 0 0 0 0 0 0 0 0 0 0 0 0 0 0 0 0 0 0 0 0 0
0.95847 0.000637478 0.000213106 0.000424372 0.665704 0.77059 0 0 0 0 0 0 0 0 0 0 0 0 0 0 0 0 0 0 0 0 0 0 0 0 0 0 0 0 0 0 0 0 0 0 0 0 0 0 0 0 0 0
1.00767 0.000637812 0.000212277 0.000425535 0.667179 0.768758 0 0 0 0 0 0 0 0 0 0 0 0 0 0 0 0 0 0 0 0 0 0 0 0 0 0 0 0 0 0 0 0 0 0 0 0 0 0 0 0 0 0
1.05939 0.000638155 0.000211512 0.000426643 0.668557 0.767037 0 0 0 0 0 0 0 0 0 0 0 0 0 0 0 0 0 0 0 0 0 0 0 0 0 0 0 0 0 0 0 0 0 0 0 0 0 0 0 0 0 0
1.11377 0.000638509 0.000210724 0.000427786 0.669976 0.765278 0 0 0 0 0 0 0 0 0 0 0 0 0 0 0 0 0 0 0 0 0 0 0 0 0 0 0 0 0 0 0 0 0 0 0 0 0 0 0 0 0 0
1.17094 0.000638876 0.000209988 0.000428888 0.671316 0.763625 0 0 0 0 0 0 0 0 0 0 0 0 0 0 0 0 0 0 0 0 0 0 0 0 0 0 0 0 0 0 0 0 0 0 0 0 0 0 0 0 0 0
1.23105 0.000639256 0.000209255 0.000430001 0.672659 0.761977 0 0 0 0 0 0 0 0 0 0 0 0 0 0 0 0 0 0 0 0 0 0 0 0 0 0 0 0 0 0 0 0 0 0 0 0 0 0 0 0 0 0
1.29424 0.000639651 0.00020845 0.000431201 0.67412 0.760199 0 0 0 0 0 0 0 0 0 0 0 0 0 0 0 0 0 0 0 0 0 0 0 0 0 0 0 0 0 0 0 0 0 0 0 0 0 0 0 0 0 0
1.36067 0.000640057 0.000207671 0.000432386 0.675543 0.75847 0 0 0 0 0 0 0 0 0 0 0 0 0 0 0 0 0 0 0 0 0 0 0 0 0 0 0 0 0 0 0 0 0 0 0 0 0 0 0 0 0 0
1.43051 0.000640476 0.000206935 0.00043354 0.676904 0.756822 0 0 0 0 0 0 0 0 0 0 0 0 0 0 0 0 0 0 0 0 0 0 0 0 0 0 0 0 0 0 0 0 0 0 0 0 0 0 0 0 0 0
1.50394 0.000640906 0.000206227 0.000434679 0.678226 0.755223 0 0 0 0 0 0 0 0 0 0 0 0 0 0 0 0 0 0 0 0 0 0 0 0 0 0 0 0 0 0 0 0 0 0 0 0 0 0 0 0 0 0
1.58114 0.000641352 0.00020549 0.000435862 0.679598 0.75358 0 0 0 0 0 0 0 0 0 0 0 0 0 0 0 0 0 0 0 0 0 0 0 0 0 0 0 0 0 0 0 0 0 0 0 0 0 0 0 0 0 0
1.6623 0.000641816 0.000204692 0.000437125 0.681075 0.751834 0 0 0 0 0 0 0 0 0 0 0 0 0 0 0 0 0 0 0 0 0 0 0 0 0 0 0 0 0 0 0 0 0 0 0 0 0 0 0 0 0 0
1.74763 0.000642295 0.000203882 0.000438413 0.682572 0.75007 0 0 0 0 0 0 0 0 0 0 0 0 0 0 0 0 0 0 0 0 0 0 0 0 0 0 0 0 0 0 0 0 0 0 0 0 0 0 0 0 0 0
1.83733 0.000642786 0.000203101 0.000439684 0.68403 0.748359 0 0 0 0 0 0 0 0 0 0 0 0 0 0 0 0 0 0 0 0 0 0 0 0 0 0 0 0 0 0 0 0 0 0 0 0 0 0 0 0 0 0
1.93164 0.000643292 0.000202323 0.00044097 0.685489 0.74666 0 0 0 0 0 0 0 0 0 0 0 0 0 0 0 0 0 0 0 0 0 0 0 0 0 0 0 0 0 0 0 0 0 0 0 0 0 0 0 0 0 0
2.03079 0.000643814 0.00020154 0.000442274 0.686959 0.744962 0 0 0 0 0 0 0 0 0 0 0 0 0 0 0 0 0 0 0 0 0 0 0 0 0 0 0 0 0 0 0 0 0 0 0 0 0 0 0 0 0 0
2.13503 0.000644351 0.000200717 0.000443634 0.688498 0.743192 0 0 0 0 0 0 0 0 0 0 0 0 0 0 0 0 0 0 0 0 0 0 0 0 0 0 0 0 0 0 0 0 0 0 0 0 0 0 0 0 0 0
2.24463 0.000644903 0.000199904 0.000444999 0.690025 0.741455 0 0 0 0 0 0 0 0 0 0 0 0 0 0 0 0 0 0 0 0 0 0 0 0 0 0 0 0 0 0 0 0 0 0 0 0 0 0 0 0 0 0
2.35984 0.000645471 0.000199115 0.000446356 0.69152 0.739759 0 0 0 0 0 0 0 0 0 0 0 0 0 0 0 0 0 0 0 0 0 0 0 0 0 0 0 0 0 0 0 0 0 0 0 0 0 0 0 0 0 0
2.48097 0.000646053 0.000198336 0.000447716 0.693003 0.738097 0 0 0 0 0 0 0 0 0 0 0 0 0 0 0 0 0 0 0 0 0 0 0 0 0 0 0 0 0 0 0 0 0 0 0 0 0 0 0 0 0 0
2.60832 0.000646654 0.00019747 0.000449185 0.694629 0.736296 0 0 0 0 0 0 0 0 0 0 0 0 0 0 0 0 0 0 0 0 0 0 0 0 0 0 0 0 0 0 0 0 0 0 0 0 0 0 0 0 0 0
2.74221 0.00064727 0.000196578 0.000450693 0.696298 0.734466 0 0 0 0 0 0 0 0 0 0 0 0 0 0 0 0 0 0 0 0 0 0 0 0 0 0 0 0 0 0 0 0 0 0 0 0 0 0 0 0 0 0
2.88297 0.000647895 0.000195752 0.000452142 0.697864 0.732757 0 0 0 0 0 0 0 0 0 0 0 0 0 0 0 0 0 0 0 0 0 0 0 0 0 0 0 0 0 0 0 0 0 0 0 0 0 0 0 0 0 0
3.03095 0.000648532 0.000194914 0.000453617 0.699453 0.731043 0 0 0 0 0 0 0 0 0 0 0 0 0 0 0 0 0 0 0 0 0 0 0 0 0 0 0 0 0 0 0 0 0 0 0 0 0 0 0 0 0 0
3.18653 0.000649185 0.000194057 0.000455128 0.701076 0.72931 0 0 0 0 0 0 0 0 0 0 0 0 0 0 0 0 0 0 0 0 0 0 0 0 0 0 0 0 0 0 0 0 0 0 0 0 0 0 0 0 0 0
3.35009 0.000649852 0.000193195 0.000456657 0.70271 0.727582 0 0 0 0 0 0 0 0 0 0 0 0 0 0 0 0 0 0 0 0 0 0 0 0 0 0 0 0 0 0 0 0 0 0 0 0 0 0 0 0 0 0
3.52205 0.000650528 0.000192349 0.000458179 0.704319 0.725895 0 0 0 0 0 0 0 0 0 0 0 0 0 0 0 0 0 0 0 0 0 0 0 0 0 0 0 0 0 0 0 0 0 0 0 0 0 0 0 0 0 0
3.70284 0.000651216 0.000191513 0.000459703 0.705914 0.724242 0 0 0 0 0 0 0 0 0 0 0 0 0 0 0 0 0 0 0 0 0 0 0 0 0 0 0 0 0 0 0 0 0 0 0 0 0 0 0 0 0 0
3.89291 0.000651914 0.000190705 0.00046121 0.70747 0.722647 0 0 0 0 0 0 0 0 0 0 0 0 0 0 0 0 0 0 0 0 0 0 0 0 0 0 0 0 0 0 0 0 0 0 0 0 0 0 0 0 0 0
4.09273 0.000652637 0.000189844 0.000462793 0.709112 0.721005 0 0 0 0 0 0 0 0 0 0 0 0 0 0 0 0 0 0 0 0 0 0 0 0 0 0 0 0 0 0 0 0 0 0 0 0 0 0 0 0 0 0
4.30281 0.000653363 0.000188982 0.000464381 0.710755 0.719378 0 0 0 0 0 0 0 0 0 0 0 0 0 0 0 0 0 0 0 0 0 0 0 0 0 0 0 0 0 0 0 0 0 0 0 0 0 0 0 0 0 0
4.52368 0.000654097 0.00018812 0.000465978 0.712398 0.717771 0 0 0 0 0 0 0 0 0 0 0 0 0 0 0 0 0 0 0 0 0 0 0 0 0 0 0 0 0 0 0 0 0 0 0 0 0 0 0 0 0 0
4.75588 0.000654842 0.00018726 0.000467582 0.714038 0.716185 0 0 0 0 0 0 0 0 0 0 0 0 0 0 0 0 0 0 0 0 0 0 0 0 0 0 0 0 0 0 0 0 0 0 0 0 0 0 0 0 0 0
5 0.000655609 0.000186393 0.000469216 0.715695 0.714628 0 0 0 0 0 0 0 0 0 0 0 0 0 0 0 0 0 0 0 0 0 0 0 0 0 0 0 0 0 0 0 0 0 0 0 0 0 0 0 0 0 0
5.25665 0.000656357 0.000185454 0.000470903 0.717449 0.712996 0 0 0 0 0 0 0 0 0 0 0 0 0 0 0 0 0 0 0 0 0 0 0 0 0 0 0 0 0 0 0 0 0 0 0 0 0 0 0 0 0 0
5.52648 0.000657137 0.000184509 0.000472629 0.719224 0.711385 0 0 0 0 0 0 0 0 0 0 0 0 0 0 0 0 0 0 0 0 0 0 0 0 0 0 0 0 0 0 0 0 0 0 0 0 0 0 0 0 0 0
5.81015 0.00065789 0.000183607 0.000474283 0.720916 0.709864 0 0 0 0 0 0 0 0 0 0 0 0 0 0 0 0 0 0 0 0 0 0 0 0 0 0 0 0 0 0 0 0 0 0 0 0 0 0 0 0 0 0
6.10839 0.000658693 0.000182704 0.000475989 0.722627 0.708373 0 0 0 0 0 0 0 0 0 0 0 0 0 0 0 0 0 0 0 0 0 0 0 0 0 0 0 0 0 0 0 0 0 0 0 0 0 0 0 0 0 0
6.42193 0.000659453 0.000181866 0.000477587 0.724217 0.70699 0 0 0 0 0 0 0 0 0 0 0 0 0 0 0 0 0 0 0 0 0 0 0 0 0 0 0 0 0 0 0 0 0 0 0 0 0 0 0 0 0 0
6.75157 0.000660236 0.000180958 0.000479278 0.725919 0.705555 0 0 0 0 0 0 0 0 0 0 0 0 0 0 0 0 0 0 0 0 0 0 0 0 0 0 0 0 0 0 0 0 0 0 0 0 0 0 0 0 0 0
7.09813 0.000661008 0.00018007 0.000480938 0.727583 0.704164 0 0 0 0 0 0 0 0 0 0 0 0 0 0 0 0 0 0 0 0 0 0 0 0 0 0 0 0 0 0 0 0 0 0 0 0 0 0 0 0 0 0
7.46248 0.000661827 0.00017921 0.000482617 0.729219 0.70287 0 0 0 0 0 0 0 0 0 0 0 0 0 0 0 0 0 0 0 0 0 0 0 0 0 0 0 0 0 0 0 0 0 0 0 0 0 0 0 0 0 0
7.84553 0.000662673 0.000178337 0.000484337 0.730883 0.7016 0 0 0 0 0 0 0 0 0 0 0 0 0 0 0 0 0 0 0 0 0 0 0 0 0 0 0 0 0 0 0 0 0 0 0 0 0 0 0 0 0 0
8.24824 0.000663447 0.000177352 0.000486095 0.73268 0.700226 0 0 0 0 0 0 0 0 0 0 0 0 0 0 0 0 0 0 0 0 0 0 0 0 0 0 0 0 0 0 0 0 0 0 0 0 0 0 0 0 0 0
8.67162 0.000664313 0.00017639 0.000487923 0.734478 0.698946 0 0 0 0 0 0 0 0 0 0 0 0 0 0 0 0 0 0 0 0 0 0 0 0 0 0 0 0 0 0 0 0 0 0 0 0 0 0 0 0 0 0
9.11674 0.00066502 0.000175471 0.000489549 0.736142 0.697713 0 0 0 0 0 0 0 0 0 0 0 0 0 0 0 0 0 0 0 0 0 0 0 0 0 0 0 0 0 0 0 0 0 0 0 0 0 0 0 0 0 0
9.5847 0.000665876 0.00017463 0.000491246 0.737744 0.696665 0 0 0 0 0 0 0 0 0 0 0 0 0 0 0 0 0 0 0 0 0 0 0 0 0 0 0 0 0 0 0 0 0 0 0 0 0 0 0 0 0 0
10.0767 0.000666667 0.000173819 0.000492848 0.739272 0.695661 0 0 0 0 0 0 0 0 0 0 0 0 0 0 0 0 0 0 0 0 0 0 0 0 0 0 0 0 0 0 0 0 0 0 0 0 0 0 0 0 0 0
10.5939 0.000667474 0.000173008 0.000494466 0.740802 0.694739 0 0 0 0 0 0 0 0 0 0 0 0 0 0 0 0 0 0 0 0 0 0 0 0 0 0 0 0 0 0 0 0 0 0 0 0 0 0 0 0 0 0
11.1377 0.000668329 0.000172324 0.000496005 0.742157 0.694175 0 0 0 0 0 0 0 0 0 0 0 0 0 0 0 0 0 0 0 0 0 0 0 0 0 0 0 0 0 0 0 0 0 0 0 0 0 0 0 0 0 0
11.7094 0.000669137 0.000170693 0.000498444 0.744905 0.691313 0 0 0 0 0 0 0 0 0 0 0 0 0 0 0 0 0 0 0 0 0 0 0 0 0 0 0 0 0 0 0 0 0 0 0 0 0 0 0 0 0 0
12.3105 0.000670012 0.000170338 0.000499675 0.745769 0.691644 0 0 0 0 0 0 0 0 0 0 0 0 0 0 0 0 0 0 0 0 0 0 0 0 0 0 0 0 0 0 0 0 0 0 0 0 0 0 0 0 0 0
12.9424 0.000670831 0.000169359 0.000501472 0.747539 0.690806 0 0 0 0 0 0 0 0 0 0 0 0 0 0 0 0 0 0 0 0 0 0 0 0 0 0 0 0 0 0 0 0 0 0 0 0 0 0 0 0 0 0
13.6067 0.000671623 0.000168405 0.000503219 0.749257 0.69001 0 0 0 0 0 0 0 0 0 0 0 0 0 0 0 0 0 0 0 0 0 0 0 0 0 0 0 0 0 0 0 0 0 0 0 0 0 0 0 0 0 0
14.3051 0.000672401 0.000167531 0.00050487 0.750847 0.689348 0 0 0 0 0 0 0 0 0 0 0 0 0 0 0 0 0 0 0 0 0 0 0 0 0 0 0 0 0 0 0 0 0 0 0 0 0 0 0 0 0 0
15.0394 0.000673176 0.000166705 0.000506471 0.75236 0.688764 0 0 0 0 0 0 0 0 0 0 0 0 0 0 0 0 0 0 0 0 0 0 0 0 0 0 0 0 0 0 0 0 0 0 0 0 0 0 0 0 0 0
15.8114 0.000673961 0.000165948 0.000508013 0.753772 0.688304 0 0 0 0 0 0 0 0 0 0 0 0 0 0 0 0 0 0 0 0 0 0 0 0 0 0 0 0 0 0 0 0 0 0 0 0 0 0 1.4013e-45 0 5.60519e-45 0
16.623 0.000674723 0.000165127 0.000509595 0.755266 0.687849 0 0 0 0 0 0 0 0 0 0 0 0 0 0 0 0 0 0 0 0 0 0 0 0 0 0 0 0 0 0 0 0 4.2039e-45 0 1.68156e-44 0 7.28675e-44 0 2.88667e-43 0 1.06218e-42 0
17.4762 0.000675435 0.000164238 0.000511197 0.75684 0.687383 0 0 0 0 0 0 0 0 0 0 0 0 0 0 0 0 0 0 0 0 0 0 0 0 0 0 4.2039e-45 0 2.52234e-44 0 1.49939e-43 0 7.28675e-43 0 3.26222e-42 0 1.29634e-41 0 4.78936e-41 0 1.65158e-40 0
18.3733 0.000676083 0.000163317 0.000512766 0.758437 0.686941 0 0 0 0 0 0 0 0 0 0 0 0 0 0 0 0 0 0 0 0 1.4013e-45 0 1.12104e-44 0 1.079e-43 0 7.72115e-43 0 4.73779e-42 0 2.52878e-41 0 1.13991e-40 0 4.74072e-40 0 1.76139e-39 0 6.10527e-39 0 1.98189e-38 0
19.3164 0.000676635 0.000162194 0.000514441 0.760293 0.686297 0 0 0 0 0 0 0 0 0 0 0 0 0 0 0 0 1.4013e-45 0 1.54143e-44 0 2.11596e-43 0 2.20424e-42 0 1.82841e-41 0 1.18696e-40 0 6.66956e-40 0 3.2801e-39 0 1.37381e-38 0 5.32936e-38 0 1.85719e-37 0 6.05827e-37 0 1.85676e-36 0
20.3079 0.000676955 0.000160521 0.000516434 0.762878 0.685123 0 0 0 0 0 0 0 0 0 0 0 0 0 0 5.60519e-45 0 1.56945e-43 0 2.78438e-42 0 3.42197e-41 0 3.16993e-40 0 2.37116e-39 0 1.40496e-38 0 7.25649e-38 0 3.30172e-37 0 1.28946e-36 0 4.6818e-36 0 1.53505e-35 0 4.72654e-35 0 1.37152e-34 0
21.3503 0.00067703 0.000158635 0.000518395 0.76569 0.683529 0 0 0 0 0 0 0 0 0 0 0 0 2.52234e-44 0 1.05658e-42 0 2.53593e-41 0 3.90284e-40 0 4.24348e-39 0 3.52614e-38 0 2.3908e-37 0 1.29873e-36 0 6.1911e-36 0 2.6161e-35 0 9.55949e-35 0 3.2591e-34 0 1.00839e-33 0 2.93902e-33 0 8.09603e-33 0
22.4463 0.000676989 0.000156342 0.000520647 0.769063 0.681158 0 0 0 0 0 0 0 0 0 0 5.32493e-44 0 4.34823e-42 0 1.52942e-40 0 3.14189e-39 0 4.23128e-38 0 4.09464e-37 0 3.06828e-36 0 1.89476e-35 0 9.47644e-35 0 4.18581e-34 0 1.64857e-33 0 5.65472e-33 0 1.81579e-32 0 5.31676e-32 0 1.47075e-31 0 3.85588e-31 0
23.5984 0.000677021 0.000153339 0.000523682 0.773509 0.677428 0 0 0 0 0 0 0 0 4.2039e-44 0 8.70767e-42 0 5.76887e-40 0 1.70515e-38 0 3.02231e-37 0 3.58495e-36 0 3.10527e-35 0 2.10898e-34 0 1.1916e-33 0 5.50919e-33 0 2.2632e-32 0 8.33653e-32 0 2.69249e-31 0 8.16718e-31 0 2.2692e-30 0 5.97297e-30 0 1.49395e-29 0
24.8097 0.00067738 0.000149202 0.000528178 0.779737 0.671629 0 0 0 0 0 0 7.00649e-45 0 6.93923e-42 0 1.09334e-39 0 5.90207e-38 0 1.47867e-36 0 2.27766e-35 0 2.39436e-34 0 1.86649e-33 0 1.15446e-32 0 5.99402e-32 0 2.57164e-31 0 9.86021e-31 0 3.40801e-30 0 1.03946e-29 0 2.98675e-29 0 7.89462e-29 0 1.98211e-28 0 4.74062e-28 0
26.0832 0.000678291 0.000144403 0.000533888 0.787108 0.663619 0 0 0 0 0 0 1.24996e-42 0 8.64496e-40 0 1.06391e-37 0 4.72693e-36 0 1.01193e-34 0 1.36389e-33 0 1.2782e-32 0 9.01347e-32 0 5.10046e-31 0 2.44355e-30 0 9.76411e-30 0 3.50599e-29 0 1.14059e-28 0 3.29451e-28 0 8.99083e-28 0 2.26632e-27 0 5.43999e-27 0 1.24685e-26 0
27.4221 0.000679717 0.000139275 0.000540442 0.795099 0.654331 0 0 0 0 1.54143e-44 0 1.66466e-40 0 8.36357e-38 0 8.13735e-36 0 3.00409e-34 0 5.53756e-33 0 6.5735e-32 0 5.52288e-31 0 3.54032e-30 0 1.84081e-29 0 8.1696e-29 0 3.05098e-28 0 1.02923e-27 0 3.16093e-27 0 8.66934e-27 0 2.25272e-26 0 5.42783e-26 0 1.24835e-25 0 2.74768e-25 0
28.8297 0.000681816 0.000134292 0.000547525 0.803038 0.644151 0 0 0 0 2.40323e-42 0 1.72062e-38 0 6.38081e-36 0 4.96479e-34 0 1.53678e-32 0 2.45712e-31 0 2.5849e-30 0 1.95741e-29 0 1.14595e-28 0 5.49761e-28 0 2.26864e-27 0 7.94449e-27 0 2.52555e-26 0 7.3429e-26 0 1.9171e-25 0 4.75465e-25 0 1.09746e-24 0 2.42348e-24 0 5.13264e-24 0
30.3095 0.000684331 0.000129429 0.000554902 0.810868 0.633865 0 0 0 0 3.01111e-40 0 1.39773e-36 0 3.88307e-34 0 2.44271e-32 0 6.39441e-31 0 8.92976e-30 0 8.37451e-29 0 5.74472e-28 0 3.08517e-27 0 1.37101e-26 0 5.27931e-26 0 1.73901e-25 0 5.22477e-25 0 1.44195e-24 0 3.59234e-24 0 8.52297e-24 0 1.88854e-23 0 4.01216e-23 0 8.19158e-23 0
31.8653 0.000687169 0.000125335 0.000561834 0.817607 0.624509 0 0 7.00649e-45 0 2.9527e-38 0 9.07594e-35 0 1.91571e-32 0 9.84483e-31 0 2.19739e-29 0 2.698e-28 0 2.26829e-27 0 1.41636e-26 0 7.00719e-26 0 2.89519e-25 0 1.04382e-24 0 3.24395e-24 0 9.23663e-24 0 2.42588e-23 0 5.7802e-23 0 1.31473e-22 0 2.80221e-22 0 5.73819e-22 0 1.13144e-21 0
33.5009 0.000690339 0.000121357 0.000568981 0.824206 0.615545 0 0 1.19671e-42 0 2.28266e-36 0 4.74058e-33 0 7.70516e-31 0 3.26684e-29 0 6.26583e-28 0 6.80669e-27 0 5.15759e-26 0 2.94501e-25 0 1.34758e-24 0 5.19523e-24 0 1.75939e-23 0 5.17327e-23 0 1.39964e-22 0 3.5067e-22 0 8.0087e-22 0 1.74997e-21 0 3.59458e-21 0 7.10763e-21 0 1.35576e-20 0
35.2205 0.000693507 0.000118555 0.000574952 0.82905 0.608399 0 0 1.50766e-40 0 1.42018e-34 0 2.03127e-31 0 2.57495e-29 0 9.09205e-28 0 1.50966e-26 0 1.45968e-25 0 1.0019e-24 0 5.2544e-24 0 2.23225e-23 0 8.05716e-23 0 2.57083e-22 0 7.17147e-22 0 1.84823e-21 0 4.42753e-21 0 9.71211e-21 0 2.04272e-20 0 4.05101e-20 0 7.74789e-20 0 1.43202e-19 0
37.0284 0.000696793 0.000115798 0.000580995 0.833813 0.601684 5.60519e-45 0 1.48053e-38 0 7.12497e-33 0 7.14734e-30 0 7.1527e-28 0 2.12221e-26 0 3.07205e-25 0 2.65887e-24 0 1.6612e-23 0 8.0349e-23 0 3.18074e-22 0 1.07833e-21 0 3.25117e-21 0 8.62624e-21 0 2.12273e-20 0 4.87279e-20 0 1.02866e-19 0 2.08642e-19 0 4.00165e-19 0 7.41498e-19 0 1.33e-18 0
38.9291 0.00069984 0.000113585 0.000586255 0.837698 0.596098 8.43582e-43 0 1.15161e-36 0 2.92573e-31 0 2.09439e-28 0 1.67386e-26 0 4.20875e-25 0 5.34721e-24 0 4.16518e-23 0 2.37962e-22 0 1.06572e-21 0 3.94473e-21 0 1.25995e-20 0 3.59949e-20 0 9.10608e-20 0 2.14443e-19 0 4.72687e-19 0 9.62114e-19 0 1.88521e-18 0 3.50258e-18 0 6.29768e-18 0 1.09782e-17 0
40.9273 0.000702651 0.000111433 0.000591218 0.841411 0.591034 1.0436e-40 0 7.14867e-35 0 9.89154e-30 0 5.13693e-27 0 3.3149e-25 0 7.1208e-24 0 7.99101e-23 0 5.63095e-22 0 2.95463e-21 0 1.22984e-20 0 4.27042e-20 0 1.28879e-19 0 3.49793e-19 0 8.45711e-19 0 1.91003e-18 0 4.05082e-18 0 7.96391e-18 0 1.51007e-17 0 2.72201e-17 0 4.756e-17 0 8.06883e-17 0
43.0281 0.000704995 0.000109558 0.000595437 0.844598 0.58667 1.00941e-38 0 3.58787e-33 0 2.78528e-28 0 1.06593e-25 0 5.61223e-24 0 1.03791e-22 0 1.03505e-21 0 6.63041e-21 0 3.20857e-20 0 1.24571e-19 0 4.07048e-19 0 1.16395e-18 0 3.0088e-18 0 6.96762e-18 0 1.51227e-17 0 3.09164e-17 0 5.88083e-17 0 1.08079e-16 0 1.89296e-16 0 3.21856e-16 0 5.32135e-16 0
45.2368 0.000706967 0.000107577 0.00059939 0.847833 0.582508 7.69908e-37 0 1.46621e-31 0 6.56866e-27 0 1.88032e-24 0 8.15816e-23 0 1.30844e-21 0 1.16625e-20 0 6.82323e-20 0 3.05723e-19 0 1.11089e-18 0 3.42604e-18 0 9.30687e-18 0 2.29681e-17 0 5.10517e-17 0 1.0669e-16 0 2.1063e-16 0 3.88272e-16 0 6.92685e-16 0 1.18046e-15 0 1.95576e-15 0 3.15511e-15 0
47.5588 0.000708529 0.000106279 0.00060225 0.850001 0.579116 4.71915e-35 0 4.9641e-30 0 1.31834e-25 0 2.86308e-23 0 1.03336e-21 0 1.44735e-20 0 1.15938e-19 0 6.22252e-19 0 2.59121e-18 0 8.84073e-18 0 2.58064e-17 0 6.67651e-17 0 1.57658e-16 0 3.37027e-16 0 6.79435e-16 0 1.29755e-15 0 2.32151e-15 0 4.02621e-15 0 6.68509e-15 0 1.0806e-14 0 1.70304e-14 0
50 0.000709815 0.000104681 0.000605134 0.852524 0.575665 2.32885e-33 0 1.39292e-28 0 2.24961e-24 0 3.75683e-22 0 1.13815e-20 0 1.40137e-19 0 1.01411e-18 0 5.01415e-18 0 1.94754e-17 0 6.25819e-17 0 1.7337e-16 0 4.28193e-16 0 9.69587e-16 0 1.99722e-15 0 3.89084e-15 0 7.19947e-15 0 1.25202e-14 0 2.11379e-14 0 3.42391e-14 0 5.40629e-14 0 8.3332e-14 0
52.5665 0.00071089 0.00010356 0.000607331 0.854324 0.572679 9.41969e-32 0 3.29304e-27 0 3.31373e-23 0 4.31031e-21 0 1.1055e-19 0 1.20414e-18 0 7.91123e-18 0 3.61797e-17 0 1.31517e-16 0 3.99202e-16 0 1.05223e-15 0 2.4866e-15 0 5.41032e-15 0 1.07582e-14 0 2.02869e-14 0 3.64272e-14 0 6.166e-14 0 1.01473e-13 0 1.6054e-13 0 2.47898e-13 0 3.7412e-13 0
55.2648 0.00071173 0.000102529 0.000609201 0.855944 0.569828 3.14239e-30 0 6.59153e-26 0 4.22938e-22 0 4.33755e-20 0 9.49512e-19 0 9.20409e-18 0 5.5161e-17 0 2.34217e-16 0 7.9941e-16 0 2.29846e-15 0 5.77836e-15 0 1.30937e-14 0 2.74281e-14 0 5.27398e-14 0 9.64195e-14 0 1.68253e-13 0 2.77575e-13 0 4.45824e-13 0 6.89714e-13 0 1.04267e-12 0 1.54226e-12 0
58.1015 0.000712536 0.00010165 0.000610885 0.85734 0.567121 8.73382e-29 0 1.12701e-24 0 4.71335e-21 0 3.8558e-19 0 7.25995e-18 0 6.29869e-17 0 3.45886e-16 0 1.36855e-15 0 4.39926e-15 0 1.2013e-14 0 2.88717e-14 0 6.28617e-14 0 1.27011e-13 0 2.36548e-13 0 4.19906e-13 0 7.1309e-13 0 1.14801e-12 0 1.8017e-12 0 2.72858e-12 0 4.04252e-12 0 5.86628e-12 0
61.0839 0.000713126 0.000100807 0.00061232 0.858641 0.564414 2.03834e-27 0 1.6569e-23 0 4.612e-20 0 3.04287e-18 0 4.96434e-17 0 3.87584e-16 0 1.95855e-15 0 7.24596e-15 0 2.20017e-14 0 5.72043e-14 0 1.31721e-13 0 2.76103e-13 0 5.39029e-13 0 9.73878e-13 0 1.68101e-12 0 2.78184e-12 0 4.37561e-12 0 6.71765e-12 0 9.96942e-12 0 1.44894e-11 0 2.06474e-11 0
64.2193 0.000713749 0.000100114 0.000613635 0.859735 0.561782 4.03365e-26 0 2.11259e-22 0 3.99234e-19 0 2.14681e-17 0 3.0561e-16 0 2.15822e-15 0 1.00766e-14 0 3.49732e-14 0 1.00588e-13 0 2.49607e-13 0 5.51822e-13 0 1.11563e-12 0 2.10803e-12 0 3.70021e-12 0 6.21894e-12 0 1.00415e-11 0 1.5449e-11 0 2.32268e-11 0 3.3812e-11 0 4.82529e-11 0 6.75817e-11 0
67.5157 0.000714337 9.95548e-05 0.000614782 0.860633 0.559156 6.82226e-25 0 2.35214e-21 0 3.07545e-18 0 1.36138e-16 0 1.70232e-15 0 1.09275e-14 0 4.73223e-14 0 1.54562e-13 0 4.22194e-13 0 1.00219e-12 0 2.13144e-12 0 4.16359e-12 0 7.62659e-12 0 1.30242e-11 0 2.13418e-11 0 3.36631e-11 0 5.07132e-11 0 7.47418e-11 0 1.06827e-10 0 1.49828e-10 0 2.06422e-10 0
70.9813 0.000714946 9.90941e-05 0.000615852 0.861396 0.556526 9.93538e-24 0 2.30146e-20 0 2.11978e-17 0 7.79821e-16 0 8.61974e-15 0 5.05301e-14 0 2.03711e-13 0 6.27992e-13 0 1.63326e-12 0 3.71677e-12 0 7.61878e-12 0 1.4404e-11 0 2.5616e-11 0 4.26171e-11 0 6.81699e-11 0 1.0516e-10 0 1.55285e-10 0 2.24568e-10 0 3.15424e-10 0 4.35144e-10 0 5.90202e-10 0
74.6248 0.000715624 9.88297e-05 0.000616795 0.861897 0.553919 1.25631e-22 0 1.99357e-19 0 1.3158e-16 0 4.05929e-15 0 3.99026e-14 0 2.14564e-13 0 8.08093e-13 0 2.35792e-12 0 5.8528e-12 0 1.27949e-11 0 2.53243e-11 0 4.64121e-11 0 8.02513e-11 0 1.30236e-10 0 2.03601e-10 0 3.07501e-10 0 4.45512e-10 0 6.32785e-10 0 8.74174e-10 0 1.18717e-09 0 1.58642e-09 0
78.4553 0.000716352 9.86964e-05 0.000617655 0.862224 0.551192 1.38809e-21 0 1.53705e-18 0 7.38901e-16 0 1.92812e-14 0 1.69522e-13 0 8.39678e-13 0 2.96414e-12 0 8.20842e-12 0 1.94902e-11 0 4.10116e-11 0 7.85111e-11 0 1.39694e-10 0 2.35174e-10 0 3.72735e-10 0 5.70131e-10 0 8.43917e-10 0 1.20075e-09 0 1.67651e-09 0 2.2798e-09 0 3.05017e-09 0 4.01866e-09 0
82.4824 0.000717291 9.88523e-05 0.000618439 0.862187 0.5487 1.35125e-20 0 1.06261e-17 0 3.77859e-15 0 8.40846e-14 0 6.64834e-13 0 3.04561e-12 0 1.01091e-11 0 2.66365e-11 0 6.06315e-11 0 1.23031e-10 0 2.28175e-10 0 3.94728e-10 0 6.47834e-10 0 1.00394e-09 0 1.50409e-09 0 2.18415e-09 0 3.05461e-09 0 4.19599e-09 0 5.62091e-09 0 7.41413e-09 0 9.63765e-09 0
86.7162 0.000718273 9.92849e-05 0.000618988 0.861773 0.545905 1.1661e-19 0 6.62214e-17 0 1.76769e-14 0 3.38072e-13 0 2.41636e-12 0 1.02766e-11 0 3.21701e-11 0 8.08486e-11 0 1.76788e-10 0 3.46548e-10 0 6.23621e-10 0 1.05034e-09 0 1.68263e-09 0 2.55239e-09 0 3.74919e-09 0 5.3461e-09 0 7.35527e-09 0 9.94822e-09 0 1.31377e-08 0 1.70963e-08 0 2.19407e-08 0
91.1674 0.000719596 9.97463e-05 0.00061985 0.861386 0.543297 8.95248e-19 0 3.73019e-16 0 7.58005e-14 0 1.25517e-12 0 8.14987e-12 0 3.22957e-11 0 9.56201e-11 0 2.29736e-10 0 4.83525e-10 0 9.17189e-10 0 1.60383e-09 0 2.63337e-09 0 4.12268e-09 0 6.12777e-09 0 8.83365e-09 0 1.23799e-08 0 1.67692e-08 0 2.23489e-08 0 2.9116e-08 0 3.7405e-08 0 4.7423e-08 0
95.847 0.000720986 0.000100538 0.000620447 0.860554 0.540621 6.16798e-18 0 1.91435e-15 0 3.00109e-13 0 4.33302e-12 0 2.56787e-11 0 9.51418e-11 0 2.67153e-10 0 6.14969e-10 0 1.24814e-09 0 2.29471e-09 0 3.90461e-09 0 6.25774e-09 0 9.58475e-09 0 1.39733e-08 0 1.97871e-08 0 2.72773e-08 0 3.64052e-08 0 4.78428e-08 0 6.15296e-08 0 7.80855e-08 0 9.78583e-08 0
100.767 0.000722321 0.000101476 0.000620844 0.859513 0.537385 3.82717e-17 0 8.9762e-15 0 1.09944e-12 0 1.39338e-11 0 7.57044e-11 0 2.63116e-10 0 7.02496e-10 0 1.5526e-09 0 3.04411e-09 0 5.43266e-09 0 9.00723e-09 0 1.41068e-08 0 2.11618e-08 0 3.02885e-08 0 4.21681e-08 0 5.72264e-08 0 7.53074e-08 0 9.76557e-08 0 1.2406e-07 0 1.55619e-07 0 1.92888e-07 0
105.939 0.000724717 0.000103119 0.000621597 0.857711 0.535047 2.16143e-16 0 3.88359e-14 0 3.7615e-12 0 4.21126e-11 0 2.10657e-10 0 6.8895e-10 0 1.75332e-09 0 3.72785e-09 0 7.07269e-09 0 1.22703e-08 0 1.98478e-08 0 3.04115e-08 0 4.47262e-08 0 6.29049e-08 0 8.61736e-08 0 1.15216e-07 0 1.496e-07 0 1.91549e-07 0 2.40513e-07 0 2.98378e-07 0 3.65978e-07 0
111.377 0.000727159 0.000105436 0.000621722 0.855002 0.532764 1.11583e-15 0 1.55603e-13 0 1.20552e-11 0 1.19952e-10 0 5.54672e-10 0 1.71207e-09 0 4.16283e-09 0 8.53086e-09 0 1.5687e-08 0 2.64928e-08 0 4.18589e-08 0 6.28153e-08 0 9.06588e-08 0 1.25401e-07 0 1.69167e-07 0 2.22995e-07 0 2.85876e-07 0 3.61648e-07 0 4.49074e-07 0 5.51282e-07 0 6.69472e-07 0
117.094 0.000729558 0.000107648 0.00062191 0.852447 0.529375 5.25037e-15 0 5.75318e-13 0 3.60437e-11 0 3.20585e-10 0 1.37563e-09 0 4.01874e-09 0 9.35656e-09 0 1.85143e-08 0 3.30473e-08 0 5.44018e-08 0 8.4057e-08 0 1.23664e-07 0 1.75311e-07 0 2.38683e-07 0 3.17314e-07 0 4.12677e-07 0 5.22667e-07 0 6.53654e-07 0 8.03135e-07 0 9.76106e-07 0 1.17419e-06 0
123.105 0.000733449 0.000109664 0.000623785 0.850482 0.526359 2.25999e-14 0 1.96897e-12 0 1.00792e-10 0 8.05754e-10 0 3.22016e-09 0 8.92756e-09 0 1.99453e-08 0 3.81733e-08 0 6.62375e-08 0 1.06417e-07 0 1.60971e-07 0 2.32397e-07 0 3.23889e-07 0 4.34375e-07 0 5.69501e-07 0 7.31213e-07 0 9.15479e-07 0 1.13248e-06 0 1.37754e-06 0 1.65835e-06 0 1.97696e-06 0
129.424 0.000737655 0.000110282 0.000627373 0.850496 0.523221 8.84208e-14 0 6.19385e-12 0 2.61637e-10 0 1.88972e-09 0 7.05822e-09 0 1.86178e-08 0 3.99936e-08 0 7.41559e-08 0 1.25258e-07 0 1.96634e-07 0 2.91487e-07 0 4.13349e-07 0 5.66816e-07 0 7.49355e-07 0 9.6956e-07 0 1.22977e-06 0 1.52287e-06 0 1.86438e-06 0 2.24623e-06 0 2.67974e-06 0 3.16729e-06 0
136.067 0.000740086 0.000108697 0.000631389 0.853129 0.517499 3.13438e-13 0 1.78426e-11 0 6.27802e-10 0 4.11713e-09 0 1.44195e-08 0 3.6276e-08 0 7.50704e-08 0 1.35061e-07 0 2.22369e-07 0 3.41481e-07 0 4.96569e-07 0 6.92263e-07 0 9.34764e-07 0 1.21907e-06 0 1.55759e-06 0 1.95281e-06 0 2.39313e-06 0 2.901e-06 0 3.46351e-06 0 4.0965e-06 0 4.80247e-06 0
143.051 0.000740541 0.000102493 0.000638048 0.861597 0.507529 9.86437e-13 0 4.60972e-11 0 1.36313e-09 0 8.15516e-09 0 2.68665e-08 0 6.46125e-08 0 1.29046e-07 0 2.25608e-07 0 3.62515e-07 0 5.45157e-07 0 7.78386e-07 0 1.06768e-06 0 1.42071e-06 0 1.82894e-06 0 2.30902e-06 0 2.86313e-06 0 3.47405e-06 0 4.17192e-06 0 4.93796e-06 0 5.79276e-06 0 6.73854e-06 0
150.394 0.000742023 9.52215e-05 0.000646802 0.871673 0.497927 2.84896e-12 0 1.10351e-10 0 2.76583e-09 0 1.51631e-08 0 4.71289e-08 0 1.08589e-07 0 2.09675e-07 0 3.56706e-07 0 5.60048e-07 0 8.25601e-07 0 1.15849e-06 0 1.56472e-06 0 2.05326e-06 0 2.61085e-06 0 3.25888e-06 0 3.99872e-06 0 4.80635e-06 0 5.7205e-06 0 6.71539e-06 0 7.81671e-06 0 9.02605e-06 0
158.114 0.000742641 8.88664e-05 0.000653774 0.880337 0.490027 7.72523e-12 0 2.50301e-10 0 5.36051e-09 0 2.70452e-08 0 7.95321e-08 0 1.75931e-07 0 3.28966e-07 0 5.45316e-07 0 8.37525e-07 0 1.21147e-06 0 1.67206e-06 0 2.22548e-06 0 2.88183e-06 0 3.62171e-06 0 4.47197e-06 0 5.43267e-06 0 6.47153e-06 0 7.63719e-06 0 8.89552e-06 0 1.02779e-05 0 1.1785e-05 0
166.23 0.000740738 8.30892e-05 0.000657648 0.887829 0.480941 1.96794e-11 0 5.38038e-10 0 9.92165e-09 0 4.62541e-08 0 1.29042e-07 0 2.74598e-07 0 4.98006e-07 0 8.05407e-07 0 1.21134e-06 0 1.7209e-06 0 2.3381e-06 0 3.06882e-06 0 3.92407e-06 0 4.87681e-06 0 5.96005e-06 0 7.17198e-06 0 8.47076e-06 0 9.91603e-06 0 1.14641e-05 0 1.31526e-05 0 1.49808e-05 0
174.763 0.000737523 7.7623e-05 0.0006599 0.894752 0.468428 4.71192e-11 0 1.09609e-09 0 1.75315e-08 0 7.58129e-08 0 2.01173e-07 0 4.12593e-07 0 7.26837e-07 0 1.14822e-06 0 1.69286e-06 0 2.3641e-06 0 3.16427e-06 0 4.09842e-06 0 5.17808e-06 0 6.36737e-06 0 7.70586e-06 0 9.18936e-06 0 1.07657e-05 0 1.25059e-05 0 1.43564e-05 0 1.63607e-05 0 1.85168e-05 0
183.733 0.000736936 7.39652e-05 0.000662971 0.899632 0.455415 1.08569e-10 0 2.16587e-09 0 3.02566e-08 0 1.21814e-07 0 3.08198e-07 0 6.10312e-07 0 1.04583e-06 0 1.61567e-06 0 2.33732e-06 0 3.2113e-06 0 4.23749e-06 0 5.4196e-06 0 6.76958e-06 0 8.2408e-06 0 9.88066e-06 0 1.1682e-05 0 1.35805e-05 0 1.56609e-05 0 1.78574e-05 0 2.02212e-05 0 2.27482e-05 0
193.164 0.000739407 7.11005e-05 0.000668306 0.903841 0.444901 2.3878e-10 0 4.1158e-09 0 5.05511e-08 0 1.9014e-07 0 4.59753e-07 0 8.80562e-07 0 1.46977e-06 0 2.22289e-06 0 3.15831e-06 0 4.27251e-06 0 5.562e-06 0 7.02867e-06 0 8.68466e-06 0 1.04711e-05 0 1.2444e-05 0 1.45929e-05 0 1.68403e-05 0 1.92854e-05 0 2.18499e-05 0 2.45925e-05 0 2.75073e-05 0
203.079 0.000742315 6.92182e-05 0.000673097 0.906754 0.437534 5.04582e-10 0 7.56868e-09 0 8.22457e-08 0 2.89979e-07 0 6.71578e-07 0 1.2461e-06 0 2.02852e-06 0 3.00661e-06 0 4.19921e-06 0 5.59744e-06 0 7.19359e-06 0 8.98725e-06 0 1.09906e-05 0 1.31309e-05 0 1.54741e-05 0 1.80058e-05 0 2.0634e-05 0 2.34741e-05 0 2.64342e-05 0 2.95811e-05 0 3.29068e-05 0
213.503 0.000742511 6.81396e-05 0.000674371 0.908231 0.430168 1.02556e-09 0 1.3478e-08 0 1.30357e-07 0 4.32183e-07 0 9.60706e-07 0 1.72958e-06 0 2.74938e-06 0 3.99752e-06 0 5.49287e-06 0 7.21985e-06 0 9.16572e-06 0 1.13274e-05 0 1.3717e-05 0 1.62466e-05 0 1.8993e-05 0 2.19377e-05 0 2.49733e-05 0 2.82325e-05 0 3.1609e-05 0 3.51784e-05 0 3.89307e-05 0
224.463 0.000739293 6.67668e-05 0.000672526 0.909688 0.418493 1.97828e-09 0 2.29264e-08 0 1.98485e-07 0 6.20652e-07 0 1.32689e-06 0 2.32123e-06 0 3.60734e-06 0 5.15e-06 0 6.96755e-06 0 9.03679e-06 0 1.13396e-05 0 1.38699e-05 0 1.66397e-05 0 1.95463e-05 0 2.26771e-05 0 2.60094e-05 0 2.9422e-05 0 3.30635e-05 0 3.68145e-05 0 4.07587e-05 0 4.4884e-05 0
235.984 0.000735467 6.50071e-05 0.00067046 0.911611 0.401091 3.624e-09 0 3.72637e-08 0 2.90342e-07 0 8.58732e-07 0 1.76902e-06 0 3.01135e-06 0 4.58019e-06 0 6.42627e-06 0 8.56693e-06 0 1.09711e-05 0 1.36151e-05 0 1.64904e-05 0 1.96087e-05 0 2.28538e-05 0 2.63231e-05 0 2.99901e-05 0 3.37217e-05 0 3.76806e-05 0 4.17364e-05 0 4.59795e-05 0 5.03961e-05 0
248.097 0.000734703 6.31633e-05 0.000671539 0.914029 0.380346 6.34571e-09 0 5.82323e-08 0 4.10446e-07 0 1.15136e-06 0 2.28963e-06 0 3.79767e-06 0 5.65917e-06 0 7.81e-06 0 1.02666e-05 0 1.299e-05 0 1.59518e-05 0 1.91409e-05 0 2.25692e-05 0 2.61086e-05 0 2.98657e-05 0 3.38108e-05 0 3.78014e-05 0 4.20116e-05 0 4.63027e-05 0 5.07703e-05 0 5.53995e-05 0
260.832 0.000738632 6.2039e-05 0.000676593 0.916008 0.360862 1.07814e-08 0 8.87886e-08 0 5.6891e-07 0 1.51751e-06 0 2.91818e-06 0 4.72215e-06 0 6.90117e-06 0 9.37556e-06 0 1.21613e-05 0 1.52119e-05 0 1.84942e-05 0 2.19954e-05 0 2.57277e-05 0 2.95521e-05 0 3.35842e-05 0 3.77917e-05 0 4.20236e-05 0 4.64649e-05 0 5.09694e-05 0 5.56378e-05 0 6.04542e-05 0
274.221 0.000745351 6.14538e-05 0.000683897 0.917551 0.345411 1.77676e-08 0 1.32009e-07 0 7.72513e-07 0 1.96424e-06 0 3.65862e-06 0 5.7829e-06 0 8.29644e-06 0 1.1104e-05 0 1.42218e-05 0 1.75964e-05 0 2.11906e-05 0 2.49905e-05 0 2.90089e-05 0 3.30973e-05 0 3.738e-05 0 4.18225e-05 0 4.62667e-05 0 5.09076e-05 0 5.55927e-05 0 6.04273e-05 0 6.53946e-05 0
288.297 0.000751359 6.12419e-05 0.000690117 0.918492 0.334128 2.83853e-08 0 1.91225e-07 0 1.02657e-06 0 2.49401e-06 0 4.50652e-06 0 6.96583e-06 0 9.81924e-06 0 1.29568e-05 0 1.6396e-05 0 2.00773e-05 0 2.39608e-05 0 2.80317e-05 0 3.23043e-05 0 3.66219e-05 0 4.11171e-05 0 4.5754e-05 0 5.03688e-05 0 5.51653e-05 0 5.9986e-05 0 6.49402e-05 0 7.00106e-05 0
303.095 0.000753131 6.11597e-05 0.000691971 0.918793 0.324574 4.38697e-08 0 2.69258e-07 0 1.33164e-06 0 3.09801e-06 0 5.43868e-06 0 8.23011e-06 0 1.1409e-05 0 1.48526e-05 0 1.85811e-05 0 2.25301e-05 0 2.6658e-05 0 3.09506e-05 0 3.54234e-05 0 3.99146e-05 0 4.45634e-05 0 4.93332e-05 0 5.40573e-05 0 5.89454e-05 0 6.38378e-05 0 6.88461e-05 0 7.3953e-05 0
318.653 0.000749114 6.10179e-05 0.000688096 0.918547 0.312722 6.55e-08 0 3.67939e-07 0 1.6831e-06 0 3.75766e-06 0 6.4182e-06 0 9.51835e-06 0 1.29867e-05 0 1.66911e-05 0 2.06552e-05 0 2.48118e-05 0 2.91192e-05 0 3.35645e-05 0 3.8165e-05 0 4.27563e-05 0 4.74828e-05 0 5.23078e-05 0 5.70647e-05 0 6.19659e-05 0 6.68521e-05 0 7.18356e-05 0 7.68996e-05 0
335.009 0.000739961 6.03551e-05 0.000679606 0.918435 0.294243 9.39141e-08 0 4.84924e-07 0 2.0596e-06 0 4.42162e-06 0 7.35786e-06 0 1.07046e-05 0 1.43863e-05 0 1.82661e-05 0 2.23718e-05 0 2.66362e-05 0 3.10192e-05 0 3.551e-05 0 4.01276e-05 0 4.47096e-05 0 4.9402e-05 0 5.41694e-05 0 5.8849e-05 0 6.36515e-05 0 6.84213e-05 0 7.32693e-05 0 7.81794e-05 0
352.205 0.000728797 5.91584e-05 0.000669639 0.918827 0.26608 1.29445e-07 0 6.16918e-07 0 2.4417e-06 0 5.05036e-06 0 8.19837e-06 0 1.17121e-05 0 1.55161e-05 0 1.94739e-05 0 2.36182e-05 0 2.78843e-05 0 3.22349e-05 0 3.66622e-05 0 4.11868e-05 0 4.5652e-05 0 5.02026e-05 0 5.4805e-05 0 5.93041e-05 0 6.39039e-05 0 6.84564e-05 0 7.30683e-05 0 7.7725e-05 0
370.284 0.000719897 5.7817e-05 0.00066208 0.919687 0.227882 1.72841e-07 0 7.63286e-07 0 2.82497e-06 0 5.63993e-06 0 8.94234e-06 0 1.25557e-05 0 1.64087e-05 0 2.03692e-05 0 2.44752e-05 0 2.86659e-05 0 3.29084e-05 0 3.71977e-05 0 4.15562e-05 0 4.58354e-05 0 5.01763e-05 0 5.45478e-05 0 5.88048e-05 0 6.31415e-05 0 6.74194e-05 0 7.17399e-05 0 7.60894e-05 0
389.291 0.000716252 5.64748e-05 0.000659777 0.921152 0.181996 2.2441e-07 0 9.21736e-07 0 3.2006e-06 0 6.17853e-06 0 9.5796e-06 0 1.32313e-05 0 1.70695e-05 0 2.09698e-05 0 2.49754e-05 0 2.90308e-05 0 3.31079e-05 0 3.72049e-05 0 4.13454e-05 0 4.53908e-05 0 4.94767e-05 0 5.35749e-05 0 5.75513e-05 0 6.15885e-05 0 6.55586e-05 0 6.95565e-05 0 7.35703e-05 0
409.273 0.000719157 5.53826e-05 0.000663774 0.92299 0.132367 2.84985e-07 0 1.09258e-06 0 3.57061e-06 0 6.67607e-06 0 1.01335e-05 0 1.37797e-05 0 1.75603e-05 0 2.13607e-05 0 2.5229e-05 0 2.91156e-05 0 3.29975e-05 0 3.68759e-05 0 4.07755e-05 0 4.45682e-05 0 4.8383e-05 0 5.2195e-05 0 5.58809e-05 0 5.96114e-05 0 6.32692e-05 0 6.69425e-05 0 7.0621e-05 0
430.281 0.000728216 5.48507e-05 0.000673365 0.924678 0.0831796 3.5654e-07 0 1.28019e-06 0 3.94948e-06 0 7.16376e-06 0 1.06567e-05 0 1.42784e-05 0 1.79855e-05 0 2.16741e-05 0 2.53969e-05 0 2.91107e-05 0 3.2797e-05 0 3.64603e-05 0 4.01257e-05 0 4.36753e-05 0 4.72319e-05 0 5.07733e-05 0 5.41865e-05 0 5.76308e-05 0 6.09987e-05 0 6.43722e-05 0 6.77423e-05 0
452.368 0.000741182 5.48008e-05 0.000686381 0.926063 0.0372216 4.39478e-07 0 1.48267e-06 0 4.33043e-06 0 7.6317e-06 0 1.11378e-05 0 1.47151e-05 0 1.83325e-05 0 2.18971e-05 0 2.54664e-05 0 2.90031e-05 0 3.24932e-05 0 3.59439e-05 0 3.93809e-05 0 4.2696e-05 0 4.60055e-05 0 4.92899e-05 0 5.24459e-05 0 5.56219e-05 0 5.87193e-05 0 6.18146e-05 0 6.48997e-05 0
475.588 0.000755082 5.51314e-05 0.000699951 0.926986 -0.00414367 5.33362e-07 0 1.69592e-06 0 4.70228e-06 0 8.0636e-06 0 1.15566e-05 0 1.50669e-05 0 1.8576e-05 0 2.20025e-05 0 2.54079e-05 0 2.87609e-05 0 3.20516e-05 0 3.52896e-05 0 3.85011e-05 0 4.1587e-05 0 4.46572e-05 0 4.76947e-05 0 5.06052e-05 0 5.35265e-05 0 5.63687e-05 0 5.92025e-05 0 6.20212e-05 0
500 0.000766539 5.57106e-05 0.000710828 0.927322 -0.0405885 6.36453e-07 0 1.91296e-06 0 5.04851e-06 0 8.43578e-06 0 1.18841e-05 0 1.53001e-05 0 1.86781e-05 0 2.19486e-05 0 2.51761e-05 0 2.8335e-05 0 3.14194e-05 0 3.44408e-05 0 3.74255e-05 0 4.02834e-05 0 4.31178e-05 0 4.59137e-05 0 4.85856e-05 0 5.12611e-05 0 5.38582e-05 0 5.64423e-05 0 5.90074e-05 0
525.665 0.000772127 5.65793e-05 0.000715547 0.926723 -0.0722236 7.4796e-07 0 2.13104e-06 0 5.3666e-06 0 8.74964e-06 0 1.21273e-05 0 1.54284e-05 0 1.86598e-05 0 2.17632e-05 0 2.48056e-05 0 2.77667e-05 0 3.06442e-05 0 3.34511e-05 0 3.62136e-05 0 3.885e-05 0 4.14569e-05 0 4.40215e-05 0 4.64664e-05 0 4.89089e-05 0 5.12749e-05 0 5.36245e-05 0 5.59526e-05 0
552.648 0.000768509 5.7311e-05 0.000711198 0.925426 -0.0999158 8.5996e-07 0 2.3288e-06 0 5.60963e-06 0 8.93543e-06 0 1.21956e-05 0 1.53416e-05 0 1.83918e-05 0 2.12992e-05 0 2.41319e-05 0 2.68745e-05 0 2.95277e-05 0 3.21056e-05 0 3.46341e-05 0 3.70396e-05 0 3.94117e-05 0 4.17393e-05 0 4.39532e-05 0 4.61603e-05 0 4.82942e-05 0 5.04094e-05 0 5.25017e-05 0
581.015 0.000753218 5.76992e-05 0.000695519 0.923396 -0.124306 9.64881e-07 0 2.48991e-06 0 5.75019e-06 0 8.95972e-06 0 1.20519e-05 0 1.50005e-05 0 1.78337e-05 0 2.05152e-05 0 2.31128e-05 0 2.56155e-05 0 2.80265e-05 0 3.03606e-05 0 3.26424e-05 0 3.48071e-05 0 3.69362e-05 0 3.90205e-05 0 4.09987e-05 0 4.2967e-05 0 4.48666e-05 0 4.67464e-05 0 4.86028e-05 0
610.839 0.000724865 5.7562e-05 0.000667304 0.920589 -0.145944 1.05426e-06 0 2.59884e-06 0 5.76682e-06 0 8.80026e-06 0 1.16757e-05 0 1.4387e-05 0 1.69704e-05 0 1.93994e-05 0 2.17397e-05 0 2.39843e-05 0 2.61382e-05 0 2.82163e-05 0 3.02417e-05 0 3.2158e-05 0 3.40384e-05 0 3.58751e-05 0 3.7615e-05 0 3.9343e-05 0 4.10078e-05 0 4.26528e-05 0 4.42749e-05 0
642.193 0.000683761 5.67832e-05 0.000626977 0.916954 -0.165321 1.12038e-06 0 2.64449e-06 0 5.65038e-06 0 8.45432e-06 0 1.10719e-05 0 1.35144e-05 0 1.58234e-05 0 1.79811e-05 0 2.00495e-05 0 2.2025e-05 0 2.39137e-05 0 2.57303e-05 0 2.74958e-05 0 2.91622e-05 0 3.07936e-05 0 3.23839e-05 0 3.38876e-05 0 3.53786e-05 0 3.68128e-05 0 3.82279e-05 0 3.96214e-05 0
675.157 0.000631942 5.53404e-05 0.000576601 0.912428 -0.182849 1.15801e-06 0 2.62309e-06 0 5.40767e-06 0 7.94194e-06 0 1.02742e-05 0 1.24291e-05 0 1.44515e-05 0 1.63304e-05 0 1.81233e-05 0 1.98288e-05 0 2.1454e-05 0 2.30125e-05 0 2.45233e-05 0 2.59459e-05 0 2.73358e-05 0 2.86883e-05 0 2.99648e-05 0 3.12286e-05 0 3.24426e-05 0 3.36387e-05 0 3.48153e-05 0
709.813 0.000572611 5.33619e-05 0.000519249 0.90681 -0.198772 1.16672e-06 0 2.54174e-06 0 5.06565e-06 0 7.31006e-06 0 9.34808e-06 0 1.1214e-05 0 1.29532e-05 0 1.45605e-05 0 1.60875e-05 0 1.75348e-05 0 1.89096e-05 0 2.02244e-05 0 2.14959e-05 0 2.26907e-05 0 2.38558e-05 0 2.49875e-05 0 2.60541e-05 0 2.71085e-05 0 2.812e-05 0 2.91154e-05 0 3.00933e-05 0
746.248 0.000509647 5.10724e-05 0.000458575 0.899789 -0.213204 1.15044e-06 0 2.41543e-06 0 4.66244e-06 0 6.61762e-06 0 8.37093e-06 0 9.96255e-06 0 1.14367e-05 0 1.27923e-05 0 1.4075e-05 0 1.52867e-05 0 1.64343e-05 0 1.75291e-05 0 1.85855e-05 0 1.95762e-05 0 2.05406e-05 0 2.14759e-05 0 2.23561e-05 0 2.3225e-05 0 2.40576e-05 0 2.48761e-05 0 2.56793e-05 0
784.553 0.000446478 4.84518e-05 0.000398026 0.89148 -0.22646 1.10951e-06 0 2.2495e-06 0 4.21305e-06 0 5.8871e-06 0 7.37089e-06 0 8.70721e-06 0 9.93766e-06 0 1.1064e-05 0 1.21257e-05 0 1.31255e-05 0 1.407e-05 0 1.49689e-05 0 1.58345e-05 0 1.66448e-05 0 1.74323e-05 0 1.81949e-05 0 1.89116e-05 0 1.96183e-05 0 2.02947e-05 0 2.09589e-05 0 2.16101e-05 0
824.824 0.000386016 4.56631e-05 0.000340352 0.881707 -0.23867 1.04963e-06 0 2.05894e-06 0 3.74788e-06 0 5.16061e-06 0 6.39926e-06 0 7.50662e-06 0 8.5207e-06 0 9.44501e-06 0 1.03134e-05 0 1.11287e-05 0 1.18969e-05 0 1.26266e-05 0 1.33279e-05 0 1.39833e-05 0 1.46194e-05 0 1.52345e-05 0 1.58118e-05 0 1.63805e-05 0 1.69242e-05 0 1.74576e-05 0 1.79801e-05 0
867.163 0.000330313 4.28482e-05 0.000287465 0.87028 -0.249928 9.76918e-07 0 1.85741e-06 0 3.29147e-06 0 4.46982e-06 0 5.4926e-06 0 6.40076e-06 0 7.22824e-06 0 7.97951e-06 0 8.68305e-06 0 9.34186e-06 0 9.96126e-06 0 1.05484e-05 0 1.11117e-05 0 1.16373e-05 0 1.21468e-05 0 1.26388e-05 0 1.31001e-05 0 1.3554e-05 0 1.39876e-05 0 1.44126e-05 0 1.48285e-05 0
911.674 0.000280641 4.0119e-05 0.000240522 0.857045 -0.260293 8.97049e-07 0 1.65603e-06 0 2.86129e-06 0 3.83534e-06 0 4.67293e-06 0 5.41197e-06 0 6.08222e-06 0 6.68854e-06 0 7.25468e-06 0 7.78353e-06 0 8.2797e-06 0 8.74916e-06 0 9.19888e-06 0 9.61792e-06 0 1.00235e-05 0 1.04148e-05 0 1.07813e-05 0 1.11416e-05 0 1.14855e-05 0 1.18223e-05 0 1.21516e-05 0
958.471 0.000237238 3.75417e-05 0.000199696 0.841755 -0.269855 8.14474e-07 0 1.46235e-06 0 2.46719e-06 0 3.26683e-06 0 3.9485e-06 0 4.54647e-06 0 5.08647e-06 0 5.57332e-06 0 6.02669e-06 0 6.44924e-06 0 6.84492e-06 0 7.21868e-06 0 7.5762e-06 0 7.9089e-06 0 8.23056e-06 0 8.54055e-06 0 8.83063e-06 0 9.11555e-06 0 9.38725e-06 0 9.65315e-06 0 9.91304e-06 0
1007.67 0.000199986 3.51708e-05 0.000164815 0.824133 -0.278649 7.32928e-07 0 1.28189e-06 0 2.1148e-06 0 2.76818e-06 0 3.32073e-06 0 3.80284e-06 0 4.23648e-06 0 4.62625e-06 0 4.98831e-06 0 5.32506e-06 0 5.63985e-06 0 5.93673e-06 0 6.22034e-06 0 6.48395e-06 0 6.73855e-06 0 6.98368e-06 0 7.21285e-06 0 7.43778e-06 0 7.65211e-06 0 7.86173e-06 0 8.06648e-06 0
1059.39 0.000168577 3.30938e-05 0.000135483 0.803687 -0.286631 6.56156e-07 0 1.11962e-06 0 1.80857e-06 0 2.34189e-06 0 2.78959e-06 0 3.17828e-06 0 3.52662e-06 0 3.83884e-06 0 4.12821e-06 0 4.39683e-06 0 4.64753e-06 0 4.88365e-06 0 5.10893e-06 0 5.31809e-06 0 5.51991e-06 0 5.71405e-06 0 5.89542e-06 0 6.0733e-06 0 6.24268e-06 0 6.40824e-06 0 6.56985e-06 0
1113.77 0.000142257 3.12059e-05 0.000111051 0.780637 -0.293946 5.83418e-07 0 9.72627e-07 0 1.54031e-06 0 1.97439e-06 0 2.3363e-06 0 2.64908e-06 0 2.92846e-06 0 3.17823e-06 0 3.40922e-06 0 3.62329e-06 0 3.82278e-06 0 4.01042e-06 0 4.18925e-06 0 4.35512e-06 0 4.51503e-06 0 4.66873e-06 0 4.81221e-06 0 4.95284e-06 0 5.08667e-06 0 5.21741e-06 0 5.34497e-06 0
1170.94 0.000120294 2.9493e-05 9.0801e-05 0.754826 -0.30065 5.15551e-07 0 8.40885e-07 0 1.30713e-06 0 1.65961e-06 0 1.95166e-06 0 2.203e-06 0 2.42682e-06 0 2.62643e-06 0 2.8107e-06 0 2.98118e-06 0 3.13984e-06 0 3.28891e-06 0 3.43083e-06 0 3.56235e-06 0 3.68903e-06 0 3.81071e-06 0 3.92423e-06 0 4.03542e-06 0 4.14118e-06 0 4.24444e-06 0 4.34514e-06 0
1231.05 0.000102076 2.79607e-05 7.41154e-05 0.72608 -0.306748 4.53373e-07 0 7.24413e-07 0 1.10657e-06 0 1.39248e-06 0 1.628e-06 0 1.82992e-06 0 2.00921e-06 0 2.16878e-06 0 2.31582e-06 0 2.45166e-06 0 2.57793e-06 0 2.69643e-06 0 2.80914e-06 0 2.91351e-06 0 3.01397e-06 0 3.1104e-06 0 3.2003e-06 0 3.28831e-06 0 3.37199e-06 0 3.45364e-06 0 3.53324e-06 0
1294.24 8.70805e-05 2.66112e-05 6.04693e-05 0.694406 -0.312237 3.97259e-07 0 6.22599e-07 0 9.35579e-07 0 1.16748e-06 0 1.3575e-06 0 1.51984e-06 0 1.66362e-06 0 1.79132e-06 0 1.90881e-06 0 2.01722e-06 0 2.11786e-06 0 2.21223e-06 0 2.30191e-06 0 2.38488e-06 0 2.4647e-06 0 2.54126e-06 0 2.6126e-06 0 2.68241e-06 0 2.74875e-06 0 2.81346e-06 0 2.87652e-06 0
1360.67 7.46817e-05 2.53833e-05 4.92984e-05 0.660114 -0.317219 3.46418e-07 0 5.33148e-07 0 7.88927e-07 0 9.76768e-07 0 1.12994e-06 0 1.26038e-06 0 1.37564e-06 0 1.47782e-06 0 1.57169e-06 0 1.6582e-06 0 1.73843e-06 0 1.81359e-06 0 1.88496e-06 0 1.95095e-06 0 2.01439e-06 0 2.07521e-06 0 2.13186e-06 0 2.18726e-06 0 2.23989e-06 0 2.2912e-06 0 2.34119e-06 0
1430.51 6.44237e-05 2.4257e-05 4.01667e-05 0.623477 -0.321734 3.00649e-07 0 4.54884e-07 0 6.63469e-07 0 8.15405e-07 0 9.3875e-07 0 1.04348e-06 0 1.13582e-06 0 1.21755e-06 0 1.29253e-06 0 1.36156e-06 0 1.42551e-06 0 1.48538e-06 0 1.54219e-06 0 1.59468e-06 0 1.64511e-06 0 1.69344e-06 0 1.73843e-06 0 1.78242e-06 0 1.82418e-06 0 1.86489e-06 0 1.90453e-06 0
1503.94 5.59411e-05 2.32225e-05 3.27186e-05 0.584876 -0.325807 2.59777e-07 0 3.86804e-07 0 5.56584e-07 0 6.79332e-07 0 7.78575e-07 0 8.62614e-07 0 9.36566e-07 0 1.00192e-06 0 1.06181e-06 0 1.11688e-06 0 1.16787e-06 0 1.21556e-06 0 1.26078e-06 0 1.30255e-06 0 1.34265e-06 0 1.38107e-06 0 1.41682e-06 0 1.45175e-06 0 1.48491e-06 0 1.51722e-06 0 1.54867e-06 0
1581.14 4.89826e-05 2.23168e-05 2.66658e-05 0.544393 -0.329365 2.24006e-07 0 3.2857e-07 0 4.66824e-07 0 5.66095e-07 0 6.46058e-07 0 7.13605e-07 0 7.72939e-07 0 8.25302e-07 0 8.73233e-07 0 9.17268e-07 0 9.58004e-07 0 9.9608e-07 0 1.03217e-06 0 1.06548e-06 0 1.09745e-06 0 1.12806e-06 0 1.15653e-06 0 1.18435e-06 0 1.21075e-06 0 1.23646e-06 0 1.26148e-06 0
1662.3 4.31986e-05 2.14709e-05 2.17278e-05 0.502974 -0.332548 1.92325e-07 0 2.78153e-07 0 3.90515e-07 0 4.70689e-07 0 5.35051e-07 0 5.89296e-07 0 6.36868e-07 0 6.788e-07 0 7.17142e-07 0 7.52339e-07 0 7.84876e-07 0 8.1527e-07 0 8.4406e-07 0 8.70622e-07 0 8.96108e-07 0 9.20498e-07 0 9.43178e-07 0 9.65329e-07 0 9.86341e-07 0 1.0068e-06 0 1.02671e-06 0
1747.63 3.83771e-05 2.06756e-05 1.77015e-05 0.461252 -0.335388 1.64425e-07 0 2.34681e-07 0 3.25823e-07 0 3.90484e-07 0 4.42231e-07 0 4.85755e-07 0 5.23869e-07 0 5.57424e-07 0 5.8808e-07 0 6.16199e-07 0 6.42176e-07 0 6.66428e-07 0 6.89391e-07 0 7.10567e-07 0 7.30876e-07 0 7.50306e-07 0 7.68369e-07 0 7.86005e-07 0 8.02729e-07 0 8.19014e-07 0 8.34854e-07 0
1837.33 3.43523e-05 1.99246e-05 1.44277e-05 0.419992 -0.337905 1.40001e-07 0 1.9736e-07 0 2.71154e-07 0 3.23233e-07 0 3.64793e-07 0 3.99684e-07 0 4.30196e-07 0 4.57032e-07 0 4.81527e-07 0 5.0398e-07 0 5.24711e-07 0 5.44056e-07 0 5.62363e-07 0 5.7924e-07 0 5.9542e-07 0 6.10896e-07 0 6.25277e-07 0 6.39316e-07 0 6.52626e-07 0 6.65582e-07 0 6.78183e-07 0
1931.64 3.0976e-05 1.92116e-05 1.17644e-05 0.379789 -0.340127 1.18734e-07 0 1.65445e-07 0 2.25085e-07 0 2.66974e-07 0 3.00316e-07 0 3.2826e-07 0 3.52667e-07 0 3.74112e-07 0 3.93673e-07 0 4.11592e-07 0 4.28127e-07 0 4.43549e-07 0 4.58139e-07 0 4.71584e-07 0 4.8447e-07 0 4.96791e-07 0 5.08238e-07 0 5.1941e-07 0 5.29999e-07 0 5.40306e-07 0 5.50327e-07 0
2030.79 2.81783e-05 1.85871e-05 9.59118e-06 0.340374 -0.341934 1.00612e-07 0 1.38674e-07 0 1.86935e-07 0 2.20682e-07 0 2.47482e-07 0 2.69908e-07 0 2.89473e-07 0 3.06649e-07 0 3.22305e-07 0 3.36639e-07 0 3.4986e-07 0 3.62185e-07 0 3.73841e-07 0 3.84579e-07 0 3.94868e-07 0 4.04703e-07 0 4.13838e-07 0 4.22752e-07 0 4.31199e-07 0 4.39419e-07 0 4.47411e-07 0
2135.03 2.59292e-05 1.81117e-05 7.81749e-06 0.301493 -0.343136 8.55253e-08 0 1.16682e-07 0 1.55936e-07 0 1.83277e-07 0 2.04941e-07 0 2.23045e-07 0 2.38824e-07 0 2.52665e-07 0 2.65273e-07 0 2.7681e-07 0 2.87447e-07 0 2.9736e-07 0 3.06731e-07 0 3.15361e-07 0 3.23629e-07 0 3.31529e-07 0 3.38867e-07 0 3.46025e-07 0 3.52807e-07 0 3.59406e-07 0 3.6582e-07 0
2244.63 2.40268e-05 1.76501e-05 6.37679e-06 0.265403 -0.344078 7.24369e-08 0 9.78831e-08 0 1.29757e-07 0 1.51877e-07 0 1.6937e-07 0 1.8397e-07 0 1.96683e-07 0 2.07827e-07 0 2.17972e-07 0 2.27251e-07 0 2.35803e-07 0 2.43769e-07 0 2.51299e-07 0 2.58231e-07 0 2.6487e-07 0 2.71213e-07 0 2.77103e-07 0 2.82848e-07 0 2.8829e-07 0 2.93585e-07 0 2.9873e-07 0
2359.84 2.2401e-05 1.71992e-05 5.20176e-06 0.232211 -0.344782 6.11342e-08 0 8.18707e-08 0 1.07708e-07 0 1.2558e-07 0 1.39689e-07 0 1.5145e-07 0 1.61682e-07 0 1.70646e-07 0 1.78803e-07 0 1.8626e-07 0 1.93129e-07 0 1.99527e-07 0 2.05572e-07 0 2.11137e-07 0 2.16464e-07 0 2.21554e-07 0 2.26279e-07 0 2.30886e-07 0 2.35251e-07 0 2.39496e-07 0 2.43622e-07 0
2480.97 2.10001e-05 1.67573e-05 4.24276e-06 0.202035 -0.345267 5.14183e-08 0 6.82811e-08 0 8.91913e-08 0 1.03611e-07 0 1.14976e-07 0 1.24441e-07 0 1.32668e-07 0 1.39872e-07 0 1.46424e-07 0 1.52411e-07 0 1.57925e-07 0 1.63059e-07 0 1.67909e-07 0 1.72372e-07 0 1.76644e-07 0 1.80725e-07 0 1.84512e-07 0 1.88206e-07 0 1.91703e-07 0 1.95105e-07 0 1.98411e-07 0
2608.32 1.97841e-05 1.63232e-05 3.46091e-06 0.174933 -0.345549 4.31043e-08 0 5.67896e-08 0 7.36852e-08 0 8.53044e-08 0 9.44493e-08 0 1.02057e-07 0 1.08667e-07 0 1.1445e-07 0 1.19708e-07 0 1.24511e-07 0 1.28934e-07 0 1.3305e-07 0 1.36938e-07 0 1.40515e-07 0 1.43938e-07 0 1.47208e-07 0 1.50242e-07 0 1.532e-07 0 1.56001e-07 0 1.58726e-07 0 1.61372e-07 0
2742.21 1.87212e-05 1.58961e-05 2.82509e-06 0.150903 -0.345642 3.60209e-08 0 4.71063e-08 0 6.07377e-08 0 7.00887e-08 0 7.74387e-08 0 8.35481e-08 0 8.88522e-08 0 9.34914e-08 0 9.77073e-08 0 1.01558e-07 0 1.05101e-07 0 1.08399e-07 0 1.11513e-07 0 1.14378e-07 0 1.17119e-07 0 1.19737e-07 0 1.22166e-07 0 1.24533e-07 0 1.26776e-07 0 1.28956e-07 0 1.31074e-07 0
2882.97 1.77806e-05 1.54749e-05 2.30578e-06 0.129679 -0.345563 3.00099e-08 0 3.8973e-08 0 4.99546e-08 0 5.74709e-08 0 6.33717e-08 0 6.82726e-08 0 7.25251e-08 0 7.62429e-08 0 7.96203e-08 0 8.27039e-08 0 8.55413e-08 0 8.81814e-08 0 9.06736e-08 0 9.29659e-08 0 9.51594e-08 0 9.72534e-08 0 9.91964e-08 0 1.0109e-07 0 1.02883e-07 0 1.04627e-07 0 1.0632e-07 0
3030.95 1.69407e-05 1.5059e-05 1.88167e-06 0.111074 -0.345327 2.4929e-08 0 3.21635e-08 0 4.0998e-08 0 4.70324e-08 0 5.17645e-08 0 5.5692e-08 0 5.90981e-08 0 6.20748e-08 0 6.4778e-08 0 6.72455e-08 0 6.95154e-08 0 7.16271e-08 0 7.36202e-08 0 7.54532e-08 0 7.72068e-08 0 7.88808e-08 0 8.04339e-08 0 8.19475e-08 0 8.33805e-08 0 8.47736e-08 0 8.61268e-08 0
3186.53 1.61847e-05 1.46485e-05 1.5362e-06 0.0949171 -0.344944 2.06508e-08 0 2.64807e-08 0 3.35785e-08 0 3.84176e-08 0 4.22087e-08 0 4.53531e-08 0 4.80787e-08 0 5.04599e-08 0 5.26218e-08 0 5.45945e-08 0 5.64091e-08 0 5.80968e-08 0 5.96895e-08 0 6.1154e-08 0 6.2555e-08 0 6.38922e-08 0 6.51327e-08 0 6.63416e-08 0 6.7486e-08 0 6.85985e-08 0 6.9679e-08 0
3350.09 1.54976e-05 1.42431e-05 1.25455e-06 0.0809509 -0.344427 1.70613e-08 0 2.1752e-08 0 2.74473e-08 0 3.13236e-08 0 3.43577e-08 0 3.68727e-08 0 3.9052e-08 0 4.09551e-08 0 4.26825e-08 0 4.42585e-08 0 4.57078e-08 0 4.70556e-08 0 4.83274e-08 0 4.94966e-08 0 5.06151e-08 0 5.16825e-08 0 5.26726e-08 0 5.36374e-08 0 5.45507e-08 0 5.54384e-08 0 5.63006e-08 0
3522.05 1.48669e-05 1.38425e-05 1.02438e-06 0.0689031 -0.343787 1.40597e-08 0 1.78282e-08 0 2.23926e-08 0 2.54944e-08 0 2.79202e-08 0 2.99301e-08 0 3.16708e-08 0 3.31906e-08 0 3.45697e-08 0 3.58277e-08 0 3.69844e-08 0 3.806e-08 0 3.90746e-08 0 4.00075e-08 0 4.08997e-08 0 4.17511e-08 0 4.25408e-08 0 4.33102e-08 0 4.40386e-08 0 4.47465e-08 0 4.5434e-08 0
3702.84 1.42831e-05 1.34468e-05 8.36294e-07 0.0585512 -0.343033 1.15578e-08 0 1.45812e-08 0 1.82349e-08 0 2.07143e-08 0 2.2652e-08 0 2.42566e-08 0 2.5646e-08 0 2.68586e-08 0 2.79588e-08 0 2.89621e-08 0 2.98845e-08 0 3.07421e-08 0 3.15511e-08 0 3.22947e-08 0 3.30059e-08 0 3.36846e-08 0 3.4314e-08 0 3.49272e-08 0 3.55076e-08 0 3.60717e-08 0 3.66195e-08 0
3892.91 1.37395e-05 1.30563e-05 6.83236e-07 0.0497278 -0.342175 9.47899e-09 0 1.19015e-08 0 1.4823e-08 0 1.6803e-08 0 1.83494e-08 0 1.96295e-08 0 2.07374e-08 0 2.17042e-08 0 2.25811e-08 0 2.33808e-08 0 2.41158e-08 0 2.47991e-08 0 2.54436e-08 0 2.6036e-08 0 2.66026e-08 0 2.71431e-08 0 2.76444e-08 0 2.81327e-08 0 2.8595e-08 0 2.90442e-08 0 2.94804e-08 0
4092.73 1.32288e-05 1.26706e-05 5.58156e-07 0.0421926 -0.341219 7.75658e-09 0 9.69508e-09 0 1.20286e-08 0 1.36083e-08 0 1.48414e-08 0 1.58615e-08 0 1.67443e-08 0 1.75145e-08 0 1.8213e-08 0 1.88498e-08 0 1.94351e-08 0 1.99791e-08 0 2.04922e-08 0 2.09638e-08 0 2.14147e-08 0 2.18449e-08 0 2.22439e-08 0 2.26326e-08 0 2.30004e-08 0 2.33579e-08 0 2.3705e-08 0
4302.81 1.27456e-05 1.22897e-05 4.55891e-07 0.0357686 -0.340175 6.33334e-09 0 7.88266e-09 0 9.74456e-09 0 1.10037e-08 0 1.1986e-08 0 1.27984e-08 0 1.35012e-08 0 1.41142e-08 0 1.46701e-08 0 1.51768e-08 0 1.56425e-08 0 1.60754e-08 0 1.64835e-08 0 1.68587e-08 0 1.72173e-08 0 1.75595e-08 0 1.78768e-08 0 1.81859e-08 0 1.84784e-08 0 1.87627e-08 0 1.90387e-08 0
4523.68 1.2286e-05 1.19136e-05 3.72377e-07 0.0303091 -0.339048 5.16041e-09 0 6.39722e-09 0 7.8813e-09 0 8.884e-09 0 9.6658e-09 0 1.03122e-08 0 1.08713e-08 0 1.13589e-08 0 1.18009e-08 0 1.22038e-08 0 1.25741e-08 0 1.29182e-08 0 1.32426e-08 0 1.35408e-08 0 1.38259e-08 0 1.40978e-08 0 1.435e-08 0 1.45957e-08 0 1.48281e-08 0 1.5054e-08 0 1.52733e-08 0
4755.88 1.18469e-05 1.15426e-05 3.04342e-07 0.0256896 -0.337846 4.19627e-09 0 5.18249e-09 0 6.36425e-09 0 7.16202e-09 0 7.78375e-09 0 8.29766e-09 0 8.74204e-09 0 9.12952e-09 0 9.48078e-09 0 9.80091e-09 0 1.00951e-08 0 1.03684e-08 0 1.06261e-08 0 1.0863e-08 0 1.10894e-08 0 1.13054e-08 0 1.15057e-08 0 1.17007e-08 0 1.18853e-08 0 1.20647e-08 0 1.22389e-08 0
5000 1.14249e-05 1.11762e-05 2.48683e-07 0.0217669 -0.336575 3.4055e-09 0 4.19101e-09 0 5.13109e-09 0 5.76522e-09 0 6.25922e-09 0 6.66744e-09 0 7.02037e-09 0 7.32805e-09 0 7.60694e-09 0 7.8611e-09 0 8.0946e-09 0 8.31157e-09 0 8.51615e-09 0 8.70412e-09 0 8.88383e-09 0 9.05524e-09 0 9.21417e-09 0 9.36897e-09 0 9.51546e-09 0 9.65779e-09 0 9.79598e-09 0
