# 4.7315e-05 1 125 : grain size, compostion index, size index
# Heating and cooling timescale: 0.00191791 1.3474e+07
# Ratio of heating to cooling to determine stochastic cutoff: 100
# Equilibrium emission is recorded even for those grains in the stochastic regime.
# Emission spectrum was computed for: 
# Type: IRSF
# Scales: 0.25 0.5 1 1.5 2 2.5 3 3.5 4 4.5 5 5.5 6 6.5 7 7.5 8 8.5 9 9.5 10
# StochasticallyHeated: 0 0 0 0 0 0 0 0 0 0 0 0 0 0 0 0 0 0 0 0 0
# Temperature: -1
# Wavelength  CExt  CAbs  CSca  Albedo G EqEm1 StEm1 EqEm2 StEm2 EqEm3 StEm3 EqEm4 StEm4 EqEm5 StEm5 EqEm6 StEm6 EqEm7 StEm7 EqEm8 StEm8 EqEm9 StEm9 EqEm10 StEm10 EqEm11 StEm11 EqEm12 StEm12 EqEm13 StEm13 EqEm14 StEm14 EqEm15 StEm15 EqEm16 StEm16 EqEm17 StEm17 EqEm18 StEm18 EqEm19 StEm19 EqEm20 StEm20 EqEm21 StEm21
0.05 3.8613e-09 1.71787e-09 2.14343e-09 0.555105 0.214426 0 0 0 0 0 0 0 0 0 0 0 0 0 0 0 0 0 0 0 0 0 0 0 0 0 0 0 0 0 0 0 0 0 0 0 0 0 0 0 0 0 0
0.0525665 4.26788e-09 1.89876e-09 2.36912e-09 0.555105 0.237004 0 0 0 0 0 0 0 0 0 0 0 0 0 0 0 0 0 0 0 0 0 0 0 0 0 0 0 0 0 0 0 0 0 0 0 0 0 0 0 0 0 0
0.0552647 4.71727e-09 2.09869e-09 2.61858e-09 0.555105 0.26196 0 0 0 0 0 0 0 0 0 0 0 0 0 0 0 0 0 0 0 0 0 0 0 0 0 0 0 0 0 0 0 0 0 0 0 0 0 0 0 0 0 0
0.0581015 5.21397e-09 2.31967e-09 2.8943e-09 0.555105 0.289543 0 0 0 0 0 0 0 0 0 0 0 0 0 0 0 0 0 0 0 0 0 0 0 0 0 0 0 0 0 0 0 0 0 0 0 0 0 0 0 0 0 0
0.0610839 5.76298e-09 2.56392e-09 3.19906e-09 0.555105 0.32003 0 0 0 0 0 0 0 0 0 0 0 0 0 0 0 0 0 0 0 0 0 0 0 0 0 0 0 0 0 0 0 0 0 0 0 0 0 0 0 0 0 0
0.0642193 6.36979e-09 2.83389e-09 3.5359e-09 0.555105 0.353728 0 0 0 0 0 0 0 0 0 0 0 0 0 0 0 0 0 0 0 0 0 0 0 0 0 0 0 0 0 0 0 0 0 0 0 0 0 0 0 0 0 0
0.0675157 7.0405e-09 3.13228e-09 3.90822e-09 0.555105 0.390974 0 0 0 0 0 0 0 0 0 0 0 0 0 0 0 0 0 0 0 0 0 0 0 0 0 0 0 0 0 0 0 0 0 0 0 0 0 0 0 0 0 0
0.0709813 7.78183e-09 3.4621e-09 4.31973e-09 0.555105 0.432141 0 0 0 0 0 0 0 0 0 0 0 0 0 0 0 0 0 0 0 0 0 0 0 0 0 0 0 0 0 0 0 0 0 0 0 0 0 0 0 0 0 0
0.0746248 8.60122e-09 3.82664e-09 4.77458e-09 0.555105 0.477644 0 0 0 0 0 0 0 0 0 0 0 0 0 0 0 0 0 0 0 0 0 0 0 0 0 0 0 0 0 0 0 0 0 0 0 0 0 0 0 0 0 0
0.0784553 9.50688e-09 4.22956e-09 5.27732e-09 0.555105 0.527937 0 0 0 0 0 0 0 0 0 0 0 0 0 0 0 0 0 0 0 0 0 0 0 0 0 0 0 0 0 0 0 0 0 0 0 0 0 0 0 0 0 0
0.0824824 1.05079e-08 4.67492e-09 5.83299e-09 0.555105 0.583526 0 0 0 0 0 0 0 0 0 0 0 0 0 0 0 0 0 0 0 0 0 0 0 0 0 0 0 0 0 0 0 0 0 0 0 0 0 0 0 0 0 0
0.0867162 1.16143e-08 5.16717e-09 6.44718e-09 0.555105 0.644969 0 0 0 0 0 0 0 0 0 0 0 0 0 0 0 0 0 0 0 0 0 0 0 0 0 0 0 0 0 0 0 0 0 0 0 0 0 0 0 0 0 0
0.0911674 1.28373e-08 5.71124e-09 7.12604e-09 0.555105 0.712881 0 0 0 0 0 0 0 0 0 0 0 0 0 0 0 0 0 0 0 0 0 0 0 0 0 0 0 0 0 0 0 0 0 0 0 0 0 0 0 0 0 0
0.095847 1.4189e-08 6.31261e-09 7.87638e-09 0.555105 0.787944 0 0 0 0 0 0 0 0 0 0 0 0 0 0 0 0 0 0 0 0 0 0 0 0 0 0 0 0 0 0 0 0 0 0 0 0 0 0 0 0 0 0
0.100767 1.54562e-08 6.8773e-09 8.57885e-09 0.555045 0.857677 0 0 0 0 0 0 0 0 0 0 0 0 0 0 0 0 0 0 0 0 0 0 0 0 0 0 0 0 0 0 0 0 0 0 0 0 0 0 0 0 0 0
0.105939 1.55307e-08 6.91783e-09 8.61287e-09 0.55457 0.86086 0 0 0 0 0 0 0 0 0 0 0 0 0 0 0 0 0 0 0 0 0 0 0 0 0 0 0 0 0 0 0 0 0 0 0 0 0 0 0 0 0 0
0.111377 1.56056e-08 6.96239e-09 8.6432e-09 0.553853 0.865098 0 0 0 0 0 0 0 0 0 0 0 0 0 0 0 0 0 0 0 0 0 0 0 0 0 0 0 0 0 0 0 0 0 0 0 0 0 0 0 0 0 0
0.117094 1.56809e-08 7.00594e-09 8.67499e-09 0.553219 0.86762 0 0 0 0 0 0 0 0 0 0 0 0 0 0 0 0 0 0 0 0 0 0 0 0 0 0 0 0 0 0 0 0 0 0 0 0 0 0 0 0 0 0
0.123105 1.57565e-08 7.05801e-09 8.69845e-09 0.552056 0.868995 0 0 0 0 0 0 0 0 0 0 0 0 0 0 0 0 0 0 0 0 0 0 0 0 0 0 0 0 0 0 0 0 0 0 0 0 0 0 0 0 0 0
0.129424 1.58292e-08 7.1131e-09 8.71609e-09 0.550634 0.869364 0 0 0 0 0 0 0 0 0 0 0 0 0 0 0 0 0 0 0 0 0 0 0 0 0 0 0 0 0 0 0 0 0 0 0 0 0 0 0 0 0 0
0.136067 1.59072e-08 7.15976e-09 8.74741e-09 0.549904 0.868541 0 0 0 0 0 0 0 0 0 0 0 0 0 0 0 0 0 0 0 0 0 0 0 0 0 0 0 0 0 0 0 0 0 0 0 0 0 0 0 0 0 0
0.143051 1.59854e-08 7.2215e-09 8.76388e-09 0.548243 0.865726 0 0 0 0 0 0 0 0 0 0 0 0 0 0 0 0 0 0 0 0 0 0 0 0 0 0 0 0 0 0 0 0 0 0 0 0 0 0 0 0 0 0
0.150394 1.60705e-08 7.30713e-09 8.76332e-09 0.545306 0.866117 0 0 0 0 0 0 0 0 0 0 0 0 0 0 0 0 0 0 0 0 0 0 0 0 0 0 0 0 0 0 0 0 0 0 0 0 0 0 0 0 0 0
0.158114 1.61654e-08 7.41664e-09 8.74874e-09 0.541202 0.871451 0 0 0 0 0 0 0 0 0 0 0 0 0 0 0 0 0 0 0 0 0 0 0 0 0 0 0 0 0 0 0 0 0 0 0 0 0 0 0 0 0 0
0.16623 1.62519e-08 7.54524e-09 8.70669e-09 0.535733 0.878213 0 0 0 0 0 0 0 0 0 0 0 0 0 0 0 0 0 0 0 0 0 0 0 0 0 0 0 0 0 0 0 0 0 0 0 0 0 0 0 0 0 0
0.174762 1.63279e-08 7.66742e-09 8.66053e-09 0.530412 0.884197 0 0 0 0 0 0 0 0 0 0 0 0 0 0 0 0 0 0 0 0 0 0 0 0 0 0 0 0 0 0 0 0 0 0 0 0 0 0 0 0 0 0
0.183733 1.65282e-08 7.71256e-09 8.81566e-09 0.53337 0.887721 0 0 0 0 0 0 0 0 0 0 0 0 0 0 0 0 0 0 0 0 0 0 0 0 0 0 0 0 0 0 0 0 0 0 0 0 0 0 0 0 0 0
0.193164 1.68801e-08 7.65038e-09 9.2297e-09 0.546781 0.883615 0 0 0 0 0 0 0 0 0 0 0 0 0 0 0 0 0 0 0 0 0 0 0 0 0 0 0 0 0 0 0 0 0 0 0 0 0 0 0 0 0 0
0.203079 1.6612e-08 7.67192e-09 8.9401e-09 0.538171 0.862691 0 0 0 0 0 0 0 0 0 0 0 0 0 0 0 0 0 0 0 0 0 0 0 0 0 0 0 0 0 0 0 0 0 0 0 0 0 0 0 0 0 0
0.213503 1.61694e-08 7.69454e-09 8.47485e-09 0.524129 0.85236 0 0 0 0 0 0 0 0 0 0 0 0 0 0 0 0 0 0 0 0 0 0 0 0 0 0 0 0 0 0 0 0 0 0 0 0 0 0 0 0 0 0
0.224463 1.65515e-08 7.69815e-09 8.8534e-09 0.534898 0.830535 0 0 0 0 0 0 0 0 0 0 0 0 0 0 0 0 0 0 0 0 0 0 0 0 0 0 0 0 0 0 0 0 0 0 0 0 0 0 0 0 0 0
0.235984 1.72525e-08 7.73148e-09 9.52102e-09 0.551863 0.814811 0 0 0 0 0 0 0 0 0 0 0 0 0 0 0 0 0 0 0 0 0 0 0 0 0 0 0 0 0 0 0 0 0 0 0 0 0 0 0 0 0 0
0.248097 1.75276e-08 7.76552e-09 9.76208e-09 0.556955 0.825271 0 0 0 0 0 0 0 0 0 0 0 0 0 0 0 0 0 0 0 0 0 0 0 0 0 0 0 0 0 0 0 0 0 0 0 0 0 0 0 0 0 0
0.260832 1.73044e-08 7.80006e-09 9.50433e-09 0.549244 0.826419 0 0 0 0 0 0 0 0 0 0 0 0 0 0 0 0 0 0 0 0 0 0 0 0 0 0 0 0 0 0 0 0 0 0 0 0 0 0 0 0 0 0
0.274221 1.69639e-08 7.83096e-09 9.1329e-09 0.538374 0.80752 0 0 0 0 0 0 0 0 0 0 0 0 0 0 0 0 0 0 0 0 0 0 0 0 0 0 0 0 0 0 0 0 0 0 0 0 0 0 0 0 0 0
0.288297 1.68319e-08 7.83719e-09 8.99476e-09 0.534386 0.785937 0 0 0 0 0 0 0 0 0 0 0 0 0 0 0 0 0 0 0 0 0 0 0 0 0 0 0 0 0 0 0 0 0 0 0 0 0 0 0 0 0 0
0.303095 1.70439e-08 7.85796e-09 9.18598e-09 0.538959 0.765607 0 0 0 0 0 0 0 0 0 0 0 0 0 0 0 0 0 0 0 0 0 0 0 0 0 0 0 0 0 0 0 0 0 0 0 0 0 0 0 0 0 0
0.318653 1.7439e-08 7.8855e-09 9.55346e-09 0.547823 0.769953 0 0 0 0 0 0 0 0 0 0 0 0 0 0 0 0 0 0 0 0 0 0 0 0 0 0 0 0 0 0 0 0 0 0 0 0 0 0 0 0 0 0
0.335009 1.77843e-08 7.82272e-09 9.96162e-09 0.560134 0.79146 0 0 0 0 0 0 0 0 0 0 0 0 0 0 0 0 0 0 0 0 0 0 0 0 0 0 0 0 0 0 0 0 0 0 0 0 0 0 0 0 0 0
0.352205 1.79959e-08 7.8089e-09 1.0187e-08 0.566072 0.813152 0 0 0 0 0 0 0 0 0 0 0 0 0 0 0 0 0 0 0 0 0 0 0 0 0 0 0 0 0 0 0 0 0 0 0 0 0 0 0 0 0 0
0.370284 1.79887e-08 7.78481e-09 1.02039e-08 0.567239 0.826792 0 0 0 0 0 0 0 0 0 0 0 0 0 0 0 0 0 0 0 0 0 0 0 0 0 0 0 0 0 0 0 0 0 0 0 0 0 0 0 0 0 0
0.389291 1.77682e-08 7.66308e-09 1.01051e-08 0.56872 0.822014 0 0 0 0 0 0 0 0 0 0 0 0 0 0 0 0 0 0 0 0 0 0 0 0 0 0 0 0 0 0 0 0 0 0 0 0 0 0 0 0 0 0
0.409273 1.74977e-08 7.65022e-09 9.84745e-09 0.562787 0.807584 0 0 0 0 0 0 0 0 0 0 0 0 0 0 0 0 0 0 0 0 0 0 0 0 0 0 0 0 0 0 0 0 0 0 0 0 0 0 0 0 0 0
0.430281 1.7222e-08 7.50958e-09 9.71247e-09 0.563956 0.773264 0 0 0 0 0 0 0 0 0 0 0 0 0 0 0 0 0 0 0 0 0 0 0 0 0 0 0 0 0 0 0 0 0 0 0 0 0 0 0 0 0 0
0.452368 1.72272e-08 7.43748e-09 9.78972e-09 0.568271 0.719713 0 0 0 0 0 0 0 0 0 0 0 0 0 0 0 0 0 0 0 0 0 0 0 0 0 0 0 0 0 0 0 0 0 0 0 0 0 0 0 0 0 0
0.475588 1.72749e-08 7.26081e-09 1.00141e-08 0.579689 0.657446 0 0 0 0 0 0 0 0 0 0 0 0 0 0 0 0 0 0 0 0 0 0 0 0 0 0 0 0 0 0 0 0 0 0 0 0 0 0 0 0 0 0
0.5 1.78822e-08 7.19839e-09 1.06839e-08 0.597456 0.593471 0 0 0 0 0 0 0 0 0 0 0 0 0 0 0 0 0 0 0 0 0 0 0 0 0 0 0 0 0 0 0 0 0 0 0 0 0 0 0 0 0 0
0.525665 1.84832e-08 7.07299e-09 1.14102e-08 0.617328 0.506706 0 0 0 0 0 0 0 0 0 0 0 0 0 0 0 0 0 0 0 0 0 0 0 0 0 0 0 0 0 0 0 0 0 0 0 0 0 0 0 0 0 0
0.552648 1.9488e-08 6.85502e-09 1.2633e-08 0.648244 0.509017 0 0 0 0 0 0 0 0 0 0 0 0 0 0 0 0 0 0 0 0 0 0 0 0 0 0 0 0 0 0 0 0 0 0 0 0 0 0 0 0 0 0
0.581015 2.0722e-08 6.75439e-09 1.39676e-08 0.674048 0.479239 0 0 0 0 0 0 0 0 0 0 0 0 0 0 0 0 0 0 0 0 0 0 0 0 0 0 0 0 0 0 0 0 0 0 0 0 0 0 0 0 0 0
0.610839 2.17473e-08 6.59089e-09 1.51564e-08 0.696933 0.508093 0 0 0 0 0 0 0 0 0 0 0 0 0 0 0 0 0 0 0 0 0 0 0 0 0 0 0 0 0 0 0 0 0 0 0 0 0 0 0 0 0 0
0.642193 2.30357e-08 6.42689e-09 1.66088e-08 0.721003 0.557018 0 0 0 0 0 0 0 0 0 0 0 0 0 0 0 0 0 0 0 0 0 0 0 0 0 0 0 0 0 0 0 0 0 0 0 0 0 0 0 0 0 0
0.675157 2.42786e-08 6.28082e-09 1.79978e-08 0.741302 0.564631 0 0 0 0 0 0 0 0 0 0 0 0 0 0 0 0 0 0 0 0 0 0 0 0 0 0 0 0 0 0 0 0 0 0 0 0 0 0 0 0 0 0
0.709813 2.52198e-08 6.10331e-09 1.91165e-08 0.757995 0.610344 0 0 0 0 0 0 0 0 0 0 0 0 0 0 0 0 0 0 0 0 0 0 0 0 0 0 0 0 0 0 0 0 0 0 0 0 0 0 0 0 0 0
0.746248 2.59582e-08 5.91221e-09 2.0046e-08 0.772241 0.640883 0 0 0 0 0 0 0 0 0 0 0 0 0 0 0 0 0 0 0 0 0 0 0 0 0 0 0 0 0 0 0 0 0 0 0 0 0 0 0 0 0 0
0.784553 2.64525e-08 5.68159e-09 2.07709e-08 0.785215 0.64554 0 0 0 0 0 0 0 0 0 0 0 0 0 0 0 0 0 0 0 0 0 0 0 0 0 0 0 0 0 0 0 0 0 0 0 0 0 0 0 0 0 0
0.824824 2.67477e-08 5.48267e-09 2.1265e-08 0.795023 0.652917 0 0 0 0 0 0 0 0 0 0 0 0 0 0 0 0 0 0 0 0 0 0 0 0 0 0 0 0 0 0 0 0 0 0 0 0 0 0 0 0 0 0
0.867162 2.69595e-08 5.40024e-09 2.15593e-08 0.799691 0.684386 0 0 0 0 0 0 0 0 0 0 0 0 0 0 0 0 0 0 0 0 0 0 0 0 0 0 0 0 0 0 0 0 0 0 0 0 0 0 0 0 0 0
0.911674 2.67649e-08 5.28672e-09 2.14781e-08 0.802476 0.692987 0 0 0 0 0 0 0 0 0 0 0 0 0 0 0 0 0 0 0 0 0 0 0 0 0 0 0 0 0 0 0 0 0 0 0 0 0 0 0 0 0 0
0.95847 2.60282e-08 5.01127e-09 2.1017e-08 0.807468 0.683191 0 0 0 0 0 0 0 0 0 0 0 0 0 0 0 0 0 0 0 0 0 0 0 0 0 0 0 0 0 0 0 0 0 0 0 0 0 0 0 0 0 0
1.00767 2.51004e-08 4.67297e-09 2.04274e-08 0.813828 0.665833 0 0 0 0 0 0 0 0 0 0 0 0 0 0 0 0 0 0 0 0 0 0 0 0 0 0 0 0 0 0 0 0 0 0 0 0 0 0 0 0 0 0
1.05939 2.42973e-08 4.5249e-09 1.97724e-08 0.81377 0.66758 0 0 0 0 0 0 0 0 0 0 0 0 0 0 0 0 0 0 0 0 0 0 0 0 0 0 0 0 0 0 0 0 0 0 0 0 0 0 0 0 0 0
1.11377 2.34921e-08 4.5157e-09 1.89764e-08 0.807777 0.681526 0 0 0 0 0 0 0 0 0 0 0 0 0 0 0 0 0 0 0 0 0 0 0 0 0 0 0 0 0 0 0 0 0 0 0 0 0 0 0 0 0 0
1.17094 2.23435e-08 4.5158e-09 1.78277e-08 0.797892 0.689595 0 0 0 0 0 0 0 0 0 0 0 0 0 0 0 0 0 0 0 0 0 0 0 0 0 0 0 0 0 0 0 0 0 0 0 0 0 0 0 0 0 0
1.23105 2.07959e-08 4.40816e-09 1.63877e-08 0.788027 0.682766 0 0 0 0 0 0 0 0 0 0 0 0 0 0 0 0 0 0 0 0 0 0 0 0 0 0 0 0 0 0 0 0 0 0 0 0 0 0 0 0 0 0
1.29424 1.91872e-08 4.2026e-09 1.49846e-08 0.780969 0.658647 0 0 0 0 0 0 0 0 0 0 0 0 0 0 0 0 0 0 0 0 0 0 0 0 0 0 0 0 0 0 0 0 0 0 0 0 0 0 0 0 0 0
1.36067 1.78595e-08 4.00293e-09 1.38566e-08 0.775866 0.624237 0 0 0 0 0 0 0 0 0 0 0 0 0 0 0 0 0 0 0 0 0 0 0 0 0 0 0 0 0 0 0 0 0 0 0 0 0 0 0 0 0 0
1.43051 1.66258e-08 3.84461e-09 1.27812e-08 0.768756 0.594213 0 0 0 0 0 0 0 0 0 0 0 0 0 0 0 0 0 0 0 0 0 0 0 0 0 0 0 0 0 0 0 0 0 0 0 0 0 0 0 0 0 0
1.50394 1.55703e-08 3.75808e-09 1.18122e-08 0.758638 0.577322 0 0 0 0 0 0 0 0 0 0 0 0 0 0 0 0 0 0 0 0 0 0 0 0 0 0 0 0 0 0 0 0 0 0 0 0 0 0 0 0 0 0
1.58114 1.4491e-08 3.69774e-09 1.07933e-08 0.744826 0.574235 0 0 0 0 0 0 0 0 0 0 0 0 0 0 0 0 0 0 0 0 0 0 0 0 0 0 0 0 0 0 0 0 0 0 0 0 0 0 0 0 0 0
1.6623 1.33074e-08 3.62044e-09 9.68692e-09 0.727937 0.580589 0 0 0 0 0 0 0 0 0 0 0 0 0 0 0 0 0 0 0 0 0 0 0 0 0 0 0 0 0 0 0 0 0 0 0 0 0 0 0 0 0 0
1.74763 1.20531e-08 3.50605e-09 8.54702e-09 0.709115 0.58867 0 0 0 0 0 0 0 0 0 0 0 0 0 0 0 0 0 0 0 0 0 0 0 0 0 0 0 0 0 0 0 0 0 0 0 0 0 0 0 0 0 0
1.83733 1.08135e-08 3.36044e-09 7.45304e-09 0.689236 0.588938 0 0 0 0 0 0 0 0 0 0 0 0 0 0 0 0 0 0 0 0 0 0 0 0 0 0 0 0 0 0 0 0 0 0 0 0 0 0 0 0 0 0
1.93164 9.67389e-09 3.20569e-09 6.4682e-09 0.668624 0.573108 0 0 0 0 0 0 0 0 0 0 0 0 0 0 0 0 0 0 0 0 0 0 0 0 0 0 0 0 0 0 0 0 0 0 0 0 0 0 0 0 0 0
2.03079 8.68292e-09 3.06448e-09 5.61844e-09 0.647068 0.539581 0 0 0 0 0 0 0 0 0 0 0 0 0 0 0 0 0 0 0 0 0 0 0 0 0 0 0 0 0 0 0 0 0 0 0 0 0 0 0 0 0 0
2.13503 7.83796e-09 2.94666e-09 4.8913e-09 0.624052 0.493181 0 0 0 0 0 0 0 0 0 0 0 0 0 0 0 0 0 0 0 0 0 0 0 0 0 0 0 0 0 0 0 0 0 0 0 0 0 0 0 0 0 0
2.24463 7.11151e-09 2.84868e-09 4.26283e-09 0.599427 0.441528 0 0 0 0 0 0 0 0 0 0 0 0 0 0 0 0 0 0 0 0 0 0 0 0 0 0 0 0 0 0 0 0 0 0 0 0 0 0 0 0 0 0
2.35984 6.47569e-09 2.76706e-09 3.70863e-09 0.572701 0.391 0 0 0 0 0 0 0 0 0 0 0 0 0 0 0 0 0 0 0 0 0 0 0 0 0 0 0 0 0 0 0 0 0 0 0 0 0 0 0 0 0 0
2.48097 5.91449e-09 2.7018e-09 3.21269e-09 0.54319 0.344869 0 0 0 0 0 0 0 0 0 0 0 0 0 0 0 0 0 0 0 0 0 0 0 0 0 0 0 0 0 0 0 0 0 0 0 0 0 0 0 0 0 0
2.60832 5.41813e-09 2.64976e-09 2.76837e-09 0.510946 0.304291 0 0 0 0 0 0 0 0 0 0 0 0 0 0 0 0 0 0 0 0 0 0 0 0 0 0 0 0 0 0 0 0 0 0 0 0 0 0 0 0 0 0
2.74221 4.98246e-09 2.61084e-09 2.37161e-09 0.475993 0.269154 0 0 0 0 0 0 0 0 0 0 0 0 0 0 0 0 0 0 0 0 0 0 0 0 0 0 0 0 0 0 0 0 0 0 0 0 0 0 0 0 0 0
2.88297 4.6063e-09 2.58381e-09 2.02249e-09 0.439071 0.238825 0 0 0 0 0 0 0 0 0 0 0 0 0 0 0 0 0 0 0 0 0 0 0 0 0 0 0 0 0 0 0 0 0 0 0 0 0 0 0 0 0 0
3.03095 4.28939e-09 2.56753e-09 1.72185e-09 0.401421 0.212628 0 0 0 0 0 0 0 0 0 0 0 0 0 0 0 0 0 0 0 0 0 0 0 0 0 0 0 0 0 0 0 0 0 0 0 0 0 0 0 0 0 0
3.18653 3.99596e-09 2.53223e-09 1.46373e-09 0.366303 0.189855 0 0 0 0 0 0 0 0 0 0 0 0 0 0 0 0 0 0 0 0 0 0 0 0 0 0 0 0 0 0 0 0 0 0 0 0 0 0 0 0 0 0
3.35009 3.75466e-09 2.53629e-09 1.21837e-09 0.324497 0.169925 0 0 0 0 0 0 0 0 0 0 0 0 0 0 0 0 0 0 0 0 0 0 0 0 0 0 0 0 0 0 0 0 0 0 0 0 0 0 0 0 0 0
3.52205 3.59968e-09 2.51122e-09 1.08846e-09 0.302377 0.152389 0 0 0 0 0 0 0 0 0 0 0 0 0 0 0 0 0 0 0 0 0 0 0 0 0 0 0 0 0 0 0 0 0 0 0 0 0 0 0 0 0 0
3.70284 3.20878e-09 2.30741e-09 9.01374e-10 0.280909 0.136891 0 0 0 0 0 0 0 0 0 0 0 0 0 0 0 0 0 0 0 0 0 0 0 0 0 0 0 0 0 0 0 0 0 0 0 0 0 0 0 0 0 0
3.89291 2.96677e-09 2.21962e-09 7.47155e-10 0.251841 0.123098 0 0 0 0 0 0 0 0 0 0 0 0 0 0 0 0 0 0 0 0 0 0 0 0 0 0 0 0 0 0 0 0 0 0 0 0 0 0 0 0 0 0
4.09273 2.76299e-09 2.1449e-09 6.18089e-10 0.223703 0.110767 0 0 0 0 0 0 0 0 0 0 0 0 0 0 0 0 0 0 0 0 0 0 0 0 0 0 0 0 0 0 0 0 0 0 0 0 0 0 0 0 0 0
4.30281 2.59309e-09 2.08265e-09 5.10435e-10 0.196844 0.0997124 0 0 0 0 0 0 0 0 0 0 0 0 0 0 0 0 0 0 0 0 0 0 0 0 0 0 0 0 0 0 0 0 0 0 0 0 0 0 0 0 0 0
4.52368 2.45475e-09 2.0335e-09 4.21249e-10 0.171606 0.0897907 0 0 0 0 0 0 0 0 0 0 0 0 0 0 0 0 0 0 0 0 0 0 0 0 0 0 0 0 0 0 0 0 0 0 0 0 0 0 0 0 0 0
4.75588 2.34245e-09 1.99464e-09 3.47806e-10 0.14848 0.0808426 0 0 0 0 0 0 0 0 0 0 0 0 0 0 0 0 0 0 0 0 0 0 0 0 0 0 0 0 0 0 0 0 0 0 0 0 0 0 0 0 0 0
5 2.24802e-09 1.96049e-09 2.87528e-10 0.127903 0.0727413 0 0 0 0 0 0 0 0 0 0 0 0 0 0 0 0 0 0 0 0 0 0 0 0 0 0 0 0 0 0 0 0 0 0 0 0 0 0 0 0 0 0
5.25665 2.16387e-09 1.92606e-09 2.37811e-10 0.109901 0.0654005 0 0 0 0 0 0 0 0 0 0 0 0 0 0 0 0 0 0 0 0 0 0 0 0 0 0 0 0 0 0 0 0 0 0 0 0 0 0 0 0 0 0
5.52648 2.08797e-09 1.89141e-09 1.96565e-10 0.0941414 0.058767 0 0 0 0 0 0 0 0 0 0 0 0 0 0 0 0 0 0 0 0 0 0 0 0 0 0 0 0 0 0 0 0 0 0 0 0 0 0 0 0 0 0
5.81015 2.0171e-09 1.8549e-09 1.62205e-10 0.0804147 0.0527264 0 0 0 0 0 0 0 0 0 0 0 0 0 0 0 0 0 0 0 0 0 0 0 0 0 0 0 0 0 0 0 0 0 0 0 0 0 0 0 0 0 0
6.10839 1.95203e-09 1.81851e-09 1.33515e-10 0.0683979 0.0472365 0 0 0 0 0 0 0 0 0 0 0 0 0 0 0 0 0 0 0 0 0 0 0 0 0 0 0 0 0 0 0 0 0 0 0 0 1.4013e-45 0 4.2039e-45 0 9.80909e-45 0
6.42193 1.89092e-09 1.78148e-09 1.09439e-10 0.0578762 0.0422255 0 0 0 0 0 0 0 0 0 0 0 0 0 0 0 0 0 0 0 0 0 0 0 0 0 0 0 0 2.8026e-45 0 8.40779e-45 0 2.8026e-44 0 8.26766e-44 0 2.21405e-43 0 5.56315e-43 0 1.30601e-42 0
6.75157 1.83907e-09 1.75013e-09 8.89372e-11 0.0483599 0.037606 0 0 0 0 0 0 0 0 0 0 0 0 0 0 0 0 0 0 0 0 1.4013e-45 0 5.60519e-45 0 2.66247e-44 0 1.06499e-43 0 3.85357e-43 0 1.24716e-42 0 3.72465e-42 0 1.03037e-41 0 2.65154e-41 0 6.36932e-41 0 1.43273e-40 0
7.09813 1.77787e-09 1.70562e-09 7.22481e-11 0.0406375 0.0332606 0 0 0 0 0 0 0 0 0 0 0 0 0 0 0 0 2.8026e-45 0 2.52234e-44 0 1.56945e-43 0 8.00141e-43 0 3.46401e-42 0 1.28905e-41 0 4.39293e-41 0 1.34274e-40 0 3.80104e-40 0 1.00066e-39 0 2.45899e-39 0 5.65948e-39 0 1.22366e-38 0
7.46248 1.72283e-09 1.66567e-09 5.71682e-11 0.0331826 0.029051 0 0 0 0 0 0 0 0 0 0 0 0 2.8026e-45 0 4.34403e-44 0 4.35804e-43 0 3.21318e-42 0 1.84635e-41 0 8.70024e-41 0 3.50808e-40 0 1.2242e-39 0 3.92974e-39 0 1.13737e-38 0 3.0602e-38 0 7.68438e-38 0 1.80724e-37 0 3.99356e-37 0 8.3156e-37 0
7.84553 1.66641e-09 1.62328e-09 4.31274e-11 0.0258804 0.0250649 0 0 0 0 0 0 0 0 0 0 1.68156e-44 0 3.93765e-43 0 5.37818e-42 0 4.81178e-41 0 3.21532e-40 0 1.6967e-39 0 7.4121e-39 0 2.79198e-38 0 9.16631e-38 0 2.77955e-37 0 7.63801e-37 0 1.95813e-36 0 4.70086e-36 0 1.06035e-35 0 2.25415e-35 0 4.52859e-35 0
8.24824 1.81237e-09 1.78087e-09 3.14954e-11 0.017378 0.0216659 0 0 0 0 0 0 0 0 5.32493e-44 0 2.38221e-42 0 4.84723e-41 0 5.83002e-40 0 4.68657e-39 0 2.85426e-38 0 1.38869e-37 0 5.64518e-37 0 1.99309e-36 0 6.17451e-36 0 1.77362e-35 0 4.63908e-35 0 1.13587e-34 0 2.61274e-34 0 5.66398e-34 0 1.16055e-33 0 2.25346e-33 0
8.67162 2.16359e-09 2.13642e-09 2.71652e-11 0.0125556 0.0189068 0 0 0 0 0 0 5.88545e-44 0 7.84167e-42 0 2.91634e-40 0 5.12107e-39 0 5.45498e-38 0 3.9608e-37 0 2.20858e-36 0 9.94664e-36 0 3.77582e-35 0 1.25347e-34 0 3.67462e-34 0 1.00253e-33 0 2.50196e-33 0 5.86395e-33 0 1.29507e-32 0 2.70342e-32 0 5.34863e-32 0 1.00545e-31 0
9.11674 2.93685e-09 2.90464e-09 3.22056e-11 0.010966 0.0161561 0 0 0 0 8.40779e-45 0 9.76845e-42 0 1.02273e-39 0 3.18825e-38 0 4.86757e-37 0 4.61935e-36 0 3.04463e-35 0 1.56108e-34 0 6.53249e-34 0 2.32343e-33 0 7.27425e-33 0 2.0234e-32 0 5.25635e-32 0 1.25451e-31 0 2.8205e-31 0 5.99278e-31 0 1.20682e-30 0 2.30943e-30 0 4.20958e-30 0
9.5847 3.60982e-09 3.56468e-09 4.51431e-11 0.0125056 0.0143563 0 0 0 0 1.46856e-42 0 1.14104e-39 0 9.51926e-38 0 2.50876e-36 0 3.35292e-35 0 2.85087e-34 0 1.71374e-33 0 8.11292e-33 0 3.16577e-32 0 1.05834e-31 0 3.13389e-31 0 8.29249e-31 0 2.0561e-30 0 4.70317e-30 0 1.0164e-29 0 2.08154e-29 0 4.05094e-29 0 7.51028e-29 0 1.32941e-28 0
10.0767 3.55475e-09 3.50425e-09 5.05004e-11 0.0142064 0.0135165 0 0 1.4013e-45 0 1.50441e-40 0 8.44309e-38 0 5.6754e-36 0 1.27491e-34 0 1.50131e-33 0 1.14985e-32 0 6.33252e-32 0 2.77869e-31 0 1.01455e-30 0 3.19762e-30 0 8.97982e-30 0 2.26587e-29 0 5.37454e-29 0 1.18071e-28 0 2.45739e-28 0 4.85956e-28 0 9.15481e-28 0 1.64687e-27 0 2.83501e-27 0
10.5939 3.05856e-09 3.01327e-09 4.52916e-11 0.0148081 0.0131889 0 0 1.30321e-43 0 1.06102e-38 0 4.37156e-36 0 2.39279e-34 0 4.61749e-33 0 4.82064e-32 0 3.34277e-31 0 1.69382e-30 0 6.91468e-30 0 2.36998e-29 0 7.06249e-29 0 1.88583e-28 0 4.54827e-28 0 1.03428e-27 0 2.1865e-27 0 4.39076e-27 0 8.39856e-27 0 1.53401e-26 0 2.68156e-26 0 4.49538e-26 0
11.1377 2.56682e-09 2.52856e-09 3.82566e-11 0.0149043 0.0134685 0 0 1.24001e-41 0 5.81727e-37 0 1.78633e-34 0 8.04198e-33 0 1.34307e-31 0 1.25044e-30 0 7.88864e-30 0 3.69278e-29 0 1.40745e-28 0 4.5424e-28 0 1.28335e-27 0 3.26637e-27 0 7.54641e-27 0 1.64859e-26 0 3.3601e-26 0 6.52165e-26 0 1.20857e-25 0 2.14349e-25 0 3.64617e-25 0 5.9602e-25 0
11.7094 2.05938e-09 2.02944e-09 2.99419e-11 0.0145393 0.01356 8.40779e-45 0 8.85618e-40 0 2.45728e-35 0 5.70507e-33 0 2.13273e-31 0 3.10437e-30 0 2.59195e-29 0 1.49455e-28 0 6.48833e-28 0 2.31655e-27 0 7.06074e-27 0 1.89621e-26 0 4.61104e-26 0 1.02263e-25 0 2.1504e-25 0 4.23313e-25 0 7.95437e-25 0 1.43034e-24 0 2.46682e-24 0 4.08874e-24 0 6.52519e-24 0
12.3105 1.64417e-09 1.62191e-09 2.22663e-11 0.0135426 0.0135266 8.56193e-43 0 4.99715e-38 0 8.41386e-34 0 1.49725e-31 0 4.69012e-30 0 5.99014e-29 0 4.50912e-28 0 2.38686e-27 0 9.64533e-27 0 3.23623e-26 0 9.34152e-26 0 2.3906e-25 0 5.56644e-25 0 1.18743e-24 0 2.40796e-24 0 4.58594e-24 0 8.35599e-24 0 1.46012e-23 0 2.45206e-23 0 3.96524e-23 0 6.18531e-23 0
12.9424 1.47717e-09 1.46104e-09 1.61216e-11 0.0109138 0.01298 7.46584e-41 0 2.55042e-36 0 2.67018e-32 0 3.68952e-30 0 9.76844e-29 0 1.10171e-27 0 7.51484e-27 0 3.66707e-26 0 1.3842e-25 0 4.37777e-25 0 1.19992e-24 0 2.93304e-24 0 6.55339e-24 0 1.3472e-23 0 2.63926e-23 0 4.87082e-23 0 8.61885e-23 0 1.46557e-22 0 2.39969e-22 0 3.79055e-22 0 5.78584e-22 0
13.6067 1.42103e-09 1.40853e-09 1.24983e-11 0.00879523 0.0118308 5.5064e-39 0 1.12995e-34 0 7.52865e-31 0 8.17791e-29 0 1.84513e-27 0 1.84882e-26 0 1.14825e-25 0 5.1859e-25 0 1.83459e-24 0 5.48502e-24 0 1.43119e-23 0 3.34897e-23 0 7.1947e-23 0 1.4279e-22 0 2.70701e-22 0 4.8486e-22 0 8.34378e-22 0 1.38249e-21 0 2.20982e-21 0 3.41358e-21 0 5.10395e-21 0
14.3051 1.40261e-09 1.39282e-09 9.78066e-12 0.00697321 0.0101473 3.32973e-37 0 4.20785e-33 0 1.82404e-29 0 1.576e-27 0 3.05397e-26 0 2.73442e-25 0 1.5534e-24 0 6.5178e-24 0 2.16783e-23 0 6.14387e-23 0 1.52977e-22 0 3.4341e-22 0 7.10722e-22 0 1.36411e-21 0 2.50656e-21 0 4.36362e-21 0 7.3128e-21 0 1.18216e-20 0 1.84682e-20 0 2.79291e-20 0 4.09473e-20 0
15.0394 1.46072e-09 1.45285e-09 7.87471e-12 0.00539097 0.00859534 1.71639e-35 0 1.36776e-31 0 3.93922e-28 0 2.73769e-26 0 4.5903e-25 0 3.69285e-24 0 1.92728e-23 0 7.53971e-23 0 2.36481e-22 0 6.36978e-22 0 1.51693e-21 0 3.27345e-21 0 6.53837e-21 0 1.21561e-20 0 2.16832e-20 0 3.67398e-20 0 6.00378e-20 0 9.48053e-20 0 1.44918e-19 0 2.14775e-19 0 3.09057e-19 0
15.8114 1.59675e-09 1.58989e-09 6.85612e-12 0.0042938 0.00737509 7.57949e-34 0 3.89539e-30 0 7.60415e-27 0 4.29628e-25 0 6.2772e-24 0 4.56116e-23 0 2.19595e-22 0 8.03729e-22 0 2.38403e-21 0 6.1183e-21 0 1.3966e-20 0 2.90271e-20 0 5.60528e-20 0 1.01105e-19 0 1.7532e-19 0 2.8951e-19 0 4.61889e-19 0 7.13277e-19 0 1.06795e-18 0 1.55264e-18 0 2.19487e-18 0
16.623 1.75163e-09 1.74513e-09 6.49726e-12 0.00370926 0.0063741 2.76863e-32 0 9.37548e-29 0 1.26427e-25 0 5.86595e-24 0 7.51878e-23 0 4.95911e-22 0 2.21119e-21 0 7.5963e-21 0 2.13673e-20 0 5.23701e-20 0 1.14822e-19 0 2.30273e-19 0 4.3061e-19 0 7.54662e-19 0 1.27391e-18 0 2.05274e-18 0 3.20113e-18 0 4.83961e-18 0 7.10468e-18 0 1.01421e-17 0 1.4097e-17 0
17.4762 1.84446e-09 1.83808e-09 6.37869e-12 0.0034583 0.00557098 8.07863e-31 0 1.83964e-27 0 1.74488e-24 0 6.71274e-23 0 7.59663e-22 0 4.5696e-21 0 1.8941e-20 0 6.12647e-20 0 1.63843e-19 0 3.84374e-19 0 8.11052e-19 0 1.57222e-18 0 2.85154e-18 0 4.86242e-18 0 8.00084e-18 0 1.25955e-17 0 1.92205e-17 0 2.84778e-17 0 4.10298e-17 0 5.75621e-17 0 7.87322e-17 0
18.3733 1.83872e-09 1.83257e-09 6.14701e-12 0.00334309 0.00495862 1.87432e-29 0 2.92627e-26 0 1.98608e-23 0 6.3935e-22 0 6.42707e-21 0 3.54179e-20 0 1.36961e-19 0 4.18325e-19 0 1.06629e-18 0 2.39949e-18 0 4.8818e-18 0 9.16236e-18 0 1.61418e-17 0 2.68168e-17 0 4.30656e-17 0 6.63115e-17 0 9.91231e-17 0 1.44072e-16 0 2.03907e-16 0 2.81377e-16 0 3.79022e-16 0
19.3164 1.73353e-09 1.72786e-09 5.6654e-12 0.00326813 0.00454689 3.48379e-28 0 3.79844e-25 0 1.87514e-22 0 5.09519e-21 0 4.57615e-20 0 2.32018e-19 0 8.39883e-19 0 2.42918e-18 0 5.91533e-18 0 1.27945e-17 0 2.51435e-17 0 4.57619e-17 0 7.84223e-17 0 1.27096e-16 0 1.9944e-16 0 3.00689e-16 0 4.40737e-16 0 6.29008e-16 0 8.75268e-16 0 1.18897e-15 0 1.57844e-15 0
20.3079 1.5802e-09 1.57526e-09 4.93613e-12 0.00312374 0.00431214 5.34728e-27 0 4.14363e-24 0 1.51114e-21 0 3.49472e-20 0 2.81972e-19 0 1.3207e-18 0 4.48978e-18 0 1.23295e-17 0 2.87471e-17 0 5.988e-17 0 1.13856e-16 0 2.01251e-16 0 3.35932e-16 0 5.31748e-16 0 8.16266e-16 0 1.20623e-15 0 1.73535e-15 0 2.434e-15 0 3.33273e-15 0 4.46e-15 0 5.83963e-15 0
21.3503 1.4542e-09 1.44995e-09 4.25574e-12 0.00292651 0.00408559 7.13173e-26 0 3.99372e-23 0 1.09199e-20 0 2.16633e-19 0 1.5785e-18 0 6.85651e-18 0 2.19572e-17 0 5.73954e-17 0 1.28403e-16 0 2.5805e-16 0 4.75504e-16 0 8.1744e-16 0 1.33078e-15 0 2.05979e-15 0 3.09642e-15 0 4.48931e-15 0 6.34486e-15 0 8.75352e-15 0 1.18032e-14 0 1.55724e-14 0 2.01229e-14 0
22.4463 1.32431e-09 1.32064e-09 3.67507e-12 0.00277507 0.00387016 8.1601e-25 0 3.35507e-22 0 6.97533e-20 0 1.19597e-18 0 7.90916e-18 0 3.19776e-17 0 9.67475e-17 0 2.41305e-16 0 5.19028e-16 0 1.00814e-15 0 1.80305e-15 0 3.01872e-15 0 4.79887e-15 0 7.27097e-15 0 1.07149e-14 0 1.52556e-14 0 2.12e-14 0 2.87921e-14 0 3.82606e-14 0 4.98003e-14 0 6.35524e-14 0
23.5984 1.17759e-09 1.17448e-09 3.10518e-12 0.0026369 0.00366069 7.95896e-24 0 2.43913e-21 0 3.9078e-19 0 5.8322e-18 0 3.51711e-17 0 1.32825e-16 0 3.80714e-16 0 9.08124e-16 0 1.88161e-15 0 3.53818e-15 0 6.15096e-15 0 1.00422e-14 0 1.56069e-14 0 2.31718e-14 0 3.35067e-14 0 4.68904e-14 0 6.41229e-14 0 8.57946e-14 0 1.12437e-13 0 1.44477e-13 0 1.82192e-13 0
24.8097 1.04443e-09 1.04185e-09 2.58291e-12 0.00247304 0.00345417 6.80492e-23 0 1.57691e-20 0 1.9718e-18 0 2.57898e-17 0 1.42463e-16 0 5.04217e-16 0 1.37281e-15 0 3.1385e-15 0 6.27567e-15 0 1.14425e-14 0 1.93623e-14 0 3.08638e-14 0 4.69449e-14 0 6.83677e-14 0 9.70964e-14 0 1.33668e-13 0 1.8002e-13 0 2.37462e-13 0 3.07121e-13 0 3.89838e-13 0 4.86066e-13 0
26.0832 9.28806e-10 9.26668e-10 2.13751e-12 0.00230135 0.00326108 5.15946e-22 0 9.16476e-20 0 9.05292e-18 0 1.04438e-16 0 5.30727e-16 0 1.76599e-15 0 4.57869e-15 0 1.00536e-14 0 1.94342e-14 0 3.44105e-14 0 5.67511e-14 0 8.8426e-14 0 1.31773e-13 0 1.88416e-13 0 2.63046e-13 0 3.56515e-13 0 4.73215e-13 0 6.15828e-13 0 7.86539e-13 0 9.86819e-13 0 1.21723e-12 0
27.4221 8.27129e-10 8.25364e-10 1.7655e-12 0.00213449 0.00308147 3.48531e-21 0 4.80759e-19 0 3.79496e-17 0 3.88528e-16 0 1.82375e-15 0 5.72255e-15 0 1.41626e-14 0 2.99257e-14 0 5.60162e-14 0 9.64548e-14 0 1.55238e-13 0 2.36701e-13 0 3.45929e-13 0 4.86068e-13 0 6.6763e-13 0 8.9153e-13 0 1.16711e-12 0 1.49943e-12 0 1.89234e-12 0 2.34805e-12 0 2.86676e-12 0
28.8297 7.36698e-10 7.35245e-10 1.45376e-12 0.00197335 0.00290321 2.10705e-20 0 2.28503e-18 0 1.45727e-16 0 1.33178e-15 0 5.79678e-15 0 1.72014e-14 0 4.07288e-14 0 8.29739e-14 0 1.50632e-13 0 2.52583e-13 0 3.97181e-13 0 5.93261e-13 0 8.51112e-13 0 1.17621e-12 0 1.59072e-12 0 2.09441e-12 0 2.70599e-12 0 3.43423e-12 0 4.28516e-12 0 5.26137e-12 0 6.36137e-12 0
30.3095 6.56714e-10 6.55519e-10 1.19527e-12 0.00182007 0.00273428 1.147e-19 0 9.89492e-18 0 5.15169e-16 0 4.22598e-15 0 1.71197e-14 0 4.81737e-14 0 1.09363e-13 0 2.1519e-13 0 3.79449e-13 0 6.20413e-13 0 9.5426e-13 0 1.39771e-12 0 1.97017e-12 0 2.68005e-12 0 3.5715e-12 0 4.63965e-12 0 5.91995e-12 0 7.42621e-12 0 9.16665e-12 0 1.11427e-11 0 1.3348e-11 0
31.8653 5.85499e-10 5.84517e-10 9.81146e-13 0.00167575 0.00256733 5.6473e-19 0 3.919e-17 0 1.6823e-15 0 1.24525e-14 0 4.71153e-14 0 1.26049e-13 0 2.74926e-13 0 5.23377e-13 0 8.97675e-13 0 1.43292e-12 0 2.15813e-12 0 3.10266e-12 0 4.30075e-12 0 5.76312e-12 0 7.57314e-12 0 9.71322e-12 0 1.2247e-11 0 1.5194e-11 0 1.85631e-11 0 2.23507e-11 0 2.65392e-11 0
33.5009 5.22285e-10 5.2148e-10 8.04832e-13 0.00154098 0.00241164 2.52818e-18 0 1.4264e-16 0 5.09629e-15 0 3.42107e-14 0 1.21297e-13 0 3.09287e-13 0 6.49386e-13 0 1.19798e-12 0 2.00132e-12 0 3.12249e-12 0 4.60972e-12 0 6.51079e-12 0 8.88218e-12 0 1.17335e-11 0 1.52144e-11 0 1.92781e-11 0 2.40333e-11 0 2.95042e-11 0 3.56958e-11 0 4.25913e-11 0 5.01506e-11 0
35.2205 4.66054e-10 4.65394e-10 6.59605e-13 0.0014153 0.0022498 1.03374e-17 0 4.78996e-16 0 1.43721e-14 0 8.79135e-14 0 2.93026e-13 0 7.13789e-13 0 1.44538e-12 0 2.58789e-12 0 4.21628e-12 0 6.43699e-12 0 9.32387e-12 0 1.29489e-11 0 1.73994e-11 0 2.26745e-11 0 2.90306e-11 0 3.63619e-11 0 4.48459e-11 0 5.45059e-11 0 6.53337e-11 0 7.72852e-11 0 9.02789e-11 0
37.0284 4.16292e-10 4.15752e-10 5.40201e-13 0.00129765 0.00209967 3.88027e-17 0 1.49089e-15 0 3.78889e-14 0 2.12151e-13 0 6.66759e-13 0 1.55508e-12 0 3.04233e-12 0 5.29443e-12 0 8.42273e-12 0 1.25961e-11 0 1.79181e-11 0 2.44887e-11 0 3.2434e-11 0 4.17244e-11 0 5.27799e-11 0 6.5386e-11 0 7.98203e-11 0 9.60945e-11 0 1.14169e-10 0 1.33951e-10 0 1.55289e-10 0
38.9291 3.71917e-10 3.71475e-10 4.42177e-13 0.00118891 0.00196136 1.34168e-16 0 4.31387e-15 0 9.36121e-14 0 4.8188e-13 0 1.43212e-12 0 3.20486e-12 0 6.0678e-12 0 1.02777e-11 0 1.5984e-11 0 2.34387e-11 0 3.27731e-11 0 4.41131e-11 0 5.76295e-11 0 7.32307e-11 0 9.15774e-11 0 1.1227e-10 0 1.35726e-10 0 1.61924e-10 0 1.9077e-10 0 2.22084e-10 0 2.5561e-10 0
40.9273 3.3246e-10 3.32098e-10 3.61918e-13 0.00108861 0.00183387 4.29218e-16 0 1.16495e-14 0 2.17531e-13 0 1.03368e-12 0 2.91293e-12 0 6.26728e-12 0 1.15018e-11 0 1.8987e-11 0 2.8899e-11 0 4.15924e-11 0 5.72123e-11 0 7.58994e-11 0 9.78698e-11 0 1.22918e-10 0 1.52045e-10 0 1.84555e-10 0 2.21056e-10 0 2.61463e-10 0 3.05584e-10 0 3.53116e-10 0 4.03642e-10 0
43.0281 2.9734e-10 2.97043e-10 2.96032e-13 0.000995601 0.00171144 1.27521e-15 0 2.94589e-14 0 4.76831e-13 0 2.09981e-12 0 5.62547e-12 0 1.1659e-11 0 2.07718e-11 0 3.34608e-11 0 4.98948e-11 0 7.05449e-11 0 9.5539e-11 0 1.25008e-10 0 1.59205e-10 0 1.97739e-10 0 2.42068e-10 0 2.91061e-10 0 3.45568e-10 0 4.05398e-10 0 4.70214e-10 0 5.3953e-10 0 6.12717e-10 0
45.2368 2.66121e-10 2.65879e-10 2.42121e-13 0.000909816 0.00159685 3.53213e-15 0 6.99991e-14 0 9.89018e-13 0 4.05123e-12 0 1.03435e-11 0 2.0688e-11 0 3.58332e-11 0 5.63947e-11 0 8.2468e-11 0 1.14644e-10 0 1.52981e-10 0 1.97557e-10 0 2.48647e-10 0 3.05579e-10 0 3.70408e-10 0 4.41386e-10 0 5.1967e-10 0 6.0491e-10 0 6.96562e-10 0 7.93897e-10 0 8.96006e-10 0
47.5588 2.3843e-10 2.38232e-10 1.98007e-13 0.000830463 0.00148552 9.15552e-15 0 1.56824e-13 0 1.94702e-12 0 7.44482e-12 0 1.81577e-11 0 3.51085e-11 0 5.92013e-11 0 9.11314e-11 0 1.30815e-10 0 1.78953e-10 0 2.35454e-10 0 3.00289e-10 0 3.73726e-10 0 4.54697e-10 0 5.46008e-10 0 6.45089e-10 0 7.53472e-10 0 8.70581e-10 0 9.95605e-10 0 1.1275e-09 0 1.26503e-09 0
50 2.13552e-10 2.13391e-10 1.61882e-13 0.000758045 0.00138245 2.22514e-14 0 3.31781e-13 0 3.64249e-12 0 1.3045e-11 0 3.0461e-11 0 5.70315e-11 0 9.37465e-11 0 1.41301e-10 0 1.99282e-10 0 2.68477e-10 0 3.48543e-10 0 4.3927e-10 0 5.40889e-10 0 6.51805e-10 0 7.75737e-10 0 9.09074e-10 0 1.05379e-09 0 1.20902e-09 0 1.37362e-09 0 1.54617e-09 0 1.72504e-09 0
52.5665 1.91434e-10 1.91302e-10 1.32354e-13 0.000691383 0.00128281 5.09251e-14 0 6.65472e-13 0 6.4994e-12 0 2.18709e-11 0 4.8999e-11 0 8.89731e-11 0 1.42745e-10 0 2.10888e-10 0 2.92472e-10 0 3.88331e-10 0 4.97757e-10 0 6.20279e-10 0 7.56051e-10 0 9.0283e-10 0 1.0654e-09 0 1.23889e-09 0 1.42579e-09 0 1.62488e-09 0 1.83462e-09 0 2.0532e-09 0 2.27851e-09 0
55.2648 1.71734e-10 1.71626e-10 1.08203e-13 0.000630063 0.00118848 1.10063e-13 0 1.26865e-12 0 1.10857e-11 0 3.51582e-11 0 7.57256e-11 0 1.33557e-10 0 2.09384e-10 0 3.035e-10 0 4.14245e-10 0 5.42456e-10 0 6.86936e-10 0 8.46876e-10 0 1.02232e-09 0 1.21026e-09 0 1.41669e-09 0 1.6353e-09 0 1.86913e-09 0 2.11658e-09 0 2.37567e-09 0 2.64413e-09 0 2.91941e-09 0
58.1015 1.5408e-10 1.53991e-10 8.8465e-14 0.000574151 0.00109932 2.2514e-13 0 2.30312e-12 0 1.8104e-11 0 5.42704e-11 0 1.12593e-10 0 1.93153e-10 0 2.96242e-10 0 4.21687e-10 0 5.66882e-10 0 7.32626e-10 0 9.17122e-10 0 1.11916e-09 0 1.33865e-09 0 1.57174e-09 0 1.82574e-09 0 2.09275e-09 0 2.37644e-09 0 2.67476e-09 0 2.9853e-09 0 3.30534e-09 0 3.63186e-09 0
61.0839 1.38364e-10 1.38292e-10 7.23196e-14 0.000522676 0.00101467 4.37391e-13 0 3.99419e-12 0 2.839e-11 0 8.06633e-11 0 1.61491e-10 0 2.69834e-10 0 4.05296e-10 0 5.67061e-10 0 7.51378e-10 0 9.5898e-10 0 1.18739e-09 0 1.43495e-09 0 1.70143e-09 0 1.9821e-09 0 2.28562e-09 0 2.6025e-09 0 2.93701e-09 0 3.28667e-09 0 3.64863e-09 0 4.01975e-09 0 4.39657e-09 0
64.2193 1.24299e-10 1.2424e-10 5.91237e-14 0.000475659 0.000935065 8.08688e-13 0 6.6289e-12 0 4.28147e-11 0 1.15601e-10 0 2.23725e-10 0 3.64568e-10 0 5.36819e-10 0 7.38864e-10 0 9.65663e-10 0 1.21788e-09 0 1.4923e-09 0 1.78684e-09 0 2.10113e-09 0 2.42955e-09 0 2.78218e-09 0 3.14789e-09 0 3.53159e-09 0 3.93039e-09 0 4.34106e-09 0 4.76004e-09 0 5.18355e-09 0
67.5157 1.11733e-10 1.11684e-10 4.83326e-14 0.000432574 0.000860111 1.42676e-12 0 1.05536e-11 0 6.22298e-11 0 1.60069e-10 0 2.99958e-10 0 4.77276e-10 0 6.89628e-10 0 9.34498e-10 0 1.20549e-09 0 1.50322e-09 0 1.82376e-09 0 2.1646e-09 0 2.52528e-09 0 2.89937e-09 0 3.2983e-09 0 3.70942e-09 0 4.13827e-09 0 4.5816e-09 0 5.03582e-09 0 5.49709e-09 0 5.96131e-09 0
70.9813 1.00479e-10 1.00439e-10 3.95169e-14 0.000393287 0.000789908 2.40709e-12 0 1.61478e-11 0 8.73147e-11 0 2.14468e-10 0 3.89763e-10 0 6.06264e-10 0 8.60407e-10 0 1.14875e-09 0 1.46357e-09 0 1.80548e-09 0 2.16989e-09 0 2.55398e-09 0 2.95721e-09 0 3.37247e-09 0 3.81244e-09 0 4.26313e-09 0 4.73067e-09 0 5.21152e-09 0 5.70183e-09 0 6.19755e-09 0 6.69439e-09 0
74.6248 9.04217e-11 9.03894e-11 3.23084e-14 0.000357308 0.000724058 3.89308e-12 0 2.37988e-11 0 1.18507e-10 0 2.78589e-10 0 4.9174e-10 0 7.48567e-10 0 1.04436e-09 0 1.37482e-09 0 1.731e-09 0 2.11362e-09 0 2.51754e-09 0 2.93969e-09 0 3.37955e-09 0 3.82949e-09 0 4.30325e-09 0 4.78581e-09 0 5.28378e-09 0 5.79342e-09 0 6.31075e-09 0 6.83156e-09 0 7.35154e-09 0
78.4553 8.14304e-11 8.1404e-11 2.64174e-14 0.000324417 0.000662959 6.04881e-12 0 3.38488e-11 0 1.55845e-10 0 3.51391e-10 0 6.03274e-10 0 8.99708e-10 0 1.23499e-09 0 1.60409e-09 0 1.9971e-09 0 2.41488e-09 0 2.85194e-09 0 3.30506e-09 0 3.77383e-09 0 4.25028e-09 0 4.749e-09 0 5.25423e-09 0 5.77301e-09 0 6.30148e-09 0 6.83561e-09 0 7.37119e-09 0 7.90392e-09 0
82.4824 7.33521e-11 7.33305e-11 2.16045e-14 0.000294532 0.000606279 9.04246e-12 0 4.65207e-11 0 1.98801e-10 0 4.30804e-10 0 7.20353e-10 0 1.05356e-09 0 1.42399e-09 0 1.82613e-09 0 2.24936e-09 0 2.69483e-09 0 3.15683e-09 0 3.63218e-09 0 4.12061e-09 0 4.614e-09 0 5.12759e-09 0 5.64522e-09 0 6.1742e-09 0 6.71069e-09 0 7.2507e-09 0 7.79012e-09 0 8.32479e-09 0
86.7162 6.61103e-11 6.60927e-11 1.76693e-14 0.00026727 0.000553709 1.30342e-11 0 6.19034e-11 0 2.46429e-10 0 5.14231e-10 0 8.38546e-10 0 1.20388e-09 0 1.60342e-09 0 2.03143e-09 0 2.47692e-09 0 2.94143e-09 0 3.41922e-09 0 3.90728e-09 0 4.40553e-09 0 4.90593e-09 0 5.42405e-09 0 5.94369e-09 0 6.47234e-09 0 7.00626e-09 0 7.54158e-09 0 8.07439e-09 0 8.60074e-09 0
91.1674 5.96237e-11 5.96093e-11 1.44505e-14 0.000242361 0.000505182 1.81515e-11 0 7.98929e-11 0 2.97301e-10 0 5.98506e-10 0 9.52959e-10 0 1.34421e-09 0 1.76547e-09 0 2.21108e-09 0 2.67004e-09 0 3.14431e-09 0 3.62835e-09 0 4.11939e-09 0 4.61762e-09 0 5.11524e-09 0 5.6279e-09 0 6.13967e-09 0 6.6581e-09 0 7.17961e-09 0 7.70056e-09 0 8.21728e-09 0 8.72612e-09 0
95.847 5.38033e-11 5.37915e-11 1.18193e-14 0.000219677 0.000460488 2.44603e-11 0 1.00147e-10 0 3.49515e-10 0 6.80001e-10 0 1.05843e-09 0 1.46814e-09 0 1.90278e-09 0 2.35705e-09 0 2.82027e-09 0 3.29489e-09 0 3.7757e-09 0 4.26028e-09 0 4.74909e-09 0 5.23477e-09 0 5.73272e-09 0 6.22763e-09 0 6.72693e-09 0 7.22731e-09 0 7.7254e-09 0 8.21785e-09 0 8.70132e-09 0
100.767 4.85731e-11 4.85634e-11 9.66601e-15 0.000198999 0.000419383 3.19446e-11 0 1.22092e-10 0 4.00886e-10 0 7.55028e-10 0 1.15012e-09 0 1.57009e-09 0 2.00936e-09 0 2.46326e-09 0 2.92172e-09 0 3.38768e-09 0 3.8564e-09 0 4.32587e-09 0 4.79683e-09 0 5.26245e-09 0 5.73767e-09 0 6.208e-09 0 6.6807e-09 0 7.15272e-09 0 7.62101e-09 0 8.08258e-09 0 8.53443e-09 0
105.939 4.38748e-11 4.38669e-11 7.90835e-15 0.000180248 0.000381568 4.04978e-11 0 1.44975e-10 0 4.49194e-10 0 8.20287e-10 0 1.22416e-09 0 1.64602e-09 0 2.08139e-09 0 2.5264e-09 0 2.97185e-09 0 3.42112e-09 0 3.87003e-09 0 4.31704e-09 0 4.7631e-09 0 5.20203e-09 0 5.64808e-09 0 6.08781e-09 0 6.52813e-09 0 6.96632e-09 0 7.3997e-09 0 7.82559e-09 0 8.2414e-09 0
111.377 3.96493e-11 3.96429e-11 6.4688e-15 0.00016315 0.000347034 4.99082e-11 0 1.67881e-10 0 4.92243e-10 0 8.72899e-10 0 1.27752e-09 0 1.69319e-09 0 2.11675e-09 0 2.54526e-09 0 2.97053e-09 0 3.39632e-09 0 3.81909e-09 0 4.23772e-09 0 4.65339e-09 0 5.06059e-09 0 5.47272e-09 0 5.87748e-09 0 6.28138e-09 0 6.68204e-09 0 7.07712e-09 0 7.4643e-09 0 7.84134e-09 0
117.094 3.58485e-11 3.58433e-11 5.29186e-15 0.000147617 0.000315496 5.9875e-11 0 1.8983e-10 0 5.28154e-10 0 9.10807e-10 0 1.30853e-09 0 1.71071e-09 0 2.1156e-09 0 2.52123e-09 0 2.92054e-09 0 3.31759e-09 0 3.70946e-09 0 4.09545e-09 0 4.4769e-09 0 4.849e-09 0 5.22416e-09 0 5.5913e-09 0 5.95647e-09 0 6.3176e-09 0 6.6727e-09 0 7.01979e-09 0 7.35699e-09 0
123.105 3.24333e-11 3.2429e-11 4.33003e-15 0.000133506 0.000286606 7.00328e-11 0 2.0988e-10 0 5.5553e-10 0 9.32947e-10 0 1.31695e-09 0 1.69948e-09 0 2.08018e-09 0 2.45807e-09 0 2.82723e-09 0 3.1919e-09 0 3.54977e-09 0 3.9005e-09 0 4.24557e-09 0 4.58085e-09 0 4.91764e-09 0 5.24612e-09 0 5.57184e-09 0 5.89304e-09 0 6.20802e-09 0 6.51515e-09 0 6.81283e-09 0
129.424 2.93596e-11 2.9356e-11 3.54196e-15 0.000120641 0.000260289 7.99557e-11 0 2.27127e-10 0 5.73348e-10 0 9.38914e-10 0 1.30339e-09 0 1.66135e-09 0 2.01375e-09 0 2.36048e-09 0 2.69674e-09 0 3.02687e-09 0 3.3491e-09 0 3.66342e-09 0 3.97136e-09 0 4.26943e-09 0 4.56782e-09 0 4.85793e-09 0 5.14475e-09 0 5.42684e-09 0 5.70276e-09 0 5.97118e-09 0 6.23079e-09 0
136.067 2.65872e-11 2.65843e-11 2.89842e-15 0.000109016 0.000236341 8.91949e-11 0 2.408e-10 0 5.81085e-10 0 9.29083e-10 0 1.26944e-09 0 1.59922e-09 0 1.92056e-09 0 2.23412e-09 0 2.53612e-09 0 2.83088e-09 0 3.11714e-09 0 3.39511e-09 0 3.66638e-09 0 3.928e-09 0 4.18906e-09 0 4.44212e-09 0 4.69163e-09 0 4.93639e-09 0 5.17524e-09 0 5.40708e-09 0 5.63086e-09 0
143.051 2.40944e-11 2.4092e-11 2.37137e-15 9.84202e-05 0.000214414 9.73721e-11 0 2.5046e-10 0 5.79073e-10 0 9.05067e-10 0 1.21813e-09 0 1.51763e-09 0 1.80663e-09 0 2.08642e-09 0 2.35416e-09 0 2.61404e-09 0 2.86522e-09 0 3.1081e-09 0 3.34423e-09 0 3.57121e-09 0 3.79701e-09 0 4.01527e-09 0 4.22991e-09 0 4.43996e-09 0 4.64449e-09 0 4.84261e-09 0 5.03347e-09 0
150.394 2.184e-11 2.18381e-11 1.94056e-15 8.88534e-05 0.000194508 1.04084e-10 0 2.55692e-10 0 5.6762e-10 0 8.68241e-10 0 1.15199e-09 0 1.42018e-09 0 1.67661e-09 0 1.92303e-09 0 2.1574e-09 0 2.3837e-09 0 2.60144e-09 0 2.81116e-09 0 3.01433e-09 0 3.20901e-09 0 3.40211e-09 0 3.58829e-09 0 3.77093e-09 0 3.94926e-09 0 4.12253e-09 0 4.29006e-09 0 4.45116e-09 0
158.114 1.9807e-11 1.98054e-11 1.58821e-15 8.01845e-05 0.000176357 1.09088e-10 0 2.5653e-10 0 5.4792e-10 0 8.21139e-10 0 1.07484e-09 0 1.31191e-09 0 1.53662e-09 0 1.75106e-09 0 1.95383e-09 0 2.14868e-09 0 2.33535e-09 0 2.51448e-09 0 2.68744e-09 0 2.85268e-09 0 3.01615e-09 0 3.17335e-09 0 3.32722e-09 0 3.47714e-09 0 3.62253e-09 0 3.76284e-09 0 3.89754e-09 0
166.23 1.79752e-11 1.7974e-11 1.29975e-15 7.23079e-05 0.0001599 1.12233e-10 0 2.53195e-10 0 5.21349e-10 0 7.66314e-10 0 9.90288e-10 0 1.19734e-09 0 1.39199e-09 0 1.57654e-09 0 1.7501e-09 0 1.9161e-09 0 2.07451e-09 0 2.22599e-09 0 2.3718e-09 0 2.51071e-09 0 2.64779e-09 0 2.7793e-09 0 2.90776e-09 0 3.03267e-09 0 3.15358e-09 0 3.27007e-09 0 3.38173e-09 0
174.763 1.63189e-11 1.63178e-11 1.06369e-15 6.51817e-05 0.000144975 1.1342e-10 0 2.45987e-10 0 4.89214e-10 0 7.0599e-10 0 9.01316e-10 0 1.08006e-09 0 1.24682e-09 0 1.40394e-09 0 1.55096e-09 0 1.69097e-09 0 1.82408e-09 0 1.95094e-09 0 2.07271e-09 0 2.18841e-09 0 2.30231e-09 0 2.41136e-09 0 2.51765e-09 0 2.62083e-09 0 2.72053e-09 0 2.81642e-09 0 2.90821e-09 0
183.733 1.4828e-11 1.48271e-11 8.70411e-16 5.87005e-05 0.000131372 1.12747e-10 0 2.35551e-10 0 4.53283e-10 0 6.42856e-10 0 8.11337e-10 0 9.64052e-10 0 1.1055e-09 0 1.238e-09 0 1.36139e-09 0 1.47843e-09 0 1.58931e-09 0 1.69466e-09 0 1.7955e-09 0 1.89109e-09 0 1.98499e-09 0 2.0747e-09 0 2.16198e-09 0 2.24655e-09 0 2.32815e-09 0 2.40652e-09 0 2.48143e-09 0
193.164 1.34751e-11 1.34744e-11 7.12375e-16 5.28662e-05 0.00011906 1.10263e-10 0 2.2233e-10 0 4.14699e-10 0 5.78533e-10 0 7.22265e-10 0 8.51386e-10 0 9.70169e-10 0 1.08084e-09 0 1.18345e-09 0 1.2804e-09 0 1.37194e-09 0 1.45868e-09 0 1.54149e-09 0 1.61982e-09 0 1.69659e-09 0 1.76981e-09 0 1.84092e-09 0 1.90971e-09 0 1.97598e-09 0 2.03955e-09 0 2.10023e-09 0
203.079 1.22521e-11 1.22515e-11 5.83164e-16 4.75972e-05 0.000107899 1.06217e-10 0 2.07088e-10 0 3.75026e-10 0 5.15106e-10 0 6.36513e-10 0 7.44666e-10 0 8.43531e-10 0 9.35181e-10 0 1.01979e-09 0 1.09946e-09 0 1.17446e-09 0 1.24533e-09 0 1.31283e-09 0 1.37654e-09 0 1.43887e-09 0 1.4982e-09 0 1.55574e-09 0 1.61132e-09 0 1.66478e-09 0 1.716e-09 0 1.76484e-09 0
213.503 1.1149e-11 1.11485e-11 4.77204e-16 4.28024e-05 9.77642e-05 1.00897e-10 0 1.90541e-10 0 3.35551e-10 0 4.54159e-10 0 5.5579e-10 0 6.45615e-10 0 7.27242e-10 0 8.02555e-10 0 8.7181e-10 0 9.36807e-10 0 9.97822e-10 0 1.05533e-09 0 1.10999e-09 0 1.16148e-09 0 1.21176e-09 0 1.25955e-09 0 1.30582e-09 0 1.35045e-09 0 1.39334e-09 0 1.43437e-09 0 1.47345e-09 0
224.463 1.01462e-11 1.01458e-11 3.90688e-16 3.8506e-05 8.85798e-05 9.45135e-11 0 1.73179e-10 0 2.97023e-10 0 3.96469e-10 0 4.80775e-10 0 5.54743e-10 0 6.21589e-10 0 6.82992e-10 0 7.39253e-10 0 7.91893e-10 0 8.41177e-10 0 8.87525e-10 0 9.31484e-10 0 9.72816e-10 0 1.01311e-09 0 1.05136e-09 0 1.08833e-09 0 1.12395e-09 0 1.15814e-09 0 1.19081e-09 0 1.2219e-09 0
235.984 9.24116e-12 9.24084e-12 3.19771e-16 3.46029e-05 8.02504e-05 8.74361e-11 0 1.55698e-10 0 2.60458e-10 0 3.43138e-10 0 4.12533e-10 0 4.73003e-10 0 5.2737e-10 0 5.77106e-10 0 6.22523e-10 0 6.64896e-10 0 7.04471e-10 0 7.41609e-10 0 7.76766e-10 0 8.09766e-10 0 8.41892e-10 0 8.72335e-10 0 9.01733e-10 0 9.30021e-10 0 9.57137e-10 0 9.83028e-10 0 1.00764e-09 0
248.097 8.4215e-12 8.42123e-12 2.61726e-16 3.10783e-05 7.27467e-05 7.99196e-11 0 1.3852e-10 0 2.26324e-10 0 2.94509e-10 0 3.51208e-10 0 4.003e-10 0 4.44227e-10 0 4.84259e-10 0 5.207e-10 0 5.5461e-10 0 5.86209e-10 0 6.15803e-10 0 6.4377e-10 0 6.6998e-10 0 6.95459e-10 0 7.19572e-10 0 7.4283e-10 0 7.65186e-10 0 7.86594e-10 0 8.07015e-10 0 8.2641e-10 0
260.832 7.67649e-12 7.67628e-12 2.14239e-16 2.79085e-05 6.59033e-05 7.22018e-11 0 1.21989e-10 0 1.94932e-10 0 2.50725e-10 0 2.96719e-10 0 3.36307e-10 0 3.71572e-10 0 4.03598e-10 0 4.32666e-10 0 4.59649e-10 0 4.84741e-10 0 5.08197e-10 0 5.30328e-10 0 5.51039e-10 0 5.71146e-10 0 5.90153e-10 0 6.08465e-10 0 6.26049e-10 0 6.42872e-10 0 6.58905e-10 0 6.74121e-10 0
274.221 7.00221e-12 7.00204e-12 1.75371e-16 2.50451e-05 5.96623e-05 6.45427e-11 0 1.0645e-10 0 1.66575e-10 0 2.11918e-10 0 2.48996e-10 0 2.80736e-10 0 3.08894e-10 0 3.34381e-10 0 3.57453e-10 0 3.78821e-10 0 3.98653e-10 0 4.17162e-10 0 4.34598e-10 0 4.50895e-10 0 4.66696e-10 0 4.81617e-10 0 4.95978e-10 0 5.09755e-10 0 5.22924e-10 0 5.35465e-10 0 5.47359e-10 0
288.297 6.38988e-12 6.38973e-12 1.43571e-16 2.24685e-05 5.3979e-05 5.71092e-11 0 9.20715e-11 0 1.41258e-10 0 1.77868e-10 0 2.07581e-10 0 2.32887e-10 0 2.55251e-10 0 2.75433e-10 0 2.93658e-10 0 3.10502e-10 0 3.26107e-10 0 3.40648e-10 0 3.54328e-10 0 3.67097e-10 0 3.79466e-10 0 3.91132e-10 0 4.02351e-10 0 4.13105e-10 0 4.23376e-10 0 4.3315e-10 0 4.42413e-10 0
303.095 5.83441e-12 5.83429e-12 1.17532e-16 2.01446e-05 4.8836e-05 5.00547e-11 0 7.89856e-11 0 1.18951e-10 0 1.48334e-10 0 1.72018e-10 0 1.92094e-10 0 2.09774e-10 0 2.25684e-10 0 2.40019e-10 0 2.53242e-10 0 2.65472e-10 0 2.76852e-10 0 2.87545e-10 0 2.97515e-10 0 3.07162e-10 0 3.16253e-10 0 3.24987e-10 0 3.33353e-10 0 3.41338e-10 0 3.48931e-10 0 3.56122e-10 0
318.653 5.32875e-12 5.32865e-12 9.62146e-17 1.80558e-05 4.41724e-05 4.34701e-11 0 6.72226e-11 0 9.94811e-11 0 1.22931e-10 0 1.41711e-10 0 1.57561e-10 0 1.71474e-10 0 1.83962e-10 0 1.9519e-10 0 2.05529e-10 0 2.15078e-10 0 2.23951e-10 0 2.32278e-10 0 2.40034e-10 0 2.47532e-10 0 2.54592e-10 0 2.6137e-10 0 2.67857e-10 0 2.74044e-10 0 2.79924e-10 0 2.85491e-10 0
335.009 4.87153e-12 4.87145e-12 7.87804e-17 1.61716e-05 3.99515e-05 3.74511e-11 0 5.68229e-11 0 8.27198e-11 0 1.01348e-10 0 1.16178e-10 0 1.28645e-10 0 1.39555e-10 0 1.49325e-10 0 1.58092e-10 0 1.66152e-10 0 1.73585e-10 0 1.80484e-10 0 1.86952e-10 0 1.9297e-10 0 1.98784e-10 0 2.04253e-10 0 2.095e-10 0 2.14518e-10 0 2.19302e-10 0 2.23846e-10 0 2.28145e-10 0
352.205 4.45523e-12 4.45516e-12 6.4495e-17 1.44763e-05 3.61322e-05 3.2007e-11 0 4.77009e-11 0 6.8376e-11 0 8.31039e-11 0 9.47651e-11 0 1.04531e-10 0 1.13055e-10 0 1.20672e-10 0 1.27494e-10 0 1.33757e-10 0 1.39525e-10 0 1.44873e-10 0 1.49882e-10 0 1.54539e-10 0 1.59033e-10 0 1.63259e-10 0 1.6731e-10 0 1.71182e-10 0 1.74871e-10 0 1.78373e-10 0 1.81685e-10 0
370.284 4.07644e-12 4.07639e-12 5.28033e-17 1.29533e-05 3.26809e-05 2.71513e-11 0 3.97884e-11 0 5.62124e-11 0 6.78072e-11 0 7.69416e-11 0 8.45657e-11 0 9.12032e-11 0 9.71222e-11 0 1.02415e-10 0 1.07268e-10 0 1.11732e-10 0 1.15867e-10 0 1.19736e-10 0 1.2333e-10 0 1.26796e-10 0 1.30053e-10 0 1.33174e-10 0 1.36155e-10 0 1.38993e-10 0 1.41687e-10 0 1.44233e-10 0
389.291 3.72925e-12 3.72921e-12 4.32371e-17 1.1594e-05 2.95567e-05 2.28573e-11 0 3.29699e-11 0 4.59489e-11 0 5.50361e-11 0 6.21618e-11 0 6.80909e-11 0 7.32407e-11 0 7.78247e-11 0 8.1918e-11 0 8.56658e-11 0 8.911e-11 0 9.2297e-11 0 9.52766e-11 0 9.80427e-11 0 1.00709e-10 0 1.03212e-10 0 1.05609e-10 0 1.07898e-10 0 1.10077e-10 0 1.12143e-10 0 1.14096e-10 0
409.273 3.41621e-12 3.41617e-12 3.54033e-17 1.03633e-05 2.67283e-05 1.91335e-11 0 2.71912e-11 0 3.7414e-11 0 4.45168e-11 0 5.00629e-11 0 5.46645e-11 0 5.86528e-11 0 6.21969e-11 0 6.53573e-11 0 6.82477e-11 0 7.09013e-11 0 7.33546e-11 0 7.56467e-11 0 7.77731e-11 0 7.98212e-11 0 8.17433e-11 0 8.35831e-11 0 8.53389e-11 0 8.70094e-11 0 8.85932e-11 0 9.00892e-11 0
430.281 3.13089e-12 3.13086e-12 2.89833e-17 9.25721e-06 2.41681e-05 1.59187e-11 0 2.23087e-11 0 3.03298e-11 0 3.58639e-11 0 4.01682e-11 0 4.37301e-11 0 4.68113e-11 0 4.95452e-11 0 5.198e-11 0 5.42045e-11 0 5.6245e-11 0 5.81299e-11 0 5.98898e-11 0 6.15214e-11 0 6.30922e-11 0 6.45656e-11 0 6.59751e-11 0 6.73199e-11 0 6.85987e-11 0 6.98108e-11 0 7.09553e-11 0
452.368 2.86961e-12 2.86958e-12 2.37319e-17 8.27009e-06 2.18571e-05 1.31631e-11 0 1.82068e-11 0 2.4476e-11 0 2.87736e-11 0 3.21042e-11 0 3.48538e-11 0 3.72281e-11 0 3.93317e-11 0 4.12032e-11 0 4.29113e-11 0 4.44768e-11 0 4.5922e-11 0 4.72705e-11 0 4.852e-11 0 4.97223e-11 0 5.08495e-11 0 5.19275e-11 0 5.29555e-11 0 5.39328e-11 0 5.48587e-11 0 5.57328e-11 0
475.588 2.63156e-12 2.63154e-12 1.9432e-17 7.38422e-06 1.97689e-05 1.08274e-11 0 1.4793e-11 0 1.96779e-11 0 2.30068e-11 0 2.55782e-11 0 2.76964e-11 0 2.95225e-11 0 3.11384e-11 0 3.25744e-11 0 3.3884e-11 0 3.50833e-11 0 3.61898e-11 0 3.72216e-11 0 3.81772e-11 0 3.90962e-11 0 3.99576e-11 0 4.07809e-11 0 4.15659e-11 0 4.23118e-11 0 4.30184e-11 0 4.36852e-11 0
500 2.41528e-12 2.41527e-12 1.59099e-17 6.58716e-06 1.78788e-05 8.8651e-12 0 1.19731e-11 0 1.57699e-11 0 1.83433e-11 0 2.03252e-11 0 2.19545e-11 0 2.3357e-11 0 2.45967e-11 0 2.56973e-11 0 2.67002e-11 0 2.7618e-11 0 2.84643e-11 0 2.92531e-11 0 2.99833e-11 0 3.06852e-11 0 3.13429e-11 0 3.19713e-11 0 3.25702e-11 0 3.31392e-11 0 3.3678e-11 0 3.41863e-11 0
525.665 2.2168e-12 2.21678e-12 1.30278e-17 5.87686e-06 1.6171e-05 7.22145e-12 0 9.6482e-12 0 1.25904e-11 0 1.45746e-11 0 1.60986e-11 0 1.73491e-11 0 1.84242e-11 0 1.93734e-11 0 2.02154e-11 0 2.09821e-11 0 2.16833e-11 0 2.23295e-11 0 2.29315e-11 0 2.34886e-11 0 2.4024e-11 0 2.45253e-11 0 2.50042e-11 0 2.54605e-11 0 2.58939e-11 0 2.63043e-11 0 2.66913e-11 0
552.648 2.03651e-12 2.0365e-12 1.06674e-17 5.23808e-06 1.46283e-05 5.8598e-12 0 7.7499e-12 0 1.00255e-11 0 1.15533e-11 0 1.27238e-11 0 1.36826e-11 0 1.45059e-11 0 1.52321e-11 0 1.58758e-11 0 1.64615e-11 0 1.69969e-11 0 1.74901e-11 0 1.79493e-11 0 1.83741e-11 0 1.87822e-11 0 1.91642e-11 0 1.95291e-11 0 1.98766e-11 0 2.02066e-11 0 2.0519e-11 0 2.08135e-11 0
581.015 1.87179e-12 1.87178e-12 8.73387e-18 4.66604e-06 1.32325e-05 4.73583e-12 0 6.20406e-12 0 7.96055e-12 0 9.13489e-12 0 1.00326e-11 0 1.07668e-11 0 1.13965e-11 0 1.19515e-11 0 1.2443e-11 0 1.28901e-11 0 1.32985e-11 0 1.36745e-11 0 1.40245e-11 0 1.43482e-11 0 1.4659e-11 0 1.49499e-11 0 1.52277e-11 0 1.54922e-11 0 1.57433e-11 0 1.59809e-11 0 1.6205e-11 0
610.839 1.72119e-12 1.72119e-12 7.15117e-18 4.15477e-06 1.19703e-05 3.81309e-12 0 4.95086e-12 0 6.3041e-12 0 7.20542e-12 0 7.89296e-12 0 8.45455e-12 0 8.9357e-12 0 9.3594e-12 0 9.73443e-12 0 1.00753e-11 0 1.03866e-11 0 1.06731e-11 0 1.09397e-11 0 1.11861e-11 0 1.14227e-11 0 1.16441e-11 0 1.18554e-11 0 1.20566e-11 0 1.22475e-11 0 1.24282e-11 0 1.25985e-11 0
642.193 1.58328e-12 1.58327e-12 5.85547e-18 3.69833e-06 1.08295e-05 3.05909e-12 0 3.93878e-12 0 4.97951e-12 0 5.67029e-12 0 6.19622e-12 0 6.62527e-12 0 6.99253e-12 0 7.3157e-12 0 7.60158e-12 0 7.86129e-12 0 8.09837e-12 0 8.31648e-12 0 8.51935e-12 0 8.70684e-12 0 8.88679e-12 0 9.05514e-12 0 9.2158e-12 0 9.36872e-12 0 9.51385e-12 0 9.65113e-12 0 9.78054e-12 0
675.157 1.45714e-12 1.45713e-12 4.79473e-18 3.29051e-06 9.79817e-06 2.44632e-12 0 3.12517e-12 0 3.92441e-12 0 4.45323e-12 0 4.85516e-12 0 5.18268e-12 0 5.46278e-12 0 5.7091e-12 0 5.92687e-12 0 6.12463e-12 0 6.30509e-12 0 6.47104e-12 0 6.62536e-12 0 6.76793e-12 0 6.90475e-12 0 7.03272e-12 0 7.15482e-12 0 7.27101e-12 0 7.38127e-12 0 7.48555e-12 0 7.58384e-12 0
709.813 1.34169e-12 1.34169e-12 3.92565e-18 2.92589e-06 8.86549e-06 1.95043e-12 0 2.4734e-12 0 3.08639e-12 0 3.49081e-12 0 3.79772e-12 0 4.04754e-12 0 4.26103e-12 0 4.44866e-12 0 4.61446e-12 0 4.76496e-12 0 4.90225e-12 0 5.02846e-12 0 5.1458e-12 0 5.25418e-12 0 5.35816e-12 0 5.4554e-12 0 5.54816e-12 0 5.63642e-12 0 5.72016e-12 0 5.79935e-12 0 5.87397e-12 0
746.248 1.23656e-12 1.23656e-12 3.21432e-18 2.5994e-06 8.02106e-06 1.55146e-12 0 1.95391e-12 0 2.42374e-12 0 2.7329e-12 0 2.96718e-12 0 3.15771e-12 0 3.32041e-12 0 3.46332e-12 0 3.58956e-12 0 3.7041e-12 0 3.80855e-12 0 3.90455e-12 0 3.99378e-12 0 4.07618e-12 0 4.15522e-12 0 4.22912e-12 0 4.2996e-12 0 4.36666e-12 0 4.43027e-12 0 4.49042e-12 0 4.5471e-12 0
784.553 1.13962e-12 1.13962e-12 2.63192e-18 2.30947e-06 7.25657e-06 1.23027e-12 0 1.5394e-12 0 1.89897e-12 0 2.13501e-12 0 2.31365e-12 0 2.4588e-12 0 2.58267e-12 0 2.69143e-12 0 2.78745e-12 0 2.87455e-12 0 2.95395e-12 0 3.02691e-12 0 3.09471e-12 0 3.15731e-12 0 3.21734e-12 0 3.27346e-12 0 3.32698e-12 0 3.3779e-12 0 3.42619e-12 0 3.47184e-12 0 3.51486e-12 0
824.824 1.05125e-12 1.05125e-12 2.15489e-18 2.04983e-06 6.56601e-06 9.73678e-13 0 1.21095e-12 0 1.48601e-12 0 1.66619e-12 0 1.80239e-12 0 1.91297e-12 0 2.00729e-12 0 2.09006e-12 0 2.16311e-12 0 2.22936e-12 0 2.28973e-12 0 2.34519e-12 0 2.39672e-12 0 2.44429e-12 0 2.4899e-12 0 2.53253e-12 0 2.57318e-12 0 2.61185e-12 0 2.64852e-12 0 2.68319e-12 0 2.71584e-12 0
867.163 9.69879e-13 9.69877e-13 1.76451e-18 1.81931e-06 5.94208e-06 7.68645e-13 0 9.50518e-13 0 1.16071e-12 0 1.29813e-12 0 1.4019e-12 0 1.48608e-12 0 1.55785e-12 0 1.62081e-12 0 1.67635e-12 0 1.72671e-12 0 1.77259e-12 0 1.81473e-12 0 1.85387e-12 0 1.89e-12 0 1.92464e-12 0 1.95702e-12 0 1.98788e-12 0 2.01723e-12 0 2.04507e-12 0 2.07138e-12 0 2.09617e-12 0
911.674 8.95555e-13 8.95553e-13 1.44466e-18 1.61315e-06 5.37745e-06 6.05761e-13 0 7.45093e-13 0 9.05677e-13 0 1.01047e-12 0 1.08953e-12 0 1.15363e-12 0 1.20825e-12 0 1.25614e-12 0 1.29838e-12 0 1.33666e-12 0 1.37154e-12 0 1.40357e-12 0 1.43331e-12 0 1.46076e-12 0 1.48708e-12 0 1.51167e-12 0 1.53511e-12 0 1.5574e-12 0 1.57854e-12 0 1.59852e-12 0 1.61734e-12 0
958.471 8.26984e-13 8.26983e-13 1.18299e-18 1.43049e-06 4.86698e-06 4.76295e-13 0 5.82909e-13 0 7.05476e-13 0 7.85334e-13 0 8.45523e-13 0 8.94296e-13 0 9.35837e-13 0 9.72249e-13 0 1.00436e-12 0 1.03345e-12 0 1.05995e-12 0 1.08428e-12 0 1.10687e-12 0 1.12772e-12 0 1.1477e-12 0 1.16637e-12 0 1.18417e-12 0 1.20109e-12 0 1.21714e-12 0 1.2323e-12 0 1.24658e-12 0
1007.67 7.6442e-13 7.64419e-13 9.68511e-19 1.26699e-06 4.40487e-06 3.74036e-13 0 4.55603e-13 0 5.49162e-13 0 6.10029e-13 0 6.55869e-13 0 6.92994e-13 0 7.24602e-13 0 7.52299e-13 0 7.76717e-13 0 7.98838e-13 0 8.18981e-13 0 8.37474e-13 0 8.54643e-13 0 8.70484e-13 0 8.85666e-13 0 8.9985e-13 0 9.1337e-13 0 9.26224e-13 0 9.3841e-13 0 9.49927e-13 0 9.60773e-13 0
1059.39 7.06625e-13 7.06624e-13 7.93117e-19 1.1224e-06 3.98652e-06 2.93132e-13 0 3.55475e-13 0 4.26835e-13 0 4.73198e-13 0 5.08089e-13 0 5.36333e-13 0 5.60372e-13 0 5.8143e-13 0 5.99991e-13 0 6.16803e-13 0 6.3211e-13 0 6.46159e-13 0 6.59203e-13 0 6.71235e-13 0 6.82767e-13 0 6.93539e-13 0 7.03805e-13 0 7.13566e-13 0 7.22819e-13 0 7.31563e-13 0 7.39797e-13 0
1113.77 6.5367e-13 6.5367e-13 6.49229e-19 9.93206e-07 3.60774e-06 2.29442e-13 0 2.77081e-13 0 3.31508e-13 0 3.66827e-13 0 3.93388e-13 0 4.14881e-13 0 4.33167e-13 0 4.49182e-13 0 4.63295e-13 0 4.76076e-13 0 4.87711e-13 0 4.98389e-13 0 5.08301e-13 0 5.17444e-13 0 5.26206e-13 0 5.3439e-13 0 5.42189e-13 0 5.49603e-13 0 5.56632e-13 0 5.63273e-13 0 5.69527e-13 0
1170.94 6.04935e-13 6.04935e-13 5.31603e-19 8.78777e-07 3.26468e-06 1.79332e-13 0 2.1572e-13 0 2.5722e-13 0 2.84122e-13 0 3.04341e-13 0 3.20694e-13 0 3.34605e-13 0 3.46784e-13 0 3.57516e-13 0 3.67232e-13 0 3.76077e-13 0 3.84193e-13 0 3.91726e-13 0 3.98674e-13 0 4.05332e-13 0 4.1155e-13 0 4.17475e-13 0 4.23108e-13 0 4.28447e-13 0 4.33492e-13 0 4.38243e-13 0
1231.05 5.60204e-13 5.60203e-13 4.35279e-19 7.77001e-07 2.95485e-06 1.40016e-13 0 1.67806e-13 0 1.99452e-13 0 2.19945e-13 0 2.35339e-13 0 2.47786e-13 0 2.5837e-13 0 2.67636e-13 0 2.75798e-13 0 2.83187e-13 0 2.89913e-13 0 2.96084e-13 0 3.01811e-13 0 3.07093e-13 0 3.12154e-13 0 3.1688e-13 0 3.21384e-13 0 3.25665e-13 0 3.29722e-13 0 3.33556e-13 0 3.37166e-13 0
1294.24 5.18998e-13 5.18997e-13 3.56475e-19 6.86852e-07 2.6746e-06 1.09187e-13 0 1.30405e-13 0 1.54533e-13 0 1.70143e-13 0 1.81864e-13 0 1.91337e-13 0 1.99391e-13 0 2.0644e-13 0 2.12649e-13 0 2.18269e-13 0 2.23384e-13 0 2.28076e-13 0 2.32431e-13 0 2.36447e-13 0 2.40295e-13 0 2.43888e-13 0 2.47311e-13 0 2.50566e-13 0 2.5365e-13 0 2.56564e-13 0 2.59307e-13 0
1360.67 4.80994e-13 4.80993e-13 2.91889e-19 6.06847e-07 2.42068e-06 8.50458e-14 0 1.01241e-13 0 1.19634e-13 0 1.31524e-13 0 1.40448e-13 0 1.47658e-13 0 1.53787e-13 0 1.5915e-13 0 1.63873e-13 0 1.68148e-13 0 1.72039e-13 0 1.75607e-13 0 1.78919e-13 0 1.81973e-13 0 1.84898e-13 0 1.8763e-13 0 1.90233e-13 0 1.92707e-13 0 1.95051e-13 0 1.97267e-13 0 1.99352e-13 0
1430.51 4.46142e-13 4.46141e-13 2.39005e-19 5.35715e-07 2.19091e-06 6.6201e-14 0 7.85657e-14 0 9.25921e-14 0 1.01653e-13 0 1.0845e-13 0 1.13941e-13 0 1.18607e-13 0 1.2269e-13 0 1.26285e-13 0 1.29539e-13 0 1.32499e-13 0 1.35215e-13 0 1.37734e-13 0 1.40058e-13 0 1.42284e-13 0 1.44362e-13 0 1.46342e-13 0 1.48224e-13 0 1.50008e-13 0 1.51693e-13 0 1.53279e-13 0
1503.94 4.13855e-13 4.13854e-13 1.95706e-19 4.72887e-07 1.98281e-06 5.14669e-14 0 6.09031e-14 0 7.15961e-14 0 7.84988e-14 0 8.36754e-14 0 8.7856e-14 0 9.14081e-14 0 9.45157e-14 0 9.72518e-14 0 9.97277e-14 0 1.0198e-13 0 1.04047e-13 0 1.05964e-13 0 1.07731e-13 0 1.09424e-13 0 1.11005e-13 0 1.12512e-13 0 1.13943e-13 0 1.153e-13 0 1.16581e-13 0 1.17788e-13 0
1581.14 3.84296e-13 3.84296e-13 1.60251e-19 4.16998e-07 1.79457e-06 4.00017e-14 0 4.72068e-14 0 5.53639e-14 0 6.06264e-14 0 6.45715e-14 0 6.7757e-14 0 7.04631e-14 0 7.28302e-14 0 7.49142e-14 0 7.67999e-14 0 7.85153e-14 0 8.00887e-14 0 8.15485e-14 0 8.28944e-14 0 8.41835e-14 0 8.53872e-14 0 8.6534e-14 0 8.76237e-14 0 8.86565e-14 0 8.96321e-14 0 9.05505e-14 0
1662.3 3.56772e-13 3.56772e-13 1.31232e-19 3.67832e-07 1.62416e-06 3.10464e-14 0 3.65444e-14 0 4.27635e-14 0 4.67735e-14 0 4.97788e-14 0 5.22048e-14 0 5.42656e-14 0 5.60679e-14 0 5.76546e-14 0 5.90901e-14 0 6.03959e-14 0 6.15936e-14 0 6.27047e-14 0 6.37291e-14 0 6.47103e-14 0 6.56264e-14 0 6.64991e-14 0 6.73284e-14 0 6.81143e-14 0 6.88568e-14 0 6.95557e-14 0
1747.63 3.31609e-13 3.31609e-13 1.07455e-19 3.24042e-07 1.46992e-06 2.40969e-14 0 2.82956e-14 0 3.30412e-14 0 3.60996e-14 0 3.83911e-14 0 4.02406e-14 0 4.18114e-14 0 4.31851e-14 0 4.43943e-14 0 4.54883e-14 0 4.64833e-14 0 4.73959e-14 0 4.82425e-14 0 4.9023e-14 0 4.97705e-14 0 5.04684e-14 0 5.11333e-14 0 5.17651e-14 0 5.23638e-14 0 5.29293e-14 0 5.34617e-14 0
1837.33 3.08225e-13 3.08225e-13 8.79897e-20 2.85472e-07 1.3303e-06 1.86833e-14 0 2.18886e-14 0 2.55089e-14 0 2.7841e-14 0 2.95879e-14 0 3.09976e-14 0 3.21948e-14 0 3.32416e-14 0 3.4163e-14 0 3.49965e-14 0 3.57547e-14 0 3.645e-14 0 3.70949e-14 0 3.76895e-14 0 3.8259e-14 0 3.87906e-14 0 3.92971e-14 0 3.97783e-14 0 4.02343e-14 0 4.06651e-14 0 4.10706e-14 0
1931.64 2.86783e-13 2.86783e-13 7.20566e-20 2.51258e-07 1.20398e-06 1.4486e-14 0 1.69347e-14 0 1.96986e-14 0 2.14784e-14 0 2.28112e-14 0 2.38866e-14 0 2.47998e-14 0 2.55982e-14 0 2.63009e-14 0 2.69366e-14 0 2.75147e-14 0 2.80449e-14 0 2.85367e-14 0 2.89901e-14 0 2.94243e-14 0 2.98296e-14 0 3.02158e-14 0 3.05827e-14 0 3.09304e-14 0 3.12588e-14 0 3.15679e-14 0
2030.79 2.66472e-13 2.66472e-13 5.90114e-20 2.21454e-07 1.08982e-06 1.12058e-14 0 1.30735e-14 0 1.51803e-14 0 1.65364e-14 0 1.75517e-14 0 1.83709e-14 0 1.90664e-14 0 1.96745e-14 0 2.02096e-14 0 2.06937e-14 0 2.11339e-14 0 2.15376e-14 0 2.19121e-14 0 2.22572e-14 0 2.25878e-14 0 2.28964e-14 0 2.31904e-14 0 2.34698e-14 0 2.37344e-14 0 2.39845e-14 0 2.42198e-14 0
2135.03 2.47028e-13 2.47028e-13 4.83212e-20 1.9561e-07 9.86076e-07 8.64063e-15 0 1.00614e-14 0 1.16633e-14 0 1.2694e-14 0 1.34656e-14 0 1.4088e-14 0 1.46165e-14 0 1.50784e-14 0 1.5485e-14 0 1.58527e-14 0 1.61871e-14 0 1.64937e-14 0 1.67782e-14 0 1.70403e-14 0 1.72914e-14 0 1.75258e-14 0 1.77491e-14 0 1.79612e-14 0 1.81623e-14 0 1.83521e-14 0 1.85309e-14 0
2244.63 2.28888e-13 2.28888e-13 3.95655e-20 1.7286e-07 8.92182e-07 6.65365e-15 0 7.73365e-15 0 8.95078e-15 0 9.73369e-15 0 1.03197e-14 0 1.07924e-14 0 1.11936e-14 0 1.15443e-14 0 1.1853e-14 0 1.21321e-14 0 1.2386e-14 0 1.26188e-14 0 1.28347e-14 0 1.30337e-14 0 1.32243e-14 0 1.34022e-14 0 1.35717e-14 0 1.37327e-14 0 1.38853e-14 0 1.40294e-14 0 1.41651e-14 0
2359.84 2.12154e-13 2.12154e-13 3.23971e-20 1.52706e-07 8.07521e-07 5.12129e-15 0 5.94238e-15 0 6.86733e-15 0 7.46213e-15 0 7.90727e-15 0 8.26628e-15 0 8.571e-15 0 8.83738e-15 0 9.07177e-15 0 9.28376e-15 0 9.47654e-15 0 9.6533e-15 0 9.81724e-15 0 9.96836e-15 0 1.01131e-14 0 1.02482e-14 0 1.03768e-14 0 1.04991e-14 0 1.06149e-14 0 1.07244e-14 0 1.08274e-14 0
2480.97 1.96594e-13 1.96594e-13 2.65307e-20 1.34952e-07 7.30686e-07 3.93787e-15 0 4.56184e-15 0 5.26446e-15 0 5.71618e-15 0 6.05419e-15 0 6.32677e-15 0 6.55813e-15 0 6.76036e-15 0 6.93829e-15 0 7.09922e-15 0 7.24556e-15 0 7.37974e-15 0 7.50418e-15 0 7.61889e-15 0 7.72873e-15 0 7.83127e-15 0 7.92893e-15 0 8.02173e-15 0 8.10965e-15 0 8.1927e-15 0 8.27087e-15 0
2608.32 1.82194e-13 1.82194e-13 2.17235e-20 1.19233e-07 6.61281e-07 3.02607e-15 0 3.50022e-15 0 4.03393e-15 0 4.37698e-15 0 4.63365e-15 0 4.84062e-15 0 5.01627e-15 0 5.1698e-15 0 5.30489e-15 0 5.42706e-15 0 5.53814e-15 0 5.64e-15 0 5.73447e-15 0 5.82154e-15 0 5.90492e-15 0 5.98275e-15 0 6.05688e-15 0 6.12732e-15 0 6.19405e-15 0 6.25709e-15 0 6.31642e-15 0
2742.21 1.68827e-13 1.68827e-13 1.77877e-20 1.05361e-07 5.98461e-07 2.32352e-15 0 2.6837e-15 0 3.089e-15 0 3.34947e-15 0 3.54432e-15 0 3.70143e-15 0 3.83476e-15 0 3.9513e-15 0 4.05383e-15 0 4.14656e-15 0 4.23087e-15 0 4.30817e-15 0 4.37987e-15 0 4.44595e-15 0 4.50923e-15 0 4.56829e-15 0 4.62456e-15 0 4.67801e-15 0 4.72865e-15 0 4.77649e-15 0 4.82152e-15 0
2882.97 1.56459e-13 1.56459e-13 1.45633e-20 9.30805e-08 5.41471e-07 1.78316e-15 0 2.05677e-15 0 2.36456e-15 0 2.56232e-15 0 2.71026e-15 0 2.82953e-15 0 2.93074e-15 0 3.0192e-15 0 3.09703e-15 0 3.16741e-15 0 3.23141e-15 0 3.29008e-15 0 3.3445e-15 0 3.39465e-15 0 3.44268e-15 0 3.48751e-15 0 3.53021e-15 0 3.57078e-15 0 3.60921e-15 0 3.64552e-15 0 3.67969e-15 0
3030.95 1.45005e-13 1.45005e-13 1.19245e-20 8.22353e-08 4.90043e-07 1.3677e-15 0 1.57553e-15 0 1.80926e-15 0 1.95941e-15 0 2.07171e-15 0 2.16226e-15 0 2.23909e-15 0 2.30624e-15 0 2.36531e-15 0 2.41873e-15 0 2.46731e-15 0 2.51184e-15 0 2.55314e-15 0 2.59121e-15 0 2.62766e-15 0 2.66168e-15 0 2.69409e-15 0 2.72488e-15 0 2.75405e-15 0 2.7816e-15 0 2.80754e-15 0
3186.53 1.34396e-13 1.34396e-13 9.76376e-21 7.26492e-08 4.43646e-07 1.0485e-15 0 1.20635e-15 0 1.38383e-15 0 1.49783e-15 0 1.58309e-15 0 1.65182e-15 0 1.71014e-15 0 1.76111e-15 0 1.80595e-15 0 1.8465e-15 0 1.88337e-15 0 1.91717e-15 0 1.94852e-15 0 1.97741e-15 0 2.00508e-15 0 2.0309e-15 0 2.0555e-15 0 2.07886e-15 0 2.101e-15 0 2.12192e-15 0 2.1416e-15 0
3350.09 1.24548e-13 1.24548e-13 7.99422e-21 6.41857e-08 4.01661e-07 8.03269e-16 0 9.23129e-16 0 1.05787e-15 0 1.1444e-15 0 1.20912e-15 0 1.26128e-15 0 1.30555e-15 0 1.34423e-15 0 1.37826e-15 0 1.40903e-15 0 1.43701e-15 0 1.46267e-15 0 1.48645e-15 0 1.50838e-15 0 1.52937e-15 0 1.54897e-15 0 1.56763e-15 0 1.58537e-15 0 1.60217e-15 0 1.61803e-15 0 1.63297e-15 0
3522.05 1.15381e-13 1.15381e-13 6.54644e-21 5.67375e-08 3.63226e-07 6.14861e-16 0 7.05836e-16 0 8.08085e-16 0 8.73743e-16 0 9.22842e-16 0 9.6242e-16 0 9.96001e-16 0 1.02535e-15 0 1.05116e-15 0 1.07451e-15 0 1.09573e-15 0 1.11519e-15 0 1.13324e-15 0 1.14987e-15 0 1.16579e-15 0 1.18066e-15 0 1.19482e-15 0 1.20827e-15 0 1.22101e-15 0 1.23305e-15 0 1.24438e-15 0
3702.84 1.06938e-13 1.06938e-13 5.35979e-21 5.01204e-08 3.28787e-07 4.70636e-16 0 5.39712e-16 0 6.17335e-16 0 6.67174e-16 0 7.04441e-16 0 7.3448e-16 0 7.59967e-16 0 7.8224e-16 0 8.01832e-16 0 8.19549e-16 0 8.35657e-16 0 8.50424e-16 0 8.64119e-16 0 8.7674e-16 0 8.88826e-16 0 9.00106e-16 0 9.1085e-16 0 9.21058e-16 0 9.30728e-16 0 9.39862e-16 0 9.48459e-16 0
3892.91 9.91048e-14 9.91048e-14 4.38817e-21 4.42781e-08 2.97366e-07 3.60046e-16 0 4.12485e-16 0 4.71405e-16 0 5.09231e-16 0 5.37513e-16 0 5.6031e-16 0 5.79652e-16 0 5.96554e-16 0 6.11421e-16 0 6.24865e-16 0 6.37088e-16 0 6.48294e-16 0 6.58686e-16 0 6.68263e-16 0 6.77433e-16 0 6.85993e-16 0 6.94146e-16 0 7.01891e-16 0 7.09229e-16 0 7.16159e-16 0 7.22683e-16 0
4092.73 9.18491e-14 9.18491e-14 3.59265e-21 3.91146e-08 2.6975e-07 2.75335e-16 0 3.15144e-16 0 3.59865e-16 0 3.88574e-16 0 4.10038e-16 0 4.27339e-16 0 4.42017e-16 0 4.54843e-16 0 4.66125e-16 0 4.76327e-16 0 4.85603e-16 0 4.94106e-16 0 5.01991e-16 0 5.09259e-16 0 5.16217e-16 0 5.22712e-16 0 5.28898e-16 0 5.34775e-16 0 5.40343e-16 0 5.45602e-16 0 5.50552e-16 0
4302.81 8.51236e-14 8.51236e-14 2.94128e-21 3.4553e-08 2.43153e-07 2.10466e-16 0 2.40685e-16 0 2.74627e-16 0 2.96415e-16 0 3.12704e-16 0 3.25833e-16 0 3.36971e-16 0 3.46704e-16 0 3.55265e-16 0 3.63007e-16 0 3.70045e-16 0 3.76497e-16 0 3.82481e-16 0 3.87995e-16 0 3.93275e-16 0 3.98203e-16 0 4.02897e-16 0 4.07357e-16 0 4.11582e-16 0 4.15572e-16 0 4.19328e-16 0
4523.68 7.88928e-14 7.88928e-14 2.40818e-21 3.05247e-08 2.20876e-07 1.60822e-16 0 1.8376e-16 0 2.09522e-16 0 2.26056e-16 0 2.38418e-16 0 2.48381e-16 0 2.56833e-16 0 2.64219e-16 0 2.70715e-16 0 2.76589e-16 0 2.8193e-16 0 2.86826e-16 0 2.91366e-16 0 2.9555e-16 0 2.99557e-16 0 3.03297e-16 0 3.06858e-16 0 3.10242e-16 0 3.13448e-16 0 3.16475e-16 0 3.19325e-16 0
4755.88 7.31046e-14 7.31046e-14 1.97147e-21 2.69678e-08 2.00672e-07 1.22821e-16 0 1.40228e-16 0 1.59776e-16 0 1.72321e-16 0 1.817e-16 0 1.89259e-16 0 1.95672e-16 0 2.01275e-16 0 2.06204e-16 0 2.1066e-16 0 2.14712e-16 0 2.18426e-16 0 2.21871e-16 0 2.25045e-16 0 2.28085e-16 0 2.30922e-16 0 2.33623e-16 0 2.3619e-16 0 2.38622e-16 0 2.40919e-16 0 2.43081e-16 0
5000 6.77514e-14 6.77514e-14 1.61407e-21 2.38234e-08 1.80241e-07 9.37805e-17 0 1.06991e-16 0 1.21826e-16 0 1.31346e-16 0 1.38463e-16 0 1.44198e-16 0 1.49064e-16 0 1.53316e-16 0 1.57056e-16 0 1.60437e-16 0 1.63511e-16 0 1.6633e-16 0 1.68943e-16 0 1.71352e-16 0 1.73658e-16 0 1.7581e-16 0 1.7786e-16 0 1.79808e-16 0 1.81653e-16 0 1.83396e-16 0 1.85036e-16 0
