# 2.3714e-05 1 113 : grain size, compostion index, size index
# Heating and cooling timescale: 0.0154511 2.50268e+06
# Ratio of heating to cooling to determine stochastic cutoff: 100
# Equilibrium emission is recorded even for those grains in the stochastic regime.
# Emission spectrum was computed for: 
# Type: IRSF
# Scales: 0.25 0.5 1 1.5 2 2.5 3 3.5 4 4.5 5 5.5 6 6.5 7 7.5 8 8.5 9 9.5 10
# StochasticallyHeated: 0 0 0 0 0 0 0 0 0 0 0 0 0 0 0 0 0 0 0 0 0
# Temperature: -1
# Wavelength  CExt  CAbs  CSca  Albedo G EqEm1 StEm1 EqEm2 StEm2 EqEm3 StEm3 EqEm4 StEm4 EqEm5 StEm5 EqEm6 StEm6 EqEm7 StEm7 EqEm8 StEm8 EqEm9 StEm9 EqEm10 StEm10 EqEm11 StEm11 EqEm12 StEm12 EqEm13 StEm13 EqEm14 StEm14 EqEm15 StEm15 EqEm16 StEm16 EqEm17 StEm17 EqEm18 StEm18 EqEm19 StEm19 EqEm20 StEm20 EqEm21 StEm21
0.05 1.02685e-09 4.67801e-10 5.5905e-10 0.544432 0.212823 0 0 0 0 0 0 0 0 0 0 0 0 0 0 0 0 0 0 0 0 0 0 0 0 0 0 0 0 0 0 0 0 0 0 0 0 0 0 0 0 0 0
0.0525665 1.13497e-09 5.17058e-10 6.17915e-10 0.544432 0.235233 0 0 0 0 0 0 0 0 0 0 0 0 0 0 0 0 0 0 0 0 0 0 0 0 0 0 0 0 0 0 0 0 0 0 0 0 0 0 0 0 0 0
0.0552647 1.25448e-09 5.71502e-10 6.82979e-10 0.544432 0.260002 0 0 0 0 0 0 0 0 0 0 0 0 0 0 0 0 0 0 0 0 0 0 0 0 0 0 0 0 0 0 0 0 0 0 0 0 0 0 0 0 0 0
0.0581015 1.38657e-09 6.31678e-10 7.54893e-10 0.544432 0.287378 0 0 0 0 0 0 0 0 0 0 0 0 0 0 0 0 0 0 0 0 0 0 0 0 0 0 0 0 0 0 0 0 0 0 0 0 0 0 0 0 0 0
0.0610839 1.53257e-09 6.98191e-10 8.3438e-10 0.544432 0.317638 0 0 0 0 0 0 0 0 0 0 0 0 0 0 0 0 0 0 0 0 0 0 0 0 0 0 0 0 0 0 0 0 0 0 0 0 0 0 0 0 0 0
0.0642193 1.69394e-09 7.71707e-10 9.22236e-10 0.544432 0.351084 0 0 0 0 0 0 0 0 0 0 0 0 0 0 0 0 0 0 0 0 0 0 0 0 0 0 0 0 0 0 0 0 0 0 0 0 0 0 0 0 0 0
0.0675157 1.87231e-09 8.52964e-10 1.01934e-09 0.544432 0.388051 0 0 0 0 0 0 0 0 0 0 0 0 0 0 0 0 0 0 0 0 0 0 0 0 0 0 0 0 0 0 0 0 0 0 0 0 0 0 0 0 0 0
0.0709813 2.06945e-09 9.42776e-10 1.12667e-09 0.544432 0.428911 0 0 0 0 0 0 0 0 0 0 0 0 0 0 0 0 0 0 0 0 0 0 0 0 0 0 0 0 0 0 0 0 0 0 0 0 0 0 0 0 0 0
0.0746248 2.28735e-09 1.04205e-09 1.24531e-09 0.544432 0.474073 0 0 0 0 0 0 0 0 0 0 0 0 0 0 0 0 0 0 0 0 0 0 0 0 0 0 0 0 0 0 0 0 0 0 0 0 0 0 0 0 0 0
0.0784553 2.5282e-09 1.15177e-09 1.37643e-09 0.544432 0.523991 0 0 0 0 0 0 0 0 0 0 0 0 0 0 0 0 0 0 0 0 0 0 0 0 0 0 0 0 0 0 0 0 0 0 0 0 0 0 0 0 0 0
0.0824824 2.79441e-09 1.27304e-09 1.52136e-09 0.544432 0.579165 0 0 0 0 0 0 0 0 0 0 0 0 0 0 0 0 0 0 0 0 0 0 0 0 0 0 0 0 0 0 0 0 0 0 0 0 0 0 0 0 0 0
0.0867162 3.08865e-09 1.40709e-09 1.68156e-09 0.544432 0.640148 0 0 0 0 0 0 0 0 0 0 0 0 0 0 0 0 0 0 0 0 0 0 0 0 0 0 0 0 0 0 0 0 0 0 0 0 0 0 0 0 0 0
0.0911674 3.41387e-09 1.55525e-09 1.85862e-09 0.544432 0.707553 0 0 0 0 0 0 0 0 0 0 0 0 0 0 0 0 0 0 0 0 0 0 0 0 0 0 0 0 0 0 0 0 0 0 0 0 0 0 0 0 0 0
0.095847 3.77333e-09 1.71901e-09 2.05432e-09 0.544432 0.782055 0 0 0 0 0 0 0 0 0 0 0 0 0 0 0 0 0 0 0 0 0 0 0 0 0 0 0 0 0 0 0 0 0 0 0 0 0 0 0 0 0 0
0.100767 4.11127e-09 1.87428e-09 2.23699e-09 0.544112 0.851171 0 0 0 0 0 0 0 0 0 0 0 0 0 0 0 0 0 0 0 0 0 0 0 0 0 0 0 0 0 0 0 0 0 0 0 0 0 0 0 0 0 0
0.105939 4.13669e-09 1.89419e-09 2.2425e-09 0.542099 0.853624 0 0 0 0 0 0 0 0 0 0 0 0 0 0 0 0 0 0 0 0 0 0 0 0 0 0 0 0 0 0 0 0 0 0 0 0 0 0 0 0 0 0
0.111377 4.16172e-09 1.91514e-09 2.24658e-09 0.53982 0.857101 0 0 0 0 0 0 0 0 0 0 0 0 0 0 0 0 0 0 0 0 0 0 0 0 0 0 0 0 0 0 0 0 0 0 0 0 0 0 0 0 0 0
0.117094 4.1864e-09 1.9357e-09 2.2507e-09 0.537621 0.85888 0 0 0 0 0 0 0 0 0 0 0 0 0 0 0 0 0 0 0 0 0 0 0 0 0 0 0 0 0 0 0 0 0 0 0 0 0 0 0 0 0 0
0.123105 4.21009e-09 1.95828e-09 2.25181e-09 0.53486 0.8595 0 0 0 0 0 0 0 0 0 0 0 0 0 0 0 0 0 0 0 0 0 0 0 0 0 0 0 0 0 0 0 0 0 0 0 0 0 0 0 0 0 0
0.129424 4.23249e-09 1.98248e-09 2.25001e-09 0.531605 0.859087 0 0 0 0 0 0 0 0 0 0 0 0 0 0 0 0 0 0 0 0 0 0 0 0 0 0 0 0 0 0 0 0 0 0 0 0 0 0 0 0 0 0
0.136067 4.25626e-09 2.00414e-09 2.25211e-09 0.52913 0.85745 0 0 0 0 0 0 0 0 0 0 0 0 0 0 0 0 0 0 0 0 0 0 0 0 0 0 0 0 0 0 0 0 0 0 0 0 0 0 0 0 0 0
0.143051 4.2801e-09 2.03087e-09 2.24923e-09 0.525508 0.853779 0 0 0 0 0 0 0 0 0 0 0 0 0 0 0 0 0 0 0 0 0 0 0 0 0 0 0 0 0 0 0 0 0 0 0 0 0 0 0 0 0 0
0.150394 4.30431e-09 2.06574e-09 2.23857e-09 0.520076 0.853218 0 0 0 0 0 0 0 0 0 0 0 0 0 0 0 0 0 0 0 0 0 0 0 0 0 0 0 0 0 0 0 0 0 0 0 0 0 0 0 0 0 0
0.158114 4.33532e-09 2.10636e-09 2.22896e-09 0.51414 0.857486 0 0 0 0 0 0 0 0 0 0 0 0 0 0 0 0 0 0 0 0 0 0 0 0 0 0 0 0 0 0 0 0 0 0 0 0 0 0 0 0 0 0
0.16623 4.41845e-09 2.13823e-09 2.28022e-09 0.516067 0.863585 0 0 0 0 0 0 0 0 0 0 0 0 0 0 0 0 0 0 0 0 0 0 0 0 0 0 0 0 0 0 0 0 0 0 0 0 0 0 0 0 0 0
0.174762 4.41089e-09 2.1413e-09 2.26959e-09 0.514543 0.865452 0 0 0 0 0 0 0 0 0 0 0 0 0 0 0 0 0 0 0 0 0 0 0 0 0 0 0 0 0 0 0 0 0 0 0 0 0 0 0 0 0 0
0.183733 4.33885e-09 2.07927e-09 2.25959e-09 0.52078 0.83373 0 0 0 0 0 0 0 0 0 0 0 0 0 0 0 0 0 0 0 0 0 0 0 0 0 0 0 0 0 0 0 0 0 0 0 0 0 0 0 0 0 0
0.193164 4.49174e-09 1.97089e-09 2.52085e-09 0.561219 0.770338 0 0 0 0 0 0 0 0 0 0 0 0 0 0 0 0 0 0 0 0 0 0 0 0 0 0 0 0 0 0 0 0 0 0 0 0 0 0 0 0 0 0
0.203079 4.64735e-09 1.94107e-09 2.70628e-09 0.582328 0.766516 0 0 0 0 0 0 0 0 0 0 0 0 0 0 0 0 0 0 0 0 0 0 0 0 0 0 0 0 0 0 0 0 0 0 0 0 0 0 0 0 0 0
0.213503 4.59308e-09 1.92563e-09 2.66745e-09 0.580755 0.793109 0 0 0 0 0 0 0 0 0 0 0 0 0 0 0 0 0 0 0 0 0 0 0 0 0 0 0 0 0 0 0 0 0 0 0 0 0 0 0 0 0 0
0.224463 4.45372e-09 1.88372e-09 2.57e-09 0.577045 0.793602 0 0 0 0 0 0 0 0 0 0 0 0 0 0 0 0 0 0 0 0 0 0 0 0 0 0 0 0 0 0 0 0 0 0 0 0 0 0 0 0 0 0
0.235984 4.3324e-09 1.85365e-09 2.47875e-09 0.572142 0.762544 0 0 0 0 0 0 0 0 0 0 0 0 0 0 0 0 0 0 0 0 0 0 0 0 0 0 0 0 0 0 0 0 0 0 0 0 0 0 0 0 0 0
0.248097 4.31556e-09 1.80373e-09 2.51183e-09 0.58204 0.718189 0 0 0 0 0 0 0 0 0 0 0 0 0 0 0 0 0 0 0 0 0 0 0 0 0 0 0 0 0 0 0 0 0 0 0 0 0 0 0 0 0 0
0.260832 4.43597e-09 1.79601e-09 2.63996e-09 0.595126 0.598303 0 0 0 0 0 0 0 0 0 0 0 0 0 0 0 0 0 0 0 0 0 0 0 0 0 0 0 0 0 0 0 0 0 0 0 0 0 0 0 0 0 0
0.274221 4.61974e-09 1.73808e-09 2.88165e-09 0.62377 0.536407 0 0 0 0 0 0 0 0 0 0 0 0 0 0 0 0 0 0 0 0 0 0 0 0 0 0 0 0 0 0 0 0 0 0 0 0 0 0 0 0 0 0
0.288297 4.97048e-09 1.70394e-09 3.26654e-09 0.657188 0.440491 0 0 0 0 0 0 0 0 0 0 0 0 0 0 0 0 0 0 0 0 0 0 0 0 0 0 0 0 0 0 0 0 0 0 0 0 0 0 0 0 0 0
0.303095 5.27424e-09 1.66895e-09 3.60529e-09 0.683565 0.468858 0 0 0 0 0 0 0 0 0 0 0 0 0 0 0 0 0 0 0 0 0 0 0 0 0 0 0 0 0 0 0 0 0 0 0 0 0 0 0 0 0 0
0.318653 5.61352e-09 1.62361e-09 3.98992e-09 0.710768 0.483895 0 0 0 0 0 0 0 0 0 0 0 0 0 0 0 0 0 0 0 0 0 0 0 0 0 0 0 0 0 0 0 0 0 0 0 0 0 0 0 0 0 0
0.335009 5.98819e-09 1.58941e-09 4.39879e-09 0.734577 0.505584 0 0 0 0 0 0 0 0 0 0 0 0 0 0 0 0 0 0 0 0 0 0 0 0 0 0 0 0 0 0 0 0 0 0 0 0 0 0 0 0 0 0
0.352205 6.26462e-09 1.54337e-09 4.72126e-09 0.753637 0.581347 0 0 0 0 0 0 0 0 0 0 0 0 0 0 0 0 0 0 0 0 0 0 0 0 0 0 0 0 0 0 0 0 0 0 0 0 0 0 0 0 0 0
0.370284 6.47989e-09 1.49688e-09 4.98301e-09 0.768996 0.602873 0 0 0 0 0 0 0 0 0 0 0 0 0 0 0 0 0 0 0 0 0 0 0 0 0 0 0 0 0 0 0 0 0 0 0 0 0 0 0 0 0 0
0.389291 6.62636e-09 1.43911e-09 5.18725e-09 0.78282 0.608113 0 0 0 0 0 0 0 0 0 0 0 0 0 0 0 0 0 0 0 0 0 0 0 0 0 0 0 0 0 0 0 0 0 0 0 0 0 0 0 0 0 0
0.409273 6.70596e-09 1.38378e-09 5.32218e-09 0.793649 0.645078 0 0 0 0 0 0 0 0 0 0 0 0 0 0 0 0 0 0 0 0 0 0 0 0 0 0 0 0 0 0 0 0 0 0 0 0 0 0 0 0 0 0
0.430281 6.76391e-09 1.35815e-09 5.40576e-09 0.799206 0.674771 0 0 0 0 0 0 0 0 0 0 0 0 0 0 0 0 0 0 0 0 0 0 0 0 0 0 0 0 0 0 0 0 0 0 0 0 0 0 0 0 0 0
0.452368 6.7334e-09 1.33368e-09 5.39972e-09 0.801931 0.683941 0 0 0 0 0 0 0 0 0 0 0 0 0 0 0 0 0 0 0 0 0 0 0 0 0 0 0 0 0 0 0 0 0 0 0 0 0 0 0 0 0 0
0.475588 6.56723e-09 1.27104e-09 5.29618e-09 0.806457 0.671415 0 0 0 0 0 0 0 0 0 0 0 0 0 0 0 0 0 0 0 0 0 0 0 0 0 0 0 0 0 0 0 0 0 0 0 0 0 0 0 0 0 0
0.5 6.33974e-09 1.1862e-09 5.15354e-09 0.812894 0.660357 0 0 0 0 0 0 0 0 0 0 0 0 0 0 0 0 0 0 0 0 0 0 0 0 0 0 0 0 0 0 0 0 0 0 0 0 0 0 0 0 0 0
0.525665 6.15039e-09 1.1243e-09 5.02609e-09 0.817198 0.667071 0 0 0 0 0 0 0 0 0 0 0 0 0 0 0 0 0 0 0 0 0 0 0 0 0 0 0 0 0 0 0 0 0 0 0 0 0 0 0 0 0 0
0.552648 5.97645e-09 1.09636e-09 4.88009e-09 0.816553 0.680318 0 0 0 0 0 0 0 0 0 0 0 0 0 0 0 0 0 0 0 0 0 0 0 0 0 0 0 0 0 0 0 0 0 0 0 0 0 0 0 0 0 0
0.581015 5.71967e-09 1.07526e-09 4.64442e-09 0.812007 0.689855 0 0 0 0 0 0 0 0 0 0 0 0 0 0 0 0 0 0 0 0 0 0 0 0 0 0 0 0 0 0 0 0 0 0 0 0 0 0 0 0 0 0
0.610839 5.34625e-09 1.02987e-09 4.31638e-09 0.807365 0.684235 0 0 0 0 0 0 0 0 0 0 0 0 0 0 0 0 0 0 0 0 0 0 0 0 0 0 0 0 0 0 0 0 0 0 0 0 0 0 0 0 0 0
0.642193 4.9283e-09 9.58773e-10 3.96952e-09 0.805455 0.659271 0 0 0 0 0 0 0 0 0 0 0 0 0 0 0 0 0 0 0 0 0 0 0 0 0 0 0 0 0 0 0 0 0 0 0 0 0 0 0 0 0 0
0.675157 4.55655e-09 8.86455e-10 3.67009e-09 0.805455 0.625762 0 0 0 0 0 0 0 0 0 0 0 0 0 0 0 0 0 0 0 0 0 0 0 0 0 0 0 0 0 0 0 0 0 0 0 0 0 0 0 0 0 0
0.709813 4.2553e-09 8.31613e-10 3.42369e-09 0.80457 0.596374 0 0 0 0 0 0 0 0 0 0 0 0 0 0 0 0 0 0 0 0 0 0 0 0 0 0 0 0 0 0 0 0 0 0 0 0 0 0 0 0 0 0
0.746248 3.99226e-09 7.95729e-10 3.19653e-09 0.800682 0.578234 0 0 0 0 0 0 0 0 0 0 0 0 0 0 0 0 0 0 0 0 0 0 0 0 0 0 0 0 0 0 0 0 0 0 0 0 0 0 0 0 0 0
0.784553 3.71897e-09 7.68473e-10 2.9505e-09 0.793364 0.573896 0 0 0 0 0 0 0 0 0 0 0 0 0 0 0 0 0 0 0 0 0 0 0 0 0 0 0 0 0 0 0 0 0 0 0 0 0 0 0 0 0 0
0.824824 3.4102e-09 7.38521e-10 2.67168e-09 0.783438 0.580488 0 0 0 0 0 0 0 0 0 0 0 0 0 0 0 0 0 0 0 0 0 0 0 0 0 0 0 0 0 0 0 0 0 0 0 0 0 0 0 0 0 0
0.867162 3.06945e-09 6.98743e-10 2.3707e-09 0.772355 0.589894 0 0 0 0 0 0 0 0 0 0 0 0 0 0 0 0 0 0 0 0 0 0 0 0 0 0 0 0 0 0 0 0 0 0 0 0 0 0 0 0 0 0
0.911674 2.72204e-09 6.49847e-10 2.07219e-09 0.761264 0.59166 0 0 0 0 0 0 0 0 0 0 0 0 0 0 0 0 0 0 0 0 0 0 0 0 0 0 0 0 0 0 0 0 0 0 0 0 0 0 0 0 0 0
0.95847 2.39427e-09 5.96379e-10 1.79789e-09 0.750914 0.577646 0 0 0 0 0 0 0 0 0 0 0 0 0 0 0 0 0 0 0 0 0 0 0 0 0 0 0 0 0 0 0 0 0 0 0 0 0 0 0 0 0 0
1.00767 2.0989e-09 5.43359e-10 1.55554e-09 0.741122 0.546131 0 0 0 0 0 0 0 0 0 0 0 0 0 0 0 0 0 0 0 0 0 0 0 0 0 0 0 0 0 0 0 0 0 0 0 0 0 0 0 0 0 0
1.05939 1.85207e-09 5.0548e-10 1.34659e-09 0.727073 0.501817 0 0 0 0 0 0 0 0 0 0 0 0 0 0 0 0 0 0 0 0 0 0 0 0 0 0 0 0 0 0 0 0 0 0 0 0 0 0 0 0 0 0
1.11377 1.64371e-09 4.74499e-10 1.16921e-09 0.711325 0.451644 0 0 0 0 0 0 0 0 0 0 0 0 0 0 0 0 0 0 0 0 0 0 0 0 0 0 0 0 0 0 0 0 0 0 0 0 0 0 0 0 0 0
1.17094 1.4653e-09 4.497e-10 1.0156e-09 0.693101 0.401418 0 0 0 0 0 0 0 0 0 0 0 0 0 0 0 0 0 0 0 0 0 0 0 0 0 0 0 0 0 0 0 0 0 0 0 0 0 0 0 0 0 0
1.23105 1.30697e-09 4.28803e-10 8.7817e-10 0.671911 0.354827 0 0 0 0 0 0 0 0 0 0 0 0 0 0 0 0 0 0 0 0 0 0 0 0 0 0 0 0 0 0 0 0 0 0 0 0 0 0 0 0 0 0
1.29424 1.16498e-09 4.09588e-10 7.55391e-10 0.648416 0.313441 0 0 0 0 0 0 0 0 0 0 0 0 0 0 0 0 0 0 0 0 0 0 0 0 0 0 0 0 0 0 0 0 0 0 0 0 0 0 0 0 0 0
1.36067 1.04048e-09 3.91577e-10 6.48905e-10 0.623658 0.277441 0 0 0 0 0 0 0 0 0 0 0 0 0 0 0 0 0 0 0 0 0 0 0 0 0 0 0 0 0 0 0 0 0 0 0 0 0 0 0 0 0 0
1.43051 9.19489e-10 3.72834e-10 5.46655e-10 0.594521 0.246242 0 0 0 0 0 0 0 0 0 0 0 0 0 0 0 0 0 0 0 0 0 0 0 0 0 0 0 0 0 0 0 0 0 0 0 0 0 0 0 0 0 0
1.50394 8.15456e-10 3.55321e-10 4.60135e-10 0.564267 0.21929 0 0 0 0 0 0 0 0 0 0 0 0 0 0 0 0 0 0 0 0 0 0 0 0 0 0 0 0 0 0 0 0 0 0 0 0 0 0 0 0 0 0
1.58114 7.2459e-10 3.38965e-10 3.85626e-10 0.532198 0.195937 0 0 0 0 0 0 0 0 0 0 0 0 0 0 0 0 0 0 0 0 0 0 0 0 0 0 0 0 0 0 0 0 0 0 0 0 0 0 0 0 0 0
1.6623 6.45542e-10 3.23978e-10 3.21564e-10 0.49813 0.175512 0 0 0 0 0 0 0 0 0 0 0 0 0 0 0 0 0 0 0 0 0 0 0 0 0 0 0 0 0 0 0 0 0 0 0 0 0 0 0 0 0 0
1.74763 5.77691e-10 3.10706e-10 2.66985e-10 0.462159 0.157571 0 0 0 0 0 0 0 0 0 0 0 0 0 0 0 0 0 0 0 0 0 0 0 0 0 0 0 0 0 0 0 0 0 0 0 0 0 0 0 0 0 0
1.83733 5.20304e-10 2.99508e-10 2.20795e-10 0.424359 0.141719 0 0 0 0 0 0 0 0 0 0 0 0 0 0 0 0 0 0 0 0 0 0 0 0 0 0 0 0 0 0 0 0 0 0 0 0 0 0 0 0 0 0
1.93164 4.72515e-10 2.90511e-10 1.82004e-10 0.385182 0.127679 0 0 0 0 0 0 0 0 0 0 0 0 0 0 0 0 0 0 0 0 0 0 0 0 0 0 0 0 0 0 0 0 0 0 0 0 0 0 0 0 0 0
2.03079 4.33438e-10 2.83648e-10 1.49791e-10 0.345587 0.115171 0 0 0 0 0 0 0 0 0 0 0 0 0 0 0 0 0 0 0 0 0 0 0 0 0 0 0 0 0 0 0 0 0 0 0 0 0 0 0 0 0 0
2.13503 4.01659e-10 2.78469e-10 1.2319e-10 0.306703 0.103967 0 0 0 0 0 0 0 0 0 0 0 0 0 0 0 0 0 0 0 0 0 0 0 0 0 0 0 0 0 0 0 0 0 0 0 0 0 0 0 0 0 0
2.24463 3.7529e-10 2.74003e-10 1.01286e-10 0.269888 0.0939081 0 0 0 0 0 0 0 0 0 0 0 0 0 0 0 0 0 0 0 0 0 0 0 0 0 0 0 0 0 0 0 0 0 0 0 0 0 0 0 0 0 0
2.35984 3.5322e-10 2.69974e-10 8.32467e-11 0.235679 0.0848812 0 0 0 0 0 0 0 0 0 0 0 0 0 0 0 0 0 0 0 0 0 0 0 0 0 0 0 0 0 0 0 0 0 0 0 0 0 0 0 0 0 0
2.48097 3.35077e-10 2.66685e-10 6.83914e-11 0.204107 0.0767389 0 0 0 0 0 0 0 0 0 0 0 0 0 0 0 0 0 0 0 0 0 0 0 0 0 0 0 0 0 0 0 0 0 0 0 0 0 0 0 0 0 0
2.60832 3.20357e-10 2.64168e-10 5.61884e-11 0.175393 0.0693916 0 0 0 0 0 0 0 0 0 0 0 0 0 0 0 0 0 0 0 0 0 0 0 0 0 0 0 0 0 0 0 0 0 0 0 0 0 0 0 0 0 0
2.74221 3.08888e-10 2.62711e-10 4.61769e-11 0.149494 0.0627563 0 0 0 0 0 0 0 0 0 0 0 0 0 0 0 0 0 0 0 0 0 0 0 0 0 0 0 0 0 0 0 0 0 0 0 0 0 0 0 0 0 0
2.88297 3.00341e-10 2.62338e-10 3.8003e-11 0.126533 0.0567535 0 0 0 0 0 0 0 0 0 0 0 0 0 0 0 0 0 0 0 0 0 0 0 0 0 0 0 0 0 0 0 0 0 0 0 0 0 0 0 0 0 0
3.03095 2.94373e-10 2.6298e-10 3.13933e-11 0.106645 0.0513269 0 0 0 0 0 0 0 0 0 0 0 0 0 0 0 0 0 0 0 0 0 0 0 0 0 0 0 0 0 0 0 0 0 0 0 0 0 0 0 0 0 0
3.18653 2.8745e-10 2.61452e-10 2.59975e-11 0.0904417 0.0464132 0 0 0 0 0 0 0 0 0 0 0 0 0 0 0 0 0 0 0 0 0 0 0 0 0 0 0 0 0 0 0 0 0 0 0 0 0 0 0 0 0 0
3.35009 2.86346e-10 2.6511e-10 2.12358e-11 0.0741613 0.0419597 0 0 0 0 0 0 0 0 0 0 0 0 0 0 0 0 0 0 0 0 0 0 0 0 0 0 0 0 0 0 0 0 0 0 0 0 0 0 0 0 0 0
3.52205 2.81197e-10 2.62672e-10 1.85256e-11 0.065881 0.0379246 0 0 0 0 0 0 0 0 0 0 0 0 0 0 0 0 0 0 0 0 0 0 0 0 0 0 0 0 0 0 0 0 0 0 0 0 0 0 0 0 0 0
3.70284 2.58162e-10 2.43095e-10 1.50668e-11 0.0583619 0.0342714 0 0 0 0 0 0 0 0 0 0 0 0 0 0 0 0 0 0 0 0 0 0 0 0 0 0 0 0 0 0 0 0 0 0 0 0 0 0 0 0 0 0
3.89291 2.48539e-10 2.362e-10 1.23384e-11 0.0496437 0.0309569 0 0 0 0 0 0 0 0 0 0 0 0 0 0 0 0 0 0 0 0 0 0 0 0 0 0 0 0 0 0 0 0 0 0 0 0 0 0 0 0 0 0
4.09273 2.40702e-10 2.30591e-10 1.01112e-11 0.0420073 0.0279474 0 0 0 0 0 0 0 0 0 0 0 0 0 0 0 0 0 0 0 0 0 0 0 0 0 0 0 0 0 0 0 0 0 0 0 0 0 0 0 0 0 0
4.30281 2.3454e-10 2.26251e-10 8.28921e-12 0.0353424 0.0252169 0 0 0 0 0 0 0 0 0 0 0 0 0 0 0 0 0 0 0 0 0 0 0 0 0 0 0 0 0 0 0 0 0 0 0 0 0 0 0 0 0 0
4.52368 2.30022e-10 2.23219e-10 6.80263e-12 0.0295738 0.0227428 0 0 0 0 0 0 0 0 0 0 0 0 0 0 0 0 0 0 0 0 0 0 0 0 0 0 0 0 0 0 0 0 0 0 0 0 0 0 0 0 0 0
4.75588 2.26759e-10 2.21167e-10 5.59219e-12 0.0246614 0.0204956 0 0 0 0 0 0 0 0 0 0 0 0 0 0 0 0 0 0 0 0 0 0 0 0 0 0 0 0 0 0 0 0 0 0 0 0 0 0 0 0 0 0
5 2.24067e-10 2.1946e-10 4.60681e-12 0.02056 0.01845 0 0 0 0 0 0 0 0 0 0 0 0 0 0 0 0 0 0 0 0 0 0 0 0 0 0 0 0 0 0 0 0 0 0 0 0 0 0 0 0 0 0
5.25665 2.21349e-10 2.17549e-10 3.79932e-12 0.0171644 0.0165889 0 0 0 0 0 0 0 0 0 0 0 0 0 0 0 0 0 0 0 0 0 0 0 0 0 0 0 0 0 0 0 0 0 0 0 0 0 0 0 0 0 0
5.52648 2.18594e-10 2.1546e-10 3.13336e-12 0.0143342 0.0149027 0 0 0 0 0 0 0 0 0 0 0 0 0 0 0 0 0 0 0 0 0 0 0 0 0 0 0 0 0 0 0 0 0 0 0 0 0 0 0 0 0 0
5.81015 2.15598e-10 2.13017e-10 2.58129e-12 0.0119727 0.0133641 0 0 0 0 0 0 0 0 0 0 0 0 0 0 0 0 0 0 0 0 0 0 0 0 0 0 0 0 0 0 0 0 0 0 0 0 0 0 0 0 0 0
6.10839 2.12579e-10 2.10457e-10 2.12201e-12 0.00998223 0.0119643 0 0 0 0 0 0 0 0 0 0 0 0 0 0 0 0 0 0 0 0 0 0 0 0 0 0 0 0 0 0 0 0 1.4013e-45 0 2.8026e-45 0 8.40779e-45 0 2.38221e-44 0 5.60519e-44 0
6.42193 2.09449e-10 2.07711e-10 1.73811e-12 0.00829847 0.0106861 0 0 0 0 0 0 0 0 0 0 0 0 0 0 0 0 0 0 0 0 0 0 0 0 1.4013e-45 0 4.2039e-45 0 1.68156e-44 0 5.1848e-44 0 1.61149e-43 0 4.44212e-43 0 1.14626e-42 0 2.83623e-42 0 6.56789e-42 0
6.75157 2.06981e-10 2.05569e-10 1.41235e-12 0.00682358 0.0095074 0 0 0 0 0 0 0 0 0 0 0 0 0 0 0 0 0 0 1.4013e-45 0 7.00649e-45 0 3.36312e-44 0 1.49939e-43 0 5.73131e-43 0 1.99825e-42 0 6.09565e-42 0 1.76956e-41 0 4.66324e-41 0 1.14869e-40 0 2.71723e-40 0 6.0408e-40 0
7.09813 2.02816e-10 2.01669e-10 1.14705e-12 0.00565559 0.00839711 0 0 0 0 0 0 0 0 0 0 0 0 0 0 1.4013e-45 0 1.82169e-44 0 1.41531e-43 0 8.28167e-43 0 3.96567e-42 0 1.62985e-41 0 5.80922e-41 0 1.9057e-40 0 5.50723e-40 0 1.51762e-39 0 3.81451e-39 0 8.99171e-39 0 2.03943e-38 0 4.36051e-38 0
7.46248 1.99293e-10 1.98385e-10 9.08399e-13 0.00455811 0.00731689 0 0 0 0 0 0 0 0 0 0 0 0 1.68156e-44 0 2.36819e-43 0 2.19864e-42 0 1.52559e-41 0 8.15626e-41 0 3.62089e-40 0 1.38894e-39 0 4.65252e-39 0 1.44024e-38 0 3.95195e-38 0 1.03645e-37 0 2.49046e-37 0 5.6299e-37 0 1.22688e-36 0 2.52765e-36 0
7.84553 1.95645e-10 1.94958e-10 6.86778e-13 0.00351032 0.00628719 0 0 0 0 0 0 0 0 1.4013e-45 0 9.52883e-44 0 2.0459e-42 0 2.45339e-41 0 2.03775e-40 0 1.28609e-39 0 6.33542e-39 0 2.61515e-38 0 9.39417e-38 0 2.96641e-37 0 8.68993e-37 0 2.26981e-36 0 5.67912e-36 0 1.30745e-35 0 2.84022e-35 0 5.95849e-35 0 1.18502e-34 0
8.24824 2.16904e-10 2.164e-10 5.0429e-13 0.00232495 0.00541051 0 0 0 0 0 0 1.4013e-45 0 2.98477e-43 0 1.15327e-41 0 2.12095e-40 0 2.25287e-39 0 1.68744e-38 0 9.73377e-38 0 4.43583e-37 0 1.70857e-36 0 5.76608e-36 0 1.72136e-35 0 4.78484e-35 0 1.19256e-34 0 2.85317e-34 0 6.30652e-34 0 1.31907e-33 0 2.66895e-33 0 5.13275e-33 0
8.67162 2.62458e-10 2.62021e-10 4.36713e-13 0.00166394 0.00471082 0 0 0 0 0 0 3.25101e-43 0 3.68976e-41 0 1.19009e-39 0 1.89857e-38 0 1.79693e-37 0 1.21991e-36 0 6.45983e-36 0 2.73372e-35 0 9.8587e-35 0 3.13527e-34 0 8.8731e-34 0 2.34635e-33 0 5.59299e-33 0 1.28231e-32 0 2.7267e-32 0 5.50131e-32 0 1.07547e-31 0 2.00327e-31 0
9.11674 3.59421e-10 3.58902e-10 5.19235e-13 0.00144464 0.00401929 0 0 0 0 5.60519e-44 0 4.50531e-41 0 4.0577e-39 0 1.10462e-37 0 1.53933e-36 0 1.3055e-35 0 8.07165e-35 0 3.94016e-34 0 1.55402e-33 0 5.2641e-33 0 1.58215e-32 0 4.25588e-32 0 1.07322e-31 0 2.452e-31 0 5.39851e-31 0 1.10643e-30 0 2.15709e-30 0 4.08117e-30 0 7.37459e-30 0
9.5847 4.39096e-10 4.38374e-10 7.22298e-13 0.00164497 0.00358937 0 0 0 0 7.50535e-42 0 4.38913e-39 0 3.17323e-37 0 7.35149e-36 0 9.00809e-35 0 6.88254e-34 0 3.89317e-33 0 1.75889e-32 0 6.48761e-32 0 2.07053e-31 0 5.89754e-31 0 1.51158e-30 0 3.64348e-30 0 7.99518e-30 0 1.69375e-29 0 3.35182e-29 0 6.32514e-29 0 1.16002e-28 0 2.03645e-28 0
10.0767 4.267e-10 4.25902e-10 7.97798e-13 0.00186969 0.00340115 0 0 7.00649e-45 0 6.33252e-40 0 2.71308e-37 0 1.59153e-35 0 3.16265e-34 0 3.42907e-33 0 2.37233e-32 0 1.23307e-31 0 5.1754e-31 0 1.79108e-30 0 5.40138e-30 0 1.46184e-29 0 3.57851e-29 0 8.2629e-29 0 1.74494e-28 0 3.56355e-28 0 6.8209e-28 0 1.24786e-27 0 2.22179e-27 0 3.7947e-27 0
10.5939 3.64055e-10 3.63345e-10 7.09653e-13 0.0019493 0.00333871 0 0 7.16064e-43 0 3.72681e-38 0 1.18775e-35 0 5.71136e-34 0 9.80822e-33 0 9.4662e-32 0 5.95885e-31 0 2.85776e-30 0 1.11832e-29 0 3.64262e-29 0 1.04087e-28 0 2.68338e-28 0 6.28783e-28 0 1.39376e-27 0 2.83782e-27 0 5.59689e-27 0 1.03786e-26 0 1.84356e-26 0 3.19125e-26 0 5.30988e-26 0
11.1377 3.0436e-10 3.03763e-10 5.96898e-13 0.00196116 0.00341795 0 0 5.63854e-41 0 1.72672e-36 0 4.1532e-34 0 1.65301e-32 0 2.47079e-31 0 2.13476e-30 0 1.22836e-29 0 5.45691e-29 0 1.99783e-28 0 6.1428e-28 0 1.66758e-27 0 4.10478e-27 0 9.22685e-27 0 1.96726e-26 0 3.86886e-26 0 7.38148e-26 0 1.32813e-25 0 2.29391e-25 0 3.86585e-25 0 6.27442e-25 0
11.7094 2.44271e-10 2.43805e-10 4.66667e-13 0.00191045 0.00344008 5.04467e-44 0 3.37236e-39 0 6.23673e-35 0 1.14779e-32 0 3.81628e-31 0 4.99866e-30 0 3.88725e-29 0 2.05359e-28 0 8.48235e-28 0 2.91481e-27 0 8.48401e-27 0 2.19354e-26 0 5.16712e-26 0 1.11645e-25 0 2.294e-25 0 4.36489e-25 0 8.06929e-25 0 1.41084e-24 0 2.37261e-24 0 3.89787e-24 0 6.17856e-24 0
12.3105 1.95884e-10 1.95537e-10 3.47474e-13 0.00177387 0.00342499 4.17727e-42 0 1.61309e-37 0 1.8465e-33 0 2.63434e-31 0 7.38161e-30 0 8.52742e-29 0 5.9995e-28 0 2.92209e-27 0 1.12621e-26 0 3.64367e-26 0 1.00664e-25 0 2.48473e-25 0 5.61324e-25 0 1.16806e-24 0 2.31714e-24 0 4.27259e-24 0 7.66522e-24 0 1.30413e-23 0 2.13819e-23 0 3.42864e-23 0 5.3139e-23 0
12.9424 1.77602e-10 1.77349e-10 2.5238e-13 0.00142104 0.00327925 3.06188e-40 0 7.06002e-36 0 5.12075e-32 0 5.7342e-30 0 1.36546e-28 0 1.39979e-27 0 8.95349e-27 0 4.03646e-26 0 1.45653e-25 0 4.44982e-25 0 1.16985e-24 0 2.76297e-24 0 5.99833e-24 0 1.20433e-23 0 2.3105e-23 0 4.13495e-23 0 7.20959e-23 0 1.19519e-22 0 1.91285e-22 0 2.99739e-22 0 4.54719e-22 0
13.6067 1.72026e-10 1.71829e-10 1.96075e-13 0.0011398 0.0029844 1.91119e-38 0 2.69843e-34 0 1.2681e-30 0 1.12783e-28 0 2.30055e-27 0 2.10506e-26 0 1.22983e-25 0 5.15135e-25 0 1.74594e-24 0 5.05093e-24 0 1.26667e-23 0 2.8687e-23 0 5.99658e-23 0 1.16369e-22 0 2.16264e-22 0 3.76191e-22 0 6.38351e-22 0 1.03245e-21 0 1.61488e-21 0 2.47559e-21 0 3.67995e-21 0
14.3051 1.70816e-10 1.70662e-10 1.53719e-13 0.000899913 0.00255811 9.85733e-37 0 8.72884e-33 0 2.71465e-29 0 1.93929e-27 0 3.41422e-26 0 2.80403e-25 0 1.50292e-24 0 5.87002e-24 0 1.87441e-23 0 5.14853e-23 0 1.23447e-22 0 2.68639e-22 0 5.41692e-22 0 1.01772e-21 0 1.83499e-21 0 3.10684e-21 0 5.13758e-21 0 8.11659e-21 0 1.24211e-20 0 1.86483e-20 0 2.71892e-20 0
15.0394 1.78875e-10 1.78751e-10 1.23981e-13 0.000693116 0.00216629 4.36743e-35 0 2.48145e-31 0 5.21114e-28 0 3.02236e-26 0 4.62568e-25 0 3.42782e-24 0 1.69266e-23 0 6.18566e-23 0 1.86635e-22 0 4.87963e-22 0 1.12109e-21 0 2.34878e-21 0 4.57672e-21 0 8.33795e-21 0 1.46071e-20 0 2.41038e-20 0 3.88919e-20 0 6.00865e-20 0 9.00616e-20 0 1.32557e-19 0 1.89743e-19 0
15.8114 1.96313e-10 1.96205e-10 1.08058e-13 0.000550437 0.00185847 1.66852e-33 0 6.21589e-30 0 8.98516e-27 0 4.27407e-25 0 5.72564e-24 0 3.84766e-23 0 1.75747e-22 0 6.0287e-22 0 1.72351e-21 0 4.29961e-21 0 9.48519e-21 0 1.91674e-20 0 3.61519e-20 0 6.39613e-20 0 1.09027e-19 0 1.75563e-19 0 2.76735e-19 0 4.18561e-19 0 6.15091e-19 0 8.88398e-19 0 1.24958e-18 0
16.623 2.15803e-10 2.15701e-10 1.02405e-13 0.000474531 0.00160629 5.30324e-32 0 1.32237e-28 0 1.33996e-25 0 5.27854e-24 0 6.22977e-23 0 3.8146e-22 0 1.61782e-21 0 5.22552e-21 0 1.41922e-20 0 3.38593e-20 0 7.18652e-20 0 1.4032e-19 0 2.56586e-19 0 4.41491e-19 0 7.33212e-19 0 1.15353e-18 0 1.77832e-18 0 2.6359e-18 0 3.80144e-18 0 5.39288e-18 0 7.4601e-18 0
17.4762 2.27351e-10 2.2725e-10 1.00463e-13 0.000441887 0.00140435 1.354e-30 0 2.30454e-27 0 1.66559e-24 0 5.484e-23 0 5.73744e-22 0 3.21568e-21 0 1.27092e-20 0 3.87664e-20 0 1.00274e-19 0 2.29288e-19 0 4.69098e-19 0 8.86496e-19 0 1.57396e-18 0 2.63739e-18 0 4.27293e-18 0 6.57529e-18 0 9.92472e-18 0 1.44309e-17 0 2.04432e-17 0 2.85106e-17 0 3.88195e-17 0
18.3733 2.26571e-10 2.26474e-10 9.67059e-14 0.000426824 0.00125076 2.76481e-29 0 3.27252e-26 0 1.71506e-23 0 4.76119e-22 0 4.44174e-21 0 2.28855e-20 0 8.45795e-20 0 2.44318e-19 0 6.03305e-19 0 1.32493e-18 0 2.61756e-18 0 4.79528e-18 0 8.2786e-18 0 1.35267e-17 0 2.14049e-17 0 3.22525e-17 0 4.77129e-17 0 6.81199e-17 0 9.48733e-17 0 1.30181e-16 0 1.74601e-16 0
19.3164 2.13497e-10 2.13408e-10 8.90411e-14 0.000417061 0.00114776 4.5503e-28 0 3.8125e-25 0 1.47175e-22 0 3.47374e-21 0 2.90592e-20 0 1.38206e-19 0 4.79198e-19 0 1.31435e-18 0 3.10546e-18 0 6.56298e-18 0 1.2542e-17 0 2.23074e-17 0 3.74984e-17 0 5.98188e-17 0 9.25606e-17 0 1.36705e-16 0 1.98405e-16 0 2.78382e-16 0 3.81493e-16 0 5.15445e-16 0 6.81485e-16 0
20.3079 1.94623e-10 1.94545e-10 7.75513e-14 0.00039847 0.00108896 6.22412e-27 0 3.75428e-24 0 1.08359e-21 0 2.19175e-20 0 1.65287e-19 0 7.28478e-19 0 2.37706e-18 0 6.20644e-18 0 1.40613e-17 0 2.86506e-17 0 5.30478e-17 0 9.17356e-17 0 1.50345e-16 0 2.34429e-16 0 3.55095e-16 0 5.14556e-16 0 7.33337e-16 0 1.01207e-15 0 1.36576e-15 0 1.8184e-15 0 2.3716e-15 0
21.3503 1.7921e-10 1.79143e-10 6.6861e-14 0.000373087 0.00103176 7.4431e-26 0 3.28435e-23 0 7.1889e-21 0 1.25554e-19 0 8.579e-19 0 3.51693e-18 0 1.0832e-17 0 2.69875e-17 0 5.87493e-17 0 1.15616e-16 0 2.07726e-16 0 3.49742e-16 0 5.59531e-16 0 8.53743e-16 0 1.26723e-15 0 1.80334e-15 0 2.52602e-15 0 3.43173e-15 0 4.56375e-15 0 5.99193e-15 0 7.71414e-15 0
22.4463 1.63248e-10 1.6319e-10 5.77382e-14 0.000353684 0.000977218 7.67485e-25 0 2.5156e-22 0 4.23248e-20 0 6.42858e-19 0 3.9992e-18 0 1.53032e-17 0 4.46146e-17 0 1.0631e-16 0 2.22802e-16 0 4.2421e-16 0 7.40676e-16 0 1.21573e-15 0 1.90086e-15 0 2.84115e-15 0 4.13664e-15 0 5.78615e-15 0 7.97265e-15 0 1.06704e-14 0 1.39941e-14 0 1.81308e-14 0 2.30558e-14 0
23.5984 1.45223e-10 1.45175e-10 4.87959e-14 0.000336006 0.00092404 6.78153e-24 0 1.67525e-21 0 2.19459e-19 0 2.91868e-18 0 1.66068e-17 0 5.95169e-17 0 1.64682e-16 0 3.76123e-16 0 7.60304e-16 0 1.40279e-15 0 2.38355e-15 0 3.8188e-15 0 5.842e-15 0 8.56215e-15 0 1.22397e-14 0 1.68421e-14 0 2.28462e-14 0 3.01447e-14 0 3.90145e-14 0 4.99122e-14 0 6.27299e-14 0
24.8097 1.28896e-10 1.28856e-10 4.06044e-14 0.000315015 0.000871632 5.27978e-23 0 9.96651e-21 0 1.02907e-18 0 1.20617e-17 0 6.30432e-17 0 2.12289e-16 0 5.58924e-16 0 1.2261e-15 0 2.39474e-15 0 4.28823e-15 0 7.10014e-15 0 1.11167e-14 0 1.6657e-14 0 2.39614e-14 0 3.36606e-14 0 4.56017e-14 0 6.09441e-14 0 7.93326e-14 0 1.0139e-13 0 1.28161e-13 0 1.59285e-13 0
26.0832 1.14728e-10 1.14694e-10 3.36185e-14 0.000293028 0.000822571 3.6625e-22 0 5.35285e-20 0 4.40716e-18 0 4.58069e-17 0 2.20849e-16 0 7.00876e-16 0 1.76011e-15 0 3.71581e-15 0 7.02413e-15 0 1.22253e-14 0 1.97495e-14 0 3.02522e-14 0 4.4443e-14 0 6.28071e-14 0 8.67786e-14 0 1.15833e-13 0 1.52628e-13 0 1.96139e-13 0 2.47689e-13 0 3.09525e-13 0 3.80634e-13 0
27.4221 1.02258e-10 1.0223e-10 2.7782e-14 0.000271685 0.000776948 2.2735e-21 0 2.605e-19 0 1.72924e-17 0 1.60318e-16 0 7.15803e-16 0 2.14709e-15 0 5.15495e-15 0 1.04929e-14 0 1.92279e-14 0 3.25723e-14 0 5.14014e-14 0 7.71143e-14 0 1.1118e-13 0 1.54489e-13 0 2.10109e-13 0 2.7653e-13 0 3.59496e-13 0 4.56357e-13 0 5.69771e-13 0 7.0431e-13 0 8.57414e-13 0
28.8297 9.11598e-11 9.11369e-11 2.28879e-14 0.000251074 0.000731713 1.26832e-20 0 1.15294e-18 0 6.23584e-17 0 5.18567e-16 0 2.15223e-15 0 6.11863e-15 0 1.40752e-14 0 2.7673e-14 0 4.92324e-14 0 8.12812e-14 0 1.25442e-13 0 1.84503e-13 0 2.61298e-13 0 3.57299e-13 0 4.78696e-13 0 6.2163e-13 0 7.97849e-13 0 1.00109e-12 0 1.23641e-12 0 1.51262e-12 0 1.82384e-12 0
30.3095 8.13393e-11 8.13204e-11 1.88282e-14 0.000231477 0.000688874 6.39677e-20 0 4.66567e-18 0 2.07676e-16 0 1.55733e-15 0 6.0296e-15 0 1.62892e-14 0 3.5978e-14 0 6.84388e-14 0 1.18381e-13 0 1.90717e-13 0 2.88166e-13 0 4.1593e-13 0 5.79127e-13 0 7.79893e-13 0 1.03006e-12 0 1.32067e-12 0 1.67452e-12 0 2.07793e-12 0 2.54005e-12 0 3.07706e-12 0 3.67641e-12 0
31.8653 7.25843e-11 7.25688e-11 1.54624e-14 0.000213027 0.000646569 2.92891e-19 0 1.73262e-17 0 6.4075e-16 0 4.35476e-15 0 1.57822e-14 0 4.06167e-14 0 8.63058e-14 0 1.591e-13 0 2.67936e-13 0 4.21722e-13 0 6.24493e-13 0 8.85368e-13 0 1.213e-12 0 1.60994e-12 0 2.09767e-12 0 2.65705e-12 0 3.33014e-12 0 4.08908e-12 0 4.94971e-12 0 5.94027e-12 0 7.03592e-12 0
33.5009 6.48065e-11 6.47939e-11 1.26899e-14 0.000195812 0.000607149 1.22378e-18 0 5.93174e-17 0 1.83913e-15 0 1.13829e-14 0 3.87395e-14 0 9.52023e-14 0 1.94985e-13 0 3.48869e-13 0 5.72757e-13 0 8.81757e-13 0 1.28093e-12 0 1.78534e-12 0 2.40868e-12 0 3.15302e-12 0 4.05548e-12 0 5.078e-12 0 6.29459e-12 0 7.65204e-12 0 9.1766e-12 0 1.09154e-11 0 1.28223e-11 0
35.2205 5.78801e-11 5.78697e-11 1.04048e-14 0.000179765 0.000566234 4.68601e-18 0 1.87928e-16 0 4.92726e-15 0 2.78994e-14 0 8.94386e-14 0 2.10355e-13 0 4.16011e-13 0 7.23487e-13 0 1.15938e-12 0 1.74766e-12 0 2.49296e-12 0 3.41876e-12 0 4.54546e-12 0 5.8724e-12 0 7.46095e-12 0 9.2401e-12 0 1.13344e-11 0 1.36479e-11 0 1.62225e-11 0 1.91336e-11 0 2.23002e-11 0
37.0284 5.17454e-11 5.17369e-11 8.52455e-15 0.00016474 0.000528305 1.65258e-17 0 5.53448e-16 0 1.23717e-14 0 6.43655e-14 0 1.94931e-13 0 4.3972e-13 0 8.4114e-13 0 1.42384e-12 0 2.22975e-12 0 3.29446e-12 0 4.61861e-12 0 6.23692e-12 0 8.17785e-12 0 1.04339e-11 0 1.31023e-11 0 1.60581e-11 0 1.95022e-11 0 2.3271e-11 0 2.74285e-11 0 3.20909e-11 0 3.71232e-11 0
38.9291 4.62681e-11 4.62611e-11 6.9803e-15 0.000150866 0.000493381 5.38495e-17 0 1.5193e-15 0 2.91819e-14 0 1.40078e-13 0 4.01887e-13 0 8.71261e-13 0 1.61468e-12 0 2.6639e-12 0 4.08136e-12 0 5.91637e-12 0 8.15865e-12 0 1.08569e-11 0 1.40485e-11 0 1.77122e-11 0 2.19961e-11 0 2.66919e-11 0 3.21106e-11 0 3.79868e-11 0 4.44155e-11 0 5.15686e-11 0 5.92326e-11 0
40.9273 4.13922e-11 4.13865e-11 5.71537e-15 0.000138078 0.000461211 1.62818e-16 0 3.90253e-15 0 6.48862e-14 0 2.88501e-13 0 7.86198e-13 0 1.64123e-12 0 2.95139e-12 0 4.75163e-12 0 7.12988e-12 0 1.01499e-11 0 1.37787e-11 0 1.80817e-11 0 2.31046e-11 0 2.88022e-11 0 3.5392e-11 0 4.25438e-11 0 5.07209e-11 0 5.95124e-11 0 6.90549e-11 0 7.95937e-11 0 9.08064e-11 0
43.0281 3.70493e-11 3.70446e-11 4.67637e-15 0.00012622 0.000430327 4.58476e-16 0 9.41025e-15 0 1.36396e-13 0 5.63845e-13 0 1.46315e-12 0 2.94659e-12 0 5.14912e-12 0 8.09937e-12 0 1.19148e-11 0 1.66715e-11 0 2.22968e-11 0 2.88742e-11 0 3.64563e-11 0 4.49599e-11 0 5.46936e-11 0 6.51576e-11 0 7.70172e-11 0 8.96642e-11 0 1.03289e-10 0 1.18229e-10 0 1.3402e-10 0
45.2368 3.31838e-11 3.318e-11 3.82594e-15 0.000115295 0.000401441 1.20672e-15 0 2.13708e-14 0 2.71849e-13 0 1.04856e-12 0 2.59717e-12 0 5.05461e-12 0 8.5954e-12 0 1.32245e-11 0 1.9091e-11 0 2.62782e-11 0 3.46496e-11 0 4.43083e-11 0 5.53099e-11 0 6.75165e-11 0 8.13516e-11 0 9.6091e-11 0 1.12657e-10 0 1.30187e-10 0 1.48936e-10 0 1.69359e-10 0 1.90807e-10 0
47.5588 2.97531e-11 2.97499e-11 3.12974e-15 0.00010519 0.000373394 2.97984e-15 0 4.58632e-14 0 5.15281e-13 0 1.86074e-12 0 4.40921e-12 0 8.30671e-12 0 1.37642e-11 0 2.07361e-11 0 2.94031e-11 0 3.98459e-11 0 5.1835e-11 0 6.54931e-11 0 8.08743e-11 0 9.77664e-11 0 1.16733e-10 0 1.36766e-10 0 1.59105e-10 0 1.82568e-10 0 2.07494e-10 0 2.34471e-10 0 2.6263e-10 0
50 2.66661e-11 2.66636e-11 2.55933e-15 9.59767e-05 0.000347438 6.91533e-15 0 9.31357e-14 0 9.29829e-13 0 3.15368e-12 0 7.16473e-12 0 1.30869e-11 0 2.11568e-11 0 3.1242e-11 0 4.35511e-11 0 5.81496e-11 0 7.46806e-11 0 9.3287e-11 0 1.14015e-10 0 1.36559e-10 0 1.61646e-10 0 1.87928e-10 0 2.17014e-10 0 2.4735e-10 0 2.7937e-10 0 3.13813e-10 0 3.49561e-10 0
52.5665 2.39193e-11 2.39172e-11 2.09303e-15 8.75039e-05 0.000322359 1.51465e-14 0 1.79672e-13 0 1.60316e-12 0 5.12264e-12 0 1.11809e-11 0 1.98308e-11 0 3.13161e-11 0 4.53723e-11 0 6.22312e-11 0 8.19267e-11 0 1.0394e-10 0 1.28433e-10 0 1.55441e-10 0 1.84543e-10 0 2.16653e-10 0 2.50033e-10 0 2.8671e-10 0 3.24708e-10 0 3.64568e-10 0 4.07198e-10 0 4.51201e-10 0
55.2648 2.14705e-11 2.14688e-11 1.7114e-15 7.97091e-05 0.000298627 3.13965e-14 0 3.30067e-13 0 2.64663e-12 0 7.99056e-12 0 1.67884e-11 0 2.8955e-11 0 4.4716e-11 0 6.36244e-11 0 8.59293e-11 0 1.11616e-10 0 1.39971e-10 0 1.71178e-10 0 2.05253e-10 0 2.41647e-10 0 2.8148e-10 0 3.22584e-10 0 3.67439e-10 0 4.13616e-10 0 4.61773e-10 0 5.12991e-10 0 5.65586e-10 0
58.1015 1.9274e-11 1.92726e-11 1.39949e-15 7.26103e-05 0.000276201 6.17208e-14 0 5.78453e-13 0 4.19003e-12 0 1.19859e-11 0 2.42863e-11 0 4.07867e-11 0 6.16655e-11 0 8.62434e-11 0 1.14781e-10 0 1.47202e-10 0 1.82567e-10 0 2.21088e-10 0 2.62759e-10 0 3.06894e-10 0 3.5483e-10 0 4.03948e-10 0 4.57201e-10 0 5.11692e-10 0 5.68205e-10 0 6.27996e-10 0 6.89091e-10 0
61.0839 1.73178e-11 1.73166e-11 1.14432e-15 6.60775e-05 0.000254916 1.15464e-13 0 9.70135e-13 0 6.37963e-12 0 1.73366e-11 0 3.39375e-11 0 5.55704e-11 0 8.23386e-11 0 1.13285e-10 0 1.48682e-10 0 1.88376e-10 0 2.31191e-10 0 2.77366e-10 0 3.26877e-10 0 3.789e-10 0 4.34989e-10 0 4.92079e-10 0 5.53595e-10 0 6.16178e-10 0 6.80741e-10 0 7.48708e-10 0 8.17832e-10 0
64.2193 1.55645e-11 1.55635e-11 9.35633e-16 6.01134e-05 0.000234905 2.05932e-13 0 1.55947e-12 0 9.35416e-12 0 2.4209e-11 0 4.58617e-11 0 7.3309e-11 0 1.06557e-10 0 1.4434e-10 0 1.86941e-10 0 2.34129e-10 0 2.84484e-10 0 3.38284e-10 0 3.95485e-10 0 4.55133e-10 0 5.18998e-10 0 5.83591e-10 0 6.52782e-10 0 7.22791e-10 0 7.9465e-10 0 8.69941e-10 0 9.4617e-10 0
67.5157 1.39981e-11 1.39974e-11 7.64972e-16 5.46481e-05 0.000216067 3.5112e-13 0 2.4087e-12 0 1.3238e-11 0 3.27063e-11 0 6.00562e-11 0 9.38254e-11 0 1.3391e-10 0 1.78725e-10 0 2.28571e-10 0 2.83139e-10 0 3.40779e-10 0 4.01812e-10 0 4.66187e-10 0 5.32833e-10 0 6.03721e-10 0 6.74982e-10 0 7.50892e-10 0 8.27299e-10 0 9.05352e-10 0 9.86762e-10 0 1.06884e-09 0
70.9813 1.25933e-11 1.25927e-11 6.25522e-16 4.96711e-05 0.000198425 5.73391e-13 0 3.58051e-12 0 1.81073e-11 0 4.2804e-11 0 7.63003e-11 0 1.16635e-10 0 1.63599e-10 0 2.15294e-10 0 2.72053e-10 0 3.33498e-10 0 3.97776e-10 0 4.65262e-10 0 5.35902e-10 0 6.08533e-10 0 6.85302e-10 0 7.62033e-10 0 8.43337e-10 0 9.24768e-10 0 1.00758e-09 0 1.09358e-09 0 1.17993e-09 0
74.6248 1.13376e-11 1.13371e-11 5.11476e-16 4.51133e-05 0.000181881 8.99106e-13 0 5.13411e-12 0 2.39888e-11 0 5.43748e-11 0 9.42288e-11 0 1.41088e-10 0 1.94656e-10 0 2.52754e-10 0 3.15762e-10 0 3.83252e-10 0 4.53204e-10 0 5.26056e-10 0 6.01762e-10 0 6.79096e-10 0 7.60347e-10 0 8.41115e-10 0 9.26265e-10 0 1.01115e-09 0 1.09709e-09 0 1.18599e-09 0 1.27491e-09 0
78.4553 1.02131e-11 1.02127e-11 4.18265e-16 4.09538e-05 0.00016653 1.35629e-12 0 7.11321e-12 0 3.08262e-11 0 6.71366e-11 0 1.13263e-10 0 1.66279e-10 0 2.25837e-10 0 2.89527e-10 0 3.57795e-10 0 4.30184e-10 0 5.04559e-10 0 5.81424e-10 0 6.6075e-10 0 7.41281e-10 0 8.25412e-10 0 9.08608e-10 0 9.95898e-10 0 1.08253e-09 0 1.16988e-09 0 1.25988e-09 0 1.34957e-09 0
82.4824 9.20338e-12 9.20304e-12 3.42095e-16 3.71705e-05 0.000152292 1.97156e-12 0 9.53636e-12 0 3.8472e-11 0 8.06645e-11 0 1.32656e-10 0 1.91134e-10 0 2.55744e-10 0 3.23919e-10 0 3.96184e-10 0 4.72078e-10 0 5.49408e-10 0 6.28743e-10 0 7.10084e-10 0 7.92175e-10 0 8.77473e-10 0 9.61408e-10 0 1.04907e-09 0 1.1357e-09 0 1.22272e-09 0 1.31204e-09 0 1.40075e-09 0
86.7162 8.2972e-12 8.29692e-12 2.79806e-16 3.37229e-05 0.000139086 2.76703e-12 0 1.23927e-11 0 4.6704e-11 0 9.4449e-11 0 1.51599e-10 0 2.14571e-10 0 2.83054e-10 0 3.54401e-10 0 4.29231e-10 0 5.07104e-10 0 5.85825e-10 0 6.66026e-10 0 7.47747e-10 0 8.29759e-10 0 9.14539e-10 0 9.97574e-10 0 1.08392e-09 0 1.16891e-09 0 1.25396e-09 0 1.34096e-09 0 1.42708e-09 0
91.1674 7.48528e-12 7.48506e-12 2.28853e-16 3.05737e-05 0.000126897 3.75681e-12 0 1.5638e-11 0 5.52386e-11 0 1.07934e-10 0 1.69291e-10 0 2.35585e-10 0 3.06606e-10 0 3.79707e-10 0 4.55607e-10 0 5.33911e-10 0 6.12474e-10 0 6.91988e-10 0 7.72531e-10 0 8.52932e-10 0 9.35642e-10 0 1.01629e-09 0 1.09981e-09 0 1.1817e-09 0 1.26336e-09 0 1.34662e-09 0 1.42878e-09 0
95.847 6.75631e-12 6.75612e-12 1.87189e-16 2.77058e-05 0.000115671 4.94168e-12 0 1.91866e-11 0 6.37251e-11 0 1.20513e-10 0 1.84916e-10 0 2.53216e-10 0 3.25348e-10 0 3.98742e-10 0 4.74221e-10 0 5.51452e-10 0 6.28385e-10 0 7.05764e-10 0 7.83704e-10 0 8.61117e-10 0 9.40384e-10 0 1.01735e-09 0 1.09675e-09 0 1.17431e-09 0 1.2514e-09 0 1.32975e-09 0 1.40684e-09 0
100.767 6.10092e-12 6.10077e-12 1.531e-16 2.50946e-05 0.000105347 6.30702e-12 0 2.29186e-11 0 7.17894e-11 0 1.31609e-10 0 1.97771e-10 0 2.66703e-10 0 3.38521e-10 0 4.108e-10 0 4.84459e-10 0 5.59242e-10 0 6.33231e-10 0 7.07208e-10 0 7.81327e-10 0 8.54591e-10 0 9.29283e-10 0 1.00151e-09 0 1.07576e-09 0 1.14803e-09 0 1.21964e-09 0 1.2922e-09 0 1.36339e-09 0
105.939 5.51192e-12 5.51179e-12 1.25264e-16 2.27261e-05 9.58477e-05 7.82263e-12 0 2.6691e-11 0 7.90757e-11 0 1.40746e-10 0 2.07346e-10 0 2.75576e-10 0 3.4575e-10 0 4.15645e-10 0 4.86263e-10 0 5.57427e-10 0 6.27385e-10 0 6.96938e-10 0 7.66273e-10 0 8.34498e-10 0 9.03764e-10 0 9.70496e-10 0 1.03884e-09 0 1.10517e-09 0 1.17068e-09 0 1.23687e-09 0 1.30165e-09 0
111.377 4.98211e-12 4.98201e-12 1.0247e-16 2.05677e-05 8.71738e-05 9.4419e-12 0 3.0343e-11 0 8.52574e-11 0 1.47546e-10 0 2.13304e-10 0 2.796e-10 0 3.46955e-10 0 4.13384e-10 0 4.79954e-10 0 5.46568e-10 0 6.11655e-10 0 6.76019e-10 0 7.39876e-10 0 8.02442e-10 0 8.65713e-10 0 9.2645e-10 0 9.88452e-10 0 1.04843e-09 0 1.10751e-09 0 1.16705e-09 0 1.22517e-09 0
117.094 4.50532e-12 4.50524e-12 8.38325e-17 1.86074e-05 7.9252e-05 1.11054e-11 0 3.37127e-11 0 9.00733e-11 0 1.51774e-10 0 2.1552e-10 0 2.78819e-10 0 3.42384e-10 0 4.04493e-10 0 4.66253e-10 0 5.27643e-10 0 5.8728e-10 0 6.45957e-10 0 7.0391e-10 0 7.6046e-10 0 8.17434e-10 0 8.71942e-10 0 9.27411e-10 0 9.80916e-10 0 1.03347e-09 0 1.08631e-09 0 1.13776e-09 0
123.105 4.07676e-12 4.07669e-12 6.85979e-17 1.68266e-05 7.19954e-05 1.2747e-11 0 3.66559e-11 0 9.33589e-11 0 1.5337e-10 0 2.14112e-10 0 2.73563e-10 0 3.32611e-10 0 3.89797e-10 0 4.46245e-10 0 5.02003e-10 0 5.55873e-10 0 6.08624e-10 0 6.60501e-10 0 7.10928e-10 0 7.61556e-10 0 8.09836e-10 0 8.58823e-10 0 9.05945e-10 0 9.52117e-10 0 9.98423e-10 0 1.04341e-09 0
129.424 3.69089e-12 3.69083e-12 5.6115e-17 1.52037e-05 6.53852e-05 1.42944e-11 0 3.90423e-11 0 9.50144e-11 0 1.52373e-10 0 2.09312e-10 0 2.64283e-10 0 3.18313e-10 0 3.70204e-10 0 4.21071e-10 0 4.71016e-10 0 5.19023e-10 0 5.65819e-10 0 6.11655e-10 0 6.5605e-10 0 7.00473e-10 0 7.42709e-10 0 7.85443e-10 0 8.26445e-10 0 8.66524e-10 0 9.06629e-10 0 9.45515e-10 0
136.067 3.34282e-12 3.34278e-12 4.59213e-17 1.37373e-05 5.937e-05 1.56767e-11 0 4.07722e-11 0 9.50263e-11 0 1.48945e-10 0 2.01489e-10 0 2.51565e-10 0 3.003e-10 0 3.46735e-10 0 3.91956e-10 0 4.3611e-10 0 4.78342e-10 0 5.19336e-10 0 5.59335e-10 0 5.97944e-10 0 6.36458e-10 0 6.72971e-10 0 7.09819e-10 0 7.45086e-10 0 7.79484e-10 0 8.13831e-10 0 8.47067e-10 0
143.051 3.02974e-12 3.0297e-12 3.75724e-17 1.24012e-05 5.38621e-05 1.68386e-11 0 4.18028e-11 0 9.3509e-11 0 1.43419e-10 0 1.91211e-10 0 2.36204e-10 0 2.79584e-10 0 3.20611e-10 0 3.60317e-10 0 3.98881e-10 0 4.35598e-10 0 4.71095e-10 0 5.05608e-10 0 5.38814e-10 0 5.71841e-10 0 6.03069e-10 0 6.34505e-10 0 6.64524e-10 0 6.93741e-10 0 7.22858e-10 0 7.50981e-10 0
150.394 2.7466e-12 2.74657e-12 3.07472e-17 1.11947e-05 4.88618e-05 1.77241e-11 0 4.2098e-11 0 9.05687e-11 0 1.36077e-10 0 1.78938e-10 0 2.18823e-10 0 2.56942e-10 0 2.92738e-10 0 3.27182e-10 0 3.60467e-10 0 3.92023e-10 0 4.22414e-10 0 4.51864e-10 0 4.80113e-10 0 5.08132e-10 0 5.34559e-10 0 5.61101e-10 0 5.86391e-10 0 6.10958e-10 0 6.35395e-10 0 6.58957e-10 0
158.114 2.49123e-12 2.4912e-12 2.51647e-17 1.01013e-05 4.43027e-05 1.83065e-11 0 4.16928e-11 0 8.64388e-11 0 1.27359e-10 0 1.65301e-10 0 2.00223e-10 0 2.33323e-10 0 2.64201e-10 0 2.9375e-10 0 3.22171e-10 0 3.49005e-10 0 3.74758e-10 0 3.99635e-10 0 4.2343e-10 0 4.4697e-10 0 4.6912e-10 0 4.91319e-10 0 5.12428e-10 0 5.32895e-10 0 5.5322e-10 0 5.72784e-10 0
166.23 2.26092e-12 2.2609e-12 2.05952e-17 9.10923e-06 4.01686e-05 1.85726e-11 0 4.06449e-11 0 8.13599e-11 0 1.17677e-10 0 1.50856e-10 0 1.81082e-10 0 2.09508e-10 0 2.3586e-10 0 2.60948e-10 0 2.84972e-10 0 3.07569e-10 0 3.29183e-10 0 3.50001e-10 0 3.6986e-10 0 3.8946e-10 0 4.07861e-10 0 4.26265e-10 0 4.43733e-10 0 4.60641e-10 0 4.77404e-10 0 4.93515e-10 0
174.763 2.05283e-12 2.05281e-12 1.68549e-17 8.2106e-06 3.64193e-05 1.85231e-11 0 3.90304e-11 0 7.5571e-11 0 1.07405e-10 0 1.36085e-10 0 1.6196e-10 0 1.86116e-10 0 2.08379e-10 0 2.29472e-10 0 2.49587e-10 0 2.68439e-10 0 2.86417e-10 0 3.03683e-10 0 3.20114e-10 0 3.36294e-10 0 3.51452e-10 0 3.66585e-10 0 3.80923e-10 0 3.94779e-10 0 4.08495e-10 0 4.21659e-10 0
183.733 1.86542e-12 1.8654e-12 1.37923e-17 7.39369e-06 3.30024e-05 1.81833e-11 0 3.69624e-11 0 6.93455e-11 0 9.69354e-11 0 1.21468e-10 0 1.43399e-10 0 1.63734e-10 0 1.82372e-10 0 1.99951e-10 0 2.1665e-10 0 2.32249e-10 0 2.47081e-10 0 2.61289e-10 0 2.74779e-10 0 2.88034e-10 0 3.0043e-10 0 3.12782e-10 0 3.24467e-10 0 3.35741e-10 0 3.46886e-10 0 3.57569e-10 0
193.164 1.69532e-12 1.69531e-12 1.12883e-17 6.6585e-06 2.99097e-05 1.75716e-11 0 3.45228e-11 0 6.28633e-11 0 8.65062e-11 0 1.07271e-10 0 1.25677e-10 0 1.42632e-10 0 1.58093e-10 0 1.72614e-10 0 1.86359e-10 0 1.99159e-10 0 2.11296e-10 0 2.22894e-10 0 2.33883e-10 0 2.44659e-10 0 2.54718e-10 0 2.64726e-10 0 2.74178e-10 0 2.83286e-10 0 2.92278e-10 0 3.00886e-10 0
203.079 1.54151e-12 1.5415e-12 9.24107e-18 5.9948e-06 2.7106e-05 1.67361e-11 0 3.18367e-11 0 5.63571e-11 0 7.64117e-11 0 9.3822e-11 0 1.09131e-10 0 1.2315e-10 0 1.35871e-10 0 1.47772e-10 0 1.58999e-10 0 1.69424e-10 0 1.79284e-10 0 1.88686e-10 0 1.97575e-10 0 2.06277e-10 0 2.14386e-10 0 2.22442e-10 0 2.3004e-10 0 2.37351e-10 0 2.44561e-10 0 2.51455e-10 0
213.503 1.40285e-12 1.40284e-12 7.56212e-18 5.39056e-06 2.45601e-05 1.57284e-11 0 2.90188e-11 0 5.00145e-11 0 6.68693e-11 0 8.13437e-11 0 9.39767e-11 0 1.05479e-10 0 1.15871e-10 0 1.25558e-10 0 1.34667e-10 0 1.43102e-10 0 1.51062e-10 0 1.58636e-10 0 1.65783e-10 0 1.72769e-10 0 1.79268e-10 0 1.85715e-10 0 1.91788e-10 0 1.97626e-10 0 2.03375e-10 0 2.08867e-10 0
224.463 1.27668e-12 1.27668e-12 6.19118e-18 4.84943e-06 2.22529e-05 1.45838e-11 0 2.61394e-11 0 4.39287e-11 0 5.79617e-11 0 6.98913e-11 0 8.02307e-11 0 8.95957e-11 0 9.80215e-11 0 1.05848e-10 0 1.13187e-10 0 1.19966e-10 0 1.26349e-10 0 1.32411e-10 0 1.38122e-10 0 1.43694e-10 0 1.48872e-10 0 1.54001e-10 0 1.58827e-10 0 1.6346e-10 0 1.68018e-10 0 1.72369e-10 0
235.984 1.16289e-12 1.16288e-12 5.06743e-18 4.35762e-06 2.01605e-05 1.33628e-11 0 2.3304e-11 0 3.82412e-11 0 4.98327e-11 0 5.95938e-11 0 6.7999e-11 0 7.5575e-11 0 8.23649e-11 0 8.8652e-11 0 9.45314e-11 0 9.99497e-11 0 1.05041e-10 0 1.09868e-10 0 1.14408e-10 0 1.18832e-10 0 1.22936e-10 0 1.26998e-10 0 1.30815e-10 0 1.34475e-10 0 1.38074e-10 0 1.41505e-10 0
248.097 1.0598e-12 1.05979e-12 4.1477e-18 3.91367e-06 1.82755e-05 1.21033e-11 0 2.05684e-11 0 3.30015e-11 0 4.25029e-11 0 5.04337e-11 0 5.72217e-11 0 6.33123e-11 0 6.87515e-11 0 7.3773e-11 0 7.84573e-11 0 8.27649e-11 0 8.68053e-11 0 9.06293e-11 0 9.42208e-11 0 9.77153e-11 0 1.00954e-10 0 1.04155e-10 0 1.0716e-10 0 1.1004e-10 0 1.12868e-10 0 1.15562e-10 0
260.832 9.66067e-13 9.66064e-13 3.3951e-18 3.51435e-06 1.65564e-05 1.08405e-11 0 1.79777e-11 0 2.82395e-11 0 3.59702e-11 0 4.23701e-11 0 4.78172e-11 0 5.26843e-11 0 5.70163e-11 0 6.10049e-11 0 6.47169e-11 0 6.81238e-11 0 7.13138e-11 0 7.43283e-11 0 7.71558e-11 0 7.99035e-11 0 8.24472e-11 0 8.49587e-11 0 8.73143e-11 0 8.95695e-11 0 9.17825e-11 0 9.38892e-11 0
274.221 8.81243e-13 8.8124e-13 2.77914e-18 3.15367e-06 1.49885e-05 9.61196e-12 0 1.55769e-11 0 2.39842e-11 0 3.02339e-11 0 3.53686e-11 0 3.9716e-11 0 4.35855e-11 0 4.70191e-11 0 5.01725e-11 0 5.3101e-11 0 5.57839e-11 0 5.8292e-11 0 6.06588e-11 0 6.28759e-11 0 6.50281e-11 0 6.70184e-11 0 6.89817e-11 0 7.08215e-11 0 7.25814e-11 0 7.43072e-11 0 7.59489e-11 0
288.297 8.04209e-13 8.04207e-13 2.27518e-18 2.82908e-06 1.35607e-05 8.43981e-12 0 1.33831e-11 0 2.02223e-11 0 2.52437e-11 0 2.93401e-11 0 3.27918e-11 0 3.5853e-11 0 3.85617e-11 0 4.10436e-11 0 4.3344e-11 0 4.54479e-11 0 4.74118e-11 0 4.92628e-11 0 5.09947e-11 0 5.2674e-11 0 5.42256e-11 0 5.57549e-11 0 5.71867e-11 0 5.85554e-11 0 5.98966e-11 0 6.11717e-11 0
303.095 7.34315e-13 7.34313e-13 1.86257e-18 2.53647e-06 1.22687e-05 7.34374e-12 0 1.14087e-11 0 1.69366e-11 0 2.09486e-11 0 2.42003e-11 0 2.69281e-11 0 2.93392e-11 0 3.14672e-11 0 3.34128e-11 0 3.52129e-11 0 3.68566e-11 0 3.8389e-11 0 3.98315e-11 0 4.11797e-11 0 4.24859e-11 0 4.36916e-11 0 4.48789e-11 0 4.59899e-11 0 4.70511e-11 0 4.80904e-11 0 4.90778e-11 0
318.653 6.70684e-13 6.70682e-13 1.52483e-18 2.27354e-06 1.10973e-05 6.33411e-12 0 9.65214e-12 0 1.40924e-11 0 1.72807e-11 0 1.98493e-11 0 2.19952e-11 0 2.38862e-11 0 2.55511e-11 0 2.70704e-11 0 2.84737e-11 0 2.97533e-11 0 3.09448e-11 0 3.20651e-11 0 3.31112e-11 0 3.41237e-11 0 3.50577e-11 0 3.59767e-11 0 3.68361e-11 0 3.76565e-11 0 3.84594e-11 0 3.92218e-11 0
335.009 6.13165e-13 6.13164e-13 1.24846e-18 2.03609e-06 1.00368e-05 5.42212e-12 0 8.11366e-12 0 1.16623e-11 0 1.41853e-11 0 1.62066e-11 0 1.78889e-11 0 1.93673e-11 0 2.0666e-11 0 2.1849e-11 0 2.294e-11 0 2.39335e-11 0 2.48575e-11 0 2.57255e-11 0 2.65353e-11 0 2.73185e-11 0 2.80403e-11 0 2.87502e-11 0 2.94135e-11 0 3.00464e-11 0 3.06655e-11 0 3.12532e-11 0
352.205 5.60773e-13 5.60772e-13 1.02214e-18 1.82273e-06 9.07733e-06 4.60585e-12 0 6.77543e-12 0 9.5967e-12 0 1.15843e-11 0 1.31685e-11 0 1.44825e-11 0 1.56342e-11 0 1.66439e-11 0 1.75621e-11 0 1.84077e-11 0 1.91769e-11 0 1.98915e-11 0 2.05621e-11 0 2.11873e-11 0 2.17915e-11 0 2.2348e-11 0 2.28949e-11 0 2.34057e-11 0 2.38928e-11 0 2.4369e-11 0 2.48208e-11 0
370.284 5.13102e-13 5.13101e-13 8.36841e-19 1.63095e-06 8.21028e-06 3.88481e-12 0 5.62369e-12 0 7.85621e-12 0 9.41587e-12 0 1.06531e-11 0 1.1676e-11 0 1.25705e-11 0 1.33532e-11 0 1.40639e-11 0 1.47176e-11 0 1.53115e-11 0 1.58628e-11 0 1.63798e-11 0 1.68613e-11 0 1.73263e-11 0 1.77544e-11 0 1.81749e-11 0 1.85674e-11 0 1.89415e-11 0 1.93071e-11 0 1.96539e-11 0
389.291 4.69408e-13 4.69407e-13 6.85238e-19 1.45979e-06 7.42542e-06 3.25289e-12 0 4.6384e-12 0 6.39639e-12 0 7.61503e-12 0 8.57756e-12 0 9.37103e-12 0 1.00634e-11 0 1.06682e-11 0 1.12165e-11 0 1.17204e-11 0 1.21777e-11 0 1.26018e-11 0 1.29991e-11 0 1.3369e-11 0 1.3726e-11 0 1.40545e-11 0 1.4377e-11 0 1.46778e-11 0 1.49644e-11 0 1.52445e-11 0 1.55099e-11 0
409.273 4.30014e-13 4.30013e-13 5.61084e-19 1.3048e-06 6.71487e-06 2.70926e-12 0 3.80885e-12 0 5.18899e-12 0 6.13889e-12 0 6.88617e-12 0 7.50055e-12 0 8.03555e-12 0 8.50219e-12 0 8.92477e-12 0 9.31258e-12 0 9.66426e-12 0 9.99015e-12 0 1.02953e-11 0 1.05792e-11 0 1.0853e-11 0 1.11048e-11 0 1.13519e-11 0 1.15823e-11 0 1.18017e-11 0 1.2016e-11 0 1.22191e-11 0
430.281 3.94104e-13 3.94104e-13 4.59341e-19 1.16553e-06 6.0717e-06 2.24337e-12 0 3.11218e-12 0 4.19182e-12 0 4.93003e-12 0 5.50866e-12 0 5.98322e-12 0 6.39571e-12 0 6.75498e-12 0 7.07995e-12 0 7.37789e-12 0 7.64785e-12 0 7.89783e-12 0 8.13175e-12 0 8.34923e-12 0 8.55891e-12 0 8.75163e-12 0 8.94066e-12 0 9.11687e-12 0 9.28465e-12 0 9.44842e-12 0 9.60358e-12 0
452.368 3.61222e-13 3.61222e-13 3.76116e-19 1.04123e-06 5.49111e-06 1.84681e-12 0 2.53025e-12 0 3.37176e-12 0 3.9437e-12 0 4.3905e-12 0 4.75611e-12 0 5.07338e-12 0 5.34935e-12 0 5.59872e-12 0 5.82714e-12 0 6.03395e-12 0 6.22532e-12 0 6.4043e-12 0 6.57062e-12 0 6.73089e-12 0 6.87813e-12 0 7.0225e-12 0 7.15704e-12 0 7.28508e-12 0 7.41005e-12 0 7.52839e-12 0
475.588 3.31259e-13 3.31259e-13 3.07961e-19 9.29669e-07 4.96649e-06 1.51275e-12 0 2.04844e-12 0 2.70247e-12 0 3.14454e-12 0 3.48883e-12 0 3.76999e-12 0 4.01359e-12 0 4.22524e-12 0 4.4163e-12 0 4.59116e-12 0 4.74937e-12 0 4.89569e-12 0 5.03245e-12 0 5.15948e-12 0 5.28184e-12 0 5.39422e-12 0 5.50436e-12 0 5.60696e-12 0 5.70459e-12 0 5.79983e-12 0 5.89001e-12 0
500 3.04035e-13 3.04034e-13 2.52148e-19 8.29338e-07 4.49169e-06 1.23373e-12 0 1.65236e-12 0 2.15952e-12 0 2.50059e-12 0 2.76548e-12 0 2.98139e-12 0 3.16821e-12 0 3.33034e-12 0 3.47657e-12 0 3.6103e-12 0 3.73123e-12 0 3.843e-12 0 3.94742e-12 0 4.04437e-12 0 4.13772e-12 0 4.22342e-12 0 4.30739e-12 0 4.38559e-12 0 4.45997e-12 0 4.53253e-12 0 4.60121e-12 0
525.665 2.79053e-13 2.79052e-13 2.06468e-19 7.39891e-07 4.06258e-06 1.0013e-12 0 1.32731e-12 0 1.71948e-12 0 1.98199e-12 0 2.18535e-12 0 2.35083e-12 0 2.49383e-12 0 2.6178e-12 0 2.72953e-12 0 2.83165e-12 0 2.92393e-12 0 3.00918e-12 0 3.08879e-12 0 3.16268e-12 0 3.23379e-12 0 3.29906e-12 0 3.36299e-12 0 3.42252e-12 0 3.47912e-12 0 3.53432e-12 0 3.58656e-12 0
552.648 2.56358e-13 2.56358e-13 1.69067e-19 6.59495e-07 3.67503e-06 8.0969e-13 0 1.06299e-12 0 1.36573e-12 0 1.56752e-12 0 1.72348e-12 0 1.85018e-12 0 1.95955e-12 0 2.05429e-12 0 2.1396e-12 0 2.21753e-12 0 2.28791e-12 0 2.3529e-12 0 2.41357e-12 0 2.46986e-12 0 2.52401e-12 0 2.5737e-12 0 2.62236e-12 0 2.66765e-12 0 2.71072e-12 0 2.7527e-12 0 2.79243e-12 0
581.015 2.35624e-13 2.35624e-13 1.38421e-19 5.87466e-07 3.32439e-06 6.52266e-13 0 8.48598e-13 0 1.08185e-12 0 1.23673e-12 0 1.35618e-12 0 1.45308e-12 0 1.53664e-12 0 1.60896e-12 0 1.67404e-12 0 1.73346e-12 0 1.78709e-12 0 1.8366e-12 0 1.8828e-12 0 1.92565e-12 0 1.96686e-12 0 2.00467e-12 0 2.04168e-12 0 2.07612e-12 0 2.10886e-12 0 2.14078e-12 0 2.17097e-12 0
610.839 2.16672e-13 2.16672e-13 1.13337e-19 5.23081e-07 3.00724e-06 5.23594e-13 0 6.75433e-13 0 8.54847e-13 0 9.7356e-13 0 1.06494e-12 0 1.13897e-12 0 1.20275e-12 0 1.25791e-12 0 1.30752e-12 0 1.35279e-12 0 1.39363e-12 0 1.43132e-12 0 1.46648e-12 0 1.49908e-12 0 1.53042e-12 0 1.55917e-12 0 1.58731e-12 0 1.61349e-12 0 1.63837e-12 0 1.66262e-12 0 1.68555e-12 0
642.193 1.99309e-13 1.99309e-13 9.28024e-20 4.65621e-07 2.72067e-06 4.18859e-13 0 5.36037e-13 0 6.73812e-13 0 7.64681e-13 0 8.34503e-13 0 8.91007e-13 0 9.39641e-13 0 9.81674e-13 0 1.01946e-12 0 1.05392e-12 0 1.085e-12 0 1.11367e-12 0 1.1404e-12 0 1.16519e-12 0 1.18901e-12 0 1.21086e-12 0 1.23224e-12 0 1.25212e-12 0 1.27102e-12 0 1.28943e-12 0 1.30685e-12 0
675.157 1.83428e-13 1.83428e-13 7.59903e-20 4.14279e-07 2.46157e-06 3.34057e-13 0 4.24328e-13 0 5.29989e-13 0 5.99473e-13 0 6.52777e-13 0 6.95869e-13 0 7.32929e-13 0 7.64939e-13 0 7.93699e-13 0 8.19917e-13 0 8.43557e-13 0 8.65356e-13 0 8.85679e-13 0 9.04512e-13 0 9.22615e-13 0 9.39209e-13 0 9.55445e-13 0 9.70546e-13 0 9.84894e-13 0 9.98873e-13 0 1.01209e-12 0
709.813 1.68905e-13 1.68905e-13 6.22167e-20 3.68353e-07 2.22727e-06 2.65689e-13 0 3.35128e-13 0 4.16071e-13 0 4.69158e-13 0 5.09825e-13 0 5.42668e-13 0 5.70894e-13 0 5.9526e-13 0 6.17142e-13 0 6.37083e-13 0 6.55057e-13 0 6.71626e-13 0 6.8707e-13 0 7.01378e-13 0 7.15129e-13 0 7.27731e-13 0 7.4006e-13 0 7.51525e-13 0 7.62417e-13 0 7.73027e-13 0 7.8306e-13 0
746.248 1.55663e-13 1.55662e-13 5.09438e-20 3.27271e-07 2.01509e-06 2.10833e-13 0 2.64193e-13 0 3.26159e-13 0 3.66702e-13 0 3.97719e-13 0 4.22746e-13 0 4.44241e-13 0 4.62786e-13 0 4.79435e-13 0 4.94601e-13 0 5.08267e-13 0 5.20862e-13 0 5.32599e-13 0 5.4347e-13 0 5.53917e-13 0 5.63489e-13 0 5.72852e-13 0 5.81558e-13 0 5.89827e-13 0 5.97882e-13 0 6.05497e-13 0
784.553 1.43464e-13 1.43463e-13 4.17131e-20 2.90757e-07 1.82306e-06 1.66822e-13 0 2.07758e-13 0 2.55133e-13 0 2.86062e-13 0 3.09694e-13 0 3.28748e-13 0 3.45103e-13 0 3.59208e-13 0 3.71864e-13 0 3.8339e-13 0 3.93774e-13 0 4.03342e-13 0 4.12255e-13 0 4.2051e-13 0 4.28441e-13 0 4.35707e-13 0 4.42814e-13 0 4.49421e-13 0 4.55695e-13 0 4.61807e-13 0 4.67584e-13 0
824.824 1.32337e-13 1.32337e-13 3.4152e-20 2.58069e-07 1.64957e-06 1.31754e-13 0 1.63137e-13 0 1.99344e-13 0 2.22935e-13 0 2.4094e-13 0 2.55447e-13 0 2.67892e-13 0 2.7862e-13 0 2.88244e-13 0 2.97005e-13 0 3.04896e-13 0 3.12166e-13 0 3.18937e-13 0 3.25207e-13 0 3.3123e-13 0 3.36747e-13 0 3.42143e-13 0 3.47158e-13 0 3.51921e-13 0 3.5656e-13 0 3.60944e-13 0
867.163 1.22098e-13 1.22098e-13 2.79653e-20 2.2904e-07 1.4928e-06 1.03811e-13 0 1.27842e-13 0 1.55489e-13 0 1.73468e-13 0 1.87178e-13 0 1.98216e-13 0 2.07681e-13 0 2.15837e-13 0 2.23151e-13 0 2.29808e-13 0 2.35803e-13 0 2.41324e-13 0 2.46466e-13 0 2.51227e-13 0 2.55799e-13 0 2.59987e-13 0 2.64082e-13 0 2.67888e-13 0 2.71502e-13 0 2.75022e-13 0 2.78349e-13 0
911.674 1.12738e-13 1.12738e-13 2.28969e-20 2.03098e-07 1.35102e-06 8.16615e-14 0 1.00053e-13 0 1.21157e-13 0 1.3486e-13 0 1.45299e-13 0 1.53698e-13 0 1.60897e-13 0 1.67099e-13 0 1.72659e-13 0 1.77718e-13 0 1.82273e-13 0 1.86467e-13 0 1.90373e-13 0 1.93988e-13 0 1.9746e-13 0 2.0064e-13 0 2.03749e-13 0 2.06639e-13 0 2.09382e-13 0 2.12054e-13 0 2.14579e-13 0
958.471 1.04111e-13 1.04111e-13 1.87494e-20 1.80091e-07 1.22281e-06 6.41013e-14 0 7.81623e-14 0 9.426e-14 0 1.04696e-13 0 1.1264e-13 0 1.19028e-13 0 1.24502e-13 0 1.29215e-13 0 1.3344e-13 0 1.37283e-13 0 1.40742e-13 0 1.43928e-13 0 1.46893e-13 0 1.49638e-13 0 1.52274e-13 0 1.54688e-13 0 1.57048e-13 0 1.59241e-13 0 1.61323e-13 0 1.6335e-13 0 1.65266e-13 0
1007.67 9.62317e-14 9.62317e-14 1.53502e-20 1.59513e-07 1.10655e-06 5.02566e-14 0 6.10054e-14 0 7.3285e-14 0 8.12349e-14 0 8.72818e-14 0 9.21424e-14 0 9.63051e-14 0 9.9889e-14 0 1.031e-13 0 1.06021e-13 0 1.0865e-13 0 1.1107e-13 0 1.13323e-13 0 1.15409e-13 0 1.17411e-13 0 1.19244e-13 0 1.21036e-13 0 1.22701e-13 0 1.24282e-13 0 1.25821e-13 0 1.27275e-13 0
1059.39 8.89571e-14 8.89571e-14 1.25704e-20 1.41308e-07 1.00161e-06 3.93272e-14 0 4.75367e-14 0 5.68975e-14 0 6.29502e-14 0 6.7551e-14 0 7.12475e-14 0 7.44122e-14 0 7.71361e-14 0 7.95765e-14 0 8.17958e-14 0 8.37928e-14 0 8.5631e-14 0 8.73421e-14 0 8.89256e-14 0 9.04457e-14 0 9.18376e-14 0 9.31981e-14 0 9.44622e-14 0 9.56622e-14 0 9.68305e-14 0 9.79344e-14 0
1113.77 8.22914e-14 8.22914e-14 1.029e-20 1.25044e-07 9.06514e-07 3.0739e-14 0 3.70082e-14 0 4.4144e-14 0 4.87529e-14 0 5.22541e-14 0 5.5066e-14 0 5.74726e-14 0 5.95436e-14 0 6.13986e-14 0 6.30853e-14 0 6.46029e-14 0 6.59996e-14 0 6.72996e-14 0 6.85025e-14 0 6.96572e-14 0 7.07145e-14 0 7.17477e-14 0 7.27078e-14 0 7.36191e-14 0 7.45063e-14 0 7.53445e-14 0
1170.94 7.61552e-14 7.61552e-14 8.42524e-21 1.10633e-07 8.20243e-07 2.39934e-14 0 2.8779e-14 0 3.42174e-14 0 3.77264e-14 0 4.03906e-14 0 4.25295e-14 0 4.43596e-14 0 4.59341e-14 0 4.73443e-14 0 4.86262e-14 0 4.97795e-14 0 5.08409e-14 0 5.18286e-14 0 5.27425e-14 0 5.36198e-14 0 5.44229e-14 0 5.52077e-14 0 5.5937e-14 0 5.66291e-14 0 5.73029e-14 0 5.79395e-14 0
1231.05 7.05241e-14 7.05241e-14 6.89872e-21 9.78207e-08 7.42496e-07 1.87097e-14 0 2.23626e-14 0 2.65079e-14 0 2.91801e-14 0 3.12078e-14 0 3.28352e-14 0 3.42274e-14 0 3.54249e-14 0 3.64972e-14 0 3.74719e-14 0 3.83487e-14 0 3.91555e-14 0 3.99063e-14 0 4.06009e-14 0 4.12676e-14 0 4.18779e-14 0 4.24743e-14 0 4.30284e-14 0 4.35544e-14 0 4.40663e-14 0 4.455e-14 0
1294.24 6.53375e-14 6.53375e-14 5.64969e-21 8.64693e-08 6.72231e-07 1.45732e-14 0 1.73608e-14 0 2.05201e-14 0 2.2555e-14 0 2.40984e-14 0 2.53368e-14 0 2.63959e-14 0 2.73067e-14 0 2.81222e-14 0 2.88634e-14 0 2.95301e-14 0 3.01435e-14 0 3.07142e-14 0 3.12423e-14 0 3.17491e-14 0 3.2213e-14 0 3.26663e-14 0 3.30874e-14 0 3.34871e-14 0 3.38761e-14 0 3.42437e-14 0
1360.67 6.05534e-14 6.05534e-14 4.62611e-21 7.63972e-08 6.08194e-07 1.13385e-14 0 1.34653e-14 0 1.58729e-14 0 1.74223e-14 0 1.85972e-14 0 1.95395e-14 0 2.03452e-14 0 2.10381e-14 0 2.16583e-14 0 2.2222e-14 0 2.2729e-14 0 2.31954e-14 0 2.36294e-14 0 2.40308e-14 0 2.44161e-14 0 2.47687e-14 0 2.51133e-14 0 2.54334e-14 0 2.57372e-14 0 2.60329e-14 0 2.63123e-14 0
1430.51 5.61653e-14 5.61653e-14 3.7879e-21 6.74419e-08 5.50136e-07 8.81675e-15 0 1.04399e-14 0 1.22753e-14 0 1.34557e-14 0 1.43503e-14 0 1.50678e-14 0 1.56811e-14 0 1.62085e-14 0 1.66805e-14 0 1.71094e-14 0 1.74951e-14 0 1.785e-14 0 1.81801e-14 0 1.84855e-14 0 1.87786e-14 0 1.90469e-14 0 1.9309e-14 0 1.95524e-14 0 1.97835e-14 0 2.00084e-14 0 2.02209e-14 0
1503.94 5.21005e-14 5.21005e-14 3.10174e-21 5.95338e-08 4.97688e-07 6.84768e-15 0 8.08592e-15 0 9.4847e-15 0 1.03838e-14 0 1.1065e-14 0 1.16111e-14 0 1.20779e-14 0 1.24792e-14 0 1.28384e-14 0 1.31647e-14 0 1.34582e-14 0 1.37282e-14 0 1.39793e-14 0 1.42116e-14 0 1.44345e-14 0 1.46386e-14 0 1.48379e-14 0 1.50231e-14 0 1.51988e-14 0 1.53698e-14 0 1.55314e-14 0
1581.14 4.83785e-14 4.83785e-14 2.53972e-21 5.24969e-08 4.50682e-07 5.3172e-15 0 6.26234e-15 0 7.32909e-15 0 8.01437e-15 0 8.53341e-15 0 8.94945e-15 0 9.30502e-15 0 9.61066e-15 0 9.88417e-15 0 1.01327e-14 0 1.03561e-14 0 1.05617e-14 0 1.07529e-14 0 1.09297e-14 0 1.10994e-14 0 1.12547e-14 0 1.14065e-14 0 1.15475e-14 0 1.16812e-14 0 1.18114e-14 0 1.19344e-14 0
1662.3 4.49146e-14 4.49146e-14 2.07982e-21 4.6306e-08 4.08107e-07 4.12333e-15 0 4.84434e-15 0 5.65747e-15 0 6.17956e-15 0 6.57489e-15 0 6.89171e-15 0 7.16245e-15 0 7.39513e-15 0 7.60335e-15 0 7.79252e-15 0 7.9626e-15 0 8.11904e-15 0 8.26456e-15 0 8.39916e-15 0 8.52831e-15 0 8.6465e-15 0 8.76198e-15 0 8.86924e-15 0 8.97103e-15 0 9.07008e-15 0 9.16365e-15 0
1747.63 4.17463e-14 4.17463e-14 1.70298e-21 4.07935e-08 3.69415e-07 3.19768e-15 0 3.74814e-15 0 4.36848e-15 0 4.7666e-15 0 5.06798e-15 0 5.30947e-15 0 5.51581e-15 0 5.69313e-15 0 5.85179e-15 0 5.99593e-15 0 6.12551e-15 0 6.2447e-15 0 6.35557e-15 0 6.45811e-15 0 6.55649e-15 0 6.64653e-15 0 6.73449e-15 0 6.81619e-15 0 6.89372e-15 0 6.96917e-15 0 7.04045e-15 0
1837.33 3.88034e-14 3.88034e-14 1.39453e-21 3.59382e-08 3.34014e-07 2.47742e-15 0 2.89755e-15 0 3.37071e-15 0 3.67424e-15 0 3.90397e-15 0 4.08802e-15 0 4.24526e-15 0 4.38037e-15 0 4.50126e-15 0 4.61108e-15 0 4.7098e-15 0 4.8006e-15 0 4.88506e-15 0 4.96317e-15 0 5.03811e-15 0 5.10669e-15 0 5.1737e-15 0 5.23593e-15 0 5.29498e-15 0 5.35244e-15 0 5.40673e-15 0
1931.64 3.61035e-14 3.61035e-14 1.14203e-21 3.16323e-08 3.02508e-07 1.91943e-15 0 2.24031e-15 0 2.60148e-15 0 2.83308e-15 0 3.00833e-15 0 3.14871e-15 0 3.26864e-15 0 3.37168e-15 0 3.46387e-15 0 3.5476e-15 0 3.62288e-15 0 3.69211e-15 0 3.75651e-15 0 3.81606e-15 0 3.87319e-15 0 3.92548e-15 0 3.97656e-15 0 4.024e-15 0 4.06902e-15 0 4.11283e-15 0 4.15421e-15 0
2030.79 3.35465e-14 3.35465e-14 9.35269e-22 2.78798e-08 2.74113e-07 1.48377e-15 0 1.72846e-15 0 2.00371e-15 0 2.18016e-15 0 2.31365e-15 0 2.42057e-15 0 2.5119e-15 0 2.59037e-15 0 2.66057e-15 0 2.72433e-15 0 2.78164e-15 0 2.83435e-15 0 2.88338e-15 0 2.92872e-15 0 2.97222e-15 0 3.01202e-15 0 3.05091e-15 0 3.08702e-15 0 3.12129e-15 0 3.15464e-15 0 3.18614e-15 0
2135.03 3.10984e-14 3.10984e-14 7.65835e-22 2.46262e-08 2.47162e-07 1.14336e-15 0 1.32946e-15 0 1.53871e-15 0 1.67281e-15 0 1.77425e-15 0 1.85548e-15 0 1.92486e-15 0 1.98447e-15 0 2.03779e-15 0 2.08622e-15 0 2.12976e-15 0 2.16979e-15 0 2.20703e-15 0 2.24146e-15 0 2.2745e-15 0 2.30473e-15 0 2.33426e-15 0 2.36169e-15 0 2.38771e-15 0 2.41303e-15 0 2.43696e-15 0
2244.63 2.88148e-14 2.88148e-14 6.27074e-22 2.17622e-08 2.24626e-07 8.79896e-16 0 1.02134e-15 0 1.18031e-15 0 1.28216e-15 0 1.35919e-15 0 1.42087e-15 0 1.47355e-15 0 1.5188e-15 0 1.55928e-15 0 1.59605e-15 0 1.62909e-15 0 1.65948e-15 0 1.68775e-15 0 1.71389e-15 0 1.73896e-15 0 1.76191e-15 0 1.78432e-15 0 1.80514e-15 0 1.82489e-15 0 1.84411e-15 0 1.86226e-15 0
2359.84 2.67083e-14 2.67083e-14 5.13459e-22 1.92247e-08 2.02584e-07 6.76864e-16 0 7.84386e-16 0 9.05181e-16 0 9.8255e-16 0 1.04106e-15 0 1.0879e-15 0 1.12791e-15 0 1.16227e-15 0 1.19301e-15 0 1.22093e-15 0 1.24602e-15 0 1.2691e-15 0 1.29056e-15 0 1.3104e-15 0 1.32944e-15 0 1.34686e-15 0 1.36388e-15 0 1.37969e-15 0 1.39468e-15 0 1.40927e-15 0 1.42306e-15 0
2480.97 2.47495e-14 2.47495e-14 4.20481e-22 1.69895e-08 1.83754e-07 5.2017e-16 0 6.01868e-16 0 6.93618e-16 0 7.5237e-16 0 7.96793e-16 0 8.32359e-16 0 8.6273e-16 0 8.88819e-16 0 9.12153e-16 0 9.33345e-16 0 9.52392e-16 0 9.69907e-16 0 9.86196e-16 0 1.00126e-15 0 1.01571e-15 0 1.02893e-15 0 1.04185e-15 0 1.05384e-15 0 1.06522e-15 0 1.0763e-15 0 1.08676e-15 0
2608.32 2.29367e-14 2.29367e-14 3.44285e-22 1.50103e-08 1.66009e-07 3.9952e-16 0 4.61592e-16 0 5.3128e-16 0 5.75894e-16 0 6.09624e-16 0 6.36627e-16 0 6.59684e-16 0 6.79489e-16 0 6.97203e-16 0 7.1329e-16 0 7.27749e-16 0 7.41044e-16 0 7.53408e-16 0 7.64841e-16 0 7.75809e-16 0 7.85845e-16 0 7.95648e-16 0 8.04753e-16 0 8.13391e-16 0 8.21797e-16 0 8.29736e-16 0
2742.21 2.12534e-14 2.12534e-14 2.81921e-22 1.32648e-08 1.50432e-07 3.06608e-16 0 3.53755e-16 0 4.0667e-16 0 4.40541e-16 0 4.66145e-16 0 4.86642e-16 0 5.04143e-16 0 5.19175e-16 0 5.32619e-16 0 5.44828e-16 0 5.55801e-16 0 5.65891e-16 0 5.75274e-16 0 5.8395e-16 0 5.92273e-16 0 5.99889e-16 0 6.07329e-16 0 6.14237e-16 0 6.20793e-16 0 6.27171e-16 0 6.33196e-16 0
2882.97 1.96967e-14 1.96967e-14 2.30812e-22 1.17183e-08 1.36817e-07 2.35196e-16 0 2.71008e-16 0 3.1119e-16 0 3.36905e-16 0 3.56343e-16 0 3.71902e-16 0 3.85187e-16 0 3.96597e-16 0 4.06801e-16 0 4.16068e-16 0 4.24397e-16 0 4.32055e-16 0 4.39176e-16 0 4.45761e-16 0 4.52078e-16 0 4.57858e-16 0 4.63504e-16 0 4.68748e-16 0 4.73722e-16 0 4.78563e-16 0 4.83135e-16 0
3030.95 1.82555e-14 1.82555e-14 1.88999e-22 1.0353e-08 1.23507e-07 1.80328e-16 0 2.07528e-16 0 2.38041e-16 0 2.57565e-16 0 2.72321e-16 0 2.84133e-16 0 2.94217e-16 0 3.02878e-16 0 3.10624e-16 0 3.17658e-16 0 3.23979e-16 0 3.29792e-16 0 3.35197e-16 0 3.40195e-16 0 3.4499e-16 0 3.49377e-16 0 3.53662e-16 0 3.57641e-16 0 3.61417e-16 0 3.65091e-16 0 3.68561e-16 0
3186.53 1.69191e-14 1.69191e-14 1.54745e-22 9.14618e-09 1.12083e-07 1.38178e-16 0 1.58835e-16 0 1.82001e-16 0 1.96823e-16 0 2.08025e-16 0 2.1699e-16 0 2.24644e-16 0 2.31218e-16 0 2.37097e-16 0 2.42436e-16 0 2.47233e-16 0 2.51645e-16 0 2.55747e-16 0 2.5954e-16 0 2.63179e-16 0 2.66508e-16 0 2.6976e-16 0 2.7278e-16 0 2.75645e-16 0 2.78433e-16 0 2.81067e-16 0
3350.09 1.568e-14 1.568e-14 1.267e-22 8.08034e-09 1.01345e-07 1.05823e-16 0 1.21508e-16 0 1.39095e-16 0 1.50346e-16 0 1.58848e-16 0 1.65653e-16 0 1.71462e-16 0 1.76451e-16 0 1.80913e-16 0 1.84964e-16 0 1.88605e-16 0 1.91953e-16 0 1.95066e-16 0 1.97944e-16 0 2.00706e-16 0 2.03232e-16 0 2.057e-16 0 2.07992e-16 0 2.10166e-16 0 2.12282e-16 0 2.1428e-16 0
3522.05 1.45261e-14 1.45261e-14 1.03754e-22 7.14261e-09 9.25354e-08 8.0973e-17 0 9.28771e-17 0 1.06223e-16 0 1.14759e-16 0 1.2121e-16 0 1.26372e-16 0 1.30779e-16 0 1.34564e-16 0 1.37949e-16 0 1.41022e-16 0 1.43784e-16 0 1.46324e-16 0 1.48685e-16 0 1.50869e-16 0 1.52963e-16 0 1.5488e-16 0 1.56752e-16 0 1.5849e-16 0 1.60139e-16 0 1.61744e-16 0 1.6326e-16 0
3702.84 1.34625e-14 1.34625e-14 8.49464e-23 6.30987e-09 8.26987e-08 6.19546e-17 0 7.09922e-17 0 8.11227e-17 0 8.76018e-17 0 9.24975e-17 0 9.64154e-17 0 9.97601e-17 0 1.02632e-16 0 1.05201e-16 0 1.07533e-16 0 1.09629e-16 0 1.11556e-16 0 1.13348e-16 0 1.15005e-16 0 1.16594e-16 0 1.18049e-16 0 1.19469e-16 0 1.20788e-16 0 1.2204e-16 0 1.23258e-16 0 1.24408e-16 0
3892.91 1.24762e-14 1.24762e-14 6.95477e-23 5.57442e-09 7.60512e-08 4.73805e-17 0 5.42411e-17 0 6.19302e-17 0 6.68474e-17 0 7.05627e-17 0 7.35359e-17 0 7.6074e-17 0 7.82535e-17 0 8.02026e-17 0 8.19724e-17 0 8.35628e-17 0 8.5025e-17 0 8.63848e-17 0 8.76421e-17 0 8.88481e-17 0 8.99515e-17 0 9.10293e-17 0 9.20302e-17 0 9.29798e-17 0 9.39038e-17 0 9.47764e-17 0
4092.73 1.15628e-14 1.15628e-14 5.69397e-23 4.92438e-09 6.73141e-08 3.62215e-17 0 4.14294e-17 0 4.72654e-17 0 5.09972e-17 0 5.38168e-17 0 5.60731e-17 0 5.79992e-17 0 5.96531e-17 0 6.11321e-17 0 6.24751e-17 0 6.36819e-17 0 6.47915e-17 0 6.58233e-17 0 6.67773e-17 0 6.76924e-17 0 6.85297e-17 0 6.93475e-17 0 7.0107e-17 0 7.08275e-17 0 7.15286e-17 0 7.21908e-17 0
4302.81 1.07161e-14 1.07161e-14 4.66171e-23 4.35019e-09 5.80009e-08 2.76794e-17 0 3.16324e-17 0 3.60617e-17 0 3.88938e-17 0 4.10334e-17 0 4.27456e-17 0 4.42071e-17 0 4.54622e-17 0 4.65845e-17 0 4.76035e-17 0 4.85192e-17 0 4.93612e-17 0 5.01441e-17 0 5.0868e-17 0 5.15623e-17 0 5.21976e-17 0 5.28182e-17 0 5.33944e-17 0 5.39411e-17 0 5.44731e-17 0 5.49755e-17 0
4523.68 9.93188e-15 9.93188e-15 3.81659e-23 3.84277e-09 5.59342e-08 2.11449e-17 0 2.41454e-17 0 2.7507e-17 0 2.96563e-17 0 3.128e-17 0 3.25793e-17 0 3.36884e-17 0 3.46408e-17 0 3.54924e-17 0 3.62656e-17 0 3.69605e-17 0 3.75994e-17 0 3.81934e-17 0 3.87427e-17 0 3.92696e-17 0 3.97516e-17 0 4.02225e-17 0 4.06597e-17 0 4.10746e-17 0 4.14782e-17 0 4.18594e-17 0
4755.88 9.20323e-15 9.20323e-15 3.12456e-23 3.39507e-09 4.87124e-08 1.61442e-17 0 1.84212e-17 0 2.09719e-17 0 2.26026e-17 0 2.38345e-17 0 2.48203e-17 0 2.56617e-17 0 2.63842e-17 0 2.70303e-17 0 2.7617e-17 0 2.81441e-17 0 2.86288e-17 0 2.90795e-17 0 2.94962e-17 0 2.98959e-17 0 3.02616e-17 0 3.06188e-17 0 3.09505e-17 0 3.12652e-17 0 3.15714e-17 0 3.18606e-17 0
5000 8.52953e-15 8.52953e-15 2.55814e-23 2.99915e-09 4.45636e-08 1.23242e-17 0 1.40523e-17 0 1.5988e-17 0 1.72254e-17 0 1.81603e-17 0 1.89082e-17 0 1.95467e-17 0 2.0095e-17 0 2.05852e-17 0 2.10303e-17 0 2.14303e-17 0 2.1798e-17 0 2.214e-17 0 2.24562e-17 0 2.27594e-17 0 2.30369e-17 0 2.33079e-17 0 2.35596e-17 0 2.37984e-17 0 2.40307e-17 0 2.42501e-17 0
