# 0.000902528 1 97 : grain size, compostion index, size index
# Heating and cooling timescale: 2.98089e-06 2.57822e+29
# Ratio of heating to cooling to determine stochastic cutoff: 100
# Equilibrium emission is recorded even for those grains in the stochastic regime.
# Emission spectrum was computed for: 
# Type: ISRF
# Scales: 0.25 0.5 1 1.5 2 2.5 3 3.5 4 4.5 5 5.5 6 6.5 7 7.5 8 8.5 9 9.5 10
# StochasticallyHeated: 0 0 0 0 0 0 0 0 0 0 0 0 0 0 0 0 0 0 0 0 0
# Temperature: -1
# Wavelength  CExt  CAbs  CSca  Albedo G EqEm1 StEm1 EqEm2 StEm2 EqEm3 StEm3 EqEm4 StEm4 EqEm5 StEm5 EqEm6 StEm6 EqEm7 StEm7 EqEm8 StEm8 EqEm9 StEm9 EqEm10 StEm10 EqEm11 StEm11 EqEm12 StEm12 EqEm13 StEm13 EqEm14 StEm14 EqEm15 StEm15 EqEm16 StEm16 EqEm17 StEm17 EqEm18 StEm18 EqEm19 StEm19 EqEm20 StEm20 EqEm21 StEm21
0.05 5.15904e-06 2.17838e-06 2.98066e-06 0.577755 0.932031 0 0 0 0 0 0 0 0 0 0 0 0 0 0 0 0 0 0 0 0 0 0 0 0 0 0 0 0 0 0 0 0 0 0 0 0 0 0 0 0 0 0
0.0525665 5.1608e-06 2.15976e-06 3.00103e-06 0.581506 0.926259 0 0 0 0 0 0 0 0 0 0 0 0 0 0 0 0 0 0 0 0 0 0 0 0 0 0 0 0 0 0 0 0 0 0 0 0 0 0 0 0 0 0
0.0552647 5.16268e-06 2.12856e-06 3.03411e-06 0.587702 0.917427 0 0 0 0 0 0 0 0 0 0 0 0 0 0 0 0 0 0 0 0 0 0 0 0 0 0 0 0 0 0 0 0 0 0 0 0 0 0 0 0 0 0
0.0581015 5.16488e-06 2.08116e-06 3.08372e-06 0.597055 0.903694 0 0 0 0 0 0 0 0 0 0 0 0 0 0 0 0 0 0 0 0 0 0 0 0 0 0 0 0 0 0 0 0 0 0 0 0 0 0 0 0 0 0
0.0610839 5.16748e-06 2.03359e-06 3.13388e-06 0.606463 0.888296 0 0 0 0 0 0 0 0 0 0 0 0 0 0 0 0 0 0 0 0 0 0 0 0 0 0 0 0 0 0 0 0 0 0 0 0 0 0 0 0 0 0
0.0642193 5.17023e-06 2.0007e-06 3.16953e-06 0.613034 0.875776 0 0 0 0 0 0 0 0 0 0 0 0 0 0 0 0 0 0 0 0 0 0 0 0 0 0 0 0 0 0 0 0 0 0 0 0 0 0 0 0 0 0
0.0675157 5.17305e-06 1.98258e-06 3.19047e-06 0.616749 0.866946 0 0 0 0 0 0 0 0 0 0 0 0 0 0 0 0 0 0 0 0 0 0 0 0 0 0 0 0 0 0 0 0 0 0 0 0 0 0 0 0 0 0
0.0709813 5.17594e-06 1.97649e-06 3.19945e-06 0.618138 0.861381 0 0 0 0 0 0 0 0 0 0 0 0 0 0 0 0 0 0 0 0 0 0 0 0 0 0 0 0 0 0 0 0 0 0 0 0 0 0 0 0 0 0
0.0746248 5.17883e-06 1.98043e-06 3.1984e-06 0.617592 0.858673 0 0 0 0 0 0 0 0 0 0 0 0 0 0 0 0 0 0 0 0 0 0 0 0 0 0 0 0 0 0 0 0 0 0 0 0 0 0 0 0 0 0
0.0784553 5.18165e-06 1.99568e-06 3.18598e-06 0.614857 0.859316 0 0 0 0 0 0 0 0 0 0 0 0 0 0 0 0 0 0 0 0 0 0 0 0 0 0 0 0 0 0 0 0 0 0 0 0 0 0 0 0 0 0
0.0824824 5.18423e-06 2.02686e-06 3.15737e-06 0.609033 0.864839 0 0 0 0 0 0 0 0 0 0 0 0 0 0 0 0 0 0 0 0 0 0 0 0 0 0 0 0 0 0 0 0 0 0 0 0 0 0 0 0 0 0
0.0867162 5.18646e-06 2.04013e-06 3.14633e-06 0.606643 0.867811 0 0 0 0 0 0 0 0 0 0 0 0 0 0 0 0 0 0 0 0 0 0 0 0 0 0 0 0 0 0 0 0 0 0 0 0 0 0 0 0 0 0
0.0911674 5.18944e-06 2.02288e-06 3.16656e-06 0.610193 0.861335 0 0 0 0 0 0 0 0 0 0 0 0 0 0 0 0 0 0 0 0 0 0 0 0 0 0 0 0 0 0 0 0 0 0 0 0 0 0 0 0 0 0
0.095847 5.19263e-06 2.02169e-06 3.17093e-06 0.610661 0.858057 0 0 0 0 0 0 0 0 0 0 0 0 0 0 0 0 0 0 0 0 0 0 0 0 0 0 0 0 0 0 0 0 0 0 0 0 0 0 0 0 0 0
0.100767 5.19557e-06 2.02903e-06 3.16654e-06 0.60947 0.857591 0 0 0 0 0 0 0 0 0 0 0 0 0 0 0 0 0 0 0 0 0 0 0 0 0 0 0 0 0 0 0 0 0 0 0 0 0 0 0 0 0 0
0.105939 5.19816e-06 2.05066e-06 3.1475e-06 0.605502 0.861491 0 0 0 0 0 0 0 0 0 0 0 0 0 0 0 0 0 0 0 0 0 0 0 0 0 0 0 0 0 0 0 0 0 0 0 0 0 0 0 0 0 0
0.111377 5.20059e-06 2.07274e-06 3.12785e-06 0.601442 0.866538 0 0 0 0 0 0 0 0 0 0 0 0 0 0 0 0 0 0 0 0 0 0 0 0 0 0 0 0 0 0 0 0 0 0 0 0 0 0 0 0 0 0
0.117094 5.20314e-06 2.08751e-06 3.11563e-06 0.598798 0.869703 0 0 0 0 0 0 0 0 0 0 0 0 0 0 0 0 0 0 0 0 0 0 0 0 0 0 0 0 0 0 0 0 0 0 0 0 0 0 0 0 0 0
0.123105 5.20583e-06 2.09793e-06 3.1079e-06 0.597004 0.871697 0 0 0 0 0 0 0 0 0 0 0 0 0 0 0 0 0 0 0 0 0 0 0 0 0 0 0 0 0 0 0 0 0 0 0 0 0 0 0 0 0 0
0.129424 5.2086e-06 2.10478e-06 3.10382e-06 0.595903 0.872667 0 0 0 0 0 0 0 0 0 0 0 0 0 0 0 0 0 0 0 0 0 0 0 0 0 0 0 0 0 0 0 0 0 0 0 0 0 0 0 0 0 0
0.136067 5.21152e-06 2.10768e-06 3.10384e-06 0.595572 0.872425 0 0 0 0 0 0 0 0 0 0 0 0 0 0 0 0 0 0 0 0 0 0 0 0 0 0 0 0 0 0 0 0 0 0 0 0 0 0 0 0 0 0
0.143051 5.21451e-06 2.10435e-06 3.11016e-06 0.596444 0.870104 0 0 0 0 0 0 0 0 0 0 0 0 0 0 0 0 0 0 0 0 0 0 0 0 0 0 0 0 0 0 0 0 0 0 0 0 0 0 0 0 0 0
0.150394 5.21702e-06 2.11268e-06 3.10434e-06 0.595041 0.87132 0 0 0 0 0 0 0 0 0 0 0 0 0 0 0 0 0 0 0 0 0 0 0 0 0 0 0 0 0 0 0 0 0 0 0 0 0 0 0 0 0 0
0.158114 5.21942e-06 2.13588e-06 3.08354e-06 0.590782 0.877736 0 0 0 0 0 0 0 0 0 0 0 0 0 0 0 0 0 0 0 0 0 0 0 0 0 0 0 0 0 0 0 0 0 0 0 0 0 0 0 0 0 0
0.16623 5.22215e-06 2.1622e-06 3.05994e-06 0.585955 0.885536 0 0 0 0 0 0 0 0 0 0 0 0 0 0 0 0 0 0 0 0 0 0 0 0 0 0 0 0 0 0 0 0 0 0 0 0 0 0 0 0 0 0
0.174762 5.22526e-06 2.18585e-06 3.03941e-06 0.581676 0.892617 0 0 0 0 0 0 0 0 0 0 0 0 0 0 0 0 0 0 0 0 0 0 0 0 0 0 0 0 0 0 0 0 0 0 0 0 0 0 0 0 0 0
0.183733 5.22865e-06 2.20713e-06 3.02152e-06 0.577878 0.898948 0 0 0 0 0 0 0 0 0 0 0 0 0 0 0 0 0 0 0 0 0 0 0 0 0 0 0 0 0 0 0 0 0 0 0 0 0 0 0 0 0 0
0.193164 5.23225e-06 2.22553e-06 3.00673e-06 0.574652 0.904319 0 0 0 0 0 0 0 0 0 0 0 0 0 0 0 0 0 0 0 0 0 0 0 0 0 0 0 0 0 0 0 0 0 0 0 0 0 0 0 0 0 0
0.203079 5.23605e-06 2.24158e-06 2.99447e-06 0.571894 0.908884 0 0 0 0 0 0 0 0 0 0 0 0 0 0 0 0 0 0 0 0 0 0 0 0 0 0 0 0 0 0 0 0 0 0 0 0 0 0 0 0 0 0
0.213503 5.24001e-06 2.2561e-06 2.98392e-06 0.569448 0.912895 0 0 0 0 0 0 0 0 0 0 0 0 0 0 0 0 0 0 0 0 0 0 0 0 0 0 0 0 0 0 0 0 0 0 0 0 0 0 0 0 0 0
0.224463 5.24412e-06 2.26866e-06 2.97546e-06 0.56739 0.916214 0 0 0 0 0 0 0 0 0 0 0 0 0 0 0 0 0 0 0 0 0 0 0 0 0 0 0 0 0 0 0 0 0 0 0 0 0 0 0 0 0 0
0.235984 5.24839e-06 2.27911e-06 2.96928e-06 0.565751 0.918795 0 0 0 0 0 0 0 0 0 0 0 0 0 0 0 0 0 0 0 0 0 0 0 0 0 0 0 0 0 0 0 0 0 0 0 0 0 0 0 0 0 0
0.248097 5.25278e-06 2.28773e-06 2.96505e-06 0.564473 0.920733 0 0 0 0 0 0 0 0 0 0 0 0 0 0 0 0 0 0 0 0 0 0 0 0 0 0 0 0 0 0 0 0 0 0 0 0 0 0 0 0 0 0
0.260832 5.25733e-06 2.29529e-06 2.96204e-06 0.563412 0.92228 0 0 0 0 0 0 0 0 0 0 0 0 0 0 0 0 0 0 0 0 0 0 0 0 0 0 0 0 0 0 0 0 0 0 0 0 0 0 0 0 0 0
0.274221 5.26202e-06 2.3022e-06 2.95982e-06 0.562487 0.923571 0 0 0 0 0 0 0 0 0 0 0 0 0 0 0 0 0 0 0 0 0 0 0 0 0 0 0 0 0 0 0 0 0 0 0 0 0 0 0 0 0 0
0.288297 5.26686e-06 2.30857e-06 2.9583e-06 0.561681 0.924639 0 0 0 0 0 0 0 0 0 0 0 0 0 0 0 0 0 0 0 0 0 0 0 0 0 0 0 0 0 0 0 0 0 0 0 0 0 0 0 0 0 0
0.303095 5.27186e-06 2.31451e-06 2.95735e-06 0.560968 0.925524 0 0 0 0 0 0 0 0 0 0 0 0 0 0 0 0 0 0 0 0 0 0 0 0 0 0 0 0 0 0 0 0 0 0 0 0 0 0 0 0 0 0
0.318653 5.27702e-06 2.32023e-06 2.95679e-06 0.560315 0.926284 0 0 0 0 0 0 0 0 0 0 0 0 0 0 0 0 0 0 0 0 0 0 0 0 0 0 0 0 0 0 0 0 0 0 0 0 0 0 0 0 0 0
0.335009 5.28236e-06 2.32571e-06 2.95665e-06 0.559721 0.926922 0 0 0 0 0 0 0 0 0 0 0 0 0 0 0 0 0 0 0 0 0 0 0 0 0 0 0 0 0 0 0 0 0 0 0 0 0 0 0 0 0 0
0.352205 5.28789e-06 2.3311e-06 2.95678e-06 0.559162 0.927476 0 0 0 0 0 0 0 0 0 0 0 0 0 0 0 0 0 0 0 0 0 0 0 0 0 0 0 0 0 0 0 0 0 0 0 0 0 0 0 0 0 0
0.370284 5.29359e-06 2.33643e-06 2.95716e-06 0.55863 0.927957 0 0 0 0 0 0 0 0 0 0 0 0 0 0 0 0 0 0 0 0 0 0 0 0 0 0 0 0 0 0 0 0 0 0 0 0 0 0 0 0 0 0
0.389291 5.2995e-06 2.34163e-06 2.95786e-06 0.55814 0.928343 0 0 0 0 0 0 0 0 0 0 0 0 0 0 0 0 0 0 0 0 0 0 0 0 0 0 0 0 0 0 0 0 0 0 0 0 0 0 0 0 0 0
0.409273 5.30559e-06 2.34681e-06 2.95877e-06 0.557671 0.928664 0 0 0 0 0 0 0 0 0 0 0 0 0 0 0 0 0 0 0 0 0 0 0 0 0 0 0 0 0 0 0 0 0 0 0 0 0 0 0 0 0 0
0.430281 5.31186e-06 2.3521e-06 2.95976e-06 0.557198 0.92896 0 0 0 0 0 0 0 0 0 0 0 0 0 0 0 0 0 0 0 0 0 0 0 0 0 0 0 0 0 0 0 0 0 0 0 0 0 0 0 0 0 0
0.452368 5.31839e-06 2.35732e-06 2.96108e-06 0.556761 0.929173 0 0 0 0 0 0 0 0 0 0 0 0 0 0 0 0 0 0 0 0 0 0 0 0 0 0 0 0 0 0 0 0 0 0 0 0 0 0 0 0 0 0
0.475588 5.32501e-06 2.36264e-06 2.96237e-06 0.556313 0.929353 0 0 0 0 0 0 0 0 0 0 0 0 0 0 0 0 0 0 0 0 0 0 0 0 0 0 0 0 0 0 0 0 0 0 0 0 0 0 0 0 0 0
0.5 5.33203e-06 2.36807e-06 2.96396e-06 0.555878 0.929505 0 0 0 0 0 0 0 0 0 0 0 0 0 0 0 0 0 0 0 0 0 0 0 0 0 0 0 0 0 0 0 0 0 0 0 0 0 0 0 0 0 0
0.525665 5.3393e-06 2.37364e-06 2.96566e-06 0.55544 0.929631 0 0 0 0 0 0 0 0 0 0 0 0 0 0 0 0 0 0 0 0 0 0 0 0 0 0 0 0 0 0 0 0 0 0 0 0 0 0 0 0 0 0
0.552648 5.34667e-06 2.37941e-06 2.96726e-06 0.554974 0.929749 0 0 0 0 0 0 0 0 0 0 0 0 0 0 0 0 0 0 0 0 0 0 0 0 0 0 0 0 0 0 0 0 0 0 0 0 0 0 0 0 0 0
0.581015 5.3541e-06 2.38511e-06 2.96898e-06 0.554526 0.92977 0 0 0 0 0 0 0 0 0 0 0 0 0 0 0 0 0 0 0 0 0 0 0 0 0 0 0 0 0 0 0 0 0 0 0 0 0 0 0 0 0 0
0.610839 5.36191e-06 2.39105e-06 2.97086e-06 0.554068 0.929791 0 0 0 0 0 0 0 0 0 0 0 0 0 0 0 0 0 0 0 0 0 0 0 0 0 0 0 0 0 0 0 0 0 0 0 0 0 0 0 0 0 0
0.642193 5.36997e-06 2.39722e-06 2.97275e-06 0.553588 0.929808 0 0 0 0 0 0 0 0 0 0 0 0 0 0 0 0 0 0 0 0 0 0 0 0 0 0 0 0 0 0 0 0 0 0 0 0 0 0 0 0 0 0
0.675157 5.37824e-06 2.40353e-06 2.97471e-06 0.553101 0.929791 0 0 0 0 0 0 0 0 0 0 0 0 0 0 0 0 0 0 0 0 0 0 0 0 0 0 0 0 0 0 0 0 0 0 0 0 0 0 0 0 0 0
0.709813 5.38729e-06 2.40999e-06 2.97731e-06 0.552653 0.929755 0 0 0 0 0 0 0 0 0 0 0 0 0 0 0 0 0 0 0 0 0 0 0 0 0 0 0 0 0 0 0 0 0 0 0 0 0 0 0 0 0 0
0.746248 5.39729e-06 2.41666e-06 2.98063e-06 0.552246 0.929717 0 0 0 0 0 0 0 0 0 0 0 0 0 0 0 0 0 0 0 0 0 0 0 0 0 0 0 0 0 0 0 0 0 0 0 0 0 0 0 0 0 0
0.784553 5.40754e-06 2.42354e-06 2.984e-06 0.551823 0.929666 0 0 0 0 0 0 0 0 0 0 0 0 0 0 0 0 0 0 0 0 0 0 0 0 0 0 0 0 0 0 0 0 0 0 0 0 0 0 0 0 0 0
0.824824 5.41536e-06 2.43054e-06 2.98482e-06 0.551177 0.929507 0 0 0 0 0 0 0 0 0 0 0 0 0 0 0 0 0 0 0 0 0 0 0 0 0 0 0 0 0 0 0 0 0 0 0 0 0 0 0 0 0 0
0.867162 5.42272e-06 2.43764e-06 2.98507e-06 0.550476 0.929289 0 0 0 0 0 0 0 0 0 0 0 0 0 0 0 0 0 0 0 0 0 0 0 0 0 0 0 0 0 0 0 0 0 0 0 0 0 0 0 0 0 0
0.911674 5.43755e-06 2.44489e-06 2.99266e-06 0.550369 0.929214 0 0 0 0 0 0 0 0 0 0 0 0 0 0 0 0 0 0 0 0 0 0 0 0 0 0 0 0 0 0 0 0 0 0 0 0 0 0 0 0 0 0
0.95847 5.44874e-06 2.45223e-06 2.99651e-06 0.549946 0.928999 0 0 0 0 0 0 0 0 0 0 0 0 0 0 0 0 0 0 0 0 0 0 0 0 0 0 0 0 0 0 0 0 0 0 0 0 0 0 0 0 0 0
1.00767 5.45145e-06 2.45961e-06 2.99184e-06 0.548816 0.928538 0 0 0 0 0 0 0 0 0 0 0 0 0 0 0 0 0 0 0 0 0 0 0 0 0 0 0 0 0 0 0 0 0 0 0 0 0 0 0 0 0 0
1.05939 5.47538e-06 2.46712e-06 3.00826e-06 0.549416 0.928541 0 0 0 0 0 0 0 0 0 0 0 0 0 0 0 0 0 0 0 0 0 0 0 0 0 0 0 0 0 0 0 0 0 0 0 0 0 0 0 0 0 0
1.11377 5.47442e-06 2.47454e-06 2.99988e-06 0.547982 0.927871 0 0 0 0 0 0 0 0 0 0 0 0 0 0 0 0 0 0 0 0 0 0 0 0 0 0 0 0 0 0 0 0 0 0 0 0 0 0 0 0 0 0
1.17094 5.49806e-06 2.48192e-06 3.01614e-06 0.548583 0.92774 0 0 0 0 0 0 0 0 0 0 0 0 0 0 0 0 0 0 0 0 0 0 0 0 0 0 0 0 0 0 0 0 0 0 0 0 0 0 0 0 0 0
1.23105 5.50084e-06 2.48948e-06 3.01136e-06 0.547436 0.92704 0 0 0 0 0 0 0 0 0 0 0 0 0 0 0 0 0 0 0 0 0 0 0 0 0 0 0 0 0 0 0 0 0 0 0 0 0 0 0 0 0 0
1.29424 5.52415e-06 2.49651e-06 3.02764e-06 0.548073 0.92674 0 0 0 0 0 0 0 0 0 0 0 0 0 0 0 0 0 0 0 0 0 0 0 0 0 0 0 0 0 0 0 0 0 0 0 0 0 0 0 0 0 0
1.36067 5.52061e-06 2.50366e-06 3.01694e-06 0.546488 0.925718 0 0 0 0 0 0 0 0 0 0 0 0 0 0 0 0 0 0 0 0 0 0 0 0 0 0 0 0 0 0 0 0 0 0 0 0 0 0 0 0 0 0
1.43051 5.56476e-06 2.51105e-06 3.05371e-06 0.548759 0.92583 0 0 0 0 0 0 0 0 0 0 0 0 0 0 0 0 0 0 0 0 0 0 0 0 0 0 0 0 0 0 0 0 0 0 0 0 0 0 0 0 0 0
1.50394 5.53407e-06 2.51778e-06 3.01628e-06 0.545039 0.923901 0 0 0 0 0 0 0 0 0 0 0 0 0 0 0 0 0 0 0 0 0 0 0 0 0 0 0 0 0 0 0 0 0 0 0 0 0 0 0 0 0 0
1.58114 5.60245e-06 2.52377e-06 3.07868e-06 0.549524 0.924281 0 0 0 0 0 0 0 0 0 0 0 0 0 0 0 0 0 0 0 0 0 0 0 0 0 0 0 0 0 0 0 0 0 0 0 0 0 0 0 0 0 0
1.6623 5.57533e-06 2.5291e-06 3.04623e-06 0.546377 0.922228 0 0 0 0 0 0 0 0 0 0 0 0 0 0 0 0 0 0 0 0 0 0 0 0 0 0 0 0 0 0 0 0 0 0 0 0 0 0 0 0 0 0
1.74763 5.58919e-06 2.53656e-06 3.05263e-06 0.546167 0.921266 0 0 0 0 0 0 0 0 0 0 0 0 0 0 0 0 0 0 0 0 0 0 0 0 0 0 0 0 0 0 0 0 0 0 0 0 0 0 0 0 0 0
1.83733 5.6688e-06 2.54123e-06 3.12757e-06 0.551716 0.921672 0 0 0 0 0 0 0 0 0 0 0 0 0 0 0 0 0 0 0 0 0 0 0 0 0 0 0 0 0 0 0 0 0 0 0 0 0 0 0 0 0 0
1.93164 5.60336e-06 2.54791e-06 3.05544e-06 0.545288 0.918144 0 0 0 0 0 0 0 0 0 0 0 0 0 0 0 0 0 0 0 0 0 0 0 0 0 0 0 0 0 0 0 0 0 0 0 0 0 0 0 0 0 0
2.03079 5.63062e-06 2.55156e-06 3.07906e-06 0.546842 0.916772 0 0 0 0 0 0 0 0 0 0 0 0 0 0 0 0 0 0 0 0 0 0 0 0 0 0 0 0 0 0 0 0 0 0 0 0 0 0 0 0 0 0
2.13503 5.7449e-06 2.55513e-06 3.18978e-06 0.555236 0.917754 0 0 0 0 0 0 0 0 0 0 0 0 0 0 0 0 0 0 0 0 0 0 0 0 0 0 0 0 0 0 0 0 0 0 0 0 0 0 0 0 0 0
2.24463 5.68053e-06 2.56133e-06 3.11921e-06 0.549105 0.914366 0 0 0 0 0 0 0 0 0 0 0 0 0 0 0 0 0 0 0 0 0 0 0 0 0 0 0 0 0 0 0 0 0 0 0 0 0 0 0 0 0 0
2.35984 5.63047e-06 2.56704e-06 3.06343e-06 0.54408 0.911125 0 0 0 0 0 0 0 0 0 0 0 0 0 0 0 0 0 0 0 0 0 0 0 0 0 0 0 0 0 0 0 0 0 0 0 0 0 0 0 0 0 0
2.48097 5.77424e-06 2.56778e-06 3.20646e-06 0.555305 0.912287 0 0 0 0 0 0 0 0 0 0 0 0 0 0 0 0 0 0 0 0 0 0 0 0 0 0 0 0 0 0 0 0 0 0 0 0 0 0 0 0 0 0
2.60832 5.85584e-06 2.57779e-06 3.27806e-06 0.559792 0.911527 0 0 0 0 0 0 0 0 0 0 0 0 0 0 0 0 0 0 0 0 0 0 0 0 0 0 0 0 0 0 0 0 0 0 0 0 0 0 0 0 0 0
2.74221 5.72828e-06 2.57619e-06 3.15209e-06 0.550268 0.904605 0 0 0 0 0 0 0 0 0 0 0 0 0 0 0 0 0 0 0 0 0 0 0 0 0 0 0 0 0 0 0 0 0 0 0 0 0 0 0 0 0 0
2.88297 5.67047e-06 2.58668e-06 3.08379e-06 0.543833 0.900175 0 0 0 0 0 0 0 0 0 0 0 0 0 0 0 0 0 0 0 0 0 0 0 0 0 0 0 0 0 0 0 0 0 0 0 0 0 0 0 0 0 0
3.03095 5.83163e-06 2.58076e-06 3.25088e-06 0.557456 0.902723 0 0 0 0 0 0 0 0 0 0 0 0 0 0 0 0 0 0 0 0 0 0 0 0 0 0 0 0 0 0 0 0 0 0 0 0 0 0 0 0 0 0
3.18653 6.01587e-06 2.59264e-06 3.42323e-06 0.569033 0.906273 0 0 0 0 0 0 0 0 0 0 0 0 0 0 0 0 0 0 0 0 0 0 0 0 0 0 0 0 0 0 0 0 0 0 0 0 0 0 0 0 0 0
3.35009 5.96001e-06 2.60674e-06 3.35326e-06 0.562628 0.902779 0 0 0 0 0 0 0 0 0 0 0 0 0 0 0 0 0 0 0 0 0 0 0 0 0 0 0 0 0 0 0 0 0 0 0 0 0 0 0 0 0 0
3.52205 5.7529e-06 2.61329e-06 3.13961e-06 0.545744 0.892922 0 0 0 0 0 0 0 0 0 0 0 0 0 0 0 0 0 0 0 0 0 0 0 0 0 0 0 0 0 0 0 0 0 0 0 0 0 0 0 0 0 0
3.70284 5.70592e-06 2.61086e-06 3.09505e-06 0.542429 0.885465 0 0 0 0 0 0 0 0 0 0 0 0 0 0 0 0 0 0 0 0 0 0 0 0 0 0 0 0 0 0 0 0 0 0 0 0 0 0 0 0 0 0
3.89291 5.92401e-06 2.60976e-06 3.31425e-06 0.559461 0.886597 0 0 0 0 0 0 0 0 0 0 0 0 0 0 0 0 0 0 0 0 0 0 0 0 0 0 0 0 0 0 0 0 0 0 0 0 0 0 0 0 0 0
4.09273 6.20242e-06 2.6044e-06 3.59802e-06 0.580099 0.889829 0 0 0 0 0 0 0 0 0 0 0 0 0 0 0 0 0 0 0 0 0 0 0 0 0 0 0 0 0 0 0 0 0 0 0 0 0 0 0 0 0 0
4.30281 6.26562e-06 2.59387e-06 3.67175e-06 0.586015 0.88689 0 0 0 0 0 0 0 0 0 0 0 0 0 0 0 0 0 0 0 0 0 0 0 0 0 0 0 0 0 0 0 0 0 0 0 0 0 0 0 0 0 0
4.52368 6.04958e-06 2.58926e-06 3.46032e-06 0.571993 0.874726 0 0 0 0 0 0 0 0 0 0 0 0 0 0 0 0 0 0 0 0 0 0 0 0 0 0 0 0 0 0 0 0 0 0 0 0 0 0 0 0 0 0
4.75588 5.76654e-06 2.58931e-06 3.17723e-06 0.550977 0.861095 0 0 0 0 0 0 0 0 0 0 0 0 0 0 0 0 0 0 0 0 0 0 0 0 0 0 0 0 0 0 0 0 0 0 0 0 0 0 0 0 0 0
5 5.71973e-06 2.60245e-06 3.11728e-06 0.545005 0.862593 0 0 0 0 0 0 0 0 0 0 0 0 0 0 0 0 0 0 0 0 0 0 0 0 0 0 0 0 0 0 0 0 0 0 0 0 0 0 0 0 0 0
5.25665 6.04799e-06 2.62938e-06 3.4186e-06 0.565246 0.87686 0 0 0 0 0 0 0 0 0 0 0 0 0 0 0 0 0 0 0 0 0 0 0 0 0 0 0 0 0 0 0 0 0 0 0 0 0 0 0 0 0 0
5.52648 6.53861e-06 2.67219e-06 3.86642e-06 0.591321 0.889846 0 0 0 0 0 0 0 0 0 0 0 0 0 0 0 0 0 0 0 0 0 0 0 0 0 0 0 0 0 0 0 0 0 0 0 0 0 0 0 0 0 0
5.81015 6.7796e-06 2.71185e-06 4.06775e-06 0.599998 0.895182 0 0 0 0 0 0 0 0 0 0 0 0 0 0 0 0 0 0 0 0 0 0 0 0 0 0 0 0 0 0 0 0 0 0 0 0 0 0 0 0 0 0
6.10839 6.53302e-06 2.74277e-06 3.79025e-06 0.580168 0.879384 0 0 0 0 0 0 0 0 0 0 0 0 0 0 0 0 0 0 0 0 0 0 0 0 0 0 0 0 0 0 0 0 0 0 0 0 0 0 0 0 0 0
6.42193 6.04473e-06 2.81436e-06 3.23037e-06 0.534411 0.842869 0 0 0 0 0 0 0 0 0 0 0 0 0 0 0 0 0 0 0 0 0 0 0 0 0 0 0 0 0 0 0 0 0 0 0 0 0 0 0 0 0 0
6.75157 5.71266e-06 2.81431e-06 2.89836e-06 0.507356 0.801831 0 0 0 0 0 0 0 0 0 0 0 0 0 0 0 0 0 0 0 0 0 0 0 0 0 0 0 0 0 0 0 0 0 0 0 0 0 0 0 0 0 0
7.09813 6.10705e-06 2.71225e-06 3.3948e-06 0.555883 0.814991 0 0 0 0 0 0 0 0 0 0 0 0 0 0 0 0 0 0 0 0 0 0 0 0 0 0 0 0 0 0 0 0 0 0 0 0 0 0 0 0 0 0
7.46248 7.38733e-06 2.73857e-06 4.64875e-06 0.629288 0.895317 0 0 0 0 0 0 0 0 0 0 0 0 0 0 0 0 0 0 0 0 0 0 0 0 0 0 0 0 0 0 0 0 0 0 0 0 0 0 0 0 0 0
7.84553 6.21441e-06 2.94579e-06 3.26863e-06 0.525975 0.937882 0 0 0 0 0 0 0 0 0 0 0 0 0 0 0 0 0 0 0 0 0 0 0 0 0 0 0 0 0 0 0 0 0 0 0 0 0 0 0 0 0 0
8.24824 5.35607e-06 3.00622e-06 2.34985e-06 0.438726 0.928538 0 0 0 0 0 0 0 0 0 0 0 0 0 0 0 0 0 0 0 0 0 0 0 0 0 0 0 0 0 0 0 0 0 0 0 0 0 0 0 0 0 0
8.67162 5.58929e-06 3.01415e-06 2.57515e-06 0.460729 0.902139 0 0 0 0 0 0 0 0 0 0 0 0 0 0 0 0 0 0 0 0 0 0 0 0 0 0 0 0 0 0 0 0 0 0 0 0 0 0 0 0 0 0
9.11674 5.96405e-06 3.00652e-06 2.95753e-06 0.495893 0.861869 0 0 0 0 0 0 0 0 0 0 0 0 0 0 0 0 0 0 0 0 0 0 0 0 0 0 0 0 0 0 0 0 0 0 0 0 0 0 0 0 0 0
9.5847 6.33418e-06 3.07343e-06 3.26075e-06 0.514787 0.830247 0 0 0 0 0 0 0 0 0 0 0 0 0 0 0 0 0 0 0 0 0 0 0 0 0 0 0 0 0 0 0 0 0 0 0 0 0 0 1.4013e-45 0 2.8026e-45 0
10.0767 6.51165e-06 3.1328e-06 3.37885e-06 0.518893 0.815434 0 0 0 0 0 0 0 0 0 0 0 0 0 0 0 0 0 0 0 0 0 0 0 0 0 0 0 0 2.8026e-45 0 7.00649e-45 0 1.96182e-44 0 5.46506e-44 0 1.31722e-43 0 3.09687e-43 0 6.83834e-43 0
10.5939 6.64161e-06 3.16559e-06 3.47602e-06 0.523369 0.800559 0 0 0 0 0 0 0 0 0 0 0 0 0 0 0 0 0 0 0 0 1.4013e-45 0 9.80909e-45 0 3.92364e-44 0 1.4013e-43 0 4.59626e-43 0 1.33404e-42 0 3.61535e-42 0 9.18551e-42 0 2.14455e-41 0 4.83e-41 0 1.02788e-40 0
11.1377 6.69123e-06 3.2129e-06 3.47833e-06 0.519835 0.795467 0 0 0 0 0 0 0 0 0 0 0 0 0 0 1.4013e-45 0 1.12104e-44 0 7.42688e-44 0 3.95166e-43 0 1.80067e-42 0 6.80611e-42 0 2.26422e-41 0 6.99682e-41 0 1.92656e-40 0 4.97311e-40 0 1.20717e-39 0 2.70409e-39 0 5.8534e-39 0 1.20056e-38 0
11.7094 6.72864e-06 3.26073e-06 3.46791e-06 0.515395 0.791943 0 0 0 0 0 0 0 0 0 0 1.4013e-45 0 1.96182e-44 0 2.36819e-43 0 1.98704e-42 0 1.22375e-41 0 5.97808e-41 0 2.53243e-40 0 8.97205e-40 0 2.81462e-39 0 8.23167e-39 0 2.15719e-38 0 5.31651e-38 0 1.23584e-37 0 2.66143e-37 0 5.54788e-37 0 1.09868e-36 0
12.3105 6.76351e-06 3.3259e-06 3.43761e-06 0.508258 0.791488 0 0 0 0 0 0 0 0 4.2039e-45 0 1.84971e-43 0 3.40235e-42 0 3.65627e-41 0 2.76309e-40 0 1.55756e-39 0 7.04144e-39 0 2.7799e-38 0 9.25897e-38 0 2.74693e-37 0 7.62362e-37 0 1.90605e-36 0 4.49516e-36 0 1.00276e-35 0 2.08009e-35 0 4.1833e-35 0 8.01262e-35 0
12.9424 6.80098e-06 3.41451e-06 3.38647e-06 0.497939 0.794675 0 0 0 0 0 0 7.00649e-45 0 8.61799e-43 0 2.87168e-41 0 4.58714e-40 0 4.39047e-39 0 3.00593e-38 0 1.55725e-37 0 6.5401e-37 0 2.41454e-36 0 7.58326e-36 0 2.13345e-35 0 5.63315e-35 0 1.34677e-34 0 3.04588e-34 0 6.53357e-34 0 1.30787e-33 0 2.54206e-33 0 4.71695e-33 0
13.6067 6.83267e-06 3.53429e-06 3.29838e-06 0.482736 0.801181 0 0 0 0 1.4013e-45 0 1.38308e-42 0 1.23939e-40 0 3.47951e-39 0 4.85489e-38 0 4.16154e-37 0 2.59376e-36 0 1.24002e-35 0 4.85544e-35 0 1.68184e-34 0 4.99503e-34 0 1.33608e-33 0 3.36444e-33 0 7.70855e-33 0 1.67528e-32 0 3.46213e-32 0 6.6995e-32 0 1.26058e-31 0 2.26954e-31 0
14.3051 6.86649e-06 3.65849e-06 3.20801e-06 0.467197 0.805206 0 0 0 0 3.11088e-43 0 1.92289e-40 0 1.38371e-38 0 3.30097e-37 0 4.04963e-36 0 3.1256e-35 0 1.7816e-34 0 7.89104e-34 0 2.89061e-33 0 9.42328e-33 0 2.65384e-32 0 6.7656e-32 0 1.62856e-31 0 3.58332e-31 0 7.49793e-31 0 1.49556e-30 0 2.80224e-30 0 5.11248e-30 0 8.94397e-30 0
15.0394 6.96678e-06 3.71503e-06 3.25175e-06 0.466751 0.807763 0 0 0 0 4.50966e-41 0 2.03968e-38 0 1.19119e-36 0 2.43399e-35 0 2.642e-34 0 1.84552e-33 0 9.66255e-33 0 3.97978e-32 0 1.36831e-31 0 4.21057e-31 0 1.12735e-30 0 2.74566e-30 0 6.33168e-30 0 1.34053e-29 0 2.70569e-29 0 5.21796e-29 0 9.48173e-29 0 1.67983e-28 0 2.85959e-28 0
15.8114 6.95768e-06 3.71536e-06 3.24232e-06 0.466006 0.802711 0 0 8.82818e-44 0 4.99922e-39 0 1.67753e-36 0 8.03239e-35 0 1.41647e-33 0 1.36855e-32 0 8.69418e-32 0 4.19854e-31 0 1.6138e-30 0 5.22385e-30 0 1.52164e-29 0 3.88282e-29 0 9.0544e-29 0 2.00454e-28 0 4.09138e-28 0 7.97955e-28 0 1.49031e-27 0 2.63026e-27 0 4.53156e-27 0 7.51635e-27 0
16.623 6.92375e-06 3.70392e-06 3.21982e-06 0.465041 0.788862 0 0 1.31498e-41 0 4.33652e-37 0 1.09544e-34 0 4.34243e-33 0 6.65644e-32 0 5.75706e-31 0 3.34169e-30 0 1.49433e-29 0 5.37834e-29 0 1.64392e-28 0 4.54499e-28 0 1.10791e-27 0 2.47893e-27 0 5.2792e-27 0 1.04062e-26 0 1.96444e-26 0 3.55869e-26 0 6.10894e-26 0 1.0249e-25 0 1.65848e-25 0
17.4762 6.95975e-06 3.70161e-06 3.25815e-06 0.468141 0.768616 2.10195e-44 0 1.50944e-39 0 2.99531e-35 0 5.77556e-33 0 1.91297e-31 0 2.56647e-30 0 1.99779e-29 0 1.0642e-28 0 4.42329e-28 0 1.49552e-27 0 4.32846e-27 0 1.13873e-26 0 2.65766e-26 0 5.7172e-26 0 1.17343e-25 0 2.23766e-25 0 4.09511e-25 0 7.20639e-25 0 1.20486e-24 0 1.97097e-24 0 3.11533e-24 0
18.3733 7.06467e-06 3.70675e-06 3.35792e-06 0.475312 0.745566 3.20617e-42 0 1.36053e-37 0 1.66535e-33 0 2.48363e-31 0 6.93399e-30 0 8.19512e-29 0 5.77105e-28 0 2.83309e-27 0 1.09843e-26 0 3.49936e-26 0 9.61605e-26 0 2.41309e-25 0 5.40358e-25 0 1.11975e-24 0 2.21896e-24 0 4.10013e-24 0 7.28543e-24 0 1.24716e-23 0 2.0335e-23 0 3.24752e-23 0 5.01959e-23 0
19.3164 7.19357e-06 3.71827e-06 3.47531e-06 0.483113 0.723484 3.86177e-40 0 9.74114e-36 0 7.53052e-32 0 8.79596e-30 0 2.0873e-28 0 2.1867e-27 0 1.39991e-26 0 6.35871e-26 0 2.30753e-25 0 6.94696e-25 0 1.81706e-24 0 4.3595e-24 0 9.38535e-24 0 1.8769e-23 0 3.59722e-23 0 6.45055e-23 0 1.11446e-22 0 1.85838e-22 0 2.95861e-22 0 4.61816e-22 0 6.98799e-22 0
20.3079 7.3001e-06 3.74325e-06 3.55685e-06 0.487233 0.70525 3.65055e-38 0 5.61394e-34 0 2.80314e-30 0 2.59514e-28 0 5.27612e-27 0 4.92844e-26 0 2.88173e-25 0 1.21571e-24 0 4.14266e-24 0 1.18183e-23 0 2.94946e-23 0 6.7804e-23 0 1.40608e-22 0 2.71834e-22 0 5.04703e-22 0 8.79595e-22 0 1.47964e-21 0 2.40649e-21 0 3.74522e-21 0 5.72027e-21 0 8.48237e-21 0
21.3503 7.3712e-06 3.77333e-06 3.59787e-06 0.488098 0.688595 2.73452e-36 0 2.62644e-32 0 8.65316e-29 0 6.42211e-27 0 1.1271e-25 0 9.44014e-25 0 5.06381e-24 0 1.99127e-23 0 6.39121e-23 0 1.73233e-22 0 4.13452e-22 0 9.12614e-22 0 1.82632e-21 0 3.41895e-21 0 6.15892e-21 0 1.04465e-20 0 1.71324e-20 0 2.72102e-20 0 4.14426e-20 0 6.2002e-20 0 9.01888e-20 0
22.4463 7.41914e-06 3.79007e-06 3.62907e-06 0.48915 0.669455 1.63377e-34 0 1.00285e-30 0 2.22479e-27 0 1.33803e-25 0 2.04174e-24 0 1.54153e-23 0 7.61786e-23 0 2.8019e-22 0 8.49528e-22 0 2.19323e-21 0 5.01686e-21 0 1.06538e-20 0 2.06103e-20 0 3.74201e-20 0 6.54992e-20 0 1.08268e-19 0 1.73323e-19 0 2.6913e-19 0 4.01564e-19 0 5.89077e-19 0 8.41343e-19 0
23.5984 7.45683e-06 3.80346e-06 3.65338e-06 0.489937 0.649456 7.89163e-33 0 3.16421e-29 0 4.81893e-26 0 2.3728e-24 0 3.16964e-23 0 2.16818e-22 0 9.91059e-22 0 3.42061e-21 0 9.82447e-21 0 2.42161e-20 0 5.31995e-20 0 1.08896e-19 0 2.03985e-19 0 3.59727e-19 0 6.1268e-19 0 9.88193e-19 0 1.54604e-18 0 2.3496e-18 0 3.43798e-18 0 4.94988e-18 0 6.94765e-18 0
24.8097 7.50868e-06 3.81937e-06 3.68932e-06 0.49134 0.629139 3.1187e-31 0 8.33978e-28 0 8.88074e-25 0 3.61522e-23 0 4.2552e-22 0 2.64992e-21 0 1.12464e-20 0 3.65384e-20 0 9.96743e-20 0 2.35098e-19 0 4.97009e-19 0 9.82379e-19 0 1.78467e-18 0 3.06128e-18 0 5.0801e-18 0 8.00469e-18 0 1.22527e-17 0 1.82445e-17 0 2.62041e-17 0 3.70623e-17 0 5.11666e-17 0
26.0832 7.58612e-06 3.85811e-06 3.72802e-06 0.491426 0.611576 1.0237e-29 0 1.86219e-26 0 1.41095e-23 0 4.793e-22 0 5.00164e-21 0 2.84868e-20 0 1.12661e-19 0 3.45561e-19 0 8.97593e-19 0 2.03025e-18 0 4.13802e-18 0 7.9115e-18 0 1.39598e-17 0 2.33229e-17 0 3.77583e-17 0 5.81892e-17 0 8.72376e-17 0 1.27398e-16 0 1.79772e-16 0 2.49996e-16 0 3.39742e-16 0
27.4221 7.68561e-06 3.91773e-06 3.76789e-06 0.490252 0.596372 2.81532e-28 0 3.54993e-25 0 1.9459e-22 0 5.56495e-21 0 5.17891e-20 0 2.70946e-19 0 1.00197e-18 0 2.90967e-18 0 7.2137e-18 0 1.56791e-17 0 3.08649e-17 0 5.71729e-17 0 9.81224e-17 0 1.59878e-16 0 2.52815e-16 0 3.81472e-16 0 5.6071e-16 0 8.03834e-16 0 1.11538e-15 0 1.52632e-15 0 2.04341e-15 0
28.8297 7.78798e-06 3.98998e-06 3.798e-06 0.487675 0.582459 6.52982e-27 0 5.81039e-24 0 2.3409e-21 0 5.68353e-20 0 4.74347e-19 0 2.28904e-18 0 7.94139e-18 0 2.18917e-17 0 5.19207e-17 0 1.08653e-16 0 2.06931e-16 0 3.71945e-16 0 6.21733e-16 0 9.89175e-16 0 1.52957e-15 0 2.26208e-15 0 3.26299e-15 0 4.59628e-15 0 6.27652e-15 0 8.4584e-15 0 1.11638e-14 0
30.3095 7.8682e-06 4.0579e-06 3.8103e-06 0.484266 0.567224 1.28258e-25 0 8.19206e-23 0 2.46249e-20 0 5.11656e-19 0 3.85005e-18 0 1.72048e-17 0 5.61714e-17 0 1.47366e-16 0 3.35078e-16 0 6.7638e-16 0 1.24828e-15 0 2.18038e-15 0 3.55438e-15 0 5.52824e-15 0 8.3684e-15 0 1.21418e-14 0 1.72037e-14 0 2.38313e-14 0 3.20519e-14 0 4.25694e-14 0 5.54291e-14 0
31.8653 7.91061e-06 4.10933e-06 3.80129e-06 0.48053 0.548368 2.14449e-24 0 9.99227e-22 0 2.27332e-19 0 4.07318e-18 0 2.77733e-17 0 1.15363e-16 0 3.55503e-16 0 8.8976e-16 0 1.94359e-15 0 3.79102e-15 0 6.79024e-15 0 1.15419e-14 0 1.83716e-14 0 2.79644e-14 0 4.1483e-14 0 5.91041e-14 0 8.23319e-14 0 1.12249e-13 0 1.48801e-13 0 1.94909e-13 0 2.50539e-13 0
33.5009 7.91125e-06 4.12879e-06 3.78246e-06 0.478111 0.522208 3.06464e-23 0 1.05789e-20 0 1.84655e-18 0 2.87371e-17 0 1.78415e-16 0 6.91315e-16 0 2.01646e-15 0 4.82576e-15 0 1.01468e-14 0 1.91565e-14 0 3.33492e-14 0 5.5237e-14 0 8.59496e-14 0 1.28172e-13 0 1.86507e-13 0 2.61178e-13 0 3.5798e-13 0 4.80732e-13 0 6.28561e-13 0 8.1255e-13 0 1.03174e-12 0
35.2205 7.89573e-06 4.12444e-06 3.77128e-06 0.477636 0.488465 3.77855e-22 0 9.80548e-20 0 1.33023e-17 0 1.81054e-16 0 1.02821e-15 0 3.7291e-15 0 1.03233e-14 0 2.36751e-14 0 4.80063e-14 0 8.78634e-14 0 1.48875e-13 0 2.40585e-13 0 3.66359e-13 0 5.35775e-13 0 7.65476e-13 0 1.05447e-12 0 1.42321e-12 0 1.88392e-12 0 2.43121e-12 0 3.1037e-12 0 3.89525e-12 0
37.0284 7.8998e-06 4.10934e-06 3.79046e-06 0.479817 0.447828 4.06014e-21 0 8.03187e-19 0 8.57355e-17 0 1.02726e-15 0 5.35953e-15 0 1.82529e-14 0 4.8079e-14 0 1.05884e-13 0 2.07418e-13 0 3.68586e-13 0 6.08656e-13 0 9.60816e-13 0 1.43338e-12 0 2.05768e-12 0 2.88909e-12 0 3.91806e-12 0 5.21134e-12 0 6.80449e-12 0 8.67256e-12 0 1.09403e-11 0 1.3579e-11 0
38.9291 7.95964e-06 4.1031e-06 3.85653e-06 0.484511 0.403627 3.84554e-20 0 5.87651e-18 0 4.9938e-16 0 5.30022e-15 0 2.551e-14 0 8.18336e-14 0 2.05598e-13 0 4.35664e-13 0 8.25869e-13 0 1.42697e-12 0 2.29938e-12 0 3.54976e-12 0 5.19325e-12 0 7.32468e-12 0 1.01153e-11 0 1.35153e-11 0 1.77279e-11 0 2.28479e-11 0 2.87776e-11 0 3.5893e-11 0 4.40826e-11 0
40.9273 8.09659e-06 4.12108e-06 3.97551e-06 0.49101 0.359818 3.2428e-19 0 3.87653e-17 0 2.65191e-15 0 2.50804e-14 0 1.11798e-13 0 3.38796e-13 0 8.13751e-13 0 1.66227e-12 0 3.05421e-12 0 5.13814e-12 0 8.08886e-12 0 1.22255e-11 0 1.75566e-11 0 2.43499e-11 0 3.3101e-11 0 4.3606e-11 0 5.64448e-11 0 7.18511e-11 0 8.94848e-11 0 1.10413e-10 0 1.34251e-10 0
43.0281 8.31832e-06 4.1718e-06 4.14653e-06 0.498481 0.31987 2.454e-18 0 2.32254e-16 0 1.29265e-14 0 1.09551e-13 0 4.53966e-13 0 1.30322e-12 0 2.99911e-12 0 5.91639e-12 0 1.05525e-11 0 1.73074e-11 0 2.66496e-11 0 3.94742e-11 0 5.56944e-11 0 7.60211e-11 0 1.01804e-10 0 1.32321e-10 0 1.69135e-10 0 2.12777e-10 0 2.62173e-10 0 3.20185e-10 0 3.85617e-10 0
45.2368 8.60601e-06 4.2524e-06 4.35362e-06 0.505881 0.284912 1.67442e-17 0 1.26903e-15 0 5.80454e-14 0 4.43186e-13 0 1.71336e-12 0 4.6718e-12 0 1.03225e-11 0 1.96989e-11 0 3.41564e-11 0 5.46837e-11 0 8.2445e-11 0 1.198e-10 0 1.66209e-10 0 2.2345e-10 0 2.94999e-10 0 3.78549e-10 0 4.78105e-10 0 5.94769e-10 0 7.2541e-10 0 8.77322e-10 0 1.04706e-09 0
47.5588 8.92827e-06 4.35783e-06 4.57043e-06 0.511906 0.256124 1.0341e-16 0 6.34454e-15 0 2.40787e-13 0 1.66475e-12 0 6.02475e-12 0 1.56424e-11 0 3.32502e-11 0 6.14823e-11 0 1.03779e-10 0 1.62374e-10 0 2.39948e-10 0 3.42361e-10 0 4.67456e-10 0 6.19428e-10 0 8.06754e-10 0 1.02272e-09 0 1.27704e-09 0 1.57181e-09 0 1.89856e-09 0 2.27493e-09 0 2.69172e-09 0
50 9.23015e-06 4.47644e-06 4.75371e-06 0.51502 0.232885 5.79282e-16 0 2.90696e-14 0 9.23777e-13 0 5.81145e-12 0 1.97516e-11 0 4.89482e-11 0 1.00285e-10 0 1.79953e-10 0 2.96086e-10 0 4.53244e-10 0 6.57133e-10 0 9.21477e-10 0 1.23919e-09 0 1.61964e-09 0 2.08241e-09 0 2.60946e-09 0 3.22323e-09 0 3.92719e-09 0 4.70005e-09 0 5.58228e-09 0 6.55097e-09 0
52.5665 9.44722e-06 4.59544e-06 4.85178e-06 0.513567 0.216281 2.94904e-15 0 1.22237e-13 0 3.28088e-12 0 1.88673e-11 0 6.04071e-11 0 1.43212e-10 0 2.83316e-10 0 4.94077e-10 0 7.93404e-10 0 1.18954e-09 0 1.69365e-09 0 2.33608e-09 0 3.09641e-09 0 3.9945e-09 0 5.07319e-09 0 6.28755e-09 0 7.68675e-09 0 9.27568e-09 0 1.10042e-08 0 1.29604e-08 0 1.5091e-08 0
55.2648 9.51357e-06 4.69671e-06 4.81686e-06 0.506314 0.206893 1.36547e-14 0 4.71878e-13 0 1.07859e-11 0 5.6949e-11 0 1.72262e-10 0 3.91539e-10 0 7.49206e-10 0 1.27155e-09 0 1.99522e-09 0 2.93284e-09 0 4.10432e-09 0 5.57294e-09 0 7.28587e-09 0 9.28292e-09 0 1.16529e-08 0 1.42917e-08 0 1.73016e-08 0 2.06873e-08 0 2.43384e-08 0 2.8437e-08 0 3.28668e-08 0
58.1015 9.37341e-06 4.75525e-06 4.61815e-06 0.492686 0.205877 5.74716e-14 0 1.67064e-12 0 3.27761e-11 0 1.59553e-10 0 4.57232e-10 0 9.98422e-10 0 1.85089e-09 0 3.06123e-09 0 4.69893e-09 0 6.77845e-09 0 9.33161e-09 0 1.24829e-08 0 1.61075e-08 0 2.02813e-08 0 2.51781e-08 0 3.05735e-08 0 3.66686e-08 0 4.34633e-08 0 5.07299e-08 0 5.88242e-08 0 6.75087e-08 0
61.0839 8.99788e-06 4.73634e-06 4.26155e-06 0.473617 0.213784 2.19278e-13 0 5.40722e-12 0 9.17351e-11 0 4.13355e-10 0 1.12521e-09 0 2.3651e-09 0 4.25429e-09 0 6.86552e-09 0 1.03203e-08 0 1.46235e-08 0 1.98199e-08 0 2.6139e-08 0 3.33117e-08 0 4.14742e-08 0 5.09473e-08 0 6.1281e-08 0 7.28484e-08 0 8.56336e-08 0 9.91991e-08 0 1.14198e-07 0 1.3018e-07 0
64.2193 8.37739e-06 4.59249e-06 3.7849e-06 0.4518 0.228975 7.53511e-13 0 1.58894e-11 0 2.34766e-10 0 9.82885e-10 0 2.54787e-09 0 5.16468e-09 0 9.0276e-09 0 1.42322e-08 0 2.09723e-08 0 2.92157e-08 0 3.90138e-08 0 5.0762e-08 0 6.393e-08 0 7.87479e-08 0 9.57678e-08 0 1.14159e-07 0 1.34566e-07 0 1.56939e-07 0 1.805e-07 0 2.06369e-07 0 2.3375e-07 0
67.5157 7.5206e-06 4.27984e-06 3.24076e-06 0.430917 0.247134 2.31112e-12 0 4.19948e-11 0 5.44031e-10 0 2.12387e-09 0 5.2554e-09 0 1.02917e-08 0 1.75056e-08 0 2.69912e-08 0 3.90281e-08 0 5.34957e-08 0 7.04349e-08 0 9.04746e-08 0 1.12669e-07 0 1.37378e-07 0 1.65481e-07 0 1.95575e-07 0 2.28693e-07 0 2.6472e-07 0 3.02389e-07 0 3.43474e-07 0 3.86686e-07 0
70.9813 6.49369e-06 3.80256e-06 2.69112e-06 0.414421 0.261643 6.2988e-12 0 9.93443e-11 0 1.13569e-09 0 4.14843e-09 0 9.82086e-09 0 1.86115e-08 0 3.08466e-08 0 4.65663e-08 0 6.61312e-08 0 8.92611e-08 0 1.15957e-07 0 1.47139e-07 0 1.81281e-07 0 2.18908e-07 0 2.61304e-07 0 3.06315e-07 0 3.5546e-07 0 4.0853e-07 0 4.63641e-07 0 5.23369e-07 0 5.85815e-07 0
74.6248 5.41049e-06 3.22733e-06 2.18316e-06 0.403505 0.2673 1.53369e-11 0 2.11416e-10 0 2.14581e-09 0 7.35779e-09 0 1.67009e-08 0 3.06773e-08 0 4.96054e-08 0 7.3394e-08 0 1.02461e-07 0 1.36287e-07 0 1.748e-07 0 2.19241e-07 0 2.67375e-07 0 3.19913e-07 0 3.78585e-07 0 4.40367e-07 0 5.07321e-07 0 5.79115e-07 0 6.5319e-07 0 7.32986e-07 0 8.1594e-07 0
78.4553 4.3942e-06 2.6477e-06 1.7465e-06 0.397456 0.262805 3.38705e-11 0 4.10762e-10 0 3.72311e-09 0 1.20208e-08 0 2.62147e-08 0 4.67443e-08 0 7.38329e-08 0 1.07171e-07 0 1.47197e-07 0 1.93084e-07 0 2.44656e-07 0 3.03482e-07 0 3.66542e-07 0 4.3474e-07 0 5.10259e-07 0 5.89165e-07 0 6.74068e-07 0 7.64503e-07 0 8.57239e-07 0 9.56564e-07 0 1.05926e-06 0
82.4824 3.51865e-06 2.13044e-06 1.38822e-06 0.39453 0.250128 6.9052e-11 0 7.41365e-10 0 6.03402e-09 0 1.83985e-08 0 3.86243e-08 0 6.69547e-08 0 1.03421e-07 0 1.47413e-07 0 1.99355e-07 0 2.58061e-07 0 3.23231e-07 0 3.96753e-07 0 4.74797e-07 0 5.58466e-07 0 6.50371e-07 0 7.4569e-07 0 8.4756e-07 0 9.55381e-07 0 1.0653e-06 0 1.18239e-06 0 1.30283e-06 0
86.7162 2.80263e-06 1.7019e-06 1.10073e-06 0.39275 0.232554 1.3194e-10 0 1.26154e-09 0 9.26866e-09 0 2.67641e-08 0 5.41884e-08 0 9.14454e-08 0 1.38284e-07 0 1.93723e-07 0 2.58151e-07 0 3.29985e-07 0 4.088e-07 0 4.9679e-07 0 5.89323e-07 0 6.87702e-07 0 7.94939e-07 0 9.05381e-07 0 1.02265e-06 0 1.14603e-06 0 1.27111e-06 0 1.40365e-06 0 1.53932e-06 0
91.1674 2.23378e-06 1.36097e-06 8.72812e-07 0.390734 0.213005 2.38905e-10 0 2.04587e-09 0 1.36366e-08 0 3.73902e-08 0 7.31399e-08 0 1.20313e-07 0 1.78301e-07 0 2.45706e-07 0 3.22865e-07 0 4.07789e-07 0 4.99932e-07 0 6.01782e-07 0 7.07943e-07 0 8.1992e-07 0 9.41094e-07 0 1.06505e-06 0 1.19588e-06 0 1.33272e-06 0 1.47071e-06 0 1.61623e-06 0 1.76448e-06 0
95.847 1.78761e-06 1.09459e-06 6.93013e-07 0.387677 0.193342 4.12982e-10 0 3.18455e-09 0 1.93488e-08 0 5.0503e-08 0 9.56064e-08 0 1.53495e-07 0 2.23148e-07 0 3.02729e-07 0 3.92526e-07 0 4.90154e-07 0 5.9496e-07 0 7.09716e-07 0 8.28321e-07 0 9.52486e-07 0 1.08592e-06 0 1.22155e-06 0 1.36386e-06 0 1.51191e-06 0 1.66045e-06 0 1.81635e-06 0 1.97448e-06 0
100.767 1.44026e-06 8.88439e-07 5.51818e-07 0.383139 0.174591 6.85608e-10 0 4.78497e-09 0 2.66212e-08 0 6.63051e-08 0 1.2167e-07 0 1.90876e-07 0 2.72469e-07 0 3.64177e-07 0 4.6625e-07 0 5.75935e-07 0 6.92501e-07 0 8.18988e-07 0 9.48669e-07 0 1.08346e-06 0 1.22736e-06 0 1.37275e-06 0 1.52445e-06 0 1.68145e-06 0 1.83822e-06 0 2.00202e-06 0 2.16747e-06 0
105.939 1.16831e-06 7.28205e-07 4.40104e-07 0.376702 0.157134 1.09646e-09 0 6.95981e-09 0 3.56086e-08 0 8.48251e-08 0 1.51109e-07 0 2.31905e-07 0 3.25333e-07 0 4.28718e-07 0 5.423e-07 0 6.63002e-07 0 7.90049e-07 0 9.26733e-07 0 1.0658e-06 0 1.20936e-06 0 1.36167e-06 0 1.51467e-06 0 1.67347e-06 0 1.83701e-06 0 1.99956e-06 0 2.16869e-06 0 2.33882e-06 0
111.377 9.52881e-07 6.01164e-07 3.51717e-07 0.369109 0.141323 1.68865e-09 0 9.79396e-09 0 4.62702e-08 0 1.05649e-07 0 1.82974e-07 0 2.74996e-07 0 3.79462e-07 0 4.93357e-07 0 6.16945e-07 0 7.46897e-07 0 8.82436e-07 0 1.02707e-06 0 1.17316e-06 0 1.323e-06 0 1.48102e-06 0 1.63889e-06 0 1.80193e-06 0 1.96903e-06 0 2.13442e-06 0 2.30579e-06 0 2.47754e-06 0
117.094 7.82267e-07 5.00508e-07 2.81759e-07 0.360182 0.127095 2.51326e-09 0 1.33778e-08 0 5.85873e-08 0 1.28488e-07 0 2.16641e-07 0 3.19183e-07 0 4.33565e-07 0 5.56522e-07 0 6.88381e-07 0 8.2564e-07 0 9.6756e-07 0 1.11784e-06 0 1.26858e-06 0 1.42224e-06 0 1.58336e-06 0 1.74351e-06 0 1.90809e-06 0 2.07604e-06 0 2.24158e-06 0 2.41245e-06 0 2.58306e-06 0
123.105 6.46541e-07 4.20337e-07 2.26204e-07 0.349868 0.114279 3.62309e-09 0 1.77734e-08 0 7.24228e-08 0 1.52856e-07 0 2.51238e-07 0 3.63219e-07 0 4.86061e-07 0 6.16348e-07 0 7.54509e-07 0 8.9696e-07 0 1.04303e-06 0 1.19657e-06 0 1.34957e-06 0 1.50462e-06 0 1.66634e-06 0 1.82627e-06 0 1.98989e-06 0 2.15615e-06 0 2.31938e-06 0 2.48725e-06 0 2.65429e-06 0
129.424 5.37919e-07 3.56026e-07 1.81893e-07 0.338143 0.102784 5.06822e-09 0 2.30052e-08 0 8.75273e-08 0 1.7812e-07 0 2.85747e-07 0 4.05743e-07 0 5.353e-07 0 6.70964e-07 0 8.13301e-07 0 9.58726e-07 0 1.10668e-06 0 1.26111e-06 0 1.41404e-06 0 1.56816e-06 0 1.72807e-06 0 1.88548e-06 0 2.04583e-06 0 2.20811e-06 0 2.36683e-06 0 2.52951e-06 0 2.69085e-06 0
136.067 4.49126e-07 3.02655e-07 1.46471e-07 0.326126 0.0925155 6.8591e-09 0 2.89176e-08 0 1.03074e-07 0 2.02607e-07 0 3.17617e-07 0 4.43345e-07 0 5.77052e-07 0 7.15369e-07 0 8.59025e-07 0 1.00453e-06 0 1.15147e-06 0 1.30382e-06 0 1.45379e-06 0 1.60412e-06 0 1.75936e-06 0 1.91148e-06 0 2.06581e-06 0 2.22139e-06 0 2.37302e-06 0 2.52792e-06 0 2.68108e-06 0
143.051 3.77892e-07 2.59728e-07 1.18164e-07 0.312693 0.0832725 9.04939e-09 0 3.55636e-08 0 1.19136e-07 0 2.26582e-07 0 3.47491e-07 0 4.77216e-07 0 6.13202e-07 0 7.52258e-07 0 8.95296e-07 0 1.03899e-06 0 1.18307e-06 0 1.3315e-06 0 1.4768e-06 0 1.62173e-06 0 1.77068e-06 0 1.91602e-06 0 2.0629e-06 0 2.21043e-06 0 2.35374e-06 0 2.49968e-06 0 2.64354e-06 0
150.394 3.18623e-07 2.23159e-07 9.54638e-08 0.299613 0.0750223 1.1563e-08 0 4.25048e-08 0 1.34229e-07 0 2.47401e-07 0 3.71586e-07 0 5.0247e-07 0 6.37806e-07 0 7.74683e-07 0 9.14195e-07 0 1.05325e-06 0 1.19174e-06 0 1.33357e-06 0 1.47165e-06 0 1.60872e-06 0 1.74899e-06 0 1.8853e-06 0 2.02254e-06 0 2.15991e-06 0 2.29294e-06 0 2.42799e-06 0 2.56075e-06 0
158.114 2.71074e-07 1.9388e-07 7.71941e-08 0.284771 0.0675797 1.44751e-08 0 4.99331e-08 0 1.49081e-07 0 2.66698e-07 0 3.927e-07 0 5.23264e-07 0 6.56524e-07 0 7.89901e-07 0 9.24665e-07 0 1.058e-06 0 1.18993e-06 0 1.32428e-06 0 1.45441e-06 0 1.58301e-06 0 1.71405e-06 0 1.84091e-06 0 1.96819e-06 0 2.09517e-06 0 2.21776e-06 0 2.34187e-06 0 2.46355e-06 0
166.23 2.30907e-07 1.68426e-07 6.2481e-08 0.270589 0.06092 1.75824e-08 0 5.70945e-08 0 1.61601e-07 0 2.81011e-07 0 4.06043e-07 0 5.33528e-07 0 6.62047e-07 0 7.89406e-07 0 9.17029e-07 0 1.04241e-06 0 1.16572e-06 0 1.29061e-06 0 1.41099e-06 0 1.52944e-06 0 1.64967e-06 0 1.76564e-06 0 1.8816e-06 0 1.99694e-06 0 2.10796e-06 0 2.22006e-06 0 2.32969e-06 0
174.763 1.96843e-07 1.46179e-07 5.06641e-08 0.257383 0.0549677 2.07359e-08 0 6.35729e-08 0 1.71032e-07 0 2.89495e-07 0 4.10868e-07 0 5.32739e-07 0 6.54162e-07 0 7.73359e-07 0 8.9187e-07 0 1.00752e-06 0 1.12061e-06 0 1.23455e-06 0 1.34388e-06 0 1.45102e-06 0 1.55935e-06 0 1.66349e-06 0 1.76729e-06 0 1.87023e-06 0 1.96906e-06 0 2.06858e-06 0 2.16568e-06 0
183.733 1.69448e-07 1.28339e-07 4.11088e-08 0.242605 0.0495909 2.40745e-08 0 6.98815e-08 0 1.79146e-07 0 2.95552e-07 0 4.12376e-07 0 5.27983e-07 0 6.41885e-07 0 7.52703e-07 0 8.62065e-07 0 9.6811e-07 0 1.07124e-06 0 1.17464e-06 0 1.27343e-06 0 1.36986e-06 0 1.46702e-06 0 1.56012e-06 0 1.65264e-06 0 1.74413e-06 0 1.83174e-06 0 1.91976e-06 0 2.00543e-06 0
193.164 1.45941e-07 1.12566e-07 3.3375e-08 0.228688 0.0447601 2.72108e-08 0 7.49834e-08 0 1.83604e-07 0 2.95614e-07 0 4.05836e-07 0 5.1341e-07 0 6.18283e-07 0 7.19452e-07 0 8.18589e-07 0 9.14142e-07 0 1.00659e-06 0 1.09885e-06 0 1.18663e-06 0 1.27201e-06 0 1.35774e-06 0 1.43963e-06 0 1.52079e-06 0 1.60083e-06 0 1.67728e-06 0 1.75392e-06 0 1.82837e-06 0
203.079 1.2597e-07 9.88475e-08 2.71229e-08 0.215312 0.0404186 3.00437e-08 0 7.87965e-08 0 1.84705e-07 0 2.9058e-07 0 3.92836e-07 0 4.91333e-07 0 5.86397e-07 0 6.77369e-07 0 7.65919e-07 0 8.50782e-07 0 9.32482e-07 0 1.01367e-06 0 1.09061e-06 0 1.16518e-06 0 1.23982e-06 0 1.31092e-06 0 1.38118e-06 0 1.45031e-06 0 1.5162e-06 0 1.5821e-06 0 1.64598e-06 0
213.503 1.09449e-07 8.7383e-08 2.20659e-08 0.201609 0.0365098 3.26224e-08 0 8.1631e-08 0 1.8358e-07 0 2.82526e-07 0 3.76409e-07 0 4.65722e-07 0 5.51105e-07 0 6.32192e-07 0 7.10623e-07 0 7.85384e-07 0 8.57025e-07 0 9.2792e-07 0 9.94862e-07 0 1.05953e-06 0 1.12407e-06 0 1.18537e-06 0 1.2458e-06 0 1.30512e-06 0 1.36152e-06 0 1.41783e-06 0 1.47231e-06 0
224.463 9.49978e-08 7.70393e-08 1.79584e-08 0.189041 0.0329896 3.45499e-08 0 8.26762e-08 0 1.7875e-07 0 2.69406e-07 0 3.53988e-07 0 4.33508e-07 0 5.08848e-07 0 5.79884e-07 0 6.48182e-07 0 7.12954e-07 0 7.74751e-07 0 8.35666e-07 0 8.92986e-07 0 9.48189e-07 0 1.00313e-06 0 1.05517e-06 0 1.10635e-06 0 1.15648e-06 0 1.20405e-06 0 1.25145e-06 0 1.29723e-06 0
235.984 8.29079e-08 6.82879e-08 1.462e-08 0.17634 0.0298096 3.602e-08 0 8.26106e-08 0 1.7205e-07 0 2.54217e-07 0 3.29666e-07 0 3.99812e-07 0 4.65707e-07 0 5.27416e-07 0 5.86413e-07 0 6.42095e-07 0 6.95e-07 0 7.4696e-07 0 7.95692e-07 0 8.42489e-07 0 8.88935e-07 0 9.32827e-07 0 9.75901e-07 0 1.018e-06 0 1.05787e-06 0 1.09752e-06 0 1.13576e-06 0
248.097 7.23188e-08 6.04e-08 1.19188e-08 0.16481 0.0269635 3.67263e-08 0 8.08996e-08 0 1.62607e-07 0 2.35788e-07 0 3.01977e-07 0 3.62869e-07 0 4.19612e-07 0 4.72411e-07 0 5.2262e-07 0 5.69795e-07 0 6.14443e-07 0 6.58141e-07 0 6.98999e-07 0 7.38127e-07 0 7.76865e-07 0 8.13388e-07 0 8.49156e-07 0 8.84043e-07 0 9.17027e-07 0 9.49778e-07 0 9.81305e-07 0
260.832 6.2629e-08 5.29126e-08 9.71637e-09 0.155142 0.024379 3.63873e-08 0 7.7139e-08 0 1.49909e-07 0 2.13533e-07 0 2.70262e-07 0 3.21933e-07 0 3.6972e-07 0 4.13917e-07 0 4.55736e-07 0 4.94861e-07 0 5.31755e-07 0 5.67746e-07 0 6.01302e-07 0 6.33354e-07 0 6.65012e-07 0 6.94796e-07 0 7.23906e-07 0 7.52247e-07 0 7.78997e-07 0 8.05516e-07 0 8.31007e-07 0
274.221 5.42607e-08 4.63413e-08 7.91937e-09 0.145951 0.0220308 3.53942e-08 0 7.23521e-08 0 1.36181e-07 0 1.90728e-07 0 2.38712e-07 0 2.82009e-07 0 3.21767e-07 0 3.58329e-07 0 3.92761e-07 0 4.24847e-07 0 4.54998e-07 0 4.84323e-07 0 5.11589e-07 0 5.37571e-07 0 5.63177e-07 0 5.87218e-07 0 6.10673e-07 0 6.33468e-07 0 6.5495e-07 0 6.76215e-07 0 6.96627e-07 0
288.297 4.72954e-08 4.08412e-08 6.4542e-09 0.136466 0.019898 3.40528e-08 0 6.72469e-08 0 1.22793e-07 0 1.69246e-07 0 2.09594e-07 0 2.4568e-07 0 2.78595e-07 0 3.08703e-07 0 3.36932e-07 0 3.63138e-07 0 3.87686e-07 0 4.11492e-07 0 4.33571e-07 0 4.54562e-07 0 4.75208e-07 0 4.94555e-07 0 5.13397e-07 0 5.31681e-07 0 5.48885e-07 0 5.65893e-07 0 5.82197e-07 0
303.095 4.12382e-08 3.59731e-08 5.26513e-09 0.127676 0.017976 3.22123e-08 0 6.15618e-08 0 1.09229e-07 0 1.48287e-07 0 1.81808e-07 0 2.11541e-07 0 2.3849e-07 0 2.63017e-07 0 2.85919e-07 0 3.07106e-07 0 3.26891e-07 0 3.46029e-07 0 3.63735e-07 0 3.80534e-07 0 3.97024e-07 0 4.1245e-07 0 4.27449e-07 0 4.41982e-07 0 4.55638e-07 0 4.6912e-07 0 4.8203e-07 0
318.653 3.63368e-08 3.20416e-08 4.29525e-09 0.118207 0.0162377 3.03394e-08 0 5.62088e-08 0 9.70557e-08 0 1.29886e-07 0 1.57747e-07 0 1.82268e-07 0 2.04362e-07 0 2.24376e-07 0 2.42993e-07 0 2.60157e-07 0 2.76142e-07 0 2.91565e-07 0 3.05803e-07 0 3.19285e-07 0 3.32495e-07 0 3.44832e-07 0 3.5681e-07 0 3.684e-07 0 3.79276e-07 0 3.90002e-07 0 4.00259e-07 0
335.009 3.1888e-08 2.8384e-08 3.50396e-09 0.109883 0.0146679 2.80042e-08 0 5.03775e-08 0 8.47769e-08 0 1.11928e-07 0 1.34727e-07 0 1.54647e-07 0 1.72496e-07 0 1.88596e-07 0 2.03515e-07 0 2.1723e-07 0 2.29969e-07 0 2.42231e-07 0 2.53527e-07 0 2.64204e-07 0 2.74649e-07 0 2.84389e-07 0 2.93832e-07 0 3.02956e-07 0 3.11509e-07 0 3.19934e-07 0 3.27983e-07 0
352.205 2.7957e-08 2.50973e-08 2.85975e-09 0.102291 0.0132519 2.54433e-08 0 4.45123e-08 0 7.31061e-08 0 9.52934e-08 0 1.13741e-07 0 1.29748e-07 0 1.44019e-07 0 1.56837e-07 0 1.68677e-07 0 1.79529e-07 0 1.89584e-07 0 1.99242e-07 0 2.08123e-07 0 2.16502e-07 0 2.24687e-07 0 2.32308e-07 0 2.39687e-07 0 2.46809e-07 0 2.53477e-07 0 2.60039e-07 0 2.66302e-07 0
370.284 2.48396e-08 2.25043e-08 2.33529e-09 0.0940148 0.0119741 2.3135e-08 0 3.94203e-08 0 6.32716e-08 0 8.14849e-08 0 9.64885e-08 0 1.09425e-07 0 1.20903e-07 0 1.31173e-07 0 1.4063e-07 0 1.49275e-07 0 1.57267e-07 0 1.64927e-07 0 1.71959e-07 0 1.78583e-07 0 1.85044e-07 0 1.91052e-07 0 1.96863e-07 0 2.02465e-07 0 2.07704e-07 0 2.12855e-07 0 2.17768e-07 0
389.291 2.1988e-08 2.00812e-08 1.90685e-09 0.086722 0.0108195 2.06736e-08 0 3.43583e-08 0 5.39628e-08 0 6.87102e-08 0 8.07542e-08 0 9.10775e-08 0 1.00196e-07 0 1.08326e-07 0 1.1579e-07 0 1.22597e-07 0 1.28876e-07 0 1.34884e-07 0 1.4039e-07 0 1.45569e-07 0 1.50613e-07 0 1.55299e-07 0 1.59825e-07 0 1.64184e-07 0 1.68258e-07 0 1.72259e-07 0 1.76071e-07 0
409.273 1.95543e-08 1.79974e-08 1.55689e-09 0.0796191 0.00977585 1.83366e-08 0 2.97644e-08 0 4.58e-08 0 5.76946e-08 0 6.73309e-08 0 7.5545e-08 0 8.27701e-08 0 8.91913e-08 0 9.50705e-08 0 1.0042e-07 0 1.05345e-07 0 1.10049e-07 0 1.14353e-07 0 1.18397e-07 0 1.2233e-07 0 1.2598e-07 0 1.29501e-07 0 1.3289e-07 0 1.36054e-07 0 1.39159e-07 0 1.42115e-07 0
430.281 1.74819e-08 1.62098e-08 1.27204e-09 0.0727636 0.00883456 1.61626e-08 0 2.56579e-08 0 3.87261e-08 0 4.82936e-08 0 5.59867e-08 0 6.25108e-08 0 6.82274e-08 0 7.32925e-08 0 7.79185e-08 0 8.21186e-08 0 8.59787e-08 0 8.96598e-08 0 9.3023e-08 0 9.61787e-08 0 9.92451e-08 0 1.02087e-07 0 1.04827e-07 0 1.07461e-07 0 1.09918e-07 0 1.12328e-07 0 1.14621e-07 0
452.368 1.5607e-08 1.45676e-08 1.03941e-09 0.0665986 0.00798434 1.40654e-08 0 2.18645e-08 0 3.24058e-08 0 4.00297e-08 0 4.61175e-08 0 5.12558e-08 0 5.5742e-08 0 5.97058e-08 0 6.33176e-08 0 6.65904e-08 0 6.95934e-08 0 7.24528e-08 0 7.5062e-08 0 7.75074e-08 0 7.9881e-08 0 8.20789e-08 0 8.4196e-08 0 8.62296e-08 0 8.81253e-08 0 8.99831e-08 0 9.17496e-08 0
475.588 1.40516e-08 1.32022e-08 8.49309e-10 0.0604423 0.00721686 1.2221e-08 0 1.8625e-08 0 2.71358e-08 0 3.32217e-08 0 3.80501e-08 0 4.21075e-08 0 4.56384e-08 0 4.875e-08 0 5.15792e-08 0 5.41383e-08 0 5.64828e-08 0 5.87122e-08 0 6.07441e-08 0 6.26464e-08 0 6.44911e-08 0 6.61977e-08 0 6.78403e-08 0 6.94169e-08 0 7.08856e-08 0 7.2324e-08 0 7.36909e-08 0
500 1.26122e-08 1.19183e-08 6.93955e-10 0.0550224 0.00652309 1.04781e-08 0 1.56735e-08 0 2.24707e-08 0 2.72802e-08 0 3.10732e-08 0 3.42477e-08 0 3.70018e-08 0 3.94231e-08 0 4.16203e-08 0 4.36045e-08 0 4.54196e-08 0 4.71436e-08 0 4.8713e-08 0 5.01809e-08 0 5.16032e-08 0 5.29178e-08 0 5.41823e-08 0 5.53951e-08 0 5.65242e-08 0 5.76294e-08 0 5.86791e-08 0
525.665 1.14144e-08 1.08469e-08 5.67503e-10 0.0497181 0.00589843 8.97701e-09 0 1.31942e-08 0 1.86318e-08 0 2.24419e-08 0 2.54302e-08 0 2.79218e-08 0 3.00774e-08 0 3.19684e-08 0 3.36812e-08 0 3.52256e-08 0 3.66366e-08 0 3.79752e-08 0 3.91926e-08 0 4.03302e-08 0 4.14316e-08 0 4.24488e-08 0 4.34266e-08 0 4.43638e-08 0 4.52359e-08 0 4.6089e-08 0 4.68988e-08 0
552.648 1.03176e-08 9.85362e-09 4.64006e-10 0.0449722 0.00533331 7.61284e-09 0 1.10058e-08 0 1.53217e-08 0 1.83186e-08 0 2.06573e-08 0 2.26004e-08 0 2.42773e-08 0 2.57452e-08 0 2.70727e-08 0 2.82679e-08 0 2.93586e-08 0 3.03923e-08 0 3.13315e-08 0 3.22084e-08 0 3.30567e-08 0 3.38398e-08 0 3.45919e-08 0 3.53125e-08 0 3.59826e-08 0 3.66378e-08 0 3.72595e-08 0
581.015 9.37605e-09 8.99673e-09 3.79322e-10 0.0404565 0.00482208 6.43792e-09 0 9.16361e-09 0 1.25876e-08 0 1.49455e-08 0 1.67768e-08 0 1.82936e-08 0 1.95994e-08 0 2.07404e-08 0 2.17707e-08 0 2.26971e-08 0 2.35416e-08 0 2.43412e-08 0 2.5067e-08 0 2.57442e-08 0 2.63989e-08 0 2.70028e-08 0 2.75826e-08 0 2.81377e-08 0 2.86538e-08 0 2.91581e-08 0 2.96364e-08 0
610.839 8.5195e-09 8.2093e-09 3.10199e-10 0.0364105 0.00436071 5.40086e-09 0 7.57597e-09 0 1.02769e-08 0 1.21225e-08 0 1.35498e-08 0 1.47286e-08 0 1.57411e-08 0 1.66244e-08 0 1.74208e-08 0 1.81361e-08 0 1.87875e-08 0 1.94036e-08 0 1.99626e-08 0 2.04837e-08 0 2.09872e-08 0 2.14514e-08 0 2.18968e-08 0 2.2323e-08 0 2.2719e-08 0 2.3106e-08 0 2.34728e-08 0
642.193 7.76884e-09 7.51506e-09 2.53782e-10 0.0326667 0.0039445 4.51401e-09 0 6.24564e-09 0 8.373e-09 0 9.81643e-09 0 1.09283e-08 0 1.1844e-08 0 1.26291e-08 0 1.33128e-08 0 1.39286e-08 0 1.4481e-08 0 1.49836e-08 0 1.54587e-08 0 1.58893e-08 0 1.62905e-08 0 1.6678e-08 0 1.70349e-08 0 1.73773e-08 0 1.77049e-08 0 1.8009e-08 0 1.83061e-08 0 1.85877e-08 0
675.157 7.10084e-09 6.89326e-09 2.07584e-10 0.0292337 0.00356782 3.75569e-09 0 5.12986e-09 0 6.80153e-09 0 7.92839e-09 0 8.79323e-09 0 9.50379e-09 0 1.01118e-08 0 1.06406e-08 0 1.11163e-08 0 1.15426e-08 0 1.19302e-08 0 1.22962e-08 0 1.26278e-08 0 1.29366e-08 0 1.32346e-08 0 1.35091e-08 0 1.37722e-08 0 1.40238e-08 0 1.42573e-08 0 1.44854e-08 0 1.47014e-08 0
709.813 6.5058e-09 6.33604e-09 1.69763e-10 0.026094 0.00322693 3.11208e-09 0 4.19964e-09 0 5.51071e-09 0 6.3892e-09 0 7.06118e-09 0 7.61205e-09 0 8.08265e-09 0 8.49139e-09 0 8.85863e-09 0 9.18752e-09 0 9.48626e-09 0 9.76822e-09 0 1.00235e-08 0 1.02611e-08 0 1.04903e-08 0 1.07013e-08 0 1.09034e-08 0 1.10967e-08 0 1.12761e-08 0 1.14511e-08 0 1.16169e-08 0
746.248 5.96904e-09 5.83013e-09 1.38913e-10 0.0232723 0.00291913 2.5667e-09 0 3.42457e-09 0 4.45015e-09 0 5.13358e-09 0 5.65476e-09 0 6.08112e-09 0 6.4448e-09 0 6.7603e-09 0 7.04349e-09 0 7.29689e-09 0 7.52691e-09 0 7.74387e-09 0 7.94018e-09 0 8.12282e-09 0 8.29891e-09 0 8.46096e-09 0 8.6162e-09 0 8.76453e-09 0 8.90216e-09 0 9.03644e-09 0 9.16359e-09 0
784.553 5.48555e-09 5.37189e-09 1.13666e-10 0.0207209 0.00264068 2.10833e-09 0 2.78319e-09 0 3.58384e-09 0 4.11469e-09 0 4.51838e-09 0 4.84801e-09 0 5.12879e-09 0 5.3721e-09 0 5.59031e-09 0 5.78541e-09 0 5.96239e-09 0 6.12923e-09 0 6.28013e-09 0 6.42045e-09 0 6.55568e-09 0 6.68009e-09 0 6.79923e-09 0 6.91303e-09 0 7.01859e-09 0 7.12156e-09 0 7.21904e-09 0
824.824 5.04726e-09 4.95427e-09 9.29937e-11 0.0184246 0.00238892 1.72465e-09 0 2.25407e-09 0 2.87777e-09 0 3.2894e-09 0 3.60162e-09 0 3.85613e-09 0 4.07264e-09 0 4.26007e-09 0 4.42803e-09 0 4.5781e-09 0 4.71415e-09 0 4.84235e-09 0 4.95824e-09 0 5.06596e-09 0 5.16974e-09 0 5.26518e-09 0 5.35655e-09 0 5.44381e-09 0 5.52473e-09 0 5.60364e-09 0 5.67832e-09 0
867.163 4.64128e-09 4.5652e-09 7.60785e-11 0.0163917 0.00216127 1.40289e-09 0 1.81644e-09 0 2.30051e-09 0 2.61864e-09 0 2.85939e-09 0 3.05532e-09 0 3.22181e-09 0 3.3658e-09 0 3.49474e-09 0 3.60988e-09 0 3.7142e-09 0 3.81245e-09 0 3.90124e-09 0 3.98374e-09 0 4.0632e-09 0 4.13624e-09 0 4.20616e-09 0 4.27291e-09 0 4.33479e-09 0 4.39513e-09 0 4.45222e-09 0
911.674 4.26488e-09 4.2026e-09 6.22806e-11 0.0146031 0.00195581 1.13497e-09 0 1.45669e-09 0 1.83106e-09 0 2.07614e-09 0 2.26122e-09 0 2.41163e-09 0 2.5393e-09 0 2.64963e-09 0 2.74835e-09 0 2.83646e-09 0 2.91626e-09 0 2.99138e-09 0 3.05924e-09 0 3.12227e-09 0 3.18296e-09 0 3.23874e-09 0 3.29211e-09 0 3.34305e-09 0 3.39027e-09 0 3.43631e-09 0 3.47986e-09 0
958.471 3.92515e-09 3.87417e-09 5.0978e-11 0.0129875 0.00177005 9.15646e-10 0 1.16555e-09 0 1.4548e-09 0 1.64349e-09 0 1.78571e-09 0 1.90113e-09 0 1.99901e-09 0 2.08353e-09 0 2.15912e-09 0 2.22654e-09 0 2.28758e-09 0 2.34502e-09 0 2.39688e-09 0 2.44504e-09 0 2.4914e-09 0 2.534e-09 0 2.57475e-09 0 2.61364e-09 0 2.64968e-09 0 2.68481e-09 0 2.71804e-09 0
1007.67 3.60832e-09 3.56661e-09 4.17161e-11 0.0115611 0.00160179 7.34822e-10 0 9.28178e-10 0 1.15088e-09 0 1.29569e-09 0 1.40464e-09 0 1.49296e-09 0 1.56779e-09 0 1.63236e-09 0 1.69008e-09 0 1.74153e-09 0 1.7881e-09 0 1.8319e-09 0 1.87144e-09 0 1.90815e-09 0 1.94348e-09 0 1.97593e-09 0 2.00697e-09 0 2.03659e-09 0 2.06403e-09 0 2.09077e-09 0 2.11606e-09 0
1059.39 3.33034e-09 3.2962e-09 3.41427e-11 0.010252 0.0014494 5.89819e-10 0 7.39643e-10 0 9.1143e-10 0 1.02281e-09 0 1.10647e-09 0 1.17422e-09 0 1.23157e-09 0 1.28104e-09 0 1.32522e-09 0 1.3646e-09 0 1.40022e-09 0 1.43372e-09 0 1.46395e-09 0 1.492e-09 0 1.519e-09 0 1.54379e-09 0 1.5675e-09 0 1.59012e-09 0 1.61108e-09 0 1.63149e-09 0 1.6508e-09 0
1113.77 3.06774e-09 3.03978e-09 2.79511e-11 0.00911133 0.00131162 4.7079e-10 0 5.86381e-10 0 7.18376e-10 0 8.03727e-10 0 8.67744e-10 0 9.19533e-10 0 9.63346e-10 0 1.00111e-09 0 1.03482e-09 0 1.06486e-09 0 1.09202e-09 0 1.11756e-09 0 1.1406e-09 0 1.16198e-09 0 1.18254e-09 0 1.20143e-09 0 1.21948e-09 0 1.23671e-09 0 1.25266e-09 0 1.2682e-09 0 1.2829e-09 0
1170.94 2.81917e-09 2.79629e-09 2.28761e-11 0.00811449 0.00118686 3.73628e-10 0 4.62407e-10 0 5.63408e-10 0 6.28559e-10 0 6.77359e-10 0 7.16804e-10 0 7.5015e-10 0 7.78877e-10 0 8.04516e-10 0 8.27349e-10 0 8.4799e-10 0 8.6739e-10 0 8.8489e-10 0 9.01125e-10 0 9.16739e-10 0 9.31074e-10 0 9.44779e-10 0 9.57849e-10 0 9.69953e-10 0 9.81745e-10 0 9.92893e-10 0
1231.05 2.59052e-09 2.57179e-09 1.87214e-11 0.00722689 0.00107415 2.95561e-10 0 3.6361e-10 0 4.40764e-10 0 4.90423e-10 0 5.27574e-10 0 5.57578e-10 0 5.82928e-10 0 6.04756e-10 0 6.24231e-10 0 6.41568e-10 0 6.57237e-10 0 6.71961e-10 0 6.85239e-10 0 6.97556e-10 0 7.09399e-10 0 7.20271e-10 0 7.30663e-10 0 7.40572e-10 0 7.49749e-10 0 7.58687e-10 0 7.67136e-10 0
1294.24 2.39256e-09 2.37723e-09 1.5329e-11 0.00640696 0.0009722 2.34313e-10 0 2.86648e-10 0 3.45802e-10 0 3.838e-10 0 4.12195e-10 0 4.35111e-10 0 4.54462e-10 0 4.71117e-10 0 4.85971e-10 0 4.99191e-10 0 5.11136e-10 0 5.22358e-10 0 5.32477e-10 0 5.41861e-10 0 5.50882e-10 0 5.59164e-10 0 5.67078e-10 0 5.74624e-10 0 5.81611e-10 0 5.88416e-10 0 5.94848e-10 0
1360.67 2.20705e-09 2.1945e-09 1.25495e-11 0.00568608 0.000879863 1.8502e-10 0 2.25156e-10 0 2.70395e-10 0 2.99401e-10 0 3.21055e-10 0 3.38519e-10 0 3.53259e-10 0 3.6594e-10 0 3.77247e-10 0 3.87307e-10 0 3.96395e-10 0 4.04931e-10 0 4.12626e-10 0 4.19762e-10 0 4.26621e-10 0 4.32917e-10 0 4.38933e-10 0 4.44668e-10 0 4.49978e-10 0 4.55149e-10 0 4.60036e-10 0
1430.51 2.03121e-09 2.02094e-09 1.02716e-11 0.00505688 0.000796256 1.45379e-10 0 1.76043e-10 0 2.10518e-10 0 2.32585e-10 0 2.49045e-10 0 2.62311e-10 0 2.73503e-10 0 2.83129e-10 0 2.91708e-10 0 2.9934e-10 0 3.06233e-10 0 3.12707e-10 0 3.18541e-10 0 3.23951e-10 0 3.29151e-10 0 3.33922e-10 0 3.38481e-10 0 3.42827e-10 0 3.46851e-10 0 3.50769e-10 0 3.54472e-10 0
1503.94 1.86586e-09 1.85745e-09 8.40663e-12 0.00450551 0.000720587 1.13739e-10 0 1.37092e-10 0 1.63285e-10 0 1.80027e-10 0 1.92503e-10 0 2.02554e-10 0 2.11029e-10 0 2.18316e-10 0 2.2481e-10 0 2.30585e-10 0 2.358e-10 0 2.40697e-10 0 2.4511e-10 0 2.49201e-10 0 2.53132e-10 0 2.5674e-10 0 2.60187e-10 0 2.63472e-10 0 2.66513e-10 0 2.69474e-10 0 2.72273e-10 0
1581.14 1.72849e-09 1.72161e-09 6.88379e-12 0.00398253 0.00065216 8.95383e-11 0 1.07453e-10 0 1.27504e-10 0 1.40302e-10 0 1.49833e-10 0 1.57506e-10 0 1.63975e-10 0 1.69535e-10 0 1.74489e-10 0 1.78893e-10 0 1.8287e-10 0 1.86603e-10 0 1.89967e-10 0 1.93086e-10 0 1.96082e-10 0 1.98832e-10 0 2.01458e-10 0 2.03961e-10 0 2.06279e-10 0 2.08535e-10 0 2.10667e-10 0
1662.3 1.59833e-09 1.59269e-09 5.63531e-12 0.00352575 0.000590189 7.02082e-11 0 8.39109e-11 0 9.92184e-11 0 1.08977e-10 0 1.16238e-10 0 1.22083e-10 0 1.27008e-10 0 1.3124e-10 0 1.35009e-10 0 1.3836e-10 0 1.41386e-10 0 1.44225e-10 0 1.46784e-10 0 1.49155e-10 0 1.51434e-10 0 1.53524e-10 0 1.55521e-10 0 1.57424e-10 0 1.59186e-10 0 1.60901e-10 0 1.62521e-10 0
1747.63 1.47477e-09 1.47016e-09 4.61207e-12 0.00312731 0.000534071 5.48219e-11 0 6.52698e-11 0 7.6921e-11 0 8.434e-11 0 8.98576e-11 0 9.42964e-11 0 9.80358e-11 0 1.01248e-10 0 1.04109e-10 0 1.06652e-10 0 1.08947e-10 0 1.11102e-10 0 1.13043e-10 0 1.14841e-10 0 1.16569e-10 0 1.18155e-10 0 1.19669e-10 0 1.21112e-10 0 1.22447e-10 0 1.23747e-10 0 1.24976e-10 0
1837.33 1.35759e-09 1.35381e-09 3.77563e-12 0.00278114 0.000483336 4.26272e-11 0 5.05677e-11 0 5.94087e-11 0 6.50324e-11 0 6.92127e-11 0 7.25742e-11 0 7.54054e-11 0 7.78371e-11 0 8.00023e-11 0 8.19265e-11 0 8.36632e-11 0 8.52929e-11 0 8.67611e-11 0 8.81216e-11 0 8.94286e-11 0 9.06275e-11 0 9.17727e-11 0 9.28639e-11 0 9.38737e-11 0 9.48568e-11 0 9.57856e-11 0
1931.64 1.24642e-09 1.24333e-09 3.09161e-12 0.0024804 0.000437459 3.29992e-11 0 3.90132e-11 0 4.56996e-11 0 4.99488e-11 0 5.31058e-11 0 5.56436e-11 0 5.77804e-11 0 5.96155e-11 0 6.12491e-11 0 6.27007e-11 0 6.40107e-11 0 6.52399e-11 0 6.63472e-11 0 6.73731e-11 0 6.83587e-11 0 6.92627e-11 0 7.01261e-11 0 7.09488e-11 0 7.17101e-11 0 7.24512e-11 0 7.31514e-11 0
2030.79 1.14537e-09 1.14283e-09 2.53077e-12 0.00220958 0.000395888 2.55263e-11 0 3.00818e-11 0 3.51402e-11 0 3.83521e-11 0 4.07372e-11 0 4.2654e-11 0 4.42676e-11 0 4.5653e-11 0 4.68862e-11 0 4.79819e-11 0 4.89706e-11 0 4.98982e-11 0 5.07337e-11 0 5.15078e-11 0 5.22514e-11 0 5.29335e-11 0 5.35848e-11 0 5.42054e-11 0 5.47797e-11 0 5.53387e-11 0 5.58669e-11 0
2135.03 1.05951e-09 1.05744e-09 2.07099e-12 0.00195467 0.000358201 1.98465e-11 0 2.3318e-11 0 2.71681e-11 0 2.96109e-11 0 3.14242e-11 0 3.2881e-11 0 3.41072e-11 0 3.51597e-11 0 3.60965e-11 0 3.69288e-11 0 3.76797e-11 0 3.83841e-11 0 3.90186e-11 0 3.96064e-11 0 4.01711e-11 0 4.06889e-11 0 4.11834e-11 0 4.16546e-11 0 4.20905e-11 0 4.25149e-11 0 4.29158e-11 0
2244.63 9.78073e-10 9.76377e-10 1.69576e-12 0.00173378 0.000324163 1.53762e-11 0 1.80145e-11 0 2.09375e-11 0 2.27908e-11 0 2.41659e-11 0 2.52705e-11 0 2.61999e-11 0 2.69977e-11 0 2.77077e-11 0 2.83384e-11 0 2.89073e-11 0 2.94411e-11 0 2.99217e-11 0 3.03671e-11 0 3.07948e-11 0 3.1187e-11 0 3.15616e-11 0 3.19185e-11 0 3.22487e-11 0 3.25701e-11 0 3.28737e-11 0
2359.84 9.00696e-10 8.99307e-10 1.38833e-12 0.0015414 0.000293351 1.18674e-11 0 1.38665e-11 0 1.60792e-11 0 1.74813e-11 0 1.85213e-11 0 1.93564e-11 0 2.00591e-11 0 2.06621e-11 0 2.11987e-11 0 2.16753e-11 0 2.21052e-11 0 2.25085e-11 0 2.28717e-11 0 2.32082e-11 0 2.35313e-11 0 2.38276e-11 0 2.41106e-11 0 2.43802e-11 0 2.46296e-11 0 2.48724e-11 0 2.51017e-11 0
2480.97 8.27542e-10 8.26406e-10 1.13635e-12 0.00137316 0.00026545 9.12647e-12 0 1.06371e-11 0 1.23076e-11 0 1.33655e-11 0 1.41499e-11 0 1.47798e-11 0 1.53096e-11 0 1.57642e-11 0 1.61687e-11 0 1.6528e-11 0 1.68521e-11 0 1.7156e-11 0 1.74298e-11 0 1.76833e-11 0 1.79268e-11 0 1.81501e-11 0 1.83634e-11 0 1.85665e-11 0 1.87545e-11 0 1.89374e-11 0 1.91102e-11 0
2608.32 7.65292e-10 7.64362e-10 9.30105e-13 0.00121536 0.000240222 7.0559e-12 0 8.20431e-12 0 9.47324e-12 0 1.02764e-11 0 1.08718e-11 0 1.13498e-11 0 1.17518e-11 0 1.20967e-11 0 1.24036e-11 0 1.26761e-11 0 1.29219e-11 0 1.31525e-11 0 1.33601e-11 0 1.35524e-11 0 1.37371e-11 0 1.39064e-11 0 1.40681e-11 0 1.42221e-11 0 1.43647e-11 0 1.45034e-11 0 1.46344e-11 0
2742.21 7.06509e-10 7.05747e-10 7.61696e-13 0.00107811 0.000217429 5.43947e-12 0 6.31065e-12 0 7.27257e-12 0 7.88115e-12 0 8.33218e-12 0 8.69417e-12 0 8.9986e-12 0 9.25979e-12 0 9.49213e-12 0 9.69846e-12 0 9.88455e-12 0 1.00591e-11 0 1.02162e-11 0 1.03618e-11 0 1.05016e-11 0 1.06298e-11 0 1.07522e-11 0 1.08687e-11 0 1.09766e-11 0 1.10816e-11 0 1.11808e-11 0
2882.97 6.50632e-10 6.50008e-10 6.23621e-13 0.000958484 0.000196788 4.17848e-12 0 4.83749e-12 0 5.56467e-12 0 6.02453e-12 0 6.36527e-12 0 6.6387e-12 0 6.86863e-12 0 7.06587e-12 0 7.24132e-12 0 7.39713e-12 0 7.53764e-12 0 7.66942e-12 0 7.78807e-12 0 7.89796e-12 0 8.0035e-12 0 8.10026e-12 0 8.19265e-12 0 8.28066e-12 0 8.36209e-12 0 8.44133e-12 0 8.51618e-12 0
3030.95 5.98938e-10 5.98428e-10 5.10432e-13 0.000852227 0.000178087 3.2053e-12 0 3.70344e-12 0 4.25279e-12 0 4.60006e-12 0 4.85732e-12 0 5.06373e-12 0 5.23729e-12 0 5.38616e-12 0 5.51858e-12 0 5.63616e-12 0 5.74219e-12 0 5.84164e-12 0 5.93117e-12 0 6.01409e-12 0 6.09372e-12 0 6.16673e-12 0 6.23644e-12 0 6.30284e-12 0 6.36427e-12 0 6.42405e-12 0 6.48053e-12 0
3186.53 5.55215e-10 5.54797e-10 4.17866e-13 0.000752621 0.000161155 2.47364e-12 0 2.85272e-12 0 3.27053e-12 0 3.53456e-12 0 3.73012e-12 0 3.88701e-12 0 4.01891e-12 0 4.13204e-12 0 4.23267e-12 0 4.32201e-12 0 4.40258e-12 0 4.47813e-12 0 4.54616e-12 0 4.60916e-12 0 4.66965e-12 0 4.72512e-12 0 4.77808e-12 0 4.82852e-12 0 4.87519e-12 0 4.92061e-12 0 4.9635e-12 0
3350.09 5.13672e-10 5.1333e-10 3.42152e-13 0.00066609 0.000145843 1.90352e-12 0 2.19134e-12 0 2.50842e-12 0 2.70873e-12 0 2.85707e-12 0 2.97606e-12 0 3.07609e-12 0 3.16188e-12 0 3.23818e-12 0 3.30593e-12 0 3.36702e-12 0 3.4243e-12 0 3.47588e-12 0 3.52364e-12 0 3.56951e-12 0 3.61156e-12 0 3.6517e-12 0 3.68995e-12 0 3.72533e-12 0 3.75975e-12 0 3.79227e-12 0
3522.05 4.74168e-10 4.73888e-10 2.80086e-13 0.000590689 0.000131977 1.46026e-12 0 1.67825e-12 0 1.91829e-12 0 2.06989e-12 0 2.18214e-12 0 2.27217e-12 0 2.34785e-12 0 2.41275e-12 0 2.47048e-12 0 2.52172e-12 0 2.56793e-12 0 2.61126e-12 0 2.65027e-12 0 2.6864e-12 0 2.72109e-12 0 2.7529e-12 0 2.78326e-12 0 2.81218e-12 0 2.83894e-12 0 2.86498e-12 0 2.88957e-12 0
3702.84 4.36598e-10 4.36369e-10 2.29217e-13 0.000525006 0.00011942 1.1165e-12 0 1.28114e-12 0 1.46237e-12 0 1.57679e-12 0 1.6615e-12 0 1.72944e-12 0 1.78655e-12 0 1.83552e-12 0 1.87907e-12 0 1.91774e-12 0 1.9526e-12 0 1.98529e-12 0 2.01472e-12 0 2.04197e-12 0 2.06814e-12 0 2.09214e-12 0 2.11504e-12 0 2.13686e-12 0 2.15704e-12 0 2.17668e-12 0 2.19523e-12 0
3892.91 4.00931e-10 4.00743e-10 1.87701e-13 0.000468163 0.000108079 8.50732e-13 0 9.74727e-13 0 1.11116e-12 0 1.19729e-12 0 1.26104e-12 0 1.31217e-12 0 1.35514e-12 0 1.39199e-12 0 1.42475e-12 0 1.45384e-12 0 1.48007e-12 0 1.50467e-12 0 1.52681e-12 0 1.54731e-12 0 1.567e-12 0 1.58505e-12 0 1.60228e-12 0 1.61869e-12 0 1.63387e-12 0 1.64865e-12 0 1.6626e-12 0
4092.73 3.69246e-10 3.69093e-10 1.53679e-13 0.000416196 9.78089e-05 6.49645e-13 0 7.43282e-13 0 8.46281e-13 0 9.11285e-13 0 9.59398e-13 0 9.97978e-13 0 1.0304e-12 0 1.05821e-12 0 1.08293e-12 0 1.10488e-12 0 1.12467e-12 0 1.14322e-12 0 1.15993e-12 0 1.17539e-12 0 1.19025e-12 0 1.20386e-12 0 1.21686e-12 0 1.22924e-12 0 1.2407e-12 0 1.25184e-12 0 1.26237e-12 0
4302.81 3.41668e-10 3.41542e-10 1.25787e-13 0.000368155 8.85035e-05 4.98092e-13 0 5.69125e-13 0 6.47238e-13 0 6.96526e-13 0 7.33003e-13 0 7.62251e-13 0 7.8683e-13 0 8.07907e-13 0 8.26647e-13 0 8.43283e-13 0 8.58283e-13 0 8.72347e-13 0 8.85008e-13 0 8.96732e-13 0 9.07988e-13 0 9.18309e-13 0 9.2816e-13 0 9.37544e-13 0 9.46225e-13 0 9.54672e-13 0 9.6265e-13 0
4523.68 3.15446e-10 3.15343e-10 1.02953e-13 0.000326373 8.0083e-05 3.808e-13 0 4.34558e-13 0 4.93657e-13 0 5.30942e-13 0 5.58533e-13 0 5.80655e-13 0 5.99245e-13 0 6.15184e-13 0 6.29357e-13 0 6.41938e-13 0 6.53281e-13 0 6.63917e-13 0 6.73491e-13 0 6.82356e-13 0 6.90869e-13 0 6.98672e-13 0 7.06122e-13 0 7.13218e-13 0 7.19782e-13 0 7.26169e-13 0 7.32201e-13 0
4755.88 2.9054e-10 2.90456e-10 8.43068e-14 0.000290172 7.24753e-05 2.90258e-13 0 3.30839e-13 0 3.75442e-13 0 4.03577e-13 0 4.24395e-13 0 4.41085e-13 0 4.5511e-13 0 4.67135e-13 0 4.77827e-13 0 4.87318e-13 0 4.95875e-13 0 5.03898e-13 0 5.1112e-13 0 5.17808e-13 0 5.24229e-13 0 5.30116e-13 0 5.35735e-13 0 5.41087e-13 0 5.46039e-13 0 5.50856e-13 0 5.55407e-13 0
5000 2.67036e-10 2.66967e-10 6.9019e-14 0.000258463 6.55854e-05 2.2065e-13 0 2.51216e-13 0 2.84804e-13 0 3.05987e-13 0 3.2166e-13 0 3.34225e-13 0 3.44784e-13 0 3.53836e-13 0 3.61884e-13 0 3.69029e-13 0 3.7547e-13 0 3.81509e-13 0 3.86945e-13 0 3.91979e-13 0 3.96812e-13 0 4.01243e-13 0 4.05473e-13 0 4.09501e-13 0 4.13228e-13 0 4.16854e-13 0 4.20279e-13 0
