# 0.00016788 0 147 : grain size, compostion index, size index
# Heating and cooling timescale: 8.72001e-05 1.73365e+08
# Ratio of heating to cooling to determine stochastic cutoff: 100
# Equilibrium emission is recorded even for those grains in the stochastic regime.
# Emission spectrum was computed for: 
# Type: IRSF
# Scales: 0.25 0.5 1 1.5 2 2.5 3 3.5 4 4.5 5 5.5 6 6.5 7 7.5 8 8.5 9 9.5 10
# StochasticallyHeated: 0 0 0 0 0 0 0 0 0 0 0 0 0 0 0 0 0 0 0 0 0
# Temperature: -1
# Wavelength  CExt  CAbs  CSca  Albedo G EqEm1 StEm1 EqEm2 StEm2 EqEm3 StEm3 EqEm4 StEm4 EqEm5 StEm5 EqEm6 StEm6 EqEm7 StEm7 EqEm8 StEm8 EqEm9 StEm9 EqEm10 StEm10 EqEm11 StEm11 EqEm12 StEm12 EqEm13 StEm13 EqEm14 StEm14 EqEm15 StEm15 EqEm16 StEm16 EqEm17 StEm17 EqEm18 StEm18 EqEm19 StEm19 EqEm20 StEm20 EqEm21 StEm21
0.05 4.64733e-08 1.71157e-08 2.93575e-08 0.631708 0.00576547 0 0 0 0 0 0 0 0 0 0 0 0 0 0 0 0 0 0 0 0 0 0 0 0 0 0 0 0 0 0 0 0 0 0 0 0 0 0 0 0 0 0
0.0525665 5.13667e-08 1.8918e-08 3.24487e-08 0.631708 0.00637255 0 0 0 0 0 0 0 0 0 0 0 0 0 0 0 0 0 0 0 0 0 0 0 0 0 0 0 0 0 0 0 0 0 0 0 0 0 0 0 0 0 0
0.0552647 5.67754e-08 2.09099e-08 3.58654e-08 0.631708 0.00704355 0 0 0 0 0 0 0 0 0 0 0 0 0 0 0 0 0 0 0 0 0 0 0 0 0 0 0 0 0 0 0 0 0 0 0 0 0 0 0 0 0 0
0.0581015 6.27535e-08 2.31116e-08 3.96419e-08 0.631708 0.0077852 0 0 0 0 0 0 0 0 0 0 0 0 0 0 0 0 0 0 0 0 0 0 0 0 0 0 0 0 0 0 0 0 0 0 0 0 0 0 0 0 0 0
0.0610839 6.93612e-08 2.55452e-08 4.3816e-08 0.631708 0.00860494 0 0 0 0 0 0 0 0 0 0 0 0 0 0 0 0 0 0 0 0 0 0 0 0 0 0 0 0 0 0 0 0 0 0 0 0 0 0 0 0 0 0
0.0642193 7.66646e-08 2.8235e-08 4.84296e-08 0.631708 0.009511 0 0 0 0 0 0 0 0 0 0 0 0 0 0 0 0 0 0 0 0 0 0 0 0 0 0 0 0 0 0 0 0 0 0 0 0 0 0 0 0 0 0
0.0675157 8.4737e-08 3.1208e-08 5.3529e-08 0.631708 0.0105125 0 0 0 0 0 0 0 0 0 0 0 0 0 0 0 0 0 0 0 0 0 0 0 0 0 0 0 0 0 0 0 0 0 0 0 0 0 0 0 0 0 0
0.0709813 9.36594e-08 3.4494e-08 5.91654e-08 0.631708 0.0116194 0 0 0 0 0 0 0 0 0 0 0 0 0 0 0 0 0 0 0 0 0 0 0 0 0 0 0 0 0 0 0 0 0 0 0 0 0 0 0 0 0 0
0.0746248 1.03521e-07 3.81261e-08 6.53952e-08 0.631708 0.0128428 0 0 0 0 0 0 0 0 0 0 0 0 0 0 0 0 0 0 0 0 0 0 0 0 0 0 0 0 0 0 0 0 0 0 0 0 0 0 0 0 0 0
0.0784553 1.14422e-07 4.21405e-08 7.2281e-08 0.631708 0.0141951 0 0 0 0 0 0 0 0 0 0 0 0 0 0 0 0 0 0 0 0 0 0 0 0 0 0 0 0 0 0 0 0 0 0 0 0 0 0 0 0 0 0
0.0824824 1.2647e-07 4.65777e-08 7.98918e-08 0.631708 0.0156898 0 0 0 0 0 0 0 0 0 0 0 0 0 0 0 0 0 0 0 0 0 0 0 0 0 0 0 0 0 0 0 0 0 0 0 0 0 0 0 0 0 0
0.0867162 1.39786e-07 5.14822e-08 8.83041e-08 0.631708 0.0173419 0 0 0 0 0 0 0 0 0 0 0 0 0 0 0 0 0 0 0 0 0 0 0 0 0 0 0 0 0 0 0 0 0 0 0 0 0 0 0 0 0 0
0.0911674 1.54505e-07 5.6903e-08 9.76021e-08 0.631708 0.0191679 0 0 0 0 0 0 0 0 0 0 0 0 0 0 0 0 0 0 0 0 0 0 0 0 0 0 0 0 0 0 0 0 0 0 0 0 0 0 0 0 0 0
0.095847 1.70774e-07 6.28946e-08 1.07879e-07 0.631708 0.0211862 0 0 0 0 0 0 0 0 0 0 0 0 0 0 0 0 0 0 0 0 0 0 0 0 0 0 0 0 0 0 0 0 0 0 0 0 0 0 0 0 0 0
0.100767 1.85879e-07 6.89986e-08 1.16881e-07 0.628799 0.0235692 0 0 0 0 0 0 0 0 0 0 0 0 0 0 0 0 0 0 0 0 0 0 0 0 0 0 0 0 0 0 0 0 0 0 0 0 0 0 0 0 0 0
0.105939 1.85844e-07 7.20117e-08 1.13832e-07 0.612515 0.0256046 0 0 0 0 0 0 0 0 0 0 0 0 0 0 0 0 0 0 0 0 0 0 0 0 0 0 0 0 0 0 0 0 0 0 0 0 0 0 0 0 0 0
0.111377 1.86034e-07 7.27374e-08 1.13297e-07 0.60901 0.0289403 0 0 0 0 0 0 0 0 0 0 0 0 0 0 0 0 0 0 0 0 0 0 0 0 0 0 0 0 0 0 0 0 0 0 0 0 0 0 0 0 0 0
0.117094 1.85993e-07 7.52675e-08 1.10726e-07 0.595321 0.0274507 0 0 0 0 0 0 0 0 0 0 0 0 0 0 0 0 0 0 0 0 0 0 0 0 0 0 0 0 0 0 0 0 0 0 0 0 0 0 0 0 0 0
0.123105 1.86087e-07 7.8206e-08 1.07881e-07 0.579735 0.0236555 0 0 0 0 0 0 0 0 0 0 0 0 0 0 0 0 0 0 0 0 0 0 0 0 0 0 0 0 0 0 0 0 0 0 0 0 0 0 0 0 0 0
0.129424 1.86295e-07 8.04742e-08 1.05821e-07 0.568029 0.0199126 0 0 0 0 0 0 0 0 0 0 0 0 0 0 0 0 0 0 0 0 0 0 0 0 0 0 0 0 0 0 0 0 0 0 0 0 0 0 0 0 0 0
0.136067 1.86515e-07 8.22867e-08 1.04228e-07 0.55882 0.0168557 0 0 0 0 0 0 0 0 0 0 0 0 0 0 0 0 0 0 0 0 0 0 0 0 0 0 0 0 0 0 0 0 0 0 0 0 0 0 0 0 0 0
0.143051 1.86715e-07 8.38123e-08 1.02902e-07 0.551121 0.0143876 0 0 0 0 0 0 0 0 0 0 0 0 0 0 0 0 0 0 0 0 0 0 0 0 0 0 0 0 0 0 0 0 0 0 0 0 0 0 0 0 0 0
0.150394 1.86841e-07 8.50617e-08 1.01779e-07 0.544738 0.0122986 0 0 0 0 0 0 0 0 0 0 0 0 0 0 0 0 0 0 0 0 0 0 0 0 0 0 0 0 0 0 0 0 0 0 0 0 0 0 0 0 0 0
0.158114 1.8681e-07 8.58576e-08 1.00952e-07 0.5404 0.01055 0 0 0 0 0 0 0 0 0 0 0 0 0 0 0 0 0 0 0 0 0 0 0 0 0 0 0 0 0 0 0 0 0 0 0 0 0 0 0 0 0 0
0.16623 1.86626e-07 8.57922e-08 1.00834e-07 0.540298 0.00908216 0 0 0 0 0 0 0 0 0 0 0 0 0 0 0 0 0 0 0 0 0 0 0 0 0 0 0 0 0 0 0 0 0 0 0 0 0 0 0 0 0 0
0.174762 1.865e-07 8.45124e-08 1.01988e-07 0.54685 0.00782097 0 0 0 0 0 0 0 0 0 0 0 0 0 0 0 0 0 0 0 0 0 0 0 0 0 0 0 0 0 0 0 0 0 0 0 0 0 0 0 0 0 0
0.183733 1.86739e-07 8.16752e-08 1.05064e-07 0.562624 0.00667218 0 0 0 0 0 0 0 0 0 0 0 0 0 0 0 0 0 0 0 0 0 0 0 0 0 0 0 0 0 0 0 0 0 0 0 0 0 0 0 0 0 0
0.193164 1.87632e-07 7.69697e-08 1.10663e-07 0.589785 0.00556038 0 0 0 0 0 0 0 0 0 0 0 0 0 0 0 0 0 0 0 0 0 0 0 0 0 0 0 0 0 0 0 0 0 0 0 0 0 0 0 0 0 0
0.203079 1.89094e-07 7.13142e-08 1.1778e-07 0.622864 0.00446034 0 0 0 0 0 0 0 0 0 0 0 0 0 0 0 0 0 0 0 0 0 0 0 0 0 0 0 0 0 0 0 0 0 0 0 0 0 0 0 0 0 0
0.213503 1.90875e-07 6.63214e-08 1.24554e-07 0.652541 0.00342932 0 0 0 0 0 0 0 0 0 0 0 0 0 0 0 0 0 0 0 0 0 0 0 0 0 0 0 0 0 0 0 0 0 0 0 0 0 0 0 0 0 0
0.224463 1.92817e-07 6.30812e-08 1.29736e-07 0.672845 0.00254317 0 0 0 0 0 0 0 0 0 0 0 0 0 0 0 0 0 0 0 0 0 0 0 0 0 0 0 0 0 0 0 0 0 0 0 0 0 0 0 0 0 0
0.235984 1.94691e-07 6.17149e-08 1.32976e-07 0.683011 0.00182186 0 0 0 0 0 0 0 0 0 0 0 0 0 0 0 0 0 0 0 0 0 0 0 0 0 0 0 0 0 0 0 0 0 0 0 0 0 0 0 0 0 0
0.248097 1.96127e-07 6.17612e-08 1.34366e-07 0.685096 0.00138916 0 0 0 0 0 0 0 0 0 0 0 0 0 0 0 0 0 0 0 0 0 0 0 0 0 0 0 0 0 0 0 0 0 0 0 0 0 0 0 0 0 0
0.260832 1.96674e-07 6.28647e-08 1.3381e-07 0.680361 0.00141961 0 0 0 0 0 0 0 0 0 0 0 0 0 0 0 0 0 0 0 0 0 0 0 0 0 0 0 0 0 0 0 0 0 0 0 0 0 0 0 0 0 0
0.274221 1.96269e-07 6.4908e-08 1.31361e-07 0.669291 0.00187131 0 0 0 0 0 0 0 0 0 0 0 0 0 0 0 0 0 0 0 0 0 0 0 0 0 0 0 0 0 0 0 0 0 0 0 0 0 0 0 0 0 0
0.288297 1.95528e-07 6.76811e-08 1.27847e-07 0.653854 0.00251556 0 0 0 0 0 0 0 0 0 0 0 0 0 0 0 0 0 0 0 0 0 0 0 0 0 0 0 0 0 0 0 0 0 0 0 0 0 0 0 0 0 0
0.303095 1.9511e-07 7.05757e-08 1.24535e-07 0.638278 0.0028362 0 0 0 0 0 0 0 0 0 0 0 0 0 0 0 0 0 0 0 0 0 0 0 0 0 0 0 0 0 0 0 0 0 0 0 0 0 0 0 0 0 0
0.318653 1.95131e-07 7.30753e-08 1.22055e-07 0.625506 0.00297223 0 0 0 0 0 0 0 0 0 0 0 0 0 0 0 0 0 0 0 0 0 0 0 0 0 0 0 0 0 0 0 0 0 0 0 0 0 0 0 0 0 0
0.335009 1.95442e-07 7.5008e-08 1.20434e-07 0.616214 0.00293231 0 0 0 0 0 0 0 0 0 0 0 0 0 0 0 0 0 0 0 0 0 0 0 0 0 0 0 0 0 0 0 0 0 0 0 0 0 0 0 0 0 0
0.352205 1.95923e-07 7.64078e-08 1.19516e-07 0.610012 0.00278811 0 0 0 0 0 0 0 0 0 0 0 0 0 0 0 0 0 0 0 0 0 0 0 0 0 0 0 0 0 0 0 0 0 0 0 0 0 0 0 0 0 0
0.370284 1.96509e-07 7.73736e-08 1.19136e-07 0.606259 0.00261033 0 0 0 0 0 0 0 0 0 0 0 0 0 0 0 0 0 0 0 0 0 0 0 0 0 0 0 0 0 0 0 0 0 0 0 0 0 0 0 0 0 0
0.389291 1.97157e-07 7.80173e-08 1.1914e-07 0.604289 0.00243645 0 0 0 0 0 0 0 0 0 0 0 0 0 0 0 0 0 0 0 0 0 0 0 0 0 0 0 0 0 0 0 0 0 0 0 0 0 0 0 0 0 0
0.409273 1.97828e-07 7.84644e-08 1.19363e-07 0.60337 0.00226652 0 0 0 0 0 0 0 0 0 0 0 0 0 0 0 0 0 0 0 0 0 0 0 0 0 0 0 0 0 0 0 0 0 0 0 0 0 0 0 0 0 0
0.430281 1.9851e-07 7.88171e-08 1.19693e-07 0.602957 0.00210471 0 0 0 0 0 0 0 0 0 0 0 0 0 0 0 0 0 0 0 0 0 0 0 0 0 0 0 0 0 0 0 0 0 0 0 0 0 0 0 0 0 0
0.452368 1.99188e-07 7.91478e-08 1.2004e-07 0.602648 0.00193723 0 0 0 0 0 0 0 0 0 0 0 0 0 0 0 0 0 0 0 0 0 0 0 0 0 0 0 0 0 0 0 0 0 0 0 0 0 0 0 0 0 0
0.475588 1.9988e-07 7.9498e-08 1.20382e-07 0.602271 0.00177642 0 0 0 0 0 0 0 0 0 0 0 0 0 0 0 0 0 0 0 0 0 0 0 0 0 0 0 0 0 0 0 0 0 0 0 0 0 0 0 0 0 0
0.5 2.00577e-07 7.98822e-08 1.20694e-07 0.601737 0.00162159 0 0 0 0 0 0 0 0 0 0 0 0 0 0 0 0 0 0 0 0 0 0 0 0 0 0 0 0 0 0 0 0 0 0 0 0 0 0 0 0 0 0
0.525665 2.01294e-07 8.02979e-08 1.20996e-07 0.601092 0.0014751 0 0 0 0 0 0 0 0 0 0 0 0 0 0 0 0 0 0 0 0 0 0 0 0 0 0 0 0 0 0 0 0 0 0 0 0 0 0 0 0 0 0
0.552648 2.02028e-07 8.07348e-08 1.21293e-07 0.600378 0.00134175 0 0 0 0 0 0 0 0 0 0 0 0 0 0 0 0 0 0 0 0 0 0 0 0 0 0 0 0 0 0 0 0 0 0 0 0 0 0 0 0 0 0
0.581015 2.02803e-07 8.11788e-08 1.21624e-07 0.599716 0.00121775 0 0 0 0 0 0 0 0 0 0 0 0 0 0 0 0 0 0 0 0 0 0 0 0 0 0 0 0 0 0 0 0 0 0 0 0 0 0 0 0 0 0
0.610839 2.03613e-07 8.16179e-08 1.21995e-07 0.599151 0.00110516 0 0 0 0 0 0 0 0 0 0 0 0 0 0 0 0 0 0 0 0 0 0 0 0 0 0 0 0 0 0 0 0 0 0 0 0 0 0 0 0 0 0
0.642193 2.04455e-07 8.20402e-08 1.22414e-07 0.598736 0.00100302 0 0 0 0 0 0 0 0 0 0 0 0 0 0 0 0 0 0 0 0 0 0 0 0 0 0 0 0 0 0 0 0 0 0 0 0 0 0 0 0 0 0
0.675157 2.05338e-07 8.24387e-08 1.22899e-07 0.598522 0.000910957 0 0 0 0 0 0 0 0 0 0 0 0 0 0 0 0 0 0 0 0 0 0 0 0 0 0 0 0 0 0 0 0 0 0 0 0 0 0 0 0 0 0
0.709813 2.06252e-07 8.28054e-08 1.23447e-07 0.598523 0.00082817 0 0 0 0 0 0 0 0 0 0 0 0 0 0 0 0 0 0 0 0 0 0 0 0 0 0 0 0 0 0 0 0 0 0 0 0 0 0 0 0 0 0
0.746248 2.07205e-07 8.31397e-08 1.24065e-07 0.598757 0.000754183 0 0 0 0 0 0 0 0 0 0 0 0 0 0 0 0 0 0 0 0 0 0 0 0 0 0 0 0 0 0 0 0 0 0 0 0 0 0 0 0 0 0
0.784553 2.08181e-07 8.34394e-08 1.24741e-07 0.599198 0.000686995 0 0 0 0 0 0 0 0 0 0 0 0 0 0 0 0 0 0 0 0 0 0 0 0 0 0 0 0 0 0 0 0 0 0 0 0 0 0 0 0 0 0
0.824824 2.09193e-07 8.37066e-08 1.25486e-07 0.59986 0.000626788 0 0 0 0 0 0 0 0 0 0 0 0 0 0 0 0 0 0 0 0 0 0 0 0 0 0 0 0 0 0 0 0 0 0 0 0 0 0 0 0 0 0
0.867162 2.10222e-07 8.39407e-08 1.26281e-07 0.600705 0.000572518 0 0 0 0 0 0 0 0 0 0 0 0 0 0 0 0 0 0 0 0 0 0 0 0 0 0 0 0 0 0 0 0 0 0 0 0 0 0 0 0 0 0
0.911674 2.1126e-07 8.41452e-08 1.27114e-07 0.601698 0.000523427 0 0 0 0 0 0 0 0 0 0 0 0 0 0 0 0 0 0 0 0 0 0 0 0 0 0 0 0 0 0 0 0 0 0 0 0 0 0 0 0 0 0
0.95847 2.12312e-07 8.43244e-08 1.27988e-07 0.602828 0.00047944 0 0 0 0 0 0 0 0 0 0 0 0 0 0 0 0 0 0 0 0 0 0 0 0 0 0 0 0 0 0 0 0 0 0 0 0 0 0 0 0 0 0
1.00767 2.13367e-07 8.44779e-08 1.2889e-07 0.604073 0.0004395 0 0 0 0 0 0 0 0 0 0 0 0 0 0 0 0 0 0 0 0 0 0 0 0 0 0 0 0 0 0 0 0 0 0 0 0 0 0 0 0 0 0
1.05939 2.14426e-07 8.46148e-08 1.29811e-07 0.605389 0.000403275 0 0 0 0 0 0 0 0 0 0 0 0 0 0 0 0 0 0 0 0 0 0 0 0 0 0 0 0 0 0 0 0 0 0 0 0 0 0 0 0 0 0
1.11377 2.15486e-07 8.47321e-08 1.30754e-07 0.606786 0.000370298 0 0 0 0 0 0 0 0 0 0 0 0 0 0 0 0 0 0 0 0 0 0 0 0 0 0 0 0 0 0 0 0 0 0 0 0 0 0 0 0 0 0
1.17094 2.16534e-07 8.48393e-08 1.31694e-07 0.608194 0.000339515 0 0 0 0 0 0 0 0 0 0 0 0 0 0 0 0 0 0 0 0 0 0 0 0 0 0 0 0 0 0 0 0 0 0 0 0 0 0 0 0 0 0
1.23105 2.17578e-07 8.49317e-08 1.32646e-07 0.60965 0.000311294 0 0 0 0 0 0 0 0 0 0 0 0 0 0 0 0 0 0 0 0 0 0 0 0 0 0 0 0 0 0 0 0 0 0 0 0 0 0 0 0 0 0
1.29424 2.18613e-07 8.50251e-08 1.33588e-07 0.61107 0.000285362 0 0 0 0 0 0 0 0 0 0 0 0 0 0 0 0 0 0 0 0 0 0 0 0 0 0 0 0 0 0 0 0 0 0 0 0 0 0 0 0 0 0
1.36067 2.19623e-07 8.51036e-08 1.34519e-07 0.612501 0.000261742 0 0 0 0 0 0 0 0 0 0 0 0 0 0 0 0 0 0 0 0 0 0 0 0 0 0 0 0 0 0 0 0 0 0 0 0 0 0 0 0 0 0
1.43051 2.20642e-07 8.51982e-08 1.35444e-07 0.613863 0.000240209 0 0 0 0 0 0 0 0 0 0 0 0 0 0 0 0 0 0 0 0 0 0 0 0 0 0 0 0 0 0 0 0 0 0 0 0 0 0 0 0 0 0
1.50394 2.21617e-07 8.52807e-08 1.36336e-07 0.615189 0.000220279 0 0 0 0 0 0 0 0 0 0 0 0 0 0 0 0 0 0 0 0 0 0 0 0 0 0 0 0 0 0 0 0 0 0 0 0 0 0 0 0 0 0
1.58114 2.22609e-07 8.53786e-08 1.37231e-07 0.616464 0.000201732 0 0 0 0 0 0 0 0 0 0 0 0 0 0 0 0 0 0 0 0 0 0 0 0 0 0 0 0 0 0 0 0 0 0 0 0 0 0 0 0 0 0
1.6623 2.23577e-07 8.55002e-08 1.38077e-07 0.61758 0.000184534 0 0 0 0 0 0 0 0 0 0 0 0 0 0 0 0 0 0 0 0 0 0 0 0 0 0 0 0 0 0 0 0 0 0 0 0 0 0 0 0 0 0
1.74763 2.24509e-07 8.55996e-08 1.38909e-07 0.618725 0.000169005 0 0 0 0 0 0 0 0 0 0 0 0 0 0 0 0 0 0 0 0 0 0 0 0 0 0 0 0 0 0 0 0 0 0 0 0 0 0 0 0 0 0
1.83733 2.25485e-07 8.57498e-08 1.39735e-07 0.61971 0.000154804 0 0 0 0 0 0 0 0 0 0 0 0 0 0 0 0 0 0 0 0 0 0 0 0 0 0 0 0 0 0 0 0 0 0 0 0 0 0 0 0 0 0
1.93164 2.26442e-07 8.59389e-08 1.40503e-07 0.620482 0.000141793 0 0 0 0 0 0 0 0 0 0 0 0 0 0 0 0 0 0 0 0 0 0 0 0 0 0 0 0 0 0 0 0 0 0 0 0 0 0 0 0 0 0
2.03079 2.27328e-07 8.6086e-08 1.41242e-07 0.621314 0.000129725 0 0 0 0 0 0 0 0 0 0 0 0 0 0 0 0 0 0 0 0 0 0 0 0 0 0 0 0 0 0 0 0 0 0 0 0 0 0 0 0 0 0
2.13503 2.28298e-07 8.62873e-08 1.4201e-07 0.62204 0.000118657 0 0 0 0 0 0 0 0 0 0 0 0 0 0 0 0 0 0 0 0 0 0 0 0 0 0 0 0 0 0 0 0 0 0 0 0 0 0 0 0 0 0
2.24463 2.29322e-07 8.66016e-08 1.42721e-07 0.622359 0.000108569 0 0 0 0 0 0 0 0 0 0 0 0 0 0 0 0 0 0 0 0 0 0 0 0 0 0 0 0 0 0 0 0 0 0 0 0 0 0 0 0 0 0
2.35984 2.30207e-07 8.689e-08 1.43317e-07 0.622558 9.92926e-05 0 0 0 0 0 0 0 0 0 0 0 0 0 0 0 0 0 0 0 0 0 0 0 0 0 0 0 0 0 0 0 0 0 0 0 0 0 0 0 0 0 0
2.48097 2.31047e-07 8.71138e-08 1.43933e-07 0.62296 9.07218e-05 0 0 0 0 0 0 0 0 0 0 0 0 0 0 0 0 0 0 0 0 0 0 0 0 0 0 0 0 0 0 0 0 0 0 0 0 0 0 0 0 0 0
2.60832 2.32089e-07 8.74551e-08 1.44634e-07 0.623183 8.27967e-05 0 0 0 0 0 0 0 0 0 0 0 0 0 0 0 0 0 0 0 0 0 0 0 0 0 0 0 0 0 0 0 0 0 0 0 0 0 0 0 0 0 0
2.74221 2.33264e-07 8.79852e-08 1.45279e-07 0.622809 7.55862e-05 0 0 0 0 0 0 0 0 0 0 0 0 0 0 0 0 0 0 0 0 0 0 0 0 0 0 0 0 0 0 0 0 0 0 0 0 0 0 0 0 0 0
2.88297 2.34223e-07 8.8519e-08 1.45704e-07 0.622074 6.90729e-05 0 0 0 0 0 0 0 0 0 0 0 0 0 0 0 0 0 0 0 0 0 0 0 0 0 0 0 0 0 0 0 0 0 0 0 0 0 0 0 0 0 0
3.03095 2.34952e-07 8.88989e-08 1.46053e-07 0.62163 6.31538e-05 0 0 0 0 0 0 0 0 0 0 0 0 0 0 0 0 0 0 0 0 0 0 0 0 0 0 0 0 0 0 0 0 0 0 0 0 0 0 0 0 0 0
3.18653 2.35808e-07 8.92569e-08 1.46551e-07 0.621485 5.76567e-05 0 0 0 0 0 0 0 0 0 0 0 0 0 0 0 0 0 0 0 0 0 0 0 0 0 0 0 0 0 0 0 0 0 0 0 0 0 0 0 0 0 0
3.35009 2.37072e-07 8.98428e-08 1.47229e-07 0.621031 5.2603e-05 0 0 0 0 0 0 0 0 0 0 0 0 0 0 0 0 0 0 0 0 0 0 0 0 0 0 0 0 0 0 0 0 0 0 0 0 0 0 0 0 0 0
3.52205 2.38586e-07 9.0731e-08 1.47855e-07 0.619714 4.80102e-05 0 0 0 0 0 0 0 0 0 0 0 0 0 0 0 0 0 0 0 0 0 0 0 0 0 0 0 0 0 0 0 0 0 0 0 0 0 0 0 0 0 0
3.70284 2.39854e-07 9.17032e-08 1.48151e-07 0.617671 4.38066e-05 0 0 0 0 0 0 0 0 0 0 0 0 0 0 0 0 0 0 0 0 0 0 0 0 0 0 0 0 0 0 0 0 0 0 0 0 0 0 0 0 0 0
3.89291 2.40593e-07 9.24951e-08 1.48098e-07 0.615553 3.9926e-05 0 0 0 0 0 0 0 0 0 0 0 0 0 0 0 0 0 0 0 0 0 0 0 0 0 0 0 0 0 0 0 0 0 0 0 0 0 0 0 0 0 0
4.09273 2.40988e-07 9.30077e-08 1.4798e-07 0.614056 3.62643e-05 0 0 0 0 0 0 0 0 0 0 0 0 0 0 0 0 0 0 0 0 0 0 0 0 0 0 0 0 0 0 0 0 0 0 0 0 0 0 0 0 0 0
4.30281 2.41625e-07 9.34659e-08 1.48159e-07 0.613179 3.29535e-05 0 0 0 0 0 0 0 0 0 0 0 0 0 0 0 0 0 0 0 0 0 0 0 0 0 0 0 0 0 0 0 0 0 0 0 0 0 0 0 0 0 0
4.52368 2.42948e-07 9.41769e-08 1.48771e-07 0.612358 2.99416e-05 0 0 0 0 0 0 0 0 0 0 0 0 0 0 0 0 0 0 0 0 0 0 0 0 0 0 0 0 0 0 0 0 0 0 0 0 0 0 0 0 0 0
4.75588 2.44944e-07 9.53411e-08 1.49603e-07 0.610764 2.71796e-05 0 0 0 0 0 0 0 0 0 0 0 0 0 0 0 0 0 0 0 0 0 0 0 0 0 0 0 0 0 0 0 0 0 0 0 0 0 0 0 0 0 0
5 2.47156e-07 9.69202e-08 1.50236e-07 0.607859 2.45398e-05 0 0 0 0 0 0 0 0 0 0 0 0 0 0 0 0 0 0 0 0 0 0 0 0 0 0 0 0 0 0 0 0 0 0 0 0 0 0 0 0 0 0
5.25665 2.48967e-07 9.86775e-08 1.50289e-07 0.603652 2.21678e-05 0 0 0 0 0 0 0 0 0 0 0 0 0 0 0 0 0 0 0 0 0 0 0 0 0 0 0 0 0 0 0 0 0 0 0 0 0 0 0 0 0 0
5.52648 2.49905e-07 1.00308e-07 1.49597e-07 0.598615 2.00489e-05 0 0 0 0 0 0 0 0 0 0 0 0 0 0 0 0 0 0 0 0 0 0 0 0 0 0 0 0 0 0 0 0 0 0 0 0 0 0 0 0 0 0
5.81015 2.49818e-07 1.01516e-07 1.48302e-07 0.593639 1.8115e-05 0 0 0 0 0 0 0 0 0 0 0 0 0 0 0 0 0 0 0 0 0 0 0 0 0 0 0 0 0 0 0 0 0 0 0 0 0 0 0 0 0 0
6.10839 2.48924e-07 1.0215e-07 1.46775e-07 0.589636 1.63023e-05 0 0 0 0 0 0 0 0 0 0 0 0 0 0 0 0 0 0 0 0 0 0 0 0 0 0 0 0 0 0 0 0 0 0 0 0 0 0 0 0 0 0
6.42193 2.48041e-07 1.02821e-07 1.4522e-07 0.585467 1.48144e-05 0 0 0 0 0 0 0 0 0 0 0 0 0 0 0 0 0 0 0 0 0 0 0 0 0 0 0 0 0 0 0 0 0 0 0 0 0 0 0 0 0 0
6.75157 2.47761e-07 1.02824e-07 1.44937e-07 0.584987 1.32279e-05 0 0 0 0 0 0 0 0 0 0 0 0 0 0 0 0 0 0 0 0 0 0 0 0 0 0 0 0 0 0 0 0 0 0 0 0 0 0 0 0 0 0
7.09813 2.4912e-07 1.03275e-07 1.45845e-07 0.585442 1.18448e-05 0 0 0 0 0 0 0 0 0 0 0 0 0 0 0 0 0 0 0 0 0 0 0 0 0 0 0 0 0 0 0 0 0 0 0 0 0 0 0 0 1.4013e-45 0
7.46248 2.52375e-07 1.04263e-07 1.48112e-07 0.586873 1.05694e-05 0 0 0 0 0 0 0 0 0 0 0 0 0 0 0 0 0 0 0 0 0 0 0 0 0 0 0 0 0 0 1.4013e-45 0 4.2039e-45 0 1.26117e-44 0 3.78351e-44 0 1.05097e-43 0 2.62043e-43 0
7.84553 2.56969e-07 1.05873e-07 1.51096e-07 0.587994 9.34187e-06 0 0 0 0 0 0 0 0 0 0 0 0 0 0 0 0 0 0 0 0 0 0 0 0 4.2039e-45 0 1.68156e-44 0 6.44597e-44 0 2.24208e-43 0 7.39886e-43 0 2.21405e-42 0 6.06482e-42 0 1.57688e-41 0 3.77846e-41 0
8.24824 2.6156e-07 1.08066e-07 1.53494e-07 0.586841 8.19911e-06 0 0 0 0 0 0 0 0 0 0 0 0 0 0 0 0 0 0 2.8026e-45 0 2.24208e-44 0 1.31722e-43 0 6.44597e-43 0 2.70731e-42 0 9.85113e-42 0 3.24751e-41 0 1.0078e-40 0 2.85981e-40 0 7.45608e-40 0 1.85028e-39 0 4.24846e-39 0
8.67162 2.64559e-07 1.10674e-07 1.53885e-07 0.581667 7.20916e-06 0 0 0 0 0 0 0 0 0 0 0 0 0 0 5.60519e-45 0 6.5861e-44 0 5.64723e-43 0 3.6742e-42 0 1.94234e-41 0 8.78096e-41 0 3.43422e-40 0 1.17356e-39 0 3.6497e-39 0 1.0717e-38 0 2.89017e-38 0 7.1908e-38 0 1.70699e-37 0 3.76357e-37 0
9.11674 2.6466e-07 1.13391e-07 1.51269e-07 0.57156 6.32492e-06 0 0 0 0 0 0 0 0 0 0 1.4013e-45 0 5.88545e-44 0 9.45876e-43 0 9.99126e-42 0 7.65179e-41 0 4.54416e-40 0 2.21463e-39 0 9.30114e-39 0 3.40333e-38 0 1.09528e-37 0 3.2227e-37 0 8.97834e-37 0 2.30679e-36 0 5.48953e-36 0 1.24928e-35 0 2.6501e-35 0
9.5847 2.61528e-07 1.15911e-07 1.45617e-07 0.556793 5.52644e-06 0 0 0 0 0 0 0 0 5.60519e-45 0 3.54529e-43 0 8.76792e-42 0 1.23397e-40 0 1.16132e-39 0 8.052e-39 0 4.38346e-38 0 1.97734e-37 0 7.74262e-37 0 2.65919e-36 0 8.08329e-36 0 2.2563e-35 0 5.97927e-35 0 1.46707e-34 0 3.34654e-34 0 7.31616e-34 0 1.49603e-33 0
10.0767 2.56e-07 1.18331e-07 1.37669e-07 0.537771 4.78203e-06 0 0 0 0 0 0 5.60519e-45 0 9.94922e-43 0 4.78684e-41 0 1.01293e-39 0 1.25283e-38 0 1.05682e-37 0 6.66645e-37 0 3.34101e-36 0 1.40023e-35 0 5.12934e-35 0 1.65867e-34 0 4.77556e-34 0 1.26785e-33 0 3.20371e-33 0 7.5236e-33 0 1.64848e-32 0 3.46885e-32 0 6.84976e-32 0
10.5939 2.49929e-07 1.21208e-07 1.28722e-07 0.515033 4.06995e-06 0 0 0 0 0 0 8.78614e-43 0 1.26752e-40 0 5.0502e-39 0 9.20704e-38 0 1.00716e-36 0 7.65583e-36 0 4.414e-35 0 2.04475e-34 0 7.99054e-34 0 2.74732e-33 0 8.38923e-33 0 2.29384e-32 0 5.80634e-32 0 1.40228e-31 0 3.15866e-31 0 6.66082e-31 0 1.35162e-30 0 2.58177e-30 0
11.1377 2.45706e-07 1.25515e-07 1.20191e-07 0.489166 3.40803e-06 0 0 0 0 9.94922e-44 0 1.12712e-40 0 1.27496e-38 0 4.24343e-37 0 6.71383e-36 0 6.53466e-35 0 4.49891e-34 0 2.38122e-33 0 1.02353e-32 0 3.74227e-32 0 1.21138e-31 0 3.50288e-31 0 9.1188e-31 0 2.20589e-30 0 5.10292e-30 0 1.10476e-29 0 2.24633e-29 0 4.40349e-29 0 8.14962e-29 0
11.7094 2.38928e-07 1.2525e-07 1.13678e-07 0.475783 2.82232e-06 0 0 0 0 1.3545e-41 0 1.08731e-38 0 9.76378e-37 0 2.73853e-35 0 3.78634e-34 0 3.29778e-33 0 2.06632e-32 0 1.00822e-31 0 4.03585e-31 0 1.3851e-30 0 4.23371e-30 0 1.16238e-29 0 2.88785e-29 0 6.69099e-29 0 1.48574e-28 0 3.09752e-28 0 6.08375e-28 0 1.15404e-27 0 2.07257e-27 0
12.3105 2.39819e-07 1.31823e-07 1.07997e-07 0.450325 2.20615e-06 0 0 9.80909e-45 0 1.50956e-39 0 8.74242e-37 0 6.30272e-35 0 1.50223e-33 0 1.82702e-32 0 1.4317e-31 0 8.20191e-31 0 3.70395e-30 0 1.38559e-29 0 4.47748e-29 0 1.29593e-28 0 3.38683e-28 0 8.04865e-28 0 1.78987e-27 0 3.82259e-27 0 7.68868e-27 0 1.46115e-26 0 2.6864e-26 0 4.68859e-26 0
12.9424 2.37487e-07 1.33537e-07 1.03949e-07 0.437707 1.60871e-06 0 0 1.55404e-42 0 1.27401e-37 0 5.40834e-35 0 3.1641e-33 0 6.45978e-32 0 6.95426e-31 0 4.92838e-30 0 2.59272e-29 0 1.08778e-28 0 3.81534e-28 0 1.16429e-27 0 3.19944e-27 0 7.97843e-27 0 1.81757e-26 0 3.88726e-26 0 8.00001e-26 0 1.55513e-25 0 2.86416e-25 0 5.11162e-25 0 8.68204e-25 0
13.6067 2.30248e-07 1.31134e-07 9.91135e-08 0.430464 1.1081e-06 1.4013e-45 0 1.75775e-40 0 8.29683e-36 0 2.62119e-33 0 1.2572e-31 0 2.2152e-30 0 2.12353e-29 0 1.3677e-28 0 6.63494e-28 0 2.59545e-27 0 8.56246e-27 0 2.4744e-26 0 6.47215e-26 0 1.54353e-25 0 3.37779e-25 0 6.9609e-25 0 1.38295e-24 0 2.6025e-24 0 4.65233e-24 0 8.07141e-24 0 1.33592e-23 0
14.3051 2.17103e-07 1.25431e-07 9.16721e-08 0.422252 6.74396e-07 1.5134e-43 0 1.51783e-38 0 4.23623e-34 0 1.01048e-31 0 4.01202e-30 0 6.14521e-29 0 5.27539e-28 0 3.10234e-27 0 1.39332e-26 0 5.09924e-26 0 1.58702e-25 0 4.35463e-25 0 1.08678e-24 0 2.48416e-24 0 5.23227e-24 0 1.04086e-23 0 1.99976e-23 0 3.64882e-23 0 6.34038e-23 0 1.07081e-22 0 1.72925e-22 0
15.0394 2.00617e-07 1.19229e-07 8.13883e-08 0.40569 2.84373e-07 1.80908e-41 0 1.03274e-36 0 1.74859e-32 0 3.19266e-30 0 1.05908e-28 0 1.41983e-27 0 1.0974e-26 0 5.91883e-26 0 2.47028e-25 0 8.48575e-25 0 2.49857e-24 0 6.52618e-24 0 1.55761e-23 0 3.41952e-23 0 6.94514e-23 0 1.33597e-22 0 2.48621e-22 0 4.40517e-22 0 7.45091e-22 0 1.22657e-21 0 1.93499e-21 0
15.8114 1.85082e-07 1.15384e-07 6.96986e-08 0.376582 -8.11128e-08 1.71542e-39 0 5.73698e-35 0 6.03835e-31 0 8.55008e-29 0 2.39053e-27 0 2.82335e-26 0 1.97484e-25 0 9.80997e-25 0 3.81841e-24 0 1.23498e-23 0 3.44955e-23 0 8.59749e-23 0 1.96664e-22 0 4.15488e-22 0 8.15174e-22 0 1.51878e-21 0 2.74199e-21 0 4.72456e-21 0 7.78868e-21 0 1.25135e-20 0 1.93062e-20 0
16.623 1.72931e-07 1.14771e-07 5.81599e-08 0.33632 -4.4917e-07 1.32038e-37 0 2.6553e-33 0 1.77815e-29 0 1.97695e-27 0 4.69782e-26 0 4.91827e-25 0 3.12849e-24 0 1.43709e-23 0 5.23457e-23 0 1.59871e-22 0 4.24709e-22 0 1.01236e-21 0 2.22405e-21 0 4.53021e-21 0 8.60042e-21 0 1.55443e-20 0 2.72656e-20 0 4.5748e-20 0 7.35996e-20 0 1.15541e-19 0 1.74526e-19 0
17.4762 1.63602e-07 1.15933e-07 4.76693e-08 0.291374 -8.02956e-07 8.24502e-36 0 1.02211e-31 0 4.45203e-28 0 3.93271e-26 0 8.00598e-25 0 7.47369e-24 0 4.34337e-23 0 1.85202e-22 0 6.33336e-22 0 1.83167e-21 0 4.63931e-21 0 1.05994e-20 0 2.24078e-20 0 4.40847e-20 0 8.11141e-20 0 1.42428e-19 0 2.43067e-19 0 3.97658e-19 0 6.25073e-19 0 9.59908e-19 0 1.42104e-18 0
18.3733 1.54311e-07 1.15828e-07 3.8483e-08 0.249386 -1.13801e-06 4.11313e-34 0 3.2183e-30 0 9.31134e-27 0 6.60887e-25 0 1.16132e-23 0 9.72092e-23 0 5.18421e-22 0 2.05945e-21 0 6.63236e-21 0 1.82122e-20 0 4.40822e-20 0 9.67319e-20 0 1.97158e-19 0 3.7528e-19 0 6.70247e-19 0 1.14498e-18 0 1.90368e-18 0 3.04046e-18 0 4.67488e-18 0 7.03029e-18 0 1.02102e-17 0
19.3164 1.42126e-07 1.11526e-07 3.06007e-08 0.215306 -1.47999e-06 1.61388e-32 0 8.15138e-29 0 1.59815e-25 0 9.21199e-24 0 1.40735e-22 0 1.06195e-21 0 5.21898e-21 0 1.93823e-20 0 5.89554e-20 0 1.54099e-19 0 3.57236e-19 0 7.54395e-19 0 1.48507e-18 0 2.73929e-18 0 4.75575e-18 0 7.91457e-18 0 1.28364e-17 0 2.00383e-17 0 3.01696e-17 0 4.44755e-17 0 6.3426e-17 0
20.3079 1.26146e-07 1.02135e-07 2.40107e-08 0.190341 -1.86705e-06 4.96461e-31 0 1.65361e-27 0 2.23909e-24 0 1.05887e-22 0 1.41605e-21 0 9.6812e-21 0 4.402e-20 0 1.53338e-19 0 4.41753e-19 0 1.10175e-18 0 2.45138e-18 0 4.99117e-18 0 9.50579e-18 0 1.70176e-17 0 2.87596e-17 0 4.66864e-17 0 7.39523e-17 0 1.12961e-16 0 1.66709e-16 0 2.41147e-16 0 3.37988e-16 0
21.3503 1.07928e-07 8.92406e-08 1.86875e-08 0.173148 -2.15061e-06 1.21246e-29 0 2.71787e-26 0 2.58803e-23 0 1.01384e-21 0 1.19459e-20 0 7.43548e-20 0 3.13991e-19 0 1.02909e-18 0 2.81545e-18 0 6.71541e-18 0 1.43695e-17 0 2.82591e-17 0 5.21535e-17 0 9.07498e-17 0 1.49487e-16 0 2.36995e-16 0 3.67068e-16 0 5.49211e-16 0 7.95278e-16 0 1.12983e-15 0 1.55767e-15 0
22.4463 8.98601e-08 7.53424e-08 1.45176e-08 0.161558 -2.37695e-06 2.40222e-28 0 3.69476e-25 0 2.51705e-22 0 8.24359e-21 0 8.6112e-20 0 4.9021e-19 0 1.9295e-18 0 5.96775e-18 0 1.55441e-17 0 3.55351e-17 0 7.32651e-17 0 1.39403e-16 0 2.49692e-16 0 4.22884e-16 0 6.79824e-16 0 1.0538e-15 0 1.59768e-15 0 2.3439e-15 0 3.33326e-15 0 4.65498e-15 0 6.31788e-15 0
23.5984 7.38056e-08 6.24877e-08 1.13179e-08 0.153347 -2.58374e-06 3.95927e-27 0 4.25587e-24 0 2.10844e-21 0 5.82379e-20 0 5.42505e-19 0 2.8369e-18 0 1.04437e-17 0 3.05688e-17 0 7.5986e-17 0 1.66837e-16 0 3.3204e-16 0 6.12247e-16 0 1.06586e-15 0 1.75932e-15 0 2.76346e-15 0 4.19298e-15 0 6.22916e-15 0 8.96916e-15 0 1.25376e-14 0 1.72259e-14 0 2.30334e-14 0
24.8097 6.04358e-08 5.15588e-08 8.8769e-09 0.146882 -2.86643e-06 5.54216e-26 0 4.2369e-23 0 1.55039e-20 0 3.64182e-19 0 3.04227e-18 0 1.46744e-17 0 5.06915e-17 0 1.40795e-16 0 3.3476e-16 0 7.07323e-16 0 1.3612e-15 0 2.43603e-15 0 4.12763e-15 0 6.64843e-15 0 1.02154e-14 0 1.51873e-14 0 2.21307e-14 0 3.13032e-14 0 4.30476e-14 0 5.82344e-14 0 7.67707e-14 0
26.0832 4.96746e-08 4.26682e-08 7.00642e-09 0.141046 -3.05466e-06 6.69417e-25 0 3.70074e-22 0 1.01514e-19 0 2.04396e-18 0 1.53936e-17 0 6.87605e-17 0 2.23578e-16 0 5.90771e-16 0 1.34648e-15 0 2.74298e-15 0 5.11265e-15 0 8.89337e-15 0 1.4686e-14 0 2.31107e-14 0 3.47729e-14 0 5.07061e-14 0 7.25422e-14 0 1.00886e-13 0 1.36595e-13 0 1.82079e-13 0 2.36819e-13 0
27.4221 4.11587e-08 3.55938e-08 5.56494e-09 0.135207 -3.20272e-06 7.06376e-24 0 2.86895e-21 0 5.98296e-19 0 1.04039e-17 0 7.09993e-17 0 2.94793e-16 0 9.04908e-16 0 2.2803e-15 0 4.99236e-15 0 9.8229e-15 0 1.77607e-14 0 3.00706e-14 0 4.84554e-14 0 7.45829e-14 0 1.10003e-13 0 1.5748e-13 0 2.21392e-13 0 3.02976e-13 0 4.04192e-13 0 5.31272e-13 0 6.82181e-13 0
28.8297 3.44335e-08 2.99903e-08 4.44322e-09 0.129038 -3.26258e-06 6.57046e-23 0 1.99029e-20 0 3.19799e-18 0 4.83731e-17 0 3.00565e-16 0 1.16417e-15 0 3.38315e-15 0 8.14912e-15 0 1.71715e-14 0 3.26883e-14 0 5.74187e-14 0 9.47481e-14 0 1.49161e-13 0 2.24805e-13 0 3.25335e-13 0 4.57662e-13 0 6.32789e-13 0 8.52811e-13 0 1.12181e-12 0 1.45497e-12 0 1.84559e-12 0
30.3095 2.90996e-08 2.55364e-08 3.56317e-09 0.122447 -3.28645e-06 5.42625e-22 0 1.24358e-19 0 1.5593e-17 0 2.06565e-16 0 1.17397e-15 0 4.25621e-15 0 1.17411e-14 0 2.7093e-14 0 5.50492e-14 0 1.01551e-13 0 1.7354e-13 0 2.79445e-13 0 4.30287e-13 0 6.35642e-13 0 9.03441e-13 0 1.24991e-12 0 1.70106e-12 0 2.25937e-12 0 2.93253e-12 0 3.75544e-12 0 4.70868e-12 0
31.8653 2.48373e-08 2.19693e-08 2.86803e-09 0.115473 -3.23407e-06 4.00312e-21 0 7.03621e-19 0 6.96868e-17 0 8.13749e-16 0 4.24863e-15 0 1.44645e-14 0 3.79728e-14 0 8.41184e-14 0 1.65102e-13 0 2.95598e-13 0 4.92102e-13 0 7.74195e-13 0 1.16724e-12 0 1.69177e-12 0 2.36359e-12 0 3.2186e-12 0 4.31495e-12 0 5.65229e-12 0 7.24352e-12 0 9.16481e-12 0 1.13649e-11 0
33.5009 2.14012e-08 1.90857e-08 2.31553e-09 0.108196 -3.17253e-06 2.65254e-20 0 3.62239e-18 0 2.86657e-16 0 2.96887e-15 0 1.4299e-14 0 4.58546e-14 0 1.14838e-13 0 2.44704e-13 0 4.64733e-13 0 8.08728e-13 0 1.31326e-12 0 2.02086e-12 0 2.98634e-12 0 4.25061e-12 0 5.84241e-12 0 7.83681e-12 0 1.0357e-11 0 1.33893e-11 0 1.6952e-11 0 2.12035e-11 0 2.60188e-11 0
35.2205 1.86006e-08 1.67264e-08 1.87421e-09 0.100761 -2.99477e-06 1.58613e-19 0 1.70379e-17 0 1.08918e-15 0 1.00638e-14 0 4.48891e-14 0 1.35991e-13 0 3.25647e-13 0 6.68744e-13 0 1.2309e-12 0 2.08485e-12 0 3.30629e-12 0 4.98182e-12 0 7.22289e-12 0 1.0105e-11 0 1.36752e-11 0 1.80823e-11 0 2.35741e-11 0 3.00963e-11 0 3.76683e-11 0 4.66033e-11 0 5.66183e-11 0
37.0284 1.6294e-08 1.47738e-08 1.52019e-09 0.0932976 -2.81568e-06 8.59784e-19 0 7.35023e-17 0 3.8355e-15 0 3.17933e-14 0 1.31829e-13 0 3.78336e-13 0 8.6816e-13 0 1.72129e-12 0 3.07525e-12 0 5.07643e-12 0 7.87132e-12 0 1.16252e-11 0 1.65519e-11 0 2.278e-11 0 3.03764e-11 0 3.96216e-11 0 5.09905e-11 0 6.43264e-11 0 7.96331e-11 0 9.75036e-11 0 1.17337e-10 0
38.9291 1.43761e-08 1.31408e-08 1.23532e-09 0.0859287 -2.57283e-06 4.24324e-18 0 2.91935e-16 0 1.25589e-14 0 9.38899e-14 0 3.63193e-13 0 9.90031e-13 0 2.18152e-12 0 4.18312e-12 0 7.26475e-12 0 1.17023e-11 0 1.77607e-11 0 2.57363e-11 0 3.60164e-11 0 4.88016e-11 0 6.41673e-11 0 8.26182e-11 0 1.05023e-10 0 1.30996e-10 0 1.60485e-10 0 1.94567e-10 0 2.32037e-10 0
40.9273 1.2765e-08 1.17597e-08 1.00529e-09 0.0787533 -2.31134e-06 1.91431e-17 0 1.07123e-15 0 3.83517e-14 0 2.59894e-13 0 9.41087e-13 0 2.44274e-12 0 5.17887e-12 0 9.61994e-12 0 1.62626e-11 0 2.55935e-11 0 3.80603e-11 0 5.41619e-11 0 7.45628e-11 0 9.95439e-11 0 1.29149e-10 0 1.64245e-10 0 2.06354e-10 0 2.54625e-10 0 3.08869e-10 0 3.70958e-10 0 4.38609e-10 0
43.0281 1.13983e-08 1.05792e-08 8.19119e-10 0.0718634 -1.96729e-06 7.92495e-17 0 3.64358e-15 0 1.09538e-13 0 6.76086e-13 0 2.29906e-12 0 5.69605e-12 0 1.16412e-11 0 2.09799e-11 0 3.45691e-11 0 5.32125e-11 0 7.76142e-11 0 1.08563e-10 0 1.4714e-10 0 1.93686e-10 0 2.48114e-10 0 3.11858e-10 0 3.87471e-10 0 4.73227e-10 0 5.68653e-10 0 6.76883e-10 0 7.93806e-10 0
45.2368 1.02281e-08 9.55983e-09 6.68232e-10 0.0653332 -1.58386e-06 3.02171e-16 0 1.15243e-14 0 2.93417e-13 0 1.65703e-12 0 5.30796e-12 0 1.25809e-11 0 2.48302e-11 0 4.34808e-11 0 6.99185e-11 0 1.05383e-10 0 1.50902e-10 0 2.07645e-10 0 2.77283e-10 0 3.60132e-10 0 4.55789e-10 0 5.66528e-10 0 6.96465e-10 0 8.42346e-10 0 1.00317e-09 0 1.18398e-09 0 1.37774e-09 0
47.5588 9.21806e-09 8.67238e-09 5.45679e-10 0.0591967 -9.5563e-07 1.06504e-15 0 3.40029e-14 0 7.39176e-13 0 3.83606e-12 0 1.16091e-11 0 2.63805e-11 0 5.03657e-11 0 8.58167e-11 0 1.34833e-10 0 1.99193e-10 0 2.80276e-10 0 3.79702e-10 0 4.99935e-10 0 6.41073e-10 0 8.02076e-10 0 9.86419e-10 0 1.2005e-09 0 1.43853e-09 0 1.69862e-09 0 1.98864e-09 0 2.29702e-09 0
50 8.33812e-09 7.89218e-09 4.45938e-10 0.0534818 -3.42364e-07 3.48145e-15 0 9.38584e-14 0 1.75556e-12 0 8.40694e-12 0 2.41029e-11 0 5.262e-11 0 9.73396e-11 0 1.61595e-10 0 2.48353e-10 0 3.59977e-10 0 4.98133e-10 0 6.64912e-10 0 8.63776e-10 0 1.09427e-09 0 1.35419e-09 0 1.64869e-09 0 1.98735e-09 0 2.36046e-09 0 2.76472e-09 0 3.21194e-09 0 3.68399e-09 0
52.5665 7.56616e-09 7.20145e-09 3.64714e-10 0.0482033 3.3123e-07 1.05902e-14 0 2.43087e-13 0 3.94097e-12 0 1.74829e-11 0 4.76115e-11 0 1.00055e-10 0 1.79611e-10 0 2.90886e-10 0 4.37777e-10 0 6.23143e-10 0 8.48731e-10 0 1.11703e-09 0 1.4327e-09 0 1.79416e-09 0 2.19735e-09 0 2.64963e-09 0 3.16489e-09 0 3.72764e-09 0 4.33247e-09 0 4.99658e-09 0 5.69267e-09 0
55.2648 6.88357e-09 6.58512e-09 2.98458e-10 0.0433579 9.40075e-07 3.00694e-14 0 5.92301e-13 0 8.38135e-12 0 3.45728e-11 0 8.96581e-11 0 1.81706e-10 0 3.16999e-10 0 5.01446e-10 0 7.39753e-10 0 1.03499e-09 0 1.38857e-09 0 1.80317e-09 0 2.2848e-09 0 2.82999e-09 0 3.43182e-09 0 4.10055e-09 0 4.85566e-09 0 5.67352e-09 0 6.54585e-09 0 7.49685e-09 0 8.48706e-09 0
58.1015 6.27612e-09 6.03175e-09 2.44374e-10 0.038937 1.47083e-06 7.99377e-14 0 1.36135e-12 0 1.69261e-11 0 6.51524e-11 0 1.61279e-10 0 3.15776e-10 0 5.36129e-10 0 8.29299e-10 0 1.20041e-09 0 1.65218e-09 0 2.18502e-09 0 2.80148e-09 0 3.50896e-09 0 4.30108e-09 0 5.16688e-09 0 6.12028e-09 0 7.18775e-09 0 8.33484e-09 0 9.54944e-09 0 1.08646e-08 0 1.22254e-08 0
61.0839 5.73224e-09 5.53207e-09 2.00176e-10 0.0349211 1.90194e-06 1.99546e-13 0 2.95902e-12 0 3.25306e-11 0 1.17243e-10 0 2.77661e-10 0 5.261e-10 0 8.7043e-10 0 1.31803e-09 0 1.87371e-09 0 2.53896e-09 0 3.3123e-09 0 4.19556e-09 0 5.19766e-09 0 6.30798e-09 0 7.51022e-09 0 8.82277e-09 0 1.02806e-08 0 1.18354e-08 0 1.34703e-08 0 1.52293e-08 0 1.70382e-08 0
64.2193 5.24244e-09 5.07841e-09 1.64025e-10 0.031288 2.23813e-06 4.6902e-13 0 6.09704e-12 0 5.96252e-11 0 2.01855e-10 0 4.58339e-10 0 8.41762e-10 0 1.35887e-09 0 2.01639e-09 0 2.81767e-09 0 3.76186e-09 0 4.84437e-09 0 6.06577e-09 0 7.43638e-09 0 8.94003e-09 0 1.05536e-08 0 1.2301e-08 0 1.42269e-08 0 1.62663e-08 0 1.83967e-08 0 2.06747e-08 0 2.30041e-08 0
67.5157 4.79937e-09 4.66493e-09 1.34441e-10 0.0280123 2.45994e-06 1.04082e-12 0 1.19376e-11 0 1.04442e-10 0 3.33141e-10 0 7.26753e-10 0 1.29569e-09 0 2.04331e-09 0 2.97414e-09 0 4.08868e-09 0 5.38229e-09 0 6.84603e-09 0 8.47853e-09 0 1.02915e-08 0 1.22617e-08 0 1.4358e-08 0 1.66105e-08 0 1.90752e-08 0 2.16674e-08 0 2.43585e-08 0 2.72191e-08 0 3.01284e-08 0
70.9813 4.39698e-09 4.28676e-09 1.10223e-10 0.0250679 2.59306e-06 2.18633e-12 0 2.226e-11 0 1.75185e-10 0 5.28022e-10 0 1.10885e-09 0 1.92187e-09 0 2.96415e-09 0 4.23611e-09 0 5.73377e-09 0 7.44725e-09 0 9.36198e-09 0 1.1474e-08 0 1.37963e-08 0 1.62975e-08 0 1.89373e-08 0 2.17529e-08 0 2.48125e-08 0 2.80096e-08 0 3.13089e-08 0 3.47966e-08 0 3.83253e-08 0
74.6248 4.03011e-09 3.93972e-09 9.03897e-11 0.0224286 2.64385e-06 4.35784e-12 0 3.96165e-11 0 2.81904e-10 0 8.05124e-10 0 1.63061e-09 0 2.75132e-09 0 4.15461e-09 0 5.83481e-09 0 7.78181e-09 0 9.97911e-09 0 1.24054e-08 0 1.50538e-08 0 1.79385e-08 0 2.1019e-08 0 2.42453e-08 0 2.76622e-08 0 3.13509e-08 0 3.51817e-08 0 3.91126e-08 0 4.32461e-08 0 4.74076e-08 0
78.4553 3.69479e-09 3.62065e-09 7.41397e-11 0.020066 2.62444e-06 8.26208e-12 0 6.74359e-11 0 4.36021e-10 0 1.18309e-09 0 2.31495e-09 0 3.8075e-09 0 5.63494e-09 0 7.78368e-09 0 1.02361e-08 0 1.2968e-08 0 1.59506e-08 0 1.91738e-08 0 2.26533e-08 0 2.63389e-08 0 3.01707e-08 0 3.42019e-08 0 3.85265e-08 0 4.29915e-08 0 4.75486e-08 0 5.23164e-08 0 5.70941e-08 0
82.4824 3.38756e-09 3.32675e-09 6.08168e-11 0.017953 2.53124e-06 1.49333e-11 0 1.10012e-10 0 6.49351e-10 0 1.67812e-09 0 3.17771e-09 0 5.10109e-09 0 7.4063e-09 0 1.00704e-08 0 1.30674e-08 0 1.63648e-08 0 1.99264e-08 0 2.37387e-08 0 2.78192e-08 0 3.21082e-08 0 3.65363e-08 0 4.11653e-08 0 4.61016e-08 0 5.11699e-08 0 5.63163e-08 0 6.1675e-08 0 6.7021e-08 0
86.7162 3.10557e-09 3.05568e-09 4.98909e-11 0.016065 2.35108e-06 2.57885e-11 0 1.72332e-10 0 9.32738e-10 0 2.30129e-09 0 4.22401e-09 0 6.6258e-09 0 9.44649e-09 0 1.26533e-08 0 1.62114e-08 0 2.00804e-08 0 2.42168e-08 0 2.86045e-08 0 3.32628e-08 0 3.81233e-08 0 4.31084e-08 0 4.82881e-08 0 5.37805e-08 0 5.93899e-08 0 6.50581e-08 0 7.09333e-08 0 7.67698e-08 0
91.1674 2.8463e-09 2.80537e-09 4.09289e-11 0.0143797 2.12537e-06 4.2638e-11 0 2.59693e-10 0 1.29434e-09 0 3.0557e-09 0 5.44486e-09 0 8.35518e-09 0 1.17076e-08 0 1.54598e-08 0 1.95691e-08 0 2.39875e-08 0 2.86654e-08 0 3.35851e-08 0 3.87681e-08 0 4.41383e-08 0 4.96115e-08 0 5.52658e-08 0 6.12293e-08 0 6.72892e-08 0 7.33843e-08 0 7.96747e-08 0 8.58986e-08 0
95.847 2.6078e-09 2.57422e-09 3.35778e-11 0.0128759 1.89022e-06 6.76332e-11 0 3.77148e-10 0 1.73796e-09 0 3.93452e-09 0 6.81585e-09 0 1.02426e-08 0 1.4118e-08 0 1.83914e-08 0 2.30136e-08 0 2.7931e-08 0 3.3089e-08 0 3.84694e-08 0 4.40964e-08 0 4.9888e-08 0 5.57553e-08 0 6.17837e-08 0 6.81093e-08 0 7.45065e-08 0 8.09125e-08 0 8.74968e-08 0 9.39865e-08 0
100.767 2.38807e-09 2.36053e-09 2.75414e-11 0.0115329 1.6551e-06 1.03114e-10 0 5.28725e-10 0 2.26133e-09 0 4.91916e-09 0 8.29605e-09 0 1.22216e-08 0 1.6584e-08 0 2.13268e-08 0 2.63965e-08 0 3.17354e-08 0 3.72864e-08 0 4.30321e-08 0 4.89991e-08 0 5.51021e-08 0 6.12497e-08 0 6.75334e-08 0 7.40948e-08 0 8.07003e-08 0 8.72874e-08 0 9.40314e-08 0 1.00654e-07 0
105.939 2.18604e-09 2.16344e-09 2.25961e-11 0.0103365 1.37427e-06 1.51413e-10 0 7.16828e-10 0 2.85586e-09 0 5.98118e-09 0 9.83306e-09 0 1.42146e-08 0 1.90032e-08 0 2.41399e-08 0 2.9569e-08 0 3.52317e-08 0 4.10703e-08 0 4.7069e-08 0 5.32576e-08 0 5.95494e-08 0 6.5853e-08 0 7.22643e-08 0 7.89282e-08 0 8.56079e-08 0 9.22426e-08 0 9.90101e-08 0 1.05633e-07 0
111.377 1.99987e-09 1.98133e-09 1.85337e-11 0.00926745 1.10267e-06 2.14476e-10 0 9.41162e-10 0 3.50493e-09 0 7.08042e-09 0 1.13612e-08 0 1.6131e-08 0 2.1262e-08 0 2.6696e-08 0 3.23782e-08 0 3.82508e-08 0 4.42577e-08 0 5.03863e-08 0 5.66692e-08 0 6.30204e-08 0 6.93509e-08 0 7.57595e-08 0 8.23913e-08 0 8.90118e-08 0 9.55627e-08 0 1.02221e-07 0 1.08717e-07 0
117.094 1.82855e-09 1.81335e-09 1.52004e-11 0.00831285 8.33532e-07 2.93599e-10 0 1.19862e-09 0 4.18624e-09 0 8.17149e-09 0 1.28129e-08 0 1.78838e-08 0 2.3257e-08 0 2.88788e-08 0 3.46978e-08 0 4.06598e-08 0 4.67121e-08 0 5.28459e-08 0 5.90966e-08 0 6.53813e-08 0 7.16149e-08 0 7.78974e-08 0 8.43717e-08 0 9.08097e-08 0 9.71574e-08 0 1.03588e-07 0 1.09841e-07 0
123.105 1.671e-09 1.65853e-09 1.24673e-11 0.00746102 5.82899e-07 3.8905e-10 0 1.48289e-09 0 4.87237e-09 0 9.20545e-09 0 1.4121e-08 0 1.93918e-08 0 2.48974e-08 0 3.05914e-08 0 3.64286e-08 0 4.23598e-08 0 4.8338e-08 0 5.43583e-08 0 6.04586e-08 0 6.65606e-08 0 7.25852e-08 0 7.86313e-08 0 8.48374e-08 0 9.09861e-08 0 9.7028e-08 0 1.03129e-07 0 1.09045e-07 0
129.424 1.52598e-09 1.51576e-09 1.02229e-11 0.00669925 3.6334e-07 4.99751e-10 0 1.78439e-09 0 5.53235e-09 0 1.0133e-08 0 1.52231e-08 0 2.05847e-08 0 2.61094e-08 0 3.17608e-08 0 3.75014e-08 0 4.32888e-08 0 4.90824e-08 0 5.48819e-08 0 6.0727e-08 0 6.65452e-08 0 7.22643e-08 0 7.7981e-08 0 8.38271e-08 0 8.95989e-08 0 9.52522e-08 0 1.00944e-07 0 1.06447e-07 0
136.067 1.39285e-09 1.38447e-09 8.38265e-12 0.00601834 1.7447e-07 6.23339e-10 0 2.09161e-09 0 6.13658e-09 0 1.0913e-08 0 1.6073e-08 0 2.14173e-08 0 2.68532e-08 0 3.23561e-08 0 3.78973e-08 0 4.34425e-08 0 4.89576e-08 0 5.44471e-08 0 5.99515e-08 0 6.54055e-08 0 7.07442e-08 0 7.60606e-08 0 8.1478e-08 0 8.68088e-08 0 9.20143e-08 0 9.72406e-08 0 1.0228e-07 0
143.051 1.27045e-09 1.26358e-09 6.87272e-12 0.00540967 1.30088e-08 7.55874e-10 0 2.39082e-09 0 6.65575e-09 0 1.15089e-08 0 1.66344e-08 0 2.18582e-08 0 2.71068e-08 0 3.23677e-08 0 3.76217e-08 0 4.28425e-08 0 4.80033e-08 0 5.31124e-08 0 5.82107e-08 0 6.32403e-08 0 6.81442e-08 0 7.30101e-08 0 7.79519e-08 0 8.27996e-08 0 8.75197e-08 0 9.22458e-08 0 9.6792e-08 0
150.394 1.15826e-09 1.15263e-09 5.63429e-12 0.00486444 -1.27557e-07 8.92509e-10 0 2.66876e-09 0 7.06784e-09 0 1.19001e-08 0 1.68947e-08 0 2.1908e-08 0 2.68867e-08 0 3.18305e-08 0 3.67294e-08 0 4.15648e-08 0 4.63171e-08 0 5.09978e-08 0 5.56473e-08 0 6.02152e-08 0 6.46525e-08 0 6.90404e-08 0 7.34827e-08 0 7.78274e-08 0 8.20464e-08 0 8.62601e-08 0 9.03039e-08 0
158.114 1.05545e-09 1.05083e-09 4.61879e-12 0.00437612 -2.26762e-07 1.02745e-09 0 2.91245e-09 0 7.35586e-09 0 1.20754e-08 0 1.68545e-08 0 2.15827e-08 0 2.62265e-08 0 3.07972e-08 0 3.52928e-08 0 3.97022e-08 0 4.40121e-08 0 4.82367e-08 0 5.2415e-08 0 5.65039e-08 0 6.0462e-08 0 6.43636e-08 0 6.83017e-08 0 7.21427e-08 0 7.58629e-08 0 7.95696e-08 0 8.31189e-08 0
166.23 9.61231e-10 9.57445e-10 3.78598e-12 0.00393868 -3.29291e-07 1.15452e-09 0 3.11054e-09 0 7.5099e-09 0 1.20353e-08 0 1.65296e-08 0 2.09154e-08 0 2.51781e-08 0 2.93386e-08 0 3.34021e-08 0 3.7364e-08 0 4.12165e-08 0 4.49756e-08 0 4.86783e-08 0 5.22886e-08 0 5.57717e-08 0 5.91948e-08 0 6.26402e-08 0 6.59918e-08 0 6.92302e-08 0 7.24497e-08 0 7.55259e-08 0
174.763 8.74913e-10 8.71811e-10 3.10274e-12 0.00354634 -4.22877e-07 1.26773e-09 0 3.25455e-09 0 7.52815e-09 0 1.17921e-08 0 1.59495e-08 0 1.99541e-08 0 2.3808e-08 0 2.75396e-08 0 3.11603e-08 0 3.46706e-08 0 3.80673e-08 0 4.13674e-08 0 4.46057e-08 0 4.7752e-08 0 5.07782e-08 0 5.37438e-08 0 5.67208e-08 0 5.96095e-08 0 6.23944e-08 0 6.51572e-08 0 6.77919e-08 0
183.733 7.95997e-10 7.93455e-10 2.54253e-12 0.00319414 -4.92039e-07 1.36201e-09 0 3.33976e-09 0 7.41731e-09 0 1.13694e-08 0 1.5156e-08 0 1.87588e-08 0 2.21937e-08 0 2.54949e-08 0 2.86781e-08 0 3.17477e-08 0 3.47044e-08 0 3.75655e-08 0 4.03627e-08 0 4.30717e-08 0 4.56697e-08 0 4.82088e-08 0 5.07513e-08 0 5.32128e-08 0 5.55808e-08 0 5.79252e-08 0 6.01569e-08 0
193.164 7.23877e-10 7.21794e-10 2.08328e-12 0.00287795 -5.39364e-07 1.43325e-09 0 3.3645e-09 0 7.18916e-09 0 1.07954e-08 0 1.4194e-08 0 1.73903e-08 0 2.0411e-08 0 2.32935e-08 0 2.60567e-08 0 2.8708e-08 0 3.12508e-08 0 3.3702e-08 0 3.60903e-08 0 3.83963e-08 0 4.06017e-08 0 4.27517e-08 0 4.48996e-08 0 4.69745e-08 0 4.89666e-08 0 5.09352e-08 0 5.28059e-08 0
203.079 6.58068e-10 6.56361e-10 1.70716e-12 0.0025942 -5.85724e-07 1.47889e-09 0 3.33078e-09 0 6.86097e-09 0 1.01038e-08 0 1.31124e-08 0 1.59111e-08 0 1.85341e-08 0 2.10205e-08 0 2.33909e-08 0 2.56547e-08 0 2.7817e-08 0 2.98939e-08 0 3.19112e-08 0 3.38534e-08 0 3.57059e-08 0 3.75078e-08 0 3.9304e-08 0 4.10356e-08 0 4.26949e-08 0 4.43319e-08 0 4.5885e-08 0
213.503 5.97936e-10 5.96538e-10 1.39845e-12 0.00233879 -6.05336e-07 1.4975e-09 0 3.24262e-09 0 6.45115e-09 0 9.32638e-09 0 1.19549e-08 0 1.43749e-08 0 1.66254e-08 0 1.87453e-08 0 2.07559e-08 0 2.26676e-08 0 2.44866e-08 0 2.6228e-08 0 2.79143e-08 0 2.95335e-08 0 3.10742e-08 0 3.25695e-08 0 3.40571e-08 0 3.54884e-08 0 3.68577e-08 0 3.82063e-08 0 3.94838e-08 0
224.463 5.43167e-10 5.42022e-10 1.14575e-12 0.00210938 -6.38683e-07 1.48981e-09 0 3.10776e-09 0 5.9824e-09 0 8.49878e-09 0 1.07675e-08 0 1.2836e-08 0 1.47455e-08 0 1.65338e-08 0 1.82215e-08 0 1.98197e-08 0 2.13349e-08 0 2.2781e-08 0 2.41774e-08 0 2.55149e-08 0 2.67847e-08 0 2.80145e-08 0 2.92357e-08 0 3.04086e-08 0 3.15288e-08 0 3.26304e-08 0 3.36725e-08 0
235.984 4.93215e-10 4.92277e-10 9.38541e-13 0.0019029 -6.56459e-07 1.45727e-09 0 2.93411e-09 0 5.47449e-09 0 7.64959e-09 0 9.58508e-09 0 1.13338e-08 0 1.2937e-08 0 1.44302e-08 0 1.5833e-08 0 1.71562e-08 0 1.84066e-08 0 1.95965e-08 0 2.07425e-08 0 2.18376e-08 0 2.28751e-08 0 2.3878e-08 0 2.4872e-08 0 2.58252e-08 0 2.67342e-08 0 2.76269e-08 0 2.84703e-08 0
248.097 4.47711e-10 4.46942e-10 7.68725e-13 0.00171701 -6.80426e-07 1.40281e-09 0 2.73118e-09 0 4.9474e-09 0 6.80574e-09 0 8.43916e-09 0 9.90239e-09 0 1.12352e-08 0 1.24702e-08 0 1.36256e-08 0 1.47114e-08 0 1.57344e-08 0 1.67051e-08 0 1.76378e-08 0 1.85271e-08 0 1.9368e-08 0 2.01795e-08 0 2.09824e-08 0 2.17512e-08 0 2.24832e-08 0 2.32012e-08 0 2.38787e-08 0
260.832 4.06284e-10 4.05655e-10 6.29602e-13 0.00154966 -6.75331e-07 1.33004e-09 0 2.5084e-09 0 4.41851e-09 0 5.98898e-09 0 7.35354e-09 0 8.56617e-09 0 9.66408e-09 0 1.06766e-08 0 1.162e-08 0 1.25037e-08 0 1.33338e-08 0 1.41195e-08 0 1.48728e-08 0 1.55895e-08 0 1.6266e-08 0 1.69177e-08 0 1.75617e-08 0 1.81773e-08 0 1.87628e-08 0 1.93363e-08 0 1.98769e-08 0
274.221 3.68611e-10 3.68095e-10 5.15664e-13 0.00139894 -6.79421e-07 1.24312e-09 0 2.27488e-09 0 3.90256e-09 0 5.21632e-09 0 6.34555e-09 0 7.34158e-09 0 8.23832e-09 0 9.06159e-09 0 9.82589e-09 0 1.05396e-08 0 1.12082e-08 0 1.18395e-08 0 1.24435e-08 0 1.30172e-08 0 1.35577e-08 0 1.40776e-08 0 1.45906e-08 0 1.50804e-08 0 1.55457e-08 0 1.60009e-08 0 1.64295e-08 0
288.297 3.34353e-10 3.33931e-10 4.22336e-13 0.00126314 -6.73336e-07 1.1462e-09 0 2.03853e-09 0 3.41081e-09 0 4.49937e-09 0 5.42564e-09 0 6.23696e-09 0 6.96359e-09 0 7.62791e-09 0 8.24254e-09 0 8.81481e-09 0 9.34957e-09 0 9.85346e-09 0 1.03346e-08 0 1.07907e-08 0 1.12199e-08 0 1.16321e-08 0 1.20382e-08 0 1.24255e-08 0 1.2793e-08 0 1.31523e-08 0 1.34902e-08 0
303.095 3.03193e-10 3.02847e-10 3.45844e-13 0.00114068 -6.48052e-07 1.04325e-09 0 1.80606e-09 0 2.95139e-09 0 3.84527e-09 0 4.59876e-09 0 5.25446e-09 0 5.83887e-09 0 6.3711e-09 0 6.86196e-09 0 7.31775e-09 0 7.74269e-09 0 8.14229e-09 0 8.52315e-09 0 8.88365e-09 0 9.22232e-09 0 9.5472e-09 0 9.86692e-09 0 1.01715e-08 0 1.04602e-08 0 1.07421e-08 0 1.1007e-08 0
318.653 2.74884e-10 2.74601e-10 2.83202e-13 0.00103026 -6.70421e-07 9.38076e-10 0 1.58311e-09 0 2.53011e-09 0 3.25807e-09 0 3.86632e-09 0 4.39245e-09 0 4.85926e-09 0 5.28287e-09 0 5.6724e-09 0 6.03321e-09 0 6.36887e-09 0 6.68393e-09 0 6.98372e-09 0 7.26705e-09 0 7.53288e-09 0 7.78757e-09 0 8.03794e-09 0 8.27619e-09 0 8.50179e-09 0 8.72191e-09 0 8.92862e-09 0
335.009 2.49179e-10 2.48947e-10 2.3193e-13 0.000930778 -6.18088e-07 8.3388e-10 0 1.3738e-09 0 2.15e-09 0 2.73827e-09 0 3.2258e-09 0 3.64516e-09 0 4.01567e-09 0 4.3508e-09 0 4.65811e-09 0 4.94212e-09 0 5.2058e-09 0 5.45288e-09 0 5.68762e-09 0 5.90917e-09 0 6.11678e-09 0 6.31547e-09 0 6.51058e-09 0 6.69607e-09 0 6.87157e-09 0 7.04266e-09 0 7.2032e-09 0
352.205 2.25846e-10 2.25656e-10 1.89926e-13 0.000840956 -6.16815e-07 7.33276e-10 0 1.18092e-09 0 1.81198e-09 0 2.28397e-09 0 2.67218e-09 0 3.00438e-09 0 3.29675e-09 0 3.56039e-09 0 3.80154e-09 0 4.02392e-09 0 4.23002e-09 0 4.42283e-09 0 4.60576e-09 0 4.77819e-09 0 4.93958e-09 0 5.09389e-09 0 5.24527e-09 0 5.38906e-09 0 5.525e-09 0 5.65742e-09 0 5.78159e-09 0
370.284 2.04656e-10 2.04501e-10 1.55528e-13 0.000759946 -5.93318e-07 6.38206e-10 0 1.00603e-09 0 1.51518e-09 0 1.89133e-09 0 2.19856e-09 0 2.4602e-09 0 2.68964e-09 0 2.89595e-09 0 3.08423e-09 0 3.25752e-09 0 3.41784e-09 0 3.56761e-09 0 3.70952e-09 0 3.84313e-09 0 3.96806e-09 0 4.08739e-09 0 4.20436e-09 0 4.31537e-09 0 4.42024e-09 0 4.52233e-09 0 4.618e-09 0
389.291 1.85428e-10 1.85301e-10 1.2735e-13 0.000686787 -5.89899e-07 5.5012e-10 0 8.49853e-10 0 1.25775e-09 0 1.55568e-09 0 1.79744e-09 0 2.00241e-09 0 2.18158e-09 0 2.34225e-09 0 2.48858e-09 0 2.62301e-09 0 2.74719e-09 0 2.86304e-09 0 2.97268e-09 0 3.0758e-09 0 3.17212e-09 0 3.26405e-09 0 3.35409e-09 0 3.43948e-09 0 3.52008e-09 0 3.59851e-09 0 3.67195e-09 0
409.273 1.67984e-10 1.6788e-10 1.04272e-13 0.000620725 -5.61303e-07 4.69892e-10 0 7.12249e-10 0 1.03689e-09 0 1.27151e-09 0 1.46077e-09 0 1.62057e-09 0 1.75983e-09 0 1.88442e-09 0 1.99765e-09 0 2.10151e-09 0 2.19732e-09 0 2.28658e-09 0 2.37097e-09 0 2.45026e-09 0 2.52427e-09 0 2.59484e-09 0 2.66391e-09 0 2.72936e-09 0 2.79112e-09 0 2.85116e-09 0 2.90737e-09 0
430.281 1.5216e-10 1.52074e-10 8.53815e-14 0.000561131 -5.00672e-07 3.97931e-10 0 5.92481e-10 0 8.49291e-10 0 1.03309e-09 0 1.18053e-09 0 1.30455e-09 0 1.41233e-09 0 1.50854e-09 0 1.59583e-09 0 1.67576e-09 0 1.74941e-09 0 1.81795e-09 0 1.88268e-09 0 1.94344e-09 0 2.00011e-09 0 2.05411e-09 0 2.10692e-09 0 2.15695e-09 0 2.20411e-09 0 2.24995e-09 0 2.29283e-09 0
452.368 1.37819e-10 1.37749e-10 6.9904e-14 0.000507217 -5.08152e-07 3.34301e-10 0 4.89441e-10 0 6.91468e-10 0 8.34758e-10 0 9.49116e-10 0 1.04498e-09 0 1.12807e-09 0 1.2021e-09 0 1.26915e-09 0 1.33047e-09 0 1.38689e-09 0 1.43935e-09 0 1.48885e-09 0 1.53527e-09 0 1.57854e-09 0 1.61974e-09 0 1.66001e-09 0 1.69813e-09 0 1.73405e-09 0 1.76895e-09 0 1.80158e-09 0
475.588 1.24812e-10 1.24755e-10 5.72352e-14 0.00045857 -5.00825e-07 2.78714e-10 0 4.01657e-10 0 5.5976e-10 0 6.70966e-10 0 7.59303e-10 0 8.3312e-10 0 8.96951e-10 0 9.53714e-10 0 1.00505e-09 0 1.05193e-09 0 1.09503e-09 0 1.13506e-09 0 1.1728e-09 0 1.20817e-09 0 1.24111e-09 0 1.27246e-09 0 1.30308e-09 0 1.33205e-09 0 1.35935e-09 0 1.38584e-09 0 1.41061e-09 0
500 1.13023e-10 1.12976e-10 4.68585e-14 0.000414595 -4.52101e-07 2.30717e-10 0 3.27587e-10 0 4.50725e-10 0 5.36675e-10 0 6.04656e-10 0 6.61299e-10 0 7.10172e-10 0 7.5356e-10 0 7.92743e-10 0 8.2849e-10 0 8.61315e-10 0 8.91778e-10 0 9.20474e-10 0 9.47353e-10 0 9.72368e-10 0 9.96161e-10 0 1.01939e-09 0 1.04136e-09 0 1.06205e-09 0 1.08212e-09 0 1.10089e-09 0
525.665 1.0234e-10 1.02302e-10 3.8365e-14 0.000374877 -5.0172e-07 1.89715e-10 0 2.65639e-10 0 3.61127e-10 0 4.27308e-10 0 4.79447e-10 0 5.22773e-10 0 5.60083e-10 0 5.93154e-10 0 6.22982e-10 0 6.50165e-10 0 6.75104e-10 0 6.98229e-10 0 7.19999e-10 0 7.40376e-10 0 7.5933e-10 0 7.7735e-10 0 7.94936e-10 0 8.11559e-10 0 8.27204e-10 0 8.42383e-10 0 8.56562e-10 0
552.648 9.26605e-11 9.26291e-11 3.14092e-14 0.000338971 -4.27581e-07 1.55022e-10 0 2.14238e-10 0 2.87985e-10 0 3.38767e-10 0 3.7863e-10 0 4.11674e-10 0 4.40078e-10 0 4.65219e-10 0 4.87869e-10 0 5.0849e-10 0 5.27393e-10 0 5.44909e-10 0 5.61386e-10 0 5.76802e-10 0 5.91133e-10 0 6.04752e-10 0 6.18038e-10 0 6.30591e-10 0 6.42401e-10 0 6.53855e-10 0 6.64552e-10 0
581.015 8.38861e-11 8.38603e-11 2.57127e-14 0.00030652 -3.88278e-07 1.25921e-10 0 1.71896e-10 0 2.28638e-10 0 2.67478e-10 0 2.97867e-10 0 3.23e-10 0 3.44569e-10 0 3.63636e-10 0 3.80794e-10 0 3.96403e-10 0 4.10699e-10 0 4.23938e-10 0 4.36385e-10 0 4.48024e-10 0 4.58839e-10 0 4.69112e-10 0 4.79129e-10 0 4.88591e-10 0 4.9749e-10 0 5.06119e-10 0 5.14174e-10 0
610.839 7.59412e-11 7.59202e-11 2.105e-14 0.000277188 -3.48085e-07 1.01722e-10 0 1.37272e-10 0 1.80783e-10 0 2.10405e-10 0 2.3351e-10 0 2.52582e-10 0 2.68924e-10 0 2.83352e-10 0 2.96325e-10 0 3.08115e-10 0 3.18908e-10 0 3.28895e-10 0 3.38281e-10 0 3.47053e-10 0 3.552e-10 0 3.62937e-10 0 3.70478e-10 0 3.77599e-10 0 3.84294e-10 0 3.90783e-10 0 3.9684e-10 0
642.193 6.87449e-11 6.87276e-11 1.72328e-14 0.000250678 -3.77441e-07 8.17486e-11 0 1.09132e-10 0 1.42393e-10 0 1.64925e-10 0 1.82451e-10 0 1.9689e-10 0 2.09246e-10 0 2.20143e-10 0 2.29932e-10 0 2.38822e-10 0 2.46955e-10 0 2.54477e-10 0 2.61543e-10 0 2.68143e-10 0 2.74271e-10 0 2.80088e-10 0 2.85757e-10 0 2.91108e-10 0 2.96137e-10 0 3.01011e-10 0 3.05559e-10 0
675.157 6.22268e-11 6.22127e-11 1.41075e-14 0.000226711 -3.25834e-07 6.53771e-11 0 8.63957e-11 0 1.11749e-10 0 1.28846e-10 0 1.42111e-10 0 1.53021e-10 0 1.62345e-10 0 1.7056e-10 0 1.77934e-10 0 1.84626e-10 0 1.90745e-10 0 1.96401e-10 0 2.01712e-10 0 2.06671e-10 0 2.11274e-10 0 2.15641e-10 0 2.19896e-10 0 2.23912e-10 0 2.27685e-10 0 2.31341e-10 0 2.34751e-10 0
709.813 5.63232e-11 5.63117e-11 1.15485e-14 0.00020504 -1.62157e-07 5.20453e-11 0 6.81271e-11 0 8.74022e-11 0 1.00346e-10 0 1.10365e-10 0 1.18593e-10 0 1.25617e-10 0 1.318e-10 0 1.37346e-10 0 1.42376e-10 0 1.46973e-10 0 1.5122e-10 0 1.55206e-10 0 1.58927e-10 0 1.6238e-10 0 1.65655e-10 0 1.68844e-10 0 1.71854e-10 0 1.74681e-10 0 1.7742e-10 0 1.79975e-10 0
746.248 5.09786e-11 5.09691e-11 9.45389e-15 0.000185448 -2.52075e-07 4.12559e-11 0 5.35246e-11 0 6.81439e-11 0 7.79237e-11 0 8.54783e-11 0 9.16732e-11 0 9.6956e-11 0 1.01603e-10 0 1.05768e-10 0 1.09543e-10 0 1.12992e-10 0 1.16177e-10 0 1.19165e-10 0 1.21954e-10 0 1.24541e-10 0 1.26994e-10 0 1.29382e-10 0 1.31635e-10 0 1.33752e-10 0 1.35801e-10 0 1.37713e-10 0
784.553 4.61387e-11 4.6131e-11 7.73904e-15 0.000167734 -2.33451e-07 3.25719e-11 0 4.19063e-11 0 5.29701e-11 0 6.03457e-11 0 6.60322e-11 0 7.06893e-11 0 7.46569e-11 0 7.81442e-11 0 8.1268e-11 0 8.40985e-11 0 8.66825e-11 0 8.90685e-11 0 9.13061e-11 0 9.33935e-11 0 9.53293e-11 0 9.71647e-11 0 9.89515e-11 0 1.00636e-10 0 1.02219e-10 0 1.03751e-10 0 1.0518e-10 0
824.824 4.17569e-11 4.17506e-11 6.33505e-15 0.000151713 -3.13421e-07 2.56193e-11 0 3.27039e-11 0 4.10602e-11 0 4.66133e-11 0 5.08873e-11 0 5.43834e-11 0 5.73593e-11 0 5.99733e-11 0 6.23135e-11 0 6.4433e-11 0 6.63671e-11 0 6.81525e-11 0 6.98262e-11 0 7.13872e-11 0 7.28346e-11 0 7.42065e-11 0 7.55418e-11 0 7.68008e-11 0 7.79831e-11 0 7.91276e-11 0 8.01947e-11 0
867.163 3.77898e-11 3.77846e-11 5.18569e-15 0.000137225 -3.55983e-07 2.00796e-11 0 2.54446e-11 0 3.17446e-11 0 3.59191e-11 0 3.91269e-11 0 4.17482e-11 0 4.39776e-11 0 4.59347e-11 0 4.7686e-11 0 4.92714e-11 0 5.07177e-11 0 5.20522e-11 0 5.33031e-11 0 5.44694e-11 0 5.55505e-11 0 5.65751e-11 0 5.75722e-11 0 5.85121e-11 0 5.93946e-11 0 6.02488e-11 0 6.10452e-11 0
911.674 3.41991e-11 3.41948e-11 4.24495e-15 0.000124125 -2.95786e-07 1.56861e-11 0 1.97406e-11 0 2.44826e-11 0 2.76164e-11 0 3.00211e-11 0 3.19841e-11 0 3.36526e-11 0 3.51164e-11 0 3.64257e-11 0 3.76105e-11 0 3.8691e-11 0 3.96878e-11 0 4.06217e-11 0 4.14924e-11 0 4.22993e-11 0 4.3064e-11 0 4.38079e-11 0 4.45091e-11 0 4.51674e-11 0 4.58045e-11 0 4.63983e-11 0
958.471 3.09488e-11 3.09453e-11 3.4748e-15 0.000112276 -1.54118e-07 1.22161e-11 0 1.52745e-11 0 1.88383e-11 0 2.1188e-11 0 2.29885e-11 0 2.44571e-11 0 2.57046e-11 0 2.67984e-11 0 2.77764e-11 0 2.86611e-11 0 2.94676e-11 0 3.02115e-11 0 3.09084e-11 0 3.15579e-11 0 3.21597e-11 0 3.27299e-11 0 3.32845e-11 0 3.38073e-11 0 3.4298e-11 0 3.47728e-11 0 3.52154e-11 0
1007.67 2.80053e-11 2.80024e-11 2.84425e-15 0.000101561 -7.16995e-08 9.48554e-12 0 1.17886e-11 0 1.44632e-11 0 1.62228e-11 0 1.75695e-11 0 1.86671e-11 0 1.95988e-11 0 2.04155e-11 0 2.11454e-11 0 2.18054e-11 0 2.2407e-11 0 2.29617e-11 0 2.34813e-11 0 2.39654e-11 0 2.4414e-11 0 2.48388e-11 0 2.52521e-11 0 2.56416e-11 0 2.60071e-11 0 2.63608e-11 0 2.66904e-11 0
1059.39 2.53442e-11 2.53419e-11 2.32833e-15 9.18686e-05 -1.80885e-07 7.34614e-12 0 9.07787e-12 0 1.10829e-11 0 1.23993e-11 0 1.34059e-11 0 1.42255e-11 0 1.4921e-11 0 1.55303e-11 0 1.60747e-11 0 1.65669e-11 0 1.70153e-11 0 1.74287e-11 0 1.78159e-11 0 1.81766e-11 0 1.85107e-11 0 1.88272e-11 0 1.9135e-11 0 1.9425e-11 0 1.96972e-11 0 1.99605e-11 0 2.02058e-11 0
1113.77 2.29315e-11 2.29296e-11 1.9055e-15 8.30954e-05 -2.71832e-07 5.67375e-12 0 6.97385e-12 0 8.47495e-12 0 9.45877e-12 0 1.02102e-11 0 1.08218e-11 0 1.13404e-11 0 1.17946e-11 0 1.22003e-11 0 1.2567e-11 0 1.29011e-11 0 1.32089e-11 0 1.34972e-11 0 1.37658e-11 0 1.40145e-11 0 1.42501e-11 0 1.44791e-11 0 1.46949e-11 0 1.48974e-11 0 1.50933e-11 0 1.52759e-11 0
1170.94 2.07495e-11 2.07479e-11 1.55976e-15 7.51711e-05 -3.43772e-07 4.37188e-12 0 5.34674e-12 0 6.46949e-12 0 7.20414e-12 0 7.76477e-12 0 8.22077e-12 0 8.6073e-12 0 8.94571e-12 0 9.24787e-12 0 9.52093e-12 0 9.76963e-12 0 9.99882e-12 0 1.02134e-11 0 1.04132e-11 0 1.05983e-11 0 1.07735e-11 0 1.09439e-11 0 1.11045e-11 0 1.12551e-11 0 1.14008e-11 0 1.15365e-11 0
1231.05 1.8776e-11 1.87747e-11 1.27671e-15 6.79968e-05 -3.76555e-08 3.36137e-12 0 4.09155e-12 0 4.93059e-12 0 5.47878e-12 0 5.89678e-12 0 6.23659e-12 0 6.52451e-12 0 6.77651e-12 0 7.00146e-12 0 7.2047e-12 0 7.38978e-12 0 7.56031e-12 0 7.71993e-12 0 7.86859e-12 0 8.00624e-12 0 8.13658e-12 0 8.2633e-12 0 8.38267e-12 0 8.49466e-12 0 8.60298e-12 0 8.7039e-12 0
1294.24 1.69915e-11 1.69905e-11 1.04528e-15 6.15175e-05 -2.65852e-07 2.57919e-12 0 3.12559e-12 0 3.75213e-12 0 4.16093e-12 0 4.47242e-12 0 4.72551e-12 0 4.93989e-12 0 5.12746e-12 0 5.29486e-12 0 5.44608e-12 0 5.58376e-12 0 5.7106e-12 0 5.82931e-12 0 5.93986e-12 0 6.04221e-12 0 6.13911e-12 0 6.23332e-12 0 6.32205e-12 0 6.40529e-12 0 6.48581e-12 0 6.56082e-12 0
1360.67 1.53738e-11 1.53729e-11 8.55595e-16 5.56528e-05 -1.46449e-07 1.97477e-12 0 2.38317e-12 0 2.85059e-12 0 3.1552e-12 0 3.38715e-12 0 3.57552e-12 0 3.73503e-12 0 3.87456e-12 0 3.99906e-12 0 4.1115e-12 0 4.21386e-12 0 4.30815e-12 0 4.39639e-12 0 4.47855e-12 0 4.55461e-12 0 4.62662e-12 0 4.69662e-12 0 4.76255e-12 0 4.82439e-12 0 4.8842e-12 0 4.93992e-12 0
1430.51 1.39111e-11 1.39104e-11 7.00403e-16 5.03484e-05 8.06988e-08 1.5093e-12 0 1.81432e-12 0 2.16282e-12 0 2.38968e-12 0 2.56231e-12 0 2.70247e-12 0 2.82111e-12 0 2.92486e-12 0 3.01742e-12 0 3.101e-12 0 3.17709e-12 0 3.24716e-12 0 3.31273e-12 0 3.37377e-12 0 3.43029e-12 0 3.48378e-12 0 3.53578e-12 0 3.58475e-12 0 3.63069e-12 0 3.67511e-12 0 3.7165e-12 0
1503.94 1.25873e-11 1.25868e-11 5.7328e-16 4.55442e-05 -7.18512e-08 1.15151e-12 0 1.37913e-12 0 1.6388e-12 0 1.80766e-12 0 1.9361e-12 0 2.04033e-12 0 2.12853e-12 0 2.20565e-12 0 2.27444e-12 0 2.33655e-12 0 2.39308e-12 0 2.44514e-12 0 2.49385e-12 0 2.53919e-12 0 2.58116e-12 0 2.62089e-12 0 2.65951e-12 0 2.69588e-12 0 2.72999e-12 0 2.76297e-12 0 2.7937e-12 0
1581.14 1.13888e-11 1.13884e-11 4.69298e-16 4.12068e-05 3.97363e-07 8.77046e-13 0 1.04678e-12 0 1.24014e-12 0 1.36577e-12 0 1.46127e-12 0 1.53874e-12 0 1.60429e-12 0 1.6616e-12 0 1.7127e-12 0 1.75884e-12 0 1.80082e-12 0 1.83948e-12 0 1.87565e-12 0 1.90932e-12 0 1.94049e-12 0 1.96998e-12 0 1.99865e-12 0 2.02565e-12 0 2.05097e-12 0 2.07546e-12 0 2.09826e-12 0
1662.3 1.0305e-11 1.03046e-11 3.84151e-16 3.72781e-05 3.42415e-09 6.67009e-13 0 7.93504e-13 0 9.37418e-13 0 1.03085e-12 0 1.10184e-12 0 1.15941e-12 0 1.20811e-12 0 1.25068e-12 0 1.28864e-12 0 1.3229e-12 0 1.35407e-12 0 1.38278e-12 0 1.40963e-12 0 1.43463e-12 0 1.45777e-12 0 1.47966e-12 0 1.50094e-12 0 1.52098e-12 0 1.53977e-12 0 1.55795e-12 0 1.57487e-12 0
1747.63 9.32417e-12 9.32386e-12 3.14475e-16 3.37269e-05 -7.9774e-08 5.06529e-13 0 6.00742e-13 0 7.07806e-13 0 7.77258e-13 0 8.30009e-13 0 8.7278e-13 0 9.08952e-13 0 9.40563e-13 0 9.68746e-13 0 9.94184e-13 0 1.01733e-12 0 1.03864e-12 0 1.05857e-12 0 1.07712e-12 0 1.09429e-12 0 1.11054e-12 0 1.12634e-12 0 1.1412e-12 0 1.15515e-12 0 1.16864e-12 0 1.18119e-12 0
1837.33 8.43617e-12 8.43591e-12 2.57404e-16 3.05119e-05 8.24733e-07 3.84112e-13 0 4.54241e-13 0 5.33851e-13 0 5.85459e-13 0 6.24643e-13 0 6.56406e-13 0 6.83262e-13 0 7.0673e-13 0 7.2765e-13 0 7.4653e-13 0 7.63708e-13 0 7.79521e-13 0 7.94312e-13 0 8.08079e-13 0 8.20819e-13 0 8.32876e-13 0 8.44592e-13 0 8.55624e-13 0 8.65969e-13 0 8.75973e-13 0 8.8529e-13 0
1931.64 7.63359e-12 7.63338e-12 2.10737e-16 2.76065e-05 -3.19468e-07 2.90938e-13 0 3.4312e-13 0 4.02301e-13 0 4.40642e-13 0 4.69742e-13 0 4.93326e-13 0 5.13264e-13 0 5.30684e-13 0 5.46211e-13 0 5.60223e-13 0 5.7297e-13 0 5.84705e-13 0 5.9568e-13 0 6.05894e-13 0 6.15347e-13 0 6.24292e-13 0 6.32984e-13 0 6.41168e-13 0 6.48842e-13 0 6.56263e-13 0 6.63174e-13 0
2030.79 6.90677e-12 6.9066e-12 1.72501e-16 2.49756e-05 4.32233e-07 2.20081e-13 0 2.58889e-13 0 3.02863e-13 0 3.31337e-13 0 3.52942e-13 0 3.70448e-13 0 3.85245e-13 0 3.98172e-13 0 4.09693e-13 0 4.20089e-13 0 4.29546e-13 0 4.38251e-13 0 4.46393e-13 0 4.5397e-13 0 4.60981e-13 0 4.67616e-13 0 4.74063e-13 0 4.80132e-13 0 4.85824e-13 0 4.91328e-13 0 4.96453e-13 0
2135.03 6.24931e-12 6.24917e-12 1.4121e-16 2.25961e-05 -6.09317e-07 1.66295e-13 0 1.95145e-13 0 2.27812e-13 0 2.48953e-13 0 2.64989e-13 0 2.77981e-13 0 2.88961e-13 0 2.98552e-13 0 3.071e-13 0 3.14812e-13 0 3.21827e-13 0 3.28284e-13 0 3.34323e-13 0 3.39942e-13 0 3.45142e-13 0 3.50063e-13 0 3.54844e-13 0 3.59345e-13 0 3.63566e-13 0 3.67648e-13 0 3.71448e-13 0
2244.63 5.65392e-12 5.6538e-12 1.15583e-16 2.0443e-05 -1.74812e-07 1.25507e-13 0 1.46946e-13 0 1.71203e-13 0 1.86894e-13 0 1.98794e-13 0 2.08433e-13 0 2.16578e-13 0 2.23692e-13 0 2.30032e-13 0 2.35752e-13 0 2.40954e-13 0 2.45743e-13 0 2.50221e-13 0 2.54388e-13 0 2.58244e-13 0 2.61892e-13 0 2.65437e-13 0 2.68774e-13 0 2.71904e-13 0 2.7493e-13 0 2.77747e-13 0
2359.84 5.11566e-12 5.11557e-12 9.46149e-17 1.84951e-05 -1.48946e-07 9.46353e-14 0 1.10562e-13 0 1.28572e-13 0 1.40217e-13 0 1.49046e-13 0 1.56197e-13 0 1.62239e-13 0 1.67515e-13 0 1.72217e-13 0 1.76459e-13 0 1.80317e-13 0 1.83868e-13 0 1.87188e-13 0 1.90278e-13 0 1.93137e-13 0 1.95842e-13 0 1.98471e-13 0 2.00945e-13 0 2.03265e-13 0 2.05508e-13 0 2.07597e-13 0
2480.97 4.62863e-12 4.62855e-12 7.74494e-17 1.67327e-05 -5.57623e-07 7.12888e-14 0 8.31178e-14 0 9.64853e-14 0 1.05126e-13 0 1.11676e-13 0 1.16979e-13 0 1.2146e-13 0 1.25373e-13 0 1.2886e-13 0 1.32006e-13 0 1.34866e-13 0 1.37499e-13 0 1.39961e-13 0 1.42252e-13 0 1.44371e-13 0 1.46377e-13 0 1.48325e-13 0 1.5016e-13 0 1.5188e-13 0 1.53543e-13 0 1.55091e-13 0
2608.32 4.18775e-12 4.18769e-12 6.33955e-17 1.51383e-05 -6.9818e-07 5.36509e-14 0 6.24334e-14 0 7.2353e-14 0 7.87626e-14 0 8.36205e-14 0 8.75537e-14 0 9.08765e-14 0 9.3778e-14 0 9.63632e-14 0 9.86951e-14 0 1.00816e-13 0 1.02768e-13 0 1.04593e-13 0 1.06291e-13 0 1.07862e-13 0 1.09349e-13 0 1.10793e-13 0 1.12153e-13 0 1.13427e-13 0 1.1466e-13 0 1.15808e-13 0
2742.21 3.78891e-12 3.78886e-12 5.18916e-17 1.36957e-05 4.25973e-09 4.03428e-14 0 4.6862e-14 0 5.42217e-14 0 5.89757e-14 0 6.25783e-14 0 6.54947e-14 0 6.79584e-14 0 7.01095e-14 0 7.2026e-14 0 7.37547e-14 0 7.53269e-14 0 7.67737e-14 0 7.81265e-14 0 7.93852e-14 0 8.05498e-14 0 8.16516e-14 0 8.27221e-14 0 8.37299e-14 0 8.46748e-14 0 8.55883e-14 0 8.64389e-14 0
2882.97 3.42791e-12 3.42787e-12 4.24734e-17 1.23905e-05 -3.77804e-08 3.03104e-14 0 3.51482e-14 0 4.06075e-14 0 4.4133e-14 0 4.68041e-14 0 4.89663e-14 0 5.07927e-14 0 5.23873e-14 0 5.38079e-14 0 5.50893e-14 0 5.62545e-14 0 5.73269e-14 0 5.83295e-14 0 5.92624e-14 0 6.01255e-14 0 6.09421e-14 0 6.17354e-14 0 6.24823e-14 0 6.31825e-14 0 6.38595e-14 0 6.44898e-14 0
3030.95 3.10151e-12 3.10148e-12 3.4768e-17 1.121e-05 1.44354e-06 2.27569e-14 0 2.63466e-14 0 3.03958e-14 0 3.301e-14 0 3.49904e-14 0 3.65934e-14 0 3.79473e-14 0 3.91293e-14 0 4.01823e-14 0 4.1132e-14 0 4.19957e-14 0 4.27905e-14 0 4.35336e-14 0 4.4225e-14 0 4.48646e-14 0 4.54698e-14 0 4.60578e-14 0 4.66112e-14 0 4.71302e-14 0 4.76318e-14 0 4.8099e-14 0
3186.53 2.80611e-12 2.80608e-12 2.84595e-17 1.0142e-05 1.29194e-06 1.70731e-14 0 1.97361e-14 0 2.27389e-14 0 2.46771e-14 0 2.61452e-14 0 2.73335e-14 0 2.8337e-14 0 2.92131e-14 0 2.99935e-14 0 3.06974e-14 0 3.13375e-14 0 3.19265e-14 0 3.24772e-14 0 3.29895e-14 0 3.34636e-14 0 3.3912e-14 0 3.43477e-14 0 3.47578e-14 0 3.51424e-14 0 3.55141e-14 0 3.58603e-14 0
3350.09 2.53881e-12 2.53879e-12 2.32945e-17 9.17537e-06 -2.45696e-07 1.28001e-14 0 1.47753e-14 0 1.70018e-14 0 1.84386e-14 0 1.95269e-14 0 2.04075e-14 0 2.11513e-14 0 2.18006e-14 0 2.2379e-14 0 2.29006e-14 0 2.33749e-14 0 2.38114e-14 0 2.42195e-14 0 2.45991e-14 0 2.49504e-14 0 2.52827e-14 0 2.56055e-14 0 2.59094e-14 0 2.61943e-14 0 2.64698e-14 0 2.67262e-14 0
3522.05 2.29706e-12 2.29704e-12 1.9068e-17 8.30107e-06 1.49069e-06 9.59074e-15 0 1.10556e-14 0 1.27064e-14 0 1.37715e-14 0 1.45781e-14 0 1.52308e-14 0 1.5782e-14 0 1.62632e-14 0 1.66918e-14 0 1.70784e-14 0 1.74299e-14 0 1.77533e-14 0 1.80557e-14 0 1.8337e-14 0 1.85973e-14 0 1.88435e-14 0 1.90827e-14 0 1.93079e-14 0 1.9519e-14 0 1.97231e-14 0 1.99131e-14 0
3702.84 2.07821e-12 2.07819e-12 1.56076e-17 7.51011e-06 -1.751e-06 7.18131e-15 0 8.26749e-15 0 9.49121e-15 0 1.02806e-14 0 1.08784e-14 0 1.13621e-14 0 1.17706e-14 0 1.21271e-14 0 1.24447e-14 0 1.27312e-14 0 1.29916e-14 0 1.32312e-14 0 1.34553e-14 0 1.36637e-14 0 1.38566e-14 0 1.4039e-14 0 1.42162e-14 0 1.4383e-14 0 1.45394e-14 0 1.46906e-14 0 1.48314e-14 0
3892.91 1.88023e-12 1.88022e-12 1.27754e-17 6.79459e-06 5.96458e-07 5.37419e-15 0 6.1795e-15 0 7.08657e-15 0 7.67163e-15 0 8.11463e-15 0 8.47307e-15 0 8.77574e-15 0 9.03993e-15 0 9.27525e-15 0 9.48748e-15 0 9.68044e-15 0 9.85799e-15 0 1.0024e-14 0 1.01784e-14 0 1.03213e-14 0 1.04564e-14 0 1.05877e-14 0 1.07113e-14 0 1.08272e-14 0 1.09392e-14 0 1.10435e-14 0
4092.73 1.70116e-12 1.70115e-12 1.04572e-17 6.14711e-06 -6.48458e-07 4.01974e-15 0 4.61676e-15 0 5.28907e-15 0 5.72265e-15 0 6.05093e-15 0 6.31653e-15 0 6.5408e-15 0 6.73656e-15 0 6.91092e-15 0 7.06815e-15 0 7.21112e-15 0 7.34267e-15 0 7.46565e-15 0 7.58006e-15 0 7.68591e-15 0 7.78604e-15 0 7.88332e-15 0 7.97488e-15 0 8.06073e-15 0 8.14372e-15 0 8.22099e-15 0
4302.81 1.53906e-12 1.53905e-12 8.55909e-18 5.56126e-06 -3.4202e-07 3.00495e-15 0 3.44749e-15 0 3.94574e-15 0 4.26703e-15 0 4.51026e-15 0 4.70705e-15 0 4.87321e-15 0 5.01824e-15 0 5.14742e-15 0 5.26391e-15 0 5.36982e-15 0 5.46728e-15 0 5.55838e-15 0 5.64314e-15 0 5.72155e-15 0 5.79573e-15 0 5.86779e-15 0 5.93562e-15 0 5.99922e-15 0 6.06069e-15 0 6.11793e-15 0
4523.68 1.39251e-12 1.3925e-12 7.00593e-18 5.03115e-06 5.57705e-06 2.24543e-15 0 2.57346e-15 0 2.94271e-15 0 3.18079e-15 0 3.36102e-15 0 3.50683e-15 0 3.62994e-15 0 3.73739e-15 0 3.8331e-15 0 3.9194e-15 0 3.99787e-15 0 4.07007e-15 0 4.13757e-15 0 4.20036e-15 0 4.25845e-15 0 4.3134e-15 0 4.36679e-15 0 4.41703e-15 0 4.46415e-15 0 4.50969e-15 0 4.55209e-15 0
4755.88 1.25983e-12 1.25983e-12 5.7341e-18 4.55148e-06 2.33096e-06 1.67701e-15 0 1.92011e-15 0 2.19373e-15 0 2.37013e-15 0 2.50366e-15 0 2.61169e-15 0 2.70289e-15 0 2.7825e-15 0 2.85339e-15 0 2.91733e-15 0 2.97546e-15 0 3.02894e-15 0 3.07894e-15 0 3.12546e-15 0 3.16849e-15 0 3.20919e-15 0 3.24874e-15 0 3.28596e-15 0 3.32086e-15 0 3.35459e-15 0 3.386e-15 0
5000 1.13983e-12 1.13982e-12 4.69342e-18 4.11766e-06 -5.87882e-07 1.25197e-15 0 1.43213e-15 0 1.63488e-15 0 1.76558e-15 0 1.86451e-15 0 1.94454e-15 0 2.0121e-15 0 2.07108e-15 0 2.1236e-15 0 2.17096e-15 0 2.21402e-15 0 2.25364e-15 0 2.29068e-15 0 2.32514e-15 0 2.35701e-15 0 2.38717e-15 0 2.41646e-15 0 2.44403e-15 0 2.46988e-15 0 2.49487e-15 0 2.51814e-15 0
