# 7.4475e-05 0 78 : grain size, compostion index, size index
# Heating and cooling timescale: 0.000617301 259642
# Ratio of heating to cooling to determine stochastic cutoff: 100
# Equilibrium emission is recorded even for those grains in the stochastic regime.
# Emission spectrum was computed for: 
# Type: ISRF
# Scales: 0.25 0.5 1 1.5 2 2.5 3 3.5 4 4.5 5 5.5 6 6.5 7 7.5 8 8.5 9 9.5 10
# StochasticallyHeated: 0 0 0 0 0 0 0 0 0 0 0 0 0 0 0 0 0 0 0 0 0
# Temperature: -1
# Wavelength  CExt  CAbs  CSca  Albedo G EqEm1 StEm1 EqEm2 StEm2 EqEm3 StEm3 EqEm4 StEm4 EqEm5 StEm5 EqEm6 StEm6 EqEm7 StEm7 EqEm8 StEm8 EqEm9 StEm9 EqEm10 StEm10 EqEm11 StEm11 EqEm12 StEm12 EqEm13 StEm13 EqEm14 StEm14 EqEm15 StEm15 EqEm16 StEm16 EqEm17 StEm17 EqEm18 StEm18 EqEm19 StEm19 EqEm20 StEm20 EqEm21 StEm21
0.05 3.83834e-08 1.46369e-08 2.37465e-08 0.618665 0.930572 0 0 0 0 0 0 0 0 0 0 0 0 0 0 0 0 0 0 0 0 0 0 0 0 0 0 0 0 0 0 0 0 0 0 0 0 0 0 0 0 0 0
0.0525665 3.8642e-08 1.46369e-08 2.40051e-08 0.621217 0.912284 0 0 0 0 0 0 0 0 0 0 0 0 0 0 0 0 0 0 0 0 0 0 0 0 0 0 0 0 0 0 0 0 0 0 0 0 0 0 0 0 0 0
0.0552647 3.82988e-08 1.46369e-08 2.36619e-08 0.617823 0.91794 0 0 0 0 0 0 0 0 0 0 0 0 0 0 0 0 0 0 0 0 0 0 0 0 0 0 0 0 0 0 0 0 0 0 0 0 0 0 0 0 0 0
0.0581015 3.7906e-08 1.46369e-08 2.32691e-08 0.613863 0.939042 0 0 0 0 0 0 0 0 0 0 0 0 0 0 0 0 0 0 0 0 0 0 0 0 0 0 0 0 0 0 0 0 0 0 0 0 0 0 0 0 0 0
0.0610839 3.59287e-08 1.46369e-08 2.12918e-08 0.592612 0.948805 0 0 0 0 0 0 0 0 0 0 0 0 0 0 0 0 0 0 0 0 0 0 0 0 0 0 0 0 0 0 0 0 0 0 0 0 0 0 0 0 0 0
0.0642193 3.69131e-08 1.46369e-08 2.22762e-08 0.603476 0.89625 0 0 0 0 0 0 0 0 0 0 0 0 0 0 0 0 0 0 0 0 0 0 0 0 0 0 0 0 0 0 0 0 0 0 0 0 0 0 0 0 0 0
0.0675157 3.56783e-08 1.46369e-08 2.10413e-08 0.589752 0.934146 0 0 0 0 0 0 0 0 0 0 0 0 0 0 0 0 0 0 0 0 0 0 0 0 0 0 0 0 0 0 0 0 0 0 0 0 0 0 0 0 0 0
0.0709813 3.69146e-08 1.46369e-08 2.22777e-08 0.603492 0.909591 0 0 0 0 0 0 0 0 0 0 0 0 0 0 0 0 0 0 0 0 0 0 0 0 0 0 0 0 0 0 0 0 0 0 0 0 0 0 0 0 0 0
0.0746248 3.58323e-08 1.46369e-08 2.11953e-08 0.591515 0.923915 0 0 0 0 0 0 0 0 0 0 0 0 0 0 0 0 0 0 0 0 0 0 0 0 0 0 0 0 0 0 0 0 0 0 0 0 0 0 0 0 0 0
0.0784553 3.62838e-08 1.51791e-08 2.11046e-08 0.581655 0.920526 0 0 0 0 0 0 0 0 0 0 0 0 0 0 0 0 0 0 0 0 0 0 0 0 0 0 0 0 0 0 0 0 0 0 0 0 0 0 0 0 0 0
0.0824824 3.69859e-08 1.55494e-08 2.14365e-08 0.579587 0.905582 0 0 0 0 0 0 0 0 0 0 0 0 0 0 0 0 0 0 0 0 0 0 0 0 0 0 0 0 0 0 0 0 0 0 0 0 0 0 0 0 0 0
0.0867162 3.66346e-08 1.5613e-08 2.10216e-08 0.573817 0.920201 0 0 0 0 0 0 0 0 0 0 0 0 0 0 0 0 0 0 0 0 0 0 0 0 0 0 0 0 0 0 0 0 0 0 0 0 0 0 0 0 0 0
0.0911674 3.67843e-08 1.58175e-08 2.09669e-08 0.569995 0.920276 0 0 0 0 0 0 0 0 0 0 0 0 0 0 0 0 0 0 0 0 0 0 0 0 0 0 0 0 0 0 0 0 0 0 0 0 0 0 0 0 0 0
0.095847 3.69007e-08 1.60142e-08 2.08865e-08 0.56602 0.921379 0 0 0 0 0 0 0 0 0 0 0 0 0 0 0 0 0 0 0 0 0 0 0 0 0 0 0 0 0 0 0 0 0 0 0 0 0 0 0 0 0 0
0.100767 3.70098e-08 1.62209e-08 2.0789e-08 0.561715 0.923317 0 0 0 0 0 0 0 0 0 0 0 0 0 0 0 0 0 0 0 0 0 0 0 0 0 0 0 0 0 0 0 0 0 0 0 0 0 0 0 0 0 0
0.105939 3.71066e-08 1.64318e-08 2.06748e-08 0.557173 0.925942 0 0 0 0 0 0 0 0 0 0 0 0 0 0 0 0 0 0 0 0 0 0 0 0 0 0 0 0 0 0 0 0 0 0 0 0 0 0 0 0 0 0
0.111377 3.71965e-08 1.66399e-08 2.05566e-08 0.552648 0.928952 0 0 0 0 0 0 0 0 0 0 0 0 0 0 0 0 0 0 0 0 0 0 0 0 0 0 0 0 0 0 0 0 0 0 0 0 0 0 0 0 0 0
0.117094 3.72749e-08 1.68413e-08 2.04336e-08 0.548187 0.932175 0 0 0 0 0 0 0 0 0 0 0 0 0 0 0 0 0 0 0 0 0 0 0 0 0 0 0 0 0 0 0 0 0 0 0 0 0 0 0 0 0 0
0.123105 3.7345e-08 1.70292e-08 2.03158e-08 0.544003 0.935377 0 0 0 0 0 0 0 0 0 0 0 0 0 0 0 0 0 0 0 0 0 0 0 0 0 0 0 0 0 0 0 0 0 0 0 0 0 0 0 0 0 0
0.129424 3.74051e-08 1.71998e-08 2.02053e-08 0.540175 0.938322 0 0 0 0 0 0 0 0 0 0 0 0 0 0 0 0 0 0 0 0 0 0 0 0 0 0 0 0 0 0 0 0 0 0 0 0 0 0 0 0 0 0
0.136067 3.74548e-08 1.73449e-08 2.01099e-08 0.53691 0.940728 0 0 0 0 0 0 0 0 0 0 0 0 0 0 0 0 0 0 0 0 0 0 0 0 0 0 0 0 0 0 0 0 0 0 0 0 0 0 0 0 0 0
0.143051 3.74882e-08 1.74481e-08 2.00402e-08 0.534572 0.942297 0 0 0 0 0 0 0 0 0 0 0 0 0 0 0 0 0 0 0 0 0 0 0 0 0 0 0 0 0 0 0 0 0 0 0 0 0 0 0 0 0 0
0.150394 3.7581e-08 1.75357e-08 2.00454e-08 0.53339 0.942876 0 0 0 0 0 0 0 0 0 0 0 0 0 0 0 0 0 0 0 0 0 0 0 0 0 0 0 0 0 0 0 0 0 0 0 0 0 0 0 0 0 0
0.158114 3.76254e-08 1.74689e-08 2.01565e-08 0.535716 0.94144 0 0 0 0 0 0 0 0 0 0 0 0 0 0 0 0 0 0 0 0 0 0 0 0 0 0 0 0 0 0 0 0 0 0 0 0 0 0 0 0 0 0
0.16623 3.77145e-08 1.74122e-08 2.03023e-08 0.538315 0.939159 0 0 0 0 0 0 0 0 0 0 0 0 0 0 0 0 0 0 0 0 0 0 0 0 0 0 0 0 0 0 0 0 0 0 0 0 0 0 0 0 0 0
0.174762 3.78358e-08 1.74588e-08 2.0377e-08 0.538564 0.935531 0 0 0 0 0 0 0 0 0 0 0 0 0 0 0 0 0 0 0 0 0 0 0 0 0 0 0 0 0 0 0 0 0 0 0 0 0 0 0 0 0 0
0.183733 3.7968e-08 1.73918e-08 2.05761e-08 0.541934 0.930082 0 0 0 0 0 0 0 0 0 0 0 0 0 0 0 0 0 0 0 0 0 0 0 0 0 0 0 0 0 0 0 0 0 0 0 0 0 0 0 0 0 0
0.193164 3.80415e-08 1.74166e-08 2.06249e-08 0.542168 0.923995 0 0 0 0 0 0 0 0 0 0 0 0 0 0 0 0 0 0 0 0 0 0 0 0 0 0 0 0 0 0 0 0 0 0 0 0 0 0 0 0 0 0
0.203079 3.82207e-08 1.73523e-08 2.08684e-08 0.545997 0.916413 0 0 0 0 0 0 0 0 0 0 0 0 0 0 0 0 0 0 0 0 0 0 0 0 0 0 0 0 0 0 0 0 0 0 0 0 0 0 0 0 0 0
0.213503 3.84042e-08 1.72858e-08 2.11184e-08 0.549898 0.908684 0 0 0 0 0 0 0 0 0 0 0 0 0 0 0 0 0 0 0 0 0 0 0 0 0 0 0 0 0 0 0 0 0 0 0 0 0 0 0 0 0 0
0.224463 3.8643e-08 1.72619e-08 2.13811e-08 0.553299 0.900867 0 0 0 0 0 0 0 0 0 0 0 0 0 0 0 0 0 0 0 0 0 0 0 0 0 0 0 0 0 0 0 0 0 0 0 0 0 0 0 0 0 0
0.235984 3.89017e-08 1.72735e-08 2.16282e-08 0.55597 0.893386 0 0 0 0 0 0 0 0 0 0 0 0 0 0 0 0 0 0 0 0 0 0 0 0 0 0 0 0 0 0 0 0 0 0 0 0 0 0 0 0 0 0
0.248097 3.91667e-08 1.73186e-08 2.18481e-08 0.557824 0.886567 0 0 0 0 0 0 0 0 0 0 0 0 0 0 0 0 0 0 0 0 0 0 0 0 0 0 0 0 0 0 0 0 0 0 0 0 0 0 0 0 0 0
0.260832 3.94288e-08 1.7403e-08 2.20257e-08 0.558621 0.880879 0 0 0 0 0 0 0 0 0 0 0 0 0 0 0 0 0 0 0 0 0 0 0 0 0 0 0 0 0 0 0 0 0 0 0 0 0 0 0 0 0 0
0.274221 3.9676e-08 1.75208e-08 2.21552e-08 0.558402 0.876401 0 0 0 0 0 0 0 0 0 0 0 0 0 0 0 0 0 0 0 0 0 0 0 0 0 0 0 0 0 0 0 0 0 0 0 0 0 0 0 0 0 0
0.288297 3.99012e-08 1.76746e-08 2.22265e-08 0.55704 0.873446 0 0 0 0 0 0 0 0 0 0 0 0 0 0 0 0 0 0 0 0 0 0 0 0 0 0 0 0 0 0 0 0 0 0 0 0 0 0 0 0 0 0
0.303095 4.00991e-08 1.78466e-08 2.22525e-08 0.554938 0.871747 0 0 0 0 0 0 0 0 0 0 0 0 0 0 0 0 0 0 0 0 0 0 0 0 0 0 0 0 0 0 0 0 0 0 0 0 0 0 0 0 0 0
0.318653 4.04954e-08 1.8092e-08 2.24033e-08 0.553232 0.87064 0 0 0 0 0 0 0 0 0 0 0 0 0 0 0 0 0 0 0 0 0 0 0 0 0 0 0 0 0 0 0 0 0 0 0 0 0 0 0 0 0 0
0.335009 4.04881e-08 1.82278e-08 2.22604e-08 0.5498 0.869093 0 0 0 0 0 0 0 0 0 0 0 0 0 0 0 0 0 0 0 0 0 0 0 0 0 0 0 0 0 0 0 0 0 0 0 0 0 0 0 0 0 0
0.352205 4.08928e-08 1.80415e-08 2.28513e-08 0.55881 0.85556 0 0 0 0 0 0 0 0 0 0 0 0 0 0 0 0 0 0 0 0 0 0 0 0 0 0 0 0 0 0 0 0 0 0 0 0 0 0 0 0 0 0
0.370284 4.07643e-08 1.80579e-08 2.27064e-08 0.557017 0.844291 0 0 0 0 0 0 0 0 0 0 0 0 0 0 0 0 0 0 0 0 0 0 0 0 0 0 0 0 0 0 0 0 0 0 0 0 0 0 0 0 0 0
0.389291 4.05298e-08 1.75449e-08 2.29849e-08 0.567112 0.81318 0 0 0 0 0 0 0 0 0 0 0 0 0 0 0 0 0 0 0 0 0 0 0 0 0 0 0 0 0 0 0 0 0 0 0 0 0 0 0 0 0 0
0.409273 4.18773e-08 1.76283e-08 2.4249e-08 0.579049 0.829551 0 0 0 0 0 0 0 0 0 0 0 0 0 0 0 0 0 0 0 0 0 0 0 0 0 0 0 0 0 0 0 0 0 0 0 0 0 0 0 0 0 0
0.430281 4.34403e-08 1.72629e-08 2.61774e-08 0.602606 0.828657 0 0 0 0 0 0 0 0 0 0 0 0 0 0 0 0 0 0 0 0 0 0 0 0 0 0 0 0 0 0 0 0 0 0 0 0 0 0 0 0 0 0
0.452368 4.35589e-08 1.67696e-08 2.67893e-08 0.615013 0.814536 0 0 0 0 0 0 0 0 0 0 0 0 0 0 0 0 0 0 0 0 0 0 0 0 0 0 0 0 0 0 0 0 0 0 0 0 0 0 0 0 0 0
0.475588 4.16855e-08 1.60557e-08 2.56298e-08 0.614836 0.783567 0 0 0 0 0 0 0 0 0 0 0 0 0 0 0 0 0 0 0 0 0 0 0 0 0 0 0 0 0 0 0 0 0 0 0 0 0 0 0 0 0 0
0.5 3.91008e-08 1.51984e-08 2.39024e-08 0.611302 0.751129 0 0 0 0 0 0 0 0 0 0 0 0 0 0 0 0 0 0 0 0 0 0 0 0 0 0 0 0 0 0 0 0 0 0 0 0 0 0 0 0 0 0
0.525665 3.86069e-08 1.46369e-08 2.397e-08 0.620873 0.733508 0 0 0 0 0 0 0 0 0 0 0 0 0 0 0 0 0 0 0 0 0 0 0 0 0 0 0 0 0 0 0 0 0 0 0 0 0 0 0 0 0 0
0.552648 4.16604e-08 1.46369e-08 2.70235e-08 0.648661 0.7605 0 0 0 0 0 0 0 0 0 0 0 0 0 0 0 0 0 0 0 0 0 0 0 0 0 0 0 0 0 0 0 0 0 0 0 0 0 0 0 0 0 0
0.581015 4.61463e-08 1.46369e-08 3.15094e-08 0.682815 0.785411 0 0 0 0 0 0 0 0 0 0 0 0 0 0 0 0 0 0 0 0 0 0 0 0 0 0 0 0 0 0 0 0 0 0 0 0 0 0 0 0 0 0
0.610839 4.95177e-08 1.46369e-08 3.48808e-08 0.70441 0.813147 0 0 0 0 0 0 0 0 0 0 0 0 0 0 0 0 0 0 0 0 0 0 0 0 0 0 0 0 0 0 0 0 0 0 0 0 0 0 0 0 0 0
0.642193 5.19552e-08 1.46369e-08 3.73182e-08 0.718278 0.811597 0 0 0 0 0 0 0 0 0 0 0 0 0 0 0 0 0 0 0 0 0 0 0 0 0 0 0 0 0 0 0 0 0 0 0 0 0 0 0 0 0 0
0.675157 5.12489e-08 1.46369e-08 3.66119e-08 0.714395 0.813934 0 0 0 0 0 0 0 0 0 0 0 0 0 0 0 0 0 0 0 0 0 0 0 0 0 0 0 0 0 0 0 0 0 0 0 0 0 0 0 0 0 0
0.709813 4.88994e-08 1.46369e-08 3.42625e-08 0.700673 0.781278 0 0 0 0 0 0 0 0 0 0 0 0 0 0 0 0 0 0 0 0 0 0 0 0 0 0 0 0 0 0 0 0 0 0 0 0 0 0 0 0 0 0
0.746248 4.52673e-08 1.46369e-08 3.06303e-08 0.676655 0.744885 0 0 0 0 0 0 0 0 0 0 0 0 0 0 0 0 0 0 0 0 0 0 0 0 0 0 0 0 0 0 0 0 0 0 0 0 0 0 0 0 0 0
0.784553 4.17882e-08 1.46369e-08 2.71513e-08 0.649736 0.681866 0 0 0 0 0 0 0 0 0 0 0 0 0 0 0 0 0 0 0 0 0 0 0 0 0 0 0 0 0 0 0 0 0 0 0 0 0 0 0 0 0 0
0.824824 3.76336e-08 1.46369e-08 2.29967e-08 0.611067 0.61254 0 0 0 0 0 0 0 0 0 0 0 0 0 0 0 0 0 0 0 0 0 0 0 0 0 0 0 0 0 0 0 0 0 0 0 0 0 0 0 0 0 0
0.867162 3.89851e-08 1.46369e-08 2.43481e-08 0.62455 0.528999 0 0 0 0 0 0 0 0 0 0 0 0 0 0 0 0 0 0 0 0 0 0 0 0 0 0 0 0 0 0 0 0 0 0 0 0 0 0 0 0 0 0
0.911674 3.52304e-08 1.46369e-08 2.05934e-08 0.584537 0.505072 0 0 0 0 0 0 0 0 0 0 0 0 0 0 0 0 0 0 0 0 0 0 0 0 0 0 0 0 0 0 0 0 0 0 0 0 0 0 0 0 0 0
0.95847 3.86465e-08 1.46369e-08 2.40096e-08 0.621261 0.496096 0 0 0 0 0 0 0 0 0 0 0 0 0 0 0 0 0 0 0 0 0 0 0 0 0 0 0 0 0 0 0 0 0 0 0 0 0 0 0 0 0 0
1.00767 4.39824e-08 1.46369e-08 2.93454e-08 0.667209 0.497806 0 0 0 0 0 0 0 0 0 0 0 0 0 0 0 0 0 0 0 0 0 0 0 0 0 0 0 0 0 0 0 0 0 0 0 0 0 0 0 0 0 0
1.05939 4.42792e-08 1.46369e-08 2.96423e-08 0.66944 0.541917 0 0 0 0 0 0 0 0 0 0 0 0 0 0 0 0 0 0 0 0 0 0 0 0 0 0 0 0 0 0 0 0 0 0 0 0 0 0 0 0 0 0
1.11377 5.01061e-08 1.46369e-08 3.54692e-08 0.707881 0.590403 0 0 0 0 0 0 0 0 0 0 0 0 0 0 0 0 0 0 0 0 0 0 0 0 0 0 0 0 0 0 0 0 0 0 0 0 0 0 0 0 0 0
1.17094 5.84818e-08 1.46369e-08 4.38449e-08 0.749718 0.613969 0 0 0 0 0 0 0 0 0 0 0 0 0 0 0 0 0 0 0 0 0 0 0 0 0 0 0 0 0 0 0 0 0 0 0 0 0 0 0 0 0 0
1.23105 6.20127e-08 1.46369e-08 4.73758e-08 0.763969 0.629451 0 0 0 0 0 0 0 0 0 0 0 0 0 0 0 0 0 0 0 0 0 0 0 0 0 0 0 0 0 0 0 0 0 0 0 0 0 0 0 0 0 0
1.29424 6.45241e-08 1.46369e-08 4.98871e-08 0.773155 0.645239 0 0 0 0 0 0 0 0 0 0 0 0 0 0 0 0 0 0 0 0 0 0 0 0 0 0 0 0 0 0 0 0 0 0 0 0 0 0 0 0 0 0
1.36067 6.96394e-08 1.46369e-08 5.50025e-08 0.789818 0.669683 0 0 0 0 0 0 0 0 0 0 0 0 0 0 0 0 0 0 0 0 0 0 0 0 0 0 0 0 0 0 0 0 0 0 0 0 0 0 0 0 0 0
1.43051 7.5409e-08 1.46369e-08 6.07721e-08 0.805899 0.690751 0 0 0 0 0 0 0 0 0 0 0 0 0 0 0 0 0 0 0 0 0 0 0 0 0 0 0 0 0 0 0 0 0 0 0 0 0 0 0 0 0 0
1.50394 7.82657e-08 1.46369e-08 6.36287e-08 0.812984 0.696083 0 0 0 0 0 0 0 0 0 0 0 0 0 0 0 0 0 0 0 0 0 0 0 0 0 0 0 0 0 0 0 0 0 0 0 0 0 0 0 0 0 0
1.58114 7.78979e-08 1.46369e-08 6.3261e-08 0.812101 0.683184 0 0 0 0 0 0 0 0 0 0 0 0 0 0 0 0 0 0 0 0 0 0 0 0 0 0 0 0 0 0 0 0 0 0 0 0 0 0 0 0 0 0
1.6623 7.70663e-08 1.46369e-08 6.24294e-08 0.810073 0.666714 0 0 0 0 0 0 0 0 0 0 0 0 0 0 0 0 0 0 0 0 0 0 0 0 0 0 0 0 0 0 0 0 0 0 0 0 0 0 0 0 0 0
1.74763 7.78682e-08 1.46369e-08 6.32312e-08 0.812029 0.667338 0 0 0 0 0 0 0 0 0 0 0 0 0 0 0 0 0 0 0 0 0 0 0 0 0 0 0 0 0 0 0 0 0 0 0 0 0 0 0 0 0 0
1.83733 7.92364e-08 1.46369e-08 6.45995e-08 0.815275 0.681463 0 0 0 0 0 0 0 0 0 0 0 0 0 0 0 0 0 0 0 0 0 0 0 0 0 0 0 0 0 0 0 0 0 0 0 0 0 0 0 0 0 0
1.93164 7.91592e-08 1.46369e-08 6.45222e-08 0.815095 0.694186 0 0 0 0 0 0 0 0 0 0 0 0 0 0 0 0 0 0 0 0 0 0 0 0 0 0 0 0 0 0 0 0 0 0 0 0 0 0 0 0 0 0
2.03079 7.628e-08 1.46369e-08 6.16431e-08 0.808116 0.691339 0 0 0 0 0 0 0 0 0 0 0 0 0 0 0 0 0 0 0 0 0 0 0 0 0 0 0 0 0 0 0 0 0 0 0 0 0 0 0 0 0 0
2.13503 7.14552e-08 1.46369e-08 5.68182e-08 0.795159 0.665809 0 0 0 0 0 0 0 0 0 0 0 0 0 0 0 0 0 0 0 0 0 0 0 0 0 0 0 0 0 0 0 0 0 0 0 0 0 0 0 0 0 0
2.24463 6.70004e-08 1.46369e-08 5.23635e-08 0.78154 0.625687 0 0 0 0 0 0 0 0 0 0 0 0 0 0 0 0 0 0 0 0 0 0 0 0 0 0 0 0 0 0 0 0 0 0 0 0 0 0 0 0 0 0
2.35984 6.40049e-08 1.46369e-08 4.93679e-08 0.771315 0.587626 0 0 0 0 0 0 0 0 0 0 0 0 0 0 0 0 0 0 0 0 0 0 0 0 0 0 0 0 0 0 0 0 0 0 0 0 0 0 0 0 0 0
2.48097 6.2076e-08 1.46369e-08 4.7439e-08 0.764209 0.562709 0 0 0 0 0 0 0 0 0 0 0 0 0 0 0 0 0 0 0 0 0 0 0 0 0 0 0 0 0 0 0 0 0 0 0 0 0 0 0 0 0 0
2.60832 6.03107e-08 1.46369e-08 4.56738e-08 0.757308 0.553847 0 0 0 0 0 0 0 0 0 0 0 0 0 0 0 0 0 0 0 0 0 0 0 0 0 0 0 0 0 0 0 0 0 0 0 0 0 0 0 0 0 0
2.74221 5.78238e-08 1.46369e-08 4.31869e-08 0.74687 0.558379 0 0 0 0 0 0 0 0 0 0 0 0 0 0 0 0 0 0 0 0 0 0 0 0 0 0 0 0 0 0 0 0 0 0 0 0 0 0 0 0 0 0
2.88297 5.40882e-08 1.46369e-08 3.94513e-08 0.729388 0.569445 0 0 0 0 0 0 0 0 0 0 0 0 0 0 0 0 0 0 0 0 0 0 0 0 0 0 0 0 0 0 0 0 0 0 0 0 0 0 0 0 0 0
3.03095 4.22936e-08 7.67968e-09 3.4614e-08 0.81842 0.577347 0 0 0 0 0 0 0 0 0 0 0 0 0 0 0 0 0 0 0 0 0 0 0 0 0 0 0 0 0 0 0 0 0 0 0 0 0 0 0 0 0 0
3.18653 3.65012e-08 7.25824e-09 2.9243e-08 0.801151 0.572259 0 0 0 0 0 0 0 0 0 0 0 0 0 0 0 0 0 0 0 0 0 0 0 0 0 0 0 0 0 0 0 0 0 0 0 0 0 0 0 0 0 0
3.35009 3.12385e-08 7.59366e-09 2.36448e-08 0.756913 0.548688 0 0 0 0 0 0 0 0 0 0 0 0 0 0 0 0 0 0 0 0 0 0 0 0 0 0 0 0 0 0 0 0 0 0 0 0 0 0 0 0 0 0
3.52205 2.93177e-08 7.07649e-09 2.22412e-08 0.758628 0.519176 0 0 0 0 0 0 0 0 0 0 0 0 0 0 0 0 0 0 0 0 0 0 0 0 0 0 0 0 0 0 0 0 0 0 0 0 0 0 0 0 0 0
3.70284 2.3517e-08 5.05647e-09 1.84605e-08 0.784986 0.472699 0 0 0 0 0 0 0 0 0 0 0 0 0 0 0 0 0 0 0 0 0 0 0 0 0 0 0 0 0 0 0 0 0 0 0 0 0 0 0 0 0 0
3.89291 1.99122e-08 4.36751e-09 1.55447e-08 0.780661 0.425251 0 0 0 0 0 0 0 0 0 0 0 0 0 0 0 0 0 0 0 0 0 0 0 0 0 0 0 0 0 0 0 0 0 0 0 0 0 0 0 0 0 0
4.09273 1.69841e-08 3.83017e-09 1.31539e-08 0.774485 0.37985 0 0 0 0 0 0 0 0 0 0 0 0 0 0 0 0 0 0 0 0 0 0 0 0 0 0 0 0 0 0 0 0 0 0 0 0 0 0 0 0 0 0
4.30281 1.45209e-08 3.39938e-09 1.11216e-08 0.765898 0.338335 0 0 0 0 0 0 0 0 0 0 0 0 0 0 0 0 0 0 0 0 0 0 0 0 0 0 0 0 0 0 0 0 0 0 0 0 0 0 0 0 0 0
4.52368 1.24233e-08 3.04934e-09 9.37397e-09 0.754547 0.301355 0 0 0 0 0 0 0 0 0 0 0 0 0 0 0 0 0 0 0 0 0 0 0 0 0 0 0 0 0 0 0 0 0 0 0 0 0 0 0 0 0 0
4.75588 1.06269e-08 2.75954e-09 7.86731e-09 0.740324 0.268785 0 0 0 0 0 0 0 0 0 0 0 0 0 0 0 0 0 0 0 0 0 0 0 0 0 0 0 0 0 0 0 0 0 0 0 0 0 0 0 0 0 0
5 9.08953e-09 2.51517e-09 6.57436e-09 0.723289 0.240237 0 0 0 0 0 0 0 0 0 0 0 0 0 0 0 0 0 0 0 0 0 0 0 0 0 0 0 0 0 0 0 0 0 0 0 0 0 0 0 0 0 0
5.25665 7.77606e-09 2.30515e-09 5.47091e-09 0.703558 0.215191 0 0 0 0 0 0 0 0 0 0 0 0 0 0 0 0 0 0 0 0 0 0 0 0 0 0 0 0 0 0 0 0 0 0 0 0 0 0 0 0 0 0
5.52648 6.65812e-09 2.12226e-09 4.53585e-09 0.681252 0.193134 0 0 0 0 0 0 0 0 0 0 0 0 0 0 0 0 0 0 0 0 0 0 0 0 0 0 0 0 0 0 0 0 0 0 0 0 0 0 0 0 0 0
5.81015 5.7107e-09 1.96304e-09 3.74765e-09 0.656251 0.173619 0 0 0 0 0 0 0 0 0 0 0 0 0 0 0 0 0 0 0 0 0 0 0 0 0 0 0 0 0 0 0 0 0 0 2.8026e-45 0 8.40779e-45 0 2.66247e-44 0 7.9874e-44 0
6.10839 4.94097e-09 1.855e-09 3.08597e-09 0.624568 0.156161 0 0 0 0 0 0 0 0 0 0 0 0 0 0 0 0 0 0 0 0 0 0 0 0 0 0 1.4013e-45 0 7.00649e-45 0 2.8026e-44 0 1.079e-43 0 3.81153e-43 0 1.20652e-42 0 3.54108e-42 0 9.91979e-42 0
6.42193 4.27333e-09 1.72337e-09 2.54997e-09 0.596716 0.141686 0 0 0 0 0 0 0 0 0 0 0 0 0 0 0 0 0 0 0 0 1.4013e-45 0 5.60519e-45 0 3.78351e-44 0 1.97583e-43 0 8.9543e-43 0 3.59433e-42 0 1.28905e-41 0 4.26289e-41 0 1.27479e-40 0 3.54981e-40 0 9.45512e-40 0
6.75157 3.72448e-09 1.63908e-09 2.0854e-09 0.559917 0.12778 0 0 0 0 0 0 0 0 0 0 0 0 0 0 0 0 1.4013e-45 0 1.4013e-44 0 1.17709e-43 0 8.37976e-43 0 4.69295e-42 0 2.29673e-41 0 9.66882e-41 0 3.62779e-40 0 1.22249e-39 0 3.81331e-39 0 1.08094e-38 0 2.86322e-38 0 7.27015e-38 0
7.09813 3.31305e-09 1.58814e-09 1.72491e-09 0.520641 0.115508 0 0 0 0 0 0 0 0 0 0 0 0 0 0 9.80909e-45 0 1.63952e-43 0 1.77264e-42 0 1.41587e-41 0 9.10956e-41 0 4.69334e-40 0 2.12573e-39 0 8.34245e-39 0 2.93444e-38 0 9.31901e-38 0 2.74982e-37 0 7.40815e-37 0 1.87115e-36 0 4.53982e-36 0
7.46248 2.84168e-09 1.42342e-09 1.41826e-09 0.499092 0.104322 0 0 0 0 0 0 0 0 0 0 1.4013e-45 0 5.46506e-44 0 1.26257e-42 0 1.76914e-41 0 1.69669e-40 0 1.22424e-39 0 7.19218e-39 0 3.42045e-38 0 1.43907e-37 0 5.28293e-37 0 1.74758e-36 0 5.24541e-36 0 1.46815e-35 0 3.76844e-35 0 9.09733e-35 0 2.11373e-34 0
7.84553 2.54356e-09 1.37527e-09 1.1683e-09 0.459315 0.0952159 0 0 0 0 0 0 0 0 1.4013e-45 0 1.73761e-43 0 6.57769e-42 0 1.30057e-40 0 1.60273e-39 0 1.37646e-38 0 9.01826e-38 0 4.85927e-37 0 2.14156e-36 0 8.39964e-36 0 2.89387e-35 0 9.02973e-35 0 2.56869e-34 0 6.83718e-34 0 1.67603e-33 0 3.87566e-33 0 8.64183e-33 0
8.24824 2.1729e-09 1.21513e-09 9.57772e-10 0.44078 0.08635 0 0 0 0 0 0 0 0 2.12997e-43 0 1.78091e-41 0 5.63971e-40 0 9.64008e-39 0 1.05087e-37 0 8.12564e-37 0 4.85689e-36 0 2.41043e-35 0 9.88103e-35 0 3.62539e-34 0 1.17583e-33 0 3.47065e-33 0 9.38165e-33 0 2.3806e-32 0 5.58571e-32 0 1.23985e-31 0 2.65843e-31 0
8.67162 1.93814e-09 1.15242e-09 7.85716e-10 0.405397 0.0783857 0 0 0 0 0 0 7.70714e-44 0 2.26982e-41 0 1.53307e-39 0 4.10122e-38 0 6.10303e-37 0 5.92054e-36 0 4.14284e-35 0 2.26927e-34 0 1.04149e-33 0 3.98518e-33 0 1.37226e-32 0 4.2022e-32 0 1.1765e-31 0 3.02954e-31 0 7.3458e-31 0 1.65328e-30 0 3.52963e-30 0 7.29142e-30 0
9.11674 1.69056e-09 1.04712e-09 6.43446e-10 0.38061 0.0710537 0 0 0 0 2.8026e-45 0 8.12193e-42 0 1.8228e-39 0 1.00225e-37 0 2.28369e-36 0 2.97864e-35 0 2.58615e-34 0 1.64565e-33 0 8.29593e-33 0 3.53446e-32 0 1.26666e-31 0 4.10613e-31 0 1.19054e-30 0 3.16978e-30 0 7.79391e-30 0 1.80983e-29 0 3.91511e-29 0 8.05462e-29 0 1.606e-28 0
9.5847 1.50352e-09 9.7674e-10 5.26777e-10 0.350363 0.0644061 0 0 0 0 2.95674e-43 0 6.92297e-40 0 1.19274e-37 0 5.39286e-36 0 1.05486e-34 0 1.21372e-33 0 9.48253e-33 0 5.51276e-32 0 2.56801e-31 0 1.01935e-30 0 3.43238e-30 0 1.05058e-29 0 2.89179e-29 0 7.33987e-29 0 1.72718e-28 0 3.84908e-28 0 8.01866e-28 0 1.5926e-27 0 3.07024e-27 0
10.0767 1.34626e-09 9.14789e-10 4.31474e-10 0.320498 0.0584182 0 0 0 0 2.93124e-41 0 4.69464e-38 0 6.29033e-36 0 2.36118e-34 0 3.99442e-33 0 4.07923e-32 0 2.88267e-31 0 1.53786e-30 0 6.64536e-30 0 2.4661e-29 0 7.82602e-29 0 2.26806e-28 0 5.94186e-28 0 1.4411e-27 0 3.25236e-27 0 6.96988e-27 0 1.4009e-26 0 2.69068e-26 0 5.02355e-26 0
10.5939 1.21192e-09 8.58468e-10 3.53447e-10 0.291644 0.0530021 0 0 2.8026e-45 0 2.28862e-39 0 2.55661e-36 0 2.69702e-34 0 8.48141e-33 0 1.24974e-31 0 1.1394e-30 0 7.31864e-30 0 3.59792e-29 0 1.44751e-28 0 5.03858e-28 0 1.5113e-27 0 4.15817e-27 0 1.03932e-26 0 2.41398e-26 0 5.23576e-26 0 1.08105e-25 0 2.10002e-25 0 3.90696e-25 0 7.07537e-25 0
11.1377 1.09887e-09 8.0928e-10 2.89586e-10 0.263532 0.0480954 0 0 4.13383e-43 0 1.42893e-37 0 1.13313e-34 0 9.5218e-33 0 2.53038e-31 0 3.2696e-30 0 2.676e-29 0 1.56965e-28 0 7.1393e-28 0 2.68353e-27 0 8.78916e-27 0 2.49862e-26 0 6.54319e-26 0 1.56391e-25 0 3.48601e-25 0 7.28043e-25 0 1.45094e-24 0 2.72866e-24 0 4.92493e-24 0 8.66399e-24 0
11.7094 9.97038e-10 7.59569e-10 2.37469e-10 0.238175 0.0436746 0 0 3.85399e-41 0 7.1503e-36 0 4.09299e-33 0 2.77025e-31 0 6.27245e-30 0 7.153e-29 0 5.28327e-28 0 2.84255e-27 0 1.20072e-26 0 4.23075e-26 0 1.30768e-25 0 3.53264e-25 0 8.82626e-25 0 2.02173e-24 0 4.33354e-24 0 8.73084e-24 0 1.68239e-23 0 3.06784e-23 0 5.37977e-23 0 9.2067e-23 0
12.3105 9.09484e-10 7.14874e-10 1.9461e-10 0.213978 0.0396424 5.60519e-45 0 2.84463e-39 0 2.91887e-34 0 1.22543e-31 0 6.75141e-30 0 1.31268e-28 0 1.32924e-27 0 8.90466e-27 0 4.41307e-26 0 1.7375e-25 0 5.75697e-25 0 1.68403e-24 0 4.33387e-24 0 1.03547e-23 0 2.27777e-23 0 4.70395e-23 0 9.15847e-23 0 1.70916e-22 0 3.02659e-22 0 5.16385e-22 0 8.60838e-22 0
12.9424 8.33149e-10 6.73566e-10 1.59582e-10 0.191541 0.0359964 5.70328e-43 0 1.67814e-37 0 9.80281e-33 0 3.06447e-30 0 1.38821e-28 0 2.33505e-27 0 2.11178e-26 0 1.28924e-25 0 5.90907e-25 0 2.17592e-24 0 6.80004e-24 0 1.88759e-23 0 4.63864e-23 0 1.06214e-22 0 2.24822e-22 0 4.48142e-22 0 8.44594e-22 0 1.5289e-21 0 2.63289e-21 0 4.37648e-21 0 7.116e-21 0
13.6067 7.64561e-10 6.33729e-10 1.30832e-10 0.17112 0.0326798 5.0102e-41 0 7.97948e-36 0 2.72757e-31 0 6.44116e-29 0 2.42218e-27 0 3.54976e-26 0 2.88308e-25 0 1.61132e-24 0 6.85624e-24 0 2.36902e-23 0 7.00287e-23 0 1.84937e-22 0 4.34953e-22 0 9.56462e-22 0 1.95175e-21 0 3.76161e-21 0 6.87335e-21 0 1.20869e-20 0 2.02695e-20 0 3.28671e-20 0 5.21874e-20 0
14.3051 7.04819e-10 5.9755e-10 1.07269e-10 0.152194 0.0296668 3.49503e-39 0 3.10158e-34 0 6.36835e-30 0 1.15172e-27 0 3.62809e-26 0 4.66383e-25 0 3.4197e-24 0 1.75722e-23 0 6.96664e-23 0 2.26577e-22 0 6.35245e-22 0 1.59992e-21 0 3.60895e-21 0 7.63657e-21 0 1.50498e-20 0 2.80911e-20 0 4.98404e-20 0 8.52629e-20 0 1.3942e-19 0 2.20797e-19 0 3.42763e-19 0
15.0394 6.51851e-10 5.63892e-10 8.7959e-11 0.134937 0.0269322 1.95359e-37 0 9.9398e-33 0 1.25681e-28 0 1.76351e-26 0 4.69414e-25 0 5.32686e-24 0 3.54382e-23 0 1.68114e-22 0 6.23154e-22 0 1.91329e-21 0 5.10089e-21 0 1.22805e-20 0 2.66227e-20 0 5.43095e-20 0 1.03544e-19 0 1.87468e-19 0 3.23431e-19 0 5.38985e-19 0 8.60428e-19 0 1.3324e-18 0 2.02446e-18 0
15.8114 6.0457e-10 5.3242e-10 7.21498e-11 0.119341 0.024455 8.84307e-36 0 2.65067e-31 0 2.11338e-27 0 2.32946e-25 0 5.28262e-24 0 5.32426e-23 0 3.22907e-22 0 1.41971e-21 0 4.93639e-21 0 1.43486e-20 0 3.64654e-20 0 8.4105e-20 0 1.7557e-19 0 3.45905e-19 0 6.39031e-19 0 1.12393e-18 0 1.88812e-18 0 3.06899e-18 0 4.78867e-18 0 7.25875e-18 0 1.0806e-17 0
16.623 5.62182e-10 5.03007e-10 5.91752e-11 0.10526 0.0222015 3.27543e-34 0 5.93536e-30 0 3.05194e-26 0 2.67388e-24 0 5.20655e-23 0 4.68781e-22 0 2.60356e-21 0 1.06485e-20 0 3.48398e-20 0 9.61279e-20 0 2.33424e-19 0 5.16852e-19 0 1.04085e-18 0 1.98388e-18 0 3.55686e-18 0 6.08571e-18 0 9.96787e-18 0 1.58222e-17 0 2.41576e-17 0 3.58823e-17 0 5.239e-17 0
17.4762 5.24019e-10 4.75473e-10 4.85463e-11 0.0926421 0.020157 1.00245e-32 0 1.12549e-28 0 3.8131e-25 0 2.68535e-23 0 4.5233e-22 0 3.65827e-21 0 1.86862e-20 0 7.13468e-20 0 2.20306e-19 0 5.7847e-19 0 1.34513e-18 0 2.86504e-18 0 5.57582e-18 0 1.02982e-17 0 1.79445e-17 0 2.9908e-17 0 4.78207e-17 0 7.42137e-17 0 1.10993e-16 0 1.61709e-16 0 2.31781e-16 0
18.3733 4.8945e-10 4.49618e-10 3.98319e-11 0.0813808 0.0183027 2.55854e-31 0 1.82187e-27 0 4.15057e-24 0 2.37474e-22 0 3.4849e-21 0 2.545e-20 0 1.20047e-19 0 4.29336e-19 0 1.25471e-18 0 3.14287e-18 0 7.01322e-18 0 1.43963e-17 0 2.71213e-17 0 4.8613e-17 0 8.2442e-17 0 1.34021e-16 0 2.09435e-16 0 3.18126e-16 0 4.66527e-16 0 6.67321e-16 0 9.39819e-16 0
19.3164 4.58054e-10 4.25374e-10 3.26796e-11 0.0713445 0.0166145 5.4946e-30 0 2.53727e-26 0 3.96301e-23 0 1.86091e-21 0 2.3952e-20 0 1.58737e-19 0 6.94149e-19 0 2.3328e-18 0 6.46969e-18 0 1.54952e-17 0 3.32482e-17 0 6.58949e-17 0 1.2036e-16 0 2.09677e-16 0 3.46534e-16 0 5.50133e-16 0 8.4116e-16 0 1.25188e-15 0 1.80187e-15 0 2.53274e-15 0 3.50784e-15 0
20.3079 4.29386e-10 4.0257e-10 2.6816e-11 0.0624519 0.0150842 1.00117e-28 0 3.06215e-25 0 3.34009e-22 0 1.29969e-20 0 1.47666e-19 0 8.92314e-19 0 3.63083e-18 0 1.15008e-17 0 3.03462e-17 0 6.96464e-17 0 1.43973e-16 0 2.75969e-16 0 4.8946e-16 0 8.29879e-16 0 1.33831e-15 0 2.0772e-15 0 3.1109e-15 0 4.54088e-15 0 6.42063e-15 0 8.87618e-15 0 1.20995e-14 0
21.3503 4.03123e-10 3.81116e-10 2.20073e-11 0.0545919 0.0136954 1.5603e-27 0 3.22515e-24 0 2.50016e-21 0 8.13604e-20 0 8.20963e-19 0 4.54378e-18 0 1.72643e-17 0 5.16919e-17 0 1.30085e-16 0 2.86685e-16 0 5.71991e-16 0 1.06212e-15 0 1.8318e-15 0 3.02678e-15 0 4.76859e-15 0 7.2442e-15 0 1.06373e-14 0 1.52429e-14 0 2.11914e-14 0 2.88364e-14 0 3.87182e-14 0
22.4463 3.78994e-10 3.60935e-10 1.80591e-11 0.0476501 0.0124317 2.09587e-26 0 2.98426e-23 0 1.67179e-20 0 4.58969e-19 0 4.13694e-18 0 2.10616e-17 0 7.49751e-17 0 2.12784e-16 0 5.11886e-16 0 1.08542e-15 0 2.09379e-15 0 3.77219e-15 0 6.33495e-15 0 1.0214e-14 0 1.57387e-14 0 2.34262e-14 0 3.37597e-14 0 4.75341e-14 0 6.50296e-14 0 8.71688e-14 0 1.15368e-13 0
23.5984 3.56719e-10 3.41896e-10 1.48229e-11 0.0415534 0.0112867 2.44381e-25 0 2.44104e-22 0 1.004e-19 0 2.34476e-18 0 1.89833e-17 0 8.92638e-17 0 2.98661e-16 0 8.05529e-16 0 1.85653e-15 0 3.7948e-15 0 7.08916e-15 0 1.241e-14 0 2.03202e-14 0 3.20077e-14 0 4.829e-14 0 7.04949e-14 0 9.97945e-14 0 1.38184e-13 0 1.86174e-13 0 2.46011e-13 0 3.21172e-13 0
24.8097 3.36127e-10 3.2396e-10 1.21668e-11 0.0361971 0.0102463 2.49097e-24 0 1.77594e-21 0 5.44445e-19 0 1.09021e-17 0 7.96962e-17 0 3.47469e-16 0 1.096e-15 0 2.81628e-15 0 6.23149e-15 0 1.23004e-14 0 2.22881e-14 0 3.79646e-14 0 6.06847e-14 0 9.34911e-14 0 1.38246e-13 0 1.98122e-13 0 2.75747e-13 0 3.75803e-13 0 4.99e-13 0 6.50471e-13 0 8.38218e-13 0
26.0832 3.17394e-10 3.07325e-10 1.00692e-11 0.0317246 0.00932322 2.23614e-23 0 1.15681e-20 0 2.68154e-18 0 4.63866e-17 0 3.07709e-16 0 1.24852e-15 0 3.72335e-15 0 9.13665e-15 0 1.94475e-14 0 3.71339e-14 0 6.53615e-14 0 1.08476e-13 0 1.69468e-13 0 2.55632e-13 0 3.70855e-13 0 5.22219e-13 0 7.1519e-13 0 9.60078e-13 0 1.25729e-12 0 1.61786e-12 0 2.05918e-12 0
27.4221 2.99631e-10 2.91357e-10 8.27378e-12 0.0276132 0.00846617 1.77579e-22 0 6.77107e-20 0 1.20311e-17 0 1.81079e-16 0 1.09521e-15 0 4.15006e-15 0 1.17334e-14 0 2.75576e-14 0 5.65328e-14 0 1.04591e-13 0 1.79083e-13 0 2.89951e-13 0 4.4322e-13 0 6.55285e-13 0 9.33534e-13 0 1.29277e-12 0 1.7435e-12 0 2.30708e-12 0 2.98175e-12 0 3.78994e-12 0 4.76727e-12 0
28.8297 2.82965e-10 2.76184e-10 6.78026e-12 0.0239615 0.00768163 1.25561e-21 0 3.58173e-19 0 4.94201e-17 0 6.51589e-16 0 3.60943e-15 0 1.28159e-14 0 3.44414e-14 0 7.7588e-14 0 1.5368e-13 0 2.75908e-13 0 4.60175e-13 0 7.27738e-13 0 1.08961e-12 0 1.58049e-12 0 2.21303e-12 0 3.0163e-12 0 4.00898e-12 0 5.23282e-12 0 6.67891e-12 0 8.39035e-12 0 1.04365e-11 0
30.3095 2.67317e-10 2.61774e-10 5.54293e-12 0.0207354 0.00696418 7.94981e-21 0 1.72076e-18 0 1.86662e-16 0 2.1699e-15 0 1.10562e-14 0 3.69019e-14 0 9.4497e-14 0 2.04603e-13 0 3.9196e-13 0 6.83881e-13 0 1.11248e-12 0 1.72039e-12 0 2.5256e-12 0 3.59748e-12 0 4.95514e-12 0 6.65238e-12 0 8.71973e-12 0 1.12346e-11 0 1.41694e-11 0 1.76031e-11 0 2.16638e-11 0
31.8653 2.52796e-10 2.48248e-10 4.54867e-12 0.0179934 0.00632082 4.53434e-20 0 7.5484e-18 0 6.51357e-16 0 6.71717e-15 0 3.16101e-14 0 9.94745e-14 0 2.433e-13 0 5.07289e-13 0 9.41459e-13 0 1.59859e-12 0 2.53941e-12 0 3.84434e-12 0 5.53885e-12 0 7.75447e-12 0 1.05153e-11 0 1.39154e-11 0 1.80005e-11 0 2.29068e-11 0 2.85653e-11 0 3.51135e-11 0 4.27779e-11 0
33.5009 2.39357e-10 2.35605e-10 3.75174e-12 0.0156742 0.00574479 2.34241e-19 0 3.03772e-17 0 2.10858e-15 0 1.94036e-14 0 8.46603e-14 0 2.51917e-13 0 5.89825e-13 0 1.18647e-12 0 2.13644e-12 0 3.53509e-12 0 5.49012e-12 0 8.14476e-12 0 1.15274e-11 0 1.58756e-11 0 2.121e-11 0 2.7687e-11 0 3.53676e-11 0 4.4481e-11 0 5.48742e-11 0 6.67772e-11 0 8.05725e-11 0
35.2205 2.26638e-10 2.23553e-10 3.08528e-12 0.0136133 0.00521729 1.1002e-18 0 1.12512e-16 0 6.34941e-15 0 5.24279e-14 0 2.12874e-13 0 6.00592e-13 0 1.34898e-12 0 2.62252e-12 0 4.58862e-12 0 7.40822e-12 0 1.12606e-11 0 1.63868e-11 0 2.28025e-11 0 3.09168e-11 0 4.07251e-11 0 5.24743e-11 0 6.62347e-11 0 8.23745e-11 0 1.00585e-10 0 1.21236e-10 0 1.44946e-10 0
37.0284 2.14608e-10 2.12077e-10 2.53033e-12 0.0117905 0.00473435 4.7204e-18 0 3.85108e-16 0 1.78485e-14 0 1.32944e-13 0 5.04099e-13 0 1.352e-12 0 2.91909e-12 0 5.49369e-12 0 9.35329e-12 0 1.47516e-11 0 2.19689e-11 0 3.13896e-11 0 4.29803e-11 0 5.74151e-11 0 7.46193e-11 0 9.49643e-11 0 1.18512e-10 0 1.45829e-10 0 1.7634e-10 0 2.10615e-10 0 2.49619e-10 0
38.9291 2.0323e-10 2.0116e-10 2.06983e-12 0.0101847 0.00429231 1.85829e-17 0 1.22288e-15 0 4.6996e-14 0 3.17358e-13 0 1.12755e-12 0 2.88191e-12 0 5.99278e-12 0 1.09355e-11 0 1.81407e-11 0 2.79813e-11 0 4.08688e-11 0 5.73857e-11 0 7.7379e-11 0 1.01915e-10 0 1.3077e-10 0 1.64477e-10 0 2.03052e-10 0 2.47339e-10 0 2.96327e-10 0 3.50867e-10 0 4.1241e-10 0
40.9273 1.92502e-10 1.90807e-10 1.69417e-12 0.00880083 0.00389225 6.7417e-17 0 3.61631e-15 0 1.16298e-13 0 7.15421e-13 0 2.38928e-12 0 5.83327e-12 0 1.17041e-11 0 2.07392e-11 0 3.35643e-11 0 5.06876e-11 0 7.26763e-11 0 1.00371e-10 0 1.33379e-10 0 1.73327e-10 0 2.19708e-10 0 2.73263e-10 0 3.33901e-10 0 4.02828e-10 0 4.78372e-10 0 5.61765e-10 0 6.5511e-10 0
43.0281 1.82588e-10 1.81189e-10 1.39854e-12 0.00765954 0.00353805 2.26547e-16 0 1.00049e-14 0 2.71598e-13 0 1.52895e-12 0 4.81426e-12 0 1.12525e-11 0 2.18227e-11 0 3.7604e-11 0 5.94443e-11 0 8.7982e-11 0 1.23949e-10 0 1.68505e-10 0 2.20834e-10 0 2.83326e-10 0 3.5501e-10 0 4.36867e-10 0 5.28611e-10 0 6.31915e-10 0 7.4415e-10 0 8.67046e-10 0 1.00356e-09 0
45.2368 1.7316e-10 1.72009e-10 1.15095e-12 0.00664671 0.00321346 7.06845e-16 0 2.59454e-14 0 5.99481e-13 0 3.10172e-12 0 9.23458e-12 0 2.07078e-11 0 3.8882e-11 0 6.52432e-11 0 1.00856e-10 0 1.46444e-10 0 2.02887e-10 0 2.71714e-10 0 3.51423e-10 0 4.45417e-10 0 5.51999e-10 0 6.72431e-10 0 8.06107e-10 0 9.55279e-10 0 1.116e-09 0 1.29064e-09 0 1.48322e-09 0
47.5588 1.64198e-10 1.63254e-10 9.44532e-13 0.00575239 0.00291626 2.05516e-15 0 6.32683e-14 0 1.25406e-12 0 5.98816e-12 0 1.69034e-11 0 3.64391e-11 0 6.63473e-11 0 1.08551e-10 0 1.64273e-10 0 2.34222e-10 0 3.19373e-10 0 4.21659e-10 0 5.38549e-10 0 6.7474e-10 0 8.27483e-10 0 9.98353e-10 0 1.18627e-09 0 1.39419e-09 0 1.61644e-09 0 1.85617e-09 0 2.1187e-09 0
50 1.55681e-10 1.54908e-10 7.7316e-13 0.00496631 0.00264438 5.58753e-15 0 1.4551e-13 0 2.49284e-12 0 1.10286e-11 0 2.95935e-11 0 6.14472e-11 0 1.08655e-10 0 1.7355e-10 0 2.57377e-10 0 3.6067e-10 0 4.84401e-10 0 6.30924e-10 0 7.96255e-10 0 9.86697e-10 0 1.19806e-09 0 1.43227e-09 0 1.68759e-09 0 1.9678e-09 0 2.26507e-09 0 2.5835e-09 0 2.92991e-09 0
52.5665 1.47585e-10 1.46953e-10 6.31426e-13 0.0042784 0.002396 1.42517e-14 0 3.16534e-13 0 4.72043e-12 0 1.94211e-11 0 4.96617e-11 0 9.95028e-11 0 1.71119e-10 0 2.67141e-10 0 3.88625e-10 0 5.35693e-10 0 7.09181e-10 0 9.11855e-10 0 1.1378e-09 0 1.39525e-09 0 1.67815e-09 0 1.98879e-09 0 2.32463e-09 0 2.69036e-09 0 3.0756e-09 0 3.48551e-09 0 3.92866e-09 0
55.2648 1.40101e-10 1.39579e-10 5.21431e-13 0.00372183 0.00217813 3.42582e-14 0 6.53996e-13 0 8.54749e-12 0 3.28201e-11 0 8.01638e-11 0 1.55259e-10 0 2.6003e-10 0 3.97211e-10 0 5.67367e-10 0 7.69916e-10 0 1.00539e-09 0 1.27695e-09 0 1.57624e-09 0 1.91373e-09 0 2.28111e-09 0 2.68105e-09 0 3.11001e-09 0 3.57371e-09 0 4.05883e-09 0 4.57178e-09 0 5.12302e-09 0
58.1015 1.32977e-10 1.32548e-10 4.29411e-13 0.0032292 0.00197845 7.77284e-14 0 1.28486e-12 0 1.48122e-11 0 5.32588e-11 0 1.24536e-10 0 2.33538e-10 0 3.81407e-10 0 5.70695e-10 0 8.01099e-10 0 1.07101e-09 0 1.38047e-09 0 1.73299e-09 0 2.11728e-09 0 2.54639e-09 0 3.00931e-09 0 3.50914e-09 0 4.0412e-09 0 4.61235e-09 0 5.20601e-09 0 5.82997e-09 0 6.49671e-09 0
61.0839 1.26186e-10 1.25833e-10 3.5262e-13 0.00279445 0.00179566 1.66912e-13 0 2.40593e-12 0 2.46154e-11 0 8.31467e-11 0 1.86525e-10 0 3.39209e-10 0 5.40876e-10 0 7.9354e-10 0 1.09562e-09 0 1.44414e-09 0 1.8385e-09 0 2.2825e-09 0 2.76151e-09 0 3.2914e-09 0 3.85817e-09 0 4.46536e-09 0 5.1071e-09 0 5.7914e-09 0 6.4983e-09 0 7.23705e-09 0 8.0222e-09 0
64.2193 1.19714e-10 1.19425e-10 2.88817e-13 0.00241257 0.0016285 3.40143e-13 0 4.30407e-12 0 3.93092e-11 0 1.25119e-10 0 2.69825e-10 0 4.76576e-10 0 7.42797e-10 0 1.06958e-09 0 1.45367e-09 0 1.89043e-09 0 2.37845e-09 0 2.92184e-09 0 3.5023e-09 0 4.13872e-09 0 4.81392e-09 0 5.53192e-09 0 6.2856e-09 0 7.0842e-09 0 7.90435e-09 0 8.75681e-09 0 9.65818e-09 0
67.5157 1.13555e-10 1.13319e-10 2.35977e-13 0.00207808 0.0014756 6.59528e-13 0 7.37286e-12 0 6.04436e-11 0 1.81814e-10 0 3.77654e-10 0 6.48757e-10 0 9.89487e-10 0 1.39966e-09 0 1.87401e-09 0 2.406e-09 0 2.99338e-09 0 3.6405e-09 0 4.32531e-09 0 5.0698e-09 0 5.85357e-09 0 6.68115e-09 0 7.54425e-09 0 8.45328e-09 0 9.38166e-09 0 1.03416e-08 0 1.13517e-08 0
70.9813 1.07804e-10 1.07609e-10 1.94389e-13 0.00180317 0.00134038 1.2209e-12 0 1.2131e-11 0 8.9743e-11 0 2.55816e-10 0 5.12736e-10 0 8.57847e-10 0 1.28171e-09 0 1.78258e-09 0 2.35293e-09 0 2.98427e-09 0 3.67345e-09 0 4.42512e-09 0 5.21349e-09 0 6.06368e-09 0 6.95216e-09 0 7.88404e-09 0 8.84992e-09 0 9.86141e-09 0 1.08889e-08 0 1.19463e-08 0 1.30536e-08 0
74.6248 1.02367e-10 1.02207e-10 1.60195e-13 0.00156491 0.00121766 2.16149e-12 0 1.91991e-11 0 1.2881e-10 0 3.48873e-10 0 6.75914e-10 0 1.1028e-09 0 1.61571e-09 0 2.21122e-09 0 2.87944e-09 0 3.60992e-09 0 4.39876e-09 0 5.25094e-09 0 6.13715e-09 0 7.08556e-09 0 8.06978e-09 0 9.0955e-09 0 1.01524e-08 0 1.12532e-08 0 1.23659e-08 0 1.35055e-08 0 1.46938e-08 0
78.4553 9.71755e-11 9.70438e-11 1.31628e-13 0.00135454 0.00110525 3.66582e-12 0 2.92677e-11 0 1.78936e-10 0 4.61625e-10 0 8.65948e-10 0 1.37949e-09 0 1.98376e-09 0 2.67367e-09 0 3.43707e-09 0 4.26175e-09 0 5.14321e-09 0 6.08681e-09 0 7.06019e-09 0 8.09433e-09 0 9.1604e-09 0 1.02647e-08 0 1.13963e-08 0 1.25688e-08 0 1.37482e-08 0 1.49508e-08 0 1.61997e-08 0
82.4824 9.22214e-11 9.21135e-11 1.07873e-13 0.00116972 0.00100244 5.96829e-12 0 4.30544e-11 0 2.40956e-10 0 5.9352e-10 0 1.0797e-09 0 1.68135e-09 0 2.37537e-09 0 3.15519e-09 0 4.00669e-09 0 4.9162e-09 0 5.87888e-09 0 6.90055e-09 0 7.94639e-09 0 9.04986e-09 0 1.01802e-08 0 1.13444e-08 0 1.2531e-08 0 1.37545e-08 0 1.49797e-08 0 1.62238e-08 0 1.75104e-08 0
86.7162 8.75002e-11 8.7412e-11 8.81839e-14 0.00100781 0.000908456 9.34702e-12 0 6.12268e-11 0 3.15027e-10 0 7.42566e-10 0 1.31196e-09 0 1.99935e-09 0 2.77741e-09 0 3.63849e-09 0 4.56691e-09 0 5.54799e-09 0 6.57682e-09 0 7.65975e-09 0 8.76025e-09 0 9.91377e-09 0 1.10884e-08 0 1.22915e-08 0 1.35116e-08 0 1.47638e-08 0 1.60123e-08 0 1.7275e-08 0 1.85761e-08 0
91.1674 8.30625e-11 8.299e-11 7.24476e-14 0.000872206 0.000824463 1.4118e-11 0 8.43703e-11 0 4.00743e-10 0 9.05895e-10 0 1.55668e-09 0 2.32405e-09 0 3.17713e-09 0 4.1077e-09 0 5.09905e-09 0 6.13602e-09 0 7.21388e-09 0 8.33961e-09 0 9.4757e-09 0 1.06591e-08 0 1.18573e-08 0 1.30782e-08 0 1.43105e-08 0 1.55696e-08 0 1.68199e-08 0 1.80795e-08 0 1.93728e-08 0
95.847 7.88879e-11 7.88282e-11 5.97479e-14 0.000757377 0.000749105 2.06027e-11 0 1.12832e-10 0 4.96681e-10 0 1.07896e-09 0 1.80574e-09 0 2.64372e-09 0 3.55948e-09 0 4.54481e-09 0 5.58258e-09 0 6.65763e-09 0 7.76576e-09 0 8.91455e-09 0 1.00663e-08 0 1.12589e-08 0 1.246e-08 0 1.36777e-08 0 1.49013e-08 0 1.61463e-08 0 1.73778e-08 0 1.8614e-08 0 1.9879e-08 0
100.767 7.49008e-11 7.48517e-11 4.91233e-14 0.000655845 0.000680039 2.90754e-11 0 1.46548e-10 0 6.0008e-10 0 1.25515e-09 0 2.04854e-09 0 2.94398e-09 0 3.90676e-09 0 4.92925e-09 0 5.99455e-09 0 7.088e-09 0 8.20617e-09 0 9.35725e-09 0 1.05041e-08 0 1.1685e-08 0 1.28682e-08 0 1.40622e-08 0 1.52569e-08 0 1.64675e-08 0 1.76607e-08 0 1.88544e-08 0 2.00719e-08 0
105.939 7.10938e-11 7.10536e-11 4.02795e-14 0.000566568 0.000616853 3.97451e-11 0 1.85117e-10 0 7.07616e-10 0 1.42776e-09 0 2.27529e-09 0 3.21261e-09 0 4.20496e-09 0 5.24588e-09 0 6.31928e-09 0 7.41147e-09 0 8.51995e-09 0 9.65346e-09 0 1.07762e-08 0 1.19261e-08 0 1.30726e-08 0 1.42245e-08 0 1.53724e-08 0 1.65313e-08 0 1.76694e-08 0 1.88045e-08 0 1.99587e-08 0
111.377 6.74603e-11 6.74274e-11 3.29468e-14 0.000488388 0.000559119 5.27071e-11 0 2.27728e-10 0 8.15371e-10 0 1.58984e-09 0 2.47674e-09 0 3.43887e-09 0 4.44263e-09 0 5.48321e-09 0 6.54584e-09 0 7.61815e-09 0 8.69871e-09 0 9.79672e-09 0 1.08782e-08 0 1.19803e-08 0 1.3074e-08 0 1.41685e-08 0 1.52548e-08 0 1.63477e-08 0 1.74175e-08 0 1.84811e-08 0 1.95596e-08 0
117.094 6.40249e-11 6.39979e-11 2.69923e-14 0.00042159 0.00050696 6.79413e-11 0 2.73314e-10 0 9.19568e-10 0 1.73563e-09 0 2.64618e-09 0 3.61604e-09 0 4.61384e-09 0 5.6368e-09 0 6.67179e-09 0 7.70807e-09 0 8.74526e-09 0 9.79292e-09 0 1.08193e-08 0 1.18604e-08 0 1.28891e-08 0 1.39143e-08 0 1.49283e-08 0 1.5945e-08 0 1.69371e-08 0 1.79206e-08 0 1.89152e-08 0
123.105 6.08093e-11 6.07871e-11 2.22781e-14 0.000366359 0.000460723 8.52938e-11 0 3.20586e-10 0 1.01667e-09 0 1.86051e-09 0 2.77907e-09 0 3.74057e-09 0 4.7168e-09 0 5.70712e-09 0 6.70035e-09 0 7.68745e-09 0 8.66913e-09 0 9.65512e-09 0 1.06163e-08 0 1.15868e-08 0 1.25418e-08 0 1.34901e-08 0 1.44248e-08 0 1.5359e-08 0 1.6268e-08 0 1.71667e-08 0 1.80732e-08 0
129.424 5.77413e-11 5.7723e-11 1.83282e-14 0.000317419 0.000418298 1.04322e-10 0 3.6758e-10 0 1.10198e-09 0 1.95826e-09 0 2.86872e-09 0 3.80616e-09 0 4.7461e-09 0 5.69012e-09 0 6.6291e-09 0 7.55577e-09 0 8.47179e-09 0 9.38693e-09 0 1.02748e-08 0 1.11675e-08 0 1.20427e-08 0 1.29085e-08 0 1.37592e-08 0 1.4607e-08 0 1.54295e-08 0 1.62408e-08 0 1.7057e-08 0
136.067 5.48104e-11 5.47953e-11 1.50366e-14 0.000274338 0.000379472 1.24459e-10 0 4.12407e-10 0 1.17204e-09 0 2.02547e-09 0 2.9129e-09 0 3.81244e-09 0 4.70375e-09 0 5.59051e-09 0 6.46565e-09 0 7.32361e-09 0 8.16688e-09 0 9.00512e-09 0 9.81479e-09 0 1.06256e-08 0 1.14175e-08 0 1.21986e-08 0 1.29635e-08 0 1.37237e-08 0 1.44594e-08 0 1.51832e-08 0 1.59099e-08 0
143.051 5.20103e-11 5.1998e-11 1.2306e-14 0.000236606 0.000344002 1.45003e-10 0 4.53231e-10 0 1.2243e-09 0 2.06049e-09 0 2.91179e-09 0 3.76203e-09 0 4.59511e-09 0 5.41655e-09 0 6.22127e-09 0 7.00528e-09 0 7.77173e-09 0 8.53e-09 0 9.25937e-09 0 9.98702e-09 0 1.06953e-08 0 1.13917e-08 0 1.20718e-08 0 1.27458e-08 0 1.33966e-08 0 1.40355e-08 0 1.46755e-08 0
150.394 4.93485e-11 4.93384e-11 1.00533e-14 0.000203722 0.000311638 1.65211e-10 0 4.88514e-10 0 1.25749e-09 0 2.06382e-09 0 2.86844e-09 0 3.66088e-09 0 4.42915e-09 0 5.18033e-09 0 5.91111e-09 0 6.61892e-09 0 7.30738e-09 0 7.98547e-09 0 8.63514e-09 0 9.281e-09 0 9.90766e-09 0 1.0522e-08 0 1.11203e-08 0 1.17119e-08 0 1.22818e-08 0 1.284e-08 0 1.33981e-08 0
158.114 4.68725e-11 4.68642e-11 8.30341e-15 0.000177149 0.00028325 1.84497e-10 0 5.1751e-10 0 1.27251e-09 0 2.03928e-09 0 2.79004e-09 0 3.51973e-09 0 4.22013e-09 0 4.89955e-09 0 5.5562e-09 0 6.18869e-09 0 6.80098e-09 0 7.40154e-09 0 7.97479e-09 0 8.54281e-09 0 9.09229e-09 0 9.62944e-09 0 1.01514e-08 0 1.06662e-08 0 1.1161e-08 0 1.16449e-08 0 1.21277e-08 0
166.23 4.45082e-11 4.45014e-11 6.83564e-15 0.000153581 0.000257202 2.01881e-10 0 5.38597e-10 0 1.26804e-09 0 1.98671e-09 0 2.67788e-09 0 3.34132e-09 0 3.97217e-09 0 4.57958e-09 0 5.16302e-09 0 5.7221e-09 0 6.26091e-09 0 6.78732e-09 0 7.28808e-09 0 7.78271e-09 0 8.25986e-09 0 8.72512e-09 0 9.17614e-09 0 9.62006e-09 0 1.00459e-08 0 1.04615e-08 0 1.08755e-08 0
174.763 4.22489e-11 4.22433e-11 5.6113e-15 0.000132815 0.000233358 2.16658e-10 0 5.51153e-10 0 1.2452e-09 0 1.9096e-09 0 2.53785e-09 0 3.13385e-09 0 3.6956e-09 0 4.23269e-09 0 4.74562e-09 0 5.23474e-09 0 5.70417e-09 0 6.16113e-09 0 6.5944e-09 0 7.02115e-09 0 7.43173e-09 0 7.83112e-09 0 8.21744e-09 0 8.59692e-09 0 8.96028e-09 0 9.31428e-09 0 9.66639e-09 0
183.733 4.0091e-11 4.00864e-11 4.59442e-15 0.0001146 0.000211563 2.28264e-10 0 5.55023e-10 0 1.20588e-09 0 1.81219e-09 0 2.37643e-09 0 2.90584e-09 0 3.40069e-09 0 3.87073e-09 0 4.31721e-09 0 4.74104e-09 0 5.14621e-09 0 5.53927e-09 0 5.91083e-09 0 6.27581e-09 0 6.62611e-09 0 6.9661e-09 0 7.2943e-09 0 7.61608e-09 0 7.92366e-09 0 8.22285e-09 0 8.51999e-09 0
193.164 3.8034e-11 3.80303e-11 3.75294e-15 9.86733e-05 0.000191654 2.36331e-10 0 5.50518e-10 0 1.15261e-09 0 1.69922e-09 0 2.20033e-09 0 2.66566e-09 0 3.09725e-09 0 3.50469e-09 0 3.88975e-09 0 4.25372e-09 0 4.60042e-09 0 4.93567e-09 0 5.2517e-09 0 5.56135e-09 0 5.85787e-09 0 6.14507e-09 0 6.42178e-09 0 6.69262e-09 0 6.95109e-09 0 7.20213e-09 0 7.45111e-09 0
203.079 3.6119e-11 3.61159e-11 3.09372e-15 8.56536e-05 0.000174079 2.40959e-10 0 5.38929e-10 0 1.08946e-09 0 1.57726e-09 0 2.0182e-09 0 2.42369e-09 0 2.79705e-09 0 3.1475e-09 0 3.47715e-09 0 3.78752e-09 0 4.08215e-09 0 4.36621e-09 0 4.63329e-09 0 4.89436e-09 0 5.14383e-09 0 5.385e-09 0 5.61696e-09 0 5.84363e-09 0 6.05962e-09 0 6.26911e-09 0 6.47662e-09 0
213.503 3.4296e-11 3.42935e-11 2.54846e-15 7.43079e-05 0.000158103 2.41868e-10 0 5.20501e-10 0 1.01787e-09 0 1.44857e-09 0 1.83278e-09 0 2.18292e-09 0 2.50313e-09 0 2.80208e-09 0 3.08206e-09 0 3.34469e-09 0 3.59323e-09 0 3.83218e-09 0 4.05631e-09 0 4.27492e-09 0 4.4834e-09 0 4.68459e-09 0 4.87778e-09 0 5.06628e-09 0 5.24565e-09 0 5.41941e-09 0 5.59133e-09 0
224.463 3.25555e-11 3.25534e-11 2.09319e-15 6.42961e-05 0.000143466 2.39166e-10 0 4.96225e-10 0 9.40413e-10 0 1.31687e-09 0 1.64856e-09 0 1.94827e-09 0 2.22064e-09 0 2.47367e-09 0 2.70967e-09 0 2.93029e-09 0 3.13845e-09 0 3.33809e-09 0 3.52491e-09 0 3.70677e-09 0 3.87989e-09 0 4.04668e-09 0 4.20659e-09 0 4.36241e-09 0 4.5105e-09 0 4.65379e-09 0 4.79539e-09 0
235.984 3.08937e-11 3.08919e-11 1.71472e-15 5.55041e-05 0.000130078 2.33149e-10 0 4.67296e-10 0 8.59713e-10 0 1.18563e-09 0 1.46949e-09 0 1.72396e-09 0 1.95386e-09 0 2.16644e-09 0 2.36397e-09 0 2.54804e-09 0 2.72125e-09 0 2.88697e-09 0 3.04173e-09 0 3.1921e-09 0 3.335e-09 0 3.47247e-09 0 3.60408e-09 0 3.73217e-09 0 3.85375e-09 0 3.97127e-09 0 4.08729e-09 0
248.097 2.9306e-11 2.93046e-11 1.4014e-15 4.78197e-05 0.000117864 2.24219e-10 0 4.34932e-10 0 7.78078e-10 0 1.05772e-09 0 1.29866e-09 0 1.51307e-09 0 1.70572e-09 0 1.8831e-09 0 2.04734e-09 0 2.19994e-09 0 2.34317e-09 0 2.47992e-09 0 2.60737e-09 0 2.73099e-09 0 2.84829e-09 0 2.96097e-09 0 3.06873e-09 0 3.17346e-09 0 3.27277e-09 0 3.36867e-09 0 3.46325e-09 0
260.832 2.78226e-11 2.78215e-11 1.15213e-15 4.14098e-05 0.000106962 2.13127e-10 0 4.00822e-10 0 6.9836e-10 0 9.36571e-10 0 1.13976e-09 0 1.31935e-09 0 1.47989e-09 0 1.62712e-09 0 1.763e-09 0 1.88891e-09 0 2.00682e-09 0 2.11915e-09 0 2.22367e-09 0 2.32489e-09 0 2.42079e-09 0 2.5128e-09 0 2.60068e-09 0 2.68601e-09 0 2.76683e-09 0 2.84481e-09 0 2.92165e-09 0
274.221 2.64177e-11 2.64167e-11 9.49746e-16 3.59511e-05 9.71582e-05 2.00227e-10 0 3.65715e-10 0 6.21516e-10 0 8.22947e-10 0 9.93166e-10 0 1.14266e-09 0 1.27568e-09 0 1.39722e-09 0 1.50905e-09 0 1.61241e-09 0 1.70901e-09 0 1.80086e-09 0 1.88618e-09 0 1.96869e-09 0 2.04677e-09 0 2.12158e-09 0 2.19296e-09 0 2.26219e-09 0 2.32772e-09 0 2.39088e-09 0 2.45307e-09 0
288.297 2.50758e-11 2.5075e-11 7.80553e-16 3.11277e-05 8.81731e-05 1.85958e-10 0 3.30409e-10 0 5.48491e-10 0 7.17588e-10 0 8.5925e-10 0 9.82937e-10 0 1.09251e-09 0 1.19229e-09 0 1.28385e-09 0 1.36828e-09 0 1.44703e-09 0 1.52178e-09 0 1.59111e-09 0 1.65807e-09 0 1.72135e-09 0 1.78192e-09 0 1.83965e-09 0 1.8956e-09 0 1.94851e-09 0 1.99947e-09 0 2.04961e-09 0
303.095 2.37944e-11 2.37937e-11 6.39776e-16 2.68877e-05 7.99538e-05 1.70837e-10 0 2.95742e-10 0 4.80213e-10 0 6.21208e-10 0 7.38383e-10 0 8.40136e-10 0 9.2992e-10 0 1.01142e-09 0 1.08602e-09 0 1.15466e-09 0 1.21856e-09 0 1.27913e-09 0 1.33523e-09 0 1.38934e-09 0 1.44042e-09 0 1.48927e-09 0 1.53578e-09 0 1.58082e-09 0 1.62338e-09 0 1.66434e-09 0 1.70462e-09 0
318.653 2.25704e-11 2.25698e-11 5.23161e-16 2.31791e-05 7.24512e-05 1.55333e-10 0 2.62385e-10 0 4.17281e-10 0 5.34104e-10 0 6.3047e-10 0 7.13736e-10 0 7.86936e-10 0 8.53193e-10 0 9.13693e-10 0 9.69256e-10 0 1.0209e-09 0 1.06977e-09 0 1.11498e-09 0 1.15854e-09 0 1.19962e-09 0 1.23887e-09 0 1.27621e-09 0 1.31234e-09 0 1.34645e-09 0 1.37926e-09 0 1.41151e-09 0
335.009 2.14175e-11 2.14171e-11 4.28994e-16 2.003e-05 6.5698e-05 1.39968e-10 0 2.31027e-10 0 3.60298e-10 0 4.56595e-10 0 5.35488e-10 0 6.0334e-10 0 6.62788e-10 0 7.16455e-10 0 7.65353e-10 0 8.10181e-10 0 8.5178e-10 0 8.91099e-10 0 9.27428e-10 0 9.62393e-10 0 9.95338e-10 0 1.02678e-09 0 1.05668e-09 0 1.08559e-09 0 1.11287e-09 0 1.13909e-09 0 1.16484e-09 0
352.205 2.03367e-11 2.03364e-11 3.53876e-16 1.74008e-05 5.96843e-05 1.2509e-10 0 2.02027e-10 0 3.09333e-10 0 3.88359e-10 0 4.52693e-10 0 5.07789e-10 0 5.55911e-10 0 5.99247e-10 0 6.38655e-10 0 6.74722e-10 0 7.08146e-10 0 7.39699e-10 0 7.68821e-10 0 7.96823e-10 0 8.23185e-10 0 8.48329e-10 0 8.72217e-10 0 8.95299e-10 0 9.17067e-10 0 9.3798e-10 0 9.58511e-10 0
370.284 1.93047e-11 1.93044e-11 2.90994e-16 1.50738e-05 5.41738e-05 1.10832e-10 0 1.75371e-10 0 2.63923e-10 0 3.28451e-10 0 3.80677e-10 0 4.2523e-10 0 4.64032e-10 0 4.98897e-10 0 5.30543e-10 0 5.59464e-10 0 5.8623e-10 0 6.1147e-10 0 6.34743e-10 0 6.57102e-10 0 6.78134e-10 0 6.98181e-10 0 7.17215e-10 0 7.35595e-10 0 7.52919e-10 0 7.69555e-10 0 7.85879e-10 0
389.291 1.832e-11 1.83198e-11 2.38602e-16 1.30241e-05 4.91304e-05 9.74035e-11 0 1.51185e-10 0 2.23866e-10 0 2.76314e-10 0 3.18537e-10 0 3.54427e-10 0 3.85602e-10 0 4.13556e-10 0 4.38888e-10 0 4.62007e-10 0 4.83378e-10 0 5.0351e-10 0 5.22056e-10 0 5.3986e-10 0 5.56596e-10 0 5.72537e-10 0 5.87663e-10 0 6.02262e-10 0 6.16016e-10 0 6.29218e-10 0 6.42167e-10 0
409.273 1.73809e-11 1.73807e-11 1.95149e-16 1.12278e-05 4.45215e-05 8.49485e-11 0 1.29489e-10 0 1.88845e-10 0 2.31293e-10 0 2.65298e-10 0 2.94108e-10 0 3.19073e-10 0 3.41417e-10 0 3.61634e-10 0 3.80061e-10 0 3.97077e-10 0 4.13092e-10 0 4.27833e-10 0 4.41974e-10 0 4.55258e-10 0 4.67904e-10 0 4.79897e-10 0 4.91466e-10 0 5.02361e-10 0 5.12814e-10 0 5.23063e-10 0
430.281 1.64873e-11 1.64871e-11 1.5958e-16 9.67899e-06 4.0341e-05 7.35616e-11 0 1.10243e-10 0 1.58496e-10 0 1.92721e-10 0 2.20015e-10 0 2.43069e-10 0 2.63002e-10 0 2.80812e-10 0 2.96905e-10 0 3.11556e-10 0 3.25072e-10 0 3.37781e-10 0 3.49472e-10 0 3.60678e-10 0 3.71199e-10 0 3.8121e-10 0 3.90699e-10 0 3.99849e-10 0 4.08462e-10 0 4.16722e-10 0 4.24819e-10 0
452.368 1.56556e-11 1.56555e-11 1.31723e-16 8.41375e-06 3.66515e-05 6.33512e-11 0 9.34383e-11 0 1.32549e-10 0 1.60079e-10 0 1.81943e-10 0 2.0036e-10 0 2.16252e-10 0 2.30429e-10 0 2.43223e-10 0 2.54858e-10 0 2.65582e-10 0 2.75659e-10 0 2.84921e-10 0 2.93795e-10 0 3.02121e-10 0 3.10039e-10 0 3.17542e-10 0 3.24774e-10 0 3.31578e-10 0 3.38102e-10 0 3.44494e-10 0
475.588 1.486e-11 1.48599e-11 1.08393e-16 7.29429e-06 3.32733e-05 5.42026e-11 0 7.87567e-11 0 1.10327e-10 0 1.32395e-10 0 1.49855e-10 0 1.64526e-10 0 1.77161e-10 0 1.88417e-10 0 1.98563e-10 0 2.07781e-10 0 2.16271e-10 0 2.24242e-10 0 2.31565e-10 0 2.38576e-10 0 2.45152e-10 0 2.51403e-10 0 2.57324e-10 0 2.63028e-10 0 2.68394e-10 0 2.73536e-10 0 2.78574e-10 0
500 1.4101e-11 1.41009e-11 8.89359e-17 6.30708e-06 3.01804e-05 4.60966e-11 0 6.60442e-11 0 9.14352e-11 0 1.0907e-10 0 1.22975e-10 0 1.34631e-10 0 1.44653e-10 0 1.5357e-10 0 1.61599e-10 0 1.68887e-10 0 1.75595e-10 0 1.81888e-10 0 1.87667e-10 0 1.93197e-10 0 1.98381e-10 0 2.03307e-10 0 2.07971e-10 0 2.12463e-10 0 2.16687e-10 0 2.20734e-10 0 2.24698e-10 0
525.665 1.33786e-11 1.33785e-11 7.27773e-17 5.43983e-06 2.73519e-05 3.89854e-11 0 5.51243e-11 0 7.54786e-11 0 8.9533e-11 0 1.00579e-10 0 1.0982e-10 0 1.17753e-10 0 1.24803e-10 0 1.31144e-10 0 1.36896e-10 0 1.42186e-10 0 1.47147e-10 0 1.517e-10 0 1.56055e-10 0 1.60135e-10 0 1.64011e-10 0 1.6768e-10 0 1.71212e-10 0 1.74533e-10 0 1.77714e-10 0 1.80828e-10 0
552.648 1.26914e-11 1.26913e-11 5.94233e-17 4.68217e-06 2.47728e-05 3.27997e-11 0 4.58081e-11 0 6.20759e-11 0 7.32487e-11 0 8.20046e-11 0 8.93154e-11 0 9.55831e-11 0 1.01147e-10 0 1.06147e-10 0 1.10679e-10 0 1.14845e-10 0 1.18749e-10 0 1.22331e-10 0 1.25755e-10 0 1.28963e-10 0 1.32008e-10 0 1.3489e-10 0 1.37664e-10 0 1.40271e-10 0 1.42768e-10 0 1.45212e-10 0
581.015 1.20531e-11 1.2053e-11 4.90255e-17 4.06747e-06 2.25026e-05 2.74955e-11 0 3.79577e-11 0 5.09403e-11 0 5.98132e-11 0 6.67485e-11 0 7.2529e-11 0 7.74785e-11 0 8.18676e-11 0 8.58092e-11 0 8.93796e-11 0 9.26593e-11 0 9.57318e-11 0 9.85487e-11 0 1.01241e-10 0 1.03763e-10 0 1.06156e-10 0 1.0842e-10 0 1.10599e-10 0 1.12646e-10 0 1.14606e-10 0 1.16524e-10 0
610.839 1.14448e-11 1.14447e-11 4.03717e-17 3.52752e-06 2.04313e-05 2.29423e-11 0 3.13295e-11 0 4.16638e-11 0 4.86952e-11 0 5.41779e-11 0 5.87405e-11 0 6.26426e-11 0 6.60998e-11 0 6.92023e-11 0 7.20109e-11 0 7.45895e-11 0 7.70042e-11 0 7.92172e-11 0 8.13318e-11 0 8.33113e-11 0 8.51897e-11 0 8.69662e-11 0 8.86753e-11 0 9.0281e-11 0 9.18181e-11 0 9.33221e-11 0
642.193 1.08639e-11 1.08638e-11 3.31375e-17 3.05025e-06 1.85336e-05 1.90574e-11 0 2.57605e-11 0 3.39663e-11 0 3.95268e-11 0 4.3853e-11 0 4.74481e-11 0 5.05194e-11 0 5.32384e-11 0 5.56768e-11 0 5.7883e-11 0 5.99076e-11 0 6.18028e-11 0 6.3539e-11 0 6.51975e-11 0 6.67497e-11 0 6.82222e-11 0 6.96145e-11 0 7.09537e-11 0 7.22116e-11 0 7.34156e-11 0 7.45935e-11 0
675.157 1.03094e-11 1.03094e-11 2.7114e-17 2.63002e-06 1.67972e-05 1.57637e-11 0 2.11056e-11 0 2.76065e-11 0 3.19954e-11 0 3.54032e-11 0 3.82314e-11 0 4.06453e-11 0 4.27806e-11 0 4.46944e-11 0 4.64252e-11 0 4.80128e-11 0 4.94984e-11 0 5.0859e-11 0 5.21582e-11 0 5.33739e-11 0 5.45269e-11 0 5.56169e-11 0 5.66652e-11 0 5.76496e-11 0 5.85916e-11 0 5.95131e-11 0
709.813 9.78052e-12 9.7805e-12 2.21289e-17 2.26254e-06 1.52128e-05 1.29878e-11 0 1.72339e-11 0 2.23733e-11 0 2.58313e-11 0 2.85115e-11 0 3.07331e-11 0 3.26276e-11 0 3.43024e-11 0 3.58027e-11 0 3.71588e-11 0 3.84023e-11 0 3.95655e-11 0 4.06305e-11 0 4.16473e-11 0 4.25984e-11 0 4.35003e-11 0 4.43528e-11 0 4.51724e-11 0 4.59421e-11 0 4.66785e-11 0 4.73987e-11 0
746.248 9.28597e-12 9.28596e-12 1.82169e-17 1.96177e-06 1.38086e-05 1.06722e-11 0 1.40426e-11 0 1.81022e-11 0 2.08252e-11 0 2.29322e-11 0 2.46769e-11 0 2.61635e-11 0 2.74768e-11 0 2.86528e-11 0 2.97153e-11 0 3.06892e-11 0 3.16e-11 0 3.24337e-11 0 3.32294e-11 0 3.39736e-11 0 3.46792e-11 0 3.53459e-11 0 3.59869e-11 0 3.65887e-11 0 3.71645e-11 0 3.77275e-11 0
784.553 8.81798e-12 8.81797e-12 1.50323e-17 1.70474e-06 1.25421e-05 8.74259e-12 0 1.14133e-11 0 1.46156e-11 0 1.67576e-11 0 1.84126e-11 0 1.97816e-11 0 2.09472e-11 0 2.19765e-11 0 2.28976e-11 0 2.37296e-11 0 2.4492e-11 0 2.52047e-11 0 2.5857e-11 0 2.64794e-11 0 2.70614e-11 0 2.76132e-11 0 2.81344e-11 0 2.86355e-11 0 2.91059e-11 0 2.95559e-11 0 2.99958e-11 0
824.824 8.37096e-12 8.37095e-12 1.2368e-17 1.47749e-06 1.13822e-05 7.13798e-12 0 9.2498e-12 0 1.17717e-11 0 1.34543e-11 0 1.47525e-11 0 1.58254e-11 0 1.67384e-11 0 1.75441e-11 0 1.82649e-11 0 1.89157e-11 0 1.9512e-11 0 2.00692e-11 0 2.0579e-11 0 2.10655e-11 0 2.15203e-11 0 2.19513e-11 0 2.23585e-11 0 2.27499e-11 0 2.31172e-11 0 2.34686e-11 0 2.38121e-11 0
867.163 7.94424e-12 7.94423e-12 1.01413e-17 1.27656e-06 1.03199e-05 5.80959e-12 0 7.4763e-12 0 9.45929e-12 0 1.07792e-11 0 1.17964e-11 0 1.26364e-11 0 1.33507e-11 0 1.39808e-11 0 1.45443e-11 0 1.50529e-11 0 1.55188e-11 0 1.59541e-11 0 1.63522e-11 0 1.67321e-11 0 1.70872e-11 0 1.74236e-11 0 1.77415e-11 0 1.80469e-11 0 1.83336e-11 0 1.86077e-11 0 1.88758e-11 0
911.674 7.53714e-12 7.53714e-12 8.28561e-18 1.0993e-06 9.34739e-06 4.71448e-12 0 6.02761e-12 0 7.58464e-12 0 8.61885e-12 0 9.41497e-12 0 1.00719e-11 0 1.06302e-11 0 1.11226e-11 0 1.15627e-11 0 1.19599e-11 0 1.23236e-11 0 1.26633e-11 0 1.2974e-11 0 1.32704e-11 0 1.35474e-11 0 1.38099e-11 0 1.40578e-11 0 1.4296e-11 0 1.45196e-11 0 1.47333e-11 0 1.49423e-11 0
958.471 7.15396e-12 7.15395e-12 6.79841e-18 9.50301e-07 8.47756e-06 3.81785e-12 0 4.85146e-12 0 6.0733e-12 0 6.88331e-12 0 7.50621e-12 0 8.01985e-12 0 8.45621e-12 0 8.84084e-12 0 9.18458e-12 0 9.49469e-12 0 9.77858e-12 0 1.00437e-11 0 1.02862e-11 0 1.05175e-11 0 1.07336e-11 0 1.09383e-11 0 1.11317e-11 0 1.13175e-11 0 1.14918e-11 0 1.16585e-11 0 1.18214e-11 0
1007.67 6.79396e-12 6.79395e-12 5.59973e-18 8.24222e-07 7.69751e-06 3.08617e-12 0 3.89922e-12 0 4.85766e-12 0 5.49194e-12 0 5.97926e-12 0 6.38085e-12 0 6.72187e-12 0 7.02236e-12 0 7.29083e-12 0 7.53298e-12 0 7.75461e-12 0 7.9616e-12 0 8.15085e-12 0 8.33131e-12 0 8.49992e-12 0 8.65966e-12 0 8.8105e-12 0 8.95542e-12 0 9.09139e-12 0 9.22141e-12 0 9.34848e-12 0
1059.39 6.45002e-12 6.45001e-12 4.59758e-18 7.12801e-07 6.98346e-06 2.48841e-12 0 3.12706e-12 0 3.878e-12 0 4.37418e-12 0 4.75507e-12 0 5.06878e-12 0 5.33508e-12 0 5.56965e-12 0 5.77917e-12 0 5.96811e-12 0 6.14102e-12 0 6.30247e-12 0 6.45007e-12 0 6.59079e-12 0 6.72227e-12 0 6.84682e-12 0 6.96441e-12 0 7.07738e-12 0 7.18337e-12 0 7.2847e-12 0 7.38374e-12 0
1113.77 6.12167e-12 6.12166e-12 3.76463e-18 6.14967e-07 6.33067e-06 2.00169e-12 0 2.50269e-12 0 3.09043e-12 0 3.47822e-12 0 3.77568e-12 0 4.02055e-12 0 4.22834e-12 0 4.41131e-12 0 4.57472e-12 0 4.72204e-12 0 4.85684e-12 0 4.9827e-12 0 5.09774e-12 0 5.20741e-12 0 5.30987e-12 0 5.40691e-12 0 5.49853e-12 0 5.58655e-12 0 5.66911e-12 0 5.74805e-12 0 5.8252e-12 0
1170.94 5.80832e-12 5.80832e-12 3.07465e-18 5.29353e-07 5.73404e-06 1.60655e-12 0 1.99911e-12 0 2.45865e-12 0 2.76147e-12 0 2.99359e-12 0 3.18459e-12 0 3.3466e-12 0 3.48924e-12 0 3.61659e-12 0 3.73139e-12 0 3.83642e-12 0 3.93446e-12 0 4.02407e-12 0 4.10949e-12 0 4.18929e-12 0 4.26486e-12 0 4.3362e-12 0 4.40474e-12 0 4.46902e-12 0 4.53048e-12 0 4.59054e-12 0
1231.05 5.51151e-12 5.51151e-12 2.51382e-18 4.56104e-07 5.19545e-06 1.28718e-12 0 1.59453e-12 0 1.95365e-12 0 2.19002e-12 0 2.37108e-12 0 2.52001e-12 0 2.6463e-12 0 2.75746e-12 0 2.85669e-12 0 2.94613e-12 0 3.02794e-12 0 3.10431e-12 0 3.1741e-12 0 3.24062e-12 0 3.30275e-12 0 3.36159e-12 0 3.41714e-12 0 3.47049e-12 0 3.52054e-12 0 3.56838e-12 0 3.61513e-12 0
1294.24 5.23442e-12 5.23442e-12 2.07209e-18 3.95858e-07 4.71853e-06 1.03042e-12 0 1.27109e-12 0 1.55181e-12 0 1.73638e-12 0 1.87769e-12 0 1.99387e-12 0 2.09237e-12 0 2.17905e-12 0 2.25641e-12 0 2.32613e-12 0 2.38989e-12 0 2.44941e-12 0 2.50379e-12 0 2.55563e-12 0 2.60404e-12 0 2.64988e-12 0 2.69316e-12 0 2.73472e-12 0 2.77371e-12 0 2.81097e-12 0 2.84739e-12 0
1360.67 4.96974e-12 4.96974e-12 1.70254e-18 3.42581e-07 4.28172e-06 8.23287e-13 0 1.01156e-12 0 1.23082e-12 0 1.37484e-12 0 1.48504e-12 0 1.57562e-12 0 1.6524e-12 0 1.71995e-12 0 1.78023e-12 0 1.83454e-12 0 1.88421e-12 0 1.93057e-12 0 1.97293e-12 0 2.0133e-12 0 2.051e-12 0 2.0867e-12 0 2.1204e-12 0 2.15276e-12 0 2.18311e-12 0 2.21213e-12 0 2.24048e-12 0
1430.51 4.71704e-12 4.71704e-12 1.39496e-18 2.95728e-07 3.88226e-06 6.56597e-13 0 8.03741e-13 0 9.74864e-13 0 1.08716e-12 0 1.17306e-12 0 1.24364e-12 0 1.30344e-12 0 1.35605e-12 0 1.403e-12 0 1.44529e-12 0 1.48397e-12 0 1.52006e-12 0 1.55303e-12 0 1.58445e-12 0 1.6138e-12 0 1.64159e-12 0 1.66781e-12 0 1.693e-12 0 1.71662e-12 0 1.7392e-12 0 1.76126e-12 0
1503.94 4.4759e-12 4.4759e-12 1.14003e-18 2.54705e-07 3.51735e-06 5.22757e-13 0 6.37662e-13 0 7.7112e-13 0 8.58633e-13 0 9.2554e-13 0 9.80501e-13 0 1.02706e-12 0 1.06802e-12 0 1.10456e-12 0 1.13747e-12 0 1.16757e-12 0 1.19566e-12 0 1.22131e-12 0 1.24576e-12 0 1.26859e-12 0 1.29021e-12 0 1.31061e-12 0 1.33021e-12 0 1.34858e-12 0 1.36614e-12 0 1.38331e-12 0
1581.14 4.246e-12 4.246e-12 9.29541e-19 2.18921e-07 3.18426e-06 4.15532e-13 0 5.05191e-13 0 6.09208e-13 0 6.77365e-13 0 7.29455e-13 0 7.72233e-13 0 8.08468e-13 0 8.40335e-13 0 8.68762e-13 0 8.94369e-13 0 9.1778e-13 0 9.39624e-13 0 9.59579e-13 0 9.78594e-13 0 9.9635e-13 0 1.01316e-12 0 1.02903e-12 0 1.04426e-12 0 1.05855e-12 0 1.07221e-12 0 1.08555e-12 0
1662.3 4.03289e-12 4.03289e-12 7.66838e-19 1.90146e-07 2.89281e-06 3.30289e-13 0 4.00305e-13 0 4.81446e-13 0 5.3458e-13 0 5.75174e-13 0 6.08503e-13 0 6.3673e-13 0 6.61551e-13 0 6.83691e-13 0 7.03632e-13 0 7.21862e-13 0 7.38871e-13 0 7.54409e-13 0 7.69213e-13 0 7.83036e-13 0 7.96124e-13 0 8.08475e-13 0 8.20335e-13 0 8.31457e-13 0 8.42088e-13 0 8.52474e-13 0
1747.63 3.82919e-12 3.82919e-12 6.30548e-19 1.64669e-07 2.62555e-06 2.62131e-13 0 3.16765e-13 0 3.80021e-13 0 4.21418e-13 0 4.53035e-13 0 4.78989e-13 0 5.00967e-13 0 5.2029e-13 0 5.37523e-13 0 5.53045e-13 0 5.67234e-13 0 5.80472e-13 0 5.92564e-13 0 6.04085e-13 0 6.14841e-13 0 6.25025e-13 0 6.34636e-13 0 6.43864e-13 0 6.52518e-13 0 6.60789e-13 0 6.6887e-13 0
1837.33 3.63475e-12 3.63475e-12 5.16989e-19 1.42235e-07 2.38106e-06 2.07745e-13 0 2.50349e-13 0 2.99634e-13 0 3.3187e-13 0 3.56483e-13 0 3.76684e-13 0 3.93788e-13 0 4.08825e-13 0 4.22234e-13 0 4.34311e-13 0 4.4535e-13 0 4.55648e-13 0 4.65054e-13 0 4.74016e-13 0 4.82384e-13 0 4.90305e-13 0 4.9778e-13 0 5.04958e-13 0 5.11689e-13 0 5.18122e-13 0 5.24407e-13 0
1931.64 3.4492e-12 3.4492e-12 4.22774e-19 1.22572e-07 2.15766e-06 1.64421e-13 0 1.97623e-13 0 2.36001e-13 0 2.61091e-13 0 2.80243e-13 0 2.95959e-13 0 3.09264e-13 0 3.2096e-13 0 3.3139e-13 0 3.40782e-13 0 3.49366e-13 0 3.57375e-13 0 3.64689e-13 0 3.71658e-13 0 3.78164e-13 0 3.84323e-13 0 3.90135e-13 0 3.95716e-13 0 4.00949e-13 0 4.0595e-13 0 4.10836e-13 0
2030.79 3.27207e-12 3.27207e-12 3.44914e-19 1.05412e-07 1.95362e-06 1.2996e-13 0 1.55818e-13 0 1.85687e-13 0 2.05205e-13 0 2.201e-13 0 2.32322e-13 0 2.42667e-13 0 2.5176e-13 0 2.59868e-13 0 2.67169e-13 0 2.73842e-13 0 2.80067e-13 0 2.85753e-13 0 2.91169e-13 0 2.96226e-13 0 3.01013e-13 0 3.0553e-13 0 3.09867e-13 0 3.13934e-13 0 3.17821e-13 0 3.21618e-13 0
2135.03 3.107e-12 3.107e-12 2.83834e-19 9.13528e-08 1.77367e-06 1.02723e-13 0 1.22876e-13 0 1.46138e-13 0 1.61334e-13 0 1.72928e-13 0 1.82439e-13 0 1.9049e-13 0 1.97565e-13 0 2.03874e-13 0 2.09555e-13 0 2.14746e-13 0 2.19589e-13 0 2.24012e-13 0 2.28226e-13 0 2.32159e-13 0 2.35883e-13 0 2.39397e-13 0 2.42771e-13 0 2.45934e-13 0 2.48957e-13 0 2.51911e-13 0
2244.63 2.95039e-12 2.95039e-12 2.33562e-19 7.91631e-08 1.61016e-06 8.11254e-14 0 9.68278e-14 0 1.14943e-13 0 1.26772e-13 0 1.35796e-13 0 1.43197e-13 0 1.49462e-13 0 1.54967e-13 0 1.59875e-13 0 1.64295e-13 0 1.68334e-13 0 1.72101e-13 0 1.75542e-13 0 1.7882e-13 0 1.81879e-13 0 1.84776e-13 0 1.87509e-13 0 1.90133e-13 0 1.92594e-13 0 1.94945e-13 0 1.97242e-13 0
2359.84 2.80075e-12 2.80075e-12 1.91629e-19 6.84206e-08 1.46056e-06 6.3994e-14 0 7.62222e-14 0 9.03218e-14 0 9.95257e-14 0 1.06546e-13 0 1.12303e-13 0 1.17176e-13 0 1.21457e-13 0 1.25274e-13 0 1.28711e-13 0 1.31852e-13 0 1.34782e-13 0 1.37457e-13 0 1.40006e-13 0 1.42385e-13 0 1.44638e-13 0 1.46763e-13 0 1.48803e-13 0 1.50716e-13 0 1.52544e-13 0 1.5433e-13 0
2480.97 2.65787e-12 2.65787e-12 1.5681e-19 5.89983e-08 1.3238e-06 5.04243e-14 0 5.9942e-14 0 7.0911e-14 0 7.80692e-14 0 8.35281e-14 0 8.80048e-14 0 9.17929e-14 0 9.51216e-14 0 9.80891e-14 0 1.00761e-13 0 1.03202e-13 0 1.0548e-13 0 1.07559e-13 0 1.0954e-13 0 1.1139e-13 0 1.1314e-13 0 1.14792e-13 0 1.16378e-13 0 1.17865e-13 0 1.19286e-13 0 1.20674e-13 0
2608.32 2.52158e-12 2.52158e-12 1.28002e-19 5.07627e-08 1.19875e-06 3.96913e-14 0 4.70958e-14 0 5.56258e-14 0 6.11908e-14 0 6.54341e-14 0 6.89136e-14 0 7.18577e-14 0 7.44446e-14 0 7.67508e-14 0 7.8827e-14 0 8.07243e-14 0 8.24938e-14 0 8.41098e-14 0 8.56491e-14 0 8.7086e-14 0 8.84462e-14 0 8.97295e-14 0 9.09617e-14 0 9.2117e-14 0 9.32211e-14 0 9.42995e-14 0
2742.21 2.39366e-12 2.39366e-12 1.05064e-19 4.38927e-08 1.0875e-06 3.12388e-14 0 3.70016e-14 0 4.36378e-14 0 4.79663e-14 0 5.12663e-14 0 5.39721e-14 0 5.62614e-14 0 5.82728e-14 0 6.00659e-14 0 6.16801e-14 0 6.31552e-14 0 6.4531e-14 0 6.57873e-14 0 6.6984e-14 0 6.81011e-14 0 6.91585e-14 0 7.01562e-14 0 7.11141e-14 0 7.20122e-14 0 7.28704e-14 0 7.37088e-14 0
2882.97 2.27313e-12 2.27313e-12 8.65286e-20 3.80659e-08 9.87659e-07 2.45795e-14 0 2.90658e-14 0 3.42301e-14 0 3.75978e-14 0 4.0165e-14 0 4.22698e-14 0 4.40505e-14 0 4.5615e-14 0 4.70096e-14 0 4.82651e-14 0 4.94124e-14 0 5.04823e-14 0 5.14594e-14 0 5.239e-14 0 5.32588e-14 0 5.40811e-14 0 5.4857e-14 0 5.56019e-14 0 5.63003e-14 0 5.69677e-14 0 5.76196e-14 0
3030.95 2.15799e-12 2.15799e-12 7.10434e-20 3.2921e-08 8.96043e-07 1.93216e-14 0 2.28125e-14 0 2.68297e-14 0 2.94488e-14 0 3.14452e-14 0 3.30818e-14 0 3.44664e-14 0 3.56829e-14 0 3.67672e-14 0 3.77433e-14 0 3.86352e-14 0 3.94671e-14 0 4.02267e-14 0 4.09502e-14 0 4.16256e-14 0 4.22648e-14 0 4.2868e-14 0 4.34471e-14 0 4.399e-14 0 4.45088e-14 0 4.50156e-14 0
3186.53 2.04808e-12 2.04808e-12 5.81725e-20 2.84034e-08 8.12252e-07 1.51749e-14 0 1.78901e-14 0 2.10137e-14 0 2.30499e-14 0 2.46018e-14 0 2.5874e-14 0 2.69502e-14 0 2.78957e-14 0 2.87384e-14 0 2.94971e-14 0 3.01903e-14 0 3.08368e-14 0 3.14271e-14 0 3.19894e-14 0 3.25143e-14 0 3.30111e-14 0 3.34798e-14 0 3.39298e-14 0 3.43517e-14 0 3.47549e-14 0 3.51488e-14 0
3350.09 1.94317e-12 1.94317e-12 4.75153e-20 2.44524e-08 7.35819e-07 1.19077e-14 0 1.40187e-14 0 1.64466e-14 0 1.8029e-14 0 1.92349e-14 0 2.02235e-14 0 2.10597e-14 0 2.17943e-14 0 2.24491e-14 0 2.30385e-14 0 2.35771e-14 0 2.40793e-14 0 2.45379e-14 0 2.49748e-14 0 2.53825e-14 0 2.57685e-14 0 2.61326e-14 0 2.64822e-14 0 2.681e-14 0 2.71232e-14 0 2.74292e-14 0
3522.05 1.84405e-12 1.84405e-12 3.88976e-20 2.10936e-08 6.66694e-07 9.34107e-15 0 1.09825e-14 0 1.28699e-14 0 1.40998e-14 0 1.50371e-14 0 1.58053e-14 0 1.64552e-14 0 1.70261e-14 0 1.75349e-14 0 1.79929e-14 0 1.84114e-14 0 1.88017e-14 0 1.91581e-14 0 1.94975e-14 0 1.98143e-14 0 2.01142e-14 0 2.03972e-14 0 2.06688e-14 0 2.09235e-14 0 2.11669e-14 0 2.14046e-14 0
3702.84 1.75135e-12 1.75135e-12 3.20612e-20 1.83065e-08 6.05896e-07 7.32968e-15 0 8.60686e-15 0 1.00751e-14 0 1.10318e-14 0 1.17608e-14 0 1.23583e-14 0 1.28636e-14 0 1.33076e-14 0 1.37033e-14 0 1.40595e-14 0 1.4385e-14 0 1.46884e-14 0 1.49656e-14 0 1.52295e-14 0 1.54759e-14 0 1.57091e-14 0 1.59291e-14 0 1.61404e-14 0 1.63384e-14 0 1.65277e-14 0 1.67125e-14 0
3892.91 1.66278e-12 1.66278e-12 2.63426e-20 1.58425e-08 5.49621e-07 5.74678e-15 0 6.74015e-15 0 7.88192e-15 0 8.62577e-15 0 9.19253e-15 0 9.65705e-15 0 1.005e-14 0 1.03951e-14 0 1.07027e-14 0 1.09796e-14 0 1.12326e-14 0 1.14685e-14 0 1.1684e-14 0 1.18891e-14 0 1.20807e-14 0 1.22619e-14 0 1.2433e-14 0 1.25972e-14 0 1.27511e-14 0 1.28982e-14 0 1.30419e-14 0
4092.73 1.57819e-12 1.57819e-12 2.15833e-20 1.3676e-08 4.98185e-07 4.50228e-15 0 5.2746e-15 0 6.16214e-15 0 6.7403e-15 0 7.18079e-15 0 7.54181e-15 0 7.84715e-15 0 8.11538e-15 0 8.35444e-15 0 8.56962e-15 0 8.76622e-15 0 8.94956e-15 0 9.11697e-15 0 9.27642e-15 0 9.42525e-15 0 9.56612e-15 0 9.69902e-15 0 9.82661e-15 0 9.94623e-15 0 1.00605e-14 0 1.01722e-14 0
4302.81 1.49748e-12 1.49748e-12 1.76411e-20 1.17805e-08 4.51517e-07 3.52477e-15 0 4.12502e-15 0 4.81471e-15 0 5.26394e-15 0 5.60618e-15 0 5.88667e-15 0 6.1239e-15 0 6.33229e-15 0 6.51801e-15 0 6.68517e-15 0 6.83791e-15 0 6.98034e-15 0 7.11039e-15 0 7.23426e-15 0 7.34988e-15 0 7.45931e-15 0 7.56255e-15 0 7.66167e-15 0 7.75459e-15 0 7.84339e-15 0 7.93013e-15 0
4523.68 1.42067e-12 1.42067e-12 1.44019e-20 1.01374e-08 4.08539e-07 2.75795e-15 0 3.22436e-15 0 3.76019e-15 0 4.10917e-15 0 4.37503e-15 0 4.59291e-15 0 4.77719e-15 0 4.93905e-15 0 5.08331e-15 0 5.21316e-15 0 5.33179e-15 0 5.44242e-15 0 5.54343e-15 0 5.63965e-15 0 5.72945e-15 0 5.81444e-15 0 5.89463e-15 0 5.97161e-15 0 6.04379e-15 0 6.11276e-15 0 6.18013e-15 0
4755.88 1.34934e-12 1.34934e-12 1.18805e-20 8.80472e-09 3.71579e-07 2.15956e-15 0 2.52237e-15 0 2.93912e-15 0 3.21053e-15 0 3.41728e-15 0 3.58671e-15 0 3.73001e-15 0 3.85588e-15 0 3.96806e-15 0 4.06903e-15 0 4.16128e-15 0 4.2473e-15 0 4.32585e-15 0 4.40066e-15 0 4.47049e-15 0 4.53658e-15 0 4.59893e-15 0 4.65879e-15 0 4.71491e-15 0 4.76854e-15 0 4.82092e-15 0
5000 1.28117e-12 1.28117e-12 9.76873e-21 7.62484e-09 3.37256e-07 1.68985e-15 0 1.97196e-15 0 2.29598e-15 0 2.50698e-15 0 2.6677e-15 0 2.79942e-15 0 2.91081e-15 0 3.00866e-15 0 3.09586e-15 0 3.17434e-15 0 3.24605e-15 0 3.31292e-15 0 3.37398e-15 0 3.43213e-15 0 3.48641e-15 0 3.53778e-15 0 3.58625e-15 0 3.63278e-15 0 3.6764e-15 0 3.71808e-15 0 3.7588e-15 0
