# 2.32712e-06 2 40 : grain size, compostion index, size index
# Heating and cooling timescale: 27.2439 54206.3
# Ratio of heating to cooling to determine stochastic cutoff: 100
# Equilibrium emission is recorded even for those grains in the stochastic regime.
# Emission spectrum was computed for: 
# Type: ISRF
# Scales: 0.25 0.5 1 1.5 2 2.5 3 3.5 4 4.5 5 5.5 6 6.5 7 7.5 8 8.5 9 9.5 10
# StochasticallyHeated: 1 1 0 0 0 0 0 0 0 0 0 0 0 0 0 0 0 0 0 0 0
# Temperature: -1
# Wavelength  CExt  CAbs  CSca  Albedo G EqEm1 StEm1 EqEm2 StEm2 EqEm3 StEm3 EqEm4 StEm4 EqEm5 StEm5 EqEm6 StEm6 EqEm7 StEm7 EqEm8 StEm8 EqEm9 StEm9 EqEm10 StEm10 EqEm11 StEm11 EqEm12 StEm12 EqEm13 StEm13 EqEm14 StEm14 EqEm15 StEm15 EqEm16 StEm16 EqEm17 StEm17 EqEm18 StEm18 EqEm19 StEm19 EqEm20 StEm20 EqEm21 StEm21
0.05 2.77169e-11 1.77001e-11 1.00168e-11 0.361396 0.772383 0 0 0 0 0 0 0 0 0 0 0 0 0 0 0 0 0 0 0 0 0 0 0 0 0 0 0 0 0 0 0 0 0 0 0 0 0 0 0 0 0 0
0.0525665 2.83405e-11 1.81268e-11 1.02137e-11 0.360394 0.754892 0 0 0 0 0 0 0 0 0 0 0 0 0 0 0 0 0 0 0 0 0 0 0 0 0 0 0 0 0 0 0 0 0 0 0 0 0 0 0 0 0 0
0.0552647 2.91692e-11 1.85385e-11 1.06306e-11 0.364448 0.734226 0 0 0 0 0 0 0 0 0 0 0 0 0 0 0 0 0 0 0 0 0 0 0 0 0 0 0 0 0 0 0 0 0 0 0 0 0 0 0 0 0 0
0.0581015 3.06843e-11 1.91932e-11 1.14911e-11 0.374494 0.710133 0 0 0 0 0 0 0 0 0 0 0 0 0 0 0 0 0 0 0 0 0 0 0 0 0 0 0 0 0 0 0 0 0 0 0 0 0 0 0 0 0 0
0.0610839 3.29317e-11 2.03013e-11 1.26305e-11 0.383535 0.686398 0 0 0 0 0 0 0 0 0 0 0 0 0 0 0 0 0 0 0 0 0 0 0 0 0 0 0 0 0 0 0 0 0 0 0 0 0 0 0 0 0 0
0.0642193 3.53803e-11 2.16833e-11 1.3697e-11 0.387137 0.66589 0 0 0 0 0 0 0 0 0 0 0 0 0 0 0 0 0 0 0 0 0 0 0 0 0 0 0 0 0 0 0 0 0 0 0 0 0 0 0 0 0 0
0.0675157 3.77103e-11 2.31139e-11 1.45964e-11 0.387067 0.6481 0 0 0 0 0 0 0 0 0 0 0 0 0 0 0 0 0 0 0 0 0 0 0 0 0 0 0 0 0 0 0 0 0 0 0 0 0 0 0 0 0 0
0.0709813 3.97822e-11 2.44539e-11 1.53283e-11 0.385305 0.631924 0 0 0 0 0 0 0 0 0 0 0 0 0 0 0 0 0 0 0 0 0 0 0 0 0 0 0 0 0 0 0 0 0 0 0 0 0 0 0 0 0 0
0.0746248 4.14985e-11 2.5611e-11 1.58875e-11 0.382845 0.616376 0 0 0 0 0 0 0 0 0 0 0 0 0 0 0 0 0 0 0 0 0 0 0 0 0 0 0 0 0 0 0 0 0 0 0 0 0 0 0 0 0 0
0.0784553 4.26879e-11 2.64959e-11 1.6192e-11 0.37931 0.600463 0 0 0 0 0 0 0 0 0 0 0 0 0 0 0 0 0 0 0 0 0 0 0 0 0 0 0 0 0 0 0 0 0 0 0 0 0 0 0 0 0 0
0.0824824 4.30604e-11 2.69809e-11 1.60796e-11 0.373419 0.58289 0 0 0 0 0 0 0 0 0 0 0 0 0 0 0 0 0 0 0 0 0 0 0 0 0 0 0 0 0 0 0 0 0 0 0 0 0 0 0 0 0 0
0.0867162 4.25013e-11 2.70479e-11 1.54534e-11 0.363598 0.55517 0 0 0 0 0 0 0 0 0 0 0 0 0 0 0 0 0 0 0 0 0 0 0 0 0 0 0 0 0 0 0 0 0 0 0 0 0 0 0 0 0 0
0.0911674 4.3327e-11 2.74358e-11 1.58911e-11 0.366772 0.520603 0 0 0 0 0 0 0 0 0 0 0 0 0 0 0 0 0 0 0 0 0 0 0 0 0 0 0 0 0 0 0 0 0 0 0 0 0 0 0 0 0 0
0.095847 4.42734e-11 2.76464e-11 1.6627e-11 0.375553 0.485694 0 0 0 0 0 0 0 0 0 0 0 0 0 0 0 0 0 0 0 0 0 0 0 0 0 0 0 0 0 0 0 0 0 0 0 0 0 0 0 0 0 0
0.100767 4.4816e-11 2.764e-11 1.7176e-11 0.383255 0.450256 0 0 0 0 0 0 0 0 0 0 0 0 0 0 0 0 0 0 0 0 0 0 0 0 0 0 0 0 0 0 0 0 0 0 0 0 0 0 0 0 0 0
0.105939 4.50272e-11 2.74743e-11 1.75529e-11 0.389829 0.420575 0 0 0 0 0 0 0 0 0 0 0 0 0 0 0 0 0 0 0 0 0 0 0 0 0 0 0 0 0 0 0 0 0 0 0 0 0 0 0 0 0 0
0.111377 4.4578e-11 2.72168e-11 1.73612e-11 0.389456 0.394815 0 0 0 0 0 0 0 0 0 0 0 0 0 0 0 0 0 0 0 0 0 0 0 0 0 0 0 0 0 0 0 0 0 0 0 0 0 0 0 0 0 0
0.117094 4.38733e-11 2.68368e-11 1.70365e-11 0.388311 0.371017 0 0 0 0 0 0 0 0 0 0 0 0 0 0 0 0 0 0 0 0 0 0 0 0 0 0 0 0 0 0 0 0 0 0 0 0 0 0 0 0 0 0
0.123105 4.27026e-11 2.61778e-11 1.65248e-11 0.386975 0.348674 0 0 0 0 0 0 0 0 0 0 0 0 0 0 0 0 0 0 0 0 0 0 0 0 0 0 0 0 0 0 0 0 0 0 0 0 0 0 0 0 0 0
0.129424 4.09742e-11 2.51365e-11 1.58377e-11 0.386529 0.327302 0 0 0 0 0 0 0 0 0 0 0 0 0 0 0 0 0 0 0 0 0 0 0 0 0 0 0 0 0 0 0 0 0 0 0 0 0 0 0 0 0 0
0.136067 3.87362e-11 2.36797e-11 1.50565e-11 0.388694 0.307198 0 0 0 0 0 0 0 0 0 0 0 0 0 0 0 0 0 0 0 0 0 0 0 0 0 0 0 0 0 0 0 0 0 0 0 0 0 0 0 0 0 0
0.143051 3.62451e-11 2.17628e-11 1.44823e-11 0.399566 0.291716 0 0 0 0 0 0 0 0 0 0 0 0 0 0 0 0 0 0 0 0 0 0 0 0 0 0 0 0 0 0 0 0 0 0 0 0 0 0 0 0 0 0
0.150394 3.09467e-11 1.74772e-11 1.34694e-11 0.435246 0.282131 0 0 0 0 0 0 0 0 0 0 0 0 0 0 0 0 0 0 0 0 0 0 0 0 0 0 0 0 0 0 0 0 0 0 0 0 0 0 0 0 0 0
0.158114 2.28779e-11 1.16509e-11 1.1227e-11 0.490735 0.255807 0 0 0 0 0 0 0 0 0 0 0 0 0 0 0 0 0 0 0 0 0 0 0 0 0 0 0 0 0 0 0 0 0 0 0 0 0 0 0 0 0 0
0.16623 1.58492e-11 7.12851e-12 8.72066e-12 0.550228 0.21921 0 0 0 0 0 0 0 0 0 0 0 0 0 0 0 0 0 0 0 0 0 0 0 0 0 0 0 0 0 0 0 0 0 0 0 0 0 0 0 0 0 0
0.174762 1.10752e-11 4.46518e-12 6.60999e-12 0.59683 0.18667 0 0 0 0 0 0 0 0 0 0 0 0 0 0 0 0 0 0 0 0 0 0 0 0 0 0 0 0 0 0 0 0 0 0 0 0 0 0 0 0 0 0
0.183733 7.74793e-12 2.77363e-12 4.9743e-12 0.642017 0.160418 0 0 0 0 0 0 0 0 0 0 0 0 0 0 0 0 0 0 0 0 0 0 0 0 0 0 0 0 0 0 0 0 0 0 0 0 0 0 0 0 0 0
0.193164 5.5274e-12 1.77364e-12 3.75376e-12 0.679118 0.139546 0 0 0 0 0 0 0 0 0 0 0 0 0 0 0 0 0 0 0 0 0 0 0 0 0 0 0 0 0 0 0 0 0 0 0 0 0 0 0 0 0 0
0.203079 4.01757e-12 1.16839e-12 2.84918e-12 0.70918 0.122564 0 0 0 0 0 0 0 0 0 0 0 0 0 0 0 0 0 0 0 0 0 0 0 0 0 0 0 0 0 0 0 0 0 0 0 0 0 0 0 0 0 0
0.213503 2.99382e-12 8.23277e-13 2.17054e-12 0.725008 0.108341 0 0 0 0 0 0 0 0 0 0 0 0 0 0 0 0 0 0 0 0 0 0 0 0 0 0 0 0 0 0 0 0 0 0 0 0 0 0 0 0 0 0
0.224463 2.33245e-12 6.65328e-13 1.66712e-12 0.714751 0.0963267 0 0 0 0 0 0 0 0 0 0 0 0 0 0 0 0 0 0 0 0 0 0 0 0 0 0 0 0 0 0 0 0 0 0 0 0 0 0 0 0 0 0
0.235984 1.90577e-12 6.09638e-13 1.29614e-12 0.68011 0.0860903 0 0 0 0 0 0 0 0 0 0 0 0 0 0 0 0 0 0 0 0 0 0 0 0 0 0 0 0 0 0 0 0 0 0 0 0 0 0 0 0 0 0
0.248097 1.60622e-12 5.87526e-13 1.01869e-12 0.634218 0.0772257 0 0 0 0 0 0 0 0 0 0 0 0 0 0 0 0 0 0 0 0 0 0 0 0 0 0 0 0 0 0 0 0 0 0 0 0 0 0 0 0 0 0
0.260832 1.36379e-12 5.57717e-13 8.06076e-13 0.591055 0.0694181 0 0 0 0 0 0 0 0 0 0 0 0 0 0 0 0 0 0 0 0 0 0 0 0 0 0 0 0 0 0 0 0 0 0 0 0 0 0 0 0 0 0
0.274221 1.16787e-12 5.27036e-13 6.40832e-13 0.548719 0.0624865 0 0 0 0 0 0 0 0 0 0 0 0 0 0 0 0 0 0 0 0 0 0 0 0 0 0 0 0 0 0 0 0 0 0 0 0 0 0 0 0 0 0
0.288297 1.00955e-12 4.97545e-13 5.12002e-13 0.50716 0.0563225 0 0 0 0 0 0 0 0 0 0 0 0 0 0 0 0 0 0 0 0 0 0 0 0 0 0 0 0 0 0 0 0 0 0 0 0 0 0 0 0 0 0
0.303095 8.80441e-13 4.70027e-13 4.10414e-13 0.466146 0.0508079 0 0 0 0 0 0 0 0 0 0 0 0 0 0 0 0 0 0 0 0 0 0 0 0 0 0 0 0 0 0 0 0 0 0 0 0 0 0 0 0 0 0
0.318653 7.73749e-13 4.44027e-13 3.29722e-13 0.426136 0.0458569 0 0 0 0 0 0 0 0 0 0 0 0 0 0 0 0 0 0 0 0 0 0 0 0 0 0 0 0 0 0 0 0 0 0 0 0 0 0 0 0 0 0
0.335009 6.85232e-13 4.19598e-13 2.65634e-13 0.387655 0.0414136 0 0 0 0 0 0 0 0 0 0 0 0 0 0 0 0 0 0 0 0 0 0 0 0 0 0 0 0 0 0 0 0 0 0 0 0 0 0 0 0 0 0
0.352205 6.1122e-13 3.96787e-13 2.14433e-13 0.350828 0.0374162 0 0 0 0 0 0 0 0 0 0 0 0 0 0 0 0 0 0 0 0 0 0 0 0 0 0 0 0 0 0 0 0 0 0 0 0 0 0 0 0 0 0
0.370284 5.48651e-13 3.75321e-13 1.7333e-13 0.315921 0.0338119 0 0 0 0 0 0 0 0 0 0 0 0 0 0 0 0 0 0 0 0 0 0 0 0 0 0 0 0 0 0 0 0 0 0 0 0 0 0 0 0 0 0
0.389291 4.95557e-13 3.55214e-13 1.40343e-13 0.283202 0.0305629 0 0 0 0 0 0 0 0 0 0 0 0 0 0 0 0 0 0 0 0 0 0 0 0 0 0 0 0 0 0 0 0 0 0 0 0 0 0 0 0 0 0
0.409273 4.50046e-13 3.36182e-13 1.13864e-13 0.253006 0.0276372 0 0 0 0 0 0 0 0 0 0 0 0 0 0 0 0 0 0 0 0 0 0 0 0 0 0 0 0 0 0 0 0 0 0 0 0 0 0 0 0 0 0
0.430281 4.10628e-13 3.18201e-13 9.24271e-14 0.225087 0.0249919 0 0 0 0 0 0 0 0 0 0 0 0 0 0 0 0 0 0 0 0 0 0 0 0 0 0 0 0 0 0 0 0 0 0 0 0 0 0 0 0 0 0
0.452368 3.76438e-13 3.01302e-13 7.51365e-14 0.199598 0.0226047 0 0 0 0 0 0 0 0 0 0 0 0 0 0 0 0 0 0 0 0 0 0 0 0 0 0 0 0 0 0 0 0 0 0 0 0 0 0 0 0 0 0
0.475588 3.46498e-13 2.85383e-13 6.11153e-14 0.17638 0.0204461 0 0 0 0 0 0 0 0 0 0 0 0 0 0 0 0 0 0 0 0 0 0 0 0 0 0 0 0 0 0 0 0 0 0 0 0 0 0 0 0 0 0
0.5 3.20261e-13 2.70487e-13 4.97741e-14 0.155417 0.0184979 0 0 0 0 0 0 0 0 0 0 0 0 0 0 0 0 0 0 0 0 0 0 0 0 0 0 0 0 0 0 0 0 0 0 0 0 0 0 0 0 0 0
0.525665 2.97055e-13 2.56506e-13 4.05487e-14 0.136502 0.0167347 0 0 0 0 0 0 0 0 0 0 0 0 0 0 0 0 0 0 0 0 0 0 0 0 0 0 0 0 0 0 0 0 0 0 0 0 0 0 0 0 0 0
0.552648 2.76418e-13 2.43389e-13 3.30289e-14 0.119489 0.0151377 0 0 0 0 0 0 0 0 0 0 0 0 0 0 0 0 0 0 0 0 0 0 0 0 0 0 0 0 0 0 0 0 0 0 0 0 0 0 0 0 0 0
0.581015 2.57887e-13 2.30928e-13 2.69593e-14 0.104539 0.0136984 0 0 0 0 0 0 0 0 0 0 0 0 0 0 0 0 0 0 0 0 0 0 0 0 0 0 0 0 0 0 0 0 0 0 0 0 0 0 0 0 0 0
0.610839 2.41245e-13 2.19234e-13 2.20104e-14 0.0912369 0.0123961 0 0 0 0 0 0 0 0 0 0 0 0 0 0 0 0 0 0 0 0 0 0 0 0 0 0 0 0 0 0 0 0 0 0 0 0 0 0 0 0 0 0
0.642193 2.26199e-13 2.08234e-13 1.79654e-14 0.0794228 0.0112159 0 0 0 0 0 0 0 0 0 0 0 0 0 0 0 0 0 0 0 0 0 0 0 0 0 0 0 0 0 0 0 0 0 0 0 0 0 0 0 0 0 0
0.675157 2.1256e-13 1.97892e-13 1.46681e-14 0.0690066 0.010148 0 0 0 0 0 0 0 0 0 0 0 0 0 0 0 0 0 0 0 0 0 0 0 0 0 0 0 0 0 0 0 0 0 0 0 0 0 0 0 0 0 0
0.709813 2.00169e-13 1.8818e-13 1.19889e-14 0.0598939 0.00918383 0 0 0 0 0 0 0 0 0 0 0 0 0 0 0 0 0 0 0 0 0 0 0 0 0 0 0 0 0 0 0 0 0 0 0 0 0 0 0 0 0 0
0.746248 1.88833e-13 1.79034e-13 9.79891e-15 0.051892 0.00831073 0 0 0 0 0 0 0 0 0 0 0 0 0 0 0 0 0 0 0 0 0 0 0 0 0 0 0 0 0 0 0 0 0 0 0 0 0 0 0 0 0 0
0.784553 1.78408e-13 1.70401e-13 8.00702e-15 0.0448804 0.00751973 0 0 0 0 0 0 0 0 0 0 0 0 0 0 0 0 0 0 0 0 0 0 0 0 0 0 0 0 0 0 0 0 0 0 0 0 0 0 0 0 0 0
0.824824 1.68714e-13 1.62169e-13 6.54582e-15 0.0387982 0.00680436 0 0 0 0 0 0 0 0 0 0 0 0 0 0 0 0 0 0 0 0 0 0 0 0 0 0 0 0 0 0 0 0 0 0 0 0 0 0 0 0 0 0
0.867162 1.59706e-13 1.5435e-13 5.3561e-15 0.0335372 0.00615827 0 0 0 0 0 0 0 0 0 0 0 0 0 0 0 0 0 0 0 0 0 0 0 0 0 0 0 0 0 0 0 0 0 0 0 0 0 0 0 0 0 0
0.911674 1.51316e-13 1.46935e-13 4.38185e-15 0.0289582 0.00557299 0 0 0 0 0 0 0 0 0 0 0 0 0 0 0 0 0 0 0 0 0 0 0 0 0 0 0 0 0 0 0 0 0 0 0 0 0 0 0 0 0 0
0.95847 1.43446e-13 1.39861e-13 3.58456e-15 0.024989 0.005043 0 0 0 0 0 0 0 0 0 0 0 0 0 0 0 0 0 0 0 0 0 0 0 0 0 0 0 0 0 0 0 0 0 0 0 0 0 0 0 0 0 0
1.00767 1.36112e-13 1.33178e-13 2.93322e-15 0.0215501 0.00456365 0 0 0 0 0 0 0 0 0 0 0 0 0 0 0 0 0 0 0 0 0 0 0 0 0 0 0 0 0 0 0 0 0 0 0 0 0 0 0 0 0 0
1.05939 1.29291e-13 1.26891e-13 2.40056e-15 0.018567 0.00412993 0 0 0 0 0 0 0 0 0 0 0 0 0 0 0 0 0 0 0 0 0 0 0 0 0 0 0 0 0 0 0 0 0 0 0 0 0 0 0 0 0 0
1.11377 1.22896e-13 1.20932e-13 1.96413e-15 0.0159821 0.00373705 0 0 0 0 0 0 0 0 0 0 0 0 0 0 0 0 0 0 0 0 0 0 0 0 0 0 0 0 0 0 0 0 0 0 0 0 0 0 0 0 0 0
1.17094 1.16865e-13 1.15258e-13 1.60646e-15 0.0137463 0.00338115 0 0 0 0 0 0 0 0 0 0 0 0 0 0 0 0 0 0 0 0 0 0 0 0 0 0 0 0 0 0 0 0 0 0 0 0 0 0 0 0 0 0
1.23105 1.11193e-13 1.09878e-13 1.31462e-15 0.0118228 0.00305956 0 0 0 0 0 0 0 0 0 0 0 0 0 0 0 0 0 0 0 0 0 0 0 0 0 0 0 0 0 0 0 0 0 0 0 0 0 0 0 0 0 0
1.29424 1.0611e-13 1.05035e-13 1.07541e-15 0.0101349 0.00276826 0 0 0 0 0 0 0 0 0 0 0 0 0 0 0 0 0 0 0 0 0 0 0 0 0 0 0 0 0 0 0 0 0 0 0 0 0 0 0 0 0 0
1.36067 1.0138e-13 1.005e-13 8.80103e-16 0.0086812 0.00250481 0 0 0 0 0 0 0 0 0 0 0 0 0 0 0 0 0 0 0 0 0 0 0 0 0 0 0 0 0 0 0 0 0 0 0 0 0 0 0 0 0 0
1.43051 9.6914e-14 9.61943e-14 7.19737e-16 0.00742655 0.00226603 0 0 0 0 0 0 0 0 0 0 0 0 0 0 0 0 0 0 0 0 0 0 0 0 0 0 0 0 0 0 0 0 0 0 0 0 0 0 0 0 0 0
1.50394 9.26947e-14 9.21057e-14 5.89024e-16 0.00635445 0.00205038 0 0 0 0 0 0 0 0 0 0 0 0 0 0 0 0 0 0 0 0 0 0 0 0 0 0 0 0 0 0 0 0 0 0 0 0 0 0 0 0 0 0
1.58114 8.86808e-14 8.81988e-14 4.81918e-16 0.0054343 0.00185509 0 0 0 0 0 0 0 0 0 0 0 0 0 0 0 0 0 0 0 0 0 0 0 0 0 0 0 0 0 0 0 0 0 0 0 0 0 0 0 0 0 0
1.6623 8.48554e-14 8.44614e-14 3.93964e-16 0.00464277 0.00167805 0 0 0 0 0 0 0 0 0 0 0 0 0 0 0 0 0 0 0 0 0 0 0 0 0 0 0 0 0 0 0 0 0 0 0 0 0 0 0 0 0 0
1.74763 8.1269e-14 8.09469e-14 3.22145e-16 0.00396393 0.00151799 0 0 0 0 0 0 0 0 0 0 0 0 0 0 0 0 0 0 0 0 0 0 0 0 0 0 0 0 0 0 0 0 0 0 0 0 0 0 0 0 0 0
1.83733 7.80042e-14 7.77408e-14 2.63363e-16 0.00337626 0.00137314 0 0 0 0 0 0 0 0 0 0 0 0 0 0 0 0 0 0 0 0 0 0 0 0 0 0 0 0 0 0 0 0 0 0 0 0 0 0 0 0 0 0
1.93164 7.49634e-14 7.47482e-14 2.15217e-16 0.00287096 0.00124196 0 0 0 0 0 0 0 0 0 0 0 0 0 0 0 0 0 0 0 0 0 0 0 0 0 0 0 0 0 0 0 0 0 0 0 0 0 0 0 0 0 0
2.03079 7.21016e-14 7.19257e-14 1.75848e-16 0.00243889 0.00112325 0 0 0 0 0 0 0 0 0 0 0 0 0 0 0 0 0 0 0 0 0 0 0 0 0 0 0 0 0 0 0 0 0 0 0 0 0 0 0 0 0 0
2.13503 6.93981e-14 6.92544e-14 1.43688e-16 0.00207049 0.00101593 0 0 0 0 0 0 0 0 0 0 0 0 0 0 0 0 0 0 0 0 0 0 0 0 0 0 0 0 0 0 0 0 0 0 0 0 0 0 0 0 0 0
2.24463 6.68854e-14 6.67681e-14 1.17335e-16 0.00175427 0.000918719 0 0 0 0 0 0 0 0 0 0 0 0 0 0 0 0 0 0 0 0 0 0 0 0 0 0 0 0 0 0 0 0 0 0 0 0 0 0 0 0 0 0
2.35984 6.44909e-14 6.43952e-14 9.57688e-17 0.001485 0.000830699 0 0 0 0 0 0 0 0 0 0 0 0 0 0 0 0 0 0 0 0 0 0 0 0 0 0 0 0 0 0 0 0 0 0 0 0 0 0 0 0 0 0
2.48097 6.22319e-14 6.21538e-14 7.80913e-17 0.00125484 0.000750951 0 0 0 0 0 0 0 0 0 0 0 0 0 0 0 0 0 0 0 0 0 0 0 0 0 0 0 0 0 0 0 0 0 0 0 0 0 0 0 0 0 0
2.60832 6.01459e-14 6.00822e-14 6.3697e-17 0.00105904 0.000678928 0 0 0 0 0 0 0 0 0 0 0 0 0 0 0 0 0 0 0 0 0 0 0 0 0 0 0 0 0 0 0 0 0 0 0 0 0 0 0 0 0 0
2.74221 5.81686e-14 5.81167e-14 5.19302e-17 0.000892752 0.000613732 0 0 0 0 0 0 0 0 0 0 0 0 0 0 0 0 0 0 0 0 0 0 0 0 0 0 0 0 0 0 0 0 0 0 0 0 0 0 0 0 0 0
2.88297 5.63357e-14 5.62934e-14 4.22649e-17 0.000750234 0.00055458 0 0 0 0 0 0 0 0 0 0 0 0 0 0 0 0 0 0 0 0 0 0 0 0 0 0 0 0 0 0 0 0 0 0 0 0 0 0 0 0 0 0
3.03095 5.46057e-14 5.45713e-14 3.43935e-17 0.000629852 0.000501127 0 0 0 0 0 0 0 0 0 0 0 0 0 0 0 0 0 0 0 0 0 0 0 0 0 0 0 0 0 0 0 0 0 0 0 0 0 0 0 0 0 0
3.18653 5.30961e-14 5.30681e-14 2.79743e-17 0.000526862 0.00045278 0 0 0 0 0 0 0 0 0 0 0 0 0 0 0 0 0 0 0 0 0 0 0 0 0 0 0 0 0 0 0 0 0 0 0 0 0 0 0 0 0 0
3.35009 5.16702e-14 5.16475e-14 2.27233e-17 0.000439776 0.000408977 0 0 0 0 0 0 0 0 0 0 0 0 0 0 0 0 0 0 0 0 0 0 0 0 0 0 0 0 0 0 0 0 0 0 0 0 0 0 0 0 0 0
3.52205 5.01257e-14 5.01073e-14 1.84253e-17 0.000367582 0.000369274 0 0 0 0 0 0 0 0 0 0 0 0 0 0 0 0 0 0 0 0 0 0 0 0 0 0 0 0 0 0 0 0 0 0 0 0 0 0 0 0 0 0
3.70284 4.8606e-14 4.85911e-14 1.49315e-17 0.000307194 0.000333405 0 0 0 0 0 0 0 0 0 0 0 0 0 0 0 0 0 0 0 0 0 0 0 0 0 0 0 0 0 0 0 0 0 0 0 0 0 0 0 0 0 0
3.89291 4.71385e-14 4.71264e-14 1.20759e-17 0.00025618 0.000300899 0 0 0 0 0 0 0 0 0 0 0 0 0 0 0 0 0 0 0 0 0 0 0 0 0 0 0 0 0 0 0 0 0 0 0 0 0 0 0 0 0 0
4.09273 4.57489e-14 4.57392e-14 9.74007e-18 0.000212903 0.000271413 0 0 0 0 0 0 0 0 0 0 0 0 0 0 0 0 0 0 0 0 0 0 0 0 0 0 0 0 0 0 0 0 0 0 0 0 0 0 0 0 0 0
4.30281 4.42955e-14 4.42877e-14 7.83388e-18 0.000176855 0.00024469 0 0 0 0 0 0 0 0 0 0 0 0 0 0 0 0 0 0 0 0 0 0 0 0 0 0 0 0 0 0 0 0 0 0 0 0 0 0 0 0 0 0
4.52368 4.29579e-14 4.29516e-14 6.28391e-18 0.000146281 0.000220502 0 0 0 0 0 0 0 0 0 0 0 0 0 0 0 0 0 0 0 0 0 0 0 0 0 0 0 0 0 0 0 0 0 0 0 0 0 0 0 0 0 0
4.75588 4.17976e-14 4.17925e-14 5.01977e-18 0.000120097 0.000198555 0 0 0 0 0 0 0 0 0 0 0 0 0 0 0 0 0 0 0 0 0 0 0 0 0 0 0 0 0 0 0 0 0 0 0 0 0 0 0 0 0 0
5 4.09261e-14 4.09221e-14 3.98506e-18 9.73722e-05 0.000178597 0 0 0 0 0 0 0 0 0 0 0 0 0 0 0 0 0 0 0 0 0 0 0 0 0 0 0 0 0 0 0 0 0 0 0 0 0 0 0 0 0 0
5.25665 4.04511e-14 4.04479e-14 3.14338e-18 7.77082e-05 0.000160483 0 0 0 0 0 0 0 0 0 0 0 0 0 0 0 0 0 0 0 0 0 0 0 0 0 0 0 0 0 0 0 0 0 0 0 0 0 0 0 0 0 0
5.52648 4.03173e-14 4.03149e-14 2.46295e-18 6.10892e-05 0.000144067 0 0 0 0 0 0 0 0 0 0 0 0 0 0 0 0 0 0 0 0 0 0 0 0 0 0 0 0 0 0 0 0 0 0 0 0 0 0 0 0 0 0
5.81015 4.07257e-14 4.07238e-14 1.90678e-18 4.68202e-05 0.000129099 0 0 0 0 0 0 0 0 0 0 0 0 0 0 0 0 0 0 0 0 0 0 0 0 0 0 0 0 0 0 0 0 1.4013e-45 0 2.8026e-45 0 7.00649e-45 0 1.54143e-44 0 3.36312e-44 0
6.10839 4.15026e-14 4.15012e-14 1.45735e-18 3.51146e-05 0.000115494 0 0 0 0 0 0 0 0 0 0 0 0 0 0 0 0 0 0 0 0 0 0 0 0 1.4013e-45 0 4.2039e-45 0 1.26117e-44 0 3.50325e-44 0 9.52883e-44 0 2.42425e-43 0 5.81539e-43 0 1.28919e-42 0 2.82222e-42 0
6.42193 4.21163e-14 4.21152e-14 1.09366e-18 2.59675e-05 0.000103114 0 0 0 0 0 0 0 0 0 0 0 0 0 0 0 0 0 0 1.4013e-45 0 5.60519e-45 0 2.52234e-44 0 9.94922e-44 0 3.33509e-43 0 1.02295e-42 0 2.86986e-42 0 7.39745e-42 0 1.7966e-41 0 4.12346e-41 0 8.79581e-41 0 1.85207e-40 0
6.75157 4.22238e-14 4.22231e-14 7.90345e-19 1.8718e-05 9.16818e-05 0 0 0 0 0 0 0 0 0 0 0 0 0 0 1.4013e-45 0 1.54143e-44 0 9.80909e-44 0 4.91856e-43 0 2.04449e-42 0 7.47312e-42 0 2.37436e-41 0 6.89201e-41 0 1.83775e-40 0 4.52363e-40 0 1.05214e-39 0 2.31883e-39 0 4.76679e-39 0 9.67868e-39 0
7.09813 4.28986e-14 4.28981e-14 5.29283e-19 1.2338e-05 8.09203e-05 0 0 0 0 0 0 0 0 0 0 1.4013e-45 0 1.68156e-44 0 1.76564e-43 0 1.32283e-42 0 7.42828e-42 0 3.43753e-41 0 1.33303e-40 0 4.57387e-40 0 1.37337e-39 0 3.78431e-39 0 9.61908e-39 0 2.26587e-38 0 5.05737e-38 0 1.07242e-37 0 2.12833e-37 0 4.17458e-37 0
7.46248 5.2856e-14 5.28557e-14 2.98229e-19 5.64229e-06 7.04325e-05 0 0 0 0 0 0 0 0 2.8026e-45 0 1.03696e-43 0 1.65914e-42 0 1.55951e-41 0 1.05616e-40 0 5.45165e-40 0 2.3412e-39 0 8.49748e-39 0 2.74532e-38 0 7.81238e-38 0 2.04875e-37 0 4.97571e-37 0 1.12406e-36 0 2.41243e-36 0 4.93123e-36 0 9.4645e-36 0 1.79633e-35 0
7.84553 1.02722e-13 1.02722e-13 1.49049e-19 1.451e-06 6.04445e-05 0 0 0 0 0 0 7.00649e-45 0 5.49309e-43 0 1.48285e-41 0 2.0618e-40 0 1.7377e-39 0 1.0719e-38 0 5.10684e-38 0 2.04249e-37 0 6.96111e-37 0 2.1238e-36 0 5.74288e-36 0 1.43679e-35 0 3.34152e-35 0 7.25433e-35 0 1.49993e-34 0 2.9608e-34 0 5.50464e-34 0 1.01258e-33 0
8.24824 2.13681e-13 2.13681e-13 1.82136e-19 8.52371e-07 5.19458e-05 0 0 0 1.12104e-44 1.4013e-45 0 1.15607e-42 0 7.87221e-41 0 1.80907e-39 0 2.2121e-38 0 1.6801e-37 0 9.48276e-37 0 4.18629e-36 0 1.56475e-35 0 5.023e-35 0 1.45126e-34 0 3.73826e-34 0 8.9431e-34 0 1.99591e-33 0 4.17214e-33 0 8.32585e-33 0 1.58982e-32 0 2.8676e-32 0 5.1203e-32 0
8.67162 3.26138e-13 3.26137e-13 3.27613e-19 1.00452e-06 4.52245e-05 0 1.4013e-45 0 8.99634e-43 2.94273e-43 0 1.1996e-40 0 6.65e-39 0 1.31135e-37 0 1.41898e-36 0 9.76147e-36 0 5.06313e-35 0 2.07887e-34 0 7.28594e-34 0 2.2094e-33 0 6.06122e-33 0 1.4908e-32 0 3.41777e-32 0 7.33456e-32 0 1.47896e-31 0 2.85349e-31 0 5.27935e-31 0 9.25215e-31 0 1.60593e-30 0
9.11674 4.80827e-13 4.80826e-13 6.38865e-19 1.32868e-06 3.85422e-05 0 8.40779e-44 1.4013e-45 6.17903e-41 3.18557e-41 0 9.67034e-39 0 4.40645e-37 0 7.51211e-36 0 7.23643e-35 0 4.53077e-34 0 2.16856e-33 0 8.31056e-33 0 2.73966e-32 0 7.86975e-32 0 2.05517e-31 0 4.83755e-31 0 1.06502e-30 0 2.20189e-30 0 4.29049e-30 0 8.01661e-30 0 1.43929e-29 0 2.45423e-29 0 4.14674e-29 0
9.5847 5.41e-13 5.40999e-13 9.0877e-19 1.6798e-06 3.45183e-05 0 4.60467e-42 7.9874e-44 2.72081e-39 2.10503e-39 0 4.83411e-37 0 1.82802e-35 0 2.71344e-34 0 2.34019e-33 0 1.33968e-32 0 5.94021e-32 0 2.13194e-31 0 6.63049e-31 0 1.80899e-30 0 4.50785e-30 0 1.01764e-29 0 2.15572e-29 0 4.3016e-29 0 8.11329e-29 0 1.47037e-28 0 2.56552e-28 0 4.26212e-28 0 7.01933e-28 0
10.0767 4.84732e-13 4.84731e-13 8.73871e-19 1.80279e-06 3.27837e-05 0 1.67794e-40 5.58978e-42 8.07446e-38 8.96915e-38 0 1.57955e-35 0 5.00231e-34 0 6.50893e-33 0 5.05306e-32 0 2.6565e-31 0 1.09529e-30 0 3.69322e-30 0 1.08672e-29 0 2.82311e-29 0 6.72822e-29 0 1.45969e-28 0 2.98085e-28 0 5.75082e-28 0 1.05158e-27 0 1.85124e-27 0 3.14347e-27 0 5.09444e-27 0 8.18818e-27 0
10.5939 4.06633e-13 4.06633e-13 7.92338e-19 1.94853e-06 3.2218e-05 9.80909e-45 4.85126e-39 2.92692e-40 1.91158e-36 2.92716e-36 0 4.00479e-34 0 1.0714e-32 0 1.22994e-31 0 8.63916e-31 0 4.18829e-30 0 1.61146e-29 0 5.12062e-29 0 1.42939e-28 0 3.54419e-28 0 8.09607e-28 0 1.69126e-27 0 3.33544e-27 0 6.23173e-27 0 1.10643e-26 0 1.89475e-26 0 3.13525e-26 0 4.96273e-26 0 7.79381e-26 0
11.1377 3.19673e-13 3.19673e-13 6.27108e-19 1.96171e-06 3.30202e-05 6.24979e-43 1.12139e-37 1.15949e-38 3.63711e-35 7.39614e-35 0 7.95875e-33 0 1.81353e-31 0 1.84802e-30 0 1.18022e-29 0 5.29731e-29 0 1.90839e-28 0 5.73133e-28 0 1.52166e-27 0 3.60934e-27 0 7.91899e-27 0 1.59583e-26 0 3.04458e-26 0 5.51734e-26 0 9.52516e-26 0 1.58889e-25 0 2.56528e-25 0 3.97051e-25 0 6.09964e-25 0
11.7094 2.55252e-13 2.55252e-13 4.92804e-19 1.93066e-06 3.32144e-05 3.31533e-41 2.26048e-36 3.80594e-37 6.06554e-34 1.58284e-33 0 1.35542e-31 0 2.65135e-30 0 2.41227e-29 0 1.40723e-28 0 5.86976e-28 0 1.98635e-27 0 5.65362e-27 0 1.43114e-26 0 3.25447e-26 0 6.87166e-26 0 1.3382e-25 0 2.4738e-25 0 4.35471e-25 0 7.32021e-25 0 1.19096e-24 0 1.87836e-24 0 2.84596e-24 0 4.28137e-24 0
12.3105 1.99316e-13 1.99316e-13 3.77776e-19 1.89536e-06 3.30416e-05 1.38402e-39 3.84933e-35 1.00661e-35 8.58781e-33 2.78705e-32 0 1.92054e-30 0 3.24911e-29 0 2.65401e-28 0 1.42052e-27 0 5.52609e-27 0 1.76199e-26 0 4.76536e-26 0 1.15281e-25 0 2.51846e-25 0 5.12707e-25 0 9.66486e-25 0 1.73385e-24 0 2.96904e-24 0 4.86594e-24 0 7.73071e-24 0 1.19245e-23 0 1.77043e-23 0 2.61081e-23 0
12.9424 1.55558e-13 1.55558e-13 2.8151e-19 1.80968e-06 3.16236e-05 4.69752e-38 5.69276e-34 2.21331e-34 1.06112e-31 4.16158e-31 0 2.3323e-29 0 3.43679e-28 0 2.53371e-27 0 1.24948e-26 0 4.5488e-26 0 1.37055e-25 0 3.53095e-25 0 8.1813e-25 0 1.7204e-24 0 3.3829e-24 0 6.18262e-24 0 1.07794e-23 0 1.79802e-23 0 2.87654e-23 0 4.46794e-23 0 6.74745e-23 0 9.82648e-23 0 1.42186e-22 0
13.6067 1.24313e-13 1.24312e-13 2.01593e-19 1.62166e-06 2.87445e-05 1.34142e-36 7.53278e-33 4.18214e-33 1.17871e-30 5.44194e-30 0 2.50559e-28 0 3.23768e-27 0 2.1651e-26 0 9.87684e-26 0 3.37588e-25 0 9.63827e-25 0 2.37098e-24 0 5.2728e-24 0 1.06927e-23 0 2.03428e-23 0 3.61e-23 0 6.12552e-23 0 9.96537e-23 0 1.55814e-22 0 2.36867e-22 0 3.50587e-22 0 5.01284e-22 0 7.12374e-22 0
14.3051 1.14174e-13 1.14174e-13 1.38314e-19 1.21143e-06 2.4625e-05 3.65221e-35 1.00646e-31 7.68789e-32 1.32827e-29 7.04867e-29 0 2.69191e-27 0 3.06991e-26 0 1.87102e-25 0 7.92567e-25 0 2.5512e-24 0 6.92009e-24 0 1.62912e-23 0 3.48433e-23 0 6.82613e-23 0 1.25852e-22 0 2.17168e-22 0 3.59103e-22 0 5.70493e-22 0 8.72741e-22 0 1.29988e-21 0 1.88747e-21 0 2.65208e-21 0 3.70475e-21 0
15.0394 1.27063e-13 1.27063e-13 1.02906e-19 8.09882e-07 2.08516e-05 1.00872e-33 1.43904e-30 1.4614e-30 1.6091e-28 9.60366e-28 0 3.0701e-26 0 3.10891e-25 0 1.73475e-24 0 6.84831e-24 0 2.08211e-23 0 5.37912e-23 0 1.2145e-22 0 2.50291e-22 0 4.74505e-22 0 8.4909e-22 0 1.42666e-21 0 2.30187e-21 0 3.57517e-21 0 5.35694e-21 0 7.82506e-21 0 1.11572e-20 0 1.54188e-20 0 2.11902e-20 0
15.8114 1.46665e-13 1.46665e-13 8.52834e-20 5.81485e-07 1.78856e-05 2.44028e-32 1.89419e-29 2.47802e-29 1.80259e-27 1.18632e-26 0 3.20224e-25 0 2.89613e-24 0 1.48591e-23 0 5.48559e-23 0 1.57966e-22 0 3.89626e-22 0 8.45409e-22 0 1.68182e-21 0 3.09038e-21 0 5.37511e-21 0 8.80544e-21 0 1.38793e-20 0 2.10983e-20 0 3.09951e-20 0 4.44456e-20 0 6.22838e-20 0 8.47247e-20 0 1.14644e-19 0
16.623 1.68553e-13 1.68553e-13 7.79777e-20 4.6263e-07 1.54601e-05 5.00483e-31 2.21403e-28 3.62457e-28 1.80103e-26 1.28381e-25 0 2.95035e-24 0 2.39632e-23 0 1.13513e-22 0 3.93171e-22 0 1.07522e-21 0 2.53768e-21 0 5.30188e-21 0 1.0199e-20 0 1.81924e-20 0 3.07984e-20 0 4.92523e-20 0 7.59266e-20 0 1.13082e-19 0 1.63036e-19 0 2.29709e-19 0 3.16642e-19 0 4.24306e-19 0 5.6573e-19 0
17.4762 1.8587e-13 1.8587e-13 7.61911e-20 4.09915e-07 1.35189e-05 8.4526e-30 2.22496e-27 4.43841e-27 1.55378e-25 1.18034e-24 0 2.32762e-23 0 1.70675e-22 0 7.49359e-22 0 2.44278e-21 0 6.36014e-21 0 1.43946e-20 0 2.90114e-20 0 5.40536e-20 0 9.37315e-20 0 1.54654e-19 0 2.41715e-19 0 3.64833e-19 0 5.32902e-19 0 7.5471e-19 0 1.04569e-18 0 1.41902e-18 0 1.87453e-18 0 2.46447e-18 0
18.3733 1.9186e-13 1.9186e-13 7.5174e-20 3.91816e-07 1.20422e-05 1.15539e-28 1.88372e-26 4.46841e-26 1.13407e-24 9.04786e-24 0 1.5425e-22 0 1.02621e-21 0 4.19168e-21 0 1.28981e-20 0 3.20493e-20 0 6.96996e-20 0 1.3575e-19 0 2.45358e-19 0 4.1418e-19 0 6.66879e-19 0 1.01981e-18 0 1.50863e-18 0 2.16322e-18 0 3.012e-18 0 4.10736e-18 0 5.4913e-18 0 7.1561e-18 0 9.28336e-18 0
19.3164 1.82941e-13 1.82941e-13 7.10719e-20 3.88496e-07 1.10537e-05 1.27036e-27 1.33156e-25 3.67301e-25 6.93955e-24 5.73863e-23 0 8.51831e-22 0 5.16633e-21 0 1.97012e-20 0 5.7385e-20 0 1.36393e-19 0 2.85581e-19 0 5.38398e-19 0 9.45397e-19 0 1.55561e-18 0 2.44714e-18 0 3.66543e-18 0 5.31965e-18 0 7.49482e-18 0 1.02682e-17 0 1.3792e-17 0 1.81795e-17 0 2.33867e-17 0 2.99557e-17 0
20.3079 1.63476e-13 1.63476e-13 6.26331e-20 3.83132e-07 1.0489e-05 1.1476e-26 8.00597e-25 2.51609e-24 3.62649e-23 3.07187e-22 0 3.99712e-21 0 2.22001e-20 0 7.93022e-20 0 2.1924e-19 0 4.99523e-19 0 1.00885e-18 0 1.84397e-18 0 3.15012e-18 0 5.05887e-18 0 7.78403e-18 0 1.14315e-17 0 1.62916e-17 0 2.25722e-17 0 3.04532e-17 0 4.03189e-17 0 5.24332e-17 0 6.66273e-17 0 8.43166e-17 0
21.3503 1.46018e-13 1.46018e-13 5.31337e-20 3.63885e-07 9.93811e-06 9.14329e-26 4.38413e-24 1.54079e-23 1.73292e-22 1.48778e-21 0 1.70796e-20 0 8.72431e-20 0 2.92863e-19 0 7.70437e-19 0 1.68621e-18 0 3.2906e-18 0 5.84005e-18 0 9.71928e-18 0 1.52516e-17 0 2.29789e-17 0 3.31193e-17 0 4.63905e-17 0 6.32593e-17 0 8.41072e-17 0 1.09839e-16 0 1.41022e-16 0 1.77113e-16 0 2.21575e-16 0
22.4463 1.30594e-13 1.30594e-13 4.47526e-20 3.42685e-07 9.41197e-06 6.47547e-25 2.19874e-23 8.49568e-23 7.61338e-22 6.5628e-21 0 6.6877e-20 0 3.15465e-19 0 9.98172e-19 0 2.50478e-18 0 5.27635e-18 0 9.96601e-18 0 1.71988e-17 0 2.792e-17 0 4.28591e-17 0 6.32945e-17 0 8.9612e-17 0 1.23472e-16 0 1.65839e-16 0 2.17448e-16 0 2.80299e-16 0 3.55509e-16 0 4.41554e-16 0 5.46391e-16 0
23.5984 1.17076e-13 1.17076e-13 3.72288e-20 3.17989e-07 8.89754e-06 4.10472e-24 1.01469e-22 4.24429e-22 3.08958e-21 2.65168e-20 0 2.4126e-19 0 1.05504e-18 0 3.15572e-18 0 7.571e-18 0 1.53787e-17 0 2.81594e-17 0 4.73184e-17 0 7.50194e-17 0 1.12775e-16 0 1.63407e-16 0 2.27456e-16 0 3.08535e-16 0 4.08477e-16 0 5.28556e-16 0 6.72935e-16 0 8.43649e-16 0 1.03681e-15 0 1.2697e-15 0
24.8097 1.05364e-13 1.05364e-13 3.10026e-20 2.94242e-07 8.39103e-06 2.34529e-23 4.33055e-22 1.93358e-21 1.16384e-20 9.87197e-20 0 8.06395e-19 0 3.28129e-18 0 9.30342e-18 0 2.13866e-17 0 4.19646e-17 0 7.46036e-17 0 1.22225e-16 0 1.89467e-16 0 2.79209e-16 0 3.97303e-16 0 5.44173e-16 0 7.27242e-16 0 9.49714e-16 0 1.21353e-15 0 1.52691e-15 0 1.89325e-15 0 2.30342e-15 0 2.79305e-15 0
26.0832 9.46394e-14 9.46393e-14 2.56102e-20 2.70608e-07 7.91792e-06 1.20716e-22 1.70504e-21 8.02371e-21 4.05936e-20 3.38084e-19 0 2.49249e-18 0 9.47048e-18 0 2.55195e-17 0 5.63277e-17 0 1.06947e-16 0 1.84862e-16 0 2.95652e-16 0 4.48598e-16 0 6.48683e-16 0 9.07288e-16 0 1.22374e-15 0 1.61244e-15 0 2.07844e-15 0 2.62421e-15 0 3.26505e-15 0 4.00612e-15 0 4.82761e-15 0 5.79897e-15 0
27.4221 8.48777e-14 8.48777e-14 2.11543e-20 2.49233e-07 7.47854e-06 5.62799e-22 6.21598e-21 3.04773e-20 1.31572e-19 1.0698e-18 0 7.15405e-18 0 2.54674e-17 0 6.53833e-17 0 1.38844e-16 0 2.55494e-16 0 4.29986e-16 0 6.72095e-16 0 9.99233e-16 0 1.41913e-15 0 1.95263e-15 0 2.5955e-15 0 3.37415e-15 0 4.29572e-15 0 5.36232e-15 0 6.60101e-15 0 8.01877e-15 0 9.57548e-15 0 1.13997e-14 0
28.8297 7.64213e-14 7.64212e-14 1.74701e-20 2.28603e-07 7.04169e-06 2.40094e-21 2.11629e-20 1.06994e-19 3.99657e-19 3.15674e-18 0 1.92396e-17 0 6.43733e-17 0 1.57832e-16 0 3.23064e-16 0 5.77046e-16 0 9.46771e-16 0 1.44794e-15 0 2.11143e-15 0 2.94777e-15 0 3.99324e-15 0 5.23469e-15 0 6.7185e-15 0 8.45323e-15 0 1.04385e-14 0 1.272e-14 0 1.5306e-14 0 1.81197e-14 0 2.13887e-14 0
30.3095 6.87769e-14 6.87769e-14 1.44199e-20 2.09662e-07 6.62877e-06 9.37395e-21 6.71955e-20 3.47051e-19 1.13608e-18 8.67971e-18 0 4.84326e-17 0 1.5277e-16 0 3.58519e-16 0 7.08625e-16 0 1.23038e-15 0 1.97049e-15 0 2.9517e-15 0 4.22571e-15 0 5.80418e-15 0 7.74704e-15 0 1.00222e-14 0 1.27072e-14 0 1.581e-14 0 1.9323e-14 0 2.33202e-14 0 2.78087e-14 0 3.26507e-14 0 3.82305e-14 0
31.8653 6.20383e-14 6.20383e-14 1.18544e-20 1.91082e-07 6.21986e-06 3.37312e-20 2.00095e-19 1.04694e-18 3.03897e-18 2.23755e-17 0 1.14803e-16 0 3.4237e-16 0 7.70691e-16 0 1.47346e-15 0 2.49035e-15 0 3.89771e-15 0 5.72452e-15 0 8.05302e-15 0 1.0891e-14 0 1.43332e-14 0 1.83108e-14 0 2.2949e-14 0 2.82496e-14 0 3.41901e-14 0 4.08858e-14 0 4.83379e-14 0 5.63114e-14 0 6.54287e-14 0
33.5009 5.58616e-14 5.58616e-14 9.7613e-21 1.74741e-07 5.84125e-06 1.11874e-19 5.58098e-19 2.93617e-18 7.63944e-18 5.40386e-17 0 2.55982e-16 0 7.2374e-16 0 1.5659e-15 0 2.90053e-15 0 4.77829e-15 0 7.31684e-15 0 1.05464e-14 0 1.4591e-14 0 1.94444e-14 0 2.5249e-14 0 3.18726e-14 0 3.95081e-14 0 4.81424e-14 0 5.77256e-14 0 6.84302e-14 0 8.02441e-14 0 9.27865e-14 0 1.07022e-13 0
35.2205 5.07449e-14 5.07449e-14 8.01997e-21 1.58045e-07 5.44645e-06 3.46978e-19 1.47743e-18 7.76371e-18 1.82864e-17 1.23946e-16 0 5.44198e-16 0 1.46249e-15 0 3.04725e-15 0 5.47713e-15 0 8.80568e-15 0 1.32062e-14 0 1.86984e-14 0 2.54627e-14 0 3.346e-14 0 4.28979e-14 0 5.35389e-14 0 6.56726e-14 0 7.92565e-14 0 9.41946e-14 0 1.10739e-13 0 1.28851e-13 0 1.47938e-13 0 1.6945e-13 0
37.0284 4.60163e-14 4.60163e-14 6.59137e-21 1.4324e-07 5.0807e-06 9.99471e-19 3.68255e-18 1.92148e-17 4.13446e-17 2.67952e-16 0 1.09449e-15 0 2.80275e-15 0 5.63422e-15 0 9.84114e-15 0 1.54592e-14 0 2.27305e-14 0 3.16419e-14 0 4.24439e-14 0 5.50357e-14 0 6.97085e-14 0 8.60638e-14 0 1.04521e-13 0 1.24988e-13 0 1.47298e-13 0 1.71806e-13 0 1.98434e-13 0 2.26297e-13 0 2.57492e-13 0
38.9291 4.1635e-14 4.16349e-14 5.42304e-21 1.30252e-07 4.74425e-06 2.68195e-18 8.65937e-18 4.46306e-17 8.8462e-17 5.4724e-16 0 2.08686e-15 0 5.10421e-15 0 9.91681e-15 0 1.68561e-14 0 2.59014e-14 0 3.73741e-14 0 5.1193e-14 0 6.76917e-14 0 8.66674e-14 0 1.08514e-13 0 1.32602e-13 0 1.5952e-13 0 1.89098e-13 0 2.21072e-13 0 2.55925e-13 0 2.93517e-13 0 3.32591e-13 0 3.7606e-13 0
40.9273 3.758e-14 3.758e-14 4.46731e-21 1.18875e-07 4.43513e-06 6.72549e-18 1.92517e-17 9.75627e-17 1.79499e-16 1.05848e-15 0 3.78107e-15 0 8.85289e-15 0 1.66512e-14 0 2.75793e-14 0 4.14992e-14 0 5.88183e-14 0 7.93378e-14 0 1.03486e-13 0 1.30907e-13 0 1.62116e-13 0 1.96174e-13 0 2.33876e-13 0 2.74948e-13 0 3.18996e-13 0 3.66657e-13 0 4.1771e-13 0 4.70437e-13 0 5.28741e-13 0
43.0281 3.38993e-14 3.38993e-14 3.67099e-21 1.08291e-07 4.13785e-06 1.58402e-17 4.06316e-17 2.01655e-16 3.46798e-16 1.94739e-15 0 6.53717e-15 0 1.46832e-14 0 2.67785e-14 0 4.32738e-14 0 6.38289e-14 0 8.89396e-14 0 1.18227e-13 0 1.52224e-13 0 1.90362e-13 0 2.33298e-13 0 2.79693e-13 0 3.30598e-13 0 3.85598e-13 0 4.44138e-13 0 5.07037e-13 0 5.73972e-13 0 6.42684e-13 0 7.18227e-13 0
45.2368 3.05073e-14 3.05073e-14 3.01554e-21 9.88464e-08 3.86006e-06 3.50848e-17 8.14437e-17 3.94478e-16 6.38198e-16 3.41024e-15 0 1.07905e-14 0 2.32978e-14 0 4.1261e-14 0 6.5133e-14 0 9.42654e-14 0 1.2924e-13 0 1.69427e-13 0 2.15472e-13 0 2.6653e-13 0 3.23417e-13 0 3.84316e-13 0 4.50568e-13 0 5.21594e-13 0 5.9665e-13 0 6.76757e-13 0 7.61473e-13 0 8.47937e-13 0 9.42478e-13 0
47.5588 2.75019e-14 2.75019e-14 2.47426e-21 8.99668e-08 3.58969e-06 7.359e-17 1.56e-16 7.35214e-16 1.1255e-15 5.72056e-15 0 1.71109e-14 0 3.55816e-14 0 6.12815e-14 0 9.46043e-14 0 1.34469e-13 0 1.81541e-13 0 2.34867e-13 0 2.95211e-13 0 3.61392e-13 0 4.34404e-13 0 5.11872e-13 0 5.95472e-13 0 6.84431e-13 0 7.77796e-13 0 8.76815e-13 0 9.8091e-13 0 1.08657e-12 0 1.2015e-12 0
50 2.47101e-14 2.47101e-14 2.03148e-21 8.22128e-08 3.34026e-06 1.45833e-16 2.84669e-16 1.30211e-15 1.89625e-15 9.16578e-15 0 2.59879e-14 0 5.21435e-14 0 8.74535e-14 0 1.32176e-13 0 1.84675e-13 0 2.45695e-13 0 3.13893e-13 0 3.9016e-13 0 4.72935e-13 0 5.63397e-13 0 6.58571e-13 0 7.60493e-13 0 8.68183e-13 0 9.80474e-13 0 1.09885e-12 0 1.22259e-12 0 1.34753e-12 0 1.48277e-12 0
52.5665 2.22272e-14 2.22272e-14 1.66573e-21 7.49408e-08 3.09897e-06 2.74991e-16 4.98072e-16 2.20642e-15 3.07162e-15 1.41199e-14 0 3.80482e-14 0 7.37899e-14 0 1.20673e-13 0 1.78742e-13 0 2.45692e-13 0 3.22349e-13 0 4.06927e-13 0 5.00457e-13 0 6.0096e-13 0 7.0982e-13 0 8.23431e-13 0 9.4421e-13 0 1.07097e-12 0 1.20233e-12 0 1.34001e-12 0 1.48316e-12 0 1.62699e-12 0 1.78194e-12 0
55.2648 1.99796e-14 1.99796e-14 1.36493e-21 6.83163e-08 2.87045e-06 4.93704e-16 8.35544e-16 3.57833e-15 4.7832e-15 2.09153e-14 0 5.36968e-14 0 1.00825e-13 0 1.60972e-13 0 2.33904e-13 0 3.16561e-13 0 4.09858e-13 0 5.11546e-13 0 6.228e-13 0 7.4122e-13 0 8.68401e-13 0 1.00012e-12 0 1.13918e-12 0 1.28419e-12 0 1.43358e-12 0 1.58931e-12 0 1.7504e-12 0 1.91149e-12 0 2.08426e-12 0
58.1015 1.79507e-14 1.79507e-14 1.11892e-21 6.23328e-08 2.655e-06 8.46123e-16 1.34664e-15 5.56735e-15 7.17468e-15 2.98535e-14 0 7.31959e-14 0 1.33274e-13 0 2.07975e-13 0 2.96739e-13 0 3.95711e-13 0 5.05916e-13 0 6.24642e-13 0 7.53221e-13 0 8.88855e-13 0 1.03335e-12 0 1.18191e-12 0 1.33772e-12 0 1.49921e-12 0 1.66465e-12 0 1.83622e-12 0 2.01283e-12 0 2.18865e-12 0 2.37641e-12 0
61.0839 1.6129e-14 1.6129e-14 9.16541e-22 5.68256e-08 2.45043e-06 1.38813e-15 2.08982e-15 8.33099e-15 1.03888e-14 4.1156e-14 0 9.65849e-14 0 1.7079e-13 0 2.6079e-13 0 3.65695e-13 0 4.80863e-13 0 6.07453e-13 0 7.42329e-13 0 8.86994e-13 0 1.03829e-12 0 1.19824e-12 0 1.36155e-12 0 1.53175e-12 0 1.70715e-12 0 1.88588e-12 0 2.07032e-12 0 2.2593e-12 0 2.44663e-12 0 2.64588e-12 0
64.2193 1.44825e-14 1.44825e-14 7.50435e-22 5.18167e-08 2.25808e-06 2.18305e-15 3.12563e-15 1.20042e-14 1.45336e-14 5.48527e-14 0 1.23477e-13 0 2.12351e-13 0 3.17621e-13 0 4.38097e-13 0 5.68418e-13 0 7.09915e-13 0 8.59092e-13 0 1.01763e-12 0 1.18209e-12 0 1.35468e-12 0 1.52975e-12 0 1.71112e-12 0 1.897e-12 0 2.08545e-12 0 2.27901e-12 0 2.47647e-12 0 2.67141e-12 0 2.87795e-12 0
67.5157 1.30105e-14 1.30105e-14 6.14322e-22 4.72175e-08 2.07685e-06 3.30156e-15 4.51774e-15 1.6705e-14 1.96961e-14 7.08753e-14 0 1.53349e-13 0 2.56835e-13 0 3.7668e-13 0 5.11466e-13 0 6.55232e-13 0 8.09511e-13 0 9.70542e-13 0 1.14019e-12 0 1.31481e-12 0 1.4968e-12 0 1.68024e-12 0 1.86921e-12 0 2.06187e-12 0 2.25626e-12 0 2.45502e-12 0 2.65694e-12 0 2.85552e-12 0 3.06516e-12 0
70.9813 1.16887e-14 1.16887e-14 5.02982e-22 4.30313e-08 1.90737e-06 4.80894e-15 6.31723e-15 2.24801e-14 2.58839e-14 8.88802e-14 0 1.85194e-13 0 3.0246e-13 0 4.35382e-13 0 5.82414e-13 0 7.37158e-13 0 9.01381e-13 0 1.07117e-12 0 1.24855e-12 0 1.4298e-12 0 1.61745e-12 0 1.80547e-12 0 1.99812e-12 0 2.19355e-12 0 2.38984e-12 0 2.5897e-12 0 2.79193e-12 0 2.99008e-12 0 3.19854e-12 0
74.6248 1.05084e-14 1.05084e-14 4.11586e-22 3.91673e-08 1.74821e-06 6.76272e-15 8.56347e-15 2.93205e-14 3.30514e-14 1.08401e-13 0 2.17918e-13 0 3.47485e-13 0 4.91381e-13 0 6.48059e-13 0 8.10872e-13 0 9.81839e-13 0 1.157e-12 0 1.33857e-12 0 1.52279e-12 0 1.71232e-12 0 1.90116e-12 0 2.09366e-12 0 2.28801e-12 0 2.48237e-12 0 2.67947e-12 0 2.87816e-12 0 3.07217e-12 0 3.27559e-12 0
78.4553 9.44438e-15 9.44438e-15 3.36732e-22 3.56542e-08 1.60053e-06 9.189e-15 1.12582e-14 3.70865e-14 4.10215e-14 1.28634e-13 0 2.49928e-13 0 3.89557e-13 0 5.41643e-13 0 7.04771e-13 0 8.72248e-13 0 1.04635e-12 0 1.2232e-12 0 1.40514e-12 0 1.58852e-12 0 1.77606e-12 0 1.96192e-12 0 2.15044e-12 0 2.33994e-12 0 2.52867e-12 0 2.71933e-12 0 2.91083e-12 0 3.09721e-12 0 3.29202e-12 0
82.4824 8.49121e-15 8.49121e-15 2.75595e-22 3.24565e-08 1.46375e-06 1.20921e-14 1.4383e-14 4.55899e-14 4.95835e-14 1.48814e-13 0 2.79916e-13 0 4.26954e-13 0 5.84176e-13 0 7.50422e-13 0 9.19149e-13 0 1.09289e-12 0 1.26792e-12 0 1.44672e-12 0 1.62579e-12 0 1.80789e-12 0 1.98744e-12 0 2.16873e-12 0 2.35018e-12 0 2.53019e-12 0 2.71137e-12 0 2.89275e-12 0 3.06872e-12 0 3.2521e-12 0
86.7162 7.63998e-15 7.63998e-15 2.25522e-22 2.95187e-08 1.33687e-06 1.54412e-14 1.78862e-14 5.45644e-14 5.84606e-14 1.68117e-13 0 3.06627e-13 0 4.58167e-13 0 6.17378e-13 0 7.83458e-13 0 9.50186e-13 0 1.12031e-12 0 1.29039e-12 0 1.46294e-12 0 1.63472e-12 0 1.80848e-12 0 1.97897e-12 0 2.15036e-12 0 2.32121e-12 0 2.49008e-12 0 2.65946e-12 0 2.82849e-12 0 2.99198e-12 0 3.16189e-12 0
91.1674 6.87518e-15 6.87518e-15 1.84501e-22 2.68358e-08 1.21949e-06 1.91513e-14 2.16644e-14 6.36306e-14 6.72729e-14 1.85576e-13 0 3.28697e-13 0 4.81628e-13 0 6.39634e-13 0 8.02347e-13 0 9.64009e-13 0 1.12755e-12 0 1.28984e-12 0 1.45344e-12 0 1.61539e-12 0 1.77836e-12 0 1.93754e-12 0 2.0969e-12 0 2.25514e-12 0 2.411e-12 0 2.56683e-12 0 2.72186e-12 0 2.87139e-12 0 3.02637e-12 0
95.847 6.18734e-15 6.18734e-15 1.50913e-22 2.43906e-08 1.11174e-06 2.31013e-14 2.55863e-14 7.23857e-14 7.56328e-14 2.00371e-13 0 3.45152e-13 0 4.9642e-13 0 6.50244e-13 0 8.06722e-13 0 9.60666e-13 0 1.11513e-12 0 1.26735e-12 0 1.41986e-12 0 1.57002e-12 0 1.72041e-12 0 1.86665e-12 0 2.01248e-12 0 2.15677e-12 0 2.29842e-12 0 2.4396e-12 0 2.57965e-12 0 2.71437e-12 0 2.85366e-12 0
100.767 5.57255e-15 5.57255e-15 1.23516e-22 2.21651e-08 1.01244e-06 2.71574e-14 2.95182e-14 8.04826e-14 8.32228e-14 2.11996e-13 0 3.55634e-13 0 5.02535e-13 0 6.49681e-13 0 7.97637e-13 0 9.41844e-13 0 1.08542e-12 0 1.22597e-12 0 1.36599e-12 0 1.50315e-12 0 1.63988e-12 0 1.7723e-12 0 1.90386e-12 0 2.03358e-12 0 2.16052e-12 0 2.28668e-12 0 2.41149e-12 0 2.53125e-12 0 2.65478e-12 0
105.939 5.02846e-15 5.02846e-15 1.01054e-22 2.00964e-08 9.21153e-07 3.11904e-14 3.334e-14 8.76635e-14 8.98221e-14 2.20268e-13 0 3.60329e-13 0 5.00694e-13 0 6.39292e-13 0 7.77126e-13 0 9.10283e-13 0 1.04189e-12 0 1.16992e-12 0 1.29676e-12 0 1.42042e-12 0 1.54316e-12 0 1.66157e-12 0 1.77879e-12 0 1.89401e-12 0 2.00642e-12 0 2.11784e-12 0 2.22777e-12 0 2.33301e-12 0 2.44131e-12 0
111.377 4.52907e-15 4.52907e-15 8.26621e-23 1.82514e-08 8.37685e-07 3.49085e-14 3.67661e-14 9.32924e-14 9.48248e-14 2.2413e-13 0 3.57988e-13 0 4.89574e-13 0 6.1775e-13 0 7.43896e-13 0 8.64744e-13 0 9.83359e-13 0 1.09807e-12 0 1.21113e-12 0 1.32085e-12 0 1.42931e-12 0 1.53356e-12 0 1.63642e-12 0 1.73722e-12 0 1.83528e-12 0 1.93223e-12 0 2.02765e-12 0 2.1188e-12 0 2.2124e-12 0
117.094 4.07875e-15 4.07875e-15 6.7636e-23 1.65825e-08 7.61666e-07 3.81842e-14 3.96936e-14 9.72734e-14 9.81795e-14 2.23945e-13 0 3.49664e-13 0 4.71009e-13 0 5.87698e-13 0 7.01409e-13 0 8.09485e-13 0 9.14868e-13 0 1.01621e-12 0 1.11562e-12 0 1.21166e-12 0 1.30625e-12 0 1.39685e-12 0 1.48596e-12 0 1.57303e-12 0 1.65752e-12 0 1.74084e-12 0 1.82266e-12 0 1.90066e-12 0 1.98059e-12 0
123.105 3.6778e-15 3.6778e-15 5.53532e-23 1.50506e-08 6.92056e-07 4.09226e-14 4.20531e-14 9.96093e-14 9.99245e-14 2.20225e-13 0 3.36526e-13 0 4.4685e-13 0 5.51656e-13 0 6.52838e-13 0 7.48288e-13 0 8.40786e-13 0 9.29268e-13 0 1.01566e-12 0 1.0988e-12 0 1.18037e-12 0 1.25825e-12 0 1.33463e-12 0 1.40906e-12 0 1.4811e-12 0 1.55198e-12 0 1.62144e-12 0 1.68751e-12 0 1.75511e-12 0
129.424 3.32194e-15 3.32194e-15 4.52951e-23 1.36351e-08 6.28184e-07 4.30363e-14 4.37805e-14 1.00318e-13 1.00104e-13 2.13428e-13 0 3.19541e-13 0 4.18559e-13 0 5.11548e-13 0 6.00533e-13 0 6.83886e-13 0 7.6419e-13 0 8.40627e-13 0 9.14935e-13 0 9.86172e-13 0 1.05583e-12 0 1.12213e-12 0 1.18698e-12 0 1.25e-12 0 1.31086e-12 0 1.37062e-12 0 1.42906e-12 0 1.48455e-12 0 1.54121e-12 0
136.067 2.99245e-15 2.99245e-15 3.70574e-23 1.23836e-08 5.70711e-07 4.4262e-14 4.46314e-14 9.90205e-14 9.83595e-14 2.03119e-13 0 2.98267e-13 0 3.85685e-13 0 4.66892e-13 0 5.43958e-13 0 6.15668e-13 0 6.84377e-13 0 7.4947e-13 0 8.12495e-13 0 8.72697e-13 0 9.31377e-13 0 9.87069e-13 0 1.0414e-12 0 1.09407e-12 0 1.14483e-12 0 1.19457e-12 0 1.24311e-12 0 1.28913e-12 0 1.33605e-12 0
143.051 2.70646e-15 2.70646e-15 3.03272e-23 1.12055e-08 5.17643e-07 4.48626e-14 4.48906e-14 9.65219e-14 9.55036e-14 1.91257e-13 0 2.75735e-13 0 3.52219e-13 0 4.22544e-13 0 4.88762e-13 0 5.49993e-13 0 6.08359e-13 0 6.63412e-13 0 7.16512e-13 0 7.67063e-13 0 8.16188e-13 0 8.62687e-13 0 9.07936e-13 0 9.51712e-13 0 9.93809e-13 0 1.03498e-12 0 1.07509e-12 0 1.11306e-12 0 1.1517e-12 0
150.394 2.43792e-15 2.43792e-15 2.48204e-23 1.0181e-08 4.69872e-07 4.44941e-14 4.42265e-14 9.22467e-14 9.0971e-14 1.76884e-13 0 2.50613e-13 0 3.16447e-13 0 3.76398e-13 0 4.32434e-13 0 4.83947e-13 0 5.32811e-13 0 5.78712e-13 0 6.22826e-13 0 6.64692e-13 0 7.05261e-13 0 7.43566e-13 0 7.80755e-13 0 8.16659e-13 0 8.5112e-13 0 8.84762e-13 0 9.1749e-13 0 9.48414e-13 0 9.79849e-13 0
158.114 2.21108e-15 2.21108e-15 2.03082e-23 9.18471e-09 4.26122e-07 4.36916e-14 4.31808e-14 8.74532e-14 8.60029e-14 1.62556e-13 0 2.2655e-13 0 2.82951e-13 0 3.33848e-13 0 3.81093e-13 0 4.24286e-13 0 4.65073e-13 0 5.03238e-13 0 5.39796e-13 0 5.74387e-13 0 6.0782e-13 0 6.39312e-13 0 6.69823e-13 0 6.99222e-13 0 7.27389e-13 0 7.54841e-13 0 7.81507e-13 0 8.06667e-13 0 8.32209e-13 0
166.23 1.99673e-15 1.99673e-15 1.66135e-23 8.32034e-09 3.8612e-07 4.20439e-14 4.13492e-14 8.13951e-14 7.98588e-14 1.46904e-13 0 2.01569e-13 0 2.49162e-13 0 2.91746e-13 0 3.3102e-13 0 3.6674e-13 0 4.00327e-13 0 4.31643e-13 0 4.61545e-13 0 4.89762e-13 0 5.16968e-13 0 5.42537e-13 0 5.67261e-13 0 5.91041e-13 0 6.13786e-13 0 6.35921e-13 0 6.5739e-13 0 6.77621e-13 0 6.98134e-13 0
174.763 1.79433e-15 1.79433e-15 1.36006e-23 7.5798e-09 3.50305e-07 3.9656e-14 3.88391e-14 7.43838e-14 7.28397e-14 1.30558e-13 0 1.76522e-13 0 2.1608e-13 0 2.51194e-13 0 2.83383e-13 0 3.12519e-13 0 3.39806e-13 0 3.65163e-13 0 3.89305e-13 0 4.12027e-13 0 4.33885e-13 0 4.54387e-13 0 4.74175e-13 0 4.93175e-13 0 5.1132e-13 0 5.28953e-13 0 5.46034e-13 0 5.62109e-13 0 5.7839e-13 0
183.733 1.62599e-15 1.62599e-15 1.11317e-23 6.84613e-09 3.17094e-07 3.71813e-14 3.62885e-14 6.76849e-14 6.61768e-14 1.15708e-13 0 1.54283e-13 0 1.87125e-13 0 2.16061e-13 0 2.42437e-13 0 2.66204e-13 0 2.88381e-13 0 3.08924e-13 0 3.28431e-13 0 3.46747e-13 0 3.64329e-13 0 3.80788e-13 0 3.96647e-13 0 4.11851e-13 0 4.26351e-13 0 4.40422e-13 0 4.54035e-13 0 4.66834e-13 0 4.79782e-13 0
193.164 1.46757e-15 1.46757e-15 9.1088e-24 6.20674e-09 2.88114e-07 3.42537e-14 3.33343e-14 6.06129e-14 5.91892e-14 1.01068e-13 0 1.33004e-13 0 1.59921e-13 0 1.83472e-13 0 2.04827e-13 0 2.23988e-13 0 2.41807e-13 0 2.58264e-13 0 2.73852e-13 0 2.88457e-13 0 3.02448e-13 0 3.15523e-13 0 3.28101e-13 0 3.40142e-13 0 3.5161e-13 0 3.62726e-13 0 3.73468e-13 0 3.83556e-13 0 3.93752e-13 0
203.079 1.32245e-15 1.32245e-15 7.45506e-24 5.63732e-09 2.60877e-07 3.11031e-14 3.01964e-14 5.35819e-14 5.22733e-14 8.72659e-14 0 1.13427e-13 0 1.3527e-13 0 1.54258e-13 0 1.71391e-13 0 1.86704e-13 0 2.00899e-13 0 2.13975e-13 0 2.2633e-13 0 2.37882e-13 0 2.48929e-13 0 2.59236e-13 0 2.69136e-13 0 2.78602e-13 0 2.87605e-13 0 2.96323e-13 0 3.04738e-13 0 3.12633e-13 0 3.20606e-13 0
213.503 1.19666e-15 1.19666e-15 6.10393e-24 5.10079e-09 2.3565e-07 2.80172e-14 2.71485e-14 4.7058e-14 4.58762e-14 7.49574e-14 0 9.62982e-14 0 1.13961e-13 0 1.29222e-13 0 1.42929e-13 0 1.55137e-13 0 1.6642e-13 0 1.76787e-13 0 1.86561e-13 0 1.95683e-13 0 2.04392e-13 0 2.12505e-13 0 2.20287e-13 0 2.27718e-13 0 2.34779e-13 0 2.41608e-13 0 2.48194e-13 0 2.54367e-13 0 2.60596e-13 0
224.463 1.07755e-15 1.07755e-15 4.99653e-24 4.63693e-09 2.13344e-07 2.48268e-14 2.40207e-14 4.07129e-14 3.96707e-14 6.35063e-14 0 8.06951e-14 0 9.48054e-14 0 1.06929e-13 0 1.17773e-13 0 1.27397e-13 0 1.36268e-13 0 1.44401e-13 0 1.52053e-13 0 1.59182e-13 0 1.65977e-13 0 1.72298e-13 0 1.78355e-13 0 1.84131e-13 0 1.89614e-13 0 1.94912e-13 0 2.00017e-13 0 2.04798e-13 0 2.09618e-13 0
235.984 9.73656e-16 9.73656e-16 4.08907e-24 4.19971e-09 1.94306e-07 2.1837e-14 2.11036e-14 3.50099e-14 3.41029e-14 5.35432e-14 0 6.73351e-14 0 7.85713e-14 0 8.81754e-14 0 9.67317e-14 0 1.04303e-13 0 1.11264e-13 0 1.17631e-13 0 1.23612e-13 0 1.29174e-13 0 1.34468e-13 0 1.39388e-13 0 1.44095e-13 0 1.4858e-13 0 1.52833e-13 0 1.56939e-13 0 1.60892e-13 0 1.64592e-13 0 1.68319e-13 0
248.097 8.76096e-16 8.76096e-16 3.3493e-24 3.82298e-09 1.75402e-07 1.89313e-14 1.82801e-14 2.97115e-14 2.89371e-14 4.46032e-14 0 5.55492e-14 0 6.44042e-14 0 7.19367e-14 0 7.8623e-14 0 8.45228e-14 0 8.99341e-14 0 9.48744e-14 0 9.95067e-14 0 1.03809e-13 0 1.07898e-13 0 1.11693e-13 0 1.15321e-13 0 1.18774e-13 0 1.22046e-13 0 1.25201e-13 0 1.28237e-13 0 1.31077e-13 0 1.33935e-13 0
260.832 7.79647e-16 7.79647e-16 2.74206e-24 3.51705e-09 1.58132e-07 1.60753e-14 1.55134e-14 2.47274e-14 2.40823e-14 3.64775e-14 0 4.50157e-14 0 5.1878e-14 0 5.76895e-14 0 6.28309e-14 0 6.73556e-14 0 7.14967e-14 0 7.52705e-14 0 7.88035e-14 0 8.20801e-14 0 8.5191e-14 0 8.80748e-14 0 9.08289e-14 0 9.3448e-14 0 9.59274e-14 0 9.83172e-14 0 1.00615e-13 0 1.02762e-13 0 1.04923e-13 0
274.221 6.92712e-16 6.92712e-16 2.24361e-24 3.23888e-09 1.45402e-07 1.35044e-14 1.30279e-14 2.03836e-14 1.98534e-14 2.95789e-14 0 3.619e-14 0 4.14715e-14 0 4.59259e-14 0 4.98547e-14 0 5.33037e-14 0 5.64542e-14 0 5.93203e-14 0 6.19998e-14 0 6.44817e-14 0 6.68354e-14 0 6.90151e-14 0 7.10949e-14 0 7.30712e-14 0 7.49407e-14 0 7.67414e-14 0 7.84715e-14 0 8.00876e-14 0 8.17127e-14 0
288.297 6.18573e-16 6.18573e-16 1.83498e-24 2.96647e-09 1.30291e-07 1.13041e-14 1.09037e-14 1.67613e-14 1.63282e-14 2.39494e-14 0 2.90667e-14 0 3.31321e-14 0 3.6548e-14 0 3.95522e-14 0 4.21837e-14 0 4.4583e-14 0 4.67625e-14 0 4.87973e-14 0 5.06799e-14 0 5.24634e-14 0 5.41136e-14 0 5.56869e-14 0 5.71807e-14 0 5.85928e-14 0 5.99522e-14 0 6.12574e-14 0 6.2476e-14 0 6.37009e-14 0
303.095 5.51332e-16 5.51332e-16 1.50165e-24 2.72368e-09 1.1693e-07 9.36824e-15 9.03655e-15 1.36601e-14 1.33105e-14 1.92368e-14 0 2.31709e-14 0 2.62804e-14 0 2.88839e-14 0 3.11678e-14 0 3.31642e-14 0 3.49814e-14 0 3.66297e-14 0 3.81669e-14 0 3.95875e-14 0 4.09321e-14 0 4.21751e-14 0 4.33593e-14 0 4.44829e-14 0 4.55445e-14 0 4.65657e-14 0 4.75458e-14 0 4.84604e-14 0 4.93793e-14 0
318.653 4.96378e-16 4.96378e-16 1.22856e-24 2.47504e-09 1.06719e-07 7.78292e-15 7.50856e-15 1.11712e-14 1.08887e-14 1.55186e-14 0 1.85599e-14 0 2.09524e-14 0 2.29492e-14 0 2.46966e-14 0 2.62212e-14 0 2.76069e-14 0 2.88622e-14 0 3.00314e-14 0 3.1111e-14 0 3.2132e-14 0 3.30751e-14 0 3.39729e-14 0 3.48243e-14 0 3.56282e-14 0 3.64012e-14 0 3.71427e-14 0 3.78343e-14 0 3.85288e-14 0
335.009 4.44018e-16 4.44018e-16 1.00484e-24 2.26306e-09 9.48161e-08 6.37821e-15 6.15506e-15 9.02049e-15 8.79556e-15 1.23715e-14 0 1.46977e-14 0 1.65196e-14 0 1.80358e-14 0 1.93597e-14 0 2.05129e-14 0 2.15594e-14 0 2.25064e-14 0 2.33875e-14 0 2.42004e-14 0 2.49685e-14 0 2.56776e-14 0 2.63522e-14 0 2.69916e-14 0 2.75949e-14 0 2.81748e-14 0 2.87308e-14 0 2.92492e-14 0 2.97696e-14 0
352.205 3.96069e-16 3.96069e-16 8.22018e-25 2.07544e-09 8.7686e-08 5.17735e-15 4.99806e-15 7.22111e-15 7.04386e-15 9.78537e-15 0 1.15528e-14 0 1.29315e-14 0 1.40759e-14 0 1.50731e-14 0 1.59402e-14 0 1.67263e-14 0 1.74367e-14 0 1.80972e-14 0 1.8706e-14 0 1.92809e-14 0 1.98112e-14 0 2.03155e-14 0 2.07932e-14 0 2.12437e-14 0 2.16766e-14 0 2.20914e-14 0 2.2478e-14 0 2.2866e-14 0
370.284 3.57974e-16 3.57974e-16 6.72684e-25 1.87914e-09 7.7022e-08 4.23131e-15 4.08661e-15 5.82513e-15 5.68457e-15 7.80517e-15 0 9.16098e-15 0 1.02148e-14 0 1.10873e-14 0 1.18462e-14 0 1.25052e-14 0 1.31019e-14 0 1.36406e-14 0 1.41411e-14 0 1.4602e-14 0 1.50369e-14 0 1.5438e-14 0 1.58191e-14 0 1.61799e-14 0 1.65201e-14 0 1.68468e-14 0 1.71598e-14 0 1.74514e-14 0 1.7744e-14 0
389.291 3.21733e-16 3.21733e-16 5.50324e-25 1.7105e-09 7.26632e-08 3.41838e-15 3.30315e-15 4.64873e-15 4.53859e-15 6.16337e-15 0 7.19429e-15 0 7.99294e-15 0 8.65264e-15 0 9.2255e-15 0 9.72231e-15 0 1.01716e-14 0 1.05769e-14 0 1.09532e-14 0 1.12995e-14 0 1.1626e-14 0 1.1927e-14 0 1.22128e-14 0 1.24834e-14 0 1.27383e-14 0 1.29831e-14 0 1.32175e-14 0 1.34358e-14 0 1.36548e-14 0
409.273 2.90229e-16 2.90229e-16 4.50107e-25 1.55087e-09 5.99202e-08 2.7564e-15 2.66495e-15 3.70567e-15 3.61954e-15 4.86457e-15 0 5.64901e-15 0 6.25486e-15 0 6.75427e-15 0 7.18729e-15 0 7.56236e-15 0 7.90122e-15 0 8.20669e-15 0 8.49001e-15 0 8.75062e-15 0 8.99627e-15 0 9.22253e-15 0 9.43736e-15 0 9.64059e-15 0 9.83205e-15 0 1.00158e-14 0 1.01917e-14 0 1.03555e-14 0 1.05197e-14 0
430.281 2.62939e-16 2.62939e-16 3.6833e-25 1.40082e-09 5.87002e-08 2.22053e-15 2.14812e-15 2.95326e-15 2.88596e-15 3.84096e-15 0 4.43881e-15 0 4.89926e-15 0 5.2781e-15 0 5.60611e-15 0 5.88992e-15 0 6.1461e-15 0 6.37686e-15 0 6.59075e-15 0 6.78739e-15 0 6.97265e-15 0 7.14321e-15 0 7.30509e-15 0 7.45817e-15 0 7.60234e-15 0 7.74066e-15 0 7.87305e-15 0 7.99629e-15 0 8.11982e-15 0
452.368 2.37558e-16 2.37558e-16 3.01393e-25 1.26871e-09 5.36617e-08 1.77515e-15 1.71831e-15 2.33717e-15 2.28499e-15 3.0133e-15 0 3.46656e-15 0 3.81475e-15 0 4.10075e-15 0 4.34805e-15 0 4.56181e-15 0 4.75461e-15 0 4.92815e-15 0 5.08892e-15 0 5.23665e-15 0 5.37576e-15 0 5.50378e-15 0 5.62524e-15 0 5.74007e-15 0 5.84818e-15 0 5.95186e-15 0 6.05108e-15 0 6.14343e-15 0 6.23597e-15 0
475.588 2.16326e-16 2.16326e-16 2.46588e-25 1.13989e-09 4.45886e-08 1.42375e-15 1.37902e-15 1.85684e-15 1.81623e-15 2.37451e-15 0 2.72009e-15 0 2.98494e-15 0 3.20214e-15 0 3.38973e-15 0 3.55174e-15 0 3.69774e-15 0 3.82909e-15 0 3.9507e-15 0 4.0624e-15 0 4.16753e-15 0 4.26425e-15 0 4.35599e-15 0 4.44268e-15 0 4.52429e-15 0 4.60253e-15 0 4.67739e-15 0 4.74705e-15 0 4.81684e-15 0
500 1.96136e-16 1.96136e-16 2.01715e-25 1.02844e-09 4.489e-08 1.13205e-15 1.09718e-15 1.46334e-15 1.432e-15 1.85702e-15 0 2.11881e-15 0 2.31902e-15 0 2.48297e-15 0 2.62442e-15 0 2.74648e-15 0 2.85642e-15 0 2.95525e-15 0 3.04672e-15 0 3.13069e-15 0 3.20971e-15 0 3.28237e-15 0 3.35127e-15 0 3.41636e-15 0 3.47762e-15 0 3.53634e-15 0 3.59251e-15 0 3.64477e-15 0 3.69711e-15 0
525.665 1.79201e-16 1.79201e-16 1.6513e-25 9.21481e-10 4.6043e-08 9.03379e-16 8.76103e-16 1.15806e-15 1.13378e-15 1.45908e-15 0 1.65855e-15 0 1.8108e-15 0 1.93532e-15 0 2.04265e-15 0 2.13519e-15 0 2.21848e-15 0 2.29334e-15 0 2.36258e-15 0 2.42612e-15 0 2.48588e-15 0 2.54083e-15 0 2.59292e-15 0 2.64212e-15 0 2.68841e-15 0 2.73278e-15 0 2.7752e-15 0 2.81467e-15 0 2.85419e-15 0
552.648 1.63367e-16 1.63367e-16 1.35143e-25 8.27236e-10 3.31589e-08 7.16574e-16 6.95375e-16 9.11444e-16 8.92727e-16 1.14064e-15 0 1.29202e-15 0 1.40737e-15 0 1.5016e-15 0 1.58274e-15 0 1.65266e-15 0 1.71556e-15 0 1.77206e-15 0 1.82429e-15 0 1.87222e-15 0 1.91728e-15 0 1.9587e-15 0 1.99795e-15 0 2.03502e-15 0 2.06988e-15 0 2.1033e-15 0 2.13524e-15 0 2.16495e-15 0 2.19471e-15 0
581.015 1.49638e-16 1.49638e-16 1.10573e-25 7.38936e-10 3.37515e-08 5.69062e-16 5.52569e-16 7.18531e-16 7.04081e-16 8.93541e-16 0 1.0088e-15 0 1.09648e-15 0 1.16803e-15 0 1.2296e-15 0 1.28261e-15 0 1.33028e-15 0 1.37308e-15 0 1.41264e-15 0 1.44891e-15 0 1.48302e-15 0 1.51436e-15 0 1.54405e-15 0 1.57208e-15 0 1.59845e-15 0 1.62371e-15 0 1.64786e-15 0 1.67031e-15 0 1.6928e-15 0
610.839 1.36936e-16 1.36936e-16 9.04933e-26 6.60846e-10 2.30043e-08 4.49989e-16 4.37213e-16 5.6429e-16 5.53175e-16 6.97578e-16 0 7.85127e-16 0 8.51631e-16 0 9.05844e-16 0 9.52461e-16 0 9.9258e-16 0 1.02864e-15 0 1.06099e-15 0 1.09089e-15 0 1.11831e-15 0 1.14407e-15 0 1.16774e-15 0 1.19016e-15 0 1.21133e-15 0 1.23123e-15 0 1.25029e-15 0 1.26852e-15 0 1.28546e-15 0 1.30242e-15 0
642.193 1.25681e-16 1.25681e-16 7.40864e-26 5.8948e-10 3.52794e-08 3.55763e-16 3.45869e-16 4.43263e-16 4.34709e-16 5.44919e-16 0 6.11529e-16 0 6.6206e-16 0 7.03215e-16 0 7.38581e-16 0 7.69001e-16 0 7.96329e-16 0 8.20847e-16 0 8.43494e-16 0 8.64253e-16 0 8.83758e-16 0 9.01673e-16 0 9.1864e-16 0 9.34655e-16 0 9.49711e-16 0 9.64132e-16 0 9.77915e-16 0 9.90728e-16 0 1.00355e-15 0
675.157 1.15554e-16 1.15554e-16 6.06381e-26 5.24759e-10 1.64324e-08 2.80934e-16 2.73279e-16 3.47919e-16 3.41339e-16 4.25477e-16 0 4.76185e-16 0 5.14606e-16 0 5.45873e-16 0 5.72726e-16 0 5.95813e-16 0 6.16545e-16 0 6.35139e-16 0 6.5231e-16 0 6.68045e-16 0 6.82827e-16 0 6.96401e-16 0 7.09256e-16 0 7.21386e-16 0 7.32789e-16 0 7.4371e-16 0 7.54146e-16 0 7.63846e-16 0 7.73556e-16 0
709.813 1.0644e-16 1.0644e-16 4.96184e-26 4.66164e-10 2.75689e-08 2.21642e-16 2.15724e-16 2.72936e-16 2.67875e-16 3.32143e-16 0 3.70776e-16 0 4.00016e-16 0 4.23793e-16 0 4.44203e-16 0 4.61743e-16 0 4.77488e-16 0 4.91606e-16 0 5.0464e-16 0 5.16581e-16 0 5.27797e-16 0 5.38095e-16 0 5.47845e-16 0 5.57045e-16 0 5.65692e-16 0 5.73972e-16 0 5.81884e-16 0 5.89238e-16 0 5.96598e-16 0
746.248 9.81298e-17 9.81298e-17 4.06226e-26 4.13968e-10 3.60025e-08 1.74564e-16 1.69995e-16 2.13819e-16 2.09931e-16 2.59005e-16 0 2.88435e-16 0 3.10687e-16 0 3.2877e-16 0 3.44285e-16 0 3.57612e-16 0 3.69573e-16 0 3.80294e-16 0 3.9019e-16 0 3.99254e-16 0 4.07767e-16 0 4.15581e-16 0 4.22979e-16 0 4.29959e-16 0 4.36518e-16 0 4.42799e-16 0 4.48799e-16 0 4.54376e-16 0 4.59957e-16 0
784.553 9.05746e-17 9.05746e-17 3.32549e-26 3.67155e-10 5.81639e-09 1.37312e-16 1.33788e-16 1.67351e-16 1.64365e-16 2.0184e-16 0 2.24265e-16 0 2.41206e-16 0 2.54965e-16 0 2.66764e-16 0 2.76896e-16 0 2.85986e-16 0 2.94133e-16 0 3.01651e-16 0 3.08536e-16 0 3.15001e-16 0 3.20935e-16 0 3.26551e-16 0 3.3185e-16 0 3.36829e-16 0 3.41596e-16 0 3.4615e-16 0 3.50382e-16 0 3.54617e-16 0
824.824 8.3665e-17 8.3665e-17 2.72185e-26 3.25327e-10 3.65563e-09 1.07846e-16 1.05131e-16 1.30822e-16 1.28531e-16 1.57142e-16 0 1.7423e-16 0 1.87127e-16 0 1.97597e-16 0 2.06572e-16 0 2.14276e-16 0 2.21186e-16 0 2.27378e-16 0 2.33091e-16 0 2.38322e-16 0 2.43233e-16 0 2.4774e-16 0 2.52006e-16 0 2.56029e-16 0 2.5981e-16 0 2.63429e-16 0 2.66887e-16 0 2.701e-16 0 2.73315e-16 0
867.163 7.72047e-17 7.72047e-17 2.22761e-26 2.88533e-10 2.20171e-08 8.44364e-17 8.23509e-17 1.01975e-16 1.00221e-16 1.22022e-16 0 1.3502e-16 0 1.44824e-16 0 1.52777e-16 0 1.59593e-16 0 1.65442e-16 0 1.70687e-16 0 1.75386e-16 0 1.79721e-16 0 1.83689e-16 0 1.87415e-16 0 1.90833e-16 0 1.94068e-16 0 1.9712e-16 0 1.99986e-16 0 2.02731e-16 0 2.05352e-16 0 2.07787e-16 0 2.10224e-16 0
911.674 7.11639e-17 7.11639e-17 1.82422e-26 2.56341e-10 6.50725e-09 6.59021e-17 6.43042e-17 7.9261e-17 7.79216e-17 9.45019e-17 0 1.04371e-16 0 1.1181e-16 0 1.17843e-16 0 1.23011e-16 0 1.27444e-16 0 1.31419e-16 0 1.3498e-16 0 1.38264e-16 0 1.4127e-16 0 1.44091e-16 0 1.4668e-16 0 1.4913e-16 0 1.5144e-16 0 1.53611e-16 0 1.55689e-16 0 1.57673e-16 0 1.59517e-16 0 1.61361e-16 0
958.471 6.56788e-17 6.56788e-17 1.49363e-26 2.27415e-10 1.45222e-08 5.14039e-17 5.01799e-17 6.15833e-17 6.05603e-17 7.31766e-17 0 8.06756e-17 0 8.63244e-17 0 9.09035e-17 0 9.48246e-17 0 9.81882e-17 0 1.01203e-16 0 1.03903e-16 0 1.06393e-16 0 1.08672e-16 0 1.10811e-16 0 1.12774e-16 0 1.14631e-16 0 1.16382e-16 0 1.18027e-16 0 1.19601e-16 0 1.21105e-16 0 1.22502e-16 0 1.23899e-16 0
1007.67 6.05285e-17 6.05285e-17 1.22261e-26 2.01989e-10 2.38451e-08 3.99661e-17 3.9031e-17 4.77052e-17 4.69257e-17 5.65054e-17 0 6.21919e-17 0 6.6473e-17 0 6.99421e-17 0 7.2912e-17 0 7.54589e-17 0 7.77416e-17 0 7.97854e-17 0 8.16702e-17 0 8.33951e-17 0 8.50137e-17 0 8.64987e-17 0 8.79036e-17 0 8.92284e-17 0 9.04728e-17 0 9.16638e-17 0 9.28012e-17 0 9.38579e-17 0 9.4915e-17 0
1059.39 5.5993e-17 5.5993e-17 1.0009e-26 1.78755e-10 -9.99461e-09 3.11386e-17 3.04224e-17 3.70403e-17 3.64448e-17 4.37417e-17 0 4.8068e-17 0 5.13233e-17 0 5.39604e-17 0 5.62174e-17 0 5.81526e-17 0 5.98868e-17 0 6.14393e-17 0 6.28707e-17 0 6.41807e-17 0 6.54099e-17 0 6.65374e-17 0 6.76041e-17 0 6.86099e-17 0 6.95547e-17 0 7.04588e-17 0 7.13222e-17 0 7.21242e-17 0 7.29266e-17 0
1113.77 5.16816e-17 5.16816e-17 8.19584e-27 1.58583e-10 4.88586e-09 2.41688e-17 2.3622e-17 2.86563e-17 2.82027e-17 3.37452e-17 0 3.70278e-17 0 3.94967e-17 0 4.14961e-17 0 4.32069e-17 0 4.46736e-17 0 4.59877e-17 0 4.7164e-17 0 4.82484e-17 0 4.92408e-17 0 5.01718e-17 0 5.10259e-17 0 5.18338e-17 0 5.25955e-17 0 5.33109e-17 0 5.39956e-17 0 5.46494e-17 0 5.52567e-17 0 5.58642e-17 0
1170.94 4.75792e-17 4.75792e-17 6.70916e-27 1.41011e-10 1.42093e-08 1.86829e-17 1.8267e-17 2.20842e-17 2.17399e-17 2.59369e-17 0 2.84202e-17 0 3.02871e-17 0 3.17986e-17 0 3.30916e-17 0 3.42e-17 0 3.51929e-17 0 3.60816e-17 0 3.69009e-17 0 3.76505e-17 0 3.83537e-17 0 3.89988e-17 0 3.96089e-17 0 4.01842e-17 0 4.07245e-17 0 4.12415e-17 0 4.17351e-17 0 4.21937e-17 0 4.26525e-17 0
1231.05 4.379e-17 4.379e-17 5.49168e-27 1.25409e-10 3.16923e-08 1.44181e-17 1.41021e-17 1.6994e-17 1.67329e-17 1.99087e-17 0 2.1786e-17 0 2.31969e-17 0 2.43389e-17 0 2.53157e-17 0 2.61528e-17 0 2.69026e-17 0 2.75737e-17 0 2.81923e-17 0 2.87583e-17 0 2.92892e-17 0 2.97761e-17 0 3.02367e-17 0 3.06709e-17 0 3.10787e-17 0 3.1469e-17 0 3.18416e-17 0 3.21877e-17 0 3.25339e-17 0
1294.24 4.05031e-17 4.05031e-17 4.49735e-27 1.11037e-10 -1.38206e-09 1.11676e-17 1.09265e-17 1.31271e-17 1.29282e-17 1.53422e-17 0 1.67681e-17 0 1.78393e-17 0 1.87061e-17 0 1.94475e-17 0 2.00827e-17 0 2.06517e-17 0 2.11608e-17 0 2.16301e-17 0 2.20595e-17 0 2.24622e-17 0 2.28316e-17 0 2.31809e-17 0 2.35103e-17 0 2.38195e-17 0 2.41155e-17 0 2.43981e-17 0 2.46605e-17 0 2.49231e-17 0
1360.67 3.74116e-17 3.74116e-17 3.68244e-27 9.84303e-11 -7.95985e-09 8.62735e-18 8.44381e-18 1.01153e-17 9.96409e-18 1.17958e-17 0 1.2877e-17 0 1.3689e-17 0 1.43459e-17 0 1.49077e-17 0 1.5389e-17 0 1.582e-17 0 1.62057e-17 0 1.65612e-17 0 1.68864e-17 0 1.71914e-17 0 1.74711e-17 0 1.77357e-17 0 1.79851e-17 0 1.82193e-17 0 1.84434e-17 0 1.86574e-17 0 1.88561e-17 0 1.90549e-17 0
1430.51 3.44708e-17 3.44708e-17 3.01446e-27 8.74497e-11 -1.96786e-08 6.64076e-18 6.50145e-18 7.76738e-18 7.65275e-18 9.03878e-18 0 9.85632e-18 0 1.04702e-17 0 1.09667e-17 0 1.13912e-17 0 1.17549e-17 0 1.20806e-17 0 1.23719e-17 0 1.26405e-17 0 1.28862e-17 0 1.31166e-17 0 1.33279e-17 0 1.35277e-17 0 1.37161e-17 0 1.3893e-17 0 1.40622e-17 0 1.42238e-17 0 1.43739e-17 0 1.4524e-17 0
1503.94 3.16972e-17 3.16972e-17 2.46745e-27 7.78446e-11 -1.39871e-09 5.09575e-18 4.9903e-18 5.94674e-18 5.86008e-18 6.90641e-18 0 7.52321e-18 0 7.98621e-18 0 8.36066e-18 0 8.68076e-18 0 8.95497e-18 0 9.2005e-18 0 9.42017e-18 0 9.62261e-18 0 9.80779e-18 0 9.98146e-18 0 1.01407e-17 0 1.02913e-17 0 1.04333e-17 0 1.05666e-17 0 1.06942e-17 0 1.0816e-17 0 1.09291e-17 0 1.10422e-17 0
1581.14 2.93917e-17 2.93917e-17 2.02071e-27 6.8751e-11 -1.24311e-08 3.93899e-18 3.85853e-18 4.58697e-18 4.52092e-18 5.31723e-18 0 5.78638e-18 0 6.13847e-18 0 6.42318e-18 0 6.66653e-18 0 6.87499e-18 0 7.06162e-18 0 7.22859e-18 0 7.38246e-18 0 7.52319e-18 0 7.65518e-18 0 7.77621e-18 0 7.89067e-18 0 7.99855e-18 0 8.09986e-18 0 8.19678e-18 0 8.28932e-18 0 8.37526e-18 0 8.46122e-18 0
1662.3 2.72014e-17 2.72014e-17 1.65439e-27 6.08201e-11 7.14344e-08 3.03599e-18 2.97476e-18 3.52829e-18 3.47808e-18 4.08278e-18 0 4.43887e-18 0 4.70606e-18 0 4.92208e-18 0 5.10671e-18 0 5.26484e-18 0 5.40642e-18 0 5.53307e-18 0 5.64977e-18 0 5.75651e-18 0 5.85661e-18 0 5.9484e-18 0 6.03521e-18 0 6.11703e-18 0 6.19385e-18 0 6.26735e-18 0 6.33752e-18 0 6.40269e-18 0 6.46787e-18 0
1747.63 2.51175e-17 2.51175e-17 1.35412e-27 5.39113e-11 -1.66788e-08 2.33258e-18 2.2861e-18 2.70566e-18 2.66757e-18 3.12564e-18 0 3.39526e-18 0 3.59752e-18 0 3.76103e-18 0 3.90076e-18 0 4.02044e-18 0 4.12758e-18 0 4.22342e-18 0 4.31172e-18 0 4.39249e-18 0 4.46823e-18 0 4.53768e-18 0 4.60336e-18 0 4.66526e-18 0 4.72338e-18 0 4.77899e-18 0 4.83207e-18 0 4.88138e-18 0 4.93069e-18 0
1837.33 2.31371e-17 2.31371e-17 1.10864e-27 4.7916e-11 1.44069e-08 1.78626e-18 1.75108e-18 2.06823e-18 2.03943e-18 2.38549e-18 0 2.58911e-18 0 2.74183e-18 0 2.86528e-18 0 2.97077e-18 0 3.06111e-18 0 3.14198e-18 0 3.21432e-18 0 3.28098e-18 0 3.34193e-18 0 3.3991e-18 0 3.45151e-18 0 3.50108e-18 0 3.54779e-18 0 3.59165e-18 0 3.63362e-18 0 3.67368e-18 0 3.71088e-18 0 3.74809e-18 0
1931.64 2.12551e-17 2.12551e-17 9.07859e-28 4.27125e-11 -2.7666e-08 1.36307e-18 1.33652e-18 1.57555e-18 1.55384e-18 1.81454e-18 0 1.96787e-18 0 2.08286e-18 0 2.17579e-18 0 2.25521e-18 0 2.32321e-18 0 2.38408e-18 0 2.43853e-18 0 2.4887e-18 0 2.53457e-18 0 2.5776e-18 0 2.61704e-18 0 2.65434e-18 0 2.6895e-18 0 2.72251e-18 0 2.75409e-18 0 2.78424e-18 0 2.81223e-18 0 2.84023e-18 0
2030.79 1.95423e-17 1.95423e-17 7.43215e-28 3.80311e-11 -5.31908e-09 1.04019e-18 1.02015e-18 1.20042e-18 1.18403e-18 1.38055e-18 0 1.4961e-18 0 1.58273e-18 0 1.65275e-18 0 1.71258e-18 0 1.7638e-18 0 1.80966e-18 0 1.85067e-18 0 1.88845e-18 0 1.92301e-18 0 1.95541e-18 0 1.98512e-18 0 2.01322e-18 0 2.03969e-18 0 2.06455e-18 0 2.08833e-18 0 2.11104e-18 0 2.13212e-18 0 2.15321e-18 0
2135.03 1.80862e-17 1.80862e-17 6.08231e-28 3.36295e-11 -4.71374e-10 7.98458e-19 7.83232e-19 9.20053e-19 9.07613e-19 1.0567e-18 0 1.14434e-18 0 1.21004e-18 0 1.26314e-18 0 1.3085e-18 0 1.34734e-18 0 1.3821e-18 0 1.41319e-18 0 1.44184e-18 0 1.46804e-18 0 1.4926e-18 0 1.51512e-18 0 1.53642e-18 0 1.55649e-18 0 1.57534e-18 0 1.59336e-18 0 1.61057e-18 0 1.62656e-18 0 1.64254e-18 0
2244.63 1.67034e-17 1.67034e-17 4.98057e-28 2.98177e-11 -6.31163e-08 6.1119e-19 5.9965e-19 7.03258e-19 6.93835e-19 8.06693e-19 0 8.73011e-19 0 9.22726e-19 0 9.62898e-19 0 9.97217e-19 0 1.0266e-18 0 1.0529e-18 0 1.07642e-18 0 1.09809e-18 0 1.11791e-18 0 1.13649e-18 0 1.15353e-18 0 1.16964e-18 0 1.18482e-18 0 1.19907e-18 0 1.21271e-18 0 1.22573e-18 0 1.23782e-18 0 1.24991e-18 0
2359.84 1.53879e-17 1.53879e-17 4.07785e-28 2.65004e-11 5.74077e-09 4.66377e-19 4.57655e-19 5.35904e-19 5.28785e-19 6.13992e-19 0 6.64049e-19 0 7.01571e-19 0 7.31888e-19 0 7.57786e-19 0 7.7996e-19 0 7.99805e-19 0 8.17554e-19 0 8.33905e-19 0 8.48857e-19 0 8.62878e-19 0 8.75732e-19 0 8.87886e-19 0 8.9934e-19 0 9.10095e-19 0 9.20383e-19 0 9.30204e-19 0 9.39324e-19 0 9.48445e-19 0
2480.97 1.4143e-17 1.4143e-17 3.33786e-28 2.36008e-11 -1.19878e-08 3.54826e-19 3.48251e-19 4.07201e-19 4.01837e-19 4.6601e-19 0 5.03702e-19 0 5.31952e-19 0 5.54776e-19 0 5.74273e-19 0 5.90965e-19 0 6.05905e-19 0 6.19265e-19 0 6.31573e-19 0 6.42828e-19 0 6.53382e-19 0 6.63057e-19 0 6.72205e-19 0 6.80827e-19 0 6.88922e-19 0 6.96665e-19 0 7.04057e-19 0 7.10922e-19 0 7.17787e-19 0
2608.32 1.30832e-17 1.30832e-17 2.73217e-28 2.0883e-11 2.62422e-08 2.71554e-19 2.66565e-19 3.1126e-19 3.07192e-19 3.55833e-19 0 3.84396e-19 0 4.05802e-19 0 4.23096e-19 0 4.37869e-19 0 4.50515e-19 0 4.61834e-19 0 4.71956e-19 0 4.81281e-19 0 4.89807e-19 0 4.97802e-19 0 5.05132e-19 0 5.12062e-19 0 5.18593e-19 0 5.24725e-19 0 5.30591e-19 0 5.36191e-19 0 5.41391e-19 0 5.46591e-19 0
2742.21 1.20817e-17 1.20817e-17 2.23755e-28 1.85201e-11 -1.39518e-07 2.07345e-19 2.03568e-19 2.37391e-19 2.34311e-19 2.71111e-19 0 2.92717e-19 0 3.08908e-19 0 3.21988e-19 0 3.3316e-19 0 3.42725e-19 0 3.51284e-19 0 3.58939e-19 0 3.65991e-19 0 3.72439e-19 0 3.78484e-19 0 3.84027e-19 0 3.89268e-19 0 3.94207e-19 0 3.98843e-19 0 4.03279e-19 0 4.07513e-19 0 4.11445e-19 0 4.15378e-19 0
2882.97 1.11289e-17 1.11289e-17 1.83201e-28 1.64617e-11 -1.30287e-07 1.57841e-19 1.54989e-19 1.80517e-19 1.78193e-19 2.05962e-19 0 2.22263e-19 0 2.34478e-19 0 2.44346e-19 0 2.52774e-19 0 2.59989e-19 0 2.66445e-19 0 2.7222e-19 0 2.77539e-19 0 2.82402e-19 0 2.86963e-19 0 2.91143e-19 0 2.95096e-19 0 2.98822e-19 0 3.02319e-19 0 3.05665e-19 0 3.08858e-19 0 3.11824e-19 0 3.1479e-19 0
3030.95 1.0247e-17 1.0247e-17 1.49954e-28 1.46339e-11 4.82718e-08 1.20047e-19 1.17894e-19 1.37152e-19 1.35399e-19 1.56343e-19 0 1.68636e-19 0 1.77847e-19 0 1.85288e-19 0 1.91642e-19 0 1.97082e-19 0 2.01951e-19 0 2.06304e-19 0 2.10315e-19 0 2.13982e-19 0 2.1742e-19 0 2.20572e-19 0 2.23552e-19 0 2.26361e-19 0 2.28997e-19 0 2.3152e-19 0 2.33928e-19 0 2.36163e-19 0 2.38399e-19 0
3186.53 9.50093e-18 9.50093e-18 1.22764e-28 1.29212e-11 8.63698e-08 9.18976e-20 9.02615e-20 1.0489e-19 1.03558e-19 1.19464e-19 0 1.28799e-19 0 1.35793e-19 0 1.41442e-19 0 1.46267e-19 0 1.50397e-19 0 1.54093e-19 0 1.57398e-19 0 1.60443e-19 0 1.63227e-19 0 1.65837e-19 0 1.6823e-19 0 1.70493e-19 0 1.72625e-19 0 1.74627e-19 0 1.76542e-19 0 1.78369e-19 0 1.80067e-19 0 1.81764e-19 0
3350.09 8.79167e-18 8.79167e-18 1.00522e-28 1.14338e-11 -3.61916e-08 7.01781e-20 6.89374e-20 8.00261e-20 7.90159e-20 9.10711e-20 0 9.8145e-20 0 1.03445e-19 0 1.07725e-19 0 1.11381e-19 0 1.14511e-19 0 1.17311e-19 0 1.19816e-19 0 1.22123e-19 0 1.24232e-19 0 1.2621e-19 0 1.28023e-19 0 1.29737e-19 0 1.31352e-19 0 1.32869e-19 0 1.3432e-19 0 1.35704e-19 0 1.3699e-19 0 1.38276e-19 0
3522.05 8.11686e-18 8.11686e-18 8.22892e-29 1.01381e-11 -3.37481e-07 5.34478e-20 5.25093e-20 6.0895e-20 6.0131e-20 6.92463e-20 0 7.45945e-20 0 7.86012e-20 0 8.18373e-20 0 8.46011e-20 0 8.69669e-20 0 8.90839e-20 0 9.0977e-20 0 9.27209e-20 0 9.43154e-20 0 9.58103e-20 0 9.71808e-20 0 9.84765e-20 0 9.96976e-20 0 1.00844e-19 0 1.01941e-19 0 1.02987e-19 0 1.03959e-19 0 1.04932e-19 0
3702.84 7.47482e-18 7.47482e-18 6.73455e-29 9.00965e-12 -2.06532e-08 4.05865e-20 3.98783e-20 4.62034e-20 4.56271e-20 5.25016e-20 0 5.65346e-20 0 5.95559e-20 0 6.19961e-20 0 6.408e-20 0 6.58638e-20 0 6.74601e-20 0 6.88875e-20 0 7.02023e-20 0 7.14045e-20 0 7.25317e-20 0 7.3565e-20 0 7.4542e-20 0 7.54626e-20 0 7.6327e-20 0 7.71537e-20 0 7.7943e-20 0 7.86759e-20 0 7.94088e-20 0
3892.91 6.86506e-18 6.86506e-18 5.51491e-29 8.0333e-12 -1.70504e-07 3.07258e-20 3.01929e-20 3.49507e-20 3.45171e-20 3.96875e-20 0 4.27205e-20 0 4.49925e-20 0 4.68275e-20 0 4.83946e-20 0 4.9736e-20 0 5.09363e-20 0 5.20096e-20 0 5.29983e-20 0 5.39023e-20 0 5.47499e-20 0 5.55268e-20 0 5.62614e-20 0 5.69537e-20 0 5.76036e-20 0 5.82253e-20 0 5.88187e-20 0 5.93698e-20 0 5.99209e-20 0
4092.73 6.32328e-18 6.32328e-18 4.51536e-29 7.14085e-12 1.43181e-07 2.33197e-20 2.29177e-20 2.65066e-20 2.61795e-20 3.00793e-20 0 3.23667e-20 0 3.40802e-20 0 3.5464e-20 0 3.66458e-20 0 3.76574e-20 0 3.85626e-20 0 3.9372e-20 0 4.01176e-20 0 4.07993e-20 0 4.14384e-20 0 4.20243e-20 0 4.25782e-20 0 4.31003e-20 0 4.35903e-20 0 4.40591e-20 0 4.45066e-20 0 4.49222e-20 0 4.53377e-20 0
4302.81 5.8516e-18 5.8516e-18 3.6959e-29 6.31605e-12 -3.14705e-08 1.77759e-20 1.74712e-20 2.0191e-20 1.99431e-20 2.28982e-20 0 2.46314e-20 0 2.59297e-20 0 2.69782e-20 0 2.78736e-20 0 2.864e-20 0 2.93258e-20 0 2.99391e-20 0 3.05039e-20 0 3.10204e-20 0 3.15046e-20 0 3.19485e-20 0 3.23682e-20 0 3.27637e-20 0 3.3135e-20 0 3.34901e-20 0 3.38292e-20 0 3.4144e-20 0 3.44588e-20 0
4523.68 5.40302e-18 5.40302e-18 3.02503e-29 5.59878e-12 1.8547e-07 1.35155e-20 1.3285e-20 1.53415e-20 1.51541e-20 1.73882e-20 0 1.86985e-20 0 1.968e-20 0 2.04726e-20 0 2.11495e-20 0 2.17289e-20 0 2.22473e-20 0 2.27108e-20 0 2.31378e-20 0 2.35282e-20 0 2.38943e-20 0 2.42298e-20 0 2.45471e-20 0 2.4846e-20 0 2.51267e-20 0 2.53951e-20 0 2.56514e-20 0 2.58894e-20 0 2.61273e-20 0
4755.88 4.97687e-18 4.97687e-18 2.47719e-29 4.9774e-12 2.35545e-07 1.02485e-20 1.00746e-20 1.16258e-20 1.14844e-20 1.31694e-20 0 1.41576e-20 0 1.48978e-20 0 1.54955e-20 0 1.6006e-20 0 1.64429e-20 0 1.68338e-20 0 1.71834e-20 0 1.75054e-20 0 1.77998e-20 0 1.80758e-20 0 1.83288e-20 0 1.85681e-20 0 1.87935e-20 0 1.90051e-20 0 1.92076e-20 0 1.94008e-20 0 1.95803e-20 0 1.97597e-20 0
5000 4.57459e-18 4.57459e-18 2.02801e-29 4.43321e-12 4.48686e-07 7.75244e-21 7.62155e-21 8.78903e-21 8.68259e-21 9.95073e-21 0 1.06944e-20 0 1.12514e-20 0 1.17012e-20 0 1.20853e-20 0 1.24141e-20 0 1.27083e-20 0 1.29713e-20 0 1.32136e-20 0 1.34351e-20 0 1.36428e-20 0 1.38332e-20 0 1.40133e-20 0 1.41829e-20 0 1.43421e-20 0 1.44945e-20 0 1.46399e-20 0 1.47749e-20 0 1.49099e-20 0
