# 3.54285e-07 1 22 : grain size, compostion index, size index
# Heating and cooling timescale: 1674.04 23.5842
# Ratio of heating to cooling to determine stochastic cutoff: 100
# Equilibrium emission is recorded even for those grains in the stochastic regime.
# Emission spectrum was computed for: 
# Type: IRSF
# Scales: 0.5 1 2 5 10
StochasticallyHeated: 1 1 1 1 1
# Temperature: -1
# Wavelength  CExt  CAbs  CSca  Albedo G EqEm1 StEm1 EqEm2 StEm2 EqEm3 StEm3 EqEm4 StEm4 EqEm5 StEm5
0.05 1.7497e-13 1.69638e-13 5.33197e-15 0.0304736 0.0289201 0 0 0 0 0 0 0 0 0 0
0.0525665 2.02229e-13 1.96478e-13 5.75134e-15 0.0284397 0.0257561 0 0 0 0 0 0 0 0 0 0
0.0552647 2.33162e-13 2.26966e-13 6.19589e-15 0.0265733 0.0229177 0 0 0 0 0 0 0 0 0 0
0.0581015 2.64209e-13 2.57641e-13 6.56789e-15 0.0248587 0.0203669 0 0 0 0 0 0 0 0 0 0
0.0610839 2.9921e-13 2.92172e-13 7.03771e-15 0.023521 0.0179256 0 0 0 0 0 0 0 0 0 0
0.0642193 3.50548e-13 3.42608e-13 7.93978e-15 0.0226496 0.0155158 0 0 0 0 0 0 0 0 0 0
0.0675157 4.32831e-13 4.23296e-13 9.53552e-15 0.0220306 0.0130737 0 0 0 0 0 0 0 0 0 0
0.0709813 4.96461e-13 4.86217e-13 1.02438e-14 0.0206337 0.010889 0 0 0 0 0 0 0 0 0 0
0.0746248 4.91072e-13 4.81712e-13 9.35915e-15 0.0190586 0.00929112 0 0 0 0 0 0 0 0 0 0
0.0784553 4.31742e-13 4.24215e-13 7.52726e-15 0.0174346 0.00821981 0 0 0 0 0 0 0 0 0 0
0.0824824 3.51648e-13 3.46252e-13 5.39576e-15 0.0153442 0.0075975 0 0 0 0 0 0 0 0 0 0
0.0867162 3.07106e-13 3.02943e-13 4.16349e-15 0.0135572 0.00722031 0 0 0 0 0 0 0 0 0 0
0.0911674 2.72115e-13 2.68608e-13 3.50747e-15 0.0128896 0.00694303 0 0 0 0 0 0 0 0 0 0
0.095847 2.16259e-13 2.13449e-13 2.80966e-15 0.0129921 0.00725725 0 0 0 0 0 0 0 0 0 0
0.100767 1.50014e-13 1.48092e-13 1.92214e-15 0.0128131 0.00845984 0 0 0 0 0 0 0 0 0 0
0.105939 9.86814e-14 9.735e-14 1.33137e-15 0.0134916 0.0091627 0 0 0 0 0 0 0 0 0 0
0.111377 5.96981e-14 5.88884e-14 8.09674e-16 0.0135628 0.0104872 0 0 0 0 0 0 0 0 0 0
0.117094 4.47958e-14 4.42945e-14 5.01293e-16 0.0111906 0.00969829 0 0 0 0 0 0 0 0 0 0
0.123105 3.4639e-14 3.43138e-14 3.25157e-16 0.00938704 0.00833547 0 0 0 0 0 0 0 0 0 0
0.129424 2.8758e-14 2.85496e-14 2.08395e-16 0.00724651 0.00701279 0 0 0 0 0 0 0 0 0 0
0.136067 2.70034e-14 2.68687e-14 1.34655e-16 0.00498661 0.00593553 0 0 0 0 0 0 0 0 0 0
0.143051 2.78065e-14 2.77182e-14 8.82727e-17 0.00317454 0.00506554 0 0 0 0 0 0 0 0 0 0
0.150394 3.18939e-14 3.18339e-14 6.00229e-17 0.00188196 0.00432637 0 0 0 0 0 0 0 0 0 0
0.158114 3.85496e-14 3.85043e-14 4.52917e-17 0.0011749 0.00370675 0 0 0 0 0 0 0 0 0 0
0.16623 4.81254e-14 4.80836e-14 4.17188e-17 0.000866877 0.00318836 0 0 0 0 0 0 0 0 0 0
0.174762 6.28193e-14 6.27692e-14 5.00898e-17 0.000797364 0.00274303 0 0 0 0 0 0 0 0 0 0
0.183733 8.4154e-14 8.40827e-14 7.13085e-17 0.000847358 0.00233754 0 0 0 0 0 0 0 0 0 0
0.193164 1.16764e-13 1.16651e-13 1.13171e-16 0.000969227 0.00194604 0 0 0 0 0 0 0 0 0 0
0.203079 1.54902e-13 1.54729e-13 1.73403e-16 0.00111944 0.0015606 0 0 0 0 0 0 0 0 0 0
0.213503 1.68626e-13 1.68411e-13 2.14647e-16 0.00127292 0.00120009 0 0 0 0 0 0 0 0 0 0
0.224463 1.30378e-13 1.30198e-13 1.79589e-16 0.00137745 0.000889019 0 0 0 0 0 0 0 0 0 0
0.235984 8.89114e-14 8.87895e-14 1.21891e-16 0.00137092 0.000635217 0 0 0 0 0 0 0 0 0 0
0.248097 6.3012e-14 6.29333e-14 7.87378e-17 0.00124957 0.000485681 0 0 0 0 0 0 0 0 0 0
0.260832 4.9743e-14 4.96891e-14 5.39668e-17 0.00108491 0.000501958 0 0 0 0 0 0 0 0 0 0
0.274221 4.10263e-14 4.09875e-14 3.88658e-17 0.000947339 0.000668142 0 0 0 0 0 0 0 0 0 0
0.288297 3.54304e-14 3.54014e-14 2.89361e-17 0.000816703 0.000897776 0 0 0 0 0 0 0 0 0 0
0.303095 3.11347e-14 3.11124e-14 2.22805e-17 0.000715618 0.00100859 0 0 0 0 0 0 0 0 0 0
0.318653 2.7461e-14 2.74437e-14 1.73383e-17 0.00063138 0.00105402 0 0 0 0 0 0 0 0 0 0
0.335009 2.45992e-14 2.45855e-14 1.36497e-17 0.000554884 0.00103766 0 0 0 0 0 0 0 0 0 0
0.352205 2.23882e-14 2.23774e-14 1.08793e-17 0.000485938 0.000985319 0 0 0 0 0 0 0 0 0 0
0.370284 2.05431e-14 2.05344e-14 8.7485e-18 0.00042586 0.000921626 0 0 0 0 0 0 0 0 0 0
0.389291 1.88115e-14 1.88044e-14 7.08953e-18 0.000376873 0.000859574 0 0 0 0 0 0 0 0 0 0
0.409273 1.71591e-14 1.71534e-14 5.76253e-18 0.000335828 0.000799239 0 0 0 0 0 0 0 0 0 0
0.430281 1.55793e-14 1.55746e-14 4.68866e-18 0.000300954 0.000741862 0 0 0 0 0 0 0 0 0 0
0.452368 1.42208e-14 1.4217e-14 3.81445e-18 0.00026823 0.000682518 0 0 0 0 0 0 0 0 0 0
0.475588 1.2992e-14 1.29889e-14 3.10537e-18 0.000239022 0.000625644 0 0 0 0 0 0 0 0 0 0
0.5 1.19525e-14 1.195e-14 2.5348e-18 0.000212073 0.000571046 0 0 0 0 0 0 0 0 0 0
0.525665 1.10556e-14 1.10535e-14 2.07133e-18 0.000187356 0.000519402 0 0 0 0 0 0 0 0 0 0
0.552647 1.021e-14 1.02083e-14 1.69325e-18 0.000165841 0.000472347 0 0 0 0 0 0 0 0 0 0
0.581015 9.50786e-15 9.50646e-15 1.39095e-18 0.000146295 0.000428602 0 0 0 0 0 0 0 0 0 0
0.610839 8.83846e-15 8.83731e-15 1.14296e-18 0.000129317 0.000388973 0 0 0 0 0 0 0 0 0 0
0.642193 8.19951e-15 8.19857e-15 9.3904e-19 0.000114524 0.00035302 0 0 0 0 0 0 0 0 0 0
0.675157 7.60822e-15 7.60745e-15 7.72391e-19 0.000101521 0.000320539 0 0 0 0 0 0 0 0 0 0
0.709813 7.06204e-15 7.06141e-15 6.364e-19 9.01155e-05 0.000291404 0 0 0 0 0 0 0 0 0 0
0.746248 6.54917e-15 6.54864e-15 5.24447e-19 8.00785e-05 0.000265372 0 0 0 0 0 0 0 0 0 0
0.784553 6.06238e-15 6.06194e-15 4.32057e-19 7.12686e-05 0.000241729 0 0 0 0 0 0 0 0 0 0
0.824824 5.60767e-15 5.60731e-15 3.55866e-19 6.34607e-05 0.00022051 0 0 0 0 0 0 0 0 0 0
0.867162 5.18244e-15 5.18215e-15 2.93221e-19 5.65796e-05 0.000201416 0 0 0 0 0 0 0 0 0 0
0.911674 4.78313e-15 4.78288e-15 2.41476e-19 5.04849e-05 0.000184144 0 0 0 0 0 0 0 0 0 0
0.95847 4.41335e-15 4.41315e-15 1.98697e-19 4.50219e-05 0.000168662 0 0 0 0 0 0 0 0 0 0
1.00767 4.06781e-15 4.06765e-15 1.6351e-19 4.0196e-05 0.000154604 0 0 0 0 0 0 0 0 0 0
1.05939 3.75329e-15 3.75315e-15 1.34498e-19 3.58347e-05 0.000141853 0 0 0 0 0 0 0 0 0 0
1.11377 3.45781e-15 3.4577e-15 1.106e-19 3.19854e-05 0.000130244 0 0 0 0 0 0 0 0 0 0
1.17094 3.19562e-15 3.19553e-15 9.09084e-20 2.84478e-05 0.000119406 0 0 0 0 0 0 0 0 0 0
1.23105 2.95394e-15 2.95386e-15 7.47579e-20 2.53079e-05 0.000109483 0 0 0 0 0 0 0 0 0 0
1.29424 2.7299e-15 2.72984e-15 6.14966e-20 2.25271e-05 0.000100355 0 0 0 0 0 0 0 0 0 0
1.36067 2.52277e-15 2.52272e-15 5.0558e-20 2.00406e-05 9.20399e-05 0 0 0 0 0 0 0 0 0 0
1.43051 2.33165e-15 2.33161e-15 4.15462e-20 1.78184e-05 8.4464e-05 0 0 0 0 0 0 0 0 0 0
1.50394 2.15814e-15 2.15811e-15 3.41531e-20 1.58252e-05 7.74616e-05 0 0 0 0 0 0 0 1.4013e-45 0 7.00649e-45
1.58114 1.99976e-15 1.99973e-15 2.80761e-20 1.40397e-05 7.09328e-05 0 0 0 1.4013e-45 0 5.60519e-45 0 4.48416e-44 0 2.32616e-43
1.6623 1.8533e-15 1.85328e-15 2.30827e-20 1.24549e-05 6.48769e-05 0 9.80909e-45 0 4.2039e-44 0 1.73761e-43 0 1.26818e-42 0 6.33387e-42
1.74762 1.71546e-15 1.71544e-15 1.89796e-20 1.10639e-05 5.94198e-05 0 2.66247e-43 0 1.06218e-42 0 4.37766e-42 0 3.09771e-41 0 1.48459e-40
1.83733 1.58823e-15 1.58821e-15 1.56041e-20 9.82489e-06 5.44317e-05 0 5.90087e-42 0 2.31466e-41 0 9.41673e-41 0 6.49191e-40 0 3.01209e-39
1.93164 1.47036e-15 1.47034e-15 1.28241e-20 8.72178e-06 4.98521e-05 0 1.15537e-40 0 4.39311e-40 0 1.75194e-39 0 1.17646e-38 0 5.31357e-38
2.03079 1.36234e-15 1.36233e-15 1.0537e-20 7.73449e-06 4.56022e-05 0 2.04741e-39 0 7.40434e-39 0 2.8613e-38 0 1.86244e-37 0 8.20689e-37
2.13503 1.2618e-15 1.26179e-15 8.66449e-21 6.86677e-06 4.17145e-05 0 3.3553e-38 0 1.12989e-37 0 4.16382e-37 0 2.60061e-36 0 1.11687e-35
2.24463 1.16799e-15 1.16798e-15 7.12152e-21 6.09725e-06 3.81718e-05 0 5.15654e-37 0 1.5908e-36 0 5.49158e-36 0 3.24165e-35 0 1.35081e-34
2.35984 1.08202e-15 1.08202e-15 5.85111e-21 5.40757e-06 3.4906e-05 0 7.44708e-36 0 2.09543e-35 0 6.6795e-35 0 3.66027e-34 0 1.46864e-33
2.48097 1.00272e-15 1.00272e-15 4.80649e-21 4.79344e-06 3.18896e-05 0 9.99617e-35 0 2.58692e-34 0 7.57285e-34 0 3.79058e-33 0 1.4501e-32
2.60832 9.28729e-16 9.28726e-16 3.95168e-21 4.25493e-06 2.91064e-05 0 1.22824e-33 0 2.97037e-33 0 8.02424e-33 0 3.63497e-32 0 1.31262e-31
2.74221 8.59109e-16 8.59106e-16 3.24781e-21 3.78044e-06 2.65733e-05 0 1.36404e-32 0 3.13597e-32 0 7.91276e-32 0 3.24526e-31 0 1.09797e-30
2.88297 7.94758e-16 7.94756e-16 2.66725e-21 3.35605e-06 2.42812e-05 0 1.3611e-31 0 3.01834e-31 0 7.21743e-31 0 2.70406e-30 0 8.54725e-30
3.03095 7.34535e-16 7.34533e-16 2.19084e-21 2.98262e-06 2.21996e-05 0 1.21553e-30 0 2.62853e-30 0 6.03678e-30 0 2.09483e-29 0 6.20031e-29
3.18653 6.79081e-16 6.79079e-16 1.79984e-21 2.6504e-06 2.02683e-05 0 9.72914e-30 0 2.06738e-29 0 4.60974e-29 0 1.50382e-28 0 4.19387e-28
3.35009 6.27766e-16 6.27765e-16 1.47813e-21 2.35458e-06 1.84925e-05 0 6.99176e-29 0 1.46756e-28 0 3.20271e-28 0 9.95575e-28 0 2.6378e-27
3.52205 5.80122e-16 5.80121e-16 1.21334e-21 2.09153e-06 1.68766e-05 0 4.52473e-28 0 9.41447e-28 0 2.02253e-27 0 6.05771e-27 0 1.53805e-26
3.70284 5.36111e-16 5.3611e-16 9.96425e-22 1.85862e-06 1.53992e-05 0 2.64812e-27 0 5.4748e-27 0 1.16258e-26 0 3.38406e-26 0 8.29903e-26
3.89291 4.95751e-16 4.9575e-16 8.1799e-22 1.65e-06 1.40354e-05 0 1.40824e-26 0 2.8976e-26 0 6.0995e-26 0 1.73676e-25 0 4.14159e-25
4.09273 4.58515e-16 4.58515e-16 6.71414e-22 1.46432e-06 1.27483e-05 0 6.83042e-26 0 1.40033e-25 0 2.928e-25 0 8.19496e-25 0 1.91062e-24
4.30281 4.237e-16 4.23699e-16 5.50994e-22 1.30043e-06 1.15845e-05 0 3.03107e-25 0 6.19647e-25 0 1.28885e-24 0 3.55852e-24 0 8.14642e-24
4.52368 3.91402e-16 3.91402e-16 4.52305e-22 1.1556e-06 1.05254e-05 0 1.23638e-24 0 2.52181e-24 0 5.22335e-24 0 1.42649e-23 0 3.21733e-23
4.75588 3.6153e-16 3.61529e-16 3.71152e-22 1.02661e-06 9.55442e-06 0 4.65513e-24 0 9.47739e-24 0 1.95632e-23 0 5.29527e-23 1.4013e-45 1.17973e-22
5 3.34402e-16 3.34402e-16 3.04469e-22 9.10489e-07 8.62555e-06 0 1.62649e-23 0 3.30628e-23 0 6.80553e-23 0 1.82853e-22 6.72623e-44 4.03234e-22
5.25665 3.08484e-16 3.08484e-16 2.49824e-22 8.09844e-07 7.79266e-06 0 5.27165e-23 0 1.07021e-22 0 2.19765e-22 0 5.86824e-22 4.02733e-42 1.28299e-21
5.52648 2.84238e-16 2.84238e-16 2.04974e-22 7.21134e-07 7.04752e-06 0 1.59292e-22 0 3.23024e-22 0 6.61976e-22 2.24208e-44 1.75834e-21 1.92629e-40 3.81623e-21
5.81015 2.62003e-16 2.62003e-16 1.68068e-22 6.41473e-07 6.36727e-06 0 4.50993e-22 0 9.13674e-22 0 1.86912e-21 1.37187e-42 4.9423e-21 7.50768e-39 1.06593e-20
6.10839 2.41735e-16 2.41735e-16 1.37771e-22 5.69923e-07 5.72964e-06 0 1.2009e-21 0 2.43088e-21 0 4.9653e-21 6.70339e-41 1.30776e-20 2.4098e-37 2.80517e-20
6.42193 2.22459e-16 2.22459e-16 1.12934e-22 5.07662e-07 5.20754e-06 0 3.00634e-21 0 6.08094e-21 1.82169e-44 1.24043e-20 2.65888e-39 3.25582e-20 6.40887e-36 6.95062e-20
6.75157 2.05473e-16 2.05472e-16 9.25877e-23 4.50609e-07 4.6496e-06 0 7.14111e-21 0 1.44348e-20 1.04677e-42 2.94101e-20 8.70095e-38 7.69607e-20 1.43392e-34 1.63612e-19
7.09813 1.89584e-16 1.89583e-16 7.58643e-23 4.00163e-07 4.16308e-06 0 1.60653e-20 4.2039e-45 3.24548e-20 4.94056e-41 6.6055e-20 2.36072e-36 1.7239e-19 2.7098e-33 3.65136e-19
7.46248 1.75103e-16 1.75103e-16 6.2143e-23 3.54894e-07 3.71502e-06 0 3.43948e-20 2.50832e-43 6.94468e-20 1.90172e-39 1.41211e-19 5.36972e-35 3.67653e-19 4.36967e-32 7.76172e-19
7.84553 1.62044e-16 1.62044e-16 5.09222e-23 3.1425e-07 3.28377e-06 1.4013e-45 7.03258e-20 1.2337e-41 1.41928e-19 6.03918e-38 2.88349e-19 1.03389e-33 7.49137e-19 6.06554e-31 1.57693e-18
8.24824 1.49769e-16 1.49769e-16 4.17134e-23 2.78518e-07 2.88186e-06 5.1848e-44 1.37228e-19 4.92415e-40 2.76829e-19 1.5921e-36 5.61995e-19 1.69345e-32 1.45729e-18 7.27783e-30 3.0596e-18
8.67162 1.38398e-16 1.38398e-16 3.41472e-23 2.46732e-07 2.53378e-06 2.69049e-42 2.5644e-19 1.6153e-38 5.17116e-19 3.51995e-35 1.04909e-18 2.38086e-31 2.71569e-18 7.61024e-29 5.68836e-18
9.11674 1.28141e-16 1.2814e-16 2.79533e-23 2.18146e-07 2.22275e-06 1.12231e-40 4.60957e-19 4.40572e-37 9.29205e-19 6.59648e-34 1.88395e-18 2.90071e-30 4.86932e-18 6.99652e-28 1.01781e-17
9.5847 1.19027e-16 1.19027e-16 2.28735e-23 1.92171e-07 1.94268e-06 3.85234e-39 7.99773e-19 1.00962e-35 1.61169e-18 1.05785e-32 3.26586e-18 3.08844e-29 8.42938e-18 5.69899e-27 1.75863e-17
10.0767 1.10993e-16 1.10993e-16 1.87087e-23 1.68557e-07 1.681e-06 1.09942e-37 1.34303e-18 1.962e-34 2.70569e-18 1.46386e-31 5.47996e-18 2.89486e-28 1.41264e-17 4.14047e-26 2.94223e-17
10.5939 1.03909e-16 1.03909e-16 1.52908e-23 1.47155e-07 1.43044e-06 2.63317e-36 2.1872e-18 3.2603e-33 4.40524e-18 1.76116e-30 8.91812e-18 2.40433e-27 2.29635e-17 2.69885e-25 4.7755e-17
11.1377 9.79971e-17 9.79971e-17 1.24877e-23 1.2743e-07 1.19785e-06 5.35723e-35 3.47277e-18 4.68509e-32 6.99287e-18 1.86142e-29 1.41508e-17 1.78635e-26 3.64003e-17 1.5924e-24 7.55939e-17
11.7094 9.17524e-17 9.17524e-17 1.02936e-23 1.12189e-07 9.92139e-07 9.20035e-34 5.30705e-18 5.78034e-31 1.06842e-17 1.71467e-28 2.16127e-17 1.1768e-25 5.55434e-17 8.42518e-24 1.15205e-16
12.3105 8.75014e-17 8.75014e-17 8.36981e-24 9.56534e-08 7.75819e-07 1.37937e-32 8.02227e-18 6.3272e-30 1.61475e-17 1.42146e-27 3.26532e-17 7.09195e-25 8.38468e-17 4.12172e-23 1.73714e-16
12.9424 8.36477e-17 8.36477e-17 6.83437e-24 8.17042e-08 5.65385e-07 1.79004e-31 1.18232e-17 6.08761e-29 2.37939e-17 1.04993e-26 4.81012e-17 3.86779e-24 1.23421e-16 1.84346e-22 2.55441e-16
13.6067 8.05681e-17 8.05681e-17 5.58074e-24 6.92674e-08 3.89508e-07 2.03569e-30 1.71017e-17 5.20827e-28 3.44115e-17 6.98554e-26 6.95464e-17 1.92844e-23 1.78324e-16 7.61101e-22 3.68727e-16
14.3051 7.84814e-17 7.84814e-17 4.55346e-24 5.80196e-08 2.37395e-07 2.05018e-29 2.44029e-17 4.00136e-27 4.9096e-17 4.22514e-25 9.91993e-17 8.86478e-23 2.54198e-16 2.92395e-21 5.25166e-16
15.0394 7.74182e-17 7.74182e-17 3.71306e-24 4.79611e-08 1.00313e-07 1.84296e-28 3.44427e-17 2.78038e-26 6.92861e-17 2.33849e-24 1.39962e-16 3.77921e-22 3.5845e-16 1.05093e-20 7.39967e-16
15.8114 7.76e-17 7.76e-17 3.02771e-24 3.90168e-08 -2.83643e-08 1.49284e-27 4.83073e-17 1.76293e-25 9.71653e-17 1.19423e-23 1.9624e-16 1.50567e-21 5.02318e-16 3.55952e-20 1.03622e-15
16.623 7.90019e-17 7.90019e-17 2.46839e-24 3.12447e-08 -1.57761e-07 1.09563e-26 6.73776e-17 1.02497e-24 1.35509e-16 5.65162e-23 2.73631e-16 5.62666e-21 7.00085e-16 1.13984e-19 1.44323e-15
17.4762 8.17874e-17 8.17874e-17 2.01135e-24 2.45924e-08 -2.82461e-07 7.33478e-26 9.36707e-17 5.49793e-24 1.88372e-16 2.49251e-22 3.80311e-16 1.98227e-20 9.72604e-16 3.46708e-19 2.00381e-15
18.3733 8.635e-17 8.635e-17 1.63806e-24 1.897e-08 -3.99779e-07 4.51604e-25 1.30314e-16 2.74179e-23 2.62039e-16 1.03181e-21 5.28957e-16 6.6272e-20 1.35221e-15 1.00798e-18 2.78431e-15
19.3164 9.28122e-17 9.28122e-17 1.33575e-24 1.4392e-08 -5.19806e-07 2.56562e-24 1.81277e-16 1.27468e-22 3.6449e-16 4.01828e-21 7.35665e-16 2.10626e-19 1.87994e-15 2.80491e-18 3.86888e-15
20.3079 1.01474e-16 1.01474e-16 1.08994e-24 1.0741e-08 -6.56129e-07 1.35029e-23 2.52185e-16 5.54398e-22 5.07028e-16 1.4767e-20 1.02322e-15 6.37986e-19 2.61388e-15 7.48721e-18 5.37657e-15
21.3503 1.13047e-16 1.13047e-16 8.90309e-25 7.8756e-09 -7.55716e-07 6.62495e-23 3.51761e-16 2.26884e-21 7.07185e-16 5.14844e-20 1.42699e-15 1.85073e-18 3.64413e-15 1.92591e-17 7.49209e-15
22.4463 1.28229e-16 1.28229e-16 7.29595e-25 5.6898e-09 -8.34562e-07 3.04107e-22 4.92014e-16 8.76436e-21 9.89094e-16 1.70763e-19 1.99561e-15 5.15355e-18 5.09468e-15 4.78332e-17 1.04693e-14
23.5984 1.47577e-16 1.47577e-16 6.01467e-25 4.07562e-09 -9.07782e-07 1.30683e-21 6.88234e-16 3.19629e-20 1.38348e-15 5.38706e-19 2.79104e-15 1.37664e-17 7.12319e-15 1.14604e-16 1.46308e-14
24.8097 1.71263e-16 1.71263e-16 5.00122e-25 2.9202e-09 -1.00773e-06 5.24551e-21 9.57558e-16 1.09755e-19 1.92477e-15 1.61153e-18 3.88264e-15 3.51551e-17 9.90618e-15 2.63895e-16 2.03371e-14
26.0832 1.99053e-16 1.99053e-16 4.2124e-25 2.11621e-09 -1.07353e-06 1.96062e-20 1.31713e-15 3.53633e-19 2.6474e-15 4.55405e-18 5.33979e-15 8.54643e-17 1.36197e-14 5.81414e-16 2.79468e-14
27.4221 2.28942e-16 2.28942e-16 3.59701e-25 1.57114e-09 -1.1257e-06 6.76673e-20 1.77098e-15 1.05976e-18 3.55945e-15 1.20466e-17 7.17861e-15 1.9592e-16 1.83039e-14 1.21373e-15 3.75383e-14
28.8297 2.56442e-16 2.56442e-16 3.12329e-25 1.21793e-09 -1.14665e-06 2.12941e-19 2.29223e-15 2.91576e-18 4.60684e-15 2.94352e-17 9.28991e-15 4.17779e-16 2.3679e-14 2.36767e-15 4.85334e-14
30.3095 2.78391e-16 2.78391e-16 2.74542e-25 9.86173e-10 -1.15571e-06 6.10009e-19 2.84395e-15 7.3509e-18 5.71533e-15 6.62875e-17 1.15238e-14 8.26534e-16 2.93617e-14 4.3038e-15 6.0142e-14
31.8653 2.84793e-16 2.84793e-16 2.41217e-25 8.4699e-10 -1.13662e-06 1.55146e-18 3.29047e-15 1.65563e-17 6.61223e-15 1.34098e-16 1.33303e-14 1.47826e-15 3.39499e-14 7.10157e-15 6.94904e-14
33.5009 2.79184e-16 2.79184e-16 2.11574e-25 7.5783e-10 -1.11531e-06 3.5728e-18 3.61222e-15 3.3965e-17 7.25822e-15 2.48391e-16 1.46303e-14 2.43541e-15 3.72426e-14 1.08367e-14 7.61687e-14
35.2206 2.56208e-16 2.56208e-16 1.8119e-25 7.07198e-10 -1.05254e-06 7.29803e-18 3.6774e-15 6.21551e-17 7.3885e-15 4.12471e-16 1.48902e-14 3.61762e-15 3.78831e-14 1.49656e-14 7.74083e-14
37.0284 2.26761e-16 2.26761e-16 1.53262e-25 6.75875e-10 -9.89475e-07 1.36584e-17 3.57837e-15 1.04774e-16 7.18878e-15 6.33927e-16 1.44846e-14 5.00065e-15 3.68278e-14 1.93015e-14 7.51749e-14
38.9291 1.94443e-16 1.94443e-16 1.2732e-25 6.54792e-10 -9.04088e-07 2.35863e-17 3.34478e-15 1.63798e-16 6.71868e-15 9.07666e-16 1.3534e-14 6.47321e-15 3.43861e-14 2.33909e-14 7.01096e-14
40.9273 1.63793e-16 1.63793e-16 1.04748e-25 6.39518e-10 -8.13287e-07 3.81982e-17 3.04639e-15 2.41324e-16 6.11843e-15 1.23002e-15 1.23214e-14 7.96985e-15 3.12792e-14 2.70483e-14 6.36919e-14
43.0282 1.3703e-16 1.3703e-16 8.54555e-26 6.23628e-10 -6.92629e-07 5.87867e-17 2.73423e-15 3.3943e-16 5.49055e-15 1.59782e-15 1.10533e-14 9.45027e-15 2.80338e-14 3.02153e-14 5.69998e-14
45.2368 1.14217e-16 1.14217e-16 6.94818e-26 6.08331e-10 -5.59346e-07 8.6433e-17 2.42682e-15 4.58113e-16 4.87232e-15 1.99941e-15 9.80507e-15 1.08426e-14 2.48414e-14 3.2755e-14 5.04261e-14
47.5588 9.58034e-17 9.58034e-17 5.63534e-26 5.88219e-10 -3.36958e-07 1.22878e-16 2.1521e-15 6.00349e-16 4.31981e-15 2.43832e-15 8.68949e-15 1.21752e-14 2.19887e-14 3.48487e-14 4.45536e-14
50 8.03559e-17 8.03559e-17 4.57135e-26 5.68887e-10 -1.20538e-07 1.68174e-16 1.89533e-15 7.60419e-16 3.80345e-15 2.88418e-15 7.64712e-15 1.33143e-14 1.93249e-14 3.62027e-14 3.90766e-14
52.5665 6.79197e-17 6.79197e-17 3.70602e-26 5.45647e-10 1.15827e-07 2.23716e-16 1.67097e-15 9.39718e-16 3.35227e-15 3.33966e-15 6.73634e-15 1.43078e-14 1.69977e-14 3.70513e-14 3.42933e-14
55.2648 5.77364e-17 5.77364e-17 3.00508e-26 5.20483e-10 3.31069e-07 2.89192e-16 1.47217e-15 1.13255e-15 2.95249e-15 3.78335e-15 5.92938e-15 1.50977e-14 1.49364e-14 3.73244e-14 3.00598e-14
58.1015 4.93813e-17 4.93813e-17 2.44009e-26 4.94132e-10 5.17419e-07 3.64034e-16 1.29697e-15 1.33373e-15 2.60019e-15 4.20067e-15 5.21833e-15 1.56686e-14 1.31208e-14 3.70642e-14 2.63337e-14
61.0839 4.24569e-17 4.24569e-17 1.9821e-26 4.6685e-10 6.67174e-07 4.46548e-16 1.14181e-15 1.53555e-15 2.2882e-15 4.57297e-15 4.58873e-15 1.59965e-14 1.1514e-14 3.62863e-14 2.30397e-14
64.2193 3.66716e-17 3.66716e-17 1.61074e-26 4.39234e-10 7.88409e-07 5.34256e-16 1.00405e-15 1.72966e-15 2.01124e-15 4.88393e-15 4.02993e-15 1.60727e-14 1.00889e-14 3.5035e-14 2.01221e-14
67.5157 3.18384e-17 3.18384e-17 1.30998e-26 4.11447e-10 8.70137e-07 6.24678e-16 8.82565e-16 1.90971e-15 1.76702e-15 5.12605e-15 3.5373e-15 1.59185e-14 8.83352e-15 3.34101e-14 1.75555e-14
70.9813 2.77628e-17 2.77628e-17 1.06642e-26 3.84119e-10 9.10551e-07 7.14231e-16 7.7499e-16 2.0676e-15 1.55079e-15 5.28899e-15 3.10126e-15 1.55433e-14 7.72339e-15 3.14708e-14 1.52899e-14
74.6248 2.43016e-17 2.43016e-17 8.68386e-27 3.57337e-10 9.26826e-07 7.99155e-16 6.79594e-16 2.19654e-15 1.35908e-15 5.36744e-15 2.7148e-15 1.49686e-14 6.74062e-15 2.92905e-14 1.32885e-14
78.4553 2.13454e-17 2.13454e-17 7.07282e-27 3.31351e-10 9.20099e-07 8.75823e-16 5.95002e-16 2.29145e-15 1.18911e-15 5.36099e-15 2.37233e-15 1.42247e-14 5.87093e-15 2.69481e-14 1.15216e-14
82.4824 1.8815e-17 1.8815e-17 5.76584e-27 3.0645e-10 8.87083e-07 9.41327e-16 5.20246e-16 2.35005e-15 1.03895e-15 5.27542e-15 2.06989e-15 1.33516e-14 5.10407e-15 2.45291e-14 9.9679e-15
86.7162 1.66468e-17 1.66468e-17 4.70224e-27 2.82472e-10 8.2493e-07 9.93559e-16 4.5445e-16 2.37235e-15 9.0681e-16 5.12039e-15 1.8039e-15 1.23909e-14 4.43076e-15 2.2111e-14 8.60769e-15
91.1674 1.47731e-17 1.47731e-17 3.83522e-27 2.59608e-10 7.51287e-07 1.03023e-15 3.96376e-16 2.35792e-15 7.90215e-16 4.90291e-15 1.56934e-15 1.13704e-14 3.83821e-15 1.97381e-14 7.41474e-15
95.847 1.31471e-17 1.31471e-17 3.12839e-27 2.37953e-10 6.57767e-07 1.05028e-15 3.45173e-16 2.30903e-15 6.87451e-16 4.63421e-15 1.36275e-15 1.03224e-14 3.31751e-15 1.74572e-14 6.37048e-15
100.767 1.1738e-17 1.1738e-17 2.55414e-27 2.17595e-10 5.86238e-07 1.05421e-15 3.00285e-16 2.2308e-15 5.97391e-16 4.32928e-15 1.18184e-15 9.28151e-15 2.86263e-15 1.53141e-14 5.46195e-15
105.939 1.05434e-17 1.05434e-17 2.0851e-27 1.97764e-10 4.83973e-07 1.04574e-15 2.61738e-16 2.13404e-15 5.20071e-16 4.01162e-15 1.0266e-15 8.29474e-15 2.47307e-15 1.33702e-14 4.68674e-15
111.377 9.51381e-18 9.51381e-18 1.70198e-27 1.78896e-10 3.96156e-07 1.02459e-15 2.28282e-16 2.02014e-15 4.52981e-16 3.68454e-15 8.91989e-16 7.36191e-15 2.13617e-15 1.16078e-14 4.0193e-15
117.094 8.66548e-18 8.66548e-18 1.38984e-27 1.60388e-10 2.85468e-07 9.97149e-16 2.00206e-16 1.90288e-15 3.96675e-16 3.37278e-15 7.79032e-16 6.52422e-15 1.85384e-15 1.00751e-14 3.46174e-15
123.105 7.99284e-18 7.99284e-18 1.13588e-27 1.42112e-10 2.00023e-07 9.67863e-16 1.77152e-16 1.7907e-15 3.50416e-16 3.08915e-15 6.86173e-16 5.79545e-15 1.62175e-15 8.77569e-15 3.00433e-15
129.424 7.44925e-18 7.44925e-18 9.29135e-28 1.24729e-10 1.23738e-07 9.35593e-16 1.5782e-16 1.68098e-15 3.11604e-16 2.82652e-15 6.08223e-16 5.15168e-15 1.42702e-15 7.65786e-15 2.62164e-15
136.067 6.93407e-18 6.93407e-18 7.60631e-28 1.09695e-10 7.35243e-08 8.90985e-16 1.39938e-16 1.55701e-15 2.75738e-16 2.55542e-15 5.36338e-16 4.53227e-15 1.24855e-15 6.62072e-15 2.2739e-15
143.051 6.28974e-18 6.28974e-18 6.23588e-28 9.91436e-11 -4.41656e-09 8.16173e-16 1.20509e-16 1.3893e-15 2.36924e-16 2.22861e-15 4.59089e-16 3.85231e-15 1.05984e-15 5.53588e-15 1.91285e-15
150.394 5.59193e-18 5.59193e-18 5.1109e-28 9.13978e-11 -5.1399e-08 7.23837e-16 1.01386e-16 1.20191e-15 1.98834e-16 1.88682e-15 3.8369e-16 3.18345e-15 8.77966e-16 4.50466e-15 1.56982e-15
158.114 4.89692e-18 4.89692e-18 4.18267e-28 8.54144e-11 -7.04226e-08 6.25004e-16 8.37509e-17 1.01374e-15 1.63802e-16 1.55934e-15 3.14675e-16 2.57159e-15 7.13327e-16 3.58646e-15 1.2632e-15
166.23 4.28203e-18 4.28203e-18 3.42085e-28 7.98885e-11 -1.17281e-07 5.32989e-16 6.88701e-17 8.4556e-16 1.34295e-16 1.27592e-15 2.56741e-16 2.0595e-15 5.76278e-16 2.83339e-15 1.01043e-15
174.763 3.74993e-18 3.74993e-18 2.79894e-28 7.46398e-11 -1.59022e-07 4.50498e-16 5.65475e-17 6.99918e-16 1.09905e-16 1.03723e-15 2.09017e-16 1.64077e-15 4.64317e-16 2.2286e-15 8.05906e-16
183.733 3.32105e-18 3.32105e-18 2.28898e-28 6.89233e-11 -1.72068e-07 3.81325e-16 4.68168e-17 5.80894e-16 9.06658e-17 8.46316e-16 1.71464e-16 1.31362e-15 3.76786e-16 1.76292e-15 6.47252e-16
193.164 2.94661e-18 2.94661e-18 1.87148e-28 6.3513e-11 -1.72254e-07 3.20391e-16 3.87202e-17 4.791e-16 7.46921e-17 6.86928e-16 1.4041e-16 1.04739e-15 3.05079e-16 1.38986e-15 5.18599e-16
203.079 2.62443e-18 2.62443e-18 1.53046e-28 5.83158e-11 -1.74871e-07 2.67886e-16 3.20561e-17 3.93652e-16 6.15736e-17 5.55983e-16 1.15011e-16 8.33662e-16 2.46982e-16 1.09461e-15 4.15406e-16
213.503 2.35351e-18 2.35351e-18 1.25207e-28 5.32002e-11 -2.3161e-07 2.23682e-16 2.66469e-17 3.2334e-16 5.09474e-17 4.50264e-16 9.45192e-17 6.6462e-16 2.00534e-16 8.64034e-16 3.33693e-16
224.463 2.1094e-18 2.1094e-18 1.02412e-28 4.85503e-11 -2.16547e-07 1.85234e-16 2.20776e-17 2.63659e-16 4.20007e-17 3.62312e-16 7.73642e-17 5.26972e-16 1.62105e-16 6.78737e-16 2.66864e-16
235.984 1.88934e-18 1.88934e-18 8.37489e-29 4.4327e-11 -2.32407e-07 1.52185e-16 1.823e-17 2.13496e-16 3.4495e-17 2.89744e-16 6.30611e-17 4.15638e-16 1.30459e-16 5.30685e-16 2.1247e-16
248.097 1.69139e-18 1.69139e-18 6.85245e-29 4.05138e-11 -2.23373e-07 1.24119e-16 1.50047e-17 1.71765e-16 2.8229e-17 2.30399e-16 5.11995e-17 3.26248e-16 1.0455e-16 4.13155e-16 1.68458e-16
260.832 1.52325e-18 1.52325e-18 5.60708e-29 3.68101e-11 -2.44781e-07 1.01186e-16 1.23909e-17 1.38248e-16 2.31685e-17 1.83415e-16 4.16758e-17 2.56578e-16 8.39826e-17 3.22442e-16 1.33885e-16
274.221 1.37193e-18 1.37193e-18 4.58698e-29 3.34345e-11 -1.94242e-07 8.2002e-17 1.02059e-17 1.10699e-16 1.89586e-17 1.45361e-16 3.38118e-17 2.01039e-16 6.72282e-17 2.50833e-16 1.06051e-16
288.297 1.2342e-18 1.2342e-18 3.75198e-29 3.04002e-11 -2.26974e-07 6.60032e-17 8.37389e-18 8.81026e-17 1.54482e-17 1.14577e-16 2.7308e-17 1.56778e-16 5.35674e-17 1.94294e-16 8.36254e-17
303.095 1.11061e-18 1.11061e-18 3.07104e-29 2.76517e-11 -2.44223e-07 5.28603e-17 6.85442e-18 6.98171e-17 1.25532e-17 8.99784e-17 2.19887e-17 1.2189e-16 4.25511e-17 1.50104e-16 6.57498e-17
318.653 1.00287e-18 1.00287e-18 2.51312e-29 2.50593e-11 -2.15893e-07 4.22704e-17 5.61504e-18 5.52792e-17 1.0205e-17 7.06399e-17 1.7709e-17 9.47975e-17 3.38062e-17 1.16049e-16 5.1714e-17
335.009 9.04369e-19 9.04369e-19 2.05604e-29 2.27346e-11 -2.78492e-07 3.36001e-17 4.58134e-18 4.35338e-17 8.26006e-18 5.51894e-17 1.41974e-17 7.34129e-17 2.67374e-17 8.93706e-17 4.04996e-17
352.206 8.14577e-19 8.14577e-19 1.68244e-29 2.06542e-11 -2.52884e-07 2.65599e-17 3.72346e-18 3.41134e-17 6.65778e-18 4.29252e-17 1.13327e-17 5.66285e-17 2.10563e-17 6.85781e-17 3.15888e-17
370.284 7.36112e-19 7.36112e-19 1.37715e-29 1.87085e-11 -2.37511e-07 2.09778e-17 3.028e-18 2.67243e-17 5.36789e-18 3.33927e-17 9.04751e-18 4.37123e-17 1.65872e-17 5.26771e-17 2.4652e-17
389.291 6.64691e-19 6.64691e-19 1.12698e-29 1.6955e-11 -2.55337e-07 1.64924e-17 2.45388e-18 2.08498e-17 4.31172e-18 2.58818e-17 7.19551e-18 3.36343e-17 1.30187e-17 4.03459e-17 1.9173e-17
409.273 5.99392e-19 5.99392e-19 9.22027e-30 1.53827e-11 -1.04374e-07 1.29021e-17 1.98057e-18 1.6194e-17 3.44855e-18 1.99788e-17 5.69784e-18 2.57863e-17 1.01757e-17 3.07982e-17 1.48542e-17
430.282 5.42105e-19 5.42105e-19 7.54744e-30 1.39225e-11 -2.24171e-07 1.00889e-17 1.59893e-18 1.2578e-17 2.75827e-18 1.54282e-17 4.51199e-18 1.97856e-17 7.95561e-18 2.35352e-17 1.15144e-17
452.368 4.90151e-19 4.90151e-19 6.17785e-30 1.2604e-11 -2.23804e-07 7.86191e-18 1.28696e-18 9.7397e-18 2.19918e-18 1.18821e-17 3.56174e-18 1.51464e-17 6.20199e-18 1.79482e-17 8.90248e-18
475.588 4.42569e-19 4.42569e-19 5.0555e-30 1.14231e-11 -1.60128e-07 6.09993e-18 1.03164e-18 7.51215e-18 1.74606e-18 9.11804e-18 2.79997e-18 1.15574e-17 4.81627e-18 1.36461e-17 6.85852e-18
500 3.99107e-19 3.99107e-19 4.13648e-30 1.03643e-11 -2.66088e-07 4.71375e-18 8.23718e-19 5.77281e-18 1.38071e-18 6.97345e-18 2.19244e-18 8.79214e-18 3.72658e-18 1.03461e-17 5.2662e-18
525.665 3.62129e-19 3.62129e-19 3.38667e-30 9.3521e-12 -1.87239e-07 3.65541e-18 6.59973e-19 4.45334e-18 1.09552e-18 5.35545e-18 1.72277e-18 6.71849e-18 2.89453e-18 7.88086e-18 4.06033e-18
552.648 3.2815e-19 3.2815e-19 2.772e-30 8.44735e-12 -2.58157e-07 2.82405e-18 5.26685e-19 3.42366e-18 8.6578e-19 4.09985e-18 1.34853e-18 5.11921e-18 2.2404e-18 5.98695e-18 3.12058e-18
581.015 2.96955e-19 2.96955e-19 2.26832e-30 7.63859e-12 5.41399e-08 2.17378e-18 4.18635e-19 2.6232e-18 6.81492e-19 3.12887e-18 1.05156e-18 3.88958e-18 1.72811e-18 4.53611e-18 2.39073e-18
610.838 2.68392e-19 2.68392e-19 1.85653e-30 6.91723e-12 -9.54799e-09 1.66756e-18 3.31473e-19 2.00362e-18 5.34394e-19 2.38097e-18 8.17031e-19 2.94755e-18 1.32863e-18 3.42839e-18 1.82617e-18
642.193 2.42281e-19 2.42281e-19 1.51988e-30 6.27319e-12 -2.84648e-07 1.27507e-18 2.61463e-19 1.52581e-18 4.17492e-19 1.80683e-18 6.32589e-19 2.22805e-18 1.0183e-18 2.58505e-18 1.39095e-18
675.157 2.18413e-19 2.18413e-19 1.24394e-30 5.69534e-12 -4.07431e-07 9.71771e-19 2.05437e-19 1.15843e-18 3.24928e-19 1.36727e-18 4.8804e-19 1.67981e-18 7.77971e-19 1.94439e-18 1.05637e-18
709.813 1.97134e-19 1.97134e-19 1.01785e-30 5.16322e-12 -4.14754e-07 7.40182e-19 1.61209e-19 8.79189e-19 2.52596e-19 1.03447e-18 3.76179e-19 1.26654e-18 5.9404e-19 1.46278e-18 8.02056e-19
746.247 1.78927e-19 1.78927e-19 8.333e-31 4.6572e-12 3.01139e-07 5.65993e-19 1.26901e-19 6.70017e-19 1.97017e-19 7.86056e-19 2.90993e-19 9.59254e-19 4.55385e-19 1.10557e-18 6.11527e-19
784.553 1.62191e-19 1.62191e-19 6.82153e-31 4.20585e-12 -3.32753e-08 4.31548e-19 9.95268e-20 5.09238e-19 1.53129e-19 5.95792e-19 2.24367e-19 7.24831e-19 3.48088e-19 8.33744e-19 4.65033e-19
824.824 1.46823e-19 1.46823e-19 5.58275e-31 3.80237e-12 -4.21254e-07 3.28106e-19 7.77705e-20 3.86016e-19 1.18604e-19 4.50457e-19 1.7244e-19 5.46429e-19 2.65315e-19 6.27367e-19 3.52711e-19
867.162 1.32736e-19 1.32736e-19 4.56842e-31 3.44172e-12 -3.15079e-07 2.48782e-19 6.05525e-20 2.91867e-19 9.15541e-20 3.39761e-19 1.32122e-19 4.11021e-19 2.01671e-19 4.71075e-19 2.66849e-19
911.674 1.19867e-19 1.19867e-19 3.74051e-31 3.12054e-12 -9.03195e-08 1.88176e-19 4.69897e-20 2.20179e-19 7.04547e-20 2.5572e-19 1.00944e-19 3.08556e-19 1.52914e-19 3.53053e-19 2.01435e-19
958.471 1.081e-19 1.081e-19 3.06179e-31 2.83236e-12 -8.04404e-09 1.41965e-19 3.63374e-20 1.65693e-19 5.40415e-20 1.92022e-19 7.6894e-20 2.31133e-19 1.15639e-19 2.64051e-19 1.51687e-19
1007.67 9.74615e-20 9.74615e-20 2.50555e-31 2.5708e-12 8.08543e-07 1.06947e-19 2.80339e-20 1.24529e-19 4.1365e-20 1.44022e-19 5.84669e-20 1.72957e-19 8.73192e-20 1.97298e-19 1.14078e-19
1059.39 8.82869e-20 8.82869e-20 2.05089e-31 2.32298e-12 4.92048e-07 8.08602e-20 2.16868e-20 9.39437e-20 3.17565e-20 1.0844e-19 4.46003e-20 1.29944e-19 6.61705e-20 1.48024e-19 8.6117e-20
1113.77 7.98791e-20 7.98791e-20 1.67909e-31 2.10204e-12 -3.63971e-07 6.09987e-20 1.67238e-20 7.072e-20 2.43095e-20 8.1484e-20 3.39332e-20 9.74423e-20 5.00278e-20 1.10854e-19 6.48714e-20
1170.94 7.21742e-20 7.21742e-20 1.37428e-31 1.90412e-12 4.82441e-07 4.59082e-20 1.28551e-20 5.31192e-20 1.85537e-20 6.10991e-20 2.57476e-20 7.29236e-20 3.77323e-20 8.28572e-20 4.87584e-20
1231.05 6.52237e-20 6.52237e-20 1.12456e-31 1.72416e-12 8.32467e-08 3.45249e-20 9.86518e-21 3.98734e-20 1.41415e-20 4.5789e-20 1.95149e-20 5.45505e-20 2.84353e-20 6.19082e-20 3.66239e-20
1294.24 5.90965e-20 5.90965e-20 9.20719e-32 1.55799e-12 6.12533e-07 2.60092e-20 7.57731e-21 2.99856e-20 1.07907e-20 3.43814e-20 1.48115e-20 4.08893e-20 2.14646e-20 4.63526e-20 2.75596e-20
1360.67 5.3496e-20 5.3496e-20 7.53725e-32 1.40894e-12 7.46886e-07 1.95599e-20 5.80504e-21 2.25128e-20 8.21489e-21 2.57757e-20 1.12184e-20 3.06045e-20 1.61734e-20 3.46571e-20 2.07044e-20
1430.51 4.83619e-20 4.83619e-20 6.16859e-32 1.27551e-12 1.18633e-06 1.46787e-20 4.43428e-21 1.68682e-20 6.23725e-21 1.92866e-20 8.47621e-21 2.28643e-20 1.21599e-20 2.5866e-20 1.55227e-20
1503.94 4.3681e-20 4.3681e-20 5.04805e-32 1.15566e-12 6.04604e-07 1.09976e-20 3.37897e-21 1.26192e-20 4.72539e-21 1.44098e-20 6.39184e-21 1.70578e-20 9.1268e-21 1.9279e-20 1.16197e-20
1581.14 3.96329e-20 3.96329e-20 4.13336e-32 1.04291e-12 -1.25803e-06 8.27147e-21 2.58277e-21 9.47777e-21 3.59194e-21 1.08093e-20 4.83717e-21 1.2778e-20 6.87619e-21 1.4429e-20 8.73212e-21
1662.3 3.59144e-20 3.59144e-20 3.38344e-32 9.42083e-13 -2.13266e-06 6.2091e-21 1.96891e-21 7.10519e-21 2.72374e-21 8.09406e-21 3.65253e-21 9.55566e-21 5.17023e-21 1.07812e-20 6.54989e-21
1747.63 3.25011e-20 3.25011e-20 2.76881e-32 8.51912e-13 -3.39292e-07 4.6518e-21 1.49693e-21 5.31646e-21 2.06035e-21 6.04975e-21 2.75182e-21 7.13333e-21 3.87961e-21 8.04171e-21 4.90364e-21
1837.33 2.93774e-20 2.93774e-20 2.26641e-32 7.71483e-13 -4.28436e-07 3.47892e-21 1.13529e-21 3.97128e-21 1.55505e-21 4.51434e-21 2.06901e-21 5.31667e-21 2.90582e-21 5.98915e-21 3.66484e-21
1931.64 2.65222e-20 2.65222e-20 1.85557e-32 6.99632e-13 -2.77769e-07 2.59721e-21 8.58946e-22 2.96146e-21 1.17111e-21 3.36313e-21 1.55251e-21 3.95645e-21 2.17251e-21 4.45367e-21 2.73434e-21
2030.79 2.40948e-20 2.40948e-20 1.51877e-32 6.30332e-13 -7.93597e-07 1.95012e-21 6.5319e-22 2.22126e-21 8.86666e-22 2.52019e-21 1.17136e-21 2.96167e-21 1.63349e-21 3.33161e-21 2.05191e-21
2135.03 2.22504e-20 2.22504e-20 1.24278e-32 5.58544e-13 7.14611e-07 1.48764e-21 5.04346e-22 1.69277e-21 6.81753e-22 1.91889e-21 8.97685e-22 2.25279e-21 1.24775e-21 2.53254e-21 1.56445e-21
2244.63 2.05279e-20 2.05279e-20 1.01754e-32 4.95689e-13 -1.56364e-06 1.13324e-21 3.88645e-22 1.28828e-21 5.23257e-22 1.45915e-21 6.86832e-22 1.71143e-21 9.51707e-22 1.92277e-21 1.19116e-21
2359.84 1.89179e-20 1.89179e-20 8.33011e-33 4.40331e-13 3.48228e-06 8.61938e-22 2.98857e-22 9.78975e-22 4.0084e-22 1.10795e-21 5.24582e-22 1.29834e-21 7.24739e-22 1.45783e-21 9.05572e-22
2480.97 1.74141e-20 1.74141e-20 6.81749e-33 3.91493e-13 -1.18552e-06 6.54553e-22 2.29328e-22 7.42796e-22 3.06472e-22 8.40027e-22 3.99948e-22 9.83543e-22 5.51001e-22 1.10375e-21 6.8739e-22
2608.32 1.60118e-20 1.60118e-20 5.57923e-33 3.48444e-13 -3.62388e-06 4.96313e-22 1.75618e-22 5.62767e-22 2.33887e-22 6.35982e-22 3.04404e-22 7.44038e-22 4.18255e-22 8.34536e-22 5.20999e-22
2742.21 1.47074e-20 1.47074e-20 4.56826e-33 3.1061e-13 -1.27277e-06 3.75797e-22 1.34233e-22 4.25789e-22 1.78185e-22 4.8086e-22 2.31315e-22 5.62131e-22 3.17027e-22 6.30191e-22 3.94339e-22
2882.96 1.34929e-20 1.34929e-20 3.73948e-33 2.77143e-13 5.66576e-06 2.84103e-22 1.02393e-22 3.21663e-22 1.35496e-22 3.63035e-22 1.75471e-22 4.24085e-22 2.39913e-22 4.75207e-22 2.98014e-22
3030.95 1.23636e-20 1.23636e-20 3.06017e-33 2.47513e-13 -3.68299e-06 2.14445e-22 7.79486e-23 2.42629e-22 1.02843e-22 2.73671e-22 1.32878e-22 3.19473e-22 1.81263e-22 3.57825e-22 2.2487e-22
3186.53 1.13161e-20 1.13161e-20 2.50495e-33 2.21361e-13 -6.66675e-06 1.61633e-22 5.92294e-23 1.82757e-22 7.79255e-23 2.06021e-22 1.00462e-22 2.40344e-22 1.36748e-22 2.69083e-22 1.69438e-22
3350.09 1.03455e-20 1.03455e-20 2.05087e-33 1.98238e-13 3.28114e-06 1.21651e-22 4.49222e-23 1.37464e-22 5.89438e-23 1.54878e-22 7.5833e-23 1.8057e-22 1.0301e-22 2.0208e-22 1.27487e-22
3522.05 9.44618e-21 9.44618e-21 1.67863e-33 1.77705e-13 3.23265e-07 9.1416e-23 3.40051e-23 1.03239e-22 4.45055e-23 1.16258e-22 5.71446e-23 1.35463e-22 7.74727e-23 1.51542e-22 9.57755e-23
3702.84 8.61392e-21 8.61392e-21 1.37358e-33 1.5946e-13 -4.27535e-06 6.85885e-23 2.56914e-23 7.74159e-23 3.35434e-23 8.71358e-23 4.29885e-23 1.01474e-22 5.81728e-23 1.13477e-22 7.18407e-23
3892.91 7.84652e-21 7.84652e-21 1.12465e-33 1.43331e-13 3.73716e-06 5.13926e-23 1.93778e-23 5.79763e-23 2.52419e-23 6.52252e-23 3.22919e-23 7.59179e-23 4.3621e-23 8.48692e-23 5.38163e-23
4092.73 7.13842e-21 7.13842e-21 9.2068e-34 1.28975e-13 -7.84071e-06 3.84495e-23 1.45887e-23 4.33534e-23 1.89621e-23 4.87526e-23 2.42171e-23 5.67164e-23 3.26586e-23 6.33831e-23 4.02535e-23
4302.81 6.4857e-21 6.4857e-21 7.53511e-34 1.1618e-13 1.08927e-06 2.87217e-23 1.09629e-23 3.23696e-23 1.42197e-23 3.63857e-23 1.81312e-23 4.23092e-23 2.44125e-23 4.72677e-23 3.00628e-23
4523.68 5.88524e-21 5.88524e-21 6.16663e-34 1.04781e-13 6.65779e-06 2.14232e-23 8.22351e-24 2.41332e-23 1.06455e-23 2.71167e-23 1.35531e-23 3.1517e-23 1.82208e-23 3.52004e-23 2.24189e-23
4755.88 5.33438e-21 5.33438e-21 5.04915e-34 9.46529e-14 -4.32972e-06 1.59581e-23 6.15873e-24 1.79691e-23 7.95765e-24 2.0183e-23 1.01164e-23 2.34481e-23 1.35811e-23 2.61811e-23 1.66966e-23
5000 4.82869e-21 4.82869e-21 4.13305e-34 8.55936e-14 -4.03932e-06 1.18691e-23 4.60411e-24 1.33594e-23 5.93835e-24 1.5e-23 7.53891e-24 1.74195e-23 1.01071e-23 1.94447e-23 1.24161e-23
