# 4.4668e-05 1 124 : grain size, compostion index, size index
# Heating and cooling timescale: 0.00226597 1.12008e+07
# Ratio of heating to cooling to determine stochastic cutoff: 100
# Equilibrium emission is recorded even for those grains in the stochastic regime.
# Emission spectrum was computed for: 
# Type: IRSF
# Scales: 0.25 0.5 1 1.5 2 2.5 3 3.5 4 4.5 5 5.5 6 6.5 7 7.5 8 8.5 9 9.5 10
# StochasticallyHeated: 0 0 0 0 0 0 0 0 0 0 0 0 0 0 0 0 0 0 0 0 0
# Temperature: -1
# Wavelength  CExt  CAbs  CSca  Albedo G EqEm1 StEm1 EqEm2 StEm2 EqEm3 StEm3 EqEm4 StEm4 EqEm5 StEm5 EqEm6 StEm6 EqEm7 StEm7 EqEm8 StEm8 EqEm9 StEm9 EqEm10 StEm10 EqEm11 StEm11 EqEm12 StEm12 EqEm13 StEm13 EqEm14 StEm14 EqEm15 StEm15 EqEm16 StEm16 EqEm17 StEm17 EqEm18 StEm18 EqEm19 StEm19 EqEm20 StEm20 EqEm21 StEm21
0.05 3.45712e-09 1.53805e-09 1.91907e-09 0.555107 0.214353 0 0 0 0 0 0 0 0 0 0 0 0 0 0 0 0 0 0 0 0 0 0 0 0 0 0 0 0 0 0 0 0 0 0 0 0 0 0 0 0 0 0
0.0525665 3.82114e-09 1.7e-09 2.12114e-09 0.555107 0.236924 0 0 0 0 0 0 0 0 0 0 0 0 0 0 0 0 0 0 0 0 0 0 0 0 0 0 0 0 0 0 0 0 0 0 0 0 0 0 0 0 0 0
0.0552647 4.22349e-09 1.879e-09 2.34449e-09 0.555107 0.26187 0 0 0 0 0 0 0 0 0 0 0 0 0 0 0 0 0 0 0 0 0 0 0 0 0 0 0 0 0 0 0 0 0 0 0 0 0 0 0 0 0 0
0.0581015 4.6682e-09 2.07685e-09 2.59135e-09 0.555107 0.289444 0 0 0 0 0 0 0 0 0 0 0 0 0 0 0 0 0 0 0 0 0 0 0 0 0 0 0 0 0 0 0 0 0 0 0 0 0 0 0 0 0 0
0.0610839 5.15974e-09 2.29553e-09 2.86421e-09 0.555107 0.319921 0 0 0 0 0 0 0 0 0 0 0 0 0 0 0 0 0 0 0 0 0 0 0 0 0 0 0 0 0 0 0 0 0 0 0 0 0 0 0 0 0 0
0.0642193 5.70303e-09 2.53724e-09 3.16579e-09 0.555107 0.353607 0 0 0 0 0 0 0 0 0 0 0 0 0 0 0 0 0 0 0 0 0 0 0 0 0 0 0 0 0 0 0 0 0 0 0 0 0 0 0 0 0 0
0.0675157 6.30354e-09 2.8044e-09 3.49914e-09 0.555107 0.390841 0 0 0 0 0 0 0 0 0 0 0 0 0 0 0 0 0 0 0 0 0 0 0 0 0 0 0 0 0 0 0 0 0 0 0 0 0 0 0 0 0 0
0.0709813 6.96727e-09 3.09969e-09 3.86758e-09 0.555107 0.431994 0 0 0 0 0 0 0 0 0 0 0 0 0 0 0 0 0 0 0 0 0 0 0 0 0 0 0 0 0 0 0 0 0 0 0 0 0 0 0 0 0 0
0.0746248 7.70089e-09 3.42607e-09 4.27481e-09 0.555107 0.477481 0 0 0 0 0 0 0 0 0 0 0 0 0 0 0 0 0 0 0 0 0 0 0 0 0 0 0 0 0 0 0 0 0 0 0 0 0 0 0 0 0 0
0.0784553 8.51175e-09 3.78682e-09 4.72493e-09 0.555107 0.527757 0 0 0 0 0 0 0 0 0 0 0 0 0 0 0 0 0 0 0 0 0 0 0 0 0 0 0 0 0 0 0 0 0 0 0 0 0 0 0 0 0 0
0.0824824 9.408e-09 4.18555e-09 5.22244e-09 0.555107 0.583328 0 0 0 0 0 0 0 0 0 0 0 0 0 0 0 0 0 0 0 0 0 0 0 0 0 0 0 0 0 0 0 0 0 0 0 0 0 0 0 0 0 0
0.0867162 1.03986e-08 4.62627e-09 5.77234e-09 0.555107 0.644749 0 0 0 0 0 0 0 0 0 0 0 0 0 0 0 0 0 0 0 0 0 0 0 0 0 0 0 0 0 0 0 0 0 0 0 0 0 0 0 0 0 0
0.0911674 1.14935e-08 5.1134e-09 6.38014e-09 0.555107 0.712638 0 0 0 0 0 0 0 0 0 0 0 0 0 0 0 0 0 0 0 0 0 0 0 0 0 0 0 0 0 0 0 0 0 0 0 0 0 0 0 0 0 0
0.095847 1.27038e-08 5.65182e-09 7.05194e-09 0.555107 0.787676 0 0 0 0 0 0 0 0 0 0 0 0 0 0 0 0 0 0 0 0 0 0 0 0 0 0 0 0 0 0 0 0 0 0 0 0 0 0 0 0 0 0
0.100767 1.38389e-08 6.1577e-09 7.68125e-09 0.555046 0.85738 0 0 0 0 0 0 0 0 0 0 0 0 0 0 0 0 0 0 0 0 0 0 0 0 0 0 0 0 0 0 0 0 0 0 0 0 0 0 0 0 0 0
0.105939 1.39094e-08 6.19564e-09 7.71379e-09 0.554573 0.86052 0 0 0 0 0 0 0 0 0 0 0 0 0 0 0 0 0 0 0 0 0 0 0 0 0 0 0 0 0 0 0 0 0 0 0 0 0 0 0 0 0 0
0.111377 1.39801e-08 6.23712e-09 7.74296e-09 0.553857 0.864713 0 0 0 0 0 0 0 0 0 0 0 0 0 0 0 0 0 0 0 0 0 0 0 0 0 0 0 0 0 0 0 0 0 0 0 0 0 0 0 0 0 0
0.117094 1.40512e-08 6.27775e-09 7.77341e-09 0.553222 0.867193 0 0 0 0 0 0 0 0 0 0 0 0 0 0 0 0 0 0 0 0 0 0 0 0 0 0 0 0 0 0 0 0 0 0 0 0 0 0 0 0 0 0
0.123105 1.41224e-08 6.32598e-09 7.79638e-09 0.552059 0.868526 0 0 0 0 0 0 0 0 0 0 0 0 0 0 0 0 0 0 0 0 0 0 0 0 0 0 0 0 0 0 0 0 0 0 0 0 0 0 0 0 0 0
0.129424 1.41912e-08 6.37697e-09 7.81428e-09 0.550641 0.868852 0 0 0 0 0 0 0 0 0 0 0 0 0 0 0 0 0 0 0 0 0 0 0 0 0 0 0 0 0 0 0 0 0 0 0 0 0 0 0 0 0 0
0.136067 1.42648e-08 6.42044e-09 7.84439e-09 0.549911 0.867985 0 0 0 0 0 0 0 0 0 0 0 0 0 0 0 0 0 0 0 0 0 0 0 0 0 0 0 0 0 0 0 0 0 0 0 0 0 0 0 0 0 0
0.143051 1.43383e-08 6.47748e-09 7.86081e-09 0.548239 0.865125 0 0 0 0 0 0 0 0 0 0 0 0 0 0 0 0 0 0 0 0 0 0 0 0 0 0 0 0 0 0 0 0 0 0 0 0 0 0 0 0 0 0
0.150394 1.44147e-08 6.55733e-09 7.85739e-09 0.545095 0.865462 0 0 0 0 0 0 0 0 0 0 0 0 0 0 0 0 0 0 0 0 0 0 0 0 0 0 0 0 0 0 0 0 0 0 0 0 0 0 0 0 0 0
0.158114 1.44823e-08 6.66416e-09 7.81814e-09 0.539841 0.870739 0 0 0 0 0 0 0 0 0 0 0 0 0 0 0 0 0 0 0 0 0 0 0 0 0 0 0 0 0 0 0 0 0 0 0 0 0 0 0 0 0 0
0.16623 1.45536e-08 6.78506e-09 7.76852e-09 0.533788 0.877439 0 0 0 0 0 0 0 0 0 0 0 0 0 0 0 0 0 0 0 0 0 0 0 0 0 0 0 0 0 0 0 0 0 0 0 0 0 0 0 0 0 0
0.174762 1.45971e-08 6.8955e-09 7.70157e-09 0.527611 0.883288 0 0 0 0 0 0 0 0 0 0 0 0 0 0 0 0 0 0 0 0 0 0 0 0 0 0 0 0 0 0 0 0 0 0 0 0 0 0 0 0 0 0
0.183733 1.48557e-08 6.92931e-09 7.9264e-09 0.533559 0.88665 0 0 0 0 0 0 0 0 0 0 0 0 0 0 0 0 0 0 0 0 0 0 0 0 0 0 0 0 0 0 0 0 0 0 0 0 0 0 0 0 0 0
0.193164 1.50547e-08 6.86387e-09 8.19081e-09 0.544071 0.877144 0 0 0 0 0 0 0 0 0 0 0 0 0 0 0 0 0 0 0 0 0 0 0 0 0 0 0 0 0 0 0 0 0 0 0 0 0 0 0 0 0 0
0.203079 1.44942e-08 6.84653e-09 7.64768e-09 0.527637 0.86487 0 0 0 0 0 0 0 0 0 0 0 0 0 0 0 0 0 0 0 0 0 0 0 0 0 0 0 0 0 0 0 0 0 0 0 0 0 0 0 0 0 0
0.213503 1.46406e-08 6.86385e-09 7.77679e-09 0.531178 0.837607 0 0 0 0 0 0 0 0 0 0 0 0 0 0 0 0 0 0 0 0 0 0 0 0 0 0 0 0 0 0 0 0 0 0 0 0 0 0 0 0 0 0
0.224463 1.53089e-08 6.88205e-09 8.42685e-09 0.550454 0.813313 0 0 0 0 0 0 0 0 0 0 0 0 0 0 0 0 0 0 0 0 0 0 0 0 0 0 0 0 0 0 0 0 0 0 0 0 0 0 0 0 0 0
0.235984 1.56519e-08 6.90873e-09 8.74316e-09 0.558601 0.818173 0 0 0 0 0 0 0 0 0 0 0 0 0 0 0 0 0 0 0 0 0 0 0 0 0 0 0 0 0 0 0 0 0 0 0 0 0 0 0 0 0 0
0.248097 1.54802e-08 6.93532e-09 8.54487e-09 0.551987 0.822395 0 0 0 0 0 0 0 0 0 0 0 0 0 0 0 0 0 0 0 0 0 0 0 0 0 0 0 0 0 0 0 0 0 0 0 0 0 0 0 0 0 0
0.260832 1.51479e-08 6.9667e-09 8.18125e-09 0.54009 0.808097 0 0 0 0 0 0 0 0 0 0 0 0 0 0 0 0 0 0 0 0 0 0 0 0 0 0 0 0 0 0 0 0 0 0 0 0 0 0 0 0 0 0
0.274221 1.50095e-08 6.97237e-09 8.03708e-09 0.535468 0.776421 0 0 0 0 0 0 0 0 0 0 0 0 0 0 0 0 0 0 0 0 0 0 0 0 0 0 0 0 0 0 0 0 0 0 0 0 0 0 0 0 0 0
0.288297 1.51889e-08 6.98728e-09 8.2016e-09 0.539974 0.763599 0 0 0 0 0 0 0 0 0 0 0 0 0 0 0 0 0 0 0 0 0 0 0 0 0 0 0 0 0 0 0 0 0 0 0 0 0 0 0 0 0 0
0.303095 1.55624e-08 7.01561e-09 8.5468e-09 0.549195 0.769232 0 0 0 0 0 0 0 0 0 0 0 0 0 0 0 0 0 0 0 0 0 0 0 0 0 0 0 0 0 0 0 0 0 0 0 0 0 0 0 0 0 0
0.318653 1.58849e-08 6.97198e-09 8.91288e-09 0.561093 0.791611 0 0 0 0 0 0 0 0 0 0 0 0 0 0 0 0 0 0 0 0 0 0 0 0 0 0 0 0 0 0 0 0 0 0 0 0 0 0 0 0 0 0
0.335009 1.60564e-08 6.94655e-09 9.10989e-09 0.567367 0.813504 0 0 0 0 0 0 0 0 0 0 0 0 0 0 0 0 0 0 0 0 0 0 0 0 0 0 0 0 0 0 0 0 0 0 0 0 0 0 0 0 0 0
0.352205 1.60276e-08 6.93039e-09 9.09724e-09 0.567597 0.823121 0 0 0 0 0 0 0 0 0 0 0 0 0 0 0 0 0 0 0 0 0 0 0 0 0 0 0 0 0 0 0 0 0 0 0 0 0 0 0 0 0 0
0.370284 1.58268e-08 6.81636e-09 9.01043e-09 0.569315 0.824044 0 0 0 0 0 0 0 0 0 0 0 0 0 0 0 0 0 0 0 0 0 0 0 0 0 0 0 0 0 0 0 0 0 0 0 0 0 0 0 0 0 0
0.389291 1.55571e-08 6.81022e-09 8.74687e-09 0.562243 0.802046 0 0 0 0 0 0 0 0 0 0 0 0 0 0 0 0 0 0 0 0 0 0 0 0 0 0 0 0 0 0 0 0 0 0 0 0 0 0 0 0 0 0
0.409273 1.53506e-08 6.67822e-09 8.67233e-09 0.564952 0.766801 0 0 0 0 0 0 0 0 0 0 0 0 0 0 0 0 0 0 0 0 0 0 0 0 0 0 0 0 0 0 0 0 0 0 0 0 0 0 0 0 0 0
0.430281 1.53481e-08 6.61728e-09 8.73086e-09 0.568855 0.71714 0 0 0 0 0 0 0 0 0 0 0 0 0 0 0 0 0 0 0 0 0 0 0 0 0 0 0 0 0 0 0 0 0 0 0 0 0 0 0 0 0 0
0.452368 1.54517e-08 6.45277e-09 8.9989e-09 0.58239 0.646154 0 0 0 0 0 0 0 0 0 0 0 0 0 0 0 0 0 0 0 0 0 0 0 0 0 0 0 0 0 0 0 0 0 0 0 0 0 0 0 0 0 0
0.475588 1.602e-08 6.41225e-09 9.60778e-09 0.599735 0.56329 0 0 0 0 0 0 0 0 0 0 0 0 0 0 0 0 0 0 0 0 0 0 0 0 0 0 0 0 0 0 0 0 0 0 0 0 0 0 0 0 0 0
0.5 1.65669e-08 6.2693e-09 1.02976e-08 0.621577 0.534218 0 0 0 0 0 0 0 0 0 0 0 0 0 0 0 0 0 0 0 0 0 0 0 0 0 0 0 0 0 0 0 0 0 0 0 0 0 0 0 0 0 0
0.525665 1.75474e-08 6.09303e-09 1.14544e-08 0.652768 0.470832 0 0 0 0 0 0 0 0 0 0 0 0 0 0 0 0 0 0 0 0 0 0 0 0 0 0 0 0 0 0 0 0 0 0 0 0 0 0 0 0 0 0
0.552648 1.86127e-08 6.00245e-09 1.26103e-08 0.677508 0.503951 0 0 0 0 0 0 0 0 0 0 0 0 0 0 0 0 0 0 0 0 0 0 0 0 0 0 0 0 0 0 0 0 0 0 0 0 0 0 0 0 0 0
0.581015 1.95402e-08 5.84911e-09 1.36911e-08 0.700662 0.523217 0 0 0 0 0 0 0 0 0 0 0 0 0 0 0 0 0 0 0 0 0 0 0 0 0 0 0 0 0 0 0 0 0 0 0 0 0 0 0 0 0 0
0.610839 2.07265e-08 5.71163e-09 1.50149e-08 0.724428 0.533251 0 0 0 0 0 0 0 0 0 0 0 0 0 0 0 0 0 0 0 0 0 0 0 0 0 0 0 0 0 0 0 0 0 0 0 0 0 0 0 0 0 0
0.642193 2.17821e-08 5.57281e-09 1.62093e-08 0.744156 0.592814 0 0 0 0 0 0 0 0 0 0 0 0 0 0 0 0 0 0 0 0 0 0 0 0 0 0 0 0 0 0 0 0 0 0 0 0 0 0 0 0 0 0
0.675157 2.25909e-08 5.41546e-09 1.71754e-08 0.760281 0.616972 0 0 0 0 0 0 0 0 0 0 0 0 0 0 0 0 0 0 0 0 0 0 0 0 0 0 0 0 0 0 0 0 0 0 0 0 0 0 0 0 0 0
0.709813 2.32219e-08 5.23814e-09 1.79837e-08 0.774431 0.625628 0 0 0 0 0 0 0 0 0 0 0 0 0 0 0 0 0 0 0 0 0 0 0 0 0 0 0 0 0 0 0 0 0 0 0 0 0 0 0 0 0 0
0.746248 2.36198e-08 5.03084e-09 1.8589e-08 0.787008 0.642563 0 0 0 0 0 0 0 0 0 0 0 0 0 0 0 0 0 0 0 0 0 0 0 0 0 0 0 0 0 0 0 0 0 0 0 0 0 0 0 0 0 0
0.784553 2.38753e-08 4.86879e-09 1.90065e-08 0.796074 0.674013 0 0 0 0 0 0 0 0 0 0 0 0 0 0 0 0 0 0 0 0 0 0 0 0 0 0 0 0 0 0 0 0 0 0 0 0 0 0 0 0 0 0
0.824824 2.40294e-08 4.80342e-09 1.9226e-08 0.800102 0.686265 0 0 0 0 0 0 0 0 0 0 0 0 0 0 0 0 0 0 0 0 0 0 0 0 0 0 0 0 0 0 0 0 0 0 0 0 0 0 0 0 0 0
0.867162 2.37809e-08 4.6808e-09 1.91001e-08 0.80317 0.685531 0 0 0 0 0 0 0 0 0 0 0 0 0 0 0 0 0 0 0 0 0 0 0 0 0 0 0 0 0 0 0 0 0 0 0 0 0 0 0 0 0 0
0.911674 2.30873e-08 4.41819e-09 1.86691e-08 0.808631 0.670684 0 0 0 0 0 0 0 0 0 0 0 0 0 0 0 0 0 0 0 0 0 0 0 0 0 0 0 0 0 0 0 0 0 0 0 0 0 0 0 0 0 0
0.95847 2.23024e-08 4.1293e-09 1.81731e-08 0.81485 0.668143 0 0 0 0 0 0 0 0 0 0 0 0 0 0 0 0 0 0 0 0 0 0 0 0 0 0 0 0 0 0 0 0 0 0 0 0 0 0 0 0 0 0
1.00767 2.16451e-08 3.95176e-09 1.76934e-08 0.817429 0.675566 0 0 0 0 0 0 0 0 0 0 0 0 0 0 0 0 0 0 0 0 0 0 0 0 0 0 0 0 0 0 0 0 0 0 0 0 0 0 0 0 0 0
1.05939 2.0885e-08 3.93856e-09 1.69464e-08 0.811416 0.686543 0 0 0 0 0 0 0 0 0 0 0 0 0 0 0 0 0 0 0 0 0 0 0 0 0 0 0 0 0 0 0 0 0 0 0 0 0 0 0 0 0 0
1.11377 1.97672e-08 3.91474e-09 1.58525e-08 0.801958 0.690423 0 0 0 0 0 0 0 0 0 0 0 0 0 0 0 0 0 0 0 0 0 0 0 0 0 0 0 0 0 0 0 0 0 0 0 0 0 0 0 0 0 0
1.17094 1.83424e-08 3.798e-09 1.45444e-08 0.792939 0.676861 0 0 0 0 0 0 0 0 0 0 0 0 0 0 0 0 0 0 0 0 0 0 0 0 0 0 0 0 0 0 0 0 0 0 0 0 0 0 0 0 0 0
1.23105 1.69038e-08 3.61576e-09 1.3288e-08 0.786098 0.648058 0 0 0 0 0 0 0 0 0 0 0 0 0 0 0 0 0 0 0 0 0 0 0 0 0 0 0 0 0 0 0 0 0 0 0 0 0 0 0 0 0 0
1.29424 1.56949e-08 3.44741e-09 1.22475e-08 0.780348 0.616205 0 0 0 0 0 0 0 0 0 0 0 0 0 0 0 0 0 0 0 0 0 0 0 0 0 0 0 0 0 0 0 0 0 0 0 0 0 0 0 0 0 0
1.36067 1.47527e-08 3.34184e-09 1.14109e-08 0.773476 0.590686 0 0 0 0 0 0 0 0 0 0 0 0 0 0 0 0 0 0 0 0 0 0 0 0 0 0 0 0 0 0 0 0 0 0 0 0 0 0 0 0 0 0
1.43051 1.37561e-08 3.26976e-09 1.04863e-08 0.762304 0.577393 0 0 0 0 0 0 0 0 0 0 0 0 0 0 0 0 0 0 0 0 0 0 0 0 0 0 0 0 0 0 0 0 0 0 0 0 0 0 0 0 0 0
1.50394 1.27633e-08 3.21514e-09 9.54816e-09 0.748095 0.577086 0 0 0 0 0 0 0 0 0 0 0 0 0 0 0 0 0 0 0 0 0 0 0 0 0 0 0 0 0 0 0 0 0 0 0 0 0 0 0 0 0 0
1.58114 1.16868e-08 3.13865e-09 8.54816e-09 0.731436 0.584939 0 0 0 0 0 0 0 0 0 0 0 0 0 0 0 0 0 0 0 0 0 0 0 0 0 0 0 0 0 0 0 0 0 0 0 0 0 0 0 0 0 0
1.6623 1.05528e-08 3.02423e-09 7.52855e-09 0.713419 0.591757 0 0 0 0 0 0 0 0 0 0 0 0 0 0 0 0 0 0 0 0 0 0 0 0 0 0 0 0 0 0 0 0 0 0 0 0 0 0 0 0 0 0
1.74763 9.44506e-09 2.88142e-09 6.56364e-09 0.694928 0.587639 0 0 0 0 0 0 0 0 0 0 0 0 0 0 0 0 0 0 0 0 0 0 0 0 0 0 0 0 0 0 0 0 0 0 0 0 0 0 0 0 0 0
1.83733 8.43153e-09 2.7317e-09 5.69983e-09 0.676014 0.56691 0 0 0 0 0 0 0 0 0 0 0 0 0 0 0 0 0 0 0 0 0 0 0 0 0 0 0 0 0 0 0 0 0 0 0 0 0 0 0 0 0 0
1.93164 7.54537e-09 2.59529e-09 4.95008e-09 0.656042 0.530268 0 0 0 0 0 0 0 0 0 0 0 0 0 0 0 0 0 0 0 0 0 0 0 0 0 0 0 0 0 0 0 0 0 0 0 0 0 0 0 0 0 0
2.03079 6.79015e-09 2.48407e-09 4.30608e-09 0.634166 0.483493 0 0 0 0 0 0 0 0 0 0 0 0 0 0 0 0 0 0 0 0 0 0 0 0 0 0 0 0 0 0 0 0 0 0 0 0 0 0 0 0 0 0
2.13503 6.14499e-09 2.39813e-09 3.74686e-09 0.609743 0.432956 0 0 0 0 0 0 0 0 0 0 0 0 0 0 0 0 0 0 0 0 0 0 0 0 0 0 0 0 0 0 0 0 0 0 0 0 0 0 0 0 0 0
2.24463 5.58345e-09 2.32874e-09 3.25471e-09 0.58292 0.383759 0 0 0 0 0 0 0 0 0 0 0 0 0 0 0 0 0 0 0 0 0 0 0 0 0 0 0 0 0 0 0 0 0 0 0 0 0 0 0 0 0 0
2.35984 5.0862e-09 2.27069e-09 2.81552e-09 0.55356 0.338932 0 0 0 0 0 0 0 0 0 0 0 0 0 0 0 0 0 0 0 0 0 0 0 0 0 0 0 0 0 0 0 0 0 0 0 0 0 0 0 0 0 0
2.48097 4.64505e-09 2.22325e-09 2.4218e-09 0.521373 0.299349 0 0 0 0 0 0 0 0 0 0 0 0 0 0 0 0 0 0 0 0 0 0 0 0 0 0 0 0 0 0 0 0 0 0 0 0 0 0 0 0 0 0
2.60832 4.25523e-09 2.18437e-09 2.07086e-09 0.486662 0.264985 0 0 0 0 0 0 0 0 0 0 0 0 0 0 0 0 0 0 0 0 0 0 0 0 0 0 0 0 0 0 0 0 0 0 0 0 0 0 0 0 0 0
2.74221 3.91539e-09 2.15464e-09 1.76075e-09 0.4497 0.235288 0 0 0 0 0 0 0 0 0 0 0 0 0 0 0 0 0 0 0 0 0 0 0 0 0 0 0 0 0 0 0 0 0 0 0 0 0 0 0 0 0 0
2.88297 3.62451e-09 2.13353e-09 1.49098e-09 0.411361 0.209564 0 0 0 0 0 0 0 0 0 0 0 0 0 0 0 0 0 0 0 0 0 0 0 0 0 0 0 0 0 0 0 0 0 0 0 0 0 0 0 0 0 0
3.03095 3.38218e-09 2.12078e-09 1.2614e-09 0.372954 0.187209 0 0 0 0 0 0 0 0 0 0 0 0 0 0 0 0 0 0 0 0 0 0 0 0 0 0 0 0 0 0 0 0 0 0 0 0 0 0 0 0 0 0
3.18653 3.15807e-09 2.09178e-09 1.06629e-09 0.33764 0.167642 0 0 0 0 0 0 0 0 0 0 0 0 0 0 0 0 0 0 0 0 0 0 0 0 0 0 0 0 0 0 0 0 0 0 0 0 0 0 0 0 0 0
3.35009 2.98001e-09 2.09645e-09 8.83553e-10 0.296494 0.150406 0 0 0 0 0 0 0 0 0 0 0 0 0 0 0 0 0 0 0 0 0 0 0 0 0 0 0 0 0 0 0 0 0 0 0 0 0 0 0 0 0 0
3.52205 2.85975e-09 2.0741e-09 7.85652e-10 0.274728 0.135149 0 0 0 0 0 0 0 0 0 0 0 0 0 0 0 0 0 0 0 0 0 0 0 0 0 0 0 0 0 0 0 0 0 0 0 0 0 0 0 0 0 0
3.70284 2.55339e-09 1.90551e-09 6.47885e-10 0.253735 0.121594 0 0 0 0 0 0 0 0 0 0 0 0 0 0 0 0 0 0 0 0 0 0 0 0 0 0 0 0 0 0 0 0 0 0 0 0 0 0 0 0 0 0
3.89291 2.36927e-09 1.83384e-09 5.35424e-10 0.225987 0.109479 0 0 0 0 0 0 0 0 0 0 0 0 0 0 0 0 0 0 0 0 0 0 0 0 0 0 0 0 0 0 0 0 0 0 0 0 0 0 0 0 0 0
4.09273 2.21504e-09 1.77317e-09 4.41871e-10 0.199486 0.0986067 0 0 0 0 0 0 0 0 0 0 0 0 0 0 0 0 0 0 0 0 0 0 0 0 0 0 0 0 0 0 0 0 0 0 0 0 0 0 0 0 0 0
4.30281 2.08724e-09 1.72303e-09 3.64208e-10 0.174493 0.0888317 0 0 0 0 0 0 0 0 0 0 0 0 0 0 0 0 0 0 0 0 0 0 0 0 0 0 0 0 0 0 0 0 0 0 0 0 0 0 0 0 0 0
4.52368 1.98392e-09 1.6838e-09 3.00119e-10 0.151276 0.0800371 0 0 0 0 0 0 0 0 0 0 0 0 0 0 0 0 0 0 0 0 0 0 0 0 0 0 0 0 0 0 0 0 0 0 0 0 0 0 0 0 0 0
4.75588 1.90058e-09 1.65308e-09 2.47496e-10 0.130222 0.0720907 0 0 0 0 0 0 0 0 0 0 0 0 0 0 0 0 0 0 0 0 0 0 0 0 0 0 0 0 0 0 0 0 0 0 0 0 0 0 0 0 0 0
5 1.83066e-09 1.62627e-09 2.04392e-10 0.11165 0.0648851 0 0 0 0 0 0 0 0 0 0 0 0 0 0 0 0 0 0 0 0 0 0 0 0 0 0 0 0 0 0 0 0 0 0 0 0 0 0 0 0 0 0
5.25665 1.76808e-09 1.59917e-09 1.68916e-10 0.0955361 0.0583484 0 0 0 0 0 0 0 0 0 0 0 0 0 0 0 0 0 0 0 0 0 0 0 0 0 0 0 0 0 0 0 0 0 0 0 0 0 0 0 0 0 0
5.52648 1.7113e-09 1.57177e-09 1.39526e-10 0.0815321 0.0524362 0 0 0 0 0 0 0 0 0 0 0 0 0 0 0 0 0 0 0 0 0 0 0 0 0 0 0 0 0 0 0 0 0 0 0 0 0 0 0 0 0 0
5.81015 1.65783e-09 1.54276e-09 1.15077e-10 0.0694141 0.0470487 0 0 0 0 0 0 0 0 0 0 0 0 0 0 0 0 0 0 0 0 0 0 0 0 0 0 0 0 0 0 0 0 0 0 0 0 0 0 0 0 0 0
6.10839 1.60851e-09 1.51383e-09 9.46817e-11 0.0588631 0.04215 0 0 0 0 0 0 0 0 0 0 0 0 0 0 0 0 0 0 0 0 0 0 0 0 0 0 0 0 0 0 0 0 0 0 0 0 1.4013e-45 0 5.60519e-45 0 1.26117e-44 0
6.42193 1.56184e-09 1.48426e-09 7.7586e-11 0.0496759 0.0376773 0 0 0 0 0 0 0 0 0 0 0 0 0 0 0 0 0 0 0 0 0 0 0 0 0 0 1.4013e-45 0 2.8026e-45 0 1.12104e-44 0 3.64338e-44 0 1.03696e-43 0 2.77457e-43 0 7.1186e-43 0 1.65774e-42 0
6.75157 1.52248e-09 1.45944e-09 6.30398e-11 0.0414061 0.0335529 0 0 0 0 0 0 0 0 0 0 0 0 0 0 0 0 0 0 0 0 1.4013e-45 0 7.00649e-45 0 3.36312e-44 0 1.35926e-43 0 4.90454e-43 0 1.6157e-42 0 4.65231e-42 0 1.27672e-41 0 3.2611e-41 0 7.97955e-41 0 1.78291e-40 0
7.09813 1.4746e-09 1.4234e-09 5.12014e-11 0.0347223 0.0296718 0 0 0 0 0 0 0 0 0 0 0 0 0 0 0 0 4.2039e-45 0 3.22299e-44 0 1.98984e-43 0 1.00193e-42 0 4.29218e-42 0 1.62439e-41 0 5.48006e-41 0 1.70363e-40 0 4.65919e-40 0 1.21712e-39 0 2.96971e-39 0 6.95601e-39 0 1.4944e-38 0
7.46248 1.43189e-09 1.39137e-09 4.05143e-11 0.0282943 0.0259089 0 0 0 0 0 0 0 0 0 0 0 0 4.2039e-45 0 5.46506e-44 0 5.60519e-43 0 4.05816e-42 0 2.29925e-41 0 1.06998e-40 0 4.26686e-40 0 1.5134e-39 0 4.81145e-39 0 1.41519e-38 0 3.68484e-38 0 9.18503e-38 0 2.14559e-37 0 4.8211e-37 0 9.97789e-37 0
7.84553 1.38797e-09 1.35739e-09 3.05707e-11 0.0220255 0.0223413 0 0 0 0 0 0 0 0 0 0 2.10195e-44 0 5.00264e-43 0 6.6926e-42 0 6.05823e-41 0 3.98458e-40 0 2.07421e-39 0 8.95437e-39 0 3.33764e-38 0 1.11286e-37 0 3.34377e-37 0 9.33042e-37 0 2.31853e-36 0 5.52723e-36 0 1.23875e-35 0 2.67557e-35 0 5.34424e-35 0
8.24824 1.5139e-09 1.49156e-09 2.23418e-11 0.0147578 0.0192987 0 0 0 0 0 0 0 0 6.72623e-44 0 3.04782e-42 0 6.04562e-41 0 7.12616e-40 0 5.79307e-39 0 3.47541e-38 0 1.66915e-37 0 6.70912e-37 0 2.34516e-36 0 7.37287e-36 0 2.09945e-35 0 5.572e-35 0 1.32441e-34 0 3.02619e-34 0 6.5202e-34 0 1.35633e-33 0 2.61917e-33 0
8.67162 1.81098e-09 1.7917e-09 1.92815e-11 0.010647 0.0168349 0 0 0 0 0 0 7.42688e-44 0 9.8161e-42 0 3.65826e-40 0 6.27227e-39 0 6.55441e-38 0 4.8101e-37 0 2.644e-36 0 1.17619e-35 0 4.41722e-35 0 1.45251e-34 0 4.31813e-34 0 1.16836e-33 0 2.95655e-33 0 6.73655e-33 0 1.47839e-32 0 3.06816e-32 0 6.15817e-32 0 1.15159e-31 0
9.11674 2.46171e-09 2.43884e-09 2.28709e-11 0.00929063 0.0143814 0 0 0 0 1.12104e-44 0 1.20512e-41 0 1.25696e-39 0 3.92612e-38 0 5.85946e-37 0 5.46021e-36 0 3.63552e-35 0 1.83882e-34 0 7.60513e-34 0 2.67745e-33 0 8.30714e-33 0 2.34167e-32 0 6.03531e-32 0 1.45956e-31 0 3.19457e-31 0 6.74681e-31 0 1.35116e-30 0 2.62124e-30 0 4.75421e-30 0
9.5847 3.02327e-09 2.99124e-09 3.20252e-11 0.0105929 0.0127872 0 0 0 0 1.87634e-42 0 1.38069e-39 0 1.14769e-37 0 3.03034e-36 0 3.96343e-35 0 3.31204e-34 0 2.01026e-33 0 9.39409e-33 0 3.62508e-32 0 1.20018e-31 0 3.52344e-31 0 9.44205e-31 0 2.32362e-30 0 5.38224e-30 0 1.13382e-29 0 2.30875e-29 0 4.4695e-29 0 8.39475e-29 0 1.47896e-28 0
10.0767 2.97127e-09 2.93551e-09 3.57583e-11 0.0120347 0.0120501 0 0 1.4013e-45 0 1.87872e-40 0 1.00182e-37 0 6.71103e-36 0 1.51024e-34 0 1.74225e-33 0 1.31255e-32 0 7.29521e-32 0 3.16189e-31 0 1.14229e-30 0 3.56713e-30 0 9.93584e-30 0 2.53748e-29 0 5.97595e-29 0 1.3286e-28 0 2.69883e-28 0 5.30799e-28 0 9.94959e-28 0 1.81213e-27 0 3.10547e-27 0
10.5939 2.553e-09 2.52097e-09 3.20275e-11 0.012545 0.0117685 0 0 1.68156e-43 0 1.29776e-38 0 5.09313e-36 0 2.77863e-34 0 5.37111e-33 0 5.49888e-32 0 3.75372e-31 0 1.91873e-30 0 7.74151e-30 0 2.62676e-29 0 7.75919e-29 0 2.0558e-28 0 5.01531e-28 0 1.13276e-27 0 2.42206e-27 0 4.75269e-27 0 9.04384e-27 0 1.64401e-26 0 2.90787e-26 0 4.85392e-26 0
11.1377 2.14113e-09 2.11409e-09 2.70325e-11 0.0126254 0.012023 0 0 1.57058e-41 0 6.98009e-37 0 2.04649e-34 0 9.18453e-33 0 1.53635e-31 0 1.40404e-30 0 8.72646e-30 0 4.11903e-29 0 1.55249e-28 0 4.9627e-28 0 1.39043e-27 0 3.51279e-27 0 8.20462e-27 0 1.78084e-26 0 3.66906e-26 0 6.96653e-26 0 1.28466e-25 0 2.26813e-25 0 3.90162e-25 0 6.35183e-25 0
11.7094 1.7177e-09 1.69655e-09 2.11515e-11 0.0123138 0.0121049 1.12104e-44 0 1.09903e-39 0 2.89652e-35 0 6.43532e-33 0 2.39859e-31 0 3.4967e-30 0 2.86835e-29 0 1.63061e-28 0 7.13514e-28 0 2.52059e-27 0 7.61291e-27 0 2.02831e-26 0 4.89765e-26 0 1.09751e-25 0 2.29372e-25 0 4.56188e-25 0 8.39479e-25 0 1.50247e-24 0 2.58006e-24 0 4.32222e-24 0 6.8711e-24 0
12.3105 1.37218e-09 1.35645e-09 1.5731e-11 0.0114642 0.0120725 1.09862e-42 0 6.08548e-38 0 9.75702e-34 0 1.66508e-31 0 5.20117e-30 0 6.65251e-29 0 4.92419e-28 0 2.57162e-27 0 1.04703e-26 0 3.47775e-26 0 9.95196e-26 0 2.52764e-25 0 5.84621e-25 0 1.25946e-24 0 2.53915e-24 0 4.88329e-24 0 8.72261e-24 0 1.5174e-23 0 2.53781e-23 0 4.14568e-23 0 6.44297e-23 0
12.9424 1.23448e-09 1.22308e-09 1.13943e-11 0.00923004 0.0115815 9.3901e-41 0 3.05234e-36 0 3.05034e-32 0 4.05028e-30 0 1.06949e-28 0 1.20786e-27 0 8.10814e-27 0 3.9061e-26 0 1.485e-25 0 4.65169e-25 0 1.26452e-24 0 3.0688e-24 0 6.81317e-24 0 1.41379e-23 0 2.75437e-23 0 5.13073e-23 0 8.90867e-23 0 1.50843e-22 0 2.46026e-22 0 3.92383e-22 0 5.96831e-22 0
13.6067 1.1887e-09 1.17986e-09 8.83632e-12 0.00743361 0.0105542 6.79357e-39 0 1.32975e-34 0 8.47626e-31 0 8.86506e-29 0 1.99507e-27 0 2.00169e-26 0 1.22441e-25 0 5.46276e-25 0 1.9457e-24 0 5.76437e-24 0 1.49232e-23 0 3.46821e-23 0 7.40583e-23 0 1.48297e-22 0 2.79657e-22 0 5.05351e-22 0 8.54136e-22 0 1.40953e-21 0 2.24469e-21 0 3.49935e-21 0 5.21477e-21 0
14.3051 1.17435e-09 1.16743e-09 6.91661e-12 0.00588973 0.00905177 4.03367e-37 0 4.87345e-33 0 2.02545e-29 0 1.68811e-27 0 3.26328e-26 0 2.92548e-25 0 1.63805e-24 0 6.79362e-24 0 2.27421e-23 0 6.38965e-23 0 1.57913e-22 0 3.52192e-22 0 7.24706e-22 0 1.4028e-21 0 2.56472e-21 0 4.50258e-21 0 7.41766e-21 0 1.19451e-20 0 1.85955e-20 0 2.83677e-20 0 4.14585e-20 0
15.0394 1.22408e-09 1.21851e-09 5.57008e-12 0.0045504 0.00766711 2.04349e-35 0 1.56028e-31 0 4.31727e-28 0 2.89937e-26 0 4.85016e-25 0 3.90655e-24 0 2.01093e-23 0 7.7805e-23 0 2.45538e-22 0 6.55933e-22 0 1.55102e-21 0 3.32636e-21 0 6.60771e-21 0 1.23846e-20 0 2.19852e-20 0 3.75507e-20 0 6.03724e-20 0 9.4986e-20 0 1.44707e-19 0 2.16248e-19 0 3.10239e-19 0
15.8114 1.33883e-09 1.33398e-09 4.85041e-12 0.00362286 0.00657851 8.87442e-34 0 4.37919e-30 0 8.22903e-27 0 4.50024e-25 0 6.56078e-24 0 4.77261e-23 0 2.26786e-22 0 8.21368e-22 0 2.45064e-21 0 6.24002e-21 0 1.4148e-20 0 2.92327e-20 0 5.61561e-20 0 1.02072e-19 0 1.76192e-19 0 2.93173e-19 0 4.60548e-19 0 7.0874e-19 0 1.05777e-18 0 1.55001e-18 0 2.18487e-18 0
16.623 1.46918e-09 1.46459e-09 4.5965e-12 0.00312861 0.00568566 3.19009e-32 0 1.03929e-28 0 1.35159e-25 0 6.07968e-24 0 7.77648e-23 0 5.1346e-22 0 2.2611e-21 0 7.69047e-21 0 2.17529e-20 0 5.29181e-20 0 1.1528e-19 0 2.29901e-19 0 4.27786e-19 0 7.55207e-19 0 1.26932e-18 0 2.06021e-18 0 3.16581e-18 0 4.77042e-18 0 6.98186e-18 0 1.00418e-17 0 1.39195e-17 0
17.4762 1.54718e-09 1.54267e-09 4.51211e-12 0.00291635 0.00496951 9.16594e-31 0 2.01185e-27 0 1.84357e-24 0 6.88634e-23 0 7.77763e-22 0 4.68327e-21 0 1.91835e-20 0 6.14617e-20 0 1.65242e-19 0 3.8491e-19 0 8.07235e-19 0 1.5565e-18 0 2.80975e-18 0 4.82453e-18 0 7.90588e-18 0 1.2532e-17 0 1.88576e-17 0 2.78524e-17 0 4.0013e-17 0 5.65374e-17 0 7.71301e-17 0
18.3733 1.54228e-09 1.53793e-09 4.34746e-12 0.00281885 0.00442364 2.09535e-29 0 3.15889e-26 0 2.07481e-23 0 6.49439e-22 0 6.51616e-21 0 3.59439e-20 0 1.37438e-19 0 4.15999e-19 0 1.06571e-18 0 2.38202e-18 0 4.81818e-18 0 8.99726e-18 0 1.57799e-17 0 2.63893e-17 0 4.22135e-17 0 6.54264e-17 0 9.65058e-17 0 1.3985e-16 0 1.97386e-16 0 2.74234e-16 0 3.68489e-16 0
19.3164 1.45394e-09 1.44993e-09 4.0062e-12 0.00275541 0.00405678 3.84016e-28 0 4.04995e-25 0 1.93791e-22 0 5.12714e-21 0 4.59657e-20 0 2.33269e-19 0 8.35409e-19 0 2.39554e-18 0 5.8614e-18 0 1.25966e-17 0 2.46181e-17 0 4.45902e-17 0 7.60887e-17 0 1.24091e-16 0 1.94e-16 0 2.94315e-16 0 4.25963e-16 0 6.06197e-16 0 8.41323e-16 0 1.15026e-15 0 1.52347e-15 0
20.3079 1.32531e-09 1.32182e-09 3.49031e-12 0.00263358 0.0038476 5.81604e-27 0 4.36645e-24 0 1.54586e-21 0 3.48544e-20 0 2.80743e-19 0 1.3161e-18 0 4.42875e-18 0 1.20628e-17 0 2.82536e-17 0 5.84931e-17 0 1.10636e-16 0 1.94664e-16 0 3.2362e-16 0 5.1533e-16 0 7.88264e-16 0 1.17178e-15 0 1.66558e-15 0 2.32983e-15 0 3.18217e-15 0 4.28474e-15 0 5.59763e-15 0
21.3503 1.21981e-09 1.2168e-09 3.0091e-12 0.00246687 0.00364547 7.6601e-26 0 4.16238e-23 0 1.10644e-20 0 2.14266e-19 0 1.55872e-18 0 6.77624e-18 0 2.14907e-17 0 5.57403e-17 0 1.25242e-16 0 2.50236e-16 0 4.58805e-16 0 7.85301e-16 0 1.27353e-15 0 1.98241e-15 0 2.97007e-15 0 4.33046e-15 0 6.05059e-15 0 8.32608e-15 0 1.12003e-14 0 1.48635e-14 0 1.91661e-14 0
22.4463 1.11081e-09 1.10822e-09 2.59853e-12 0.0023393 0.0034532 8.65917e-25 0 3.45975e-22 0 7.0025e-20 0 1.17338e-18 0 7.74776e-18 0 3.135e-17 0 9.39778e-17 0 2.32668e-16 0 5.02515e-16 0 9.70675e-16 0 1.72782e-15 0 2.88078e-15 0 4.56279e-15 0 6.95075e-15 0 1.02102e-14 0 1.46152e-14 0 2.00898e-14 0 2.72176e-14 0 3.6087e-14 0 4.72327e-14 0 6.0154e-14 0
23.5984 9.87797e-10 9.85601e-10 2.19569e-12 0.00222281 0.00326618 8.34977e-24 0 2.49014e-21 0 3.88897e-19 0 5.67873e-18 0 3.41952e-17 0 1.29237e-16 0 3.67194e-16 0 8.69729e-16 0 1.80913e-15 0 3.38403e-15 0 5.85642e-15 0 9.52368e-15 0 1.47494e-14 0 2.20115e-14 0 3.17321e-14 0 4.46338e-14 0 6.04073e-14 0 8.06352e-14 0 1.05449e-13 0 1.36216e-13 0 1.71444e-13 0
24.8097 8.76212e-10 8.74386e-10 1.82646e-12 0.0020845 0.00308179 7.0624e-23 0 1.59472e-20 0 1.94623e-18 0 2.49321e-17 0 1.37532e-16 0 4.87119e-16 0 1.31523e-15 0 2.98679e-15 0 5.99461e-15 0 1.08755e-14 0 1.83238e-14 0 2.90989e-14 0 4.41135e-14 0 6.45592e-14 0 9.14221e-14 0 1.26469e-13 0 1.68652e-13 0 2.21974e-13 0 2.86505e-13 0 3.65502e-13 0 4.5489e-13 0
26.0832 7.793e-10 7.77789e-10 1.51157e-12 0.00193965 0.00290936 5.29991e-22 0 9.18504e-20 0 8.86583e-18 0 1.00279e-16 0 5.08913e-16 0 1.69457e-15 0 4.35877e-15 0 9.50991e-15 0 1.84485e-14 0 3.251e-14 0 5.33976e-14 0 8.29044e-14 0 1.23154e-13 0 1.76914e-13 0 2.46307e-13 0 3.35373e-13 0 4.40994e-13 0 5.72689e-13 0 7.30026e-13 0 9.20305e-13 0 1.13321e-12 0
27.4221 6.94076e-10 6.92827e-10 1.24861e-12 0.00179896 0.00274897 3.54539e-21 0 4.77715e-19 0 3.689e-17 0 3.70649e-16 0 1.73762e-15 0 5.45587e-15 0 1.3401e-14 0 2.81454e-14 0 5.28616e-14 0 9.06114e-14 0 1.45267e-13 0 2.20747e-13 0 3.21643e-13 0 4.53948e-13 0 6.21877e-13 0 8.34085e-13 0 1.08221e-12 0 1.38757e-12 0 1.74794e-12 0 2.17876e-12 0 2.65567e-12 0
28.8297 6.18278e-10 6.1725e-10 1.02821e-12 0.00166303 0.00258981 2.1236e-20 0 2.2522e-18 0 1.40663e-16 0 1.26273e-15 0 5.48961e-15 0 1.63e-14 0 3.83183e-14 0 7.76144e-14 0 1.41355e-13 0 2.36008e-13 0 3.69745e-13 0 5.50499e-13 0 7.87509e-13 0 1.0929e-12 0 1.47437e-12 0 1.94934e-12 0 2.49726e-12 0 3.16329e-12 0 3.94018e-12 0 4.85877e-12 0 5.86535e-12 0
30.3095 5.51233e-10 5.50388e-10 8.45464e-13 0.00153377 0.00243898 1.14588e-19 0 9.67785e-18 0 4.93952e-16 0 3.98363e-15 0 1.61194e-14 0 4.53859e-14 0 1.02333e-13 0 2.00255e-13 0 3.54193e-13 0 5.76749e-13 0 8.83981e-13 0 1.2908e-12 0 1.81453e-12 0 2.47823e-12 0 3.29472e-12 0 4.29712e-12 0 5.43879e-12 0 6.81027e-12 0 8.39236e-12 0 1.02436e-11 0 1.22526e-11 0
31.8653 4.91521e-10 4.90827e-10 6.9404e-13 0.00141202 0.00228994 5.59474e-19 0 3.80499e-17 0 1.60277e-15 0 1.16735e-14 0 4.41198e-14 0 1.18101e-13 0 2.55923e-13 0 4.84666e-13 0 8.33696e-13 0 1.32561e-12 0 1.98984e-12 0 2.85237e-12 0 3.94358e-12 0 5.30466e-12 0 6.95498e-12 0 8.95411e-12 0 1.12034e-11 0 1.38754e-11 0 1.69253e-11 0 2.04586e-11 0 2.4258e-11 0
33.5009 4.38509e-10 4.37939e-10 5.69347e-13 0.00129837 0.00215098 2.48477e-18 0 1.37527e-16 0 4.82603e-15 0 3.1902e-14 0 1.12994e-13 0 2.8827e-13 0 6.01529e-13 0 1.1042e-12 0 1.84975e-12 0 2.87533e-12 0 4.23133e-12 0 5.95976e-12 0 8.11046e-12 0 1.07529e-11 0 1.3913e-11 0 1.76925e-11 0 2.18961e-11 0 2.68365e-11 0 3.24192e-11 0 3.8826e-11 0 4.56551e-11 0
35.2205 3.91347e-10 3.9088e-10 4.66642e-13 0.0011924 0.00200656 1.00833e-17 0 4.58771e-16 0 1.35318e-14 0 8.15713e-14 0 2.71619e-13 0 6.61978e-13 0 1.33261e-12 0 2.37475e-12 0 3.87919e-12 0 5.9015e-12 0 8.52234e-12 0 1.18045e-11 0 1.58246e-11 0 2.06934e-11 0 2.64401e-11 0 3.32305e-11 0 4.07e-11 0 4.93899e-11 0 5.91165e-11 0 7.01786e-11 0 8.1872e-11 0
37.0284 3.4961e-10 3.49228e-10 3.82197e-13 0.00109321 0.00187258 3.75778e-17 0 1.41898e-15 0 3.54795e-14 0 1.95915e-13 0 6.15152e-13 0 1.43541e-12 0 2.79255e-12 0 4.83798e-12 0 7.71583e-12 0 1.15002e-11 0 1.63122e-11 0 2.22379e-11 0 2.93874e-11 0 3.79292e-11 0 4.78861e-11 0 5.95163e-11 0 7.21762e-11 0 8.6763e-11 0 1.02942e-10 0 1.21186e-10 0 1.40319e-10 0
38.9291 3.12381e-10 3.12068e-10 3.12856e-13 0.00100152 0.00174917 1.29047e-16 0 4.08125e-15 0 8.72044e-14 0 4.42992e-13 0 1.31538e-12 0 2.94495e-12 0 5.54614e-12 0 9.3541e-12 0 1.45822e-11 0 2.1315e-11 0 2.9722e-11 0 3.99106e-11 0 5.2029e-11 0 6.63205e-11 0 8.27828e-11 0 1.01802e-10 0 1.223e-10 0 1.45701e-10 0 1.71434e-10 0 2.00214e-10 0 2.30171e-10 0
40.9273 2.79271e-10 2.79015e-10 2.56083e-13 0.000916972 0.00163543 4.10154e-16 0 1.09586e-14 0 2.0164e-13 0 9.46176e-13 0 2.66409e-12 0 5.73439e-12 0 1.04707e-11 0 1.72149e-11 0 2.6261e-11 0 3.76811e-11 0 5.16972e-11 0 6.84271e-11 0 8.80568e-11 0 1.10922e-10 0 1.36965e-10 0 1.6674e-10 0 1.98527e-10 0 2.34501e-10 0 2.73734e-10 0 3.17277e-10 0 3.62273e-10 0
43.0281 2.49798e-10 2.49588e-10 2.09473e-13 0.000838572 0.00152619 1.21106e-15 0 2.75621e-14 0 4.39926e-13 0 1.91423e-12 0 5.12415e-12 0 1.06244e-11 0 1.88377e-11 0 3.02282e-11 0 4.51715e-11 0 6.36826e-11 0 8.60317e-11 0 1.12324e-10 0 1.42778e-10 0 1.77837e-10 0 2.17341e-10 0 2.62061e-10 0 3.09372e-10 0 3.62472e-10 0 4.19932e-10 0 4.83234e-10 0 5.48206e-10 0
45.2368 2.236e-10 2.23429e-10 1.71334e-13 0.000766253 0.00142397 3.33484e-15 0 6.51567e-14 0 9.08423e-13 0 3.67895e-12 0 9.38582e-12 0 1.87799e-11 0 3.23797e-11 0 5.07726e-11 0 7.43985e-11 0 1.03143e-10 0 1.37309e-10 0 1.76953e-10 0 2.2231e-10 0 2.73946e-10 0 3.31535e-10 0 3.96116e-10 0 4.63855e-10 0 5.39284e-10 0 6.203e-10 0 7.0893e-10 0 7.99308e-10 0
47.5588 2.00353e-10 2.00213e-10 1.40118e-13 0.000699355 0.00132467 8.59584e-15 0 1.4526e-13 0 1.78076e-12 0 6.73569e-12 0 1.64162e-11 0 3.17531e-11 0 5.33108e-11 0 8.17775e-11 0 1.17616e-10 0 1.60477e-10 0 2.10672e-10 0 2.68157e-10 0 3.33159e-10 0 4.06375e-10 0 4.87245e-10 0 5.7712e-10 0 6.70624e-10 0 7.73961e-10 0 8.8417e-10 0 1.00393e-09 0 1.12531e-09 0
50 1.79466e-10 1.79352e-10 1.14561e-13 0.000638343 0.00123273 2.07803e-14 0 3.05888e-13 0 3.31801e-12 0 1.1761e-11 0 2.74439e-11 0 5.1401e-11 0 8.41421e-11 0 1.26404e-10 0 1.78602e-10 0 2.40019e-10 0 3.10933e-10 0 3.91141e-10 0 4.80832e-10 0 5.80841e-10 0 6.90286e-10 0 8.10884e-10 0 9.35378e-10 0 1.07199e-09 0 1.2167e-09 0 1.37296e-09 0 1.5304e-09 0
52.5665 1.60892e-10 1.60798e-10 9.36711e-14 0.0005822 0.00114386 4.73176e-14 0 6.10816e-13 0 5.89762e-12 0 1.96523e-11 0 4.39993e-11 0 7.99218e-11 0 1.27719e-10 0 1.88094e-10 0 2.61319e-10 0 3.46149e-10 0 4.42788e-10 0 5.50803e-10 0 6.70314e-10 0 8.02298e-10 0 9.45468e-10 0 1.10195e-09 0 1.2623e-09 0 1.43706e-09 0 1.621e-09 0 1.81843e-09 0 2.01624e-09 0
55.2648 1.44348e-10 1.44272e-10 7.65766e-14 0.000530499 0.00105974 1.01776e-13 0 1.15956e-12 0 1.00226e-11 0 3.14916e-11 0 6.77856e-11 0 1.19592e-10 0 1.86789e-10 0 2.69936e-10 0 3.69051e-10 0 4.82189e-10 0 6.09438e-10 0 7.5007e-10 0 9.04108e-10 0 1.07267e-09 0 1.254e-09 0 1.45065e-09 0 1.65076e-09 0 1.86744e-09 0 2.09412e-09 0 2.33603e-09 0 2.57711e-09 0
58.1015 1.2952e-10 1.29457e-10 6.26107e-14 0.000483406 0.000980225 2.07236e-13 0 2.09665e-12 0 1.63109e-11 0 4.84637e-11 0 1.00486e-10 0 1.72437e-10 0 2.63528e-10 0 3.74049e-10 0 5.03642e-10 0 6.49505e-10 0 8.11575e-10 0 9.88778e-10 0 1.18102e-09 0 1.38956e-09 0 1.61212e-09 0 1.85172e-09 0 2.0939e-09 0 2.35452e-09 0 2.6256e-09 0 2.91332e-09 0 3.19861e-09 0
61.0839 1.16323e-10 1.16272e-10 5.11862e-14 0.000440034 0.000904737 4.00874e-13 0 3.6224e-12 0 2.54947e-11 0 7.18287e-11 0 1.43722e-10 0 2.40214e-10 0 3.59585e-10 0 5.01739e-10 0 6.65831e-10 0 8.4807e-10 0 1.04823e-09 0 1.26484e-09 0 1.49771e-09 0 1.74825e-09 0 2.01359e-09 0 2.29727e-09 0 2.58218e-09 0 2.887e-09 0 3.2023e-09 0 3.53522e-09 0 3.86375e-09 0
64.2193 1.04496e-10 1.04454e-10 4.1847e-14 0.000400466 0.000833752 7.38034e-13 0 5.98949e-12 0 3.83237e-11 0 1.02648e-10 0 1.9855e-10 0 3.23634e-10 0 4.75011e-10 0 6.52103e-10 0 8.53498e-10 0 1.07434e-09 0 1.31423e-09 0 1.57134e-09 0 1.84535e-09 0 2.13784e-09 0 2.44538e-09 0 2.77201e-09 0 3.09806e-09 0 3.44496e-09 0 3.80192e-09 0 4.17696e-09 0 4.54538e-09 0
67.5157 9.39465e-11 9.39123e-11 3.42105e-14 0.000364149 0.000766915 1.29709e-12 0 9.5036e-12 0 5.55406e-11 0 1.41776e-10 0 2.65542e-10 0 4.22628e-10 0 6.08796e-10 0 8.22936e-10 0 1.06303e-09 0 1.32314e-09 0 1.60274e-09 0 1.89966e-09 0 2.21348e-09 0 2.54596e-09 0 2.89318e-09 0 3.2596e-09 0 3.62329e-09 0 4.00819e-09 0 4.40227e-09 0 4.81439e-09 0 5.21745e-09 0
70.9813 8.44846e-11 8.44566e-11 2.79708e-14 0.000331076 0.000704316 2.18002e-12 0 1.44927e-11 0 7.77028e-11 0 1.89478e-10 0 3.44179e-10 0 5.35495e-10 0 7.57757e-10 0 1.00933e-09 0 1.28762e-09 0 1.58565e-09 0 1.90283e-09 0 2.23671e-09 0 2.58684e-09 0 2.95515e-09 0 3.33728e-09 0 3.73814e-09 0 4.13382e-09 0 4.55048e-09 0 4.97506e-09 0 5.4171e-09 0 5.84764e-09 0
74.6248 7.60353e-11 7.60124e-11 2.28683e-14 0.000300759 0.000645599 3.51336e-12 0 2.12934e-11 0 1.05178e-10 0 2.45555e-10 0 4.33229e-10 0 6.59655e-10 0 9.17766e-10 0 1.20548e-09 0 1.51967e-09 0 1.85249e-09 0 2.20336e-09 0 2.56961e-09 0 2.95084e-09 0 3.34915e-09 0 3.75985e-09 0 4.18822e-09 0 4.60887e-09 0 5.0497e-09 0 5.4969e-09 0 5.9605e-09 0 6.41028e-09 0
78.4553 6.84778e-11 6.84591e-11 1.86993e-14 0.000273071 0.000591119 5.44027e-12 0 3.01951e-11 0 1.37959e-10 0 3.09027e-10 0 5.30308e-10 0 7.91069e-10 0 1.083e-09 0 1.4037e-09 0 1.74968e-09 0 2.11236e-09 0 2.49127e-09 0 2.88367e-09 0 3.28921e-09 0 3.71021e-09 0 4.14176e-09 0 4.58943e-09 0 5.02686e-09 0 5.48319e-09 0 5.94413e-09 0 6.42006e-09 0 6.88007e-09 0
82.4824 6.16877e-11 6.16724e-11 1.52926e-14 0.000247904 0.000540582 8.10652e-12 0 4.13819e-11 0 1.75554e-10 0 3.78058e-10 0 6.3189e-10 0 9.2438e-10 0 1.24626e-09 0 1.59499e-09 0 1.96685e-09 0 2.35282e-09 0 2.75263e-09 0 3.16354e-09 0 3.58537e-09 0 4.02059e-09 0 4.46424e-09 0 4.92207e-09 0 5.36734e-09 0 5.82985e-09 0 6.29512e-09 0 6.77369e-09 0 7.23462e-09 0
86.7162 5.56e-11 5.55875e-11 1.25072e-14 0.000224949 0.000493708 1.16492e-11 0 5.4917e-11 0 2.17104e-10 0 4.50352e-10 0 7.34088e-10 0 1.05413e-09 0 1.40062e-09 0 1.7711e-09 0 2.16181e-09 0 2.56355e-09 0 2.9763e-09 0 3.39748e-09 0 3.82709e-09 0 4.26776e-09 0 4.71458e-09 0 5.17343e-09 0 5.61769e-09 0 6.07726e-09 0 6.5378e-09 0 7.00977e-09 0 7.46282e-09 0
91.1674 5.01462e-11 5.01359e-11 1.02289e-14 0.000203982 0.00045044 1.61751e-11 0 7.06936e-11 0 2.61336e-10 0 5.23139e-10 0 8.32641e-10 0 1.17473e-09 0 1.53937e-09 0 1.92441e-09 0 2.32622e-09 0 2.73569e-09 0 3.15313e-09 0 3.57621e-09 0 4.00512e-09 0 4.44266e-09 0 4.88406e-09 0 5.33524e-09 0 5.77023e-09 0 6.21845e-09 0 6.66597e-09 0 7.12302e-09 0 7.56034e-09 0
95.847 4.52528e-11 4.52445e-11 8.36633e-15 0.00018488 0.000410588 2.17364e-11 0 8.83992e-11 0 3.06584e-10 0 5.93279e-10 0 9.23109e-10 0 1.28069e-09 0 1.65625e-09 0 2.04811e-09 0 2.45299e-09 0 2.86209e-09 0 3.27609e-09 0 3.69297e-09 0 4.11316e-09 0 4.53955e-09 0 4.96765e-09 0 5.4033e-09 0 5.82163e-09 0 6.25109e-09 0 6.67839e-09 0 7.11336e-09 0 7.5283e-09 0
100.767 4.0855e-11 4.08482e-11 6.84241e-15 0.00016748 0.000373938 2.83119e-11 0 1.07519e-10 0 3.50935e-10 0 6.5758e-10 0 1.00134e-09 0 1.36722e-09 0 1.74615e-09 0 2.13707e-09 0 2.53716e-09 0 2.93816e-09 0 3.34115e-09 0 3.74445e-09 0 4.14871e-09 0 4.55692e-09 0 4.96489e-09 0 5.37832e-09 0 5.77379e-09 0 6.17837e-09 0 6.57959e-09 0 6.98674e-09 0 7.37403e-09 0
105.939 3.69043e-11 3.68987e-11 5.59828e-15 0.000151697 0.000340221 3.58018e-11 0 1.27389e-10 0 3.92468e-10 0 7.13223e-10 0 1.06404e-09 0 1.43096e-09 0 1.80592e-09 0 2.18861e-09 0 2.57676e-09 0 2.96282e-09 0 3.34824e-09 0 3.73169e-09 0 4.11408e-09 0 4.49837e-09 0 4.88079e-09 0 5.26678e-09 0 5.63468e-09 0 6.0098e-09 0 6.38063e-09 0 6.75585e-09 0 7.11179e-09 0
111.377 3.33515e-11 3.33469e-11 4.57919e-15 0.000137301 0.00030943 4.40156e-11 0 1.47207e-10 0 4.29301e-10 0 7.57771e-10 0 1.10869e-09 0 1.46967e-09 0 1.8339e-09 0 2.20187e-09 0 2.57191e-09 0 2.9373e-09 0 3.29978e-09 0 3.65843e-09 0 4.01432e-09 0 4.37038e-09 0 4.72326e-09 0 5.0781e-09 0 5.41515e-09 0 5.75773e-09 0 6.09541e-09 0 6.43612e-09 0 6.75849e-09 0
117.094 3.0155e-11 3.01512e-11 3.7461e-15 0.000124228 0.000281309 5.26848e-11 0 1.66119e-10 0 4.59817e-10 0 7.89482e-10 0 1.13389e-09 0 1.48264e-09 0 1.83031e-09 0 2.17816e-09 0 2.52515e-09 0 2.86541e-09 0 3.20097e-09 0 3.53124e-09 0 3.85744e-09 0 4.18242e-09 0 4.50325e-09 0 4.82472e-09 0 5.12908e-09 0 5.43751e-09 0 5.74068e-09 0 6.04577e-09 0 6.33374e-09 0
123.105 2.7283e-11 2.728e-11 3.0652e-15 0.000112348 0.00025555 6.14894e-11 0 1.83317e-10 0 4.82856e-10 0 8.07518e-10 0 1.13958e-09 0 1.47081e-09 0 1.79728e-09 0 2.12092e-09 0 2.4413e-09 0 2.75342e-09 0 3.05949e-09 0 3.35925e-09 0 3.65401e-09 0 3.94649e-09 0 4.23418e-09 0 4.52148e-09 0 4.79265e-09 0 5.06669e-09 0 5.33533e-09 0 5.60501e-09 0 5.85896e-09 0
129.424 2.46976e-11 2.46951e-11 2.50737e-15 0.000101523 0.000232085 7.00558e-11 0 1.9802e-10 0 4.97555e-10 0 8.11564e-10 0 1.12632e-09 0 1.43585e-09 0 1.73765e-09 0 2.03424e-09 0 2.32572e-09 0 2.60793e-09 0 2.8832e-09 0 3.15154e-09 0 3.41429e-09 0 3.67404e-09 0 3.92865e-09 0 4.18209e-09 0 4.42063e-09 0 4.66105e-09 0 4.89615e-09 0 5.1316e-09 0 5.35285e-09 0
136.067 2.23662e-11 2.23642e-11 2.05185e-15 9.17387e-05 0.000210732 7.79985e-11 0 2.09582e-10 0 5.03524e-10 0 8.02038e-10 0 1.09558e-09 0 1.3804e-09 0 1.65526e-09 0 1.92317e-09 0 2.18466e-09 0 2.43636e-09 0 2.68063e-09 0 2.9177e-09 0 3.14893e-09 0 3.37669e-09 0 3.59922e-09 0 3.82008e-09 0 4.02737e-09 0 4.23578e-09 0 4.43911e-09 0 4.64229e-09 0 4.83282e-09 0
143.051 2.02695e-11 2.02678e-11 1.67871e-15 8.28195e-05 0.000191181 8.49898e-11 0 2.17632e-10 0 5.01068e-10 0 7.80343e-10 0 1.05003e-09 0 1.30838e-09 0 1.55529e-09 0 1.79409e-09 0 2.02566e-09 0 2.24734e-09 0 2.46145e-09 0 2.66839e-09 0 2.86948e-09 0 3.06688e-09 0 3.25917e-09 0 3.44947e-09 0 3.62764e-09 0 3.80633e-09 0 3.98029e-09 0 4.15376e-09 0 4.31612e-09 0
150.394 1.83733e-11 1.83719e-11 1.37375e-15 7.47686e-05 0.000173432 9.06867e-11 0 2.21833e-10 0 4.90498e-10 0 7.47719e-10 0 9.91871e-10 0 1.22295e-09 0 1.44179e-09 0 1.6519e-09 0 1.85439e-09 0 2.04724e-09 0 2.23267e-09 0 2.41119e-09 0 2.58405e-09 0 2.75321e-09 0 2.91752e-09 0 3.07969e-09 0 3.23115e-09 0 3.38274e-09 0 3.52999e-09 0 3.67656e-09 0 3.81348e-09 0
158.114 1.6663e-11 1.66619e-11 1.12431e-15 6.74734e-05 0.000157248 9.48853e-11 0 2.22228e-10 0 4.72863e-10 0 7.06363e-10 0 9.2442e-10 0 1.12847e-09 0 1.32004e-09 0 1.50269e-09 0 1.67772e-09 0 1.8436e-09 0 2.00243e-09 0 2.15477e-09 0 2.30181e-09 0 2.44527e-09 0 2.58423e-09 0 2.72105e-09 0 2.84855e-09 0 2.97589e-09 0 3.09935e-09 0 3.222e-09 0 3.3364e-09 0
166.23 1.5122e-11 1.5121e-11 9.20146e-16 6.08483e-05 0.000142574 9.74614e-11 0 2.19027e-10 0 4.49378e-10 0 6.58496e-10 0 8.50802e-10 0 1.02883e-09 0 1.19461e-09 0 1.35166e-09 0 1.50133e-09 0 1.64253e-09 0 1.7772e-09 0 1.90591e-09 0 2.02976e-09 0 2.15027e-09 0 2.2667e-09 0 2.38107e-09 0 2.48742e-09 0 2.59344e-09 0 2.69604e-09 0 2.79779e-09 0 2.89255e-09 0
174.763 1.37291e-11 1.37283e-11 7.52998e-16 5.4847e-05 0.000129266 9.83447e-11 0 2.12514e-10 0 4.21205e-10 0 6.0607e-10 0 7.73623e-10 0 9.27168e-10 0 1.06907e-09 0 1.20266e-09 0 1.32935e-09 0 1.44834e-09 0 1.56141e-09 0 1.66913e-09 0 1.77248e-09 0 1.87278e-09 0 1.96946e-09 0 2.06422e-09 0 2.15217e-09 0 2.23967e-09 0 2.32422e-09 0 2.40793e-09 0 2.48578e-09 0
183.733 1.24748e-11 1.24742e-11 6.16184e-16 4.93941e-05 0.000117138 9.76188e-11 0 2.03239e-10 0 3.89842e-10 0 5.51349e-10 0 6.95741e-10 0 8.26808e-10 0 9.47065e-10 0 1.05964e-09 0 1.16588e-09 0 1.26526e-09 0 1.35938e-09 0 1.44877e-09 0 1.53431e-09 0 1.61711e-09 0 1.69675e-09 0 1.77466e-09 0 1.84682e-09 0 1.91851e-09 0 1.98765e-09 0 2.05602e-09 0 2.11951e-09 0
193.164 1.13363e-11 1.13358e-11 5.0431e-16 4.44861e-05 0.00010616 9.53328e-11 0 1.91594e-10 0 3.56277e-10 0 4.95722e-10 0 6.18795e-10 0 7.29515e-10 0 8.30421e-10 0 9.24373e-10 0 1.01264e-09 0 1.09491e-09 0 1.17256e-09 0 1.24611e-09 0 1.3163e-09 0 1.3841e-09 0 1.44918e-09 0 1.51272e-09 0 1.57147e-09 0 1.62974e-09 0 1.68587e-09 0 1.74129e-09 0 1.79268e-09 0
203.079 1.03077e-11 1.03073e-11 4.1284e-16 4.00516e-05 9.62082e-05 9.17165e-11 0 1.78259e-10 0 3.21883e-10 0 4.41008e-10 0 5.44884e-10 0 6.37553e-10 0 7.21475e-10 0 7.99223e-10 0 8.71965e-10 0 9.39522e-10 0 1.0031e-09 0 1.06315e-09 0 1.12033e-09 0 1.17545e-09 0 1.22825e-09 0 1.27971e-09 0 1.32722e-09 0 1.37428e-09 0 1.41954e-09 0 1.46417e-09 0 1.50551e-09 0
213.503 9.37992e-12 9.37958e-12 3.37822e-16 3.60155e-05 8.71716e-05 8.70154e-11 0 1.63842e-10 0 2.87741e-10 0 3.88525e-10 0 4.75416e-10 0 5.52327e-10 0 6.21569e-10 0 6.85416e-10 0 7.44921e-10 0 8.00004e-10 0 8.51693e-10 0 9.004e-10 0 9.46679e-10 0 9.91198e-10 0 1.03377e-09 0 1.07519e-09 0 1.11338e-09 0 1.15115e-09 0 1.18743e-09 0 1.22317e-09 0 1.25623e-09 0
224.463 8.53627e-12 8.53599e-12 2.76577e-16 3.24002e-05 7.89824e-05 8.14148e-11 0 1.48761e-10 0 2.5448e-10 0 3.38918e-10 0 4.10946e-10 0 4.74236e-10 0 5.30903e-10 0 5.82927e-10 0 6.31237e-10 0 6.75821e-10 0 7.17549e-10 0 7.5678e-10 0 7.9398e-10 0 8.297e-10 0 8.63802e-10 0 8.96932e-10 0 9.27434e-10 0 9.57562e-10 0 9.86471e-10 0 1.01491e-09 0 1.04121e-09 0
235.984 7.77489e-12 7.77467e-12 2.2638e-16 2.91167e-05 7.15555e-05 7.52341e-11 0 1.33616e-10 0 2.22968e-10 0 2.93119e-10 0 3.52369e-10 0 4.04076e-10 0 4.50136e-10 0 4.9225e-10 0 5.31228e-10 0 5.67096e-10 0 6.00586e-10 0 6.32006e-10 0 6.61742e-10 0 6.90248e-10 0 7.17421e-10 0 7.43782e-10 0 7.68021e-10 0 7.91936e-10 0 8.14858e-10 0 8.37387e-10 0 8.58193e-10 0
248.097 7.0854e-12 7.08522e-12 1.85287e-16 2.61505e-05 6.48649e-05 6.86947e-11 0 1.18766e-10 0 1.93599e-10 0 2.51413e-10 0 2.99794e-10 0 3.41748e-10 0 3.78942e-10 0 4.12822e-10 0 4.4408e-10 0 4.72771e-10 0 4.99498e-10 0 5.24524e-10 0 5.48169e-10 0 5.70799e-10 0 5.9234e-10 0 6.13212e-10 0 6.32381e-10 0 6.51272e-10 0 6.69362e-10 0 6.87124e-10 0 7.03514e-10 0
260.832 6.45858e-12 6.45843e-12 1.51663e-16 2.34824e-05 5.8763e-05 6.19986e-11 0 1.04502e-10 0 1.66622e-10 0 2.139e-10 0 2.53124e-10 0 2.86936e-10 0 3.1678e-10 0 3.43871e-10 0 3.68793e-10 0 3.91612e-10 0 4.12825e-10 0 4.32652e-10 0 4.51355e-10 0 4.6923e-10 0 4.86222e-10 0 5.02667e-10 0 5.17753e-10 0 5.32607e-10 0 5.46816e-10 0 5.60757e-10 0 5.73611e-10 0
274.221 5.89141e-12 5.89128e-12 1.24154e-16 2.10737e-05 5.31982e-05 5.53705e-11 0 9.11181e-11 0 1.42287e-10 0 1.80688e-10 0 2.12293e-10 0 2.39389e-10 0 2.63207e-10 0 2.84757e-10 0 3.04529e-10 0 3.22593e-10 0 3.39353e-10 0 3.54992e-10 0 3.69722e-10 0 3.83782e-10 0 3.97131e-10 0 4.10035e-10 0 4.21862e-10 0 4.33496e-10 0 4.44616e-10 0 4.55518e-10 0 4.65561e-10 0
288.297 5.37626e-12 5.37616e-12 1.01637e-16 1.89048e-05 4.81306e-05 4.89499e-11 0 7.87503e-11 0 1.20584e-10 0 1.51572e-10 0 1.76887e-10 0 1.9848e-10 0 2.17389e-10 0 2.34446e-10 0 2.50059e-10 0 2.64292e-10 0 2.77475e-10 0 2.89757e-10 0 3.01309e-10 0 3.12322e-10 0 3.22767e-10 0 3.32854e-10 0 3.4209e-10 0 3.51168e-10 0 3.59838e-10 0 3.68332e-10 0 3.76151e-10 0
303.095 4.90883e-12 4.90875e-12 8.32025e-17 1.69496e-05 4.35449e-05 4.28665e-11 0 6.75077e-11 0 1.01477e-10 0 1.26336e-10 0 1.46504e-10 0 1.63627e-10 0 1.78569e-10 0 1.9201e-10 0 2.04285e-10 0 2.15454e-10 0 2.25783e-10 0 2.35391e-10 0 2.44418e-10 0 2.53014e-10 0 2.61158e-10 0 2.69015e-10 0 2.76204e-10 0 2.83264e-10 0 2.90002e-10 0 2.96598e-10 0 3.02667e-10 0
318.653 4.48339e-12 4.48332e-12 6.81148e-17 1.51927e-05 3.93866e-05 3.71977e-11 0 5.74147e-11 0 8.48186e-11 0 1.04648e-10 0 1.20634e-10 0 1.34146e-10 0 1.459e-10 0 1.56447e-10 0 1.66058e-10 0 1.74788e-10 0 1.82849e-10 0 1.90339e-10 0 1.97367e-10 0 2.04052e-10 0 2.1038e-10 0 2.1648e-10 0 2.22056e-10 0 2.27529e-10 0 2.32749e-10 0 2.37856e-10 0 2.42552e-10 0
335.009 4.09876e-12 4.0987e-12 5.57716e-17 1.3607e-05 3.5623e-05 3.20236e-11 0 4.85018e-11 0 7.04903e-11 0 8.62359e-11 0 9.88549e-11 0 1.09479e-10 0 1.18693e-10 0 1.26942e-10 0 1.34444e-10 0 1.41247e-10 0 1.47521e-10 0 1.53342e-10 0 1.588e-10 0 1.63986e-10 0 1.6889e-10 0 1.73615e-10 0 1.77931e-10 0 1.82164e-10 0 1.86199e-10 0 1.90144e-10 0 1.9377e-10 0
352.205 3.74849e-12 3.74844e-12 4.5659e-17 1.21806e-05 3.22176e-05 2.73491e-11 0 4.0691e-11 0 5.82373e-11 0 7.06812e-11 0 8.06002e-11 0 8.89204e-11 0 9.61166e-11 0 1.02545e-10 0 1.08381e-10 0 1.13666e-10 0 1.18533e-10 0 1.23045e-10 0 1.2727e-10 0 1.31282e-10 0 1.35073e-10 0 1.38722e-10 0 1.42053e-10 0 1.45319e-10 0 1.4843e-10 0 1.5147e-10 0 1.54263e-10 0
370.284 3.42978e-12 3.42974e-12 3.7382e-17 1.08993e-05 2.91401e-05 2.31845e-11 0 3.39218e-11 0 4.78541e-11 0 5.76472e-11 0 6.54142e-11 0 7.19074e-11 0 7.75093e-11 0 8.25036e-11 0 8.70306e-11 0 9.11245e-11 0 9.48901e-11 0 9.83773e-11 0 1.0164e-10 0 1.04736e-10 0 1.07659e-10 0 1.10471e-10 0 1.13036e-10 0 1.1555e-10 0 1.17943e-10 0 1.20281e-10 0 1.22428e-10 0
389.291 3.13764e-12 3.13761e-12 3.06098e-17 9.75567e-06 2.63544e-05 1.95055e-11 0 2.80934e-11 0 3.90988e-11 0 4.67712e-11 0 5.28284e-11 0 5.78765e-11 0 6.22216e-11 0 6.60884e-11 0 6.95883e-11 0 7.27493e-11 0 7.56539e-11 0 7.83412e-11 0 8.08535e-11 0 8.32353e-11 0 8.54831e-11 0 8.76439e-11 0 8.96144e-11 0 9.15439e-11 0 9.33803e-11 0 9.51733e-11 0 9.68192e-11 0
409.273 2.87434e-12 2.87432e-12 2.50638e-17 8.71984e-06 2.38324e-05 1.63187e-11 0 2.31586e-11 0 3.18238e-11 0 3.78192e-11 0 4.25325e-11 0 4.64493e-11 0 4.98136e-11 0 5.28027e-11 0 5.55044e-11 0 5.79418e-11 0 6.01792e-11 0 6.22476e-11 0 6.41798e-11 0 6.60105e-11 0 6.77371e-11 0 6.9396e-11 0 7.0908e-11 0 7.23879e-11 0 7.37958e-11 0 7.51699e-11 0 7.64308e-11 0
430.281 2.63425e-12 2.63423e-12 2.05186e-17 7.78916e-06 2.15497e-05 1.35691e-11 0 1.8991e-11 0 2.57876e-11 0 3.04574e-11 0 3.41144e-11 0 3.71455e-11 0 3.9744e-11 0 4.20492e-11 0 4.41302e-11 0 4.60056e-11 0 4.77257e-11 0 4.93146e-11 0 5.07979e-11 0 5.22024e-11 0 5.35263e-11 0 5.47976e-11 0 5.59559e-11 0 5.70891e-11 0 5.81667e-11 0 5.92182e-11 0 6.01826e-11 0
452.368 2.41446e-12 2.41444e-12 1.6801e-17 6.9585e-06 1.94891e-05 1.12146e-11 0 1.54926e-11 0 2.08031e-11 0 2.44286e-11 0 2.72578e-11 0 2.95972e-11 0 3.15991e-11 0 3.33726e-11 0 3.49718e-11 0 3.64116e-11 0 3.77311e-11 0 3.89492e-11 0 4.00855e-11 0 4.11609e-11 0 4.21741e-11 0 4.31467e-11 0 4.40324e-11 0 4.48985e-11 0 4.5722e-11 0 4.65251e-11 0 4.72615e-11 0
475.588 2.21413e-12 2.21412e-12 1.37564e-17 6.21301e-06 1.76271e-05 9.22004e-12 0 1.25823e-11 0 1.6719e-11 0 1.95266e-11 0 2.17103e-11 0 2.35121e-11 0 2.50515e-11 0 2.64135e-11 0 2.76404e-11 0 2.87441e-11 0 2.97548e-11 0 3.06871e-11 0 3.15565e-11 0 3.23788e-11 0 3.31532e-11 0 3.38962e-11 0 3.45726e-11 0 3.52339e-11 0 3.58623e-11 0 3.64751e-11 0 3.70369e-11 0
500 2.03217e-12 2.03216e-12 1.12633e-17 5.54253e-06 1.59418e-05 7.54562e-12 0 1.01798e-11 0 1.33942e-11 0 1.55642e-11 0 1.7247e-11 0 1.86326e-11 0 1.98147e-11 0 2.08595e-11 0 2.17996e-11 0 2.26447e-11 0 2.34181e-11 0 2.41311e-11 0 2.47956e-11 0 2.54239e-11 0 2.60153e-11 0 2.65825e-11 0 2.70987e-11 0 2.76032e-11 0 2.80825e-11 0 2.85497e-11 0 2.89779e-11 0
525.665 1.86513e-12 1.86512e-12 9.22294e-18 4.94492e-06 1.4419e-05 6.14388e-12 0 8.20004e-12 0 1.06902e-11 0 1.2363e-11 0 1.36568e-11 0 1.47201e-11 0 1.56261e-11 0 1.64259e-11 0 1.7145e-11 0 1.7791e-11 0 1.83817e-11 0 1.89261e-11 0 1.94332e-11 0 1.99125e-11 0 2.03634e-11 0 2.07958e-11 0 2.11891e-11 0 2.15735e-11 0 2.19385e-11 0 2.22942e-11 0 2.26202e-11 0
552.648 1.71348e-12 1.71348e-12 7.55192e-18 4.40735e-06 1.30434e-05 4.98351e-12 0 6.58456e-12 0 8.51021e-12 0 9.79798e-12 0 1.07915e-11 0 1.16067e-11 0 1.23004e-11 0 1.29122e-11 0 1.34619e-11 0 1.39553e-11 0 1.44064e-11 0 1.48218e-11 0 1.52086e-11 0 1.5574e-11 0 1.59177e-11 0 1.62472e-11 0 1.65468e-11 0 1.68395e-11 0 1.71174e-11 0 1.73882e-11 0 1.76363e-11 0
581.015 1.57491e-12 1.57491e-12 6.18319e-18 3.92605e-06 1.17988e-05 4.02616e-12 0 5.26955e-12 0 6.7556e-12 0 7.74532e-12 0 8.50714e-12 0 9.13132e-12 0 9.66185e-12 0 1.01294e-11 0 1.05491e-11 0 1.09257e-11 0 1.12697e-11 0 1.15864e-11 0 1.18812e-11 0 1.21596e-11 0 1.24214e-11 0 1.26722e-11 0 1.29003e-11 0 1.3123e-11 0 1.33345e-11 0 1.35405e-11 0 1.37291e-11 0
610.839 1.44824e-12 1.44823e-12 5.0626e-18 3.49569e-06 1.06734e-05 3.24063e-12 0 4.20396e-12 0 5.34867e-12 0 6.10819e-12 0 6.69163e-12 0 7.16898e-12 0 7.57431e-12 0 7.93121e-12 0 8.25143e-12 0 8.53855e-12 0 8.80074e-12 0 9.04202e-12 0 9.26652e-12 0 9.47846e-12 0 9.67771e-12 0 9.86857e-12 0 1.00421e-11 0 1.02115e-11 0 1.03723e-11 0 1.05289e-11 0 1.06723e-11 0
642.193 1.33212e-12 1.33211e-12 4.14534e-18 3.11185e-06 9.65617e-06 2.59882e-12 0 3.34343e-12 0 4.22358e-12 0 4.80557e-12 0 5.2518e-12 0 5.61643e-12 0 5.92576e-12 0 6.19793e-12 0 6.44199e-12 0 6.66071e-12 0 6.86036e-12 0 7.04402e-12 0 7.21485e-12 0 7.37608e-12 0 7.52761e-12 0 7.67273e-12 0 7.80463e-12 0 7.93338e-12 0 8.05558e-12 0 8.17457e-12 0 8.28352e-12 0
675.157 1.22596e-12 1.22595e-12 3.3944e-18 2.76878e-06 8.73664e-06 2.07755e-12 0 2.65203e-12 0 3.32783e-12 0 3.7733e-12 0 4.11427e-12 0 4.39257e-12 0 4.62847e-12 0 4.83589e-12 0 5.02179e-12 0 5.18831e-12 0 5.34026e-12 0 5.47999e-12 0 5.60992e-12 0 5.73252e-12 0 5.84771e-12 0 5.95802e-12 0 6.05825e-12 0 6.15607e-12 0 6.2489e-12 0 6.33927e-12 0 6.42202e-12 0
709.813 1.12888e-12 1.12888e-12 2.77917e-18 2.46188e-06 7.905e-06 1.656e-12 0 2.09851e-12 0 2.61678e-12 0 2.95744e-12 0 3.21777e-12 0 3.43005e-12 0 3.60984e-12 0 3.76783e-12 0 3.90936e-12 0 4.03609e-12 0 4.15168e-12 0 4.25795e-12 0 4.35674e-12 0 4.44993e-12 0 4.53748e-12 0 4.62129e-12 0 4.69743e-12 0 4.77174e-12 0 4.84224e-12 0 4.91087e-12 0 4.97369e-12 0
746.248 1.04041e-12 1.04041e-12 2.27555e-18 2.18716e-06 7.15203e-06 1.31688e-12 0 1.65736e-12 0 2.05453e-12 0 2.31492e-12 0 2.51364e-12 0 2.67551e-12 0 2.81252e-12 0 2.93285e-12 0 3.04059e-12 0 3.13703e-12 0 3.22497e-12 0 3.3058e-12 0 3.38092e-12 0 3.45176e-12 0 3.5183e-12 0 3.582e-12 0 3.63985e-12 0 3.6963e-12 0 3.74985e-12 0 3.80198e-12 0 3.84969e-12 0
784.553 9.58856e-13 9.58855e-13 1.86325e-18 1.9432e-06 6.47038e-06 1.044e-12 0 1.30549e-12 0 1.60941e-12 0 1.8082e-12 0 1.9597e-12 0 2.08301e-12 0 2.18732e-12 0 2.27888e-12 0 2.36083e-12 0 2.43416e-12 0 2.50101e-12 0 2.56243e-12 0 2.61951e-12 0 2.67333e-12 0 2.72387e-12 0 2.77223e-12 0 2.81616e-12 0 2.85902e-12 0 2.89967e-12 0 2.93923e-12 0 2.97544e-12 0
824.824 8.84495e-13 8.84493e-13 1.52555e-18 1.72477e-06 5.85463e-06 8.2605e-13 0 1.02673e-12 0 1.2592e-12 0 1.41093e-12 0 1.52643e-12 0 1.62037e-12 0 1.69978e-12 0 1.76946e-12 0 1.8318e-12 0 1.88757e-12 0 1.93839e-12 0 1.98508e-12 0 2.02846e-12 0 2.06935e-12 0 2.10774e-12 0 2.14449e-12 0 2.17785e-12 0 2.2104e-12 0 2.24126e-12 0 2.2713e-12 0 2.29879e-12 0
867.163 8.16031e-13 8.1603e-13 1.24917e-18 1.53078e-06 5.29831e-06 6.51956e-13 0 8.05758e-13 0 9.8339e-13 0 1.0991e-12 0 1.18709e-12 0 1.2586e-12 0 1.31902e-12 0 1.37202e-12 0 1.41942e-12 0 1.46181e-12 0 1.50043e-12 0 1.5359e-12 0 1.56885e-12 0 1.59991e-12 0 1.62907e-12 0 1.65697e-12 0 1.6823e-12 0 1.707e-12 0 1.73043e-12 0 1.75323e-12 0 1.7741e-12 0
911.674 7.53513e-13 7.53512e-13 1.02278e-18 1.35735e-06 4.79484e-06 5.13703e-13 0 6.31518e-13 0 7.67216e-13 0 8.55452e-13 0 9.22487e-13 0 9.76932e-13 0 1.02291e-12 0 1.06323e-12 0 1.09927e-12 0 1.1315e-12 0 1.16086e-12 0 1.18782e-12 0 1.21286e-12 0 1.23645e-12 0 1.2586e-12 0 1.27979e-12 0 1.29903e-12 0 1.3178e-12 0 1.33559e-12 0 1.3529e-12 0 1.36874e-12 0
958.471 6.95825e-13 6.95824e-13 8.37499e-19 1.20361e-06 4.33969e-06 4.03835e-13 0 4.93977e-13 0 5.97542e-13 0 6.64776e-13 0 7.15811e-13 0 7.57236e-13 0 7.92206e-13 0 8.22857e-13 0 8.50256e-13 0 8.74747e-13 0 8.97052e-13 0 9.17531e-13 0 9.36547e-13 0 9.54468e-13 0 9.71288e-13 0 9.87376e-13 0 1.00198e-12 0 1.01622e-12 0 1.02973e-12 0 1.04287e-12 0 1.05489e-12 0
1007.67 6.43175e-13 6.43174e-13 6.85662e-19 1.06606e-06 3.92763e-06 3.17069e-13 0 3.86027e-13 0 4.65073e-13 0 5.16316e-13 0 5.55181e-13 0 5.86711e-13 0 6.13318e-13 0 6.36631e-13 0 6.57466e-13 0 6.76085e-13 0 6.9304e-13 0 7.08605e-13 0 7.23056e-13 0 7.36672e-13 0 7.49451e-13 0 7.61673e-13 0 7.72767e-13 0 7.83586e-13 0 7.93842e-13 0 8.0382e-13 0 8.12948e-13 0
1059.39 5.94557e-13 5.94556e-13 5.61489e-19 9.44383e-07 3.55462e-06 2.48448e-13 0 3.0115e-13 0 3.61438e-13 0 4.00468e-13 0 4.3005e-13 0 4.54037e-13 0 4.74272e-13 0 4.91997e-13 0 5.07834e-13 0 5.21984e-13 0 5.34867e-13 0 5.46693e-13 0 5.57671e-13 0 5.68013e-13 0 5.77719e-13 0 5.87001e-13 0 5.95426e-13 0 6.03641e-13 0 6.11428e-13 0 6.19003e-13 0 6.25934e-13 0
1113.77 5.49989e-13 5.49989e-13 4.59624e-19 8.35697e-07 3.21683e-06 1.9443e-13 0 2.34698e-13 0 2.80677e-13 0 3.10407e-13 0 3.32926e-13 0 3.51178e-13 0 3.66569e-13 0 3.80049e-13 0 3.9209e-13 0 4.02847e-13 0 4.12639e-13 0 4.21626e-13 0 4.29968e-13 0 4.37827e-13 0 4.45201e-13 0 4.52253e-13 0 4.58653e-13 0 4.64892e-13 0 4.70807e-13 0 4.76561e-13 0 4.81824e-13 0
1170.94 5.0898e-13 5.0898e-13 3.76341e-19 7.39402e-07 2.91099e-06 1.51943e-13 0 1.82697e-13 0 2.17754e-13 0 2.40398e-13 0 2.57538e-13 0 2.71426e-13 0 2.83134e-13 0 2.93384e-13 0 3.0254e-13 0 3.10718e-13 0 3.18161e-13 0 3.24992e-13 0 3.31331e-13 0 3.37303e-13 0 3.42906e-13 0 3.48264e-13 0 3.53126e-13 0 3.57866e-13 0 3.6236e-13 0 3.6673e-13 0 3.70728e-13 0
1231.05 4.71353e-13 4.71353e-13 3.08157e-19 6.53771e-07 2.63476e-06 1.18617e-13 0 1.42104e-13 0 1.68835e-13 0 1.86084e-13 0 1.99134e-13 0 2.09704e-13 0 2.18612e-13 0 2.2641e-13 0 2.33374e-13 0 2.39593e-13 0 2.45253e-13 0 2.50446e-13 0 2.55266e-13 0 2.59806e-13 0 2.64065e-13 0 2.68137e-13 0 2.71833e-13 0 2.75435e-13 0 2.7885e-13 0 2.82172e-13 0 2.85209e-13 0
1294.24 4.36681e-13 4.3668e-13 2.52367e-19 5.77921e-07 2.38479e-06 9.2486e-14 0 1.10417e-13 0 1.30797e-13 0 1.43936e-13 0 1.53872e-13 0 1.61916e-13 0 1.68694e-13 0 1.74627e-13 0 1.79924e-13 0 1.84654e-13 0 1.88958e-13 0 1.92907e-13 0 1.96572e-13 0 2.00024e-13 0 2.03262e-13 0 2.06357e-13 0 2.09167e-13 0 2.11905e-13 0 2.145e-13 0 2.17025e-13 0 2.19334e-13 0
1360.67 4.04707e-13 4.04707e-13 2.06639e-19 5.10588e-07 2.1585e-06 7.20284e-14 0 8.57147e-14 0 1.0125e-13 0 1.11257e-13 0 1.18822e-13 0 1.24944e-13 0 1.30102e-13 0 1.34616e-13 0 1.38645e-13 0 1.42243e-13 0 1.45517e-13 0 1.4852e-13 0 1.51307e-13 0 1.53932e-13 0 1.56394e-13 0 1.58747e-13 0 1.60883e-13 0 1.62965e-13 0 1.64938e-13 0 1.66857e-13 0 1.68612e-13 0
1430.51 3.75381e-13 3.7538e-13 1.69197e-19 4.50734e-07 1.9535e-06 5.6061e-14 0 6.65096e-14 0 7.83562e-14 0 8.59819e-14 0 9.17436e-14 0 9.6406e-14 0 1.00333e-13 0 1.03769e-13 0 1.06836e-13 0 1.09574e-13 0 1.12065e-13 0 1.14351e-13 0 1.16471e-13 0 1.18468e-13 0 1.20341e-13 0 1.22132e-13 0 1.23756e-13 0 1.2534e-13 0 1.26841e-13 0 1.283e-13 0 1.29635e-13 0
1503.94 3.48209e-13 3.48209e-13 1.38552e-19 3.979e-07 1.76801e-06 4.35781e-14 0 5.15514e-14 0 6.05823e-14 0 6.63916e-14 0 7.07793e-14 0 7.4329e-14 0 7.73183e-14 0 7.99334e-14 0 8.22674e-14 0 8.4351e-14 0 8.62466e-14 0 8.79853e-14 0 8.95986e-14 0 9.11177e-14 0 9.25425e-14 0 9.39046e-14 0 9.51405e-14 0 9.6345e-14 0 9.74866e-14 0 9.85967e-14 0 9.9612e-14 0
1581.14 3.23341e-13 3.23341e-13 1.13441e-19 3.50841e-07 1.60017e-06 3.38667e-14 0 3.99547e-14 0 4.68437e-14 0 5.12724e-14 0 5.46164e-14 0 5.7321e-14 0 5.95983e-14 0 6.15903e-14 0 6.3368e-14 0 6.49549e-14 0 6.63984e-14 0 6.77225e-14 0 6.89508e-14 0 7.01075e-14 0 7.11923e-14 0 7.22293e-14 0 7.31702e-14 0 7.40872e-14 0 7.49562e-14 0 7.58014e-14 0 7.65742e-14 0
1662.3 3.00186e-13 3.00186e-13 9.29019e-20 3.09481e-07 1.44816e-06 2.62826e-14 0 3.09281e-14 0 3.61802e-14 0 3.95549e-14 0 4.21022e-14 0 4.41621e-14 0 4.58962e-14 0 4.7413e-14 0 4.87664e-14 0 4.99744e-14 0 5.10733e-14 0 5.20812e-14 0 5.30162e-14 0 5.38965e-14 0 5.47222e-14 0 5.55114e-14 0 5.62274e-14 0 5.69253e-14 0 5.75866e-14 0 5.82297e-14 0 5.88179e-14 0
1747.63 2.79016e-13 2.79016e-13 7.6072e-20 2.72644e-07 1.31066e-06 2.03976e-14 0 2.39451e-14 0 2.79528e-14 0 3.05266e-14 0 3.24689e-14 0 3.40392e-14 0 3.53611e-14 0 3.65171e-14 0 3.75486e-14 0 3.84691e-14 0 3.93065e-14 0 4.00744e-14 0 4.07868e-14 0 4.14576e-14 0 4.20866e-14 0 4.26879e-14 0 4.32334e-14 0 4.3765e-14 0 4.42688e-14 0 4.47587e-14 0 4.52067e-14 0
1837.33 2.59339e-13 2.59339e-13 6.22917e-20 2.40194e-07 1.18618e-06 1.58135e-14 0 1.85216e-14 0 2.15789e-14 0 2.35415e-14 0 2.50221e-14 0 2.6219e-14 0 2.72264e-14 0 2.81073e-14 0 2.88933e-14 0 2.95947e-14 0 3.02326e-14 0 3.08177e-14 0 3.13604e-14 0 3.18714e-14 0 3.23506e-14 0 3.28086e-14 0 3.32241e-14 0 3.36291e-14 0 3.40128e-14 0 3.4386e-14 0 3.47272e-14 0
1931.64 2.41298e-13 2.41298e-13 5.10123e-20 2.11408e-07 1.07348e-06 1.226e-14 0 1.43288e-14 0 1.66628e-14 0 1.81605e-14 0 1.92902e-14 0 2.02032e-14 0 2.09717e-14 0 2.16435e-14 0 2.2243e-14 0 2.27779e-14 0 2.32644e-14 0 2.37105e-14 0 2.41243e-14 0 2.45139e-14 0 2.48793e-14 0 2.52285e-14 0 2.55453e-14 0 2.58541e-14 0 2.61466e-14 0 2.64311e-14 0 2.66912e-14 0
2030.79 2.24205e-13 2.24205e-13 4.1777e-20 1.86334e-07 9.71672e-07 9.48294e-15 0 1.10608e-14 0 1.28398e-14 0 1.3981e-14 0 1.48415e-14 0 1.5537e-14 0 1.61222e-14 0 1.66339e-14 0 1.70904e-14 0 1.74977e-14 0 1.78681e-14 0 1.82078e-14 0 1.85229e-14 0 1.88196e-14 0 1.90977e-14 0 1.93636e-14 0 1.96048e-14 0 1.98398e-14 0 2.00625e-14 0 2.02791e-14 0 2.04771e-14 0
2135.03 2.07846e-13 2.07846e-13 3.42085e-20 1.64586e-07 8.79308e-07 7.31161e-15 0 8.51188e-15 0 9.86455e-15 0 1.07319e-14 0 1.13859e-14 0 1.19143e-14 0 1.2359e-14 0 1.27477e-14 0 1.30945e-14 0 1.34039e-14 0 1.36853e-14 0 1.39433e-14 0 1.41826e-14 0 1.44079e-14 0 1.46192e-14 0 1.48211e-14 0 1.50043e-14 0 1.51828e-14 0 1.5352e-14 0 1.55164e-14 0 1.56668e-14 0
2244.63 1.92586e-13 1.92586e-13 2.80105e-20 1.45444e-07 7.95562e-07 5.62994e-15 0 6.54234e-15 0 7.5701e-15 0 8.22892e-15 0 8.72558e-15 0 9.12687e-15 0 9.46449e-15 0 9.75964e-15 0 1.00229e-14 0 1.02578e-14 0 1.04714e-14 0 1.06673e-14 0 1.0849e-14 0 1.102e-14 0 1.11804e-14 0 1.13337e-14 0 1.14727e-14 0 1.16082e-14 0 1.17366e-14 0 1.18614e-14 0 1.19756e-14 0
2359.84 1.78506e-13 1.78506e-13 2.29351e-20 1.28484e-07 7.19888e-07 4.33304e-15 0 5.0267e-15 0 5.80773e-15 0 6.30825e-15 0 6.68551e-15 0 6.99031e-15 0 7.24673e-15 0 7.47087e-15 0 7.6708e-15 0 7.84918e-15 0 8.0114e-15 0 8.16013e-15 0 8.29808e-15 0 8.42795e-15 0 8.54972e-15 0 8.66609e-15 0 8.77166e-15 0 8.87454e-15 0 8.97201e-15 0 9.06679e-15 0 9.15346e-15 0
2480.97 1.65412e-13 1.65412e-13 1.87818e-20 1.13545e-07 6.51531e-07 3.33153e-15 0 3.85865e-15 0 4.45193e-15 0 4.83204e-15 0 5.11851e-15 0 5.34993e-15 0 5.5446e-15 0 5.71477e-15 0 5.86655e-15 0 6.00196e-15 0 6.12509e-15 0 6.23799e-15 0 6.34271e-15 0 6.44128e-15 0 6.5337e-15 0 6.62204e-15 0 6.70216e-15 0 6.78025e-15 0 6.85423e-15 0 6.92616e-15 0 6.99194e-15 0
2608.32 1.53295e-13 1.53295e-13 1.53786e-20 1.0032e-07 5.8962e-07 2.55995e-15 0 2.96049e-15 0 3.41114e-15 0 3.69981e-15 0 3.91733e-15 0 4.09304e-15 0 4.24084e-15 0 4.37003e-15 0 4.48525e-15 0 4.58805e-15 0 4.68152e-15 0 4.76722e-15 0 4.84671e-15 0 4.92153e-15 0 4.99169e-15 0 5.05874e-15 0 5.11956e-15 0 5.17882e-15 0 5.23498e-15 0 5.28958e-15 0 5.3395e-15 0
2742.21 1.42044e-13 1.42044e-13 1.2593e-20 8.86552e-08 5.3368e-07 1.96545e-15 0 2.2697e-15 0 2.61192e-15 0 2.83108e-15 0 2.99621e-15 0 3.12959e-15 0 3.24178e-15 0 3.33984e-15 0 3.42729e-15 0 3.50531e-15 0 3.57625e-15 0 3.64129e-15 0 3.70162e-15 0 3.7584e-15 0 3.81164e-15 0 3.86252e-15 0 3.90868e-15 0 3.95365e-15 0 3.99627e-15 0 4.0377e-15 0 4.07558e-15 0
2882.97 1.31641e-13 1.31641e-13 1.03097e-20 7.83165e-08 4.83145e-07 1.50831e-15 0 1.73943e-15 0 1.99932e-15 0 2.16572e-15 0 2.29109e-15 0 2.39234e-15 0 2.47751e-15 0 2.55194e-15 0 2.61832e-15 0 2.67754e-15 0 2.73139e-15 0 2.78076e-15 0 2.82654e-15 0 2.86964e-15 0 2.91005e-15 0 2.94867e-15 0 2.9837e-15 0 3.01783e-15 0 3.05018e-15 0 3.08162e-15 0 3.11037e-15 0
3030.95 1.22008e-13 1.22008e-13 8.4422e-21 6.91938e-08 4.36927e-07 1.15687e-15 0 1.33243e-15 0 1.52979e-15 0 1.65613e-15 0 1.75131e-15 0 1.82818e-15 0 1.89283e-15 0 1.94933e-15 0 1.99972e-15 0 2.04467e-15 0 2.08554e-15 0 2.12302e-15 0 2.15777e-15 0 2.19048e-15 0 2.22115e-15 0 2.25046e-15 0 2.27705e-15 0 2.30296e-15 0 2.3275e-15 0 2.35137e-15 0 2.37319e-15 0
3186.53 1.13083e-13 1.13083e-13 6.91223e-21 6.11254e-08 3.95712e-07 8.86843e-16 0 1.02018e-15 0 1.17005e-15 0 1.26597e-15 0 1.33823e-15 0 1.39658e-15 0 1.44566e-15 0 1.48854e-15 0 1.52679e-15 0 1.56091e-15 0 1.59193e-15 0 1.62038e-15 0 1.64675e-15 0 1.67158e-15 0 1.69486e-15 0 1.71711e-15 0 1.73728e-15 0 1.75695e-15 0 1.77558e-15 0 1.79369e-15 0 1.81025e-15 0
3350.09 1.04796e-13 1.04796e-13 5.65949e-21 5.40046e-08 3.58019e-07 6.79387e-16 0 7.80638e-16 0 8.94409e-16 0 9.67223e-16 0 1.02207e-15 0 1.06636e-15 0 1.1036e-15 0 1.13615e-15 0 1.16518e-15 0 1.19107e-15 0 1.21461e-15 0 1.2362e-15 0 1.25621e-15 0 1.27506e-15 0 1.29272e-15 0 1.3096e-15 0 1.32491e-15 0 1.33984e-15 0 1.35397e-15 0 1.36772e-15 0 1.38028e-15 0
3522.05 9.70842e-14 9.70842e-14 4.63453e-21 4.77372e-08 3.24175e-07 5.2002e-16 0 5.9687e-16 0 6.83206e-16 0 7.38455e-16 0 7.80067e-16 0 8.13667e-16 0 8.41924e-16 0 8.66618e-16 0 8.88638e-16 0 9.08281e-16 0 9.26141e-16 0 9.42514e-16 0 9.57698e-16 0 9.71991e-16 0 9.85391e-16 0 9.98196e-16 0 1.00981e-15 0 1.02113e-15 0 1.03185e-15 0 1.04228e-15 0 1.05181e-15 0
3702.84 8.99746e-14 8.99746e-14 3.79442e-21 4.21721e-08 2.92926e-07 3.98e-16 0 4.56347e-16 0 5.21885e-16 0 5.6382e-16 0 5.95402e-16 0 6.20903e-16 0 6.42348e-16 0 6.61088e-16 0 6.77799e-16 0 6.92705e-16 0 7.06258e-16 0 7.18683e-16 0 7.30206e-16 0 7.41052e-16 0 7.5122e-16 0 7.60937e-16 0 7.69751e-16 0 7.7834e-16 0 7.86477e-16 0 7.94388e-16 0 8.01621e-16 0
3892.91 8.33864e-14 8.33864e-14 3.1066e-21 3.72555e-08 2.64598e-07 3.04476e-16 0 3.48772e-16 0 3.9852e-16 0 4.30348e-16 0 4.54317e-16 0 4.7367e-16 0 4.89944e-16 0 5.04166e-16 0 5.16847e-16 0 5.28159e-16 0 5.38444e-16 0 5.47873e-16 0 5.56616e-16 0 5.64846e-16 0 5.72563e-16 0 5.79936e-16 0 5.86624e-16 0 5.93141e-16 0 5.99316e-16 0 6.05319e-16 0 6.10807e-16 0
4092.73 7.72826e-14 7.72826e-14 2.54338e-21 3.29102e-08 2.40074e-07 2.32834e-16 0 2.66461e-16 0 3.04222e-16 0 3.28378e-16 0 3.46569e-16 0 3.61256e-16 0 3.73606e-16 0 3.84399e-16 0 3.94022e-16 0 4.02606e-16 0 4.10411e-16 0 4.17566e-16 0 4.24201e-16 0 4.30446e-16 0 4.36301e-16 0 4.41896e-16 0 4.46971e-16 0 4.51916e-16 0 4.56601e-16 0 4.61156e-16 0 4.65321e-16 0
4302.81 7.16227e-14 7.16227e-14 2.08232e-21 2.90735e-08 2.17313e-07 1.7797e-16 0 2.03495e-16 0 2.32154e-16 0 2.50487e-16 0 2.64291e-16 0 2.75437e-16 0 2.84809e-16 0 2.92998e-16 0 3.00301e-16 0 3.06814e-16 0 3.12736e-16 0 3.18165e-16 0 3.232e-16 0 3.27938e-16 0 3.32381e-16 0 3.36627e-16 0 3.40477e-16 0 3.4423e-16 0 3.47784e-16 0 3.51241e-16 0 3.54401e-16 0
4523.68 6.63801e-14 6.63801e-14 1.70487e-21 2.56834e-08 1.967e-07 1.35987e-16 0 1.55362e-16 0 1.77113e-16 0 1.91026e-16 0 2.01502e-16 0 2.0996e-16 0 2.17071e-16 0 2.23286e-16 0 2.28827e-16 0 2.3377e-16 0 2.38263e-16 0 2.42383e-16 0 2.46203e-16 0 2.49799e-16 0 2.5317e-16 0 2.56391e-16 0 2.59313e-16 0 2.6216e-16 0 2.64857e-16 0 2.6748e-16 0 2.69878e-16 0
4755.88 6.15098e-14 6.15098e-14 1.39573e-21 2.26911e-08 1.78174e-07 1.0385e-16 0 1.18554e-16 0 1.35058e-16 0 1.45614e-16 0 1.53563e-16 0 1.5998e-16 0 1.65375e-16 0 1.7009e-16 0 1.74294e-16 0 1.78044e-16 0 1.81453e-16 0 1.84578e-16 0 1.87476e-16 0 1.90204e-16 0 1.92761e-16 0 1.95205e-16 0 1.97422e-16 0 1.99582e-16 0 2.01628e-16 0 2.03617e-16 0 2.05436e-16 0
5000 5.70063e-14 5.70063e-14 1.14268e-21 2.00448e-08 1.60002e-07 7.92941e-17 0 9.04533e-17 0 1.02979e-16 0 1.10989e-16 0 1.1702e-16 0 1.21889e-16 0 1.25984e-16 0 1.29561e-16 0 1.32751e-16 0 1.35596e-16 0 1.38183e-16 0 1.40554e-16 0 1.42753e-16 0 1.44823e-16 0 1.46763e-16 0 1.48617e-16 0 1.50299e-16 0 1.51938e-16 0 1.53491e-16 0 1.55e-16 0 1.5638e-16 0
