# 2e-06 2 2 : grain size, compostion index, size index
# Heating and cooling timescale: 10.9713 20353.4
# Ratio of heating to cooling to determine stochastic cutoff: 100
# Equilibrium emission is recorded even for those grains in the stochastic regime.
# Emission spectrum was computed for: 
# Type: ISRF
# Scales: 0.25 0.5 1 1.5 2 2.5 3 3.5 4 4.5 5 5.5 6 6.5 7 7.5 8 8.5 9 9.5 10
# StochasticallyHeated: 1 1 0 0 0 0 0 0 0 0 0 0 0 0 0 0 0 0 0 0 0
# Temperature: -1
# Wavelength  CExt  CAbs  CSca  Albedo G EqEm1 StEm1 EqEm2 StEm2 EqEm3 StEm3 EqEm4 StEm4 EqEm5 StEm5 EqEm6 StEm6 EqEm7 StEm7 EqEm8 StEm8 EqEm9 StEm9 EqEm10 StEm10 EqEm11 StEm11 EqEm12 StEm12 EqEm13 StEm13 EqEm14 StEm14 EqEm15 StEm15 EqEm16 StEm16 EqEm17 StEm17 EqEm18 StEm18 EqEm19 StEm19 EqEm20 StEm20 EqEm21 StEm21
0.05 3.87746e-11 2.73086e-11 1.1466e-11 0.295709 0.578126 0 0 0 0 0 0 0 0 0 0 0 0 0 0 0 0 0 0 0 0 0 0 0 0 0 0 0 0 0 0 0 0 0 0 0 0 0 0 0 0 0 0
0.0525665 3.82371e-11 2.69535e-11 1.12836e-11 0.295096 0.570091 0 0 0 0 0 0 0 0 0 0 0 0 0 0 0 0 0 0 0 0 0 0 0 0 0 0 0 0 0 0 0 0 0 0 0 0 0 0 0 0 0 0
0.0552647 3.76718e-11 2.658e-11 1.10918e-11 0.294433 0.561648 0 0 0 0 0 0 0 0 0 0 0 0 0 0 0 0 0 0 0 0 0 0 0 0 0 0 0 0 0 0 0 0 0 0 0 0 0 0 0 0 0 0
0.0581015 3.70773e-11 2.61871e-11 1.08902e-11 0.293717 0.552778 0 0 0 0 0 0 0 0 0 0 0 0 0 0 0 0 0 0 0 0 0 0 0 0 0 0 0 0 0 0 0 0 0 0 0 0 0 0 0 0 0 0
0.0610839 3.64526e-11 2.57743e-11 1.06783e-11 0.292936 0.543444 0 0 0 0 0 0 0 0 0 0 0 0 0 0 0 0 0 0 0 0 0 0 0 0 0 0 0 0 0 0 0 0 0 0 0 0 0 0 0 0 0 0
0.0642193 3.57947e-11 2.53393e-11 1.04555e-11 0.292095 0.533631 0 0 0 0 0 0 0 0 0 0 0 0 0 0 0 0 0 0 0 0 0 0 0 0 0 0 0 0 0 0 0 0 0 0 0 0 0 0 0 0 0 0
0.0675157 3.51041e-11 2.48829e-11 1.02212e-11 0.291169 0.523321 0 0 0 0 0 0 0 0 0 0 0 0 0 0 0 0 0 0 0 0 0 0 0 0 0 0 0 0 0 0 0 0 0 0 0 0 0 0 0 0 0 0
0.0709813 3.43779e-11 2.44029e-11 9.97498e-12 0.290157 0.512476 0 0 0 0 0 0 0 0 0 0 0 0 0 0 0 0 0 0 0 0 0 0 0 0 0 0 0 0 0 0 0 0 0 0 0 0 0 0 0 0 0 0
0.0746248 3.36148e-11 2.38988e-11 9.71597e-12 0.289039 0.501075 0 0 0 0 0 0 0 0 0 0 0 0 0 0 0 0 0 0 0 0 0 0 0 0 0 0 0 0 0 0 0 0 0 0 0 0 0 0 0 0 0 0
0.0784553 3.28125e-11 2.33687e-11 9.44379e-12 0.287811 0.489094 0 0 0 0 0 0 0 0 0 0 0 0 0 0 0 0 0 0 0 0 0 0 0 0 0 0 0 0 0 0 0 0 0 0 0 0 0 0 0 0 0 0
0.0824824 3.19683e-11 2.28107e-11 9.15762e-12 0.286459 0.476491 0 0 0 0 0 0 0 0 0 0 0 0 0 0 0 0 0 0 0 0 0 0 0 0 0 0 0 0 0 0 0 0 0 0 0 0 0 0 0 0 0 0
0.0867162 3.10811e-11 2.22243e-11 8.85672e-12 0.284956 0.463245 0 0 0 0 0 0 0 0 0 0 0 0 0 0 0 0 0 0 0 0 0 0 0 0 0 0 0 0 0 0 0 0 0 0 0 0 0 0 0 0 0 0
0.0911674 3.01487e-11 2.16083e-11 8.54039e-12 0.283275 0.449315 0 0 0 0 0 0 0 0 0 0 0 0 0 0 0 0 0 0 0 0 0 0 0 0 0 0 0 0 0 0 0 0 0 0 0 0 0 0 0 0 0 0
0.095847 2.91683e-11 2.09605e-11 8.20782e-12 0.281395 0.434672 0 0 0 0 0 0 0 0 0 0 0 0 0 0 0 0 0 0 0 0 0 0 0 0 0 0 0 0 0 0 0 0 0 0 0 0 0 0 0 0 0 0
0.100767 2.81369e-11 2.02787e-11 7.85816e-12 0.279283 0.41928 0 0 0 0 0 0 0 0 0 0 0 0 0 0 0 0 0 0 0 0 0 0 0 0 0 0 0 0 0 0 0 0 0 0 0 0 0 0 0 0 0 0
0.105939 2.70537e-11 1.95631e-11 7.49061e-12 0.276879 0.403101 0 0 0 0 0 0 0 0 0 0 0 0 0 0 0 0 0 0 0 0 0 0 0 0 0 0 0 0 0 0 0 0 0 0 0 0 0 0 0 0 0 0
0.111377 2.59135e-11 1.88094e-11 7.1041e-12 0.274147 0.386082 0 0 0 0 0 0 0 0 0 0 0 0 0 0 0 0 0 0 0 0 0 0 0 0 0 0 0 0 0 0 0 0 0 0 0 0 0 0 0 0 0 0
0.117094 2.47155e-11 1.80177e-11 6.69786e-12 0.270998 0.368195 0 0 0 0 0 0 0 0 0 0 0 0 0 0 0 0 0 0 0 0 0 0 0 0 0 0 0 0 0 0 0 0 0 0 0 0 0 0 0 0 0 0
0.123105 2.34573e-11 1.71865e-11 6.27075e-12 0.267327 0.349387 0 0 0 0 0 0 0 0 0 0 0 0 0 0 0 0 0 0 0 0 0 0 0 0 0 0 0 0 0 0 0 0 0 0 0 0 0 0 0 0 0 0
0.129424 2.21329e-11 1.63112e-11 5.82164e-12 0.263031 0.329619 0 0 0 0 0 0 0 0 0 0 0 0 0 0 0 0 0 0 0 0 0 0 0 0 0 0 0 0 0 0 0 0 0 0 0 0 0 0 0 0 0 0
0.136067 2.07408e-11 1.53913e-11 5.34948e-12 0.25792 0.308829 0 0 0 0 0 0 0 0 0 0 0 0 0 0 0 0 0 0 0 0 0 0 0 0 0 0 0 0 0 0 0 0 0 0 0 0 0 0 0 0 0 0
0.143051 1.92768e-11 1.44236e-11 4.85318e-12 0.251763 0.28698 0 0 0 0 0 0 0 0 0 0 0 0 0 0 0 0 0 0 0 0 0 0 0 0 0 0 0 0 0 0 0 0 0 0 0 0 0 0 0 0 0 0
0.150394 1.77389e-11 1.34076e-11 4.33132e-12 0.244171 0.264006 0 0 0 0 0 0 0 0 0 0 0 0 0 0 0 0 0 0 0 0 0 0 0 0 0 0 0 0 0 0 0 0 0 0 0 0 0 0 0 0 0 0
0.158114 1.61208e-11 1.23382e-11 3.78267e-12 0.234645 0.23985 0 0 0 0 0 0 0 0 0 0 0 0 0 0 0 0 0 0 0 0 0 0 0 0 0 0 0 0 0 0 0 0 0 0 0 0 0 0 0 0 0 0
0.16623 1.44202e-11 1.12144e-11 3.20589e-12 0.222319 0.214459 0 0 0 0 0 0 0 0 0 0 0 0 0 0 0 0 0 0 0 0 0 0 0 0 0 0 0 0 0 0 0 0 0 0 0 0 0 0 0 0 0 0
0.174762 1.26324e-11 1.00329e-11 2.59951e-12 0.205781 0.187757 0 0 0 0 0 0 0 0 0 0 0 0 0 0 0 0 0 0 0 0 0 0 0 0 0 0 0 0 0 0 0 0 0 0 0 0 0 0 0 0 0 0
0.183733 1.07528e-11 8.7907e-12 1.96205e-12 0.18247 0.159692 0 0 0 0 0 0 0 0 0 0 0 0 0 0 0 0 0 0 0 0 0 0 0 0 0 0 0 0 0 0 0 0 0 0 0 0 0 0 0 0 0 0
0.193164 8.77663e-12 7.48485e-12 1.29177e-12 0.147183 0.130182 0 0 0 0 0 0 0 0 0 0 0 0 0 0 0 0 0 0 0 0 0 0 0 0 0 0 0 0 0 0 0 0 0 0 0 0 0 0 0 0 0 0
0.203079 7.05005e-12 6.34128e-12 7.0877e-13 0.100534 0.103846 0 0 0 0 0 0 0 0 0 0 0 0 0 0 0 0 0 0 0 0 0 0 0 0 0 0 0 0 0 0 0 0 0 0 0 0 0 0 0 0 0 0
0.213503 6.83086e-12 6.18184e-12 6.49019e-13 0.0950129 0.0974863 0 0 0 0 0 0 0 0 0 0 0 0 0 0 0 0 0 0 0 0 0 0 0 0 0 0 0 0 0 0 0 0 0 0 0 0 0 0 0 0 0 0
0.224463 6.64399e-12 6.0427e-12 6.01288e-13 0.0905011 0.0913814 0 0 0 0 0 0 0 0 0 0 0 0 0 0 0 0 0 0 0 0 0 0 0 0 0 0 0 0 0 0 0 0 0 0 0 0 0 0 0 0 0 0
0.235984 6.4476e-12 5.8965e-12 5.51107e-13 0.0854747 0.0849623 0 0 0 0 0 0 0 0 0 0 0 0 0 0 0 0 0 0 0 0 0 0 0 0 0 0 0 0 0 0 0 0 0 0 0 0 0 0 0 0 0 0
0.248097 6.24108e-12 5.74273e-12 4.98352e-13 0.0798502 0.0782136 0 0 0 0 0 0 0 0 0 0 0 0 0 0 0 0 0 0 0 0 0 0 0 0 0 0 0 0 0 0 0 0 0 0 0 0 0 0 0 0 0 0
0.260832 6.02391e-12 5.58103e-12 4.42883e-13 0.0735207 0.0711192 0 0 0 0 0 0 0 0 0 0 0 0 0 0 0 0 0 0 0 0 0 0 0 0 0 0 0 0 0 0 0 0 0 0 0 0 0 0 0 0 0 0
0.274221 5.79567e-12 5.4111e-12 3.84569e-13 0.0663546 0.0636606 0 0 0 0 0 0 0 0 0 0 0 0 0 0 0 0 0 0 0 0 0 0 0 0 0 0 0 0 0 0 0 0 0 0 0 0 0 0 0 0 0 0
0.288297 5.55568e-12 5.23241e-12 3.23268e-13 0.0581869 0.0558183 0 0 0 0 0 0 0 0 0 0 0 0 0 0 0 0 0 0 0 0 0 0 0 0 0 0 0 0 0 0 0 0 0 0 0 0 0 0 0 0 0 0
0.303095 5.29643e-12 5.0347e-12 2.61728e-13 0.049416 0.0479712 0 0 0 0 0 0 0 0 0 0 0 0 0 0 0 0 0 0 0 0 0 0 0 0 0 0 0 0 0 0 0 0 0 0 0 0 0 0 0 0 0 0
0.318653 4.93806e-12 4.70478e-12 2.33276e-13 0.0472405 0.044644 0 0 0 0 0 0 0 0 0 0 0 0 0 0 0 0 0 0 0 0 0 0 0 0 0 0 0 0 0 0 0 0 0 0 0 0 0 0 0 0 0 0
0.335009 4.55502e-12 4.34902e-12 2.05995e-13 0.0452238 0.0415047 0 0 0 0 0 0 0 0 0 0 0 0 0 0 0 0 0 0 0 0 0 0 0 0 0 0 0 0 0 0 0 0 0 0 0 0 0 0 0 0 0 0
0.352205 4.15231e-12 3.97499e-12 1.77316e-13 0.0427029 0.0382047 0 0 0 0 0 0 0 0 0 0 0 0 0 0 0 0 0 0 0 0 0 0 0 0 0 0 0 0 0 0 0 0 0 0 0 0 0 0 0 0 0 0
0.370284 3.72889e-12 3.58173e-12 1.4716e-13 0.0394647 0.0347344 0 0 0 0 0 0 0 0 0 0 0 0 0 0 0 0 0 0 0 0 0 0 0 0 0 0 0 0 0 0 0 0 0 0 0 0 0 0 0 0 0 0
0.389291 3.28386e-12 3.16839e-12 1.15463e-13 0.0351607 0.0310865 0 0 0 0 0 0 0 0 0 0 0 0 0 0 0 0 0 0 0 0 0 0 0 0 0 0 0 0 0 0 0 0 0 0 0 0 0 0 0 0 0 0
0.409273 2.88229e-12 2.79456e-12 8.77322e-14 0.0304384 0.0277214 0 0 0 0 0 0 0 0 0 0 0 0 0 0 0 0 0 0 0 0 0 0 0 0 0 0 0 0 0 0 0 0 0 0 0 0 0 0 0 0 0 0
0.430281 2.67688e-12 2.60001e-12 7.68624e-14 0.0287134 0.0257223 0 0 0 0 0 0 0 0 0 0 0 0 0 0 0 0 0 0 0 0 0 0 0 0 0 0 0 0 0 0 0 0 0 0 0 0 0 0 0 0 0 0
0.452368 2.46096e-12 2.39552e-12 6.5437e-14 0.02659 0.02362 0 0 0 0 0 0 0 0 0 0 0 0 0 0 0 0 0 0 0 0 0 0 0 0 0 0 0 0 0 0 0 0 0 0 0 0 0 0 0 0 0 0
0.475588 2.234e-12 2.18057e-12 5.34261e-14 0.023915 0.0214104 0 0 0 0 0 0 0 0 0 0 0 0 0 0 0 0 0 0 0 0 0 0 0 0 0 0 0 0 0 0 0 0 0 0 0 0 0 0 0 0 0 0
0.5 1.99565e-12 1.95483e-12 4.08159e-14 0.0204525 0.0190891 0 0 0 0 0 0 0 0 0 0 0 0 0 0 0 0 0 0 0 0 0 0 0 0 0 0 0 0 0 0 0 0 0 0 0 0 0 0 0 0 0 0
0.525665 1.83591e-12 1.80189e-12 3.4019e-14 0.0185298 0.0174798 0 0 0 0 0 0 0 0 0 0 0 0 0 0 0 0 0 0 0 0 0 0 0 0 0 0 0 0 0 0 0 0 0 0 0 0 0 0 0 0 0 0
0.552648 1.69668e-12 1.66776e-12 2.89207e-14 0.0170454 0.0160511 0 0 0 0 0 0 0 0 0 0 0 0 0 0 0 0 0 0 0 0 0 0 0 0 0 0 0 0 0 0 0 0 0 0 0 0 0 0 0 0 0 0
0.581015 1.55033e-12 1.52677e-12 2.35612e-14 0.0151975 0.0145491 0 0 0 0 0 0 0 0 0 0 0 0 0 0 0 0 0 0 0 0 0 0 0 0 0 0 0 0 0 0 0 0 0 0 0 0 0 0 0 0 0 0
0.610839 1.40342e-12 1.38512e-12 1.8297e-14 0.0130375 0.0130408 0 0 0 0 0 0 0 0 0 0 0 0 0 0 0 0 0 0 0 0 0 0 0 0 0 0 0 0 0 0 0 0 0 0 0 0 0 0 0 0 0 0
0.642193 1.30403e-12 1.28832e-12 1.57108e-14 0.0120479 0.012012 0 0 0 0 0 0 0 0 0 0 0 0 0 0 0 0 0 0 0 0 0 0 0 0 0 0 0 0 0 0 0 0 0 0 0 0 0 0 0 0 0 0
0.675157 1.19951e-12 1.18651e-12 1.29926e-14 0.0108316 0.010931 0 0 0 0 0 0 0 0 0 0 0 0 0 0 0 0 0 0 0 0 0 0 0 0 0 0 0 0 0 0 0 0 0 0 0 0 0 0 0 0 0 0
0.709813 1.09315e-12 1.08287e-12 1.02767e-14 0.00940099 0.00983173 0 0 0 0 0 0 0 0 0 0 0 0 0 0 0 0 0 0 0 0 0 0 0 0 0 0 0 0 0 0 0 0 0 0 0 0 0 0 0 0 0 0
0.746248 1.01274e-12 1.00405e-12 8.6915e-15 0.00858218 0.00901709 0 0 0 0 0 0 0 0 0 0 0 0 0 0 0 0 0 0 0 0 0 0 0 0 0 0 0 0 0 0 0 0 0 0 0 0 0 0 0 0 0 0
0.784553 9.30815e-13 9.23684e-13 7.13097e-15 0.007661 0.00818905 0 0 0 0 0 0 0 0 0 0 0 0 0 0 0 0 0 0 0 0 0 0 0 0 0 0 0 0 0 0 0 0 0 0 0 0 0 0 0 0 0 0
0.824824 8.53695e-13 8.47933e-13 5.76205e-15 0.00674954 0.00741452 0 0 0 0 0 0 0 0 0 0 0 0 0 0 0 0 0 0 0 0 0 0 0 0 0 0 0 0 0 0 0 0 0 0 0 0 0 0 0 0 0 0
0.867162 7.89377e-13 7.84548e-13 4.82912e-15 0.00611763 0.00677918 0 0 0 0 0 0 0 0 0 0 0 0 0 0 0 0 0 0 0 0 0 0 0 0 0 0 0 0 0 0 0 0 0 0 0 0 0 0 0 0 0 0
0.911674 7.22279e-13 7.18419e-13 3.86055e-15 0.00534495 0.00611683 0 0 0 0 0 0 0 0 0 0 0 0 0 0 0 0 0 0 0 0 0 0 0 0 0 0 0 0 0 0 0 0 0 0 0 0 0 0 0 0 0 0
0.95847 6.692e-13 6.6595e-13 3.25002e-15 0.00485657 0.00560345 0 0 0 0 0 0 0 0 0 0 0 0 0 0 0 0 0 0 0 0 0 0 0 0 0 0 0 0 0 0 0 0 0 0 0 0 0 0 0 0 0 0
1.00767 6.14101e-13 6.11477e-13 2.62418e-15 0.00427321 0.0050712 0 0 0 0 0 0 0 0 0 0 0 0 0 0 0 0 0 0 0 0 0 0 0 0 0 0 0 0 0 0 0 0 0 0 0 0 0 0 0 0 0 0
1.05939 5.68403e-13 5.66212e-13 2.19087e-15 0.00385444 0.0046363 0 0 0 0 0 0 0 0 0 0 0 0 0 0 0 0 0 0 0 0 0 0 0 0 0 0 0 0 0 0 0 0 0 0 0 0 0 0 0 0 0 0
1.11377 5.2252e-13 5.20746e-13 1.77351e-15 0.00339415 0.0042012 0 0 0 0 0 0 0 0 0 0 0 0 0 0 0 0 0 0 0 0 0 0 0 0 0 0 0 0 0 0 0 0 0 0 0 0 0 0 0 0 0 0
1.17094 4.83735e-13 4.82256e-13 1.47851e-15 0.00305645 0.00384051 0 0 0 0 0 0 0 0 0 0 0 0 0 0 0 0 0 0 0 0 0 0 0 0 0 0 0 0 0 0 0 0 0 0 0 0 0 0 0 0 0 0
1.23105 4.45607e-13 4.44403e-13 1.2035e-15 0.0027008 0.00348818 0 0 0 0 0 0 0 0 0 0 0 0 0 0 0 0 0 0 0 0 0 0 0 0 0 0 0 0 0 0 0 0 0 0 0 0 0 0 0 0 0 0
1.29424 4.11832e-13 4.10838e-13 9.94181e-16 0.00241404 0.00318189 0 0 0 0 0 0 0 0 0 0 0 0 0 0 0 0 0 0 0 0 0 0 0 0 0 0 0 0 0 0 0 0 0 0 0 0 0 0 0 0 0 0
1.36067 3.80491e-13 3.79672e-13 8.19024e-16 0.00215254 0.00290214 0 0 0 0 0 0 0 0 0 0 0 0 0 0 0 0 0 0 0 0 0 0 0 0 0 0 0 0 0 0 0 0 0 0 0 0 0 0 0 0 0 0
1.43051 3.50778e-13 3.50109e-13 6.68587e-16 0.00190601 0.0026409 0 0 0 0 0 0 0 0 0 0 0 0 0 0 0 0 0 0 0 0 0 0 0 0 0 0 0 0 0 0 0 0 0 0 0 0 0 0 0 0 0 0
1.50394 3.23872e-13 3.23322e-13 5.50913e-16 0.00170102 0.00241051 0 0 0 0 0 0 0 0 0 0 0 0 0 0 0 0 0 0 0 0 0 0 0 0 0 0 0 0 0 0 0 0 0 0 0 0 0 0 0 0 0 0
1.58114 2.98899e-13 2.98445e-13 4.54542e-16 0.00152072 0.00220263 0 0 0 0 0 0 0 0 0 0 0 0 0 0 0 0 0 0 0 0 0 0 0 0 0 0 0 0 0 0 0 0 0 0 0 0 0 0 0 0 0 0
1.6623 2.75385e-13 2.75012e-13 3.73192e-16 0.00135517 0.00201112 0 0 0 0 0 0 0 0 0 0 0 0 0 0 0 0 0 0 0 0 0 0 0 0 0 0 0 0 0 0 0 0 0 0 0 0 0 0 0 0 0 0
1.74763 2.53546e-13 2.53241e-13 3.0584e-16 0.00120625 0.00183643 0 0 0 0 0 0 0 0 0 0 0 0 0 0 0 0 0 0 0 0 0 0 0 0 0 0 0 0 0 0 0 0 0 0 0 0 0 0 0 0 0 0
1.83733 2.33562e-13 2.33311e-13 2.50791e-16 0.00107377 0.00167841 0 0 0 0 0 0 0 0 0 0 0 0 0 0 0 0 0 0 0 0 0 0 0 0 0 0 0 0 0 0 0 0 0 0 0 0 0 0 0 0 0 0
1.93164 2.15365e-13 2.1516e-13 2.05477e-16 0.000954084 0.00153488 0 0 0 0 0 0 0 0 0 0 0 0 0 0 0 0 0 0 0 0 0 0 0 0 0 0 0 0 0 0 0 0 0 0 0 0 0 0 0 0 0 0
2.03079 1.98947e-13 1.98778e-13 1.68561e-16 0.000847266 0.00140518 0 0 0 0 0 0 0 0 0 0 0 0 0 0 0 0 0 0 0 0 0 0 0 0 0 0 0 0 0 0 0 0 0 0 0 0 0 0 0 0 0 0
2.13503 1.83777e-13 1.83639e-13 1.38447e-16 0.00075334 0.00128804 0 0 0 0 0 0 0 0 0 0 0 0 0 0 0 0 0 0 0 0 0 0 0 0 0 0 0 0 0 0 0 0 0 0 0 0 0 0 0 0 0 0
2.24463 1.70451e-13 1.70338e-13 1.13751e-16 0.000667349 0.00118198 0 0 0 0 0 0 0 0 0 0 0 0 0 0 0 0 0 0 0 0 0 0 0 0 0 0 0 0 0 0 0 0 0 0 0 0 0 0 0 0 0 0
2.35984 1.58316e-13 1.58222e-13 9.35178e-17 0.000590705 0.00108586 0 0 0 0 0 0 0 0 0 0 0 0 0 0 0 0 0 0 0 0 0 0 0 0 0 0 0 0 0 0 0 0 0 0 0 0 0 0 0 0 0 0
2.48097 1.4686e-13 1.46783e-13 7.68495e-17 0.000523284 0.00099852 0 0 0 0 0 0 0 0 0 0 0 0 0 0 0 0 0 0 0 0 0 0 0 0 0 0 0 0 0 0 0 0 0 0 0 0 0 0 0 0 0 0
2.60832 1.36201e-13 1.36138e-13 6.30474e-17 0.000462899 0.000919018 0 0 0 0 0 0 0 0 0 0 0 0 0 0 0 0 0 0 0 0 0 0 0 0 0 0 0 0 0 0 0 0 0 0 0 0 0 0 0 0 0 0
2.74221 1.26365e-13 1.26314e-13 5.17584e-17 0.000409593 0.000847132 0 0 0 0 0 0 0 0 0 0 0 0 0 0 0 0 0 0 0 0 0 0 0 0 0 0 0 0 0 0 0 0 0 0 0 0 0 0 0 0 0 0
2.88297 1.17214e-13 1.17172e-13 4.24921e-17 0.000362517 0.000781984 0 0 0 0 0 0 0 0 0 0 0 0 0 0 0 0 0 0 0 0 0 0 0 0 0 0 0 0 0 0 0 0 0 0 0 0 0 0 0 0 0 0
3.03095 1.08699e-13 1.08664e-13 3.48144e-17 0.000320282 0.000722585 0 0 0 0 0 0 0 0 0 0 0 0 0 0 0 0 0 0 0 0 0 0 0 0 0 0 0 0 0 0 0 0 0 0 0 0 0 0 0 0 0 0
3.18653 1.01141e-13 1.01112e-13 2.85898e-17 0.000282674 0.000669163 0 0 0 0 0 0 0 0 0 0 0 0 0 0 0 0 0 0 0 0 0 0 0 0 0 0 0 0 0 0 0 0 0 0 0 0 0 0 0 0 0 0
3.35009 9.38653e-14 9.38419e-14 2.34386e-17 0.000249705 0.000620467 0 0 0 0 0 0 0 0 0 0 0 0 0 0 0 0 0 0 0 0 0 0 0 0 0 0 0 0 0 0 0 0 0 0 0 0 0 0 0 0 0 0
3.52205 8.69825e-14 8.69633e-14 1.9281e-17 0.000221665 0.000576785 0 0 0 0 0 0 0 0 0 0 0 0 0 0 0 0 0 0 0 0 0 0 0 0 0 0 0 0 0 0 0 0 0 0 0 0 0 0 0 0 0 0
3.70284 8.0329e-14 8.03132e-14 1.58025e-17 0.000196722 0.000536823 0 0 0 0 0 0 0 0 0 0 0 0 0 0 0 0 0 0 0 0 0 0 0 0 0 0 0 0 0 0 0 0 0 0 0 0 0 0 0 0 0 0
3.89291 7.45094e-14 7.44965e-14 1.2948e-17 0.000173776 0.000500577 0 0 0 0 0 0 0 0 0 0 0 0 0 0 0 0 0 0 0 0 0 0 0 0 0 0 0 0 0 0 0 0 0 0 0 0 0 0 0 0 0 0
4.09273 6.91487e-14 6.9138e-14 1.06071e-17 0.000153396 0.000467721 0 0 0 0 0 0 0 0 0 0 0 0 0 0 0 0 0 0 0 0 0 0 0 0 0 0 0 0 0 0 0 0 0 0 0 0 0 0 0 0 0 0
4.30281 6.42116e-14 6.42029e-14 8.68814e-18 0.000135305 0.00043795 0 0 0 0 0 0 0 0 0 0 0 0 0 0 0 0 0 0 0 0 0 0 0 0 0 0 0 0 0 0 0 0 0 0 0 0 0 0 0 0 0 0
4.52368 5.96773e-14 5.96701e-14 7.11254e-18 0.000119184 0.000410948 0 0 0 0 0 0 0 0 0 0 0 0 0 0 0 0 0 0 0 0 0 0 0 0 0 0 0 0 0 0 0 0 0 0 0 0 0 0 0 0 0 0
4.75588 5.55162e-14 5.55103e-14 5.81534e-18 0.00010475 0.000386413 0 0 0 0 0 0 0 0 0 0 0 0 0 0 0 0 0 0 0 0 0 0 0 0 0 0 0 0 0 0 0 0 0 0 0 0 0 0 0 0 0 0
5 5.175e-14 5.17452e-14 4.75279e-18 9.18413e-05 0.000364188 0 0 0 0 0 0 0 0 0 0 0 0 0 0 0 0 0 0 0 0 0 0 0 0 0 0 0 0 0 0 0 0 0 0 1.4013e-45 0 5.60519e-45 0 1.26117e-44 0 3.08286e-44 0
5.25665 4.85129e-14 4.8509e-14 3.87345e-18 7.98437e-05 0.000343913 0 0 0 0 0 0 0 0 0 0 0 0 0 0 0 0 0 0 0 0 0 0 0 0 0 0 1.4013e-45 0 7.00649e-45 0 2.10195e-44 0 6.16571e-44 0 1.68156e-43 0 4.37205e-43 0 1.03836e-42 0 2.42705e-42 0
5.52648 4.55982e-14 4.5595e-14 3.16176e-18 6.93396e-05 0.000325651 0 0 0 0 0 0 0 0 0 0 0 0 0 0 0 0 0 0 0 0 1.4013e-45 0 9.80909e-45 0 4.34403e-44 0 1.61149e-43 0 5.49309e-43 0 1.68296e-42 0 4.67613e-42 0 1.22586e-41 0 3.04222e-41 0 6.9269e-41 0 1.55351e-40 0
5.81015 4.33008e-14 4.32982e-14 2.57415e-18 5.94481e-05 0.000337341 0 0 0 0 0 0 0 0 0 0 0 0 0 0 0 0 4.2039e-45 0 3.08286e-44 0 1.76564e-43 0 8.18358e-43 0 3.3435e-42 0 1.17177e-41 0 3.75996e-41 0 1.09158e-40 0 2.88461e-40 0 7.21489e-40 0 1.71278e-39 0 3.74625e-39 0 8.07692e-39 0
6.10839 4.34958e-14 4.34937e-14 2.0933e-18 4.81265e-05 0.000322124 0 0 0 0 0 0 0 0 0 0 0 0 2.8026e-45 0 4.34403e-44 0 3.86758e-43 0 2.57278e-42 0 1.33446e-41 0 5.73145e-41 0 2.18528e-40 0 7.20378e-40 0 2.18375e-39 0 6.01827e-39 0 1.51669e-38 0 3.62744e-38 0 8.25545e-38 0 1.73796e-37 0 3.6091e-37 0
6.42193 4.09501e-14 4.09484e-14 1.7323e-18 4.23027e-05 0.000308981 0 0 0 0 0 0 0 0 0 0 1.54143e-44 0 2.9147e-43 0 3.29445e-42 0 2.59955e-41 0 1.57697e-40 0 7.54937e-40 0 3.01983e-39 0 1.07858e-38 0 3.35435e-38 0 9.63245e-38 0 2.52644e-37 0 6.08606e-37 0 1.39492e-36 0 3.04966e-36 0 6.19108e-36 0 1.2406e-35 0
6.75157 3.87622e-14 3.87608e-14 1.40449e-18 3.62335e-05 0.000296482 0 0 0 0 0 0 0 0 3.36312e-44 0 1.15607e-42 0 1.96462e-41 0 1.97587e-40 0 1.40978e-39 0 7.83141e-39 0 3.47315e-38 0 1.29838e-37 0 4.35788e-37 0 1.28226e-36 0 3.49732e-36 0 8.75107e-36 0 2.01951e-35 0 4.445e-35 0 9.35382e-35 0 1.83438e-34 0 3.55317e-34 0
7.09813 3.7777e-14 3.77759e-14 1.14088e-18 3.02003e-05 0.000285211 0 0 0 8.40779e-45 0 0 2.66247e-44 0 2.54196e-42 0 7.40222e-41 0 1.09564e-39 0 9.8444e-39 0 6.38142e-38 0 3.26021e-37 0 1.34446e-36 0 4.71263e-36 0 1.49095e-35 0 4.16177e-35 0 1.08084e-34 0 2.58607e-34 0 5.7292e-34 0 1.21336e-33 0 2.46225e-33 0 4.67253e-33 0 8.76314e-33 0
7.46248 3.9252e-14 3.92511e-14 9.21758e-19 2.34831e-05 0.000274834 0 1.4013e-45 0 3.93765e-43 2.8026e-45 0 2.14118e-42 0 1.64728e-40 0 4.06979e-39 0 5.28129e-38 0 4.26291e-37 0 2.52233e-36 0 1.19e-35 0 4.57939e-35 0 1.50983e-34 0 4.5155e-34 0 1.19882e-33 0 2.97169e-33 0 6.8137e-33 0 1.45201e-32 0 2.96453e-32 0 5.81154e-32 0 1.06887e-31 0 1.94402e-31 0
7.84553 4.16834e-14 4.16826e-14 7.66576e-19 1.83905e-05 0.000265983 0 5.1848e-44 0 1.71169e-41 3.13891e-43 0 1.41566e-40 0 8.8103e-39 0 1.8612e-37 0 2.13114e-36 0 1.55345e-35 0 8.42745e-35 0 3.68593e-34 0 1.3281e-33 0 4.131e-33 0 1.17113e-32 0 2.96449e-32 0 7.02988e-32 0 1.54786e-31 0 3.1789e-31 0 6.26798e-31 0 1.18902e-30 0 2.12278e-30 0 3.74969e-30 0
8.24824 3.93554e-14 3.93548e-14 6.18406e-19 1.57134e-05 0.000257551 0 2.01927e-42 0 5.62435e-40 2.00456e-41 0 6.71899e-39 0 3.41777e-37 0 6.22103e-36 0 6.32392e-35 0 4.18361e-34 0 2.08975e-33 0 8.50462e-33 0 2.87846e-32 0 8.47077e-32 0 2.28232e-31 0 5.52113e-31 0 1.25522e-30 0 2.6593e-30 0 5.27291e-30 0 1.00579e-29 0 1.84924e-29 0 3.20935e-29 0 5.51371e-29 0
8.67162 4.39592e-14 4.39587e-14 5.0676e-19 1.1528e-05 0.000249978 0 7.8823e-41 4.06377e-44 1.86905e-38 1.21977e-39 0 3.07808e-37 0 1.29242e-35 0 2.04174e-34 0 1.85332e-33 0 1.11803e-32 0 5.16285e-32 0 1.96196e-31 0 6.25666e-31 0 1.7467e-30 0 4.48389e-30 0 1.0389e-29 0 2.26908e-29 0 4.63425e-29 0 8.88688e-29 0 1.64252e-28 0 2.93147e-28 0 4.95245e-28 0 8.28651e-28 0
9.11674 4.72369e-14 4.72364e-14 4.16968e-19 8.82719e-06 0.000243188 0 2.5363e-39 3.22018e-42 5.13969e-37 5.80305e-38 0 1.11785e-35 0 3.91074e-34 0 5.39927e-33 0 4.40064e-32 0 2.4317e-31 0 1.04209e-30 0 3.71021e-30 0 1.11805e-29 0 2.9687e-29 0 7.27802e-29 0 1.61852e-28 0 3.40273e-28 0 6.71143e-28 0 1.24675e-27 0 2.23623e-27 0 3.87978e-27 0 6.38886e-27 0 1.04246e-26 0
9.5847 5.13836e-14 5.13832e-14 3.51174e-19 6.83435e-06 0.000237264 7.00649e-45 7.12244e-38 2.05409e-40 1.23801e-35 2.29441e-36 0 3.4186e-34 0 1.00542e-32 0 1.22112e-31 0 8.98363e-31 0 4.56667e-30 0 1.8228e-29 0 6.09966e-29 0 1.74172e-28 0 4.40938e-28 0 1.03469e-27 0 2.21292e-27 0 4.48663e-27 0 8.56062e-27 0 1.5429e-26 0 2.68959e-26 0 4.54249e-26 0 7.30019e-26 0 1.16302e-25 0
10.0767 5.22659e-14 5.22656e-14 3.0094e-19 5.75787e-06 0.00023217 5.46506e-43 1.62176e-36 9.92268e-39 2.42656e-34 7.03136e-35 0 8.20566e-33 0 2.04603e-31 0 2.19978e-30 0 1.46811e-29 0 6.89331e-29 0 2.57169e-28 0 8.11283e-28 0 2.20088e-27 0 5.32477e-27 0 1.19853e-26 0 2.46993e-26 0 4.83784e-26 0 8.94412e-26 0 1.56631e-25 0 2.65732e-25 0 4.3746e-25 0 6.86941e-25 0 1.06979e-24 0
10.5939 4.91929e-14 4.91927e-14 2.56431e-19 5.21275e-06 0.000227622 3.22873e-41 2.97945e-35 3.62879e-37 3.85084e-33 1.66794e-33 0 1.54287e-31 0 3.28801e-30 0 3.14804e-29 0 1.915e-28 0 8.33767e-28 0 2.91687e-27 0 8.69984e-27 0 2.24789e-26 0 5.20888e-26 0 1.12691e-25 0 2.24178e-25 0 4.24917e-25 0 7.6236e-25 0 1.29903e-24 0 2.14772e-24 0 3.45066e-24 0 5.30046e-24 0 8.07795e-24 0
11.1377 4.48724e-14 4.48722e-14 2.16516e-19 4.82516e-06 0.000223427 1.49081e-39 4.65056e-34 1.06262e-35 5.20962e-32 3.23579e-32 0 2.39958e-30 0 4.40424e-29 0 3.77638e-28 0 2.10339e-27 0 8.52323e-27 0 2.80494e-26 0 7.93131e-26 0 1.9565e-25 0 4.35141e-25 0 9.06589e-25 0 1.74394e-24 0 3.20394e-24 0 5.58658e-24 0 9.27481e-24 0 1.49624e-23 0 2.34894e-23 0 3.53332e-23 0 5.27516e-23 0
11.7094 3.86074e-14 3.86073e-14 1.82576e-19 4.72904e-06 0.000219675 5.29548e-38 6.03328e-33 2.44762e-34 5.87716e-31 5.03807e-31 0 3.02769e-29 0 4.82109e-28 0 3.7221e-27 0 1.90641e-26 0 7.21492e-26 0 2.24023e-25 0 6.02109e-25 0 1.42123e-24 0 3.03994e-24 0 6.11057e-24 0 1.13849e-23 0 2.03042e-23 0 3.44555e-23 0 5.58044e-23 0 8.79477e-23 0 1.35062e-22 0 1.99152e-22 0 2.91568e-22 0
12.3105 2.98898e-14 2.98896e-14 1.50903e-19 5.04864e-06 0.000216129 1.39429e-36 6.23704e-32 4.26835e-33 5.3003e-30 6.05343e-30 0 2.97851e-28 0 4.14328e-27 0 2.895e-26 0 1.36912e-25 0 4.8555e-25 0 1.4265e-24 0 3.65332e-24 0 8.26926e-24 0 1.7043e-23 0 3.31099e-23 0 5.98428e-23 0 1.03753e-22 0 1.71577e-22 0 2.71422e-22 0 4.18365e-22 0 6.29168e-22 0 9.10303e-22 0 1.30815e-21 0
12.9424 2.17268e-14 2.17267e-14 1.20576e-19 5.54967e-06 0.000212556 2.86642e-35 5.38654e-31 5.92994e-32 4.0059e-29 5.90079e-29 0 2.40047e-27 0 2.93643e-26 0 1.86596e-25 0 8.17989e-25 0 2.72708e-24 0 7.60122e-24 0 1.85935e-23 0 4.04405e-23 0 8.04566e-23 0 1.51319e-22 0 2.65703e-22 0 4.48453e-22 0 7.23617e-22 0 1.11936e-21 0 1.6893e-21 0 2.49037e-21 0 3.53876e-21 0 4.99614e-21 0
13.6067 1.93641e-14 1.9364e-14 9.44315e-20 4.87664e-06 0.000209061 6.06284e-34 5.09848e-30 8.63973e-31 3.32835e-28 6.13752e-28 0 2.08354e-26 0 2.25543e-25 0 1.30949e-24 0 5.34083e-24 0 1.67891e-23 0 4.45119e-23 0 1.04228e-22 0 2.18256e-22 0 4.19881e-22 0 7.65707e-22 0 1.30806e-21 0 2.15204e-21 0 3.39233e-21 0 5.13698e-21 0 7.59832e-21 0 1.09912e-20 0 1.53527e-20 0 2.13135e-20 0
14.3051 2.04233e-14 2.04232e-14 7.46811e-20 3.65666e-06 0.000205949 1.28436e-32 5.12728e-29 1.28389e-29 2.94693e-27 6.61909e-27 0 1.89177e-25 0 1.82301e-24 0 9.71328e-24 0 3.69885e-23 0 1.09951e-22 0 2.77954e-22 0 6.24371e-22 0 1.26111e-21 0 2.34983e-21 0 4.16134e-21 0 6.9254e-21 0 1.11201e-20 0 1.71438e-20 0 2.54401e-20 0 3.69171e-20 0 5.2448e-20 0 7.20742e-20 0 9.84678e-20 0
15.0394 2.34914e-14 2.34913e-14 5.93295e-20 2.52559e-06 0.000203164 2.53179e-31 5.07002e-28 1.80636e-28 2.5731e-26 6.86519e-26 0 1.66583e-24 0 1.43719e-23 0 7.05692e-23 0 2.51747e-22 0 7.09571e-22 0 1.71438e-21 0 3.70182e-21 0 7.22466e-21 0 1.30589e-20 0 2.24898e-20 0 3.65087e-20 0 5.72822e-20 0 8.64645e-20 0 1.25858e-19 0 1.79347e-19 0 2.50467e-19 0 3.38891e-19 0 4.55994e-19 0
15.8114 2.63419e-14 2.63419e-14 4.78787e-20 1.81759e-06 0.000200725 4.18383e-30 4.42469e-27 2.1659e-27 1.98854e-25 6.15923e-25 0 1.27904e-23 0 9.93283e-23 0 4.51267e-22 0 1.51291e-21 0 4.0539e-21 0 9.38163e-21 0 1.95104e-20 0 3.68544e-20 0 6.47181e-20 0 1.08537e-19 0 1.72074e-19 0 2.64112e-19 0 3.9073e-19 0 5.58417e-19 0 7.821e-19 0 1.07457e-18 0 1.43263e-18 0 1.89994e-18 0
16.623 2.9172e-14 2.9172e-14 3.98714e-20 1.36677e-06 0.000198638 5.91488e-29 3.46602e-26 2.25683e-26 1.38325e-24 4.87056e-24 0 8.72204e-23 0 6.12836e-22 0 2.58588e-21 0 8.17219e-21 0 2.08689e-20 0 4.63566e-20 0 9.30193e-20 0 1.70338e-19 0 2.9101e-19 0 4.75879e-19 0 7.37672e-19 0 1.10879e-18 0 1.60929e-18 0 2.26019e-18 0 3.11391e-18 0 4.21253e-18 0 5.53789e-18 0 7.24374e-18 0
17.4762 3.11887e-14 3.11887e-14 3.36375e-20 1.07851e-06 0.000196788 7.04241e-28 2.39123e-25 2.01017e-25 8.49763e-24 3.33698e-23 0 5.19056e-22 0 3.31588e-21 0 1.30418e-20 0 3.89643e-20 0 9.50491e-20 0 2.03066e-19 0 3.93851e-19 0 7.00232e-19 0 1.16542e-18 0 1.86056e-18 0 2.82303e-18 0 4.1597e-18 0 5.92852e-18 0 8.18946e-18 0 1.11076e-17 0 1.48064e-17 0 1.92067e-17 0 2.47957e-17 0
18.3733 3.21262e-14 3.21262e-14 2.84892e-20 8.86789e-07 0.000195127 7.09447e-27 1.45529e-24 1.53653e-24 4.61741e-23 1.98732e-22 0 2.70357e-21 0 1.57761e-20 0 5.80363e-20 0 1.6437e-19 0 3.83879e-19 0 7.90292e-19 0 1.484e-18 0 2.56533e-18 0 4.16469e-18 0 6.49866e-18 0 9.66173e-18 0 1.39695e-17 0 1.95683e-17 0 2.6608e-17 0 3.55562e-17 0 4.67358e-17 0 5.98596e-17 0 7.63208e-17 0
19.3164 3.10913e-14 3.10912e-14 2.38026e-20 7.65572e-07 0.000193622 5.93432e-26 7.64554e-24 9.88458e-24 2.17154e-22 1.00828e-21 0 1.20754e-20 0 6.46488e-20 0 2.23172e-19 0 6.00743e-19 0 1.34609e-18 0 2.67521e-18 0 4.8713e-18 0 8.19874e-18 0 1.29991e-17 0 1.98481e-17 0 2.89428e-17 0 4.11007e-17 0 5.66336e-17 0 7.58607e-17 0 9.99477e-17 0 1.29631e-16 0 1.64039e-16 0 2.06683e-16 0
20.3079 2.98508e-14 2.98508e-14 1.98501e-20 6.64976e-07 0.00019225 4.37845e-25 3.67346e-23 5.68122e-23 9.36415e-22 4.62376e-21 0 4.90531e-20 0 2.41964e-19 0 7.86248e-19 0 2.01656e-18 0 4.34401e-18 0 8.34853e-18 0 1.47635e-17 0 2.42243e-17 0 3.75529e-17 0 5.61663e-17 0 8.04081e-17 0 1.12246e-16 0 1.52265e-16 0 2.01068e-16 0 2.61369e-16 0 3.34716e-16 0 4.18718e-16 0 5.2165e-16 0
21.3503 2.87614e-14 2.87614e-14 1.65565e-20 5.75649e-07 0.000191 2.89909e-24 1.63814e-22 2.96628e-22 3.7573e-21 1.94753e-20 0 1.8411e-19 0 8.40085e-19 0 2.57717e-18 0 6.31283e-18 0 1.30988e-17 0 2.43836e-17 0 4.19362e-17 0 6.71663e-17 0 1.01917e-16 0 1.49467e-16 0 2.10261e-16 0 2.88775e-16 0 3.85941e-16 0 5.02771e-16 0 6.45235e-16 0 8.16388e-16 0 1.01017e-15 0 1.24506e-15 0
22.4463 2.83326e-14 2.83326e-14 1.38499e-20 4.88831e-07 0.000189846 1.76461e-23 6.92885e-22 1.44033e-21 1.43351e-20 7.7092e-20 0 6.53086e-19 0 2.76713e-18 0 8.03675e-18 0 1.88436e-17 0 3.77306e-17 0 6.81373e-17 0 1.14124e-16 0 1.78629e-16 0 2.65587e-16 0 3.82283e-16 0 5.28888e-16 0 7.15213e-16 0 9.42425e-16 0 1.21196e-15 0 1.53655e-15 0 1.92193e-15 0 2.35352e-15 0 2.87132e-15 0
23.5984 2.77946e-14 2.77946e-14 1.15912e-20 4.17031e-07 0.000188797 9.66736e-23 2.71568e-21 6.36475e-21 5.08035e-20 2.805e-19 0 2.14085e-18 0 8.45337e-18 0 2.33063e-17 0 5.2419e-17 0 1.0146e-16 0 1.78014e-16 0 2.90744e-16 0 4.45232e-16 0 6.49278e-16 0 9.18089e-16 0 1.2502e-15 0 1.66592e-15 0 2.16578e-15 0 2.75121e-15 0 3.44786e-15 0 4.26574e-15 0 5.17225e-15 0 6.24923e-15 0
24.8097 2.69323e-14 2.69323e-14 9.70347e-21 3.60291e-07 0.000187854 4.75149e-22 9.8104e-21 2.54987e-20 1.66351e-19 9.34104e-19 0 6.45587e-18 0 2.38384e-17 0 6.25484e-17 0 1.35221e-16 0 2.53425e-16 0 4.326e-16 0 6.89829e-16 0 1.03462e-15 0 1.48124e-15 0 2.05937e-15 0 2.76237e-15 0 3.62967e-15 0 4.65871e-15 0 5.84925e-15 0 7.25004e-15 0 8.87711e-15 0 1.06628e-14 0 1.27646e-14 0
26.0832 2.57779e-14 2.57779e-14 8.17142e-21 3.16993e-07 0.000187014 2.10511e-21 3.27572e-20 9.30063e-20 5.04659e-19 2.85782e-18 0 1.79723e-17 0 6.22626e-17 0 1.55852e-16 0 3.24484e-16 0 5.89764e-16 0 9.80791e-16 0 1.52875e-15 0 2.24792e-15 0 3.1624e-15 0 4.32651e-15 0 5.72084e-15 0 7.41745e-15 0 9.40504e-15 0 1.1678e-14 0 1.43238e-14 0 1.73658e-14 0 2.06732e-14 0 2.45318e-14 0
27.4221 2.45517e-14 2.45517e-14 6.83164e-21 2.78255e-07 0.000186233 8.50711e-21 1.02114e-19 3.12387e-19 1.43267e-18 8.12061e-18 0 4.6684e-17 0 1.52211e-16 0 3.64313e-16 0 7.31821e-16 0 1.29188e-15 0 2.09573e-15 0 3.19657e-15 0 4.61267e-15 0 6.38191e-15 0 8.59856e-15 0 1.12156e-14 0 1.43586e-14 0 1.79963e-14 0 2.21107e-14 0 2.6851e-14 0 3.22489e-14 0 3.80655e-14 0 4.47945e-14 0
28.8297 2.32901e-14 2.32901e-14 5.69064e-21 2.44337e-07 0.000185514 3.15204e-20 2.98213e-19 9.70728e-19 3.81906e-18 2.15235e-17 0 1.13607e-16 0 3.49641e-16 0 8.01948e-16 0 1.55699e-15 0 2.67333e-15 0 4.23553e-15 0 6.32855e-15 0 8.9701e-15 0 1.22155e-14 0 1.62205e-14 0 2.08847e-14 0 2.64167e-14 0 3.27463e-14 0 3.98305e-14 0 4.79132e-14 0 5.70328e-14 0 6.67767e-14 0 7.79591e-14 0
30.3095 2.20336e-14 2.20335e-14 4.7347e-21 2.14886e-07 0.000184854 1.07653e-19 8.18959e-19 2.80452e-18 9.5951e-18 5.34521e-17 0 2.60126e-16 0 7.57816e-16 0 1.66911e-15 0 3.13731e-15 0 5.2464e-15 0 8.12752e-15 0 1.1908e-14 0 1.65935e-14 0 2.22589e-14 0 2.91504e-14 0 3.70722e-14 0 4.63571e-14 0 5.6865e-14 0 6.85087e-14 0 8.16709e-14 0 9.63925e-14 0 1.11995e-13 0 1.29765e-13 0
31.8653 2.08027e-14 2.08027e-14 4.01035e-21 1.9278e-07 0.000184287 3.40455e-19 2.12136e-18 7.56422e-18 2.27895e-17 1.24845e-16 0 5.62389e-16 0 1.55505e-15 0 3.29551e-15 0 6.00639e-15 0 9.79522e-15 0 1.48535e-14 0 2.13606e-14 0 2.9287e-14 0 3.87268e-14 0 5.00534e-14 0 6.29131e-14 0 7.78161e-14 0 9.45074e-14 0 1.12828e-13 0 1.33356e-13 0 1.56125e-13 0 1.80073e-13 0 2.0715e-13 0
33.5009 1.95536e-14 1.95536e-14 3.3614e-21 1.71907e-07 0.000183746 9.98213e-19 5.18224e-18 1.90623e-17 5.11604e-17 2.74368e-16 0 1.14838e-15 0 3.02153e-15 0 6.17276e-15 0 1.09255e-14 0 1.7397e-14 0 2.585e-14 0 3.65208e-14 0 4.93071e-14 0 6.43167e-14 0 8.20928e-14 0 1.02038e-13 0 1.24906e-13 0 1.50266e-13 0 1.7785e-13 0 2.085e-13 0 2.42228e-13 0 2.77442e-13 0 3.16985e-13 0
35.2205 1.83138e-14 1.83138e-14 2.80697e-21 1.5327e-07 0.000183253 2.72523e-18 1.19754e-17 4.50624e-17 1.08882e-16 5.69412e-16 0 2.2224e-15 0 5.57763e-15 0 1.10041e-14 0 1.89414e-14 0 2.94835e-14 0 4.29704e-14 0 5.96927e-14 0 7.94191e-14 0 1.0226e-13 0 1.28977e-13 0 1.5862e-13 0 1.92261e-13 0 2.29217e-13 0 2.69071e-13 0 3.13002e-13 0 3.60983e-13 0 4.10731e-13 0 4.66227e-13 0
37.0284 1.70738e-14 1.70738e-14 2.33029e-21 1.36484e-07 0.000182793 6.94366e-18 2.62058e-17 1.00118e-16 2.19915e-16 1.11774e-15 0 4.08188e-15 0 9.79437e-15 0 1.86928e-14 0 3.13339e-14 0 4.77308e-14 0 6.82971e-14 0 9.33652e-14 0 1.225e-13 0 1.55795e-13 0 1.94285e-13 0 2.36537e-13 0 2.84023e-13 0 3.35724e-13 0 3.91024e-13 0 4.51519e-13 0 5.17121e-13 0 5.84689e-13 0 6.59596e-13 0
38.9291 1.58515e-14 1.58515e-14 1.91886e-21 1.21052e-07 0.000182359 1.65707e-17 5.44387e-17 2.09739e-16 4.22558e-16 2.08136e-15 0 7.13517e-15 0 1.64045e-14 0 3.03357e-14 0 4.95841e-14 0 7.3995e-14 0 1.04042e-13 0 1.40075e-13 0 1.81365e-13 0 2.27968e-13 0 2.8124e-13 0 3.39129e-13 0 4.0359e-13 0 4.73177e-13 0 5.4703e-13 0 6.2724e-13 0 7.1363e-13 0 8.02052e-13 0 8.99497e-13 0
40.9273 1.4753e-14 1.4753e-14 1.5982e-21 1.0833e-07 0.000181978 3.73969e-17 1.08279e-16 4.18172e-16 7.79049e-16 3.7099e-15 0 1.19755e-14 0 2.64363e-14 0 4.74413e-14 0 7.57053e-14 0 1.10789e-13 0 1.53207e-13 0 2.03294e-13 0 2.59919e-13 0 3.2308e-13 0 3.94513e-13 0 4.7139e-13 0 5.56245e-13 0 6.47107e-13 0 7.42829e-13 0 8.46078e-13 0 9.56563e-13 0 1.06897e-12 0 1.19215e-12 0
43.0281 1.36895e-14 1.36895e-14 1.31502e-21 9.60606e-08 0.000181615 7.96044e-17 2.05465e-16 7.91159e-16 1.37313e-15 6.30936e-15 0 1.9234e-14 0 4.08492e-14 0 7.12429e-14 0 1.11122e-13 0 1.59624e-13 0 2.17273e-13 0 2.84351e-13 0 3.59219e-13 0 4.41792e-13 0 5.34237e-13 0 6.32817e-13 0 7.4072e-13 0 8.55374e-13 0 9.75313e-13 0 1.10384e-12 0 1.24053e-12 0 1.37881e-12 0 1.52953e-12 0
45.2368 1.27442e-14 1.27442e-14 1.09486e-21 8.59101e-08 0.000181298 1.61268e-16 3.74974e-16 1.43279e-15 2.33254e-15 1.03247e-14 0 2.98076e-14 0 6.10197e-14 0 1.0357e-13 0 1.58077e-13 0 2.23093e-13 0 2.99126e-13 0 3.86367e-13 0 4.82555e-13 0 5.87516e-13 0 7.03893e-13 0 8.26914e-13 0 9.60502e-13 0 1.10141e-12 0 1.24783e-12 0 1.40376e-12 0 1.56862e-12 0 1.7345e-12 0 1.91439e-12 0
47.5588 1.18455e-14 1.18455e-14 9.05483e-22 7.6441e-08 0.000181002 3.10226e-16 6.56103e-16 2.47739e-15 3.80668e-15 1.62112e-14 0 4.4441e-14 0 8.78488e-14 0 1.45305e-13 0 2.17245e-13 0 3.01483e-13 0 3.98487e-13 0 5.08315e-13 0 6.28011e-13 0 7.57298e-13 0 8.99337e-13 0 1.04824e-12 0 1.20872e-12 0 1.37681e-12 0 1.55036e-12 0 1.7341e-12 0 1.92729e-12 0 2.12066e-12 0 2.32935e-12 0
50 1.09745e-14 1.09745e-14 7.37796e-22 6.7228e-08 0.000180722 5.67113e-16 1.10065e-15 4.09196e-15 5.96831e-15 2.44298e-14 0 6.37537e-14 0 1.21901e-13 0 1.96736e-13 0 2.8842e-13 0 3.93904e-13 0 5.13603e-13 0 6.47418e-13 0 7.91655e-13 0 9.45947e-13 0 1.11398e-12 0 1.28875e-12 0 1.47575e-12 0 1.67033e-12 0 1.87001e-12 0 2.08023e-12 0 2.30009e-12 0 2.51909e-12 0 2.75434e-12 0
52.5665 1.01964e-14 1.01964e-14 6.18778e-22 6.06857e-08 0.000180478 9.93515e-16 1.78391e-15 6.50928e-15 9.0588e-15 3.56151e-14 0 8.86912e-14 0 1.64301e-13 0 2.5904e-13 0 3.72733e-13 0 5.01365e-13 0 6.45305e-13 0 8.04293e-13 0 9.73871e-13 0 1.15361e-12 0 1.34773e-12 0 1.54812e-12 0 1.76107e-12 0 1.98125e-12 0 2.20592e-12 0 2.44118e-12 0 2.68599e-12 0 2.92871e-12 0 3.18829e-12 0
55.2648 9.39792e-15 9.39792e-15 5.01705e-22 5.33847e-08 0.000180237 1.65365e-15 2.76754e-15 9.88428e-15 1.31871e-14 4.97748e-14 0 1.18552e-13 0 2.13107e-13 0 3.28603e-13 0 4.64502e-13 0 6.15828e-13 0 7.82925e-13 0 9.65385e-13 0 1.15806e-12 0 1.3605e-12 0 1.57742e-12 0 1.79975e-12 0 2.03448e-12 0 2.27573e-12 0 2.52055e-12 0 2.77561e-12 0 3.03975e-12 0 3.30048e-12 0 3.57817e-12 0
58.1015 8.71576e-15 8.71576e-15 4.1961e-22 4.81438e-08 0.000180032 2.65806e-15 4.1747e-15 1.45598e-14 1.8702e-14 6.7755e-14 0 1.54683e-13 0 2.70206e-13 0 4.07933e-13 0 5.6698e-13 0 7.41415e-13 0 9.31609e-13 0 1.13704e-12 0 1.35192e-12 0 1.57581e-12 0 1.81392e-12 0 2.05631e-12 0 2.31064e-12 0 2.57055e-12 0 2.83294e-12 0 3.10498e-12 0 3.38543e-12 0 3.66109e-12 0 3.95352e-12 0
61.0839 8.05604e-15 8.05604e-15 3.47427e-22 4.31263e-08 0.000179838 4.09506e-15 6.07353e-15 2.06438e-14 2.563e-14 8.91197e-14 0 1.95421e-13 0 3.322e-13 0 4.91543e-13 0 6.72299e-13 0 8.67704e-13 0 1.07821e-12 0 1.30324e-12 0 1.5365e-12 0 1.77762e-12 0 2.03223e-12 0 2.28975e-12 0 2.55837e-12 0 2.8314e-12 0 3.10566e-12 0 3.38872e-12 0 3.67926e-12 0 3.9637e-12 0 4.26431e-12 0
64.2193 7.42422e-15 7.42422e-15 2.82356e-22 3.80317e-08 0.000179655 6.06078e-15 8.53698e-15 2.8233e-14 3.40002e-14 1.13483e-13 0 2.39488e-13 0 3.96703e-13 0 5.75868e-13 0 7.75688e-13 0 9.8876e-13 0 1.21569e-12 0 1.45588e-12 0 1.70274e-12 0 1.956e-12 0 2.22163e-12 0 2.48863e-12 0 2.7656e-12 0 3.04566e-12 0 3.32567e-12 0 3.61339e-12 0 3.90752e-12 0 4.19438e-12 0 4.49646e-12 0
67.5157 6.88867e-15 6.88867e-15 2.36437e-22 3.43226e-08 0.000179501 8.71766e-15 1.17227e-14 3.76707e-14 4.41461e-14 1.41476e-13 0 2.87875e-13 0 4.65253e-13 0 6.63209e-13 0 8.80449e-13 0 1.10909e-12 0 1.34997e-12 0 1.60255e-12 0 1.86003e-12 0 2.1223e-12 0 2.3956e-12 0 2.66873e-12 0 2.95054e-12 0 3.23412e-12 0 3.51637e-12 0 3.80521e-12 0 4.09933e-12 0 4.38514e-12 0 4.6851e-12 0
70.9813 6.35083e-15 6.35083e-15 1.92026e-22 3.02364e-08 0.000179347 1.2047e-14 1.5539e-14 4.84678e-14 5.54336e-14 1.7064e-13 0 3.35385e-13 0 5.2949e-13 0 7.41838e-13 0 9.71323e-13 0 1.20988e-12 0 1.45861e-12 0 1.71711e-12 0 1.97859e-12 0 2.24313e-12 0 2.51711e-12 0 2.78941e-12 0 3.06895e-12 0 3.34894e-12 0 3.62644e-12 0 3.90931e-12 0 4.19627e-12 0 4.47419e-12 0 4.76491e-12 0
74.6248 5.88158e-15 5.88158e-15 1.59999e-22 2.72035e-08 0.000179221 1.61972e-14 2.01266e-14 6.08832e-14 6.81393e-14 2.01578e-13 0 3.83345e-13 0 5.91877e-13 0 8.15726e-13 0 1.05413e-12 0 1.29905e-12 0 1.55193e-12 0 1.81253e-12 0 2.07419e-12 0 2.33721e-12 0 2.60804e-12 0 2.87579e-12 0 3.14936e-12 0 3.42215e-12 0 3.69144e-12 0 3.96492e-12 0 4.24138e-12 0 4.50826e-12 0 4.78659e-12 0
78.4553 5.43761e-15 5.43761e-15 1.31855e-22 2.42487e-08 0.000179095 2.10882e-14 2.53435e-14 7.43061e-14 8.15727e-14 2.32059e-13 0 4.2769e-13 0 6.4651e-13 0 8.77206e-13 0 1.11952e-12 0 1.36568e-12 0 1.61748e-12 0 1.87489e-12 0 2.13155e-12 0 2.38797e-12 0 2.65055e-12 0 2.90885e-12 0 3.17157e-12 0 3.43245e-12 0 3.68901e-12 0 3.94863e-12 0 4.21022e-12 0 4.46197e-12 0 4.72375e-12 0
82.4824 5.03473e-15 5.03473e-15 1.07536e-22 2.13589e-08 0.000178974 2.67133e-14 3.11605e-14 8.85145e-14 9.55203e-14 2.61492e-13 0 4.67784e-13 0 6.93028e-13 0 9.26462e-13 0 1.16844e-12 0 1.41166e-12 0 1.65826e-12 0 1.90844e-12 0 2.15624e-12 0 2.40238e-12 0 2.65311e-12 0 2.8986e-12 0 3.14721e-12 0 3.39312e-12 0 3.63408e-12 0 3.8771e-12 0 4.12119e-12 0 4.35541e-12 0 4.59832e-12 0
86.7162 4.69665e-15 4.69665e-15 8.90796e-23 1.89666e-08 0.000178869 3.31672e-14 3.76742e-14 1.03658e-13 1.10178e-13 2.90472e-13 0 5.0511e-13 0 7.34151e-13 0 9.67685e-13 0 1.20676e-12 0 1.44464e-12 0 1.68382e-12 0 1.92472e-12 0 2.16183e-12 0 2.39607e-12 0 2.6335e-12 0 2.86492e-12 0 3.09834e-12 0 3.32835e-12 0 3.55297e-12 0 3.77879e-12 0 4.00494e-12 0 4.22136e-12 0 4.44521e-12 0
91.1674 4.37195e-15 4.37195e-15 7.26863e-23 1.66256e-08 0.000178772 4.00313e-14 4.44091e-14 1.18344e-13 1.24114e-13 3.15381e-13 0 5.33854e-13 0 7.61956e-13 0 9.90964e-13 0 1.22264e-12 0 1.45096e-12 0 1.67871e-12 0 1.90653e-12 0 2.12945e-12 0 2.34851e-12 0 2.56953e-12 0 2.78404e-12 0 2.99957e-12 0 3.21121e-12 0 3.41722e-12 0 3.62372e-12 0 3.82994e-12 0 4.02677e-12 0 4.22986e-12 0
95.847 4.08094e-15 4.08094e-15 6.03998e-23 1.48005e-08 0.000178682 4.72584e-14 5.1339e-14 1.32515e-13 1.37344e-13 3.36681e-13 0 5.55513e-13 0 7.79301e-13 0 1.00071e-12 0 1.22218e-12 0 1.43849e-12 0 1.65263e-12 0 1.86545e-12 0 2.07253e-12 0 2.27503e-12 0 2.47843e-12 0 2.67506e-12 0 2.87191e-12 0 3.06456e-12 0 3.25151e-12 0 3.43839e-12 0 3.62451e-12 0 3.80172e-12 0 3.98416e-12 0
100.767 3.79402e-15 3.79402e-15 4.98628e-23 1.31425e-08 0.000178599 5.42667e-14 5.78691e-14 1.44707e-13 1.48432e-13 3.51347e-13 0 5.65793e-13 0 7.80822e-13 0 9.90621e-13 0 1.19826e-12 0 1.39933e-12 0 1.59696e-12 0 1.79219e-12 0 1.98114e-12 0 2.16505e-12 0 2.34901e-12 0 2.52619e-12 0 2.70295e-12 0 2.87539e-12 0 3.04226e-12 0 3.20862e-12 0 3.37389e-12 0 3.5309e-12 0 3.69218e-12 0
105.939 3.50767e-15 3.50767e-15 4.09387e-23 1.16712e-08 0.000178521 6.05892e-14 6.35626e-14 1.54027e-13 1.56565e-13 3.58197e-13 0 5.63666e-13 0 7.65882e-13 0 9.60598e-13 0 1.15138e-12 0 1.33462e-12 0 1.51354e-12 0 1.68926e-12 0 1.85847e-12 0 2.02245e-12 0 2.18584e-12 0 2.34263e-12 0 2.49856e-12 0 2.65023e-12 0 2.79661e-12 0 2.94217e-12 0 3.08644e-12 0 3.2232e-12 0 3.3634e-12 0
111.377 3.22459e-15 3.22459e-15 3.36707e-23 1.04419e-08 0.000178449 6.58414e-14 6.80859e-14 1.59947e-13 1.61302e-13 3.57042e-13 0 5.49676e-13 0 7.35937e-13 0 9.13068e-13 0 1.08497e-12 0 1.24883e-12 0 1.4078e-12 0 1.56309e-12 0 1.71192e-12 0 1.85556e-12 0 1.99814e-12 0 2.13452e-12 0 2.26973e-12 0 2.40089e-12 0 2.52715e-12 0 2.65241e-12 0 2.77629e-12 0 2.89347e-12 0 3.01338e-12 0
117.094 2.95343e-15 2.95343e-15 2.76961e-23 9.37762e-09 0.000178384 6.985e-14 7.13261e-14 1.62518e-13 1.62772e-13 3.48947e-13 0 5.26168e-13 0 6.94679e-13 0 8.53054e-13 0 1.00538e-12 0 1.14953e-12 0 1.28855e-12 0 1.42366e-12 0 1.55257e-12 0 1.6765e-12 0 1.7991e-12 0 1.916e-12 0 2.03156e-12 0 2.14337e-12 0 2.25075e-12 0 2.35704e-12 0 2.46195e-12 0 2.561e-12 0 2.66217e-12 0
123.105 2.69095e-15 2.69095e-15 2.28391e-23 8.48736e-09 0.000178328 7.23046e-14 7.30247e-14 1.61472e-13 1.60769e-13 3.34143e-13 0 4.94017e-13 0 6.43645e-13 0 7.8272e-13 0 9.15356e-13 0 1.04002e-12 0 1.15958e-12 0 1.27521e-12 0 1.38508e-12 0 1.49032e-12 0 1.59409e-12 0 1.69275e-12 0 1.79002e-12 0 1.8839e-12 0 1.97385e-12 0 2.06272e-12 0 2.15026e-12 0 2.23276e-12 0 2.31689e-12 0
129.424 2.45132e-15 2.45132e-15 1.88678e-23 7.69701e-09 0.000178271 7.34692e-14 7.3495e-14 1.57809e-13 1.56323e-13 3.1533e-13 0 4.57582e-13 0 5.88742e-13 0 7.09381e-13 0 8.23521e-13 0 9.30121e-13 0 1.03181e-12 0 1.12972e-12 0 1.22239e-12 0 1.31085e-12 0 1.39781e-12 0 1.48026e-12 0 1.56135e-12 0 1.63943e-12 0 1.71409e-12 0 1.7877e-12 0 1.86009e-12 0 1.9282e-12 0 1.99754e-12 0
136.067 2.22635e-15 2.22635e-15 1.54967e-23 6.96059e-09 0.000178218 7.31422e-14 7.25661e-14 1.51407e-13 1.49332e-13 2.92665e-13 0 4.17252e-13 0 5.30516e-13 0 6.33674e-13 0 7.30547e-13 0 8.20479e-13 0 9.05847e-13 0 9.8769e-13 0 1.06487e-12 0 1.13832e-12 0 1.21031e-12 0 1.27839e-12 0 1.34519e-12 0 1.40938e-12 0 1.47063e-12 0 1.53092e-12 0 1.59011e-12 0 1.64571e-12 0 1.70224e-12 0
143.051 2.0143e-15 2.0143e-15 1.2609e-23 6.25975e-09 0.000178171 7.13471e-14 7.02845e-14 1.42604e-13 1.40134e-13 2.67117e-13 0 3.7451e-13 0 4.70858e-13 0 5.57799e-13 0 6.38873e-13 0 7.13716e-13 0 7.84433e-13 0 8.51962e-13 0 9.15429e-13 0 9.75644e-13 0 1.03451e-12 0 1.09004e-12 0 1.14441e-12 0 1.19655e-12 0 1.24622e-12 0 1.29502e-12 0 1.34286e-12 0 1.38773e-12 0 1.43329e-12 0
150.394 1.82894e-15 1.82894e-15 1.04306e-23 5.70306e-09 0.00017813 6.87545e-14 6.73217e-14 1.32929e-13 1.30225e-13 2.41692e-13 0 3.33545e-13 0 4.1493e-13 0 4.87735e-13 0 5.55182e-13 0 6.17119e-13 0 6.75389e-13 0 7.30827e-13 0 7.82764e-13 0 8.31903e-13 0 8.7982e-13 0 9.24923e-13 0 9.68996e-13 0 1.01118e-12 0 1.0513e-12 0 1.09066e-12 0 1.12918e-12 0 1.16527e-12 0 1.20187e-12 0
158.114 1.64919e-15 1.64919e-15 8.48557e-24 5.14531e-09 0.00017809 6.48256e-14 6.31503e-14 1.21446e-13 1.18673e-13 2.14681e-13 0 2.91873e-13 0 3.59473e-13 0 4.19457e-13 0 4.74685e-13 0 5.25155e-13 0 5.72445e-13 0 6.17282e-13 0 6.59162e-13 0 6.98684e-13 0 7.37135e-13 0 7.73252e-13 0 8.08479e-13 0 8.42138e-13 0 8.741e-13 0 9.05412e-13 0 9.36015e-13 0 9.6465e-13 0 9.93652e-13 0
166.23 1.49337e-15 1.49337e-15 7.03225e-24 4.70897e-09 0.000178056 6.05175e-14 5.8701e-14 1.10043e-13 1.07306e-13 1.8941e-13 0 2.53908e-13 0 3.09774e-13 0 3.58972e-13 0 4.04011e-13 0 4.44981e-13 0 4.83225e-13 0 5.19371e-13 0 5.53039e-13 0 5.84736e-13 0 6.15507e-13 0 6.44355e-13 0 6.72443e-13 0 6.99239e-13 0 7.24646e-13 0 7.49504e-13 0 7.73768e-13 0 7.96446e-13 0 8.1939e-13 0
174.763 1.34442e-15 1.34442e-15 5.77008e-24 4.29187e-09 0.00017802 5.54203e-14 5.35657e-14 9.79684e-14 9.53717e-14 1.64437e-13 0 2.17514e-13 0 2.6302e-13 0 3.02812e-13 0 3.39045e-13 0 3.71865e-13 0 4.02396e-13 0 4.31165e-13 0 4.57894e-13 0 4.83001e-13 0 5.07327e-13 0 5.30092e-13 0 5.52222e-13 0 5.73302e-13 0 5.93263e-13 0 6.12769e-13 0 6.31786e-13 0 6.49542e-13 0 6.67488e-13 0
183.733 1.20154e-15 1.20154e-15 4.65858e-24 3.87717e-09 0.000177983 4.97491e-14 4.79448e-14 8.56259e-14 8.32465e-14 1.40345e-13 0 1.8333e-13 0 2.19833e-13 0 2.51542e-13 0 2.80272e-13 0 3.06194e-13 0 3.30229e-13 0 3.52814e-13 0 3.73749e-13 0 3.93373e-13 0 4.12352e-13 0 4.30083e-13 0 4.47293e-13 0 4.63666e-13 0 4.79149e-13 0 4.94263e-13 0 5.08982e-13 0 5.22712e-13 0 5.36575e-13 0
193.164 1.07846e-15 1.07846e-15 3.89276e-24 3.60957e-09 0.000177959 4.43151e-14 4.26083e-14 7.43721e-14 7.22329e-14 1.19198e-13 0 1.53874e-13 0 1.8306e-13 0 2.08259e-13 0 2.30985e-13 0 2.51415e-13 0 2.70301e-13 0 2.88003e-13 0 3.04374e-13 0 3.19692e-13 0 3.34481e-13 0 3.48276e-13 0 3.61649e-13 0 3.74353e-13 0 3.86355e-13 0 3.98057e-13 0 4.09444e-13 0 4.20054e-13 0 4.3076e-13 0
203.079 9.52635e-16 9.52635e-16 3.1301e-24 3.28573e-09 0.000177935 3.84106e-14 3.68637e-14 6.29445e-14 6.10892e-14 9.87725e-14 0 1.26094e-13 0 1.48901e-13 0 1.6848e-13 0 1.86063e-13 0 2.01815e-13 0 2.16337e-13 0 2.29916e-13 0 2.4245e-13 0 2.54156e-13 0 2.65439e-13 0 2.75951e-13 0 2.86127e-13 0 2.95783e-13 0 3.04896e-13 0 3.13773e-13 0 3.22402e-13 0 3.30437e-13 0 3.38537e-13 0
213.503 8.50436e-16 8.50436e-16 2.60504e-24 3.06318e-09 0.000177911 3.32879e-14 3.1903e-14 5.33364e-14 5.17385e-14 8.20454e-14 0 1.03648e-13 0 1.21543e-13 0 1.36824e-13 0 1.50494e-13 0 1.62702e-13 0 1.73927e-13 0 1.84401e-13 0 1.9405e-13 0 2.03048e-13 0 2.11709e-13 0 2.19766e-13 0 2.27557e-13 0 2.34943e-13 0 2.41906e-13 0 2.48682e-13 0 2.55264e-13 0 2.61389e-13 0 2.67558e-13 0
224.463 7.53419e-16 7.53419e-16 2.14024e-24 2.84071e-09 0.000177891 2.83404e-14 2.7134e-14 4.4456e-14 4.31114e-14 6.71151e-14 0 8.39553e-14 0 9.78059e-14 0 1.09576e-13 0 1.20066e-13 0 1.29408e-13 0 1.37977e-13 0 1.45957e-13 0 1.53296e-13 0 1.60129e-13 0 1.66697e-13 0 1.72801e-13 0 1.78697e-13 0 1.8428e-13 0 1.89539e-13 0 1.94653e-13 0 1.99617e-13 0 2.04232e-13 0 2.08878e-13 0
235.984 6.6402e-16 6.6402e-16 1.73061e-24 2.60626e-09 0.000177872 2.37754e-14 2.27479e-14 3.65571e-14 3.54469e-14 5.42252e-14 0 6.72057e-14 0 7.78117e-14 0 8.6784e-14 0 9.47536e-14 0 1.01832e-13 0 1.08311e-13 0 1.14333e-13 0 1.19863e-13 0 1.25004e-13 0 1.29941e-13 0 1.34523e-13 0 1.38944e-13 0 1.43128e-13 0 1.47065e-13 0 1.50891e-13 0 1.54602e-13 0 1.5805e-13 0 1.61519e-13 0
248.097 5.91869e-16 5.91869e-16 1.43628e-24 2.42669e-09 0.000177849 1.99913e-14 1.91199e-14 3.01656e-14 2.92499e-14 4.40086e-14 0 5.40709e-14 0 6.22425e-14 0 6.91268e-14 0 7.52228e-14 0 8.06238e-14 0 8.55577e-14 0 9.01359e-14 0 9.43336e-14 0 9.82316e-14 0 1.0197e-13 0 1.05436e-13 0 1.08778e-13 0 1.11938e-13 0 1.14909e-13 0 1.17795e-13 0 1.20591e-13 0 1.23188e-13 0 1.258e-13 0
260.832 5.22113e-16 5.22113e-16 1.15807e-24 2.21805e-09 0.000177832 1.64955e-14 1.5774e-14 2.44536e-14 2.37146e-14 3.51237e-14 0 4.28032e-14 0 4.90049e-14 0 5.42097e-14 0 5.88054e-14 0 6.28679e-14 0 6.65723e-14 0 7.00042e-14 0 7.31468e-14 0 7.60616e-14 0 7.88541e-14 0 8.14411e-14 0 8.39332e-14 0 8.62875e-14 0 8.85001e-14 0 9.06473e-14 0 9.27272e-14 0 9.46577e-14 0 9.65979e-14 0
274.221 4.67299e-16 4.67299e-16 9.60482e-25 2.05539e-09 0.000177816 1.36998e-14 1.31013e-14 1.99736e-14 1.93746e-14 2.82719e-14 0 3.41901e-14 0 3.89447e-14 0 4.29211e-14 0 4.64228e-14 0 4.9512e-14 0 5.2324e-14 0 5.49256e-14 0 5.73048e-14 0 5.95093e-14 0 6.16193e-14 0 6.35725e-14 0 6.54525e-14 0 6.72273e-14 0 6.88943e-14 0 7.0511e-14 0 7.20763e-14 0 7.35283e-14 0 7.49871e-14 0
288.297 4.16938e-16 4.16938e-16 7.87268e-25 1.88821e-09 0.0001778 1.12577e-14 1.07682e-14 1.61581e-14 1.56784e-14 2.25588e-14 0 2.70855e-14 0 3.07049e-14 0 3.37221e-14 0 3.63727e-14 0 3.87067e-14 0 4.0828e-14 0 4.27879e-14 0 4.45783e-14 0 4.62357e-14 0 4.78206e-14 0 4.92866e-14 0 5.06967e-14 0 5.20271e-14 0 5.32759e-14 0 5.44864e-14 0 5.56579e-14 0 5.67441e-14 0 5.78348e-14 0
303.095 3.71738e-16 3.71738e-16 6.39783e-25 1.72106e-09 0.000177787 9.17916e-15 8.78326e-15 1.29824e-14 1.26018e-14 1.78928e-14 0 2.13386e-14 0 2.40818e-14 0 2.63617e-14 0 2.83603e-14 0 3.0117e-14 0 3.17114e-14 0 3.31828e-14 0 3.45256e-14 0 3.57674e-14 0 3.6954e-14 0 3.80508e-14 0 3.91052e-14 0 4.00993e-14 0 4.1032e-14 0 4.19357e-14 0 4.28099e-14 0 4.362e-14 0 4.44333e-14 0
318.653 3.33568e-16 3.33568e-16 5.25894e-25 1.57657e-09 0.000177779 7.48268e-15 7.16335e-15 1.04378e-14 1.01362e-14 1.42126e-14 0 1.68427e-14 0 1.89281e-14 0 2.06566e-14 0 2.21688e-14 0 2.34958e-14 0 2.46987e-14 0 2.58076e-14 0 2.68186e-14 0 2.77528e-14 0 2.86449e-14 0 2.94689e-14 0 3.02605e-14 0 3.10066e-14 0 3.17062e-14 0 3.23838e-14 0 3.30389e-14 0 3.36459e-14 0 3.42549e-14 0
335.009 2.9885e-16 2.9885e-16 4.26725e-25 1.42789e-09 0.000177771 6.05235e-15 5.79735e-15 8.33381e-15 8.09678e-15 1.12195e-14 0 1.3217e-14 0 1.4795e-14 0 1.60997e-14 0 1.7239e-14 0 1.82374e-14 0 1.91413e-14 0 1.99737e-14 0 2.07319e-14 0 2.14321e-14 0 2.21003e-14 0 2.27171e-14 0 2.33094e-14 0 2.38673e-14 0 2.43903e-14 0 2.48965e-14 0 2.53858e-14 0 2.5839e-14 0 2.62936e-14 0
352.205 2.70121e-16 2.70121e-16 3.52095e-25 1.30347e-09 0.000177763 4.91006e-15 4.70619e-15 6.67914e-15 6.4924e-15 8.89661e-15 0 1.04223e-14 0 1.16236e-14 0 1.26145e-14 0 1.34784e-14 0 1.42344e-14 0 1.49181e-14 0 1.55472e-14 0 1.61198e-14 0 1.66482e-14 0 1.71521e-14 0 1.7617e-14 0 1.80633e-14 0 1.84834e-14 0 1.88771e-14 0 1.92581e-14 0 1.96262e-14 0 1.9967e-14 0 2.03088e-14 0
370.284 2.43319e-16 2.43319e-16 2.88872e-25 1.18722e-09 0.000177749 3.94798e-15 3.78668e-15 5.30945e-15 5.16367e-15 7.00188e-15 0 8.15994e-15 0 9.06891e-15 0 9.8172e-15 0 1.04685e-14 0 1.10378e-14 0 1.15522e-14 0 1.20251e-14 0 1.24552e-14 0 1.28518e-14 0 1.32299e-14 0 1.35786e-14 0 1.39131e-14 0 1.42279e-14 0 1.45227e-14 0 1.4808e-14 0 1.50835e-14 0 1.53386e-14 0 1.55943e-14 0
389.291 2.18006e-16 2.18006e-16 2.35776e-25 1.08151e-09 0.000177737 3.14123e-15 3.01509e-15 4.17949e-15 4.06688e-15 5.46033e-15 0 6.33235e-15 0 7.01488e-15 0 7.5757e-15 0 8.06314e-15 0 8.48875e-15 0 8.87293e-15 0 9.22585e-15 0 9.54665e-15 0 9.84233e-15 0 1.0124e-14 0 1.03837e-14 0 1.06327e-14 0 1.0867e-14 0 1.10863e-14 0 1.12985e-14 0 1.15034e-14 0 1.16929e-14 0 1.18829e-14 0
409.273 1.94409e-16 1.94409e-16 1.92213e-25 9.88704e-10 0.00017773 2.47558e-15 2.37798e-15 3.2609e-15 3.17474e-15 4.22298e-15 0 4.87495e-15 0 5.38395e-15 0 5.80144e-15 0 6.16386e-15 0 6.47998e-15 0 6.7651e-15 0 7.02683e-15 0 7.26461e-15 0 7.48366e-15 0 7.69225e-15 0 7.88445e-15 0 8.0687e-15 0 8.24199e-15 0 8.4042e-15 0 8.56103e-15 0 8.71243e-15 0 8.85251e-15 0 8.99288e-15 0
430.281 1.73469e-16 1.73469e-16 1.57241e-25 9.06453e-10 0.00017773 1.94332e-15 1.86815e-15 2.5358e-15 2.47012e-15 3.257e-15 0 3.74368e-15 0 4.12274e-15 0 4.43318e-15 0 4.70234e-15 0 4.9369e-15 0 5.14831e-15 0 5.34225e-15 0 5.51834e-15 0 5.68049e-15 0 5.83484e-15 0 5.977e-15 0 6.11324e-15 0 6.24134e-15 0 6.36121e-15 0 6.47708e-15 0 6.58892e-15 0 6.69236e-15 0 6.796e-15 0
452.368 1.54352e-16 1.54352e-16 1.28594e-25 8.33124e-10 0.000177722 1.51477e-15 1.45732e-15 1.95922e-15 1.90949e-15 2.49707e-15 0 2.85863e-15 0 3.13963e-15 0 3.36943e-15 0 3.56847e-15 0 3.74177e-15 0 3.89786e-15 0 4.04097e-15 0 4.17086e-15 0 4.2904e-15 0 4.40415e-15 0 4.50889e-15 0 4.60923e-15 0 4.70355e-15 0 4.79179e-15 0 4.87707e-15 0 4.95936e-15 0 5.03546e-15 0 5.11169e-15 0
475.588 1.37855e-16 1.37855e-16 1.05873e-25 7.68003e-10 0.000177714 1.18043e-15 1.13655e-15 1.51419e-15 1.47653e-15 1.91594e-15 0 2.18505e-15 0 2.39381e-15 0 2.5643e-15 0 2.71182e-15 0 2.84017e-15 0 2.95571e-15 0 3.06158e-15 0 3.15762e-15 0 3.24599e-15 0 3.33004e-15 0 3.40741e-15 0 3.48152e-15 0 3.55115e-15 0 3.61629e-15 0 3.67923e-15 0 3.73994e-15 0 3.79608e-15 0 3.85232e-15 0
500 1.22782e-16 1.22782e-16 8.65968e-26 7.05289e-10 0.000177706 9.13921e-16 8.80635e-16 1.16325e-15 1.1349e-15 1.46192e-15 0 1.66135e-15 0 1.81577e-15 0 1.94173e-15 0 2.05064e-15 0 2.14532e-15 0 2.2305e-15 0 2.30852e-15 0 2.37927e-15 0 2.44434e-15 0 2.50622e-15 0 2.56316e-15 0 2.61768e-15 0 2.66891e-15 0 2.71681e-15 0 2.76309e-15 0 2.80772e-15 0 2.84899e-15 0 2.89032e-15 0
525.665 1.09003e-16 1.09003e-16 7.00938e-26 6.43048e-10 0.0001777 7.02821e-16 6.77743e-16 8.8807e-16 8.66862e-16 1.10899e-15 0 1.25607e-15 0 1.36978e-15 0 1.46243e-15 0 1.54247e-15 0 1.61201e-15 0 1.67455e-15 0 1.7318e-15 0 1.7837e-15 0 1.83141e-15 0 1.87677e-15 0 1.91851e-15 0 1.95846e-15 0 1.99598e-15 0 2.03107e-15 0 2.06496e-15 0 2.09765e-15 0 2.12786e-15 0 2.15811e-15 0
552.648 9.77077e-17 9.77077e-17 5.79328e-26 5.9292e-10 0.0001777 5.43928e-16 5.24915e-16 6.82618e-16 6.66641e-16 8.47343e-16 0 9.56722e-16 0 1.04116e-15 0 1.10989e-15 0 1.16922e-15 0 1.22074e-15 0 1.26705e-15 0 1.30943e-15 0 1.34783e-15 0 1.38313e-15 0 1.41668e-15 0 1.44754e-15 0 1.47708e-15 0 1.50482e-15 0 1.53075e-15 0 1.55579e-15 0 1.57994e-15 0 1.60225e-15 0 1.6246e-15 0
581.015 8.68062e-17 8.68062e-17 4.67309e-26 5.38336e-10 0.000177692 4.15939e-16 4.01694e-16 5.18659e-16 5.0676e-16 6.40213e-16 0 7.20731e-16 0 7.82803e-16 0 8.33287e-16 0 8.76837e-16 0 9.14637e-16 0 9.48595e-16 0 9.79663e-16 0 1.00781e-15 0 1.03367e-15 0 1.05824e-15 0 1.08084e-15 0 1.10247e-15 0 1.12277e-15 0 1.14175e-15 0 1.16008e-15 0 1.17775e-15 0 1.19408e-15 0 1.21043e-15 0
610.839 7.80317e-17 7.80317e-17 3.87204e-26 4.96213e-10 0.00017769 3.20892e-16 3.10124e-16 3.9774e-16 3.88793e-16 4.88374e-16 0 5.48278e-16 0 5.94402e-16 0 6.31885e-16 0 6.64201e-16 0 6.92237e-16 0 7.17414e-16 0 7.4044e-16 0 7.61293e-16 0 7.80452e-16 0 7.98652e-16 0 8.15387e-16 0 8.31397e-16 0 8.4643e-16 0 8.60478e-16 0 8.74041e-16 0 8.87117e-16 0 8.992e-16 0 9.11294e-16 0
642.193 6.97616e-17 6.97616e-17 3.16353e-26 4.53477e-10 0.000177686 2.45546e-16 2.37471e-16 3.02638e-16 2.95961e-16 3.69765e-16 0 4.14044e-16 0 4.481e-16 0 4.75756e-16 0 4.99585e-16 0 5.2025e-16 0 5.38801e-16 0 5.55763e-16 0 5.7112e-16 0 5.85227e-16 0 5.98624e-16 0 6.10941e-16 0 6.22724e-16 0 6.33784e-16 0 6.4412e-16 0 6.54098e-16 0 6.63716e-16 0 6.72602e-16 0 6.81496e-16 0
675.157 6.21498e-17 6.21498e-17 2.54409e-26 4.09347e-10 0.00017768 1.86759e-16 1.80738e-16 2.28965e-16 2.24009e-16 2.78453e-16 0 3.11038e-16 0 3.36074e-16 0 3.56391e-16 0 3.73889e-16 0 3.89058e-16 0 4.0267e-16 0 4.15113e-16 0 4.26376e-16 0 4.3672e-16 0 4.46543e-16 0 4.55572e-16 0 4.64208e-16 0 4.72314e-16 0 4.79887e-16 0 4.87198e-16 0 4.94244e-16 0 5.00754e-16 0 5.07269e-16 0
709.813 5.62404e-17 5.62404e-17 2.1259e-26 3.78001e-10 0.00017768 1.43938e-16 1.39387e-16 1.75591e-16 1.7186e-16 2.12612e-16 0 2.36947e-16 0 2.55629e-16 0 2.70779e-16 0 2.83822e-16 0 2.95124e-16 0 3.05264e-16 0 3.14531e-16 0 3.22917e-16 0 3.30618e-16 0 3.37929e-16 0 3.44648e-16 0 3.51074e-16 0 3.57106e-16 0 3.6274e-16 0 3.68178e-16 0 3.7342e-16 0 3.78261e-16 0 3.83107e-16 0
746.248 5.02462e-17 5.02462e-17 1.70536e-26 3.394e-10 0.00017768 1.0928e-16 1.05891e-16 1.3269e-16 1.29921e-16 1.60007e-16 0 1.77937e-16 0 1.9169e-16 0 2.02837e-16 0 2.12429e-16 0 2.20739e-16 0 2.28193e-16 0 2.35002e-16 0 2.41164e-16 0 2.46821e-16 0 2.52192e-16 0 2.57127e-16 0 2.61846e-16 0 2.66274e-16 0 2.70411e-16 0 2.74404e-16 0 2.78251e-16 0 2.81805e-16 0 2.85361e-16 0
784.553 4.57495e-17 4.57495e-17 1.42048e-26 3.10492e-10 0.000177673 8.43757e-17 8.18077e-17 1.02002e-16 9.99112e-17 1.22527e-16 0 1.35981e-16 0 1.46292e-16 0 1.54646e-16 0 1.61832e-16 0 1.68056e-16 0 1.73636e-16 0 1.78734e-16 0 1.83346e-16 0 1.8758e-16 0 1.91598e-16 0 1.9529e-16 0 1.98821e-16 0 2.02133e-16 0 2.05228e-16 0 2.08214e-16 0 2.11091e-16 0 2.13749e-16 0 2.16408e-16 0
824.824 4.15211e-17 4.15211e-17 1.16661e-26 2.80969e-10 0.00017767 6.48089e-17 6.28724e-17 7.80252e-17 7.64531e-17 9.33858e-17 0 1.03442e-16 0 1.11144e-16 0 1.17381e-16 0 1.22744e-16 0 1.27388e-16 0 1.31551e-16 0 1.35354e-16 0 1.38793e-16 0 1.4195e-16 0 1.44946e-16 0 1.47698e-16 0 1.5033e-16 0 1.52799e-16 0 1.55105e-16 0 1.57331e-16 0 1.59475e-16 0 1.61456e-16 0 1.63437e-16 0
867.163 3.75317e-17 3.75317e-17 9.46476e-27 2.5218e-10 0.000177667 4.9487e-17 4.80345e-17 5.93481e-17 5.81722e-17 7.07894e-17 0 7.82711e-17 0 8.39981e-17 0 8.86339e-17 0 9.2619e-17 0 9.60685e-17 0 9.91606e-17 0 1.01984e-16 0 1.04538e-16 0 1.06881e-16 0 1.09106e-16 0 1.11149e-16 0 1.13102e-16 0 1.14934e-16 0 1.16646e-16 0 1.18297e-16 0 1.19888e-16 0 1.21357e-16 0 1.22827e-16 0
911.674 3.4023e-17 3.4023e-17 7.83653e-27 2.3033e-10 0.00017766 3.78297e-17 3.67386e-17 4.52027e-17 4.43215e-17 5.37439e-17 0 5.93235e-17 0 6.3592e-17 0 6.7046e-17 0 7.00144e-17 0 7.25833e-17 0 7.48855e-17 0 7.69876e-17 0 7.88885e-17 0 8.06328e-17 0 8.2288e-17 0 8.38084e-17 0 8.52617e-17 0 8.66252e-17 0 8.78985e-17 0 8.9127e-17 0 9.03106e-17 0 9.14036e-17 0 9.24972e-17 0
958.471 3.06445e-17 3.06445e-17 6.32479e-27 2.06392e-10 0.00017766 2.86857e-17 2.78723e-17 3.41591e-17 3.35036e-17 4.04907e-17 0 4.46231e-17 0 4.77829e-17 0 5.03389e-17 0 5.25349e-17 0 5.4435e-17 0 5.61377e-17 0 5.76921e-17 0 5.90976e-17 0 6.03871e-17 0 6.16107e-17 0 6.27346e-17 0 6.38088e-17 0 6.48165e-17 0 6.57575e-17 0 6.66654e-17 0 6.754e-17 0 6.83477e-17 0 6.91557e-17 0
1007.67 2.78831e-17 2.78831e-17 5.24384e-27 1.88066e-10 0.00017766 2.19399e-17 2.13279e-17 2.60419e-17 2.55497e-17 3.0781e-17 0 3.38715e-17 0 3.62335e-17 0 3.81435e-17 0 3.97842e-17 0 4.12036e-17 0 4.24753e-17 0 4.36361e-17 0 4.46856e-17 0 4.56484e-17 0 4.6562e-17 0 4.7401e-17 0 4.82029e-17 0 4.8955e-17 0 4.96574e-17 0 5.0335e-17 0 5.09878e-17 0 5.15906e-17 0 5.21936e-17 0
1059.39 2.53029e-17 2.53029e-17 4.29536e-27 1.69758e-10 0.00017766 1.67114e-17 1.62526e-17 1.97756e-17 1.94074e-17 2.33117e-17 0 2.56159e-17 0 2.73762e-17 0 2.87993e-17 0 3.00215e-17 0 3.10786e-17 0 3.20256e-17 0 3.289e-17 0 3.36714e-17 0 3.43882e-17 0 3.50682e-17 0 3.56928e-17 0 3.62897e-17 0 3.68495e-17 0 3.73723e-17 0 3.78766e-17 0 3.83624e-17 0 3.8811e-17 0 3.92597e-17 0
1113.77 2.2946e-17 2.2946e-17 3.49538e-27 1.52331e-10 0.000177657 1.2703e-17 1.23596e-17 1.49892e-17 1.47141e-17 1.76247e-17 0 1.93409e-17 0 2.06515e-17 0 2.17108e-17 0 2.26204e-17 0 2.3407e-17 0 2.41116e-17 0 2.47546e-17 0 2.53359e-17 0 2.58691e-17 0 2.63749e-17 0 2.68393e-17 0 2.72832e-17 0 2.76996e-17 0 2.80883e-17 0 2.84633e-17 0 2.88246e-17 0 2.91581e-17 0 2.94918e-17 0
1170.94 2.08591e-17 2.08591e-17 2.86501e-27 1.3735e-10 0.00017765 9.66691e-18 9.40947e-18 1.1376e-17 1.117e-17 1.33443e-17 0 1.46252e-17 0 1.56031e-17 0 1.63933e-17 0 1.70717e-17 0 1.76583e-17 0 1.81837e-17 0 1.86631e-17 0 1.90964e-17 0 1.94939e-17 0 1.9871e-17 0 2.02172e-17 0 2.05481e-17 0 2.08584e-17 0 2.11481e-17 0 2.14276e-17 0 2.16968e-17 0 2.19454e-17 0 2.2194e-17 0
1231.05 1.89367e-17 1.89367e-17 2.3256e-27 1.22809e-10 0.00017765 7.33777e-18 7.14516e-18 8.61316e-18 8.45926e-18 1.00807e-17 0 1.10352e-17 0 1.17637e-17 0 1.23522e-17 0 1.28574e-17 0 1.32941e-17 0 1.36853e-17 0 1.40422e-17 0 1.43648e-17 0 1.46607e-17 0 1.49413e-17 0 1.5199e-17 0 1.54453e-17 0 1.56762e-17 0 1.58918e-17 0 1.60998e-17 0 1.63001e-17 0 1.64851e-17 0 1.66701e-17 0
1294.24 1.72588e-17 1.72588e-17 1.91505e-27 1.10961e-10 0.00017765 5.58521e-18 5.44063e-18 6.54029e-18 6.42492e-18 7.63842e-18 0 8.35228e-18 0 8.89694e-18 0 9.33688e-18 0 9.71446e-18 0 1.00409e-17 0 1.03332e-17 0 1.05999e-17 0 1.08409e-17 0 1.1062e-17 0 1.12717e-17 0 1.14642e-17 0 1.16481e-17 0 1.18207e-17 0 1.19817e-17 0 1.21371e-17 0 1.22867e-17 0 1.24249e-17 0 1.25631e-17 0
1360.67 1.5731e-17 1.5731e-17 1.5716e-27 9.99048e-11 0.00017765 4.24705e-18 4.13858e-18 4.96208e-18 4.87562e-18 5.78362e-18 0 6.31743e-18 0 6.72461e-18 0 7.05345e-18 0 7.33564e-18 0 7.57958e-18 0 7.79801e-18 0 7.99728e-18 0 8.17737e-18 0 8.34253e-18 0 8.49917e-18 0 8.64299e-18 0 8.78042e-18 0 8.9093e-18 0 9.02961e-18 0 9.14566e-18 0 9.25743e-18 0 9.36063e-18 0 9.46385e-18 0
1430.51 1.43242e-17 1.43242e-17 1.28303e-27 8.95713e-11 0.00017765 3.223e-18 3.14174e-18 3.75761e-18 3.6929e-18 4.37145e-18 0 4.77014e-18 0 5.07418e-18 0 5.31969e-18 0 5.53035e-18 0 5.71243e-18 0 5.87546e-18 0 6.02419e-18 0 6.15859e-18 0 6.28185e-18 0 6.39874e-18 0 6.50606e-18 0 6.60861e-18 0 6.70477e-18 0 6.79455e-18 0 6.88113e-18 0 6.96453e-18 0 7.04153e-18 0 7.11854e-18 0
1503.94 1.30344e-17 1.30344e-17 1.04351e-27 8.00576e-11 0.00017765 2.4419e-18 2.3811e-18 2.84122e-18 2.79285e-18 3.29946e-18 0 3.59697e-18 0 3.82382e-18 0 4.00696e-18 0 4.16409e-18 0 4.29989e-18 0 4.42148e-18 0 4.53239e-18 0 4.63262e-18 0 4.72453e-18 0 4.81169e-18 0 4.89171e-18 0 4.96817e-18 0 5.03987e-18 0 5.10681e-18 0 5.17136e-18 0 5.23354e-18 0 5.29094e-18 0 5.34836e-18 0
1581.14 1.18943e-17 1.18943e-17 8.54361e-28 7.18294e-11 0.00017765 1.85364e-18 1.80803e-18 2.15267e-18 2.11642e-18 2.49565e-18 0 2.71825e-18 0 2.88794e-18 0 3.02492e-18 0 3.14244e-18 0 3.244e-18 0 3.33493e-18 0 3.41787e-18 0 3.49281e-18 0 3.56153e-18 0 3.6267e-18 0 3.68653e-18 0 3.74369e-18 0 3.7973e-18 0 3.84734e-18 0 3.8956e-18 0 3.94208e-18 0 3.98499e-18 0 4.02791e-18 0
1662.3 1.08369e-17 1.08369e-17 6.9627e-28 6.42501e-11 0.00017765 1.40368e-18 1.36955e-18 1.62721e-18 1.6001e-18 1.88346e-18 0 2.04973e-18 0 2.17645e-18 0 2.27874e-18 0 2.36648e-18 0 2.44231e-18 0 2.51018e-18 0 2.5721e-18 0 2.62804e-18 0 2.67934e-18 0 2.72798e-18 0 2.77264e-18 0 2.81531e-18 0 2.85532e-18 0 2.89267e-18 0 2.92869e-18 0 2.96338e-18 0 2.99541e-18 0 3.02744e-18 0
1747.63 9.91937e-18 9.91937e-18 5.74222e-28 5.7889e-11 0.00017765 1.06704e-18 1.04137e-18 1.23487e-18 1.2145e-18 1.42718e-18 0 1.55192e-18 0 1.64699e-18 0 1.72371e-18 0 1.78952e-18 0 1.84639e-18 0 1.89729e-18 0 1.94372e-18 0 1.98567e-18 0 2.02414e-18 0 2.06062e-18 0 2.0941e-18 0 2.1261e-18 0 2.1561e-18 0 2.1841e-18 0 2.21111e-18 0 2.23712e-18 0 2.26113e-18 0 2.28515e-18 0
1837.33 9.05772e-18 9.05772e-18 4.69305e-28 5.18127e-11 0.00017765 8.08563e-19 7.89323e-19 9.34244e-19 9.18981e-19 1.0782e-18 0 1.17156e-18 0 1.24269e-18 0 1.3001e-18 0 1.34933e-18 0 1.39188e-18 0 1.42996e-18 0 1.46469e-18 0 1.49607e-18 0 1.52484e-18 0 1.55213e-18 0 1.57717e-18 0 1.6011e-18 0 1.62354e-18 0 1.64449e-18 0 1.66469e-18 0 1.68414e-18 0 1.7021e-18 0 1.72006e-18 0
1931.64 8.25458e-18 8.25458e-18 3.79252e-28 4.59444e-11 0.00017765 6.11051e-19 5.96658e-19 7.04965e-19 6.93555e-19 8.125e-19 0 8.82219e-19 0 9.35335e-19 0 9.78196e-19 0 1.01496e-18 0 1.04672e-18 0 1.07515e-18 0 1.10107e-18 0 1.1245e-18 0 1.14598e-18 0 1.16634e-18 0 1.18504e-18 0 1.2029e-18 0 1.21965e-18 0 1.23528e-18 0 1.25036e-18 0 1.26488e-18 0 1.27829e-18 0 1.29169e-18 0
2030.79 7.57487e-18 7.57487e-18 3.14122e-28 4.14689e-11 0.00017765 4.64677e-19 4.53839e-19 5.35329e-19 5.26741e-19 6.16203e-19 0 6.68625e-19 0 7.08559e-19 0 7.40781e-19 0 7.68414e-19 0 7.92289e-19 0 8.13658e-19 0 8.33147e-19 0 8.50754e-19 0 8.66898e-19 0 8.82205e-19 0 8.96257e-19 0 9.09682e-19 0 9.22269e-19 0 9.34018e-19 0 9.45349e-19 0 9.56262e-19 0 9.66336e-19 0 9.76411e-19 0
2135.03 6.89487e-18 6.89487e-18 2.51877e-28 3.6531e-11 0.00017765 3.50281e-19 3.42187e-19 4.02995e-19 3.96585e-19 4.63319e-19 0 5.02413e-19 0 5.32191e-19 0 5.56216e-19 0 5.76819e-19 0 5.94619e-19 0 6.1055e-19 0 6.2508e-19 0 6.38206e-19 0 6.5024e-19 0 6.61652e-19 0 6.72127e-19 0 6.82134e-19 0 6.91517e-19 0 7.00275e-19 0 7.08722e-19 0 7.16856e-19 0 7.24365e-19 0 7.31875e-19 0
2244.63 6.34374e-18 6.34374e-18 2.09486e-28 3.30224e-11 0.00017765 2.66739e-19 2.60631e-19 3.06489e-19 3.01654e-19 3.51966e-19 0 3.81433e-19 0 4.03875e-19 0 4.21982e-19 0 4.37508e-19 0 4.50921e-19 0 4.62926e-19 0 4.73875e-19 0 4.83765e-19 0 4.92833e-19 0 5.01432e-19 0 5.09324e-19 0 5.16864e-19 0 5.23934e-19 0 5.30533e-19 0 5.36897e-19 0 5.43026e-19 0 5.48683e-19 0 5.54341e-19 0
2359.84 5.81181e-18 5.81181e-18 1.71462e-28 2.95023e-11 0.00017765 2.02141e-19 1.97552e-19 2.31985e-19 2.28353e-19 2.66119e-19 0 2.88233e-19 0 3.05075e-19 0 3.18661e-19 0 3.30311e-19 0 3.40376e-19 0 3.49383e-19 0 3.57597e-19 0 3.65018e-19 0 3.71821e-19 0 3.78272e-19 0 3.84194e-19 0 3.8985e-19 0 3.95154e-19 0 4.00105e-19 0 4.04879e-19 0 4.09477e-19 0 4.13721e-19 0 4.17966e-19 0
2480.97 5.31283e-18 5.31283e-18 1.38327e-28 2.60364e-11 0.00017765 1.52769e-19 1.49329e-19 1.75123e-19 1.72402e-19 2.00686e-19 0 2.17245e-19 0 2.29854e-19 0 2.40026e-19 0 2.48748e-19 0 2.56283e-19 0 2.63026e-19 0 2.69175e-19 0 2.7473e-19 0 2.79823e-19 0 2.84652e-19 0 2.89084e-19 0 2.93318e-19 0 2.97289e-19 0 3.00994e-19 0 3.04568e-19 0 3.08009e-19 0 3.11187e-19 0 3.14364e-19 0
2608.32 4.89346e-18 4.89346e-18 1.15192e-28 2.35401e-11 0.00017765 1.1627e-19 1.13673e-19 1.3314e-19 1.31086e-19 1.52427e-19 0 1.64919e-19 0 1.74431e-19 0 1.82104e-19 0 1.88682e-19 0 1.94366e-19 0 1.99451e-19 0 2.04089e-19 0 2.08279e-19 0 2.1212e-19 0 2.15762e-19 0 2.19105e-19 0 2.22299e-19 0 2.25293e-19 0 2.28088e-19 0 2.30783e-19 0 2.33379e-19 0 2.35775e-19 0 2.38171e-19 0
2742.21 4.46979e-18 4.46979e-18 9.23745e-29 2.06664e-11 0.00017765 8.77147e-20 8.57702e-20 1.00339e-19 9.88011e-20 1.14769e-19 0 1.24114e-19 0 1.31229e-19 0 1.36969e-19 0 1.4189e-19 0 1.46141e-19 0 1.49945e-19 0 1.53414e-19 0 1.56547e-19 0 1.5942e-19 0 1.62144e-19 0 1.64644e-19 0 1.67033e-19 0 1.69272e-19 0 1.71363e-19 0 1.73378e-19 0 1.75319e-19 0 1.77111e-19 0 1.78903e-19 0
2882.97 4.12153e-18 4.12153e-18 7.68857e-29 1.86547e-11 0.00017765 6.67694e-20 6.52999e-20 7.63048e-20 7.51433e-20 8.72029e-20 0 9.426e-20 0 9.9633e-20 0 1.03967e-19 0 1.07682e-19 0 1.10892e-19 0 1.13764e-19 0 1.16383e-19 0 1.18749e-19 0 1.20918e-19 0 1.22975e-19 0 1.24862e-19 0 1.26666e-19 0 1.28356e-19 0 1.29934e-19 0 1.31456e-19 0 1.32922e-19 0 1.34275e-19 0 1.35628e-19 0
3030.95 3.78594e-18 3.78594e-18 6.29673e-29 1.66319e-11 0.00017765 5.061e-20 4.95039e-20 5.77847e-20 5.69105e-20 6.59835e-20 0 7.12921e-20 0 7.53337e-20 0 7.85934e-20 0 8.13881e-20 0 8.38022e-20 0 8.59625e-20 0 8.79324e-20 0 8.97119e-20 0 9.13432e-20 0 9.28899e-20 0 9.43096e-20 0 9.56658e-20 0 9.69374e-20 0 9.81242e-20 0 9.92687e-20 0 1.00371e-19 0 1.01388e-19 0 1.02406e-19 0
3186.53 3.47388e-18 3.47388e-18 5.11026e-29 1.47105e-11 0.00017765 3.83039e-20 3.74723e-20 4.36961e-20 4.3039e-20 4.98571e-20 0 5.38459e-20 0 5.68826e-20 0 5.93317e-20 0 6.14314e-20 0 6.32451e-20 0 6.48681e-20 0 6.63481e-20 0 6.76849e-20 0 6.89105e-20 0 7.00725e-20 0 7.11391e-20 0 7.21579e-20 0 7.31132e-20 0 7.40047e-20 0 7.48645e-20 0 7.56925e-20 0 7.64568e-20 0 7.72212e-20 0
3350.09 3.19883e-18 3.19883e-18 4.21607e-29 1.318e-11 0.00017765 2.90815e-20 2.8454e-20 3.3148e-20 3.26524e-20 3.77939e-20 0 4.08015e-20 0 4.30912e-20 0 4.49377e-20 0 4.65208e-20 0 4.78882e-20 0 4.91118e-20 0 5.02276e-20 0 5.12355e-20 0 5.21595e-20 0 5.30355e-20 0 5.38396e-20 0 5.46077e-20 0 5.53278e-20 0 5.6e-20 0 5.66482e-20 0 5.72724e-20 0 5.78486e-20 0 5.84248e-20 0
3522.05 2.93345e-18 2.93345e-18 3.4015e-29 1.15956e-11 0.00017765 2.19806e-20 2.15093e-20 2.50347e-20 2.46625e-20 2.85236e-20 0 3.0782e-20 0 3.25012e-20 0 3.38877e-20 0 3.50763e-20 0 3.6103e-20 0 3.70217e-20 0 3.78594e-20 0 3.86162e-20 0 3.93099e-20 0 3.99676e-20 0 4.05713e-20 0 4.1148e-20 0 4.16886e-20 0 4.21933e-20 0 4.26799e-20 0 4.31485e-20 0 4.35811e-20 0 4.40137e-20 0
3702.84 2.70648e-18 2.70648e-18 2.81824e-29 1.04129e-11 0.00017765 1.6709e-20 1.63527e-20 1.90166e-20 1.87352e-20 2.16523e-20 0 2.33584e-20 0 2.46572e-20 0 2.57045e-20 0 2.66024e-20 0 2.73779e-20 0 2.80719e-20 0 2.87047e-20 0 2.92763e-20 0 2.98003e-20 0 3.02971e-20 0 3.07531e-20 0 3.11887e-20 0 3.15971e-20 0 3.19782e-20 0 3.23458e-20 0 3.26998e-20 0 3.30265e-20 0 3.33533e-20 0
3892.91 2.49215e-18 2.49215e-18 2.30914e-29 9.26565e-12 0.00017765 1.26724e-20 1.24037e-20 1.44124e-20 1.42003e-20 1.63997e-20 0 1.7686e-20 0 1.86651e-20 0 1.94547e-20 0 2.01316e-20 0 2.07163e-20 0 2.12395e-20 0 2.17165e-20 0 2.21474e-20 0 2.25424e-20 0 2.29169e-20 0 2.32607e-20 0 2.3589e-20 0 2.38969e-20 0 2.41842e-20 0 2.44613e-20 0 2.47282e-20 0 2.49745e-20 0 2.52208e-20 0
4092.73 2.29339e-18 2.29339e-18 1.88212e-29 8.20669e-12 0.00017765 9.60211e-21 9.39959e-21 1.09133e-20 1.07534e-20 1.24107e-20 0 1.33799e-20 0 1.41176e-20 0 1.47125e-20 0 1.52225e-20 0 1.56629e-20 0 1.60571e-20 0 1.64165e-20 0 1.67411e-20 0 1.70387e-20 0 1.73209e-20 0 1.75798e-20 0 1.78272e-20 0 1.80591e-20 0 1.82756e-20 0 1.84844e-20 0 1.86854e-20 0 1.8871e-20 0 1.90565e-20 0
4302.81 2.11213e-18 2.11213e-18 1.54e-29 7.29122e-12 0.00017765 7.27922e-21 7.12646e-21 8.268e-21 8.14742e-21 9.39715e-21 0 1.01279e-20 0 1.06842e-20 0 1.11327e-20 0 1.15172e-20 0 1.18493e-20 0 1.21465e-20 0 1.24175e-20 0 1.26622e-20 0 1.28866e-20 0 1.30993e-20 0 1.32946e-20 0 1.34811e-20 0 1.3656e-20 0 1.38192e-20 0 1.39766e-20 0 1.41281e-20 0 1.4268e-20 0 1.44079e-20 0
4523.68 1.94446e-18 1.94446e-18 1.25169e-29 6.43721e-12 0.00017765 5.5146e-21 5.39942e-21 6.25994e-21 6.16904e-21 7.11104e-21 0 7.66185e-21 0 8.08108e-21 0 8.41914e-21 0 8.70894e-21 0 8.95925e-21 0 9.18322e-21 0 9.38744e-21 0 9.57191e-21 0 9.74101e-21 0 9.90134e-21 0 1.00485e-20 0 1.01891e-20 0 1.03208e-20 0 1.04438e-20 0 1.05625e-20 0 1.06767e-20 0 1.07821e-20 0 1.08875e-20 0
4755.88 1.79379e-18 1.79379e-18 1.02885e-29 5.73561e-12 0.00017765 4.18527e-21 4.09826e-21 4.74826e-21 4.67959e-21 5.39109e-21 0 5.80709e-21 0 6.12371e-21 0 6.37903e-21 0 6.5979e-21 0 6.78694e-21 0 6.95609e-21 0 7.11032e-21 0 7.24963e-21 0 7.37734e-21 0 7.49841e-21 0 7.60954e-21 0 7.7157e-21 0 7.81522e-21 0 7.90811e-21 0 7.99769e-21 0 8.08395e-21 0 8.16357e-21 0 8.2432e-21 0
5000 1.65635e-18 1.65635e-18 8.45589e-30 5.10515e-12 0.00017765 3.17853e-21 3.11274e-21 3.60416e-21 3.55224e-21 4.09013e-21 0 4.40461e-21 0 4.64395e-21 0 4.83696e-21 0 5.0024e-21 0 5.1453e-21 0 5.27316e-21 0 5.38975e-21 0 5.49505e-21 0 5.59159e-21 0 5.68311e-21 0 5.76711e-21 0 5.84735e-21 0 5.92258e-21 0 5.9928e-21 0 6.06051e-21 0 6.12571e-21 0 6.1859e-21 0 6.24609e-21 0
