# 6.6834e-06 0 91 : grain size, compostion index, size index
# Heating and cooling timescale: 0.14528 50990.8
# Ratio of heating to cooling to determine stochastic cutoff: 100
# Equilibrium emission is recorded even for those grains in the stochastic regime.
# Emission spectrum was computed for: 
# Type: IRSF
# Scales: 0.25 0.5 1 1.5 2 2.5 3 3.5 4 4.5 5 5.5 6 6.5 7 7.5 8 8.5 9 9.5 10
# StochasticallyHeated: 0 0 0 0 0 0 0 0 0 0 0 0 0 0 0 0 0 0 0 0 0
# Temperature: -1
# Wavelength  CExt  CAbs  CSca  Albedo G EqEm1 StEm1 EqEm2 StEm2 EqEm3 StEm3 EqEm4 StEm4 EqEm5 StEm5 EqEm6 StEm6 EqEm7 StEm7 EqEm8 StEm8 EqEm9 StEm9 EqEm10 StEm10 EqEm11 StEm11 EqEm12 StEm12 EqEm13 StEm13 EqEm14 StEm14 EqEm15 StEm15 EqEm16 StEm16 EqEm17 StEm17 EqEm18 StEm18 EqEm19 StEm19 EqEm20 StEm20 EqEm21 StEm21
0.05 9.52951e-11 4.48075e-11 5.04876e-11 0.529803 0.00576547 0 0 0 0 0 0 0 0 0 0 0 0 0 0 0 0 0 0 0 0 0 0 0 0 0 0 0 0 0 0 0 0 0 0 0 0 0 0 0 0 0 0
0.0525665 1.05329e-10 4.95255e-11 5.58037e-11 0.529803 0.00637255 0 0 0 0 0 0 0 0 0 0 0 0 0 0 0 0 0 0 0 0 0 0 0 0 0 0 0 0 0 0 0 0 0 0 0 0 0 0 0 0 0 0
0.0552647 1.1642e-10 5.47403e-11 6.16796e-11 0.529803 0.00704355 0 0 0 0 0 0 0 0 0 0 0 0 0 0 0 0 0 0 0 0 0 0 0 0 0 0 0 0 0 0 0 0 0 0 0 0 0 0 0 0 0 0
0.0581015 1.28678e-10 6.05042e-11 6.81741e-11 0.529803 0.0077852 0 0 0 0 0 0 0 0 0 0 0 0 0 0 0 0 0 0 0 0 0 0 0 0 0 0 0 0 0 0 0 0 0 0 0 0 0 0 0 0 0 0
0.0610839 1.42227e-10 6.68749e-11 7.53525e-11 0.529803 0.00860494 0 0 0 0 0 0 0 0 0 0 0 0 0 0 0 0 0 0 0 0 0 0 0 0 0 0 0 0 0 0 0 0 0 0 0 0 0 0 0 0 0 0
0.0642193 1.57203e-10 7.39165e-11 8.32868e-11 0.529803 0.009511 0 0 0 0 0 0 0 0 0 0 0 0 0 0 0 0 0 0 0 0 0 0 0 0 0 0 0 0 0 0 0 0 0 0 0 0 0 0 0 0 0 0
0.0675157 1.73756e-10 8.16996e-11 9.20565e-11 0.529803 0.0105125 0 0 0 0 0 0 0 0 0 0 0 0 0 0 0 0 0 0 0 0 0 0 0 0 0 0 0 0 0 0 0 0 0 0 0 0 0 0 0 0 0 0
0.0709813 1.92052e-10 9.03022e-11 1.0175e-10 0.529803 0.0116194 0 0 0 0 0 0 0 0 0 0 0 0 0 0 0 0 0 0 0 0 0 0 0 0 0 0 0 0 0 0 0 0 0 0 0 0 0 0 0 0 0 0
0.0746248 2.12274e-10 9.98105e-11 1.12463e-10 0.529803 0.0128428 0 0 0 0 0 0 0 0 0 0 0 0 0 0 0 0 0 0 0 0 0 0 0 0 0 0 0 0 0 0 0 0 0 0 0 0 0 0 0 0 0 0
0.0784553 2.34625e-10 1.1032e-10 1.24305e-10 0.529803 0.0141951 0 0 0 0 0 0 0 0 0 0 0 0 0 0 0 0 0 0 0 0 0 0 0 0 0 0 0 0 0 0 0 0 0 0 0 0 0 0 0 0 0 0
0.0824824 2.5933e-10 1.21936e-10 1.37394e-10 0.529803 0.0156898 0 0 0 0 0 0 0 0 0 0 0 0 0 0 0 0 0 0 0 0 0 0 0 0 0 0 0 0 0 0 0 0 0 0 0 0 0 0 0 0 0 0
0.0867162 2.86636e-10 1.34776e-10 1.51861e-10 0.529803 0.0173419 0 0 0 0 0 0 0 0 0 0 0 0 0 0 0 0 0 0 0 0 0 0 0 0 0 0 0 0 0 0 0 0 0 0 0 0 0 0 0 0 0 0
0.0911674 3.16818e-10 1.48967e-10 1.67851e-10 0.529803 0.0191679 0 0 0 0 0 0 0 0 0 0 0 0 0 0 0 0 0 0 0 0 0 0 0 0 0 0 0 0 0 0 0 0 0 0 0 0 0 0 0 0 0 0
0.095847 3.50177e-10 1.64652e-10 1.85525e-10 0.529803 0.0211862 0 0 0 0 0 0 0 0 0 0 0 0 0 0 0 0 0 0 0 0 0 0 0 0 0 0 0 0 0 0 0 0 0 0 0 0 0 0 0 0 0 0
0.100767 3.80746e-10 1.80305e-10 2.0044e-10 0.526442 0.0235692 0 0 0 0 0 0 0 0 0 0 0 0 0 0 0 0 0 0 0 0 0 0 0 0 0 0 0 0 0 0 0 0 0 0 0 0 0 0 0 0 0 0
0.105939 3.79868e-10 1.87808e-10 1.92059e-10 0.505595 0.0256046 0 0 0 0 0 0 0 0 0 0 0 0 0 0 0 0 0 0 0 0 0 0 0 0 0 0 0 0 0 0 0 0 0 0 0 0 0 0 0 0 0 0
0.111377 3.82076e-10 1.91391e-10 1.90685e-10 0.499077 0.0289403 0 0 0 0 0 0 0 0 0 0 0 0 0 0 0 0 0 0 0 0 0 0 0 0 0 0 0 0 0 0 0 0 0 0 0 0 0 0 0 0 0 0
0.117094 3.8321e-10 2.00783e-10 1.82427e-10 0.47605 0.0274507 0 0 0 0 0 0 0 0 0 0 0 0 0 0 0 0 0 0 0 0 0 0 0 0 0 0 0 0 0 0 0 0 0 0 0 0 0 0 0 0 0 0
0.123105 3.88453e-10 2.11402e-10 1.7705e-10 0.455784 0.0236555 0 0 0 0 0 0 0 0 0 0 0 0 0 0 0 0 0 0 0 0 0 0 0 0 0 0 0 0 0 0 0 0 0 0 0 0 0 0 0 0 0 0
0.129424 4.18558e-10 2.10619e-10 2.07939e-10 0.496798 0.0199126 0 0 0 0 0 0 0 0 0 0 0 0 0 0 0 0 0 0 0 0 0 0 0 0 0 0 0 0 0 0 0 0 0 0 0 0 0 0 0 0 0 0
0.136067 4.43574e-10 2.05644e-10 2.3793e-10 0.536393 0.0168557 0 0 0 0 0 0 0 0 0 0 0 0 0 0 0 0 0 0 0 0 0 0 0 0 0 0 0 0 0 0 0 0 0 0 0 0 0 0 0 0 0 0
0.143051 4.21536e-10 1.94289e-10 2.27247e-10 0.539093 0.0143876 0 0 0 0 0 0 0 0 0 0 0 0 0 0 0 0 0 0 0 0 0 0 0 0 0 0 0 0 0 0 0 0 0 0 0 0 0 0 0 0 0 0
0.150394 3.72794e-10 1.8535e-10 1.87444e-10 0.50281 0.0122986 0 0 0 0 0 0 0 0 0 0 0 0 0 0 0 0 0 0 0 0 0 0 0 0 0 0 0 0 0 0 0 0 0 0 0 0 0 0 0 0 0 0
0.158114 3.19713e-10 1.80443e-10 1.3927e-10 0.43561 0.01055 0 0 0 0 0 0 0 0 0 0 0 0 0 0 0 0 0 0 0 0 0 0 0 0 0 0 0 0 0 0 0 0 0 0 0 0 0 0 0 0 0 0
0.16623 2.83154e-10 1.79077e-10 1.04078e-10 0.367566 0.00908216 0 0 0 0 0 0 0 0 0 0 0 0 0 0 0 0 0 0 0 0 0 0 0 0 0 0 0 0 0 0 0 0 0 0 0 0 0 0 0 0 0 0
0.174762 2.69347e-10 1.80762e-10 8.85841e-11 0.328885 0.00782097 0 0 0 0 0 0 0 0 0 0 0 0 0 0 0 0 0 0 0 0 0 0 0 0 0 0 0 0 0 0 0 0 0 0 0 0 0 0 0 0 0 0
0.183733 2.74284e-10 1.84579e-10 8.97045e-11 0.32705 0.00667218 0 0 0 0 0 0 0 0 0 0 0 0 0 0 0 0 0 0 0 0 0 0 0 0 0 0 0 0 0 0 0 0 0 0 0 0 0 0 0 0 0 0
0.193164 2.99708e-10 1.92068e-10 1.0764e-10 0.35915 0.00556038 0 0 0 0 0 0 0 0 0 0 0 0 0 0 0 0 0 0 0 0 0 0 0 0 0 0 0 0 0 0 0 0 0 0 0 0 0 0 0 0 0 0
0.203079 3.4149e-10 2.03673e-10 1.37818e-10 0.403577 0.00446034 0 0 0 0 0 0 0 0 0 0 0 0 0 0 0 0 0 0 0 0 0 0 0 0 0 0 0 0 0 0 0 0 0 0 0 0 0 0 0 0 0 0
0.213503 3.89628e-10 2.17077e-10 1.72551e-10 0.442861 0.00342932 0 0 0 0 0 0 0 0 0 0 0 0 0 0 0 0 0 0 0 0 0 0 0 0 0 0 0 0 0 0 0 0 0 0 0 0 0 0 0 0 0 0
0.224463 4.30649e-10 2.26242e-10 2.04407e-10 0.474648 0.00254317 0 0 0 0 0 0 0 0 0 0 0 0 0 0 0 0 0 0 0 0 0 0 0 0 0 0 0 0 0 0 0 0 0 0 0 0 0 0 0 0 0 0
0.235984 4.54946e-10 2.27963e-10 2.26983e-10 0.498923 0.00182186 0 0 0 0 0 0 0 0 0 0 0 0 0 0 0 0 0 0 0 0 0 0 0 0 0 0 0 0 0 0 0 0 0 0 0 0 0 0 0 0 0 0
0.248097 4.59932e-10 2.23241e-10 2.36692e-10 0.514623 0.00138916 0 0 0 0 0 0 0 0 0 0 0 0 0 0 0 0 0 0 0 0 0 0 0 0 0 0 0 0 0 0 0 0 0 0 0 0 0 0 0 0 0 0
0.260832 4.49057e-10 2.14703e-10 2.34354e-10 0.52188 0.00141961 0 0 0 0 0 0 0 0 0 0 0 0 0 0 0 0 0 0 0 0 0 0 0 0 0 0 0 0 0 0 0 0 0 0 0 0 0 0 0 0 0 0
0.274221 4.35224e-10 2.09502e-10 2.25723e-10 0.518636 0.00187131 0 0 0 0 0 0 0 0 0 0 0 0 0 0 0 0 0 0 0 0 0 0 0 0 0 0 0 0 0 0 0 0 0 0 0 0 0 0 0 0 0 0
0.288297 4.29545e-10 2.12283e-10 2.17263e-10 0.505797 0.00251556 0 0 0 0 0 0 0 0 0 0 0 0 0 0 0 0 0 0 0 0 0 0 0 0 0 0 0 0 0 0 0 0 0 0 0 0 0 0 0 0 0 0
0.303095 4.34822e-10 2.20166e-10 2.14657e-10 0.493665 0.0028362 0 0 0 0 0 0 0 0 0 0 0 0 0 0 0 0 0 0 0 0 0 0 0 0 0 0 0 0 0 0 0 0 0 0 0 0 0 0 0 0 0 0
0.318653 4.47412e-10 2.28326e-10 2.19086e-10 0.489674 0.00297223 0 0 0 0 0 0 0 0 0 0 0 0 0 0 0 0 0 0 0 0 0 0 0 0 0 0 0 0 0 0 0 0 0 0 0 0 0 0 0 0 0 0
0.335009 4.57844e-10 2.35411e-10 2.22433e-10 0.485826 0.00293231 0 0 0 0 0 0 0 0 0 0 0 0 0 0 0 0 0 0 0 0 0 0 0 0 0 0 0 0 0 0 0 0 0 0 0 0 0 0 0 0 0 0
0.352205 4.58362e-10 2.40978e-10 2.17384e-10 0.474263 0.00278811 0 0 0 0 0 0 0 0 0 0 0 0 0 0 0 0 0 0 0 0 0 0 0 0 0 0 0 0 0 0 0 0 0 0 0 0 0 0 0 0 0 0
0.370284 4.48927e-10 2.43578e-10 2.05349e-10 0.457422 0.00261033 0 0 0 0 0 0 0 0 0 0 0 0 0 0 0 0 0 0 0 0 0 0 0 0 0 0 0 0 0 0 0 0 0 0 0 0 0 0 0 0 0 0
0.389291 4.33203e-10 2.42813e-10 1.9039e-10 0.439494 0.00243645 0 0 0 0 0 0 0 0 0 0 0 0 0 0 0 0 0 0 0 0 0 0 0 0 0 0 0 0 0 0 0 0 0 0 0 0 0 0 0 0 0 0
0.409273 4.13978e-10 2.39221e-10 1.74756e-10 0.422139 0.00226652 0 0 0 0 0 0 0 0 0 0 0 0 0 0 0 0 0 0 0 0 0 0 0 0 0 0 0 0 0 0 0 0 0 0 0 0 0 0 0 0 0 0
0.430281 3.91794e-10 2.32997e-10 1.58797e-10 0.405307 0.00210471 0 0 0 0 0 0 0 0 0 0 0 0 0 0 0 0 0 0 0 0 0 0 0 0 0 0 0 0 0 0 0 0 0 0 0 0 0 0 0 0 0 0
0.452368 3.66467e-10 2.24115e-10 1.42352e-10 0.388444 0.00193723 0 0 0 0 0 0 0 0 0 0 0 0 0 0 0 0 0 0 0 0 0 0 0 0 0 0 0 0 0 0 0 0 0 0 0 0 0 0 0 0 0 0
0.475588 3.38347e-10 2.12771e-10 1.25576e-10 0.371146 0.00177642 0 0 0 0 0 0 0 0 0 0 0 0 0 0 0 0 0 0 0 0 0 0 0 0 0 0 0 0 0 0 0 0 0 0 0 0 0 0 0 0 0 0
0.5 3.08416e-10 1.99509e-10 1.08907e-10 0.353118 0.00162159 0 0 0 0 0 0 0 0 0 0 0 0 0 0 0 0 0 0 0 0 0 0 0 0 0 0 0 0 0 0 0 0 0 0 0 0 0 0 0 0 0 0
0.525665 2.78293e-10 1.85258e-10 9.30351e-11 0.334306 0.0014751 0 0 0 0 0 0 0 0 0 0 0 0 0 0 0 0 0 0 0 0 0 0 0 0 0 0 0 0 0 0 0 0 0 0 0 0 0 0 0 0 0 0
0.552648 2.49415e-10 1.70904e-10 7.85103e-11 0.314778 0.00134175 0 0 0 0 0 0 0 0 0 0 0 0 0 0 0 0 0 0 0 0 0 0 0 0 0 0 0 0 0 0 0 0 0 0 0 0 0 0 0 0 0 0
0.581015 2.22832e-10 1.57168e-10 6.56645e-11 0.294681 0.00121775 0 0 0 0 0 0 0 0 0 0 0 0 0 0 0 0 0 0 0 0 0 0 0 0 0 0 0 0 0 0 0 0 0 0 0 0 0 0 0 0 0 0
0.610839 1.99077e-10 1.44469e-10 5.46084e-11 0.274307 0.00110516 0 0 0 0 0 0 0 0 0 0 0 0 0 0 0 0 0 0 0 0 0 0 0 0 0 0 0 0 0 0 0 0 0 0 0 0 0 0 0 0 0 0
0.642193 1.78234e-10 1.32966e-10 4.52685e-11 0.253983 0.00100302 0 0 0 0 0 0 0 0 0 0 0 0 0 0 0 0 0 0 0 0 0 0 0 0 0 0 0 0 0 0 0 0 0 0 0 0 0 0 0 0 0 0
0.675157 1.60102e-10 1.22629e-10 3.74731e-11 0.234058 0.000910957 0 0 0 0 0 0 0 0 0 0 0 0 0 0 0 0 0 0 0 0 0 0 0 0 0 0 0 0 0 0 0 0 0 0 0 0 0 0 0 0 0 0
0.709813 1.44347e-10 1.13333e-10 3.10132e-11 0.214853 0.00082817 0 0 0 0 0 0 0 0 0 0 0 0 0 0 0 0 0 0 0 0 0 0 0 0 0 0 0 0 0 0 0 0 0 0 0 0 0 0 0 0 0 0
0.746248 1.30607e-10 1.04931e-10 2.56753e-11 0.196585 0.000754183 0 0 0 0 0 0 0 0 0 0 0 0 0 0 0 0 0 0 0 0 0 0 0 0 0 0 0 0 0 0 0 0 0 0 0 0 0 0 0 0 0 0
0.784553 1.18516e-10 9.72468e-11 2.12692e-11 0.179463 0.000686995 0 0 0 0 0 0 0 0 0 0 0 0 0 0 0 0 0 0 0 0 0 0 0 0 0 0 0 0 0 0 0 0 0 0 0 0 0 0 0 0 0 0
0.824824 1.07795e-10 9.01654e-11 1.76301e-11 0.163551 0.000626788 0 0 0 0 0 0 0 0 0 0 0 0 0 0 0 0 0 0 0 0 0 0 0 0 0 0 0 0 0 0 0 0 0 0 0 0 0 0 0 0 0 0
0.867162 9.81949e-11 8.35748e-11 1.46201e-11 0.148889 0.000572518 0 0 0 0 0 0 0 0 0 0 0 0 0 0 0 0 0 0 0 0 0 0 0 0 0 0 0 0 0 0 0 0 0 0 0 0 0 0 0 0 0 0
0.911674 8.95278e-11 7.74017e-11 1.21261e-11 0.135445 0.000523427 0 0 0 0 0 0 0 0 0 0 0 0 0 0 0 0 0 0 0 0 0 0 0 0 0 0 0 0 0 0 0 0 0 0 0 0 0 0 0 0 0 0
0.95847 8.1649e-11 7.15921e-11 1.00569e-11 0.123173 0.00047944 0 0 0 0 0 0 0 0 0 0 0 0 0 0 0 0 0 0 0 0 0 0 0 0 0 0 0 0 0 0 0 0 0 0 0 0 0 0 0 0 0 0
1.00767 7.44568e-11 6.61182e-11 8.33859e-12 0.111992 0.0004395 0 0 0 0 0 0 0 0 0 0 0 0 0 0 0 0 0 0 0 0 0 0 0 0 0 0 0 0 0 0 0 0 0 0 0 0 0 0 0 0 0 0
1.05939 6.78685e-11 6.09585e-11 6.91009e-12 0.101816 0.000403275 0 0 0 0 0 0 0 0 0 0 0 0 0 0 0 0 0 0 0 0 0 0 0 0 0 0 0 0 0 0 0 0 0 0 0 0 0 0 0 0 0 0
1.11377 6.17915e-11 5.60712e-11 5.72039e-12 0.0925756 0.000370298 0 0 0 0 0 0 0 0 0 0 0 0 0 0 0 0 0 0 0 0 0 0 0 0 0 0 0 0 0 0 0 0 0 0 0 0 0 0 0 0 0 0
1.17094 5.62334e-11 5.14993e-11 4.73409e-12 0.0841864 0.000339515 0 0 0 0 0 0 0 0 0 0 0 0 0 0 0 0 0 0 0 0 0 0 0 0 0 0 0 0 0 0 0 0 0 0 0 0 0 0 0 0 0 0
1.23105 5.11226e-11 4.72093e-11 3.91331e-12 0.0765475 0.000311294 0 0 0 0 0 0 0 0 0 0 0 0 0 0 0 0 0 0 0 0 0 0 0 0 0 0 0 0 0 0 0 0 0 0 0 0 0 0 0 0 0 0
1.29424 4.64377e-11 4.32053e-11 3.23249e-12 0.069609 0.000285362 0 0 0 0 0 0 0 0 0 0 0 0 0 0 0 0 0 0 0 0 0 0 0 0 0 0 0 0 0 0 0 0 0 0 0 0 0 0 0 0 0 0
1.36067 4.21452e-11 3.94774e-11 2.66777e-12 0.0632995 0.000261742 0 0 0 0 0 0 0 0 0 0 0 0 0 0 0 0 0 0 0 0 0 0 0 0 0 0 0 0 0 0 0 0 0 0 0 0 0 0 0 0 0 0
1.43051 3.82138e-11 3.60144e-11 2.19934e-12 0.0575537 0.000240209 0 0 0 0 0 0 0 0 0 0 0 0 0 0 0 0 0 0 0 0 0 0 0 0 0 0 0 0 0 0 0 0 0 0 0 0 0 0 0 0 0 0
1.50394 3.46274e-11 3.28154e-11 1.81196e-12 0.0523273 0.000220279 0 0 0 0 0 0 0 0 0 0 0 0 0 0 0 0 0 0 0 0 0 0 0 0 0 0 0 0 0 0 0 0 0 0 0 0 0 0 0 0 0 0
1.58114 3.13594e-11 2.98676e-11 1.49189e-12 0.0475737 0.000201732 0 0 0 0 0 0 0 0 0 0 0 0 0 0 0 0 0 0 0 0 0 0 0 0 0 0 0 0 0 0 0 0 0 0 0 0 0 0 0 0 0 0
1.6623 2.83824e-11 2.71549e-11 1.22747e-12 0.0432478 0.000184534 0 0 0 0 0 0 0 0 0 0 0 0 0 0 0 0 0 0 0 0 0 0 0 0 0 0 0 0 0 0 0 0 0 0 0 0 0 0 0 0 0 0
1.74763 2.56779e-11 2.46686e-11 1.00933e-12 0.0393074 0.000169005 0 0 0 0 0 0 0 0 0 0 0 0 0 0 0 0 0 0 0 0 0 0 0 0 0 0 0 0 0 0 0 0 0 0 0 0 0 0 0 0 0 0
1.83733 2.32221e-11 2.23926e-11 8.29494e-13 0.03572 0.000154804 0 0 0 0 0 0 0 0 0 0 0 0 0 0 0 0 0 0 0 0 0 0 0 0 0 0 0 0 0 0 0 0 0 0 0 0 0 0 0 0 0 0
1.93164 2.09933e-11 2.0312e-11 6.81316e-13 0.0324539 0.000141793 0 0 0 0 0 0 0 0 0 0 0 0 0 0 0 0 0 0 0 0 0 0 0 0 0 0 0 0 0 0 0 0 0 0 0 0 0 0 0 0 0 0
2.03079 1.89746e-11 1.84153e-11 5.59356e-13 0.0294791 0.000129725 0 0 0 0 0 0 0 0 0 0 0 0 0 0 0 0 0 0 0 0 0 0 0 0 0 0 0 0 0 0 0 0 0 0 0 0 0 0 0 0 0 0
2.13503 1.71478e-11 1.66887e-11 4.59114e-13 0.0267739 0.000118657 0 0 0 0 0 0 0 0 0 0 0 0 0 0 0 0 0 0 0 0 0 0 0 0 0 0 0 0 0 0 0 0 0 0 0 0 0 0 0 0 0 0
2.24463 1.54949e-11 1.51182e-11 3.7668e-13 0.02431 0.000108569 0 0 0 0 0 0 0 0 0 0 0 0 0 0 0 0 0 0 0 0 0 0 0 0 0 0 0 0 0 0 0 0 0 0 0 0 0 0 0 0 0 0
2.35984 1.40015e-11 1.36925e-11 3.08964e-13 0.0220665 9.92926e-05 0 0 0 0 0 0 0 0 0 0 0 0 0 0 0 0 0 0 0 0 0 0 0 0 0 0 0 0 0 0 0 0 0 0 0 0 0 0 0 0 0 0
2.48097 1.26521e-11 1.23987e-11 2.53345e-13 0.020024 9.07218e-05 0 0 0 0 0 0 0 0 0 0 0 0 0 0 0 0 0 0 0 0 0 0 0 0 0 0 0 0 0 0 0 0 0 0 0 0 0 0 0 0 0 0
2.60832 1.14333e-11 1.12256e-11 2.07698e-13 0.018166 8.27967e-05 0 0 0 0 0 0 0 0 0 0 0 0 0 0 0 0 0 0 0 0 0 0 0 0 0 0 0 0 0 0 0 0 0 0 0 0 0 0 0 0 0 0
2.74221 1.03352e-11 1.01649e-11 1.70265e-13 0.0164744 7.55862e-05 0 0 0 0 0 0 0 0 0 0 0 0 0 0 0 0 0 0 0 0 0 0 0 0 0 0 0 0 0 0 0 0 0 0 0 0 0 0 0 0 0 0
2.88297 9.34276e-12 9.20323e-12 1.39526e-13 0.0149342 6.90729e-05 0 0 0 0 0 0 0 0 0 0 0 0 0 0 0 0 0 0 0 0 0 0 0 0 0 0 0 0 0 0 0 0 0 0 0 0 0 0 0 0 0 0
3.03095 8.44919e-12 8.33484e-12 1.14343e-13 0.0135331 6.31538e-05 0 0 0 0 0 0 0 0 0 0 0 0 0 0 0 0 0 0 0 0 0 0 0 0 0 0 0 0 0 0 0 0 0 0 0 0 0 0 0 0 0 0
3.18653 7.64316e-12 7.54948e-12 9.36798e-14 0.0122567 5.76567e-05 0 0 0 0 0 0 0 0 0 0 0 0 0 0 0 0 0 0 0 0 0 0 0 0 0 0 0 0 0 0 0 0 0 0 0 0 0 0 0 0 0 0
3.35009 6.91701e-12 6.84027e-12 7.67416e-14 0.0110946 5.2603e-05 0 0 0 0 0 0 0 0 0 0 0 0 0 0 0 0 0 0 0 0 0 0 0 0 0 0 0 0 0 0 0 0 0 0 0 0 0 0 0 0 0 0
3.52205 6.26291e-12 6.20004e-12 6.28644e-14 0.0100376 4.80102e-05 0 0 0 0 0 0 0 0 0 0 0 0 0 0 0 0 0 0 0 0 0 0 0 0 0 0 0 0 0 0 0 0 0 0 0 0 0 0 0 0 0 0
3.70284 5.67375e-12 5.62226e-12 5.14903e-14 0.00907518 4.38066e-05 0 0 0 0 0 0 0 0 0 0 0 0 0 0 0 0 0 0 0 0 0 0 0 0 0 0 0 0 0 0 0 0 0 0 0 0 0 0 0 0 0 0
3.89291 5.14312e-12 5.10095e-12 4.21689e-14 0.00819909 3.9926e-05 0 0 0 0 0 0 0 0 0 0 0 0 0 0 0 0 0 0 0 0 0 0 0 0 0 0 0 0 0 0 0 0 0 0 0 0 0 0 0 0 0 0
4.09273 4.6657e-12 4.63117e-12 3.45357e-14 0.00740204 3.62643e-05 0 0 0 0 0 0 0 0 0 0 0 0 0 0 0 0 0 0 0 0 0 0 0 0 0 0 0 0 0 0 0 0 0 0 0 0 0 0 0 0 0 0
4.30281 4.2357e-12 4.20741e-12 2.82838e-14 0.0066775 3.29535e-05 0 0 0 0 0 0 0 0 0 0 0 0 0 0 0 0 0 0 0 0 0 0 0 0 0 0 0 0 0 0 0 0 0 0 2.8026e-45 0 7.00649e-45 0 1.96182e-44 0 5.04467e-44 0
4.52368 3.84893e-12 3.82577e-12 2.3164e-14 0.0060183 2.99416e-05 0 0 0 0 0 0 0 0 0 0 0 0 0 0 0 0 0 0 0 0 0 0 0 0 0 0 1.4013e-45 0 7.00649e-45 0 2.52234e-44 0 8.40779e-44 0 2.53635e-43 0 7.21669e-43 0 1.9422e-42 0 4.95779e-42 0
4.75588 3.50073e-12 3.48176e-12 1.89713e-14 0.00541924 2.71796e-05 0 0 0 0 0 0 0 0 0 0 0 0 0 0 0 0 0 0 0 0 1.4013e-45 0 8.40779e-45 0 4.34403e-44 0 1.87774e-43 0 7.24471e-43 0 2.51253e-42 0 7.88791e-42 0 2.25469e-41 0 6.09523e-41 0 1.56284e-40 0 3.81033e-40 0
5 3.18725e-12 3.17171e-12 1.55348e-14 0.00487403 2.45398e-05 0 0 0 0 0 0 0 0 0 0 0 0 0 0 0 0 2.8026e-45 0 2.38221e-44 0 1.58347e-43 0 8.81417e-43 0 4.13803e-42 0 1.66614e-41 0 6.019e-41 0 1.96483e-40 0 5.83326e-40 0 1.58395e-39 0 4.07905e-39 0 9.98882e-39 0 2.33167e-38 0
5.25665 2.90528e-12 2.89256e-12 1.27223e-14 0.00437901 2.21678e-05 0 0 0 0 0 0 0 0 0 0 0 0 1.4013e-45 0 2.52234e-44 0 2.78858e-43 0 2.25889e-42 0 1.39836e-41 0 7.13906e-41 0 3.1091e-40 0 1.16951e-39 0 3.96791e-39 0 1.22259e-38 0 3.44185e-38 0 8.90106e-38 0 2.18878e-37 0 5.13057e-37 0 1.14906e-36 0
5.52648 2.65129e-12 2.64087e-12 1.04189e-14 0.00392974 2.00489e-05 0 0 0 0 0 0 0 0 0 0 5.60519e-45 0 1.55544e-43 0 2.35138e-42 0 2.34746e-41 0 1.72128e-40 0 9.7462e-40 0 4.59495e-39 0 1.8624e-38 0 6.56675e-38 0 2.09896e-37 0 6.12153e-37 0 1.63842e-36 0 4.04509e-36 0 9.51939e-36 0 2.14048e-35 0 4.60884e-35 0
5.81015 2.42269e-12 2.41416e-12 8.53257e-15 0.00352194 1.8115e-05 0 0 0 0 0 0 0 0 1.12104e-44 0 5.91348e-43 0 1.33446e-41 0 1.76089e-40 0 1.57085e-39 0 1.04507e-38 0 5.43706e-38 0 2.37645e-37 0 8.99592e-37 0 2.98266e-36 0 9.00779e-36 0 2.49332e-35 0 6.36016e-35 0 1.50247e-34 0 3.3911e-34 0 7.32928e-34 0 1.52013e-33 0
6.10839 2.21645e-12 2.20946e-12 6.99025e-15 0.0031538 1.63023e-05 0 0 0 0 0 0 7.00649e-45 0 1.06078e-42 0 4.66646e-41 0 9.03857e-40 0 1.05156e-38 0 8.43014e-38 0 5.11283e-37 0 2.45421e-36 0 9.98163e-36 0 3.54072e-35 0 1.10722e-34 0 3.1682e-34 0 8.34419e-34 0 2.03338e-33 0 4.60606e-33 0 9.99086e-33 0 2.0796e-32 0 4.16227e-32 0
6.42193 2.02092e-12 2.01521e-12 5.71015e-15 0.00282552 1.48144e-05 0 0 0 0 0 0 6.33387e-43 0 7.96708e-41 0 2.91462e-39 0 4.88481e-38 0 5.04135e-37 0 3.651e-36 0 2.02777e-35 0 9.01585e-35 0 3.42412e-34 0 1.1418e-33 0 3.37722e-33 0 9.18006e-33 0 2.30613e-32 0 5.38059e-32 0 1.17113e-31 0 2.44601e-31 0 4.91238e-31 0 9.50448e-31 0
6.75157 1.8646e-12 1.85992e-12 4.68196e-15 0.00251098 1.32279e-05 0 0 0 0 5.1848e-44 0 4.85508e-41 0 4.82418e-39 0 1.48041e-37 0 2.1621e-36 0 1.99105e-35 0 1.30908e-34 0 6.68676e-34 0 2.76418e-33 0 9.83589e-33 0 3.09257e-32 0 8.67545e-32 0 2.24582e-31 0 5.39363e-31 0 1.20743e-30 0 2.53014e-30 0 5.09781e-30 0 9.89536e-30 0 1.85385e-29 0
7.09813 1.71429e-12 1.71046e-12 3.83442e-15 0.00223674 1.18448e-05 0 0 0 0 4.44772e-42 0 2.95304e-39 0 2.34411e-37 0 6.08608e-36 0 7.79785e-35 0 6.44325e-34 0 3.86416e-33 0 1.82275e-32 0 7.03049e-32 0 2.35135e-31 0 6.99091e-31 0 1.86481e-30 0 4.60839e-30 0 1.06042e-29 0 2.2823e-29 0 4.61283e-29 0 8.98157e-29 0 1.68786e-28 0 3.06667e-28 0
7.46248 1.57935e-12 1.57621e-12 3.13997e-15 0.00198813 1.05694e-05 0 0 2.8026e-45 0 2.99742e-40 0 1.44888e-37 0 9.28943e-36 0 2.05728e-34 0 2.3273e-33 0 1.73462e-32 0 9.53174e-32 0 4.16824e-31 0 1.50518e-30 0 4.74592e-30 0 1.33792e-29 0 3.40195e-29 0 8.04376e-29 0 1.77712e-28 0 3.68433e-28 0 7.19504e-28 0 1.35609e-27 0 2.47113e-27 0 4.36079e-27 0
7.84553 1.45745e-12 1.45488e-12 2.57131e-15 0.00176425 9.34187e-06 0 0 2.64845e-43 0 1.62065e-38 0 5.79317e-36 0 3.03145e-34 0 5.77128e-33 0 5.79951e-32 0 3.91879e-31 0 1.98149e-30 0 8.0628e-30 0 2.73461e-29 0 8.15225e-29 0 2.1848e-28 0 5.30788e-28 0 1.20339e-27 0 2.55773e-27 0 5.11725e-27 0 9.67207e-27 0 1.7674e-26 0 3.12766e-26 0 5.3684e-26 0
8.24824 1.34631e-12 1.34421e-12 2.10559e-15 0.00156397 8.19911e-06 0 0 1.9876e-41 0 7.10302e-37 0 1.90551e-34 0 8.2192e-33 0 1.35511e-31 0 1.21665e-30 0 7.48883e-30 0 3.49856e-29 0 1.32931e-28 0 4.24755e-28 0 1.20049e-27 0 3.06614e-27 0 7.1331e-27 0 1.55384e-26 0 3.18323e-26 0 6.15665e-26 0 1.12805e-25 0 2.00153e-25 0 3.44463e-25 0 5.75855e-25 0
8.67162 1.24691e-12 1.24518e-12 1.72419e-15 0.00138277 7.20916e-06 1.68156e-44 0 1.19226e-39 0 2.55377e-35 0 5.21407e-33 0 1.87145e-31 0 2.69089e-30 0 2.17045e-29 0 1.22254e-28 0 5.29727e-28 0 1.88575e-27 0 5.6933e-27 0 1.52952e-26 0 3.73167e-26 0 8.3308e-26 0 1.74705e-25 0 3.4559e-25 0 6.47219e-25 0 1.15132e-24 0 1.98641e-24 0 3.32919e-24 0 5.42766e-24 0
9.11674 1.15689e-12 1.15548e-12 1.4119e-15 0.00122042 6.32492e-06 1.43213e-42 0 5.77339e-38 0 7.5997e-34 0 1.19676e-31 0 3.60651e-30 0 4.55283e-29 0 3.31641e-28 0 1.71684e-27 0 6.92512e-27 0 2.31705e-26 0 6.62806e-26 0 1.69677e-25 0 3.96332e-25 0 8.50773e-25 0 1.7208e-24 0 3.29246e-24 0 5.98007e-24 0 1.03428e-23 0 1.73759e-23 0 2.83966e-23 0 4.52039e-23 0
9.5847 1.07598e-12 1.07483e-12 1.1562e-15 0.00107455 5.52644e-06 9.49786e-41 0 2.28233e-36 0 1.89068e-32 0 2.3257e-30 0 5.93496e-29 0 6.61984e-28 0 4.37652e-27 0 2.09087e-26 0 7.87865e-26 0 2.48515e-25 0 6.7533e-25 0 1.65128e-24 0 3.70057e-24 0 7.6529e-24 0 1.49557e-23 0 2.77229e-23 0 4.89069e-23 0 8.23539e-23 0 1.34894e-22 0 2.15227e-22 0 3.34926e-22 0
10.0767 1.00328e-12 1.00233e-12 9.46861e-16 0.000943765 4.78203e-06 5.06689e-39 0 7.44063e-35 0 3.96777e-31 0 3.85871e-29 0 8.40654e-28 0 8.33504e-27 0 5.02504e-26 0 2.22421e-25 0 7.85548e-25 0 2.34269e-24 0 6.06291e-24 0 1.41914e-23 0 3.05749e-23 0 6.1026e-23 0 1.15422e-22 0 2.07603e-22 0 3.56229e-22 0 5.84782e-22 0 9.3506e-22 0 1.45827e-21 0 2.22081e-21 0
10.5939 9.38194e-13 9.37418e-13 7.75161e-16 0.000826227 4.06995e-06 2.19783e-37 0 2.02031e-33 0 7.08583e-30 0 5.51099e-28 0 1.03293e-26 0 9.15624e-26 0 5.05656e-25 0 2.08137e-24 0 6.91179e-24 0 1.95417e-23 0 4.828e-23 0 1.08413e-22 0 2.2498e-22 0 4.34149e-22 0 7.95974e-22 0 1.39123e-21 0 2.32511e-21 0 3.72562e-21 0 5.82225e-21 0 8.88517e-21 0 1.32563e-20 0
11.1377 8.83549e-13 8.82916e-13 6.33931e-16 0.000717482 3.40803e-06 7.86403e-36 0 4.62978e-32 0 1.09007e-28 0 6.85446e-27 0 1.11344e-25 0 8.87254e-25 0 4.50767e-24 0 1.73159e-23 0 5.42296e-23 0 1.45737e-22 0 3.44506e-22 0 7.4363e-22 0 1.48916e-21 0 2.78289e-21 0 4.9534e-21 0 8.42485e-21 0 1.37315e-20 0 2.15018e-20 0 3.28777e-20 0 4.91489e-20 0 7.19095e-20 0
11.7094 8.02495e-13 8.01971e-13 5.24196e-16 0.000653208 2.82232e-06 2.2445e-34 0 8.64911e-31 0 1.39391e-27 0 7.16052e-26 0 1.01515e-24 0 7.30969e-24 0 3.43035e-23 0 1.23394e-22 0 3.65493e-22 0 9.35948e-22 0 2.12146e-21 0 4.41043e-21 0 8.53766e-21 0 1.54752e-20 0 2.67805e-20 0 4.43829e-20 0 7.06338e-20 0 1.08209e-19 0 1.62063e-19 0 2.37558e-19 0 3.41172e-19 0
12.3105 7.67671e-13 7.67245e-13 4.26892e-16 0.000556086 2.20615e-06 5.63277e-33 0 1.45043e-29 0 1.62994e-26 0 6.90806e-25 0 8.6043e-24 0 5.62633e-23 0 2.4484e-22 0 8.27357e-22 0 2.32409e-21 0 5.68445e-21 0 1.238e-20 0 2.4834e-20 0 4.65479e-20 0 8.19572e-20 0 1.38083e-19 0 2.23267e-19 0 3.47352e-19 0 5.21163e-19 0 7.65299e-19 0 1.10105e-18 0 1.55359e-18 0
12.9424 7.24711e-13 7.24362e-13 3.49443e-16 0.000482183 1.60871e-06 1.17488e-31 0 2.06177e-28 0 1.64424e-25 0 5.80372e-24 0 6.39125e-23 0 3.81311e-22 0 1.54438e-21 0 4.91752e-21 0 1.31343e-20 0 3.07522e-20 0 6.4477e-20 0 1.25017e-19 0 2.27249e-19 0 3.89218e-19 0 6.39269e-19 0 1.00967e-18 0 1.53728e-18 0 2.26128e-18 0 3.25886e-18 0 4.60606e-18 0 6.39083e-18 0
13.6067 6.84897e-13 6.8461e-13 2.86249e-16 0.000417944 1.1081e-06 2.08347e-30 0 2.53886e-27 0 1.46114e-24 0 4.33375e-23 0 4.24497e-22 0 2.32111e-21 0 8.78034e-21 0 2.64208e-20 0 6.72628e-20 0 1.51079e-19 0 3.05517e-19 0 5.73537e-19 0 1.01256e-18 0 1.68928e-18 0 2.70815e-18 0 4.1829e-18 0 6.23931e-18 0 9.00648e-18 0 1.27502e-17 0 1.77192e-17 0 2.41951e-17 0
14.3051 6.48407e-13 6.48172e-13 2.34484e-16 0.000361632 6.74396e-07 3.16861e-29 0 2.72933e-26 0 1.15173e-23 0 2.89499e-22 0 2.53672e-21 0 1.27665e-20 0 4.52558e-20 0 1.29047e-19 0 3.13881e-19 0 6.77699e-19 0 1.32414e-18 0 2.41049e-18 0 4.13917e-18 0 6.73507e-18 0 1.05513e-17 0 1.59548e-17 0 2.33384e-17 0 3.30908e-17 0 4.60572e-17 0 6.29865e-17 0 8.47082e-17 0
15.0394 6.15071e-13 6.14879e-13 1.92088e-16 0.000312303 2.84373e-07 4.16504e-28 0 2.57929e-25 0 8.10247e-23 0 1.73998e-21 0 1.37135e-20 0 6.37795e-20 0 2.12545e-19 0 5.75847e-19 0 1.34114e-18 0 2.78886e-18 0 5.27379e-18 0 9.32377e-18 0 1.55932e-17 0 2.47765e-17 0 3.79738e-17 0 5.62733e-17 0 8.08013e-17 0 1.12629e-16 0 1.54252e-16 0 2.07751e-16 0 2.75384e-16 0
15.8114 5.84645e-13 5.84488e-13 1.57409e-16 0.000269238 -8.11128e-08 4.76663e-27 0 2.15666e-24 0 5.11658e-22 0 9.45969e-21 0 6.74068e-20 0 2.90834e-19 0 9.13885e-19 0 2.35838e-18 0 5.27055e-18 0 1.05751e-17 0 1.93852e-17 0 3.33316e-17 0 5.43619e-17 0 8.44466e-17 0 1.26757e-16 0 1.84268e-16 0 2.59953e-16 0 3.56521e-16 0 4.80835e-16 0 6.38256e-16 0 8.34478e-16 0
16.623 5.56795e-13 5.56666e-13 1.2898e-16 0.000231648 -4.4917e-07 4.78156e-26 0 1.60503e-23 0 2.91552e-21 0 4.67474e-20 0 3.02654e-19 0 1.21587e-18 0 3.6129e-18 0 8.90179e-18 0 1.91279e-17 0 3.70962e-17 0 6.60186e-17 0 1.1055e-16 0 1.76046e-16 0 2.67654e-16 0 3.93868e-16 0 5.62208e-16 0 7.79911e-16 0 1.05326e-15 0 1.39993e-15 0 1.83273e-15 0 2.36502e-15 0
17.4762 5.31274e-13 5.31169e-13 1.05718e-16 0.000198989 -8.02956e-07 4.2317e-25 0 1.06931e-22 0 1.50671e-20 0 2.10979e-19 0 1.24687e-18 0 4.68032e-18 0 1.31872e-17 0 3.10923e-17 0 6.43612e-17 0 1.20849e-16 0 2.09101e-16 0 3.41443e-16 0 5.31518e-16 0 7.9174e-16 0 1.14332e-15 0 1.60387e-15 0 2.18966e-15 0 2.91405e-15 0 3.81973e-15 0 4.93531e-15 0 6.28989e-15 0
18.3733 5.07788e-13 5.07701e-13 8.66566e-17 0.000170655 -1.13801e-06 3.32406e-24 0 6.4114e-22 0 7.09513e-20 0 8.73383e-19 0 4.73278e-18 0 1.66542e-17 0 4.46102e-17 0 1.00867e-16 0 2.01508e-16 0 3.66902e-16 0 6.18071e-16 0 9.85378e-16 0 1.50113e-15 0 2.19298e-15 0 3.11049e-15 0 4.29192e-15 0 5.77109e-15 0 7.57388e-15 0 9.79751e-15 0 1.25015e-14 0 1.57453e-14 0
19.3164 4.86158e-13 4.86087e-13 7.10454e-17 0.000146136 -1.47999e-06 2.33119e-23 0 3.47764e-21 0 3.05841e-19 0 3.3305e-18 0 1.66184e-17 0 5.49943e-17 0 1.4039e-16 0 3.05036e-16 0 5.89144e-16 0 1.04177e-15 0 1.71082e-15 0 2.66611e-15 0 3.97895e-15 0 5.70619e-15 0 7.95662e-15 0 1.08075e-14 0 1.43236e-14 0 1.85502e-14 0 2.36967e-14 0 2.98791e-14 0 3.72103e-14 0
20.3079 4.6614e-13 4.66082e-13 5.82509e-17 0.000124964 -1.86705e-06 1.46757e-22 0 1.71465e-20 0 1.21189e-18 0 1.17448e-17 0 5.41803e-17 0 1.6912e-16 0 4.12423e-16 0 8.62785e-16 0 1.61367e-15 0 2.77511e-15 0 4.44829e-15 0 6.7836e-15 0 9.92798e-15 0 1.39892e-14 0 1.91923e-14 0 2.56821e-14 0 3.35726e-14 0 4.29337e-14 0 5.41933e-14 0 6.75631e-14 0 8.32439e-14 0
21.3503 4.47546e-13 4.47498e-13 4.77679e-17 0.000106733 -2.15061e-06 8.33666e-22 0 7.72009e-20 0 4.4322e-18 0 3.84453e-17 0 1.64596e-16 0 4.86002e-16 0 1.1347e-15 0 2.28977e-15 0 4.15364e-15 0 6.9566e-15 0 1.08969e-14 0 1.62789e-14 0 2.33856e-14 0 3.24049e-14 0 4.37763e-14 0 5.77518e-14 0 7.45143e-14 0 9.41538e-14 0 1.17502e-13 0 1.44922e-13 0 1.76747e-13 0
22.4463 4.30217e-13 4.30178e-13 3.91729e-17 9.10539e-05 -2.37695e-06 4.29447e-21 0 3.18802e-19 0 1.50189e-17 0 1.17234e-16 0 4.67513e-16 0 1.30934e-15 0 2.93305e-15 0 5.71928e-15 0 1.00775e-14 0 1.64583e-14 0 2.52218e-14 0 3.69474e-14 0 5.21468e-14 0 7.11169e-14 0 9.46723e-14 0 1.23218e-13 0 1.57017e-13 0 1.96148e-13 0 2.42156e-13 0 2.95621e-13 0 3.57062e-13 0
23.5984 4.13971e-13 4.13939e-13 3.21335e-17 7.76226e-05 -2.58374e-06 2.01538e-20 0 1.21238e-18 0 4.73222e-17 0 3.34126e-16 0 1.24543e-15 0 3.31698e-15 0 7.14344e-15 0 1.34825e-14 0 2.31083e-14 0 3.68468e-14 0 5.53018e-14 0 7.95156e-14 0 1.10355e-13 0 1.48237e-13 0 1.94599e-13 0 2.50037e-13 0 3.14873e-13 0 3.89094e-13 0 4.75442e-13 0 5.7479e-13 0 6.8788e-13 0
24.8097 3.98707e-13 3.9868e-13 2.6366e-17 6.61289e-05 -2.86643e-06 8.65561e-20 0 4.26292e-18 0 1.39134e-16 0 8.92967e-16 0 3.12138e-15 0 7.92499e-15 0 1.64398e-14 0 3.00808e-14 0 5.02185e-14 0 7.82713e-14 0 1.15168e-13 0 1.62684e-13 0 2.22195e-13 0 2.942e-13 0 3.81115e-13 0 4.83732e-13 0 6.02347e-13 0 7.36679e-13 0 8.91398e-13 0 1.06772e-12 0 1.26664e-12 0
26.0832 3.84227e-13 3.84205e-13 2.16319e-17 5.62999e-05 -3.05466e-06 3.41573e-19 0 1.39079e-17 0 3.82899e-16 0 2.24421e-15 0 7.37971e-15 0 1.79033e-14 0 3.58393e-14 0 6.36711e-14 0 1.03669e-13 0 1.58117e-13 0 2.28307e-13 0 3.17108e-13 0 4.26565e-13 0 5.57111e-13 0 7.12634e-13 0 8.94046e-13 0 1.10142e-12 0 1.33387e-12 0 1.59906e-12 0 1.89857e-12 0 2.23357e-12 0
27.4221 3.70461e-13 3.70444e-13 1.77546e-17 4.79256e-05 -3.20272e-06 1.24363e-18 0 4.22545e-17 0 9.89456e-16 0 5.31962e-15 0 1.6505e-14 0 3.83458e-14 0 7.42039e-14 0 1.28181e-13 0 2.03795e-13 0 3.04489e-13 0 4.3184e-13 0 5.90262e-13 0 7.82592e-13 0 1.00886e-12 0 1.27507e-12 0 1.58205e-12 0 1.92925e-12 0 2.31468e-12 0 2.75041e-12 0 3.2383e-12 0 3.77959e-12 0
28.8297 3.57279e-13 3.57264e-13 1.45727e-17 4.07879e-05 -3.26258e-06 4.193e-18 0 1.19936e-16 0 2.40772e-15 0 1.19241e-14 0 3.50067e-14 0 7.80513e-14 0 1.46248e-13 0 2.45978e-13 0 3.82327e-13 0 5.60143e-13 0 7.80983e-13 0 1.05132e-12 0 1.37482e-12 0 1.75048e-12 0 2.18724e-12 0 2.68538e-12 0 3.24316e-12 0 3.85663e-12 0 4.5442e-12 0 5.30781e-12 0 6.14843e-12 0
30.3095 3.44593e-13 3.44581e-13 1.19635e-17 3.47176e-05 -3.28645e-06 1.31385e-17 0 3.19053e-16 0 5.53247e-15 0 2.53405e-14 0 7.05837e-14 0 1.51332e-13 0 2.74996e-13 0 4.50928e-13 0 6.85953e-13 0 9.86417e-13 0 1.35318e-12 0 1.79535e-12 0 2.31723e-12 0 2.9158e-12 0 3.60391e-12 0 4.38059e-12 0 5.24195e-12 0 6.18102e-12 0 7.22487e-12 0 8.37518e-12 0 9.63222e-12 0
31.8653 3.32309e-13 3.32299e-13 9.82387e-18 2.95625e-05 -3.23407e-06 3.83896e-17 0 7.97799e-16 0 1.20352e-14 0 5.11778e-14 0 1.35597e-13 0 2.80095e-13 0 4.94352e-13 0 7.91281e-13 0 1.17929e-12 0 1.66604e-12 0 2.25049e-12 0 2.94493e-12 0 3.75392e-12 0 4.67091e-12 0 5.71379e-12 0 6.87932e-12 0 8.16018e-12 0 9.54492e-12 0 1.10722e-11 0 1.27428e-11 0 1.45557e-11 0
33.5009 3.20365e-13 3.20356e-13 8.06812e-18 2.51842e-05 -3.17253e-06 1.04939e-16 0 1.88053e-15 0 2.48484e-14 0 9.84543e-14 0 2.48738e-13 0 4.95924e-13 0 8.51333e-13 0 1.33174e-12 0 1.94648e-12 0 2.70388e-12 0 3.59917e-12 0 4.64834e-12 0 5.85547e-12 0 7.20848e-12 0 8.7316e-12 0 1.04179e-11 0 1.2255e-11 0 1.42253e-11 0 1.63823e-11 0 1.87252e-11 0 2.12507e-11 0
35.2205 3.08694e-13 3.08687e-13 6.62728e-18 2.14688e-05 -2.99477e-06 2.69174e-16 0 4.18971e-15 0 4.88057e-14 0 1.80806e-13 0 4.36584e-13 0 8.41606e-13 0 1.40713e-12 0 2.15361e-12 0 3.08995e-12 0 4.22395e-12 0 5.5446e-12 0 7.07198e-12 0 8.80866e-12 0 1.07345e-11 0 1.28816e-11 0 1.52374e-11 0 1.77828e-11 0 2.04922e-11 0 2.34374e-11 0 2.6615e-11 0 3.00186e-11 0
37.0284 2.97228e-13 2.97222e-13 5.44456e-18 1.83178e-05 -2.81568e-06 6.49739e-16 0 8.84474e-15 0 9.13926e-14 0 3.17603e-13 0 7.34594e-13 0 1.37142e-12 0 2.23614e-12 0 3.35203e-12 0 4.72538e-12 0 6.36174e-12 0 8.24059e-12 0 1.03865e-11 0 1.27992e-11 0 1.54477e-11 0 1.83731e-11 0 2.15558e-11 0 2.49676e-11 0 2.85732e-11 0 3.24663e-11 0 3.66399e-11 0 4.10834e-11 0
38.9291 2.85937e-13 2.85933e-13 4.47388e-18 1.56464e-05 -2.57283e-06 1.48003e-15 0 1.77359e-14 0 1.63516e-13 0 5.34714e-13 0 1.18715e-12 0 2.14977e-12 0 3.42257e-12 0 5.03011e-12 0 6.97309e-12 0 9.2525e-12 0 1.18346e-11 0 1.47489e-11 0 1.79905e-11 0 2.15148e-11 0 2.53734e-11 0 2.95374e-11 0 3.3968e-11 0 3.86182e-11 0 4.36071e-11 0 4.89232e-11 0 5.45507e-11 0
40.9273 2.74782e-13 2.74778e-13 3.67667e-18 1.33803e-05 -2.31134e-06 3.18973e-15 0 3.38591e-14 0 2.8008e-13 0 8.64411e-13 0 1.84583e-12 0 3.24704e-12 0 5.05345e-12 0 7.28868e-12 0 9.94423e-12 0 1.30139e-11 0 1.64469e-11 0 2.02778e-11 0 2.44959e-11 0 2.90398e-11 0 3.39734e-11 0 3.92563e-11 0 4.48379e-11 0 5.06578e-11 0 5.68638e-11 0 6.34388e-11 0 7.0361e-11 0
43.0281 2.63723e-13 2.6372e-13 3.02178e-18 1.14582e-05 -1.96729e-06 6.51999e-15 0 6.16707e-14 0 4.60134e-13 0 1.34408e-12 0 2.76574e-12 0 4.73295e-12 0 7.20864e-12 0 1.02129e-11 0 1.37241e-11 0 1.77262e-11 0 2.21477e-11 0 2.70288e-11 0 3.23513e-11 0 3.80351e-11 0 4.41573e-11 0 5.06652e-11 0 5.74946e-11 0 6.45715e-11 0 7.20743e-11 0 7.99798e-11 0 8.82596e-11 0
45.2368 2.52764e-13 2.52761e-13 2.48411e-18 9.82779e-06 -1.58386e-06 1.2671e-14 0 1.07398e-13 0 7.26422e-13 0 2.01373e-12 0 4.00025e-12 0 6.6683e-12 0 9.94984e-12 0 1.38588e-11 0 1.83567e-11 0 2.34154e-11 0 2.89397e-11 0 3.49759e-11 0 4.14976e-11 0 4.84044e-11 0 5.57878e-11 0 6.35816e-11 0 7.17082e-11 0 8.00797e-11 0 8.89062e-11 0 9.8158e-11 0 1.078e-10 0
47.5588 2.4189e-13 2.41888e-13 2.04227e-18 8.44297e-06 -9.5563e-07 2.34646e-14 0 1.79178e-13 0 1.10393e-12 0 2.91162e-12 0 5.59329e-12 0 9.09412e-12 0 1.33069e-11 0 1.82373e-11 0 2.38271e-11 0 3.00343e-11 0 3.67383e-11 0 4.39925e-11 0 5.17617e-11 0 5.99248e-11 0 6.85887e-11 0 7.76736e-11 0 8.70886e-11 0 9.6733e-11 0 1.06849e-10 0 1.17399e-10 0 1.28343e-10 0
50 2.31089e-13 2.31087e-13 1.67913e-18 7.26618e-06 -3.42364e-07 4.14924e-14 0 2.86902e-13 0 1.61748e-12 0 4.06881e-12 0 7.57106e-12 0 1.20211e-11 0 1.7266e-11 0 2.33019e-11 0 3.00494e-11 0 3.7452e-11 0 4.53634e-11 0 5.3845e-11 0 6.28534e-11 0 7.22477e-11 0 8.21501e-11 0 9.24684e-11 0 1.031e-10 0 1.13932e-10 0 1.25237e-10 0 1.36973e-10 0 1.49092e-10 0
52.5665 2.2039e-13 2.20388e-13 1.3807e-18 6.26483e-06 3.3123e-07 7.02127e-14 0 4.41753e-13 0 2.28883e-12 0 5.50405e-12 0 9.93587e-12 0 1.54238e-11 0 2.17652e-11 0 2.89473e-11 0 3.6869e-11 0 4.54605e-11 0 5.45511e-11 0 6.42112e-11 0 7.43904e-11 0 8.49299e-11 0 9.59674e-11 0 1.074e-10 0 1.19114e-10 0 1.30989e-10 0 1.43324e-10 0 1.56072e-10 0 1.69181e-10 0
55.2648 2.09777e-13 2.09776e-13 1.1353e-18 5.41197e-06 9.40075e-07 1.13907e-13 0 6.5511e-13 0 3.13232e-12 0 7.2166e-12 0 1.26571e-11 0 1.92308e-11 0 2.66851e-11 0 3.50002e-11 0 4.40552e-11 0 5.37689e-11 0 6.39498e-11 0 7.46781e-11 0 8.58978e-11 0 9.74362e-11 0 1.09445e-10 0 1.21813e-10 0 1.34419e-10 0 1.47137e-10 0 1.60289e-10 0 1.73822e-10 0 1.87683e-10 0
58.1015 1.99295e-13 1.99294e-13 9.3361e-19 4.68455e-06 1.47083e-06 1.77518e-13 0 9.37376e-13 0 4.15231e-12 0 9.18462e-12 0 1.5673e-11 0 2.33319e-11 0 3.18624e-11 0 4.12414e-11 0 5.13317e-11 0 6.2044e-11 0 7.31704e-11 0 8.4802e-11 0 9.68796e-11 0 1.0922e-10 0 1.21989e-10 0 1.35068e-10 0 1.48333e-10 0 1.61654e-10 0 1.75371e-10 0 1.89429e-10 0 2.03772e-10 0
61.0839 1.88934e-13 1.88934e-13 7.67752e-19 4.06359e-06 1.90194e-06 2.662e-13 0 1.29598e-12 0 5.33847e-12 0 1.13595e-11 0 1.88853e-11 0 2.75734e-11 0 3.70866e-11 0 4.74032e-11 0 5.83748e-11 0 6.9908e-11 0 8.17846e-11 0 9.41068e-11 0 1.06815e-10 0 1.1972e-10 0 1.32998e-10 0 1.4653e-10 0 1.60188e-10 0 1.73846e-10 0 1.87852e-10 0 2.02151e-10 0 2.16688e-10 0
64.2193 1.78747e-13 1.78746e-13 6.31306e-19 3.53184e-06 2.23813e-06 3.84821e-13 0 1.73415e-12 0 6.66644e-12 0 1.3672e-11 0 2.2173e-11 0 3.17815e-11 0 4.21331e-11 0 5.3213e-11 0 6.4868e-11 0 7.70049e-11 0 8.94015e-11 0 1.02171e-10 0 1.15255e-10 0 1.28466e-10 0 1.41986e-10 0 1.55697e-10 0 1.69475e-10 0 1.83195e-10 0 1.9721e-10 0 2.11468e-10 0 2.25913e-10 0
67.5157 1.68748e-13 1.68747e-13 5.19092e-19 3.07614e-06 2.45994e-06 5.37135e-13 0 2.24901e-12 0 8.09567e-12 0 1.60313e-11 0 2.53934e-11 0 3.57641e-11 0 4.6766e-11 0 5.83964e-11 0 7.05035e-11 0 8.29992e-11 0 9.56637e-11 0 1.0862e-10 0 1.21815e-10 0 1.35064e-10 0 1.48555e-10 0 1.62174e-10 0 1.758e-10 0 1.89317e-10 0 2.03074e-10 0 2.17021e-10 0 2.31104e-10 0
70.9813 1.58977e-13 1.58976e-13 4.26805e-19 2.6847e-06 2.59306e-06 7.25114e-13 0 2.83109e-12 0 9.57344e-12 0 1.83363e-11 0 2.84003e-11 0 3.93373e-11 0 5.0771e-11 0 6.27159e-11 0 7.50281e-11 0 8.7628e-11 0 1.00305e-10 0 1.1319e-10 0 1.26236e-10 0 1.39267e-10 0 1.52473e-10 0 1.65745e-10 0 1.78972e-10 0 1.92043e-10 0 2.05301e-10 0 2.18698e-10 0 2.32185e-10 0
74.6248 1.49441e-13 1.4944e-13 3.50895e-19 2.34805e-06 2.64385e-06 9.4806e-13 0 3.46344e-12 0 1.10358e-11 0 2.04779e-11 0 3.10486e-11 0 4.23288e-11 0 5.39581e-11 0 6.5972e-11 0 7.82395e-11 0 9.06931e-11 0 1.03135e-10 0 1.15705e-10 0 1.28361e-10 0 1.4094e-10 0 1.53631e-10 0 1.66332e-10 0 1.78942e-10 0 1.91359e-10 0 2.03913e-10 0 2.1656e-10 0 2.29254e-10 0
78.4553 1.40182e-13 1.40181e-13 2.88484e-19 2.05793e-06 2.62444e-06 1.20241e-12 0 4.12345e-12 0 1.24167e-11 0 2.23567e-11 0 3.32173e-11 0 4.46082e-11 0 5.61974e-11 0 6.8043e-11 0 8.00313e-11 0 9.21092e-11 0 1.04097e-10 0 1.16136e-10 0 1.28196e-10 0 1.40125e-10 0 1.5211e-10 0 1.64057e-10 0 1.75875e-10 0 1.87474e-10 0 1.99165e-10 0 2.10908e-10 0 2.22662e-10 0
82.4824 1.31227e-13 1.31226e-13 2.3714e-19 1.8071e-06 2.53124e-06 1.48141e-12 0 4.78373e-12 0 1.36513e-11 0 2.38857e-11 0 3.48125e-11 0 4.6086e-11 0 5.74128e-11 0 6.88739e-11 0 8.03756e-11 0 9.18797e-11 0 1.03226e-10 0 1.1456e-10 0 1.25856e-10 0 1.36981e-10 0 1.48113e-10 0 1.59168e-10 0 1.70066e-10 0 1.8073e-10 0 1.91446e-10 0 2.02179e-10 0 2.12896e-10 0
86.7162 1.22586e-13 1.22585e-13 1.94907e-19 1.58997e-06 2.35108e-06 1.77525e-12 0 5.41395e-12 0 1.46802e-11 0 2.49966e-11 0 3.57715e-11 0 4.67163e-11 0 5.75827e-11 0 6.84735e-11 0 7.93157e-11 0 9.00863e-11 0 1.00647e-10 0 1.1114e-10 0 1.21551e-10 0 1.3176e-10 0 1.41937e-10 0 1.52008e-10 0 1.61904e-10 0 1.71559e-10 0 1.81234e-10 0 1.90901e-10 0 2.00528e-10 0
91.1674 1.14279e-13 1.14279e-13 1.60173e-19 1.40159e-06 2.12537e-06 2.0719e-12 0 5.98425e-12 0 1.54574e-11 0 2.56485e-11 0 3.60728e-11 0 4.65059e-11 0 5.67482e-11 0 6.69209e-11 0 7.69721e-11 0 8.68925e-11 0 9.65653e-11 0 1.06129e-10 0 1.15576e-10 0 1.24804e-10 0 1.33969e-10 0 1.43009e-10 0 1.51865e-10 0 1.60481e-10 0 1.69093e-10 0 1.77676e-10 0 1.86204e-10 0
95.847 1.06337e-13 1.06337e-13 1.31616e-19 1.23773e-06 1.89022e-06 2.35834e-12 0 6.46839e-12 0 1.59545e-11 0 2.58315e-11 0 3.57364e-11 0 4.55118e-11 0 5.50066e-11 0 6.43566e-11 0 7.3529e-11 0 8.25272e-11 0 9.12545e-11 0 9.98439e-11 0 1.08293e-10 0 1.16515e-10 0 1.24653e-10 0 1.32656e-10 0 1.40474e-10 0 1.48059e-10 0 1.55623e-10 0 1.63144e-10 0 1.70601e-10 0
100.767 9.8751e-14 9.87509e-14 1.08112e-19 1.0948e-06 1.6551e-06 2.62071e-12 0 6.84333e-12 0 1.61554e-11 0 2.55545e-11 0 3.48048e-11 0 4.38139e-11 0 5.24767e-11 0 6.09387e-11 0 6.91842e-11 0 7.72268e-11 0 8.49885e-11 0 9.25943e-11 0 1.00046e-10 0 1.07273e-10 0 1.14404e-10 0 1.21395e-10 0 1.28206e-10 0 1.34798e-10 0 1.41357e-10 0 1.47864e-10 0 1.54303e-10 0
105.939 9.15506e-14 9.15505e-14 8.88139e-20 9.70107e-07 1.37427e-06 2.84706e-12 0 7.0952e-12 0 1.60671e-11 0 2.48592e-11 0 3.33597e-11 0 4.15355e-11 0 4.93225e-11 0 5.68712e-11 0 6.41804e-11 0 7.12711e-11 0 7.80823e-11 0 8.47293e-11 0 9.12181e-11 0 9.749e-11 0 1.0366e-10 0 1.09692e-10 0 1.15555e-10 0 1.21216e-10 0 1.26836e-10 0 1.32401e-10 0 1.37897e-10 0
111.377 8.47204e-14 8.47204e-14 7.29312e-20 8.60845e-07 1.10267e-06 3.02647e-12 0 7.215e-12 0 1.57055e-11 0 2.37956e-11 0 3.1487e-11 0 3.87977e-11 0 4.56984e-11 0 5.23403e-11 0 5.87331e-11 0 6.49033e-11 0 7.08043e-11 0 7.65409e-11 0 8.21217e-11 0 8.74993e-11 0 9.27745e-11 0 9.79192e-11 0 1.02907e-10 0 1.07713e-10 0 1.12475e-10 0 1.17181e-10 0 1.21821e-10 0
117.094 7.8272e-14 7.8272e-14 5.98798e-20 7.65022e-07 8.33532e-07 3.15175e-12 0 7.20364e-12 0 1.51038e-11 0 2.24339e-11 0 2.92929e-11 0 3.57401e-11 0 4.17747e-11 0 4.75438e-11 0 5.30655e-11 0 5.83696e-11 0 6.34214e-11 0 6.83147e-11 0 7.30598e-11 0 7.7619e-11 0 8.20795e-11 0 8.64193e-11 0 9.06176e-11 0 9.46547e-11 0 9.86472e-11 0 1.02586e-10 0 1.06462e-10 0
123.105 7.22043e-14 7.22042e-14 4.91617e-20 6.80869e-07 5.82899e-07 3.21885e-12 0 7.0685e-12 0 1.43029e-11 0 2.08483e-11 0 2.6882e-11 0 3.24943e-11 0 3.77058e-11 0 4.26566e-11 0 4.73703e-11 0 5.18779e-11 0 5.61547e-11 0 6.02833e-11 0 6.42748e-11 0 6.80995e-11 0 7.18324e-11 0 7.5456e-11 0 7.89542e-11 0 8.2312e-11 0 8.56267e-11 0 8.88915e-11 0 9.20996e-11 0
129.424 6.65033e-14 6.65033e-14 4.03457e-20 6.06671e-07 3.6334e-07 3.22673e-12 0 6.82184e-12 0 1.33465e-11 0 1.91109e-11 0 2.43501e-11 0 2.91756e-11 0 3.36233e-11 0 3.78236e-11 0 4.18029e-11 0 4.55925e-11 0 4.9175e-11 0 5.26225e-11 0 5.59462e-11 0 5.91229e-11 0 6.22163e-11 0 6.52129e-11 0 6.81002e-11 0 7.08667e-11 0 7.35934e-11 0 7.62749e-11 0 7.8906e-11 0
136.067 6.11704e-14 6.11704e-14 3.31106e-20 5.41284e-07 1.7447e-07 3.17838e-12 0 6.48197e-12 0 1.22833e-11 0 1.72947e-11 0 2.17895e-11 0 2.58913e-11 0 2.96456e-11 0 3.31715e-11 0 3.64966e-11 0 3.96507e-11 0 4.26225e-11 0 4.5474e-11 0 4.82158e-11 0 5.08302e-11 0 5.33706e-11 0 5.58268e-11 0 5.81892e-11 0 6.0449e-11 0 6.2673e-11 0 6.48569e-11 0 6.6997e-11 0
143.051 5.61897e-14 5.61897e-14 2.71661e-20 4.83471e-07 1.30088e-08 3.07887e-12 0 6.06831e-12 0 1.11573e-11 0 1.54612e-11 0 1.92737e-11 0 2.27228e-11 0 2.58592e-11 0 2.87895e-11 0 3.15411e-11 0 3.41418e-11 0 3.65845e-11 0 3.89218e-11 0 4.11638e-11 0 4.32969e-11 0 4.53656e-11 0 4.73621e-11 0 4.92791e-11 0 5.11102e-11 0 5.29097e-11 0 5.46745e-11 0 5.64017e-11 0
150.394 5.15526e-14 5.15526e-14 2.22857e-20 4.32291e-07 -1.27557e-07 2.93578e-12 0 5.60216e-12 0 1.00102e-11 0 1.36645e-11 0 1.68641e-11 0 1.97353e-11 0 2.23305e-11 0 2.47434e-11 0 2.70001e-11 0 2.91258e-11 0 3.11166e-11 0 3.30166e-11 0 3.4835e-11 0 3.65617e-11 0 3.82331e-11 0 3.98434e-11 0 4.13874e-11 0 4.286e-11 0 4.43053e-11 0 4.57211e-11 0 4.71051e-11 0
158.114 4.72439e-14 4.72439e-14 1.82805e-20 3.86938e-07 -2.26762e-07 2.75777e-12 0 5.10377e-12 0 8.87675e-12 0 1.19466e-11 0 1.46052e-11 0 1.6973e-11 0 1.9101e-11 0 2.10707e-11 0 2.29061e-11 0 2.46296e-11 0 2.62392e-11 0 2.77719e-11 0 2.92356e-11 0 3.06229e-11 0 3.19635e-11 0 3.32531e-11 0 3.44878e-11 0 3.5664e-11 0 3.68169e-11 0 3.7945e-11 0 3.90467e-11 0
166.23 4.3251e-14 4.3251e-14 1.49924e-20 3.46636e-07 -3.29291e-07 2.55424e-12 0 4.59214e-12 0 7.78582e-12 0 1.03391e-11 0 1.25279e-11 0 1.44636e-11 0 1.61942e-11 0 1.77893e-11 0 1.92705e-11 0 2.06573e-11 0 2.19493e-11 0 2.31769e-11 0 2.43469e-11 0 2.5454e-11 0 2.6522e-11 0 2.75481e-11 0 2.85291e-11 0 2.94625e-11 0 3.03764e-11 0 3.12698e-11 0 3.21413e-11 0
174.763 3.95539e-14 3.95539e-14 1.22928e-20 3.10787e-07 -4.22877e-07 2.33415e-12 0 4.08308e-12 0 6.75813e-12 0 8.86187e-12 0 1.06483e-11 0 1.22179e-11 0 1.36142e-11 0 1.48963e-11 0 1.6083e-11 0 1.71911e-11 0 1.82211e-11 0 1.91977e-11 0 2.01269e-11 0 2.10046e-11 0 2.18502e-11 0 2.26614e-11 0 2.34362e-11 0 2.41725e-11 0 2.48927e-11 0 2.5596e-11 0 2.62815e-11 0
183.733 3.61388e-14 3.61388e-14 1.0078e-20 2.7887e-07 -4.92039e-07 2.10619e-12 0 3.5902e-12 0 5.80901e-12 0 7.52737e-12 0 8.97371e-12 0 1.02367e-11 0 1.13553e-11 0 1.23787e-11 0 1.33231e-11 0 1.42028e-11 0 1.50187e-11 0 1.57909e-11 0 1.65243e-11 0 1.72162e-11 0 1.78818e-11 0 1.85196e-11 0 1.9128e-11 0 1.97056e-11 0 2.02702e-11 0 2.08209e-11 0 2.13573e-11 0
193.164 3.29916e-14 3.29916e-14 8.26091e-21 2.50394e-07 -5.39364e-07 1.87803e-12 0 3.12402e-12 0 4.94777e-12 0 6.34009e-12 0 7.50243e-12 0 8.51175e-12 0 9.40186e-12 0 1.02135e-11 0 1.09606e-11 0 1.16548e-11 0 1.22974e-11 0 1.29045e-11 0 1.34803e-11 0 1.40227e-11 0 1.45439e-11 0 1.50427e-11 0 1.55181e-11 0 1.5969e-11 0 1.64093e-11 0 1.68385e-11 0 1.72562e-11 0
203.079 3.0097e-14 3.0097e-14 6.77184e-21 2.25e-07 -5.85724e-07 1.65597e-12 0 2.69188e-12 0 4.17835e-12 0 5.29816e-12 0 6.22591e-12 0 7.02734e-12 0 7.73136e-12 0 8.37139e-12 0 8.95897e-12 0 9.50382e-12 0 1.00073e-11 0 1.04822e-11 0 1.09319e-11 0 1.13551e-11 0 1.17612e-11 0 1.21495e-11 0 1.25192e-11 0 1.28696e-11 0 1.32115e-11 0 1.35445e-11 0 1.38683e-11 0
213.503 2.74331e-14 2.74331e-14 5.54923e-21 2.02282e-07 -6.05336e-07 1.44459e-12 0 2.29781e-12 0 3.49971e-12 0 4.394e-12 0 5.12971e-12 0 5.76218e-12 0 6.3158e-12 0 6.81768e-12 0 7.27737e-12 0 7.70279e-12 0 8.09522e-12 0 8.46486e-12 0 8.8145e-12 0 9.14304e-12 0 9.45808e-12 0 9.759e-12 0 1.00452e-11 0 1.03163e-11 0 1.05806e-11 0 1.08379e-11 0 1.10879e-11 0
224.463 2.49914e-14 2.49914e-14 4.54801e-21 1.81983e-07 -6.38683e-07 1.24783e-12 0 1.94463e-12 0 2.90948e-12 0 3.61918e-12 0 4.19924e-12 0 4.6957e-12 0 5.12882e-12 0 5.52045e-12 0 5.87839e-12 0 6.20906e-12 0 6.51362e-12 0 6.80011e-12 0 7.07077e-12 0 7.32483e-12 0 7.56821e-12 0 7.80049e-12 0 8.02127e-12 0 8.23019e-12 0 8.43375e-12 0 8.63177e-12 0 8.8241e-12 0
235.984 2.27521e-14 2.27521e-14 3.72638e-21 1.63782e-07 -6.56459e-07 1.06775e-12 0 1.63225e-12 0 2.40152e-12 0 2.96138e-12 0 3.41623e-12 0 3.80393e-12 0 4.14115e-12 0 4.44533e-12 0 4.7228e-12 0 4.97871e-12 0 5.21408e-12 0 5.43521e-12 0 5.6439e-12 0 5.8396e-12 0 6.02691e-12 0 6.20554e-12 0 6.37519e-12 0 6.53563e-12 0 6.69186e-12 0 6.84375e-12 0 6.9912e-12 0
248.097 2.07017e-14 2.07017e-14 3.05302e-21 1.47476e-07 -6.80426e-07 9.05627e-13 0 1.35955e-12 0 1.96905e-12 0 2.40829e-12 0 2.76318e-12 0 3.06454e-12 0 3.32592e-12 0 3.56118e-12 0 3.7754e-12 0 3.97268e-12 0 4.15388e-12 0 4.32393e-12 0 4.48426e-12 0 4.63447e-12 0 4.77813e-12 0 4.91503e-12 0 5.04497e-12 0 5.16777e-12 0 5.28728e-12 0 5.40342e-12 0 5.5161e-12 0
260.832 1.88248e-14 1.88248e-14 2.50096e-21 1.32854e-07 -6.75331e-07 7.61709e-13 0 1.12417e-12 0 1.60426e-12 0 1.94711e-12 0 2.22271e-12 0 2.45593e-12 0 2.6577e-12 0 2.83894e-12 0 3.00369e-12 0 3.15521e-12 0 3.29421e-12 0 3.42453e-12 0 3.54728e-12 0 3.6622e-12 0 3.77202e-12 0 3.87661e-12 0 3.97581e-12 0 4.06952e-12 0 4.16067e-12 0 4.2492e-12 0 4.33507e-12 0
274.221 1.71123e-14 1.71123e-14 2.04878e-21 1.19725e-07 -6.79421e-07 6.35774e-13 0 9.23406e-13 0 1.29959e-12 0 1.566e-12 0 1.77915e-12 0 1.95896e-12 0 2.11415e-12 0 2.25329e-12 0 2.37959e-12 0 2.49559e-12 0 2.6019e-12 0 2.70147e-12 0 2.79518e-12 0 2.88285e-12 0 2.96657e-12 0 3.04626e-12 0 3.1218e-12 0 3.19312e-12 0 3.26246e-12 0 3.32978e-12 0 3.39504e-12 0
288.297 1.55489e-14 1.55489e-14 1.67833e-21 1.07939e-07 -6.73336e-07 5.26795e-13 0 7.53702e-13 0 1.04702e-12 0 1.25316e-12 0 1.41738e-12 0 1.5555e-12 0 1.67446e-12 0 1.78094e-12 0 1.87746e-12 0 1.966e-12 0 2.04707e-12 0 2.12293e-12 0 2.19427e-12 0 2.26097e-12 0 2.32463e-12 0 2.38518e-12 0 2.44256e-12 0 2.49671e-12 0 2.54933e-12 0 2.60039e-12 0 2.64988e-12 0
303.095 1.41226e-14 1.41226e-14 1.37461e-21 9.73342e-08 -6.48052e-07 4.33506e-13 0 6.11533e-13 0 8.39207e-13 0 9.98081e-13 0 1.12415e-12 0 1.2299e-12 0 1.32081e-12 0 1.40205e-12 0 1.47559e-12 0 1.54299e-12 0 1.60464e-12 0 1.66229e-12 0 1.71647e-12 0 1.76709e-12 0 1.81537e-12 0 1.86128e-12 0 1.90476e-12 0 1.94577e-12 0 1.98561e-12 0 2.02426e-12 0 2.06171e-12 0
318.653 1.28217e-14 1.28217e-14 1.12579e-21 8.7803e-08 -6.70421e-07 3.54432e-13 0 4.93402e-13 0 6.69379e-13 0 7.91383e-13 0 8.87846e-13 0 9.68567e-13 0 1.03783e-12 0 1.09964e-12 0 1.15553e-12 0 1.20671e-12 0 1.25348e-12 0 1.29718e-12 0 1.33822e-12 0 1.37655e-12 0 1.41309e-12 0 1.44782e-12 0 1.48069e-12 0 1.51169e-12 0 1.54179e-12 0 1.57099e-12 0 1.59926e-12 0
335.009 1.16377e-14 1.16377e-14 9.22113e-22 7.92349e-08 -6.18088e-07 2.8806e-13 0 3.96049e-13 0 5.3156e-13 0 6.24951e-13 0 6.98547e-13 0 7.59996e-13 0 8.12634e-13 0 8.59551e-13 0 9.01931e-13 0 9.40697e-13 0 9.76101e-13 0 1.00916e-12 0 1.0402e-12 0 1.06916e-12 0 1.09676e-12 0 1.12298e-12 0 1.14779e-12 0 1.17118e-12 0 1.19388e-12 0 1.21589e-12 0 1.2372e-12 0
352.205 1.05596e-14 1.05596e-14 7.55204e-22 7.15182e-08 -6.16815e-07 2.32793e-13 0 3.16351e-13 0 4.20334e-13 0 4.91606e-13 0 5.47603e-13 0 5.94262e-13 0 6.34171e-13 0 6.69701e-13 0 7.01764e-13 0 7.31069e-13 0 7.57816e-13 0 7.82777e-13 0 8.06194e-13 0 8.28038e-13 0 8.48848e-13 0 8.68606e-13 0 8.87299e-13 0 9.04913e-13 0 9.22008e-13 0 9.38577e-13 0 9.54615e-13 0
370.284 9.57921e-15 9.57921e-15 6.18477e-22 6.45645e-08 -5.93318e-07 1.87145e-13 0 2.5155e-13 0 3.31089e-13 0 3.85336e-13 0 4.27838e-13 0 4.63187e-13 0 4.93382e-13 0 5.20234e-13 0 5.44445e-13 0 5.66557e-13 0 5.86726e-13 0 6.05539e-13 0 6.2318e-13 0 6.39628e-13 0 6.55292e-13 0 6.70159e-13 0 6.8422e-13 0 6.97466e-13 0 7.10318e-13 0 7.22771e-13 0 7.34823e-13 0
389.291 8.68765e-15 8.68765e-15 5.065e-22 5.83012e-08 -5.89899e-07 1.49704e-13 0 1.9917e-13 0 2.59833e-13 0 3.01018e-13 0 3.33205e-13 0 3.5993e-13 0 3.82729e-13 0 4.02985e-13 0 4.21234e-13 0 4.3789e-13 0 4.53073e-13 0 4.67229e-13 0 4.80497e-13 0 4.92864e-13 0 5.04636e-13 0 5.15806e-13 0 5.26368e-13 0 5.36314e-13 0 5.45963e-13 0 5.5531e-13 0 5.64354e-13 0
409.273 7.87712e-15 7.87712e-15 4.14764e-22 5.26543e-08 -5.61303e-07 1.19196e-13 0 1.57063e-13 0 2.03206e-13 0 2.34402e-13 0 2.58726e-13 0 2.78892e-13 0 2.96076e-13 0 3.11329e-13 0 3.25062e-13 0 3.37588e-13 0 3.49001e-13 0 3.59636e-13 0 3.69601e-13 0 3.78885e-13 0 3.87721e-13 0 3.96102e-13 0 4.04024e-13 0 4.11483e-13 0 4.18718e-13 0 4.25724e-13 0 4.32502e-13 0
430.281 7.14091e-15 7.14091e-15 3.39634e-22 4.75617e-08 -5.00672e-07 9.44966e-14 0 1.23399e-13 0 1.58411e-13 0 1.81992e-13 0 2.00342e-13 0 2.15532e-13 0 2.28463e-13 0 2.39932e-13 0 2.5025e-13 0 2.59657e-13 0 2.68224e-13 0 2.76204e-13 0 2.83678e-13 0 2.9064e-13 0 2.97263e-13 0 3.03544e-13 0 3.09479e-13 0 3.15067e-13 0 3.20485e-13 0 3.25731e-13 0 3.30805e-13 0
452.368 6.47202e-15 6.47202e-15 2.78086e-22 4.29674e-08 -5.08152e-07 7.46077e-14 0 9.66057e-14 0 1.23113e-13 0 1.40904e-13 0 1.54721e-13 0 1.66145e-13 0 1.7586e-13 0 1.84471e-13 0 1.92214e-13 0 1.99269e-13 0 2.05691e-13 0 2.11671e-13 0 2.1727e-13 0 2.22484e-13 0 2.27442e-13 0 2.32144e-13 0 2.36586e-13 0 2.40767e-13 0 2.4482e-13 0 2.48744e-13 0 2.52539e-13 0
475.588 5.86515e-15 5.86515e-15 2.27703e-22 3.88231e-08 -5.00825e-07 5.86846e-14 0 7.53871e-14 0 9.54154e-14 0 1.08816e-13 0 1.19205e-13 0 1.27784e-13 0 1.35074e-13 0 1.41532e-13 0 1.47334e-13 0 1.5262e-13 0 1.57429e-13 0 1.61905e-13 0 1.66095e-13 0 1.69996e-13 0 1.73705e-13 0 1.77221e-13 0 1.80543e-13 0 1.83668e-13 0 1.86697e-13 0 1.8963e-13 0 1.92466e-13 0
500 5.31412e-15 5.31412e-15 1.86433e-22 3.50826e-08 -4.52101e-07 4.59933e-14 0 5.86456e-14 0 7.375e-14 0 8.38267e-14 0 9.16267e-14 0 9.80614e-14 0 1.03525e-13 0 1.08361e-13 0 1.12705e-13 0 1.1666e-13 0 1.20257e-13 0 1.23605e-13 0 1.26738e-13 0 1.29653e-13 0 1.32425e-13 0 1.35052e-13 0 1.37533e-13 0 1.39867e-13 0 1.42129e-13 0 1.44319e-13 0 1.46436e-13 0
525.665 4.81437e-15 4.81437e-15 1.52651e-22 3.17074e-08 -5.0172e-07 3.59278e-14 0 4.54926e-14 0 5.68648e-14 0 6.44318e-14 0 7.02807e-14 0 7.51013e-14 0 7.91914e-14 0 8.28099e-14 0 8.60586e-14 0 8.90152e-14 0 9.17037e-14 0 9.42049e-14 0 9.65448e-14 0 9.87221e-14 0 1.00792e-13 0 1.02753e-13 0 1.04604e-13 0 1.06346e-13 0 1.08035e-13 0 1.09668e-13 0 1.11247e-13 0
552.648 4.3611e-15 4.3611e-15 1.24982e-22 2.86583e-08 -4.27581e-07 2.79776e-14 0 3.51946e-14 0 4.37439e-14 0 4.94189e-14 0 5.37998e-14 0 5.74072e-14 0 6.0466e-14 0 6.31708e-14 0 6.55982e-14 0 6.78066e-14 0 6.98141e-14 0 7.16813e-14 0 7.34278e-14 0 7.50525e-14 0 7.65966e-14 0 7.80594e-14 0 7.94406e-14 0 8.07397e-14 0 8.19985e-14 0 8.32165e-14 0 8.43938e-14 0
581.015 3.94981e-15 3.94981e-15 1.02317e-22 2.59042e-08 -3.88278e-07 2.17216e-14 0 2.71574e-14 0 3.35751e-14 0 3.78259e-14 0 4.11035e-14 0 4.38003e-14 0 4.60857e-14 0 4.81056e-14 0 4.99177e-14 0 5.15658e-14 0 5.30636e-14 0 5.44564e-14 0 5.57588e-14 0 5.69703e-14 0 5.81214e-14 0 5.92119e-14 0 6.02413e-14 0 6.12094e-14 0 6.21473e-14 0 6.30549e-14 0 6.3932e-14 0
610.839 3.57711e-15 3.57711e-15 8.37691e-23 2.34181e-08 -3.48085e-07 1.68191e-14 0 2.0907e-14 0 2.57187e-14 0 2.88995e-14 0 3.13495e-14 0 3.33638e-14 0 3.50699e-14 0 3.65773e-14 0 3.79291e-14 0 3.91582e-14 0 4.0275e-14 0 4.13132e-14 0 4.22839e-14 0 4.31867e-14 0 4.40444e-14 0 4.48568e-14 0 4.56236e-14 0 4.63447e-14 0 4.70432e-14 0 4.7719e-14 0 4.83721e-14 0
642.193 3.23922e-15 3.23922e-15 6.85803e-23 2.11719e-08 -3.77441e-07 1.29893e-14 0 1.60592e-14 0 1.96626e-14 0 2.20404e-14 0 2.38701e-14 0 2.53734e-14 0 2.66461e-14 0 2.77702e-14 0 2.87779e-14 0 2.96939e-14 0 3.05261e-14 0 3.12995e-14 0 3.20226e-14 0 3.26949e-14 0 3.33336e-14 0 3.39384e-14 0 3.45093e-14 0 3.50461e-14 0 3.5566e-14 0 3.6069e-14 0 3.65551e-14 0
675.157 2.93303e-15 2.93303e-15 5.61448e-23 1.91422e-08 -3.25834e-07 1.00076e-14 0 1.231e-14 0 1.50057e-14 0 1.67817e-14 0 1.8147e-14 0 1.92682e-14 0 2.0217e-14 0 2.10546e-14 0 2.18054e-14 0 2.24877e-14 0 2.31074e-14 0 2.36833e-14 0 2.42215e-14 0 2.4722e-14 0 2.51974e-14 0 2.56475e-14 0 2.60723e-14 0 2.64717e-14 0 2.68585e-14 0 2.72327e-14 0 2.75942e-14 0
709.813 2.65551e-15 2.65551e-15 4.5962e-23 1.73081e-08 -1.62157e-07 7.69266e-15 0 9.41739e-15 0 1.14321e-14 0 1.27575e-14 0 1.37756e-14 0 1.46112e-14 0 1.5318e-14 0 1.59418e-14 0 1.65008e-14 0 1.70087e-14 0 1.747e-14 0 1.78985e-14 0 1.8299e-14 0 1.86714e-14 0 1.9025e-14 0 1.93598e-14 0 1.96757e-14 0 1.99728e-14 0 2.02604e-14 0 2.05387e-14 0 2.08075e-14 0
746.248 2.40423e-15 2.40423e-15 3.76266e-23 1.56502e-08 -2.52075e-07 5.90104e-15 0 7.19172e-15 0 8.69629e-15 0 9.68472e-15 0 1.04434e-14 0 1.10659e-14 0 1.15922e-14 0 1.20565e-14 0 1.24726e-14 0 1.28505e-14 0 1.31936e-14 0 1.35124e-14 0 1.38103e-14 0 1.40872e-14 0 1.43502e-14 0 1.45992e-14 0 1.48341e-14 0 1.50549e-14 0 1.52687e-14 0 1.54756e-14 0 1.56754e-14 0
784.553 2.17648e-15 2.17648e-15 3.0802e-23 1.41522e-08 -2.33451e-07 4.51745e-15 0 5.48232e-15 0 6.60497e-15 0 7.3416e-15 0 7.90667e-15 0 8.37001e-15 0 8.76169e-15 0 9.10719e-15 0 9.41665e-15 0 9.69773e-15 0 9.95289e-15 0 1.01899e-14 0 1.04114e-14 0 1.06172e-14 0 1.08127e-14 0 1.09977e-14 0 1.11723e-14 0 1.13364e-14 0 1.14953e-14 0 1.1649e-14 0 1.17975e-14 0
824.824 1.97015e-15 1.97015e-15 2.52143e-23 1.27982e-08 -3.13421e-07 3.45175e-15 0 4.17241e-15 0 5.00947e-15 0 5.55812e-15 0 5.97873e-15 0 6.32348e-15 0 6.61482e-15 0 6.87176e-15 0 7.10185e-15 0 7.31081e-15 0 7.50047e-15 0 7.67664e-15 0 7.84123e-15 0 7.99419e-15 0 8.13942e-15 0 8.27689e-15 0 8.40659e-15 0 8.5285e-15 0 8.64654e-15 0 8.7607e-15 0 8.87097e-15 0
867.163 1.78341e-15 1.78341e-15 2.06403e-23 1.15735e-08 -3.55983e-07 2.633e-15 0 3.17086e-15 0 3.79463e-15 0 4.20306e-15 0 4.51601e-15 0 4.77243e-15 0 4.98906e-15 0 5.18007e-15 0 5.3511e-15 0 5.50639e-15 0 5.64733e-15 0 5.77823e-15 0 5.90051e-15 0 6.01414e-15 0 6.12202e-15 0 6.22414e-15 0 6.32047e-15 0 6.41101e-15 0 6.49868e-15 0 6.58346e-15 0 6.66535e-15 0
911.674 1.61416e-15 1.61416e-15 1.6896e-23 1.04674e-08 -2.95786e-07 2.00498e-15 0 2.40608e-15 0 2.8706e-15 0 3.17448e-15 0 3.4072e-15 0 3.59782e-15 0 3.75883e-15 0 3.90077e-15 0 4.02784e-15 0 4.1432e-15 0 4.24789e-15 0 4.34512e-15 0 4.43593e-15 0 4.52031e-15 0 4.60042e-15 0 4.67624e-15 0 4.74777e-15 0 4.81499e-15 0 4.88007e-15 0 4.94301e-15 0 5.0038e-15 0
958.471 1.46092e-15 1.46092e-15 1.38312e-23 9.46746e-09 -1.54118e-07 1.5244e-15 0 1.82333e-15 0 2.16907e-15 0 2.39506e-15 0 2.56806e-15 0 2.70972e-15 0 2.82934e-15 0 2.93478e-15 0 3.02916e-15 0 3.11484e-15 0 3.19258e-15 0 3.26477e-15 0 3.3322e-15 0 3.39484e-15 0 3.45432e-15 0 3.5106e-15 0 3.56369e-15 0 3.61359e-15 0 3.6619e-15 0 3.70861e-15 0 3.75373e-15 0
1007.67 1.32229e-15 1.32229e-15 1.1321e-23 8.56164e-09 -7.16995e-08 1.15743e-15 0 1.38009e-15 0 1.63732e-15 0 1.80534e-15 0 1.9339e-15 0 2.03915e-15 0 2.12801e-15 0 2.20632e-15 0 2.27641e-15 0 2.34002e-15 0 2.39774e-15 0 2.45134e-15 0 2.50139e-15 0 2.5479e-15 0 2.59204e-15 0 2.63382e-15 0 2.67322e-15 0 2.71025e-15 0 2.7461e-15 0 2.78077e-15 0 2.81425e-15 0
1059.39 1.19675e-15 1.19675e-15 9.26804e-24 7.74432e-09 -1.80885e-07 8.77573e-16 0 1.04334e-15 0 1.23463e-15 0 1.3595e-15 0 1.45501e-15 0 1.53318e-15 0 1.59916e-15 0 1.65731e-15 0 1.70934e-15 0 1.75656e-15 0 1.79941e-15 0 1.83919e-15 0 1.87633e-15 0 1.91085e-15 0 1.94361e-15 0 1.97461e-15 0 2.00385e-15 0 2.03132e-15 0 2.05792e-15 0 2.08365e-15 0 2.10849e-15 0
1113.77 1.08292e-15 1.08292e-15 7.58499e-24 7.00419e-09 -2.71832e-07 6.64421e-16 0 7.87743e-16 0 9.29928e-16 0 1.02268e-15 0 1.0936e-15 0 1.15163e-15 0 1.20061e-15 0 1.24376e-15 0 1.28238e-15 0 1.31742e-15 0 1.34921e-15 0 1.37872e-15 0 1.40628e-15 0 1.43189e-15 0 1.45619e-15 0 1.47919e-15 0 1.50088e-15 0 1.52126e-15 0 1.54099e-15 0 1.56006e-15 0 1.57849e-15 0
1170.94 9.80005e-16 9.80005e-16 6.20862e-24 6.3353e-09 -3.43772e-07 5.0249e-16 0 5.94207e-16 0 6.99861e-16 0 7.68744e-16 0 8.21401e-16 0 8.64477e-16 0 9.00829e-16 0 9.32853e-16 0 9.61505e-16 0 9.87506e-16 0 1.01109e-15 0 1.03299e-15 0 1.05343e-15 0 1.07243e-15 0 1.09045e-15 0 1.10751e-15 0 1.1236e-15 0 1.13872e-15 0 1.15335e-15 0 1.1675e-15 0 1.18116e-15 0
1231.05 8.8687e-16 8.8687e-16 5.08229e-24 5.73059e-09 -3.76555e-08 3.79601e-16 0 4.47788e-16 0 5.26275e-16 0 5.7742e-16 0 6.16506e-16 0 6.48475e-16 0 6.7545e-16 0 6.99211e-16 0 7.20469e-16 0 7.39758e-16 0 7.57255e-16 0 7.73497e-16 0 7.88662e-16 0 8.0275e-16 0 8.1612e-16 0 8.28771e-16 0 8.40703e-16 0 8.51914e-16 0 8.62767e-16 0 8.7326e-16 0 8.83393e-16 0
1294.24 8.02644e-16 8.02644e-16 4.16099e-24 5.1841e-09 -2.65852e-07 2.86485e-16 0 3.37164e-16 0 3.95458e-16 0 4.33426e-16 0 4.62436e-16 0 4.8616e-16 0 5.06175e-16 0 5.23803e-16 0 5.39574e-16 0 5.53883e-16 0 5.66861e-16 0 5.78908e-16 0 5.90157e-16 0 6.00605e-16 0 6.10521e-16 0 6.19904e-16 0 6.28752e-16 0 6.37067e-16 0 6.45114e-16 0 6.52896e-16 0 6.6041e-16 0
1360.67 7.26307e-16 7.26307e-16 3.40593e-24 4.68939e-09 -1.46449e-07 2.15964e-16 0 2.53613e-16 0 2.96891e-16 0 3.25069e-16 0 3.46592e-16 0 3.64192e-16 0 3.79038e-16 0 3.92113e-16 0 4.03809e-16 0 4.14421e-16 0 4.24045e-16 0 4.32978e-16 0 4.41319e-16 0 4.49067e-16 0 4.56419e-16 0 4.63376e-16 0 4.69936e-16 0 4.761e-16 0 4.82067e-16 0 4.87836e-16 0 4.93407e-16 0
1430.51 6.57242e-16 6.57242e-16 2.78809e-24 4.24211e-09 8.06988e-08 1.62652e-16 0 1.90614e-16 0 2.22739e-16 0 2.43646e-16 0 2.59613e-16 0 2.72668e-16 0 2.83679e-16 0 2.93375e-16 0 3.02049e-16 0 3.09918e-16 0 3.17054e-16 0 3.23678e-16 0 3.29862e-16 0 3.35606e-16 0 3.41057e-16 0 3.46215e-16 0 3.51079e-16 0 3.55649e-16 0 3.60072e-16 0 3.64348e-16 0 3.68478e-16 0
1503.94 5.94709e-16 5.94709e-16 2.28214e-24 3.83741e-09 -7.18512e-08 1.22386e-16 0 1.43147e-16 0 1.66986e-16 0 1.82496e-16 0 1.94338e-16 0 2.0402e-16 0 2.12185e-16 0 2.19375e-16 0 2.25806e-16 0 2.3164e-16 0 2.3693e-16 0 2.41841e-16 0 2.46426e-16 0 2.50684e-16 0 2.54725e-16 0 2.58548e-16 0 2.62153e-16 0 2.65541e-16 0 2.68819e-16 0 2.71989e-16 0 2.7505e-16 0
1581.14 5.38142e-16 5.38142e-16 1.86818e-24 3.47153e-09 3.97363e-07 9.20137e-17 0 1.07425e-16 0 1.25113e-16 0 1.36617e-16 0 1.454e-16 0 1.52579e-16 0 1.58633e-16 0 1.63964e-16 0 1.68732e-16 0 1.73057e-16 0 1.76979e-16 0 1.80619e-16 0 1.84018e-16 0 1.87174e-16 0 1.90169e-16 0 1.93003e-16 0 1.95676e-16 0 1.98187e-16 0 2.00617e-16 0 2.02966e-16 0 2.05235e-16 0
1662.3 4.86934e-16 4.86934e-16 1.52919e-24 3.14045e-09 3.42415e-09 6.91217e-17 0 8.05591e-17 0 9.368e-17 0 1.02212e-16 0 1.08724e-16 0 1.14047e-16 0 1.18535e-16 0 1.22487e-16 0 1.26021e-16 0 1.29227e-16 0 1.32135e-16 0 1.34833e-16 0 1.37352e-16 0 1.39691e-16 0 1.41911e-16 0 1.44012e-16 0 1.45992e-16 0 1.47853e-16 0 1.49654e-16 0 1.51396e-16 0 1.53077e-16 0
1747.63 4.40626e-16 4.40626e-16 1.25187e-24 2.84111e-09 -7.9774e-08 5.18895e-17 0 6.03764e-17 0 7.01088e-17 0 7.64356e-17 0 8.12643e-17 0 8.52104e-17 0 8.85379e-17 0 9.14675e-17 0 9.40874e-17 0 9.64639e-17 0 9.86189e-17 0 1.00619e-16 0 1.02486e-16 0 1.0422e-16 0 1.05865e-16 0 1.07422e-16 0 1.0889e-16 0 1.10269e-16 0 1.11604e-16 0 1.12894e-16 0 1.1414e-16 0
1837.33 3.98675e-16 3.98675e-16 1.0247e-24 2.57027e-09 8.24733e-07 3.89215e-17 0 4.52173e-17 0 5.24345e-17 0 5.71251e-17 0 6.07047e-17 0 6.36297e-17 0 6.60961e-17 0 6.82674e-17 0 7.02091e-17 0 7.19704e-17 0 7.35674e-17 0 7.50495e-17 0 7.64331e-17 0 7.77181e-17 0 7.89374e-17 0 8.00909e-17 0 8.11787e-17 0 8.22006e-17 0 8.31897e-17 0 8.41459e-17 0 8.50693e-17 0
1931.64 3.60759e-16 3.60759e-16 8.38914e-25 2.32541e-09 -3.19468e-07 2.91784e-17 0 3.38486e-17 0 3.92005e-17 0 4.26782e-17 0 4.53318e-17 0 4.75001e-17 0 4.93282e-17 0 5.09375e-17 0 5.23767e-17 0 5.3682e-17 0 5.48657e-17 0 5.59641e-17 0 5.69895e-17 0 5.79418e-17 0 5.88454e-17 0 5.97002e-17 0 6.05063e-17 0 6.12636e-17 0 6.19966e-17 0 6.27052e-17 0 6.33894e-17 0
2030.79 3.26425e-16 3.26425e-16 6.8672e-25 2.10376e-09 4.32233e-07 2.18589e-17 0 2.53225e-17 0 2.92906e-17 0 3.18685e-17 0 3.38354e-17 0 3.54424e-17 0 3.67972e-17 0 3.79899e-17 0 3.90565e-17 0 4.00238e-17 0 4.09009e-17 0 4.17149e-17 0 4.24747e-17 0 4.31803e-17 0 4.38499e-17 0 4.44833e-17 0 4.50806e-17 0 4.56417e-17 0 4.61848e-17 0 4.67099e-17 0 4.72168e-17 0
2135.03 2.95362e-16 2.95362e-16 5.62159e-25 1.90329e-09 -6.09317e-07 1.6366e-17 0 1.89345e-17 0 2.18762e-17 0 2.3787e-17 0 2.52448e-17 0 2.64358e-17 0 2.74398e-17 0 2.83237e-17 0 2.9114e-17 0 2.98308e-17 0 3.04808e-17 0 3.10839e-17 0 3.16469e-17 0 3.21698e-17 0 3.26659e-17 0 3.31352e-17 0 3.35778e-17 0 3.39936e-17 0 3.4396e-17 0 3.4785e-17 0 3.51606e-17 0
2244.63 2.67229e-16 2.67229e-16 4.60115e-25 1.7218e-09 -1.74812e-07 1.22454e-17 0 1.41496e-17 0 1.63301e-17 0 1.77462e-17 0 1.88265e-17 0 1.9709e-17 0 2.0453e-17 0 2.11079e-17 0 2.16934e-17 0 2.22245e-17 0 2.27061e-17 0 2.31529e-17 0 2.35701e-17 0 2.39574e-17 0 2.4325e-17 0 2.46727e-17 0 2.50006e-17 0 2.53086e-17 0 2.56067e-17 0 2.58949e-17 0 2.61732e-17 0
2359.84 2.41791e-16 2.41791e-16 3.76648e-25 1.55774e-09 -1.48946e-07 9.158e-18 0 1.05697e-17 0 1.21859e-17 0 1.32354e-17 0 1.40359e-17 0 1.46899e-17 0 1.52411e-17 0 1.57264e-17 0 1.61603e-17 0 1.65538e-17 0 1.69106e-17 0 1.72416e-17 0 1.75507e-17 0 1.78377e-17 0 1.811e-17 0 1.83676e-17 0 1.86105e-17 0 1.88387e-17 0 1.90596e-17 0 1.92731e-17 0 1.94793e-17 0
2480.97 2.1878e-16 2.1878e-16 3.08325e-25 1.40929e-09 -5.57623e-07 6.84575e-18 0 7.89227e-18 0 9.09011e-18 0 9.86787e-18 0 1.04611e-17 0 1.09457e-17 0 1.13541e-17 0 1.17137e-17 0 1.20352e-17 0 1.23267e-17 0 1.25911e-17 0 1.28364e-17 0 1.30653e-17 0 1.3278e-17 0 1.34797e-17 0 1.36706e-17 0 1.38505e-17 0 1.40196e-17 0 1.41832e-17 0 1.43414e-17 0 1.44941e-17 0
2608.32 1.97948e-16 1.97948e-16 2.52375e-25 1.27496e-09 -6.9818e-07 5.11459e-18 0 5.89027e-18 0 6.77796e-18 0 7.35427e-18 0 7.79381e-18 0 8.15284e-18 0 8.45548e-18 0 8.72186e-18 0 8.96003e-18 0 9.17603e-18 0 9.37187e-18 0 9.55359e-18 0 9.72322e-18 0 9.88074e-18 0 1.00302e-17 0 1.01716e-17 0 1.03049e-17 0 1.04302e-17 0 1.05514e-17 0 1.06685e-17 0 1.07817e-17 0
2742.21 1.79099e-16 1.79099e-16 2.06588e-25 1.15349e-09 4.25973e-09 3.81948e-18 0 4.39438e-18 0 5.05218e-18 0 5.4792e-18 0 5.80486e-18 0 6.07086e-18 0 6.29507e-18 0 6.49242e-18 0 6.66887e-18 0 6.82888e-18 0 6.97396e-18 0 7.10859e-18 0 7.23425e-18 0 7.35094e-18 0 7.46166e-18 0 7.5664e-18 0 7.66516e-18 0 7.75793e-18 0 7.84772e-18 0 7.93453e-18 0 8.01834e-18 0
2882.97 1.62034e-16 1.62034e-16 1.6908e-25 1.04349e-09 -3.77804e-08 2.85093e-18 0 3.27695e-18 0 3.76435e-18 0 4.08071e-18 0 4.32197e-18 0 4.51903e-18 0 4.68512e-18 0 4.83131e-18 0 4.96202e-18 0 5.08055e-18 0 5.18802e-18 0 5.28774e-18 0 5.38082e-18 0 5.46726e-18 0 5.54927e-18 0 5.62685e-18 0 5.70001e-18 0 5.76873e-18 0 5.83524e-18 0 5.89953e-18 0 5.96161e-18 0
3030.95 1.46613e-16 1.46613e-16 1.38412e-25 9.44061e-10 1.44354e-06 2.12738e-18 0 2.4431e-18 0 2.80426e-18 0 3.03866e-18 0 3.21741e-18 0 3.3634e-18 0 3.48646e-18 0 3.59476e-18 0 3.69159e-18 0 3.77941e-18 0 3.85902e-18 0 3.9329e-18 0 4.00185e-18 0 4.06589e-18 0 4.12664e-18 0 4.18411e-18 0 4.2383e-18 0 4.28921e-18 0 4.33848e-18 0 4.38611e-18 0 4.43209e-18 0
3186.53 1.32646e-16 1.32646e-16 1.13294e-25 8.54106e-10 1.29194e-06 1.5867e-18 0 1.82065e-18 0 2.08822e-18 0 2.26188e-18 0 2.39429e-18 0 2.50244e-18 0 2.5936e-18 0 2.67382e-18 0 2.74555e-18 0 2.8106e-18 0 2.86957e-18 0 2.92429e-18 0 2.97537e-18 0 3.0228e-18 0 3.0678e-18 0 3.11037e-18 0 3.15051e-18 0 3.18822e-18 0 3.22471e-18 0 3.25999e-18 0 3.29405e-18 0
3350.09 1.20013e-16 1.20013e-16 9.27371e-26 7.72724e-10 -2.45696e-07 1.18304e-18 0 1.35638e-18 0 1.55462e-18 0 1.68327e-18 0 1.78136e-18 0 1.86148e-18 0 1.929e-18 0 1.98843e-18 0 2.04156e-18 0 2.08974e-18 0 2.13343e-18 0 2.17396e-18 0 2.21179e-18 0 2.24692e-18 0 2.28026e-18 0 2.31179e-18 0 2.34152e-18 0 2.36945e-18 0 2.39648e-18 0 2.42261e-18 0 2.44784e-18 0
3522.05 1.08583e-16 1.08583e-16 7.59101e-26 6.99097e-10 1.49069e-06 8.81771e-19 0 1.0102e-18 0 1.15707e-18 0 1.25237e-18 0 1.32503e-18 0 1.38438e-18 0 1.4344e-18 0 1.47842e-18 0 1.51778e-18 0 1.55347e-18 0 1.58582e-18 0 1.61585e-18 0 1.64387e-18 0 1.66989e-18 0 1.69458e-18 0 1.71794e-18 0 1.73996e-18 0 1.76065e-18 0 1.78067e-18 0 1.80002e-18 0 1.81871e-18 0
3702.84 9.8243e-17 9.8243e-17 6.21351e-26 6.32463e-10 -1.751e-06 6.57016e-19 0 7.5217e-19 0 8.60973e-19 0 9.31571e-19 0 9.854e-19 0 1.02936e-18 0 1.06641e-18 0 1.09902e-18 0 1.12817e-18 0 1.15461e-18 0 1.17857e-18 0 1.20081e-18 0 1.22157e-18 0 1.24085e-18 0 1.25913e-18 0 1.27643e-18 0 1.29274e-18 0 1.30807e-18 0 1.3229e-18 0 1.33723e-18 0 1.35107e-18 0
3892.91 8.88855e-17 8.88855e-17 5.08598e-26 5.72195e-10 5.96458e-07 4.89389e-19 0 5.59884e-19 0 6.40484e-19 0 6.9278e-19 0 7.32653e-19 0 7.65215e-19 0 7.92659e-19 0 8.16812e-19 0 8.38404e-19 0 8.57986e-19 0 8.75738e-19 0 8.9221e-19 0 9.07584e-19 0 9.21861e-19 0 9.35406e-19 0 9.4822e-19 0 9.60301e-19 0 9.71651e-19 0 9.82635e-19 0 9.93253e-19 0 1.0035e-18 0
4092.73 8.04185e-17 8.04185e-17 4.16288e-26 5.17653e-10 -6.48458e-07 3.64418e-19 0 4.16642e-19 0 4.76348e-19 0 5.15085e-19 0 5.44619e-19 0 5.68738e-19 0 5.89065e-19 0 6.06955e-19 0 6.22948e-19 0 6.37451e-19 0 6.506e-19 0 6.628e-19 0 6.74187e-19 0 6.84762e-19 0 6.94794e-19 0 7.04284e-19 0 7.13233e-19 0 7.21639e-19 0 7.29774e-19 0 7.37638e-19 0 7.45231e-19 0
4302.81 7.27574e-17 7.27574e-17 3.40737e-26 4.68319e-10 -3.4202e-07 2.71284e-19 0 3.09971e-19 0 3.54197e-19 0 3.82891e-19 0 4.04766e-19 0 4.22631e-19 0 4.37687e-19 0 4.50937e-19 0 4.62783e-19 0 4.73525e-19 0 4.83263e-19 0 4.92299e-19 0 5.00733e-19 0 5.08565e-19 0 5.15995e-19 0 5.23024e-19 0 5.29652e-19 0 5.35878e-19 0 5.41903e-19 0 5.47727e-19 0 5.53351e-19 0
4523.68 6.58275e-17 6.58275e-17 2.7891e-26 4.23698e-10 5.57705e-06 2.01902e-19 0 2.30561e-19 0 2.63321e-19 0 2.84575e-19 0 3.00778e-19 0 3.1401e-19 0 3.25162e-19 0 3.34976e-19 0 3.43749e-19 0 3.51706e-19 0 3.58919e-19 0 3.65611e-19 0 3.71858e-19 0 3.77659e-19 0 3.83162e-19 0 3.88368e-19 0 3.93276e-19 0 3.97888e-19 0 4.0235e-19 0 4.06664e-19 0 4.10829e-19 0
4755.88 5.95552e-17 5.95552e-17 2.28277e-26 3.83302e-10 2.33096e-06 1.50223e-19 0 1.71451e-19 0 1.95716e-19 0 2.11458e-19 0 2.23459e-19 0 2.33259e-19 0 2.41519e-19 0 2.48787e-19 0 2.55285e-19 0 2.61178e-19 0 2.6652e-19 0 2.71477e-19 0 2.76103e-19 0 2.80399e-19 0 2.84475e-19 0 2.88331e-19 0 2.91966e-19 0 2.95381e-19 0 2.98686e-19 0 3.01881e-19 0 3.04966e-19 0
5000 5.38817e-17 5.38817e-17 1.8684e-26 3.4676e-10 -5.87882e-07 1.11746e-19 0 1.27471e-19 0 1.45444e-19 0 1.57104e-19 0 1.65992e-19 0 1.73251e-19 0 1.79368e-19 0 1.84752e-19 0 1.89564e-19 0 1.93929e-19 0 1.97885e-19 0 2.01556e-19 0 2.04983e-19 0 2.08165e-19 0 2.11183e-19 0 2.14039e-19 0 2.16731e-19 0 2.19261e-19 0 2.21708e-19 0 2.24074e-19 0 2.26359e-19 0
