# 2.6607e-06 1 75 : grain size, compostion index, size index
# Heating and cooling timescale: 12.0893 52328.4
# Ratio of heating to cooling to determine stochastic cutoff: 100
# Equilibrium emission is recorded even for those grains in the stochastic regime.
# Emission spectrum was computed for: 
# Type: IRSF
# Scales: 0.25 0.5 1 1.5 2 2.5 3 3.5 4 4.5 5 5.5 6 6.5 7 7.5 8 8.5 9 9.5 10
# StochasticallyHeated: 0 0 0 0 0 0 0 0 0 0 0 0 0 0 0 0 0 0 0 0 0
# Temperature: -1
# Wavelength  CExt  CAbs  CSca  Albedo G EqEm1 StEm1 EqEm2 StEm2 EqEm3 StEm3 EqEm4 StEm4 EqEm5 StEm5 EqEm6 StEm6 EqEm7 StEm7 EqEm8 StEm8 EqEm9 StEm9 EqEm10 StEm10 EqEm11 StEm11 EqEm12 StEm12 EqEm13 StEm13 EqEm14 StEm14 EqEm15 StEm15 EqEm16 StEm16 EqEm17 StEm17 EqEm18 StEm18 EqEm19 StEm19 EqEm20 StEm20 EqEm21 StEm21
0.05 1.3041e-11 8.52422e-12 4.51675e-12 0.346351 0.137772 0 0 0 0 0 0 0 0 0 0 0 0 0 0 0 0 0 0 0 0 0 0 0 0 0 0 0 0 0 0 0 0 0 0 0 0 0 0 0 0 0 0
0.0525665 1.44141e-11 9.42178e-12 4.99234e-12 0.346351 0.152279 0 0 0 0 0 0 0 0 0 0 0 0 0 0 0 0 0 0 0 0 0 0 0 0 0 0 0 0 0 0 0 0 0 0 0 0 0 0 0 0 0 0
0.0552647 1.59319e-11 1.04139e-11 5.51801e-12 0.34635 0.168313 0 0 0 0 0 0 0 0 0 0 0 0 0 0 0 0 0 0 0 0 0 0 0 0 0 0 0 0 0 0 0 0 0 0 0 0 0 0 0 0 0 0
0.0581015 1.76094e-11 1.15104e-11 6.09903e-12 0.346351 0.186035 0 0 0 0 0 0 0 0 0 0 0 0 0 0 0 0 0 0 0 0 0 0 0 0 0 0 0 0 0 0 0 0 0 0 0 0 0 0 0 0 0 0
0.0610839 1.94636e-11 1.27224e-11 6.74123e-12 0.346351 0.205624 0 0 0 0 0 0 0 0 0 0 0 0 0 0 0 0 0 0 0 0 0 0 0 0 0 0 0 0 0 0 0 0 0 0 0 0 0 0 0 0 0 0
0.0642193 2.1513e-11 1.4062e-11 7.45104e-12 0.346351 0.227275 0 0 0 0 0 0 0 0 0 0 0 0 0 0 0 0 0 0 0 0 0 0 0 0 0 0 0 0 0 0 0 0 0 0 0 0 0 0 0 0 0 0
0.0675157 2.37782e-11 1.55426e-11 8.2356e-12 0.346351 0.251206 0 0 0 0 0 0 0 0 0 0 0 0 0 0 0 0 0 0 0 0 0 0 0 0 0 0 0 0 0 0 0 0 0 0 0 0 0 0 0 0 0 0
0.0709813 2.6282e-11 1.71792e-11 9.10277e-12 0.346351 0.277657 0 0 0 0 0 0 0 0 0 0 0 0 0 0 0 0 0 0 0 0 0 0 0 0 0 0 0 0 0 0 0 0 0 0 0 0 0 0 0 0 0 0
0.0746248 2.90493e-11 1.89881e-11 1.00612e-11 0.346351 0.306893 0 0 0 0 0 0 0 0 0 0 0 0 0 0 0 0 0 0 0 0 0 0 0 0 0 0 0 0 0 0 0 0 0 0 0 0 0 0 0 0 0 0
0.0784553 3.21081e-11 2.09874e-11 1.11206e-11 0.346351 0.339207 0 0 0 0 0 0 0 0 0 0 0 0 0 0 0 0 0 0 0 0 0 0 0 0 0 0 0 0 0 0 0 0 0 0 0 0 0 0 0 0 0 0
0.0824824 3.54889e-11 2.31973e-11 1.22916e-11 0.346351 0.374924 0 0 0 0 0 0 0 0 0 0 0 0 0 0 0 0 0 0 0 0 0 0 0 0 0 0 0 0 0 0 0 0 0 0 0 0 0 0 0 0 0 0
0.0867162 3.92257e-11 2.56399e-11 1.35859e-11 0.346351 0.414402 0 0 0 0 0 0 0 0 0 0 0 0 0 0 0 0 0 0 0 0 0 0 0 0 0 0 0 0 0 0 0 0 0 0 0 0 0 0 0 0 0 0
0.0911674 4.3356e-11 2.83396e-11 1.50164e-11 0.346351 0.458037 0 0 0 0 0 0 0 0 0 0 0 0 0 0 0 0 0 0 0 0 0 0 0 0 0 0 0 0 0 0 0 0 0 0 0 0 0 0 0 0 0 0
0.095847 4.79212e-11 3.13237e-11 1.65975e-11 0.346351 0.506266 0 0 0 0 0 0 0 0 0 0 0 0 0 0 0 0 0 0 0 0 0 0 0 0 0 0 0 0 0 0 0 0 0 0 0 0 0 0 0 0 0 0
0.100767 5.22183e-11 3.41138e-11 1.81044e-11 0.346707 0.546561 0 0 0 0 0 0 0 0 0 0 0 0 0 0 0 0 0 0 0 0 0 0 0 0 0 0 0 0 0 0 0 0 0 0 0 0 0 0 0 0 0 0
0.105939 5.26135e-11 3.41741e-11 1.84394e-11 0.350469 0.517423 0 0 0 0 0 0 0 0 0 0 0 0 0 0 0 0 0 0 0 0 0 0 0 0 0 0 0 0 0 0 0 0 0 0 0 0 0 0 0 0 0 0
0.111377 5.29011e-11 3.4079e-11 1.88222e-11 0.355799 0.487929 0 0 0 0 0 0 0 0 0 0 0 0 0 0 0 0 0 0 0 0 0 0 0 0 0 0 0 0 0 0 0 0 0 0 0 0 0 0 0 0 0 0
0.117094 5.31665e-11 3.38645e-11 1.93019e-11 0.363047 0.459464 0 0 0 0 0 0 0 0 0 0 0 0 0 0 0 0 0 0 0 0 0 0 0 0 0 0 0 0 0 0 0 0 0 0 0 0 0 0 0 0 0 0
0.123105 5.31218e-11 3.33507e-11 1.97712e-11 0.372185 0.433701 0 0 0 0 0 0 0 0 0 0 0 0 0 0 0 0 0 0 0 0 0 0 0 0 0 0 0 0 0 0 0 0 0 0 0 0 0 0 0 0 0 0
0.129424 5.22669e-11 3.23461e-11 1.99209e-11 0.381137 0.410852 0 0 0 0 0 0 0 0 0 0 0 0 0 0 0 0 0 0 0 0 0 0 0 0 0 0 0 0 0 0 0 0 0 0 0 0 0 0 0 0 0 0
0.136067 5.10585e-11 3.08596e-11 2.01989e-11 0.395603 0.390686 0 0 0 0 0 0 0 0 0 0 0 0 0 0 0 0 0 0 0 0 0 0 0 0 0 0 0 0 0 0 0 0 0 0 0 0 0 0 0 0 0 0
0.143051 4.77397e-11 2.76638e-11 2.0076e-11 0.420529 0.375723 0 0 0 0 0 0 0 0 0 0 0 0 0 0 0 0 0 0 0 0 0 0 0 0 0 0 0 0 0 0 0 0 0 0 0 0 0 0 0 0 0 0
0.150394 4.06653e-11 2.19404e-11 1.87249e-11 0.460465 0.374575 0 0 0 0 0 0 0 0 0 0 0 0 0 0 0 0 0 0 0 0 0 0 0 0 0 0 0 0 0 0 0 0 0 0 0 0 0 0 0 0 0 0
0.158114 3.09069e-11 1.49815e-11 1.59254e-11 0.51527 0.356032 0 0 0 0 0 0 0 0 0 0 0 0 0 0 0 0 0 0 0 0 0 0 0 0 0 0 0 0 0 0 0 0 0 0 0 0 0 0 0 0 0 0
0.16623 2.19753e-11 9.43008e-12 1.25452e-11 0.570878 0.309029 0 0 0 0 0 0 0 0 0 0 0 0 0 0 0 0 0 0 0 0 0 0 0 0 0 0 0 0 0 0 0 0 0 0 0 0 0 0 0 0 0 0
0.174762 1.59187e-11 6.34772e-12 9.57096e-12 0.601241 0.259481 0 0 0 0 0 0 0 0 0 0 0 0 0 0 0 0 0 0 0 0 0 0 0 0 0 0 0 0 0 0 0 0 0 0 0 0 0 0 0 0 0 0
0.183733 1.15013e-11 4.28535e-12 7.21594e-12 0.627403 0.219058 0 0 0 0 0 0 0 0 0 0 0 0 0 0 0 0 0 0 0 0 0 0 0 0 0 0 0 0 0 0 0 0 0 0 0 0 0 0 0 0 0 0
0.193164 8.51928e-12 3.08415e-12 5.43513e-12 0.63798 0.187937 0 0 0 0 0 0 0 0 0 0 0 0 0 0 0 0 0 0 0 0 0 0 0 0 0 0 0 0 0 0 0 0 0 0 0 0 0 0 0 0 0 0
0.203079 6.8395e-12 2.7218e-12 4.1177e-12 0.602047 0.163426 0 0 0 0 0 0 0 0 0 0 0 0 0 0 0 0 0 0 0 0 0 0 0 0 0 0 0 0 0 0 0 0 0 0 0 0 0 0 0 0 0 0
0.213503 5.68529e-12 2.51108e-12 3.17421e-12 0.55832 0.143483 0 0 0 0 0 0 0 0 0 0 0 0 0 0 0 0 0 0 0 0 0 0 0 0 0 0 0 0 0 0 0 0 0 0 0 0 0 0 0 0 0 0
0.224463 4.7956e-12 2.3019e-12 2.4937e-12 0.519998 0.127006 0 0 0 0 0 0 0 0 0 0 0 0 0 0 0 0 0 0 0 0 0 0 0 0 0 0 0 0 0 0 0 0 0 0 0 0 0 0 0 0 0 0
0.235984 4.1093e-12 2.13848e-12 1.97082e-12 0.479601 0.113184 0 0 0 0 0 0 0 0 0 0 0 0 0 0 0 0 0 0 0 0 0 0 0 0 0 0 0 0 0 0 0 0 0 0 0 0 0 0 0 0 0 0
0.248097 3.56374e-12 1.99828e-12 1.56546e-12 0.439275 0.10133 0 0 0 0 0 0 0 0 0 0 0 0 0 0 0 0 0 0 0 0 0 0 0 0 0 0 0 0 0 0 0 0 0 0 0 0 0 0 0 0 0 0
0.260832 3.13101e-12 1.87976e-12 1.25125e-12 0.399631 0.0909619 0 0 0 0 0 0 0 0 0 0 0 0 0 0 0 0 0 0 0 0 0 0 0 0 0 0 0 0 0 0 0 0 0 0 0 0 0 0 0 0 0 0
0.274221 2.77358e-12 1.76971e-12 1.00387e-12 0.361941 0.0817985 0 0 0 0 0 0 0 0 0 0 0 0 0 0 0 0 0 0 0 0 0 0 0 0 0 0 0 0 0 0 0 0 0 0 0 0 0 0 0 0 0 0
0.288297 2.47453e-12 1.66636e-12 8.08167e-13 0.326594 0.0736761 0 0 0 0 0 0 0 0 0 0 0 0 0 0 0 0 0 0 0 0 0 0 0 0 0 0 0 0 0 0 0 0 0 0 0 0 0 0 0 0 0 0
0.303095 2.22154e-12 1.56942e-12 6.52116e-13 0.293543 0.0664352 0 0 0 0 0 0 0 0 0 0 0 0 0 0 0 0 0 0 0 0 0 0 0 0 0 0 0 0 0 0 0 0 0 0 0 0 0 0 0 0 0 0
0.318653 2.00581e-12 1.47831e-12 5.27496e-13 0.262984 0.0599478 0 0 0 0 0 0 0 0 0 0 0 0 0 0 0 0 0 0 0 0 0 0 0 0 0 0 0 0 0 0 0 0 0 0 0 0 0 0 0 0 0 0
0.335009 1.8203e-12 1.39277e-12 4.27533e-13 0.234869 0.0541267 0 0 0 0 0 0 0 0 0 0 0 0 0 0 0 0 0 0 0 0 0 0 0 0 0 0 0 0 0 0 0 0 0 0 0 0 0 0 0 0 0 0
0.352205 1.65979e-12 1.31274e-12 3.47049e-13 0.209092 0.0488964 0 0 0 0 0 0 0 0 0 0 0 0 0 0 0 0 0 0 0 0 0 0 0 0 0 0 0 0 0 0 0 0 0 0 0 0 0 0 0 0 0 0
0.370284 1.52001e-12 1.23776e-12 2.82245e-13 0.185687 0.0441896 0 0 0 0 0 0 0 0 0 0 0 0 0 0 0 0 0 0 0 0 0 0 0 0 0 0 0 0 0 0 0 0 0 0 0 0 0 0 0 0 0 0
0.389291 1.39732e-12 1.16759e-12 2.2973e-13 0.164407 0.0399492 0 0 0 0 0 0 0 0 0 0 0 0 0 0 0 0 0 0 0 0 0 0 0 0 0 0 0 0 0 0 0 0 0 0 0 0 0 0 0 0 0 0
0.409273 1.28899e-12 1.10175e-12 1.87243e-13 0.145263 0.0361231 0 0 0 0 0 0 0 0 0 0 0 0 0 0 0 0 0 0 0 0 0 0 0 0 0 0 0 0 0 0 0 0 0 0 0 0 0 0 0 0 0 0
0.430281 1.19285e-12 1.04013e-12 1.52726e-13 0.128034 0.0326669 0 0 0 0 0 0 0 0 0 0 0 0 0 0 0 0 0 0 0 0 0 0 0 0 0 0 0 0 0 0 0 0 0 0 0 0 0 0 0 0 0 0
0.452368 1.10708e-12 9.82413e-13 1.24668e-13 0.11261 0.0295535 0 0 0 0 0 0 0 0 0 0 0 0 0 0 0 0 0 0 0 0 0 0 0 0 0 0 0 0 0 0 0 0 0 0 0 0 0 0 0 0 0 0
0.475588 1.03003e-12 9.28211e-13 1.01817e-13 0.0988489 0.0267369 0 0 0 0 0 0 0 0 0 0 0 0 0 0 0 0 0 0 0 0 0 0 0 0 0 0 0 0 0 0 0 0 0 0 0 0 0 0 0 0 0 0
0.5 9.60583e-13 8.77371e-13 8.32118e-14 0.0866264 0.024189 0 0 0 0 0 0 0 0 0 0 0 0 0 0 0 0 0 0 0 0 0 0 0 0 0 0 0 0 0 0 0 0 0 0 0 0 0 0 0 0 0 0
0.525665 8.97675e-13 8.29619e-13 6.80559e-14 0.0758135 0.0218846 0 0 0 0 0 0 0 0 0 0 0 0 0 0 0 0 0 0 0 0 0 0 0 0 0 0 0 0 0 0 0 0 0 0 0 0 0 0 0 0 0 0
0.552648 8.40365e-13 7.84672e-13 5.56928e-14 0.0662722 0.019802 0 0 0 0 0 0 0 0 0 0 0 0 0 0 0 0 0 0 0 0 0 0 0 0 0 0 0 0 0 0 0 0 0 0 0 0 0 0 0 0 0 0
0.581015 7.88133e-13 7.42569e-13 4.55634e-14 0.0578118 0.0179215 0 0 0 0 0 0 0 0 0 0 0 0 0 0 0 0 0 0 0 0 0 0 0 0 0 0 0 0 0 0 0 0 0 0 0 0 0 0 0 0 0 0
0.610839 7.40269e-13 7.02986e-13 3.72837e-14 0.050365 0.0162179 0 0 0 0 0 0 0 0 0 0 0 0 0 0 0 0 0 0 0 0 0 0 0 0 0 0 0 0 0 0 0 0 0 0 0 0 0 0 0 0 0 0
0.642193 6.95954e-13 6.65426e-13 3.05279e-14 0.0438648 0.0146746 0 0 0 0 0 0 0 0 0 0 0 0 0 0 0 0 0 0 0 0 0 0 0 0 0 0 0 0 0 0 0 0 0 0 0 0 0 0 0 0 0 0
0.675157 6.55226e-13 6.30229e-13 2.49968e-14 0.0381498 0.0132811 0 0 0 0 0 0 0 0 0 0 0 0 0 0 0 0 0 0 0 0 0 0 0 0 0 0 0 0 0 0 0 0 0 0 0 0 0 0 0 0 0 0
0.709813 6.1773e-13 5.97265e-13 2.04651e-14 0.0331294 0.0120199 0 0 0 0 0 0 0 0 0 0 0 0 0 0 0 0 0 0 0 0 0 0 0 0 0 0 0 0 0 0 0 0 0 0 0 0 0 0 0 0 0 0
0.746248 5.8303e-13 5.66271e-13 1.67586e-14 0.0287439 0.0108775 0 0 0 0 0 0 0 0 0 0 0 0 0 0 0 0 0 0 0 0 0 0 0 0 0 0 0 0 0 0 0 0 0 0 0 0 0 0 0 0 0 0
0.784553 5.50764e-13 5.37044e-13 1.37192e-14 0.0249095 0.00984252 0 0 0 0 0 0 0 0 0 0 0 0 0 0 0 0 0 0 0 0 0 0 0 0 0 0 0 0 0 0 0 0 0 0 0 0 0 0 0 0 0 0
0.824824 5.20735e-13 5.09502e-13 1.12329e-14 0.0215711 0.00890793 0 0 0 0 0 0 0 0 0 0 0 0 0 0 0 0 0 0 0 0 0 0 0 0 0 0 0 0 0 0 0 0 0 0 0 0 0 0 0 0 0 0
0.867162 4.92587e-13 4.8339e-13 9.19699e-15 0.0186708 0.00806228 0 0 0 0 0 0 0 0 0 0 0 0 0 0 0 0 0 0 0 0 0 0 0 0 0 0 0 0 0 0 0 0 0 0 0 0 0 0 0 0 0 0
0.911674 4.66606e-13 4.5908e-13 7.52632e-15 0.0161299 0.00729629 0 0 0 0 0 0 0 0 0 0 0 0 0 0 0 0 0 0 0 0 0 0 0 0 0 0 0 0 0 0 0 0 0 0 0 0 0 0 0 0 0 0
0.95847 4.4251e-13 4.36355e-13 6.15444e-15 0.013908 0.00660273 0 0 0 0 0 0 0 0 0 0 0 0 0 0 0 0 0 0 0 0 0 0 0 0 0 0 0 0 0 0 0 0 0 0 0 0 0 0 0 0 0 0
1.00767 4.19931e-13 4.14911e-13 5.02026e-15 0.011955 0.00597548 0 0 0 0 0 0 0 0 0 0 0 0 0 0 0 0 0 0 0 0 0 0 0 0 0 0 0 0 0 0 0 0 0 0 0 0 0 0 0 0 0 0
1.05939 4.0755e-13 4.03454e-13 4.09601e-15 0.0100503 0.00540797 0 0 0 0 0 0 0 0 0 0 0 0 0 0 0 0 0 0 0 0 0 0 0 0 0 0 0 0 0 0 0 0 0 0 0 0 0 0 0 0 0 0
1.11377 3.97207e-13 3.9386e-13 3.3468e-15 0.00842584 0.00489389 0 0 0 0 0 0 0 0 0 0 0 0 0 0 0 0 0 0 0 0 0 0 0 0 0 0 0 0 0 0 0 0 0 0 0 0 0 0 0 0 0 0
1.17094 3.88755e-13 3.86014e-13 2.74044e-15 0.00704927 0.00442825 0 0 0 0 0 0 0 0 0 0 0 0 0 0 0 0 0 0 0 0 0 0 0 0 0 0 0 0 0 0 0 0 0 0 0 0 0 0 0 0 0 0
1.23105 3.81306e-13 3.79063e-13 2.24308e-15 0.00588263 0.0040069 0 0 0 0 0 0 0 0 0 0 0 0 0 0 0 0 0 0 0 0 0 0 0 0 0 0 0 0 0 0 0 0 0 0 0 0 0 0 0 0 0 0
1.29424 3.73427e-13 3.7159e-13 1.83708e-15 0.0049195 0.00362572 0 0 0 0 0 0 0 0 0 0 0 0 0 0 0 0 0 0 0 0 0 0 0 0 0 0 0 0 0 0 0 0 0 0 0 0 0 0 0 0 0 0
1.36067 3.64799e-13 3.63288e-13 1.51105e-15 0.00414216 0.003281 0 0 0 0 0 0 0 0 0 0 0 0 0 0 0 0 0 0 0 0 0 0 0 0 0 0 0 0 0 0 0 0 0 0 0 0 0 0 0 0 0 0
1.43051 3.557e-13 3.5447e-13 1.2293e-15 0.003456 0.00296837 0 0 0 0 0 0 0 0 0 0 0 0 0 0 0 0 0 0 0 0 0 0 0 0 0 0 0 0 0 0 0 0 0 0 0 0 0 0 0 0 0 0
1.50394 3.46443e-13 3.45439e-13 1.00467e-15 0.00289996 0.00268561 0 0 0 0 0 0 0 0 0 0 0 0 0 0 0 0 0 0 0 0 0 0 0 0 0 0 0 0 0 0 0 0 0 0 0 0 0 0 0 0 0 0
1.58114 3.37556e-13 3.36734e-13 8.22022e-16 0.00243522 0.00243008 0 0 0 0 0 0 0 0 0 0 0 0 0 0 0 0 0 0 0 0 0 0 0 0 0 0 0 0 0 0 0 0 0 0 0 0 0 0 0 0 0 0
1.6623 3.29476e-13 3.28803e-13 6.7252e-16 0.00204118 0.00219842 0 0 0 0 0 0 0 0 0 0 0 0 0 0 0 0 0 0 0 0 0 0 0 0 0 0 0 0 0 0 0 0 0 0 0 0 0 0 0 0 0 0
1.74763 3.22634e-13 3.22084e-13 5.50142e-16 0.00170516 0.00198869 0 0 0 0 0 0 0 0 0 0 0 0 0 0 0 0 0 0 0 0 0 0 0 0 0 0 0 0 0 0 0 0 0 0 0 0 0 0 0 0 0 0
1.83733 3.17481e-13 3.17031e-13 4.49862e-16 0.00141697 0.00179871 0 0 0 0 0 0 0 0 0 0 0 0 0 0 0 0 0 0 0 0 0 0 0 0 0 0 0 0 0 0 0 0 0 0 0 0 0 0 0 0 0 0
1.93164 3.14243e-13 3.13875e-13 3.67714e-16 0.00117016 0.00162708 0 0 0 0 0 0 0 0 0 0 0 0 0 0 0 0 0 0 0 0 0 0 0 0 0 0 0 0 0 0 0 0 0 0 0 0 0 0 0 0 0 0
2.03079 3.12885e-13 3.12584e-13 3.00746e-16 0.000961204 0.00147178 0 0 0 0 0 0 0 0 0 0 0 0 0 0 0 0 0 0 0 0 0 0 0 0 0 0 0 0 0 0 0 0 0 0 0 0 0 0 0 0 0 0
2.13503 3.12974e-13 3.12728e-13 2.46206e-16 0.000786668 0.00133103 0 0 0 0 0 0 0 0 0 0 0 0 0 0 0 0 0 0 0 0 0 0 0 0 0 0 0 0 0 0 0 0 0 0 0 0 0 0 0 0 0 0
2.24463 3.13446e-13 3.13244e-13 2.01743e-16 0.000643631 0.00120355 0 0 0 0 0 0 0 0 0 0 0 0 0 0 0 0 0 0 0 0 0 0 0 0 0 0 0 0 0 0 0 0 0 0 0 0 0 0 0 0 0 0
2.35984 3.14029e-13 3.13863e-13 1.65406e-16 0.000526721 0.00108836 0 0 0 0 0 0 0 0 0 0 0 0 0 0 0 0 0 0 0 0 0 0 0 0 0 0 0 0 0 0 0 0 0 0 0 0 0 0 0 0 0 0
2.48097 3.15108e-13 3.14972e-13 1.35664e-16 0.000430532 0.000984 0 0 0 0 0 0 0 0 0 0 0 0 0 0 0 0 0 0 0 0 0 0 0 0 0 0 0 0 0 0 0 0 0 0 0 0 0 0 0 0 0 0
2.60832 3.1676e-13 3.16648e-13 1.11333e-16 0.000351475 0.000889528 0 0 0 0 0 0 0 0 0 0 0 0 0 0 0 0 0 0 0 0 0 0 0 0 0 0 0 0 0 0 0 0 0 0 0 0 0 0 0 0 0 0
2.74221 3.19366e-13 3.19275e-13 9.1443e-17 0.000286326 0.000804046 0 0 0 0 0 0 0 0 0 0 0 0 0 0 0 0 0 0 0 0 0 0 0 0 0 0 0 0 0 0 0 0 0 0 0 0 0 0 0 0 0 0
2.88297 3.22994e-13 3.22919e-13 7.52301e-17 0.000232915 0.000726628 0 0 0 0 0 0 0 0 0 0 0 0 0 0 0 0 0 0 0 0 0 0 0 0 0 0 0 0 0 0 0 0 0 0 0 0 0 0 0 0 0 0
3.03095 3.27557e-13 3.27495e-13 6.21302e-17 0.000189678 0.000656616 0 0 0 0 0 0 0 0 0 0 0 0 0 0 0 0 0 0 0 0 0 0 0 0 0 0 0 0 0 0 0 0 0 0 0 0 0 0 0 0 0 0
3.18653 3.29067e-13 3.29015e-13 5.14341e-17 0.000156303 0.000593231 0 0 0 0 0 0 0 0 0 0 0 0 0 0 0 0 0 0 0 0 0 0 0 0 0 0 0 0 0 0 0 0 0 0 0 0 0 0 0 0 0 0
3.35009 3.37322e-13 3.3728e-13 4.20517e-17 0.000124663 0.000535814 0 0 0 0 0 0 0 0 0 0 0 0 0 0 0 0 0 0 0 0 0 0 0 0 0 0 0 0 0 0 0 0 0 0 0 0 0 0 0 0 0 0
3.52205 3.36085e-13 3.36049e-13 3.65895e-17 0.00010887 0.000483839 0 0 0 0 0 0 0 0 0 0 0 0 0 0 0 0 0 0 0 0 0 0 0 0 0 0 0 0 0 0 0 0 0 0 0 0 0 0 0 0 0 0
3.70284 3.13686e-13 3.13656e-13 2.97666e-17 9.4893e-05 0.00043683 0 0 0 0 0 0 0 0 0 0 0 0 0 0 0 0 0 0 0 0 0 0 0 0 0 0 0 0 0 0 0 0 0 0 0 0 0 0 0 0 0 0
3.89291 3.07252e-13 3.07228e-13 2.43898e-17 7.93803e-05 0.000394227 0 0 0 0 0 0 0 0 0 0 0 0 0 0 0 0 0 0 0 0 0 0 0 0 0 0 0 0 0 0 0 0 0 0 0 0 0 0 0 0 0 0
4.09273 3.02205e-13 3.02185e-13 1.99998e-17 6.61795e-05 0.00035559 0 0 0 0 0 0 0 0 0 0 0 0 0 0 0 0 0 0 0 0 0 0 0 0 0 0 0 0 0 0 0 0 0 0 0 0 0 0 0 0 0 0
4.30281 2.98555e-13 2.98539e-13 1.64061e-17 5.49517e-05 0.000320578 0 0 0 0 0 0 0 0 0 0 0 0 0 0 0 0 0 0 0 0 0 0 0 0 0 0 0 0 0 0 0 0 0 0 0 0 0 0 0 0 0 0
4.52368 2.96401e-13 2.96388e-13 1.34724e-17 4.54534e-05 0.000288894 0 0 0 0 0 0 0 0 0 0 0 0 0 0 0 0 0 0 0 0 0 0 0 0 0 0 0 0 0 0 0 0 0 0 0 0 0 0 0 0 0 0
4.75588 2.95356e-13 2.95345e-13 1.10817e-17 3.75196e-05 0.000260149 0 0 0 0 0 0 0 0 0 0 0 0 0 0 0 0 0 0 0 0 0 0 0 0 0 0 0 0 0 0 0 0 0 0 0 0 0 0 0 0 0 0
5 2.94603e-13 2.94594e-13 9.13405e-18 3.10046e-05 0.000234011 0 0 0 0 0 0 0 0 0 0 0 0 0 0 0 0 0 0 0 0 0 0 0 0 0 0 0 0 0 0 0 0 0 0 0 0 0 0 0 0 0 0
5.25665 2.93423e-13 2.93416e-13 7.53685e-18 2.5686e-05 0.000210259 0 0 0 0 0 0 0 0 0 0 0 0 0 0 0 0 0 0 0 0 0 0 0 0 0 0 0 0 0 0 0 0 0 0 0 0 0 0 0 0 0 0
5.52648 2.91845e-13 2.91839e-13 6.21873e-18 2.13083e-05 0.00018876 0 0 0 0 0 0 0 0 0 0 0 0 0 0 0 0 0 0 0 0 0 0 0 0 0 0 0 0 0 0 0 0 0 0 0 0 0 0 0 0 1.4013e-45 0
5.81015 2.89686e-13 2.89681e-13 5.12535e-18 1.76928e-05 0.000169163 0 0 0 0 0 0 0 0 0 0 0 0 0 0 0 0 0 0 0 0 0 0 0 0 0 0 0 0 0 0 1.4013e-45 0 2.8026e-45 0 7.00649e-45 0 1.82169e-44 0 4.48416e-44 0 9.94922e-44 0
6.10839 2.87239e-13 2.87235e-13 4.21542e-18 1.46756e-05 0.00015135 0 0 0 0 0 0 0 0 0 0 0 0 0 0 0 0 0 0 0 0 0 0 0 0 2.8026e-45 0 9.80909e-45 0 3.22299e-44 0 9.66896e-44 0 2.66247e-43 0 6.89439e-43 0 1.68016e-42 0 3.86338e-42 0 8.40078e-42 0
6.42193 2.84457e-13 2.84454e-13 3.45445e-18 1.2144e-05 0.000135099 0 0 0 0 0 0 0 0 0 0 0 0 0 0 0 0 0 0 2.8026e-45 0 1.4013e-44 0 6.44597e-44 0 2.5924e-43 0 8.94028e-43 0 2.8026e-42 0 8.01963e-42 0 2.10587e-41 0 5.20358e-41 0 1.21344e-40 0 2.67795e-40 0 5.60718e-40 0
6.75157 2.82435e-13 2.82432e-13 2.80865e-18 9.94444e-06 0.000120124 0 0 0 0 0 0 0 0 0 0 0 0 0 0 4.2039e-45 0 3.78351e-44 0 2.43826e-43 0 1.25977e-42 0 5.3964e-42 0 2.02558e-41 0 6.58778e-41 0 1.9534e-40 0 5.31068e-40 0 1.33044e-39 0 3.14538e-39 0 7.03783e-39 0 1.4943e-38 0 3.01792e-38 0
7.09813 2.77875e-13 2.77873e-13 2.28224e-18 8.21317e-06 0.000106021 0 0 0 0 0 0 0 0 0 0 1.4013e-45 0 3.50325e-44 0 4.00771e-43 0 3.1319e-42 0 1.86933e-41 0 8.9372e-41 0 3.56507e-40 0 1.25461e-39 0 3.852e-39 0 1.08315e-38 0 2.80439e-38 0 6.71755e-38 0 1.5228e-37 0 3.27592e-37 0 6.70449e-37 0 1.30838e-36 0
7.46248 2.74172e-13 2.74171e-13 1.80876e-18 6.59717e-06 9.22929e-05 0 0 0 0 0 0 0 0 4.2039e-45 0 1.7236e-43 0 2.93012e-42 0 2.97468e-41 0 2.1036e-40 0 1.15063e-39 0 5.09646e-39 0 1.90019e-38 0 6.28868e-38 0 1.82789e-37 0 4.88685e-37 0 1.20784e-36 0 2.77242e-36 0 6.03862e-36 0 1.25136e-35 0 2.47304e-35 0 4.67111e-35 0
7.84553 2.70329e-13 2.70328e-13 1.36902e-18 5.06428e-06 7.91985e-05 0 0 0 0 0 0 4.2039e-45 0 4.35804e-43 0 1.31386e-41 0 1.94787e-40 0 1.76582e-39 0 1.13497e-38 0 5.71382e-38 0 2.35344e-37 0 8.22861e-37 0 2.56869e-36 0 7.08725e-36 0 1.80595e-35 0 4.27069e-35 0 9.41304e-35 0 1.9738e-34 0 3.94728e-34 0 7.54572e-34 0 1.38168e-33 0
8.24824 3.01311e-13 3.0131e-13 1.00723e-18 3.34283e-06 6.80744e-05 0 0 0 0 0 0 4.52619e-43 0 3.54963e-41 0 9.05754e-40 0 1.17723e-38 0 9.58302e-38 0 5.62455e-37 0 2.61672e-36 0 1.00581e-35 0 3.30826e-35 0 9.76895e-35 0 2.56504e-34 0 6.24435e-34 0 1.41589e-33 0 3.00264e-33 0 6.07262e-33 0 1.17402e-32 0 2.1744e-32 0 3.86561e-32 0
8.67162 3.65968e-13 3.65967e-13 8.73371e-19 2.38647e-06 5.92447e-05 0 0 0 0 7.9874e-44 0 3.97604e-41 0 2.52274e-39 0 5.49568e-38 0 6.30214e-37 0 4.63094e-36 0 2.49304e-35 0 1.07597e-34 0 3.87267e-34 0 1.20184e-33 0 3.36616e-33 0 8.43163e-33 0 1.96535e-32 0 4.28177e-32 0 8.75301e-32 0 1.71039e-31 0 3.20197e-31 0 5.75456e-31 0 9.94698e-31 0
9.11674 5.02316e-13 5.02315e-13 1.03886e-18 2.06814e-06 5.05454e-05 0 0 0 0 8.57455e-42 0 3.16714e-39 0 1.6409e-37 0 3.07536e-36 0 3.13066e-35 0 2.08702e-34 0 1.03489e-33 0 4.15871e-33 0 1.40608e-32 0 4.1289e-32 0 1.09973e-31 0 2.63385e-31 0 5.89081e-31 0 1.23551e-30 0 2.43904e-30 0 4.61268e-30 0 8.37489e-30 0 1.46266e-29 0 2.4616e-29 0
9.5847 6.12322e-13 6.12321e-13 1.44096e-18 2.35327e-06 4.52331e-05 0 0 1.54143e-44 0 6.55899e-40 0 1.81523e-37 0 7.75608e-36 0 1.25983e-34 0 1.14512e-33 0 6.9585e-33 0 3.19103e-32 0 1.19813e-31 0 3.81704e-31 0 1.06343e-30 0 2.70014e-30 0 6.19688e-30 0 1.33257e-29 0 2.6956e-29 0 5.14763e-29 0 9.43691e-29 0 1.66421e-28 0 2.82846e-28 0 4.64073e-28 0
10.0767 5.92724e-13 5.92722e-13 1.58538e-18 2.67474e-06 4.29507e-05 0 0 1.32002e-42 0 3.21551e-38 0 6.76257e-36 0 2.40549e-34 0 3.41008e-33 0 2.78293e-32 0 1.54848e-31 0 6.59217e-31 0 2.32032e-30 0 6.98556e-30 0 1.85122e-29 0 4.49135e-29 0 9.89804e-29 0 2.05036e-28 0 4.00736e-28 0 7.41469e-28 0 1.31966e-27 0 2.26367e-27 0 3.74894e-27 0 6.00407e-27 0
10.5939 5.04658e-13 5.04656e-13 1.40729e-18 2.7886e-06 4.22382e-05 1.4013e-45 0 7.59966e-41 0 1.13084e-36 0 1.8317e-34 0 5.47288e-33 0 6.81636e-32 0 5.02083e-31 0 2.56913e-30 0 1.01904e-29 0 3.37309e-29 0 9.62303e-29 0 2.43166e-28 0 5.64975e-28 0 1.19797e-27 0 2.39489e-27 0 4.53007e-27 0 8.13376e-27 0 1.40747e-26 0 2.3515e-26 0 3.79965e-26 0 5.94695e-26 0
11.1377 4.21622e-13 4.21621e-13 1.18275e-18 2.80524e-06 4.32578e-05 1.17709e-43 0 3.45338e-39 0 3.21463e-35 0 4.0617e-33 0 1.0281e-31 0 1.13213e-30 0 7.56443e-30 0 3.57412e-29 0 1.32544e-28 0 4.13824e-28 0 1.12168e-27 0 2.70897e-27 0 6.04026e-27 0 1.23463e-26 0 2.38609e-26 0 4.37513e-26 0 7.63425e-26 0 1.28613e-25 0 2.09561e-25 0 3.30776e-25 0 5.06508e-25 0
11.7094 3.38581e-13 3.3858e-13 9.24824e-19 2.73147e-06 4.35174e-05 6.87757e-42 0 1.22593e-37 0 7.30427e-34 0 7.28696e-32 0 1.57528e-30 0 1.54294e-29 0 9.3963e-29 0 4.11551e-28 0 1.43161e-27 0 4.22803e-27 0 1.09156e-26 0 2.52515e-26 0 5.41421e-26 0 1.0687e-25 0 2.00003e-25 0 3.56028e-25 0 6.04584e-25 0 9.92925e-25 0 1.57975e-24 0 2.43856e-24 0 3.65722e-24 0
12.3105 2.71979e-13 2.71979e-13 6.89135e-19 2.53378e-06 4.32854e-05 3.23389e-40 0 3.5742e-36 0 1.39307e-32 0 1.11006e-30 0 2.06532e-29 0 1.80964e-28 0 1.009e-27 0 4.11188e-27 0 1.34588e-26 0 3.77015e-26 0 9.29306e-26 0 2.06354e-25 0 4.26274e-25 0 8.13938e-25 0 1.47735e-24 0 2.55683e-24 0 4.23103e-24 0 6.78244e-24 0 1.0549e-23 0 1.59423e-23 0 2.3441e-23 0
12.9424 2.47302e-13 2.47301e-13 5.01153e-19 2.02649e-06 4.14031e-05 1.39383e-38 0 9.77791e-35 0 2.54521e-31 0 1.6378e-29 0 2.64189e-28 0 2.08209e-27 0 1.06748e-26 0 4.0618e-26 0 1.25471e-25 0 3.34236e-25 0 7.88358e-25 0 1.68369e-24 0 3.35703e-24 0 6.21073e-24 0 1.09495e-23 0 1.84494e-23 0 2.97883e-23 0 4.66639e-23 0 7.10299e-23 0 1.05202e-22 0 1.51801e-22 0
13.6067 2.40016e-13 2.40015e-13 3.89639e-19 1.62339e-06 3.76548e-05 5.2467e-37 0 2.38861e-33 0 4.23511e-30 0 2.22384e-28 0 3.13179e-27 0 2.23153e-26 0 1.05635e-25 0 3.76556e-25 0 1.10088e-24 0 2.79559e-24 0 6.32337e-24 0 1.30136e-23 0 2.50875e-23 0 4.50402e-23 0 7.72375e-23 0 1.26869e-22 0 2.00106e-22 0 3.06674e-22 0 4.57329e-22 0 6.64482e-22 0 9.41798e-22 0
14.3051 2.38767e-13 2.38766e-13 3.0569e-19 1.28029e-06 3.22661e-05 1.67269e-35 0 5.04733e-32 0 6.21106e-29 0 2.68791e-27 0 3.32676e-26 0 2.15374e-25 0 9.45e-25 0 3.16594e-24 0 8.78342e-24 0 2.13127e-23 0 4.6324e-23 0 9.20349e-23 0 1.71828e-22 0 2.99798e-22 0 5.00749e-22 0 8.02831e-22 0 1.23842e-21 0 1.85879e-21 0 2.71837e-21 0 3.8783e-21 0 5.40406e-21 0
15.0394 2.50431e-13 2.50431e-13 2.46694e-19 9.85077e-07 2.73207e-05 4.68916e-34 0 9.56868e-31 0 8.31926e-28 0 2.99534e-26 0 3.27874e-25 0 1.93765e-24 0 7.90963e-24 0 2.49799e-23 0 6.59348e-23 0 1.53212e-22 0 3.20627e-22 0 6.16012e-22 0 1.11556e-21 0 1.8942e-21 0 3.0856e-21 0 4.8343e-21 0 7.30105e-21 0 1.07433e-20 0 1.54226e-20 0 2.16249e-20 0 2.96482e-20 0
15.8114 2.75178e-13 2.75177e-13 2.151e-19 7.81676e-07 2.34371e-05 1.15881e-32 0 1.62994e-29 0 1.01836e-26 0 3.07804e-25 0 2.99774e-24 0 1.62439e-23 0 6.19079e-23 0 1.8484e-22 0 4.65307e-22 0 1.03762e-21 0 2.09454e-21 0 3.89791e-21 0 6.85714e-21 0 1.13462e-20 0 1.80475e-20 0 2.76625e-20 0 4.0945e-20 0 5.9124e-20 0 8.33904e-20 0 1.15013e-19 0 1.55274e-19 0
16.623 3.02681e-13 3.02681e-13 2.0386e-19 6.73514e-07 2.02572e-05 2.43252e-31 0 2.40166e-28 0 1.09583e-25 0 2.80438e-24 0 2.44396e-23 0 1.21943e-22 0 4.35356e-22 0 1.23225e-21 0 2.9653e-21 0 6.35863e-21 0 1.24028e-20 0 2.23919e-20 0 3.83201e-20 0 6.18662e-20 0 9.62011e-20 0 1.4441e-19 0 2.09698e-19 0 2.97417e-19 0 4.12502e-19 0 5.60066e-19 0 7.45123e-19 0
17.4762 3.18914e-13 3.18914e-13 1.99936e-19 6.26929e-07 1.77125e-05 4.18393e-30 0 2.95011e-27 0 9.98236e-25 0 2.18062e-23 0 1.70974e-22 0 7.88701e-22 0 2.64615e-21 0 7.11883e-21 0 1.64118e-20 0 3.3906e-20 0 6.40125e-20 0 1.12282e-19 0 1.87177e-19 0 2.95205e-19 0 4.49252e-19 0 6.61142e-19 0 9.42715e-19 0 1.31445e-18 0 1.79418e-18 0 2.39991e-18 0 3.14869e-18 0
18.3733 3.17788e-13 3.17788e-13 1.92401e-19 6.0544e-07 1.57785e-05 5.86639e-29 0 3.00304e-26 0 7.64645e-24 0 1.43686e-22 0 1.01882e-21 0 4.36176e-21 0 1.37942e-20 0 3.53596e-20 0 7.82608e-20 0 1.56055e-19 0 2.85622e-19 0 4.87441e-19 0 7.92553e-19 0 1.22247e-18 0 1.82264e-18 0 2.63216e-18 0 3.68871e-18 0 5.06044e-18 0 6.80324e-18 0 8.97173e-18 0 1.16159e-17 0
19.3164 2.99412e-13 2.99412e-13 1.77101e-19 5.91495e-07 1.44825e-05 6.75221e-28 0 2.54896e-25 0 4.95218e-23 0 8.06401e-22 0 5.19638e-21 0 2.07219e-20 0 6.19513e-20 0 1.5167e-19 0 3.22918e-19 0 6.22575e-19 0 1.10634e-18 0 1.83944e-18 0 2.92068e-18 0 4.41068e-18 0 6.44908e-18 0 9.14781e-18 0 1.26102e-17 0 1.70347e-17 0 2.25728e-17 0 2.93683e-17 0 3.75473e-17 0
20.3079 2.72971e-13 2.7297e-13 1.54238e-19 5.65035e-07 1.37421e-05 6.57445e-27 0 1.85764e-24 0 2.79038e-22 0 3.96512e-21 0 2.33292e-20 0 8.69558e-20 0 2.46432e-19 0 5.77515e-19 0 1.18503e-18 0 2.21264e-18 0 3.8231e-18 0 6.20059e-18 0 9.62562e-18 0 1.42465e-17 0 2.04478e-17 0 2.85136e-17 0 3.86948e-17 0 5.15093e-17 0 6.73238e-17 0 8.64733e-17 0 1.09238e-16 0
21.3503 2.51398e-13 2.51398e-13 1.32984e-19 5.28979e-07 1.30197e-05 5.69048e-26 0 1.22061e-23 0 1.43551e-21 0 1.79194e-20 0 9.66917e-20 0 3.37979e-19 0 9.10335e-19 0 2.04648e-18 0 4.05447e-18 0 7.34301e-18 0 1.23533e-17 0 1.9568e-17 0 2.97315e-17 0 4.31702e-17 0 6.08777e-17 0 8.35246e-17 0 1.11671e-16 0 1.46591e-16 0 1.8911e-16 0 2.39949e-16 0 2.99678e-16 0
22.4463 2.29045e-13 2.29045e-13 1.1485e-19 5.0143e-07 1.23305e-05 4.31455e-25 0 7.1209e-23 0 6.63553e-21 0 7.32262e-20 0 3.63907e-19 0 1.19662e-18 0 3.07084e-18 0 6.63571e-18 0 1.2715e-17 0 2.23698e-17 0 3.66895e-17 0 5.68267e-17 0 8.45965e-17 0 1.20618e-16 0 1.67262e-16 0 2.25968e-16 0 2.97863e-16 0 3.85846e-16 0 4.91608e-16 0 6.16561e-16 0 7.61725e-16 0
23.5984 2.03789e-13 2.03789e-13 9.70686e-20 4.7632e-07 1.1658e-05 2.84568e-24 0 3.66027e-22 0 2.7334e-20 0 2.68276e-19 0 1.23284e-18 0 3.82501e-18 0 9.37455e-18 0 1.95093e-17 0 3.62145e-17 0 6.19798e-17 0 9.92289e-17 0 1.50443e-16 0 2.19652e-16 0 3.07802e-16 0 4.20074e-16 0 5.59238e-16 0 7.2729e-16 0 9.30288e-16 0 1.17135e-15 0 1.45292e-15 0 1.77656e-15 0
24.8097 1.80922e-13 1.80922e-13 8.07871e-20 4.4653e-07 1.09954e-05 1.67767e-23 0 1.70234e-21 0 1.02986e-19 0 9.04128e-19 0 3.85673e-18 0 1.13223e-17 0 2.65611e-17 0 5.33332e-17 0 9.60554e-17 0 1.60138e-16 0 2.50556e-16 0 3.72232e-16 0 5.33521e-16 0 7.35418e-16 0 9.88541e-16 0 1.29777e-15 0 1.66624e-15 0 2.10585e-15 0 2.62187e-15 0 3.21809e-15 0 3.89648e-15 0
26.0832 1.61071e-13 1.61071e-13 6.69008e-20 4.15349e-07 1.03749e-05 8.93283e-23 0 7.2339e-21 0 3.58191e-19 0 2.82814e-18 0 1.12391e-17 0 3.1305e-17 0 7.04438e-17 0 1.36714e-16 0 2.39255e-16 0 3.89043e-16 0 5.95545e-16 0 8.67821e-16 0 1.22218e-15 0 1.65849e-15 0 2.19736e-15 0 2.84665e-15 0 3.61055e-15 0 4.51128e-15 0 5.55693e-15 0 6.7527e-15 0 8.10021e-15 0
27.4221 1.43612e-13 1.43612e-13 5.52954e-20 3.85033e-07 9.7979e-06 4.3121e-22 0 2.81772e-20 0 1.15317e-18 0 8.2313e-18 0 3.05803e-17 0 8.10218e-17 0 1.75241e-16 0 3.29265e-16 0 5.60695e-16 0 8.90336e-16 0 1.33488e-15 0 1.90974e-15 0 2.64497e-15 0 3.5361e-15 0 4.62112e-15 0 5.9114e-15 0 7.41122e-15 0 9.15993e-15 0 1.11688e-14 0 1.34437e-14 0 1.59837e-14 0
28.8297 1.28064e-13 1.28064e-13 4.5564e-20 3.55792e-07 9.22609e-06 1.89378e-21 0 1.00905e-19 0 3.44513e-18 0 2.23411e-17 0 7.78483e-17 0 1.96675e-16 0 4.0966e-16 0 7.46381e-16 0 1.23838e-15 0 1.92255e-15 0 2.82604e-15 0 3.97299e-15 0 5.41572e-15 0 7.13844e-15 0 9.20771e-15 0 1.16379e-14 0 1.44304e-14 0 1.76518e-14 0 2.13157e-14 0 2.54261e-14 0 2.99758e-14 0
30.3095 1.14297e-13 1.14297e-13 3.7489e-20 3.27996e-07 8.68475e-06 7.60731e-21 0 3.33822e-19 0 9.59283e-18 0 5.67813e-17 0 1.86158e-16 0 4.49499e-16 0 9.03326e-16 0 1.59831e-15 0 2.58714e-15 0 3.93111e-15 0 5.67085e-15 0 7.84086e-15 0 1.05277e-14 0 1.36907e-14 0 1.74412e-14 0 2.17937e-14 0 2.67409e-14 0 3.23902e-14 0 3.87548e-14 0 4.58317e-14 0 5.36002e-14 0
31.8653 1.02028e-13 1.02028e-13 3.07935e-20 3.01814e-07 8.15028e-06 2.80546e-20 0 1.02354e-18 0 2.49649e-17 0 1.35483e-16 0 4.19162e-16 0 9.69478e-16 0 1.88302e-15 0 3.2402e-15 0 5.12293e-15 0 7.6268e-15 0 1.0807e-14 0 1.47079e-14 0 1.94659e-14 0 2.49916e-14 0 3.14638e-14 0 3.88904e-14 0 4.72443e-14 0 5.66922e-14 0 6.72406e-14 0 7.88706e-14 0 9.15368e-14 0
33.5009 9.11214e-14 9.11213e-14 2.52747e-20 2.77374e-07 7.65243e-06 9.54128e-20 0 2.92038e-18 0 6.09445e-17 0 3.04526e-16 0 8.9161e-16 0 1.97948e-15 0 3.72212e-15 0 6.23734e-15 0 9.64345e-15 0 1.40805e-14 0 1.96152e-14 0 2.62968e-14 0 3.43306e-14 0 4.35416e-14 0 5.42048e-14 0 6.63095e-14 0 7.97915e-14 0 9.48998e-14 0 1.11623e-13 0 1.29914e-13 0 1.49685e-13 0
35.2205 8.14055e-14 8.14055e-14 2.07268e-20 2.54611e-07 7.13597e-06 3.00389e-19 0 7.77986e-18 0 1.39973e-16 0 6.46578e-16 0 1.79636e-15 0 3.83581e-15 0 6.99371e-15 0 1.1428e-14 0 1.72967e-14 0 2.47927e-14 0 3.39835e-14 0 4.4912e-14 0 5.78747e-14 0 7.25557e-14 0 8.93635e-14 0 1.08249e-13 0 1.29086e-13 0 1.52234e-13 0 1.77648e-13 0 2.05231e-13 0 2.34835e-13 0
37.0284 7.27974e-14 7.27974e-14 1.69842e-20 2.33307e-07 6.65732e-06 8.79373e-19 0 1.94294e-17 0 3.03566e-16 0 1.30132e-15 0 3.43944e-15 0 7.07729e-15 0 1.25309e-14 0 1.99908e-14 0 2.96508e-14 0 4.17602e-14 0 5.63665e-14 0 7.34858e-14 0 9.35304e-14 0 1.15969e-13 0 1.41388e-13 0 1.69672e-13 0 2.00602e-13 0 2.34676e-13 0 2.71796e-13 0 3.11793e-13 0 3.54428e-13 0
38.9291 6.51095e-14 6.51095e-14 1.39095e-20 2.13632e-07 6.21669e-06 2.40036e-18 0 4.55962e-17 0 6.22927e-16 0 2.48716e-15 0 6.26902e-15 0 1.24531e-14 0 2.14427e-14 0 3.34368e-14 0 4.86487e-14 0 6.73808e-14 0 8.9626e-14 0 1.15343e-13 0 1.45087e-13 0 1.78015e-13 0 2.14944e-13 0 2.55657e-13 0 2.99799e-13 0 3.48048e-13 0 4.0022e-13 0 4.56049e-13 0 5.15176e-13 0
40.9273 5.82625e-14 5.82625e-14 1.13902e-20 1.95497e-07 5.81089e-06 6.13238e-18 0 1.00891e-16 0 1.21317e-15 0 4.52722e-15 0 1.09075e-14 0 2.09532e-14 0 3.51341e-14 0 5.3611e-14 0 7.6586e-14 0 1.04402e-13 0 1.36948e-13 0 1.74087e-13 0 2.16539e-13 0 2.63044e-13 0 3.14703e-13 0 3.71154e-13 0 4.31867e-13 0 4.9773e-13 0 5.68451e-13 0 6.4363e-13 0 7.22762e-13 0
43.0281 5.21628e-14 5.21627e-14 9.32037e-21 1.78679e-07 5.4214e-06 1.47115e-17 0 2.11106e-16 0 2.2482e-15 0 7.86725e-15 0 1.81581e-14 0 3.37873e-14 0 5.52422e-14 0 8.25726e-14 0 1.15923e-13 0 1.55653e-13 0 2.0149e-13 0 2.53148e-13 0 3.11543e-13 0 3.74874e-13 0 4.44585e-13 0 5.20128e-13 0 6.0075e-13 0 6.87587e-13 0 7.80207e-13 0 8.7805e-13 0 9.80437e-13 0
45.2368 4.67314e-14 4.67314e-14 7.62607e-21 1.63189e-07 5.05713e-06 3.32473e-17 0 4.18907e-16 0 3.97461e-15 0 1.30834e-14 0 2.89891e-14 0 5.23299e-14 0 8.35302e-14 0 1.22429e-13 0 1.69054e-13 0 2.23751e-13 0 2.86014e-13 0 3.55361e-13 0 4.32924e-13 0 5.16244e-13 0 6.07167e-13 0 7.04914e-13 0 8.0847e-13 0 9.19254e-13 0 1.03666e-12 0 1.15996e-12 0 1.28826e-12 0
47.5588 4.19097e-14 4.19097e-14 6.23885e-21 1.48864e-07 4.70357e-06 7.1021e-17 0 7.90722e-16 0 6.72188e-15 0 2.08764e-14 0 4.44937e-14 0 7.8035e-14 0 1.2175e-13 0 1.75147e-13 0 2.38068e-13 0 3.10811e-13 0 3.92566e-13 0 4.82605e-13 0 5.82302e-13 0 6.88429e-13 0 8.03291e-13 0 9.25839e-13 0 1.05477e-12 0 1.19181e-12 0 1.33616e-12 0 1.4869e-12 0 1.64293e-12 0
50 3.75693e-14 3.75693e-14 5.10241e-21 1.35813e-07 4.37638e-06 1.43588e-16 0 1.4212e-15 0 1.08828e-14 0 3.19798e-14 0 6.56862e-14 0 1.12086e-13 0 1.71119e-13 0 2.41837e-13 0 3.23827e-13 0 4.17306e-13 0 5.21099e-13 0 6.34192e-13 0 7.58221e-13 0 8.89113e-13 0 1.02967e-12 0 1.17856e-12 0 1.33416e-12 0 1.49854e-12 0 1.67069e-12 0 1.84949e-12 0 2.03364e-12 0
52.5665 3.37065e-14 3.37065e-14 4.17303e-21 1.23805e-07 4.06033e-06 2.75843e-16 0 2.44114e-15 0 1.69244e-14 0 4.71838e-14 0 9.35682e-14 0 1.55552e-13 0 2.32622e-13 0 3.23251e-13 0 4.26717e-13 0 5.43132e-13 0 6.70905e-13 0 8.08718e-13 0 9.58483e-13 0 1.11524e-12 0 1.28233e-12 0 1.4581e-12 0 1.64065e-12 0 1.83236e-12 0 2.03206e-12 0 2.23839e-12 0 2.44988e-12 0
55.2648 3.02614e-14 3.02614e-14 3.41233e-21 1.12762e-07 3.76126e-06 5.04717e-16 0 4.01555e-15 0 2.53285e-14 0 6.71658e-14 0 1.28815e-13 0 2.08899e-13 0 3.06323e-13 0 4.18883e-13 0 5.45512e-13 0 6.86206e-13 0 8.3894e-13 0 1.00209e-12 0 1.17785e-12 0 1.36039e-12 0 1.55359e-12 0 1.7555e-12 0 1.96394e-12 0 2.18163e-12 0 2.4072e-12 0 2.63914e-12 0 2.8758e-12 0
58.1015 2.71703e-14 2.71703e-14 2.79067e-21 1.0271e-07 3.47867e-06 8.81169e-16 0 6.33549e-15 0 3.65252e-14 0 9.23534e-14 0 1.71579e-13 0 2.71758e-13 0 3.91118e-13 0 5.26728e-13 0 6.77171e-13 0 8.42333e-13 0 1.01976e-12 0 1.20756e-12 0 1.40821e-12 0 1.61505e-12 0 1.83249e-12 0 2.05834e-12 0 2.29016e-12 0 2.53099e-12 0 2.77931e-12 0 3.03345e-12 0 3.29164e-12 0
61.0839 2.44168e-14 2.44168e-14 2.28197e-21 9.34591e-08 3.21056e-06 1.47249e-15 0 9.6149e-15 0 5.08876e-14 0 1.22971e-13 0 2.21656e-13 0 3.4328e-13 0 4.8535e-13 0 6.44202e-13 0 8.18102e-13 0 1.00685e-12 0 1.20762e-12 0 1.41826e-12 0 1.64156e-12 0 1.87012e-12 0 2.10886e-12 0 2.35538e-12 0 2.60704e-12 0 2.86717e-12 0 3.13413e-12 0 3.40615e-12 0 3.68136e-12 0
64.2193 2.19481e-14 2.19481e-14 1.86588e-21 8.5013e-08 2.9585e-06 2.35885e-15 0 1.40542e-14 0 6.85712e-14 0 1.58718e-13 0 2.77978e-13 0 4.2141e-13 0 5.85826e-13 0 7.66891e-13 0 9.62616e-13 0 1.17277e-12 0 1.39419e-12 0 1.62457e-12 0 1.86699e-12 0 2.11346e-12 0 2.36933e-12 0 2.63206e-12 0 2.8989e-12 0 3.17339e-12 0 3.45383e-12 0 3.73838e-12 0 4.02516e-12 0
67.5157 1.97428e-14 1.97428e-14 1.52562e-21 7.72748e-08 2.72125e-06 3.63154e-15 0 1.98314e-14 0 8.95534e-14 0 1.98962e-13 0 3.39058e-13 0 5.03673e-13 0 6.89017e-13 0 8.90197e-13 0 1.10507e-12 0 1.3334e-12 0 1.57183e-12 0 1.81796e-12 0 2.0751e-12 0 2.33488e-12 0 2.60301e-12 0 2.87686e-12 0 3.15363e-12 0 3.43705e-12 0 3.72538e-12 0 4.01678e-12 0 4.30936e-12 0
70.9813 1.7763e-14 1.7763e-14 1.24755e-21 7.02332e-08 2.49899e-06 5.38118e-15 0 2.70486e-14 0 1.13477e-13 0 2.42478e-13 0 4.02602e-13 0 5.86626e-13 0 7.90317e-13 0 1.00839e-12 0 1.23865e-12 0 1.48096e-12 0 1.73182e-12 0 1.98884e-12 0 2.25556e-12 0 2.52337e-12 0 2.79828e-12 0 3.07763e-12 0 3.35865e-12 0 3.64517e-12 0 3.93548e-12 0 4.22778e-12 0 4.52022e-12 0
74.6248 1.59941e-14 1.59941e-14 1.02011e-21 6.37806e-08 2.29063e-06 7.69332e-15 0 3.5739e-14 0 1.39799e-13 0 2.87853e-13 0 4.66257e-13 0 6.67011e-13 0 8.85641e-13 0 1.11666e-12 0 1.35796e-12 0 1.60952e-12 0 1.86786e-12 0 2.13064e-12 0 2.4016e-12 0 2.67211e-12 0 2.94834e-12 0 3.22768e-12 0 3.50744e-12 0 3.79151e-12 0 4.07824e-12 0 4.36588e-12 0 4.65271e-12 0
78.4553 1.44096e-14 1.44096e-14 8.34277e-22 5.78971e-08 2.09724e-06 1.06289e-14 0 4.58092e-14 0 1.67647e-13 0 3.33237e-13 0 5.27215e-13 0 7.41155e-13 0 9.70573e-13 0 1.21e-12 0 1.4575e-12 0 1.71325e-12 0 1.97387e-12 0 2.23718e-12 0 2.50703e-12 0 2.77495e-12 0 3.04718e-12 0 3.32123e-12 0 3.59453e-12 0 3.87098e-12 0 4.14898e-12 0 4.42692e-12 0 4.7032e-12 0
82.4824 1.29861e-14 1.29861e-14 6.82362e-22 5.25457e-08 1.91794e-06 1.4211e-14 0 5.70311e-14 0 1.95908e-13 0 3.76573e-13 0 5.82593e-13 0 8.05513e-13 0 1.04108e-12 0 1.28402e-12 0 1.5327e-12 0 1.78753e-12 0 2.0453e-12 0 2.30405e-12 0 2.5677e-12 0 2.82812e-12 0 3.09147e-12 0 3.35543e-12 0 3.61762e-12 0 3.88185e-12 0 4.14665e-12 0 4.41054e-12 0 4.67205e-12 0
86.7162 1.17085e-14 1.17085e-14 5.58122e-22 4.76682e-08 1.75171e-06 1.84198e-14 0 6.90736e-14 0 2.23406e-13 0 4.15956e-13 0 6.29973e-13 0 8.57376e-13 0 1.09434e-12 0 1.33601e-12 0 1.58108e-12 0 1.8302e-12 0 2.08045e-12 0 2.33012e-12 0 2.58313e-12 0 2.83179e-12 0 3.08214e-12 0 3.33203e-12 0 3.57932e-12 0 3.82765e-12 0 4.0757e-12 0 4.32214e-12 0 4.56567e-12 0
91.1674 1.05643e-14 1.05643e-14 4.56507e-22 4.32123e-08 1.59818e-06 2.31879e-14 0 8.15208e-14 0 2.48986e-13 0 4.49742e-13 0 6.67501e-13 0 8.94917e-13 0 1.12878e-12 0 1.36473e-12 0 1.6019e-12 0 1.84117e-12 0 2.07994e-12 0 2.31678e-12 0 2.55554e-12 0 2.7891e-12 0 3.02324e-12 0 3.25605e-12 0 3.4856e-12 0 3.71536e-12 0 3.94415e-12 0 4.17079e-12 0 4.39415e-12 0
95.847 9.53579e-15 9.53579e-15 3.73411e-22 3.91589e-08 1.45673e-06 2.83824e-14 0 9.38437e-14 0 2.71429e-13 0 4.76354e-13 0 6.93534e-13 0 9.1665e-13 0 1.14321e-12 0 1.36951e-12 0 1.59505e-12 0 1.82097e-12 0 2.045e-12 0 2.266e-12 0 2.48769e-12 0 2.7036e-12 0 2.91917e-12 0 3.13273e-12 0 3.34258e-12 0 3.55197e-12 0 3.75986e-12 0 3.96523e-12 0 4.16711e-12 0
100.767 8.61138e-15 8.61138e-15 3.05421e-22 3.54671e-08 1.32663e-06 3.38277e-14 0 1.05508e-13 0 2.89764e-13 0 4.9479e-13 0 7.07332e-13 0 9.22304e-13 0 1.138e-12 0 1.35138e-12 0 1.56236e-12 0 1.77225e-12 0 1.97916e-12 0 2.18221e-12 0 2.38494e-12 0 2.58155e-12 0 2.77712e-12 0 2.97018e-12 0 3.15928e-12 0 3.34741e-12 0 3.53366e-12 0 3.71719e-12 0 3.89715e-12 0
105.939 7.78058e-15 7.78058e-15 2.49898e-22 3.21182e-08 1.20719e-06 3.93127e-14 0 1.15996e-13 0 3.03264e-13 0 5.04535e-13 0 7.08852e-13 0 9.12465e-13 0 1.11446e-12 0 1.31247e-12 0 1.50678e-12 0 1.69885e-12 0 1.88712e-12 0 2.07097e-12 0 2.25372e-12 0 2.43026e-12 0 2.60523e-12 0 2.77737e-12 0 2.94549e-12 0 3.11226e-12 0 3.27695e-12 0 3.43883e-12 0 3.59719e-12 0
111.377 7.03313e-15 7.03313e-15 2.0443e-22 2.90666e-08 1.0979e-06 4.46017e-14 0 1.24837e-13 0 3.11457e-13 0 5.05509e-13 0 6.98607e-13 0 8.88356e-13 0 1.07458e-12 0 1.25557e-12 0 1.43191e-12 0 1.60515e-12 0 1.77406e-12 0 1.93824e-12 0 2.10076e-12 0 2.25717e-12 0 2.41166e-12 0 2.56318e-12 0 2.71074e-12 0 2.85673e-12 0 3.00053e-12 0 3.14156e-12 0 3.27923e-12 0
117.094 6.36044e-15 6.36044e-15 1.67244e-22 2.62944e-08 9.98058e-07 4.94602e-14 0 1.31662e-13 0 3.14197e-13 0 4.98116e-13 0 6.777e-13 0 8.51836e-13 0 1.02101e-12 0 1.18408e-12 0 1.3419e-12 0 1.49605e-12 0 1.6456e-12 0 1.79032e-12 0 1.93301e-12 0 2.06984e-12 0 2.20457e-12 0 2.33633e-12 0 2.46429e-12 0 2.59057e-12 0 2.71468e-12 0 2.83612e-12 0 2.95444e-12 0
123.105 5.7557e-15 5.7557e-15 1.3685e-22 2.37764e-08 9.06784e-07 5.36801e-14 0 1.36241e-13 0 3.11673e-13 0 4.83219e-13 0 6.47742e-13 0 8.05274e-13 0 9.56851e-13 0 1.10184e-12 0 1.24126e-12 0 1.3767e-12 0 1.50748e-12 0 1.63351e-12 0 1.75732e-12 0 1.87564e-12 0 1.9918e-12 0 2.10508e-12 0 2.21482e-12 0 2.32286e-12 0 2.42882e-12 0 2.53228e-12 0 2.63289e-12 0
129.424 5.2112e-15 5.2112e-15 1.1195e-22 2.14827e-08 8.23502e-07 5.70762e-14 0 1.38441e-13 0 3.04252e-13 0 4.61835e-13 0 6.1042e-13 0 7.51005e-13 0 8.8505e-13 0 1.01234e-12 0 1.134e-12 0 1.25159e-12 0 1.36463e-12 0 1.47313e-12 0 1.57935e-12 0 1.68055e-12 0 1.77962e-12 0 1.87598e-12 0 1.9691e-12 0 2.06059e-12 0 2.15012e-12 0 2.23738e-12 0 2.32208e-12 0
136.067 4.71995e-15 4.71995e-15 9.16144e-23 1.941e-08 7.47724e-07 5.95066e-14 0 1.38253e-13 0 2.92483e-13 0 4.35148e-13 0 5.6752e-13 0 6.91363e-13 0 8.08436e-13 0 9.18846e-13 0 1.02379e-12 0 1.12472e-12 0 1.22134e-12 0 1.31374e-12 0 1.4039e-12 0 1.48955e-12 0 1.57317e-12 0 1.65431e-12 0 1.73255e-12 0 1.80926e-12 0 1.88417e-12 0 1.95706e-12 0 2.0277e-12 0
143.051 4.27801e-15 4.27801e-15 7.49589e-23 1.75219e-08 6.78293e-07 6.09143e-14 0 1.35852e-13 0 2.77202e-13 0 4.04641e-13 0 5.21101e-13 0 6.28906e-13 0 7.29997e-13 0 8.24722e-13 0 9.14274e-13 0 1.00002e-12 0 1.08177e-12 0 1.15969e-12 0 1.23549e-12 0 1.3073e-12 0 1.37722e-12 0 1.44492e-12 0 1.51007e-12 0 1.57381e-12 0 1.63596e-12 0 1.69632e-12 0 1.75472e-12 0
150.394 3.87838e-15 3.87838e-15 6.13426e-23 1.58166e-08 6.15301e-07 6.12534e-14 0 1.31405e-13 0 2.59093e-13 0 3.71451e-13 0 4.72666e-13 0 5.65427e-13 0 6.51752e-13 0 7.32151e-13 0 8.07781e-13 0 8.79885e-13 0 9.48384e-13 0 1.01346e-12 0 1.07658e-12 0 1.13622e-12 0 1.19417e-12 0 1.25015e-12 0 1.30391e-12 0 1.35642e-12 0 1.40753e-12 0 1.45709e-12 0 1.50498e-12 0
158.114 3.51784e-15 3.51784e-15 5.02066e-23 1.4272e-08 5.58141e-07 6.05767e-14 0 1.25251e-13 0 2.39065e-13 0 3.36938e-13 0 4.23921e-13 0 5.02891e-13 0 5.75861e-13 0 6.43436e-13 0 7.06704e-13 0 7.66783e-13 0 8.23662e-13 0 8.77535e-13 0 9.29647e-13 0 9.7877e-13 0 1.02639e-12 0 1.07231e-12 0 1.11633e-12 0 1.15925e-12 0 1.20095e-12 0 1.24134e-12 0 1.28031e-12 0
166.23 3.19283e-15 3.19283e-15 4.10902e-23 1.28695e-08 5.05939e-07 5.89767e-14 0 1.17754e-13 0 2.17943e-13 0 3.02248e-13 0 3.76227e-13 0 4.42801e-13 0 5.03905e-13 0 5.60191e-13 0 6.12659e-13 0 6.62297e-13 0 7.09141e-13 0 7.53383e-13 0 7.96072e-13 0 8.36222e-13 0 8.75068e-13 0 9.12452e-13 0 9.48227e-13 0 9.83057e-13 0 1.01685e-12 0 1.04954e-12 0 1.08103e-12 0
174.763 2.89893e-15 2.89893e-15 3.36279e-23 1.16001e-08 4.58694e-07 5.65595e-14 0 1.09246e-13 0 1.9639e-13 0 2.68233e-13 0 3.30527e-13 0 3.86123e-13 0 4.36834e-13 0 4.83313e-13 0 5.26462e-13 0 5.67143e-13 0 6.05417e-13 0 6.41472e-13 0 6.7618e-13 0 7.08755e-13 0 7.40212e-13 0 7.70433e-13 0 7.99309e-13 0 8.2738e-13 0 8.54582e-13 0 8.80855e-13 0 9.0614e-13 0
183.733 2.6344e-15 2.6344e-15 2.75187e-23 1.04459e-08 4.15282e-07 5.34987e-14 0 1.0014e-13 0 1.75126e-13 0 2.35765e-13 0 2.87759e-13 0 3.33805e-13 0 3.75559e-13 0 4.13652e-13 0 4.48881e-13 0 4.81987e-13 0 5.13048e-13 0 5.42235e-13 0 5.70272e-13 0 5.96535e-13 0 6.21852e-13 0 6.46135e-13 0 6.69303e-13 0 6.91795e-13 0 7.13564e-13 0 7.34564e-13 0 7.54753e-13 0
193.164 2.39426e-15 2.39426e-15 2.25221e-23 9.40674e-09 3.77206e-07 4.99106e-14 0 9.06867e-14 0 1.54515e-13 0 2.05205e-13 0 2.48215e-13 0 2.8603e-13 0 3.20134e-13 0 3.51112e-13 0 3.79661e-13 0 4.06408e-13 0 4.31437e-13 0 4.54904e-13 0 4.774e-13 0 4.98434e-13 0 5.18679e-13 0 5.38068e-13 0 5.56541e-13 0 5.74453e-13 0 5.91768e-13 0 6.08454e-13 0 6.2448e-13 0
203.079 2.17712e-15 2.17712e-15 1.84367e-23 8.46842e-09 3.40953e-07 4.59776e-14 0 8.12229e-14 0 1.35026e-13 0 1.77034e-13 0 2.1233e-13 0 2.43155e-13 0 2.70813e-13 0 2.95836e-13 0 3.1882e-13 0 3.40293e-13 0 3.60339e-13 0 3.79094e-13 0 3.9704e-13 0 4.13791e-13 0 4.2989e-13 0 4.45286e-13 0 4.59937e-13 0 4.74127e-13 0 4.87829e-13 0 5.0102e-13 0 5.13677e-13 0
213.503 1.98118e-15 1.98118e-15 1.5088e-23 7.61566e-09 3.09294e-07 4.1862e-14 0 7.2011e-14 0 1.16963e-13 0 1.51506e-13 0 1.80266e-13 0 2.05226e-13 0 2.27516e-13 0 2.47607e-13 0 2.66004e-13 0 2.83148e-13 0 2.99116e-13 0 3.14028e-13 0 3.2827e-13 0 3.41545e-13 0 3.54284e-13 0 3.66452e-13 0 3.78018e-13 0 3.89208e-13 0 4.00003e-13 0 4.10385e-13 0 4.20338e-13 0
224.463 1.80317e-15 1.80317e-15 1.23525e-23 6.85041e-09 2.80741e-07 3.76743e-14 0 6.31986e-14 0 1.00424e-13 0 1.28609e-13 0 1.51875e-13 0 1.7195e-13 0 1.89799e-13 0 2.05832e-13 0 2.20471e-13 0 2.34081e-13 0 2.46731e-13 0 2.58522e-13 0 2.69767e-13 0 2.80233e-13 0 2.90263e-13 0 2.99833e-13 0 3.08919e-13 0 3.17701e-13 0 3.26166e-13 0 3.34299e-13 0 3.42091e-13 0
235.984 1.64242e-15 1.64242e-15 1.01107e-23 6.15599e-09 2.53868e-07 3.35554e-14 0 5.4969e-14 0 8.55618e-14 0 1.08405e-13 0 1.27114e-13 0 1.43169e-13 0 1.57387e-13 0 1.70116e-13 0 1.81709e-13 0 1.92463e-13 0 2.0244e-13 0 2.11723e-13 0 2.20564e-13 0 2.2878e-13 0 2.36647e-13 0 2.44143e-13 0 2.51254e-13 0 2.58121e-13 0 2.64733e-13 0 2.71082e-13 0 2.7716e-13 0
248.097 1.49683e-15 1.49683e-15 8.27547e-24 5.52866e-09 2.29734e-07 2.95905e-14 0 4.74005e-14 0 7.23597e-14 0 9.07571e-14 0 1.05715e-13 0 1.18486e-13 0 1.29754e-13 0 1.39813e-13 0 1.48951e-13 0 1.5741e-13 0 1.65245e-13 0 1.72524e-13 0 1.79446e-13 0 1.85872e-13 0 1.92017e-13 0 1.97868e-13 0 2.03412e-13 0 2.08762e-13 0 2.13909e-13 0 2.18848e-13 0 2.23573e-13 0
260.832 1.36446e-15 1.36446e-15 6.77395e-24 4.96458e-09 2.08343e-07 2.58419e-14 0 4.0531e-14 0 6.07503e-14 0 7.54761e-14 0 8.73675e-14 0 9.74741e-14 0 1.0636e-13 0 1.1427e-13 0 1.21441e-13 0 1.28066e-13 0 1.34192e-13 0 1.39876e-13 0 1.45274e-13 0 1.5028e-13 0 1.55062e-13 0 1.59611e-13 0 1.63919e-13 0 1.68071e-13 0 1.72064e-13 0 1.75893e-13 0 1.79554e-13 0
274.221 1.24466e-15 1.24466e-15 5.54504e-24 4.45506e-09 1.89095e-07 2.23733e-14 0 3.43998e-14 0 5.068e-14 0 6.24055e-14 0 7.18149e-14 0 7.97778e-14 0 8.67564e-14 0 9.29535e-14 0 9.85595e-14 0 1.0373e-13 0 1.08504e-13 0 1.12928e-13 0 1.17124e-13 0 1.21012e-13 0 1.24722e-13 0 1.28248e-13 0 1.31585e-13 0 1.348e-13 0 1.37889e-13 0 1.40849e-13 0 1.43677e-13 0
288.297 1.13591e-15 1.13591e-15 4.53958e-24 3.99643e-09 1.71102e-07 1.92088e-14 0 2.89865e-14 0 4.20188e-14 0 5.13086e-14 0 5.87203e-14 0 6.4968e-14 0 7.04273e-14 0 7.5264e-14 0 7.96311e-14 0 8.36528e-14 0 8.73606e-14 0 9.07924e-14 0 9.40445e-14 0 9.70544e-14 0 9.99246e-14 0 1.02651e-13 0 1.05228e-13 0 1.07709e-13 0 1.10092e-13 0 1.12375e-13 0 1.14555e-13 0
303.095 1.03718e-15 1.03718e-15 3.71625e-24 3.58304e-09 1.55049e-07 1.63635e-14 0 2.42616e-14 0 3.46385e-14 0 4.19652e-14 0 4.77795e-14 0 5.26628e-14 0 5.69184e-14 0 6.06807e-14 0 6.40718e-14 0 6.71901e-14 0 7.00615e-14 0 7.27161e-14 0 7.52294e-14 0 7.75535e-14 0 7.97681e-14 0 8.18698e-14 0 8.38557e-14 0 8.57666e-14 0 8.76007e-14 0 8.93565e-14 0 9.10324e-14 0
318.653 9.47298e-16 9.47298e-16 3.04224e-24 3.2115e-09 1.38464e-07 1.38348e-14 0 2.01754e-14 0 2.83958e-14 0 3.4149e-14 0 3.86921e-14 0 4.24951e-14 0 4.5801e-14 0 4.8718e-14 0 5.13431e-14 0 5.37537e-14 0 5.59709e-14 0 5.80187e-14 0 5.99557e-14 0 6.17455e-14 0 6.34498e-14 0 6.50662e-14 0 6.65926e-14 0 6.80605e-14 0 6.94688e-14 0 7.08163e-14 0 7.2102e-14 0
335.009 8.66052e-16 8.66052e-16 2.491e-24 2.87627e-09 1.27582e-07 1.16223e-14 0 1.66872e-14 0 2.31733e-14 0 2.7676e-14 0 3.12155e-14 0 3.41694e-14 0 3.67313e-14 0 3.89877e-14 0 4.10154e-14 0 4.28752e-14 0 4.4584e-14 0 4.61607e-14 0 4.7651e-14 0 4.9027e-14 0 5.03363e-14 0 5.15775e-14 0 5.27489e-14 0 5.38749e-14 0 5.49547e-14 0 5.59874e-14 0 5.69723e-14 0
352.205 7.92066e-16 7.92066e-16 2.03937e-24 2.57474e-09 1.14601e-07 9.69992e-15 0 1.37248e-14 0 1.8821e-14 0 2.23324e-14 0 2.50812e-14 0 2.73688e-14 0 2.93487e-14 0 3.10896e-14 0 3.2652e-14 0 3.40834e-14 0 3.53973e-14 0 3.66087e-14 0 3.77528e-14 0 3.88084e-14 0 3.98124e-14 0 4.07635e-14 0 4.16608e-14 0 4.25229e-14 0 4.33492e-14 0 4.41393e-14 0 4.48925e-14 0
370.284 7.24734e-16 7.24734e-16 1.66969e-24 2.30387e-09 1.01766e-07 8.04666e-15 0 1.12303e-14 0 1.52193e-14 0 1.7949e-14 0 2.00778e-14 0 2.18448e-14 0 2.33712e-14 0 2.47114e-14 0 2.59126e-14 0 2.70121e-14 0 2.80204e-14 0 2.89493e-14 0 2.9826e-14 0 3.06344e-14 0 3.14029e-14 0 3.21306e-14 0 3.28167e-14 0 3.34757e-14 0 3.41071e-14 0 3.47106e-14 0 3.52857e-14 0
389.291 6.63012e-16 6.63012e-16 1.36725e-24 2.06217e-09 9.2846e-08 6.63338e-15 0 9.13929e-15 0 1.22491e-14 0 1.43637e-14 0 1.60071e-14 0 1.73679e-14 0 1.85415e-14 0 1.95704e-14 0 2.04917e-14 0 2.1334e-14 0 2.21059e-14 0 2.28166e-14 0 2.34869e-14 0 2.41047e-14 0 2.46916e-14 0 2.52472e-14 0 2.57708e-14 0 2.62735e-14 0 2.6755e-14 0 2.7215e-14 0 2.76533e-14 0
409.273 6.07389e-16 6.07389e-16 1.11947e-24 1.84309e-09 8.64151e-08 5.44458e-15 0 7.41123e-15 0 9.83032e-15 0 1.14658e-14 0 1.27327e-14 0 1.37795e-14 0 1.46808e-14 0 1.54701e-14 0 1.61761e-14 0 1.6821e-14 0 1.74116e-14 0 1.7955e-14 0 1.84672e-14 0 1.89391e-14 0 1.93872e-14 0 1.98111e-14 0 2.02105e-14 0 2.05939e-14 0 2.0961e-14 0 2.13116e-14 0 2.16455e-14 0
430.281 5.56663e-16 5.56663e-16 9.16501e-25 1.64642e-09 7.38809e-08 4.44668e-15 0 5.98459e-15 0 7.86102e-15 0 9.12289e-15 0 1.00975e-14 0 1.09013e-14 0 1.15923e-14 0 1.21968e-14 0 1.27369e-14 0 1.32299e-14 0 1.36811e-14 0 1.4096e-14 0 1.44869e-14 0 1.48469e-14 0 1.51886e-14 0 1.55117e-14 0 1.58161e-14 0 1.61081e-14 0 1.63876e-14 0 1.66545e-14 0 1.69087e-14 0
452.368 5.10222e-16 5.10222e-16 7.50444e-25 1.47082e-09 6.93514e-08 3.61371e-15 0 4.81206e-15 0 6.26334e-15 0 7.23457e-15 0 7.98272e-15 0 8.59861e-15 0 9.12739e-15 0 9.58944e-15 0 1.0002e-14 0 1.03783e-14 0 1.07225e-14 0 1.10388e-14 0 1.13367e-14 0 1.16108e-14 0 1.1871e-14 0 1.21169e-14 0 1.23485e-14 0 1.25707e-14 0 1.27833e-14 0 1.29862e-14 0 1.31794e-14 0
475.588 4.67907e-16 4.67907e-16 6.14461e-25 1.31321e-09 6.28298e-08 2.92447e-15 0 3.8556e-15 0 4.97559e-15 0 5.72178e-15 0 6.29519e-15 0 6.76645e-15 0 7.17057e-15 0 7.52336e-15 0 7.8381e-15 0 8.12503e-15 0 8.38729e-15 0 8.6282e-15 0 8.85499e-15 0 9.06365e-15 0 9.26158e-15 0 9.44865e-15 0 9.62474e-15 0 9.7936e-15 0 9.95516e-15 0 1.01094e-14 0 1.02561e-14 0
500 4.29447e-16 4.29447e-16 5.03098e-25 1.1715e-09 5.64755e-08 2.35809e-15 0 3.07993e-15 0 3.94278e-15 0 4.51533e-15 0 4.95432e-15 0 5.31458e-15 0 5.62316e-15 0 5.89232e-15 0 6.13228e-15 0 6.3509e-15 0 6.55064e-15 0 6.73403e-15 0 6.90661e-15 0 7.06533e-15 0 7.21585e-15 0 7.35806e-15 0 7.4919e-15 0 7.62022e-15 0 7.74296e-15 0 7.86008e-15 0 7.97154e-15 0
525.665 3.94162e-16 3.94162e-16 4.11962e-25 1.04516e-09 5.24978e-08 1.89356e-15 0 2.45159e-15 0 3.11485e-15 0 3.55333e-15 0 3.88884e-15 0 4.1638e-15 0 4.39909e-15 0 4.60416e-15 0 4.78686e-15 0 4.95323e-15 0 5.10516e-15 0 5.2446e-15 0 5.37577e-15 0 5.49637e-15 0 5.61071e-15 0 5.71871e-15 0 5.82033e-15 0 5.91773e-15 0 6.01088e-15 0 6.09975e-15 0 6.18432e-15 0
552.648 3.62101e-16 3.62101e-16 3.37331e-25 9.31595e-10 4.68596e-08 1.51596e-15 0 1.94663e-15 0 2.45586e-15 0 2.79137e-15 0 3.04762e-15 0 3.25736e-15 0 3.43668e-15 0 3.59285e-15 0 3.73191e-15 0 3.85848e-15 0 3.97401e-15 0 4.08e-15 0 4.17968e-15 0 4.27131e-15 0 4.35815e-15 0 4.44016e-15 0 4.51731e-15 0 4.59124e-15 0 4.66193e-15 0 4.72937e-15 0 4.79352e-15 0
581.015 3.32821e-16 3.32821e-16 2.76185e-25 8.29832e-10 4.27409e-08 1.20986e-15 0 1.54163e-15 0 1.93205e-15 0 2.18849e-15 0 2.38402e-15 0 2.54389e-15 0 2.68045e-15 0 2.79931e-15 0 2.90509e-15 0 3.00132e-15 0 3.08913e-15 0 3.16966e-15 0 3.24538e-15 0 3.31496e-15 0 3.38089e-15 0 3.44314e-15 0 3.50168e-15 0 3.55778e-15 0 3.61141e-15 0 3.66256e-15 0 3.71122e-15 0
610.839 3.06059e-16 3.06059e-16 2.26134e-25 7.38858e-10 3.60479e-08 9.62718e-16 0 1.21787e-15 0 1.51683e-15 0 1.71265e-15 0 1.86174e-15 0 1.9835e-15 0 2.08743e-15 0 2.17784e-15 0 2.25825e-15 0 2.33139e-15 0 2.3981e-15 0 2.45926e-15 0 2.51675e-15 0 2.56956e-15 0 2.6196e-15 0 2.66684e-15 0 2.71125e-15 0 2.75381e-15 0 2.79448e-15 0 2.83327e-15 0 2.87016e-15 0
642.193 2.81532e-16 2.81532e-16 1.85165e-25 6.57704e-10 3.3339e-08 7.63824e-16 0 9.59728e-16 0 1.18836e-15 0 1.33773e-15 0 1.4513e-15 0 1.54396e-15 0 1.623e-15 0 1.69172e-15 0 1.75282e-15 0 1.80837e-15 0 1.85902e-15 0 1.90544e-15 0 1.94907e-15 0 1.98914e-15 0 2.0271e-15 0 2.06292e-15 0 2.09661e-15 0 2.12887e-15 0 2.15971e-15 0 2.18911e-15 0 2.21707e-15 0
675.157 2.59097e-16 2.59097e-16 1.51624e-25 5.85202e-10 3.43318e-08 6.04487e-16 0 7.54702e-16 0 9.29386e-16 0 1.04325e-15 0 1.1297e-15 0 1.20018e-15 0 1.26027e-15 0 1.31248e-15 0 1.35889e-15 0 1.40106e-15 0 1.43951e-15 0 1.47474e-15 0 1.50784e-15 0 1.53823e-15 0 1.56702e-15 0 1.59419e-15 0 1.61972e-15 0 1.64418e-15 0 1.66756e-15 0 1.68984e-15 0 1.71103e-15 0
709.813 2.38578e-16 2.38578e-16 1.24137e-25 5.20319e-10 2.51112e-08 4.7729e-16 0 5.92347e-16 0 7.25707e-16 0 8.1245e-16 0 8.78237e-16 0 9.31832e-16 0 9.77494e-16 0 1.01715e-15 0 1.05239e-15 0 1.08441e-15 0 1.11358e-15 0 1.14031e-15 0 1.16542e-15 0 1.18848e-15 0 1.21031e-15 0 1.2309e-15 0 1.25026e-15 0 1.26881e-15 0 1.28652e-15 0 1.30341e-15 0 1.31947e-15 0
746.248 2.1988e-16 2.1988e-16 1.01643e-25 4.62264e-10 2.52548e-08 3.76191e-16 0 4.64266e-16 0 5.66048e-16 0 6.32123e-16 0 6.82184e-16 0 7.22938e-16 0 7.57643e-16 0 7.87774e-16 0 8.14536e-16 0 8.38843e-16 0 8.6099e-16 0 8.81278e-16 0 9.0033e-16 0 9.17821e-16 0 9.34381e-16 0 9.50004e-16 0 9.64688e-16 0 9.78747e-16 0 9.92181e-16 0 1.00499e-15 0 1.01716e-15 0
784.553 2.0264e-16 2.0264e-16 8.32277e-26 4.10717e-10 2.39567e-08 2.95757e-16 0 3.63083e-16 0 4.40677e-16 0 4.90963e-16 0 5.29024e-16 0 5.5999e-16 0 5.86347e-16 0 6.09222e-16 0 6.29534e-16 0 6.47978e-16 0 6.64779e-16 0 6.80167e-16 0 6.94615e-16 0 7.07878e-16 0 7.20433e-16 0 7.32277e-16 0 7.43406e-16 0 7.54062e-16 0 7.64243e-16 0 7.73946e-16 0 7.83171e-16 0
824.824 1.86931e-16 1.86931e-16 6.81434e-26 3.64537e-10 2.51992e-08 2.322e-16 0 2.83652e-16 0 3.42805e-16 0 3.81079e-16 0 4.10023e-16 0 4.33559e-16 0 4.53583e-16 0 4.70956e-16 0 4.86378e-16 0 5.00379e-16 0 5.1313e-16 0 5.24806e-16 0 5.35769e-16 0 5.4583e-16 0 5.55353e-16 0 5.64336e-16 0 5.72777e-16 0 5.80857e-16 0 5.88576e-16 0 5.95933e-16 0 6.02927e-16 0
867.163 1.72462e-16 1.72462e-16 5.57984e-26 3.2354e-10 2.19309e-08 1.81923e-16 0 2.21204e-16 0 2.66264e-16 0 2.95377e-16 0 3.17377e-16 0 3.35256e-16 0 3.50462e-16 0 3.63651e-16 0 3.75355e-16 0 3.85979e-16 0 3.95653e-16 0 4.04511e-16 0 4.12825e-16 0 4.20456e-16 0 4.27677e-16 0 4.34488e-16 0 4.40887e-16 0 4.47013e-16 0 4.52864e-16 0 4.58441e-16 0 4.63742e-16 0
911.674 1.5925e-16 1.5925e-16 4.56844e-26 2.86873e-10 1.885e-08 1.42361e-16 0 1.72345e-16 0 2.06672e-16 0 2.28821e-16 0 2.45547e-16 0 2.59133e-16 0 2.70684e-16 0 2.807e-16 0 2.89587e-16 0 2.97651e-16 0 3.04994e-16 0 3.11716e-16 0 3.18025e-16 0 3.23814e-16 0 3.29293e-16 0 3.3446e-16 0 3.39314e-16 0 3.4396e-16 0 3.48398e-16 0 3.52627e-16 0 3.56647e-16 0
958.471 1.47057e-16 1.47057e-16 3.7409e-26 2.54385e-10 1.96133e-08 1.11191e-16 0 1.34059e-16 0 1.60191e-16 0 1.77032e-16 0 1.89742e-16 0 2.00061e-16 0 2.08832e-16 0 2.16435e-16 0 2.2318e-16 0 2.293e-16 0 2.34871e-16 0 2.39971e-16 0 2.44757e-16 0 2.49148e-16 0 2.53303e-16 0 2.57221e-16 0 2.60902e-16 0 2.64425e-16 0 2.6779e-16 0 2.70996e-16 0 2.74044e-16 0
1007.67 1.3593e-16 1.3593e-16 3.06271e-26 2.25315e-10 6.13375e-09 8.67726e-17 0 1.04216e-16 0 1.24116e-16 0 1.36927e-16 0 1.46589e-16 0 1.54431e-16 0 1.61095e-16 0 1.6687e-16 0 1.71992e-16 0 1.76639e-16 0 1.80869e-16 0 1.8474e-16 0 1.88373e-16 0 1.91705e-16 0 1.94859e-16 0 1.97832e-16 0 2.00625e-16 0 2.03299e-16 0 2.05852e-16 0 2.08284e-16 0 2.10596e-16 0
1059.39 1.25656e-16 1.25656e-16 2.50802e-26 1.99594e-10 1.62756e-08 6.76058e-17 0 8.09024e-17 0 9.60477e-17 0 1.05789e-16 0 1.13132e-16 0 1.19089e-16 0 1.2415e-16 0 1.28535e-16 0 1.32424e-16 0 1.35952e-16 0 1.39162e-16 0 1.421e-16 0 1.44857e-16 0 1.47386e-16 0 1.49779e-16 0 1.52035e-16 0 1.54154e-16 0 1.56182e-16 0 1.58119e-16 0 1.59964e-16 0 1.61718e-16 0
1113.77 1.16235e-16 1.16235e-16 2.05304e-26 1.76628e-10 1.71895e-08 5.2623e-17 0 6.27582e-17 0 7.42867e-17 0 8.1695e-17 0 8.72767e-17 0 9.18041e-17 0 9.56489e-17 0 9.898e-17 0 1.01934e-16 0 1.04612e-16 0 1.0705e-16 0 1.09281e-16 0 1.11374e-16 0 1.13293e-16 0 1.1511e-16 0 1.16822e-16 0 1.1843e-16 0 1.1997e-16 0 1.21439e-16 0 1.2284e-16 0 1.24171e-16 0
1170.94 1.07567e-16 1.07567e-16 1.68108e-26 1.56283e-10 1.19315e-08 4.09159e-17 0 4.86398e-17 0 5.74146e-17 0 6.30487e-17 0 6.72919e-17 0 7.07326e-17 0 7.3654e-17 0 7.61845e-17 0 7.8428e-17 0 8.04626e-17 0 8.23138e-17 0 8.40077e-17 0 8.55969e-17 0 8.70545e-17 0 8.84334e-17 0 8.97334e-17 0 9.09544e-17 0 9.21228e-17 0 9.32385e-17 0 9.43014e-17 0 9.53116e-17 0
1231.05 9.96169e-17 9.96169e-17 1.37647e-26 1.38177e-10 1.87497e-08 3.17911e-17 0 3.76783e-17 0 4.43589e-17 0 4.86453e-17 0 5.18722e-17 0 5.44882e-17 0 5.67088e-17 0 5.86322e-17 0 6.03371e-17 0 6.1883e-17 0 6.32896e-17 0 6.45766e-17 0 6.57838e-17 0 6.68911e-17 0 6.79385e-17 0 6.8926e-17 0 6.98534e-17 0 7.07407e-17 0 7.15881e-17 0 7.23954e-17 0 7.31625e-17 0
1294.24 9.22912e-17 9.22912e-17 1.12724e-26 1.22139e-10 2.32803e-08 2.46777e-17 0 2.91644e-17 0 3.42506e-17 0 3.75118e-17 0 3.99661e-17 0 4.19552e-17 0 4.36435e-17 0 4.51055e-17 0 4.64013e-17 0 4.75763e-17 0 4.86452e-17 0 4.96231e-17 0 5.05404e-17 0 5.13817e-17 0 5.21775e-17 0 5.29277e-17 0 5.36322e-17 0 5.43063e-17 0 5.495e-17 0 5.55632e-17 0 5.61459e-17 0
1360.67 8.55334e-17 8.55334e-17 9.2303e-27 1.07914e-10 8.05673e-09 1.91384e-17 0 2.25573e-17 0 2.64295e-17 0 2.89109e-17 0 3.07776e-17 0 3.22902e-17 0 3.35739e-17 0 3.46853e-17 0 3.56704e-17 0 3.65634e-17 0 3.73758e-17 0 3.81191e-17 0 3.88162e-17 0 3.94555e-17 0 4.00602e-17 0 4.06302e-17 0 4.11656e-17 0 4.16777e-17 0 4.21668e-17 0 4.26327e-17 0 4.30754e-17 0
1430.51 7.9336e-17 7.9336e-17 7.55795e-27 9.52651e-11 2.18147e-08 1.4837e-17 0 1.74433e-17 0 2.03927e-17 0 2.22817e-17 0 2.37024e-17 0 2.48533e-17 0 2.58299e-17 0 2.66754e-17 0 2.74247e-17 0 2.81039e-17 0 2.87218e-17 0 2.9287e-17 0 2.98171e-17 0 3.03033e-17 0 3.07631e-17 0 3.11965e-17 0 3.16035e-17 0 3.19929e-17 0 3.23648e-17 0 3.2719e-17 0 3.30556e-17 0
1503.94 7.35937e-17 7.35937e-17 6.18871e-27 8.4093e-11 -1.85398e-08 1.14904e-17 0 1.34767e-17 0 1.57227e-17 0 1.71605e-17 0 1.82415e-17 0 1.91172e-17 0 1.98601e-17 0 2.05032e-17 0 2.10731e-17 0 2.15896e-17 0 2.20595e-17 0 2.24893e-17 0 2.28924e-17 0 2.32621e-17 0 2.36117e-17 0 2.39412e-17 0 2.42507e-17 0 2.45468e-17 0 2.48294e-17 0 2.50987e-17 0 2.53546e-17 0
1581.14 6.83361e-17 6.83361e-17 5.06745e-27 7.41548e-11 2.89999e-08 8.89821e-18 0 1.0413e-17 0 1.21246e-17 0 1.32198e-17 0 1.40431e-17 0 1.47098e-17 0 1.52754e-17 0 1.5765e-17 0 1.61988e-17 0 1.6592e-17 0 1.69496e-17 0 1.72768e-17 0 1.75836e-17 0 1.78649e-17 0 1.8131e-17 0 1.83817e-17 0 1.86172e-17 0 1.88425e-17 0 1.90576e-17 0 1.92625e-17 0 1.94572e-17 0
1662.3 6.34438e-17 6.34438e-17 4.14975e-27 6.54083e-11 3.43818e-10 6.88283e-18 0 8.03744e-18 0 9.34128e-18 0 1.01752e-17 0 1.0802e-17 0 1.13095e-17 0 1.174e-17 0 1.21126e-17 0 1.24427e-17 0 1.27419e-17 0 1.3014e-17 0 1.32629e-17 0 1.34964e-17 0 1.37104e-17 0 1.39128e-17 0 1.41036e-17 0 1.42827e-17 0 1.44541e-17 0 1.46178e-17 0 1.47737e-17 0 1.49218e-17 0
1747.63 5.89687e-17 5.89687e-17 3.39796e-27 5.7623e-11 2.00837e-08 5.32496e-18 0 6.20579e-18 0 7.19991e-18 0 7.83553e-18 0 8.31314e-18 0 8.69984e-18 0 9.02779e-18 0 9.31164e-18 0 9.5631e-18 0 9.79101e-18 0 9.99828e-18 0 1.01879e-17 0 1.03656e-17 0 1.05287e-17 0 1.06828e-17 0 1.08281e-17 0 1.09645e-17 0 1.10951e-17 0 1.12197e-17 0 1.13384e-17 0 1.14512e-17 0
1837.33 5.48113e-17 5.48113e-17 2.78244e-27 5.0764e-11 4.41544e-08 4.1162e-18 0 4.78803e-18 0 5.54587e-18 0 6.03026e-18 0 6.39417e-18 0 6.68878e-18 0 6.93861e-18 0 7.15482e-18 0 7.34636e-18 0 7.51995e-18 0 7.67781e-18 0 7.82219e-18 0 7.95759e-18 0 8.08173e-18 0 8.19913e-18 0 8.30978e-18 0 8.41367e-18 0 8.51306e-18 0 8.60796e-18 0 8.69834e-18 0 8.78422e-18 0
1931.64 5.09975e-17 5.09975e-17 2.27862e-27 4.4681e-11 9.74472e-09 3.1823e-18 0 3.69511e-18 0 4.2733e-18 0 4.64275e-18 0 4.92026e-18 0 5.1449e-18 0 5.33539e-18 0 5.50023e-18 0 5.64625e-18 0 5.77858e-18 0 5.89892e-18 0 6.00898e-18 0 6.11219e-18 0 6.20681e-18 0 6.2963e-18 0 6.38064e-18 0 6.45982e-18 0 6.53558e-18 0 6.6079e-18 0 6.67679e-18 0 6.74224e-18 0
2030.79 4.73867e-17 4.73867e-17 1.8661e-27 3.93803e-11 -2.04636e-09 2.45512e-18 0 2.84595e-18 0 3.28642e-18 0 3.56779e-18 0 3.77912e-18 0 3.95016e-18 0 4.09519e-18 0 4.22069e-18 0 4.33186e-18 0 4.43259e-18 0 4.5242e-18 0 4.60798e-18 0 4.68654e-18 0 4.75857e-18 0 4.82668e-18 0 4.89087e-18 0 4.95115e-18 0 5.00881e-18 0 5.06385e-18 0 5.11629e-18 0 5.1661e-18 0
2135.03 4.39288e-17 4.39288e-17 1.52808e-27 3.47852e-11 4.70302e-08 1.88827e-18 0 2.18538e-18 0 2.5201e-18 0 2.73387e-18 0 2.8944e-18 0 3.02432e-18 0 3.13447e-18 0 3.22978e-18 0 3.31421e-18 0 3.39071e-18 0 3.46028e-18 0 3.5239e-18 0 3.58355e-18 0 3.63825e-18 0 3.68997e-18 0 3.73871e-18 0 3.78447e-18 0 3.82826e-18 0 3.87005e-18 0 3.90986e-18 0 3.94769e-18 0
2244.63 4.07017e-17 4.07017e-17 1.25119e-27 3.07404e-11 -5.02475e-08 1.45051e-18 0 1.67621e-18 0 1.9304e-18 0 2.0927e-18 0 2.21457e-18 0 2.31319e-18 0 2.3968e-18 0 2.46914e-18 0 2.53322e-18 0 2.59128e-18 0 2.64408e-18 0 2.69236e-18 0 2.73763e-18 0 2.77914e-18 0 2.81839e-18 0 2.85538e-18 0 2.89011e-18 0 2.92333e-18 0 2.95505e-18 0 2.98526e-18 0 3.01396e-18 0
2359.84 3.77273e-17 3.77273e-17 1.02449e-27 2.7155e-11 7.31814e-08 1.11395e-18 0 1.28546e-18 0 1.47855e-18 0 1.60181e-18 0 1.69436e-18 0 1.76924e-18 0 1.83273e-18 0 1.88766e-18 0 1.93631e-18 0 1.98039e-18 0 2.02047e-18 0 2.05713e-18 0 2.0915e-18 0 2.12301e-18 0 2.15281e-18 0 2.18089e-18 0 2.20725e-18 0 2.23247e-18 0 2.25655e-18 0 2.27948e-18 0 2.30127e-18 0
2480.97 3.49605e-17 3.49605e-17 8.38967e-28 2.39976e-11 4.19117e-08 8.54707e-19 0 9.84973e-19 0 1.13159e-18 0 1.22518e-18 0 1.29543e-18 0 1.35227e-18 0 1.40046e-18 0 1.44215e-18 0 1.47907e-18 0 1.51253e-18 0 1.54295e-18 0 1.57077e-18 0 1.59686e-18 0 1.62077e-18 0 1.64338e-18 0 1.66469e-18 0 1.6847e-18 0 1.70384e-18 0 1.72211e-18 0 1.73951e-18 0 1.75605e-18 0
2608.32 3.23984e-17 3.23984e-17 6.86949e-28 2.12032e-11 1.43996e-09 6.55442e-19 0 7.54378e-19 0 8.65706e-19 0 9.36751e-19 0 9.9008e-19 0 1.03323e-18 0 1.0698e-18 0 1.10145e-18 0 1.12947e-18 0 1.15487e-18 0 1.17795e-18 0 1.19907e-18 0 1.21886e-18 0 1.23701e-18 0 1.25417e-18 0 1.27034e-18 0 1.28553e-18 0 1.30005e-18 0 1.31392e-18 0 1.32712e-18 0 1.33967e-18 0
2742.21 3.00213e-17 3.00213e-17 5.62496e-28 1.87365e-11 -1.40385e-09 5.02303e-19 0 5.77428e-19 0 6.61944e-19 0 7.1587e-19 0 7.56346e-19 0 7.89093e-19 0 8.16851e-19 0 8.40865e-19 0 8.62132e-19 0 8.81401e-19 0 8.98922e-19 0 9.14943e-19 0 9.29965e-19 0 9.43736e-19 0 9.56758e-19 0 9.69029e-19 0 9.8055e-19 0 9.91571e-19 0 1.00209e-18 0 1.01211e-18 0 1.02163e-18 0
2882.97 2.78221e-17 2.78221e-17 4.60532e-28 1.65527e-11 6.7375e-08 3.84788e-19 0 4.41834e-19 0 5.05997e-19 0 5.46932e-19 0 5.77655e-19 0 6.0251e-19 0 6.23577e-19 0 6.41802e-19 0 6.57942e-19 0 6.72566e-19 0 6.85863e-19 0 6.98021e-19 0 7.09421e-19 0 7.19871e-19 0 7.29753e-19 0 7.39065e-19 0 7.47808e-19 0 7.56172e-19 0 7.64155e-19 0 7.71759e-19 0 7.78984e-19 0
3030.95 2.57859e-17 2.57859e-17 3.77098e-28 1.46242e-11 2.25083e-08 2.94638e-19 0 3.37955e-19 0 3.86667e-19 0 4.1774e-19 0 4.4106e-19 0 4.59925e-19 0 4.75915e-19 0 4.89747e-19 0 5.01997e-19 0 5.13096e-19 0 5.23187e-19 0 5.32414e-19 0 5.41065e-19 0 5.48996e-19 0 5.56496e-19 0 5.63563e-19 0 5.70198e-19 0 5.76544e-19 0 5.82603e-19 0 5.88373e-19 0 5.93856e-19 0
3186.53 2.38994e-17 2.38994e-17 3.08758e-28 1.29191e-11 2.84536e-08 2.25508e-19 0 2.58398e-19 0 2.95377e-19 0 3.18965e-19 0 3.36665e-19 0 3.50983e-19 0 3.63119e-19 0 3.73617e-19 0 3.82914e-19 0 3.91337e-19 0 3.98996e-19 0 4.05998e-19 0 4.12564e-19 0 4.18583e-19 0 4.24274e-19 0 4.29637e-19 0 4.34672e-19 0 4.39488e-19 0 4.44086e-19 0 4.48465e-19 0 4.52625e-19 0
3350.09 2.21487e-17 2.21487e-17 2.52799e-28 1.14137e-11 -4.11617e-08 1.72502e-19 0 1.97471e-19 0 2.2554e-19 0 2.43441e-19 0 2.56874e-19 0 2.67741e-19 0 2.7695e-19 0 2.84917e-19 0 2.91972e-19 0 2.98363e-19 0 3.04175e-19 0 3.09488e-19 0 3.1447e-19 0 3.19038e-19 0 3.23356e-19 0 3.27425e-19 0 3.31246e-19 0 3.34901e-19 0 3.38389e-19 0 3.41712e-19 0 3.44869e-19 0
3522.05 2.05179e-17 2.05179e-17 2.07015e-28 1.00895e-11 4.20316e-08 1.31846e-19 0 1.50792e-19 0 1.72087e-19 0 1.85668e-19 0 1.95858e-19 0 2.041e-19 0 2.11086e-19 0 2.17129e-19 0 2.2248e-19 0 2.27328e-19 0 2.31736e-19 0 2.35766e-19 0 2.39545e-19 0 2.43009e-19 0 2.46284e-19 0 2.49371e-19 0 2.52269e-19 0 2.55041e-19 0 2.57687e-19 0 2.60207e-19 0 2.62601e-19 0
3702.84 1.90164e-17 1.90164e-17 1.6949e-28 8.91283e-12 1.12098e-07 1.0078e-19 0 1.15162e-19 0 1.31325e-19 0 1.41632e-19 0 1.49366e-19 0 1.55621e-19 0 1.60922e-19 0 1.65508e-19 0 1.69569e-19 0 1.73248e-19 0 1.76592e-19 0 1.79651e-19 0 1.82518e-19 0 1.85147e-19 0 1.87632e-19 0 1.89974e-19 0 1.92173e-19 0 1.94277e-19 0 1.96284e-19 0 1.98197e-19 0 2.00013e-19 0
3892.91 1.76236e-17 1.76236e-17 1.38768e-28 7.87402e-12 -1.77763e-07 7.69987e-20 0 8.79148e-20 0 1.00182e-19 0 1.08003e-19 0 1.13872e-19 0 1.18618e-19 0 1.22641e-19 0 1.2612e-19 0 1.29202e-19 0 1.31993e-19 0 1.34531e-19 0 1.36852e-19 0 1.39027e-19 0 1.41022e-19 0 1.42908e-19 0 1.44685e-19 0 1.46353e-19 0 1.47949e-19 0 1.49472e-19 0 1.50923e-19 0 1.52302e-19 0
4092.73 1.6333e-17 1.6333e-17 1.13609e-28 6.95581e-12 -6.1554e-08 5.88087e-20 0 6.70938e-20 0 7.64031e-20 0 8.23385e-20 0 8.67916e-20 0 9.03934e-20 0 9.34457e-20 0 9.6086e-20 0 9.8424e-20 0 1.00542e-19 0 1.02468e-19 0 1.04229e-19 0 1.05879e-19 0 1.07393e-19 0 1.08823e-19 0 1.10172e-19 0 1.11438e-19 0 1.12648e-19 0 1.13804e-19 0 1.14905e-19 0 1.15951e-19 0
4302.81 1.51376e-17 1.51376e-17 9.3012e-29 6.14444e-12 -4.36734e-09 4.49026e-20 0 5.11908e-20 0 5.82558e-20 0 6.276e-20 0 6.61392e-20 0 6.88723e-20 0 7.11884e-20 0 7.31919e-20 0 7.49659e-20 0 7.65731e-20 0 7.80343e-20 0 7.93703e-20 0 8.06229e-20 0 8.17711e-20 0 8.28568e-20 0 8.38799e-20 0 8.48404e-20 0 8.57591e-20 0 8.66361e-20 0 8.74714e-20 0 8.82649e-20 0
4523.68 1.40296e-17 1.40296e-17 7.61529e-29 5.42803e-12 1.30419e-07 3.42731e-20 0 3.90455e-20 0 4.4407e-20 0 4.78249e-20 0 5.03891e-20 0 5.24629e-20 0 5.42204e-20 0 5.57406e-20 0 5.70867e-20 0 5.83061e-20 0 5.94148e-20 0 6.04285e-20 0 6.13789e-20 0 6.22502e-20 0 6.30739e-20 0 6.38502e-20 0 6.45789e-20 0 6.5276e-20 0 6.59414e-20 0 6.65752e-20 0 6.71772e-20 0
4755.88 1.30001e-17 1.30001e-17 6.23438e-29 4.79563e-12 1.2876e-07 2.61468e-20 0 2.9768e-20 0 3.38357e-20 0 3.64288e-20 0 3.83741e-20 0 3.99474e-20 0 4.12807e-20 0 4.24339e-20 0 4.34551e-20 0 4.43802e-20 0 4.52212e-20 0 4.59902e-20 0 4.67112e-20 0 4.73721e-20 0 4.7997e-20 0 4.85859e-20 0 4.91387e-20 0 4.96675e-20 0 5.01722e-20 0 5.0653e-20 0 5.11097e-20 0
5000 1.20483e-17 1.20483e-17 5.10412e-29 4.23639e-12 -3.30245e-07 1.99448e-20 0 2.26928e-20 0 2.57795e-20 0 2.77471e-20 0 2.92231e-20 0 3.04168e-20 0 3.14284e-20 0 3.23034e-20 0 3.30782e-20 0 3.37801e-20 0 3.44182e-20 0 3.50017e-20 0 3.55487e-20 0 3.60501e-20 0 3.65242e-20 0 3.6971e-20 0 3.73904e-20 0 3.77916e-20 0 3.81746e-20 0 3.85393e-20 0 3.88858e-20 0
