# 1.2262e-05 0 60 : grain size, compostion index, size index
# Heating and cooling timescale: 0.044063 14250.3
# Ratio of heating to cooling to determine stochastic cutoff: 100
# Equilibrium emission is recorded even for those grains in the stochastic regime.
# Emission spectrum was computed for: 
# Type: ISRF
# Scales: 0.25 0.5 1 1.5 2 2.5 3 3.5 4 4.5 5 5.5 6 6.5 7 7.5 8 8.5 9 9.5 10
# StochasticallyHeated: 0 0 0 0 0 0 0 0 0 0 0 0 0 0 0 0 0 0 0 0 0
# Temperature: -1
# Wavelength  CExt  CAbs  CSca  Albedo G EqEm1 StEm1 EqEm2 StEm2 EqEm3 StEm3 EqEm4 StEm4 EqEm5 StEm5 EqEm6 StEm6 EqEm7 StEm7 EqEm8 StEm8 EqEm9 StEm9 EqEm10 StEm10 EqEm11 StEm11 EqEm12 StEm12 EqEm13 StEm13 EqEm14 StEm14 EqEm15 StEm15 EqEm16 StEm16 EqEm17 StEm17 EqEm18 StEm18 EqEm19 StEm19 EqEm20 StEm20 EqEm21 StEm21
0.05 9.19063e-10 4.17459e-10 5.01604e-10 0.545777 0.955179 0 0 0 0 0 0 0 0 0 0 0 0 0 0 0 0 0 0 0 0 0 0 0 0 0 0 0 0 0 0 0 0 0 0 0 0 0 0 0 0 0 0
0.0525665 9.25498e-10 4.21238e-10 5.0426e-10 0.544853 0.951103 0 0 0 0 0 0 0 0 0 0 0 0 0 0 0 0 0 0 0 0 0 0 0 0 0 0 0 0 0 0 0 0 0 0 0 0 0 0 0 0 0 0
0.0552647 9.32612e-10 4.25236e-10 5.07376e-10 0.544038 0.94652 0 0 0 0 0 0 0 0 0 0 0 0 0 0 0 0 0 0 0 0 0 0 0 0 0 0 0 0 0 0 0 0 0 0 0 0 0 0 0 0 0 0
0.0581015 9.40522e-10 4.2958e-10 5.10942e-10 0.543254 0.941382 0 0 0 0 0 0 0 0 0 0 0 0 0 0 0 0 0 0 0 0 0 0 0 0 0 0 0 0 0 0 0 0 0 0 0 0 0 0 0 0 0 0
0.0610839 9.49287e-10 4.34246e-10 5.15041e-10 0.542556 0.935648 0 0 0 0 0 0 0 0 0 0 0 0 0 0 0 0 0 0 0 0 0 0 0 0 0 0 0 0 0 0 0 0 0 0 0 0 0 0 0 0 0 0
0.0642193 9.59015e-10 4.39375e-10 5.1964e-10 0.541848 0.929337 0 0 0 0 0 0 0 0 0 0 0 0 0 0 0 0 0 0 0 0 0 0 0 0 0 0 0 0 0 0 0 0 0 0 0 0 0 0 0 0 0 0
0.0675157 9.69911e-10 4.4517e-10 5.24741e-10 0.54102 0.922516 0 0 0 0 0 0 0 0 0 0 0 0 0 0 0 0 0 0 0 0 0 0 0 0 0 0 0 0 0 0 0 0 0 0 0 0 0 0 0 0 0 0
0.0709813 9.82104e-10 4.51793e-10 5.30311e-10 0.539975 0.915292 0 0 0 0 0 0 0 0 0 0 0 0 0 0 0 0 0 0 0 0 0 0 0 0 0 0 0 0 0 0 0 0 0 0 0 0 0 0 0 0 0 0
0.0746248 9.95977e-10 4.59878e-10 5.36099e-10 0.538265 0.907976 0 0 0 0 0 0 0 0 0 0 0 0 0 0 0 0 0 0 0 0 0 0 0 0 0 0 0 0 0 0 0 0 0 0 0 0 0 0 0 0 0 0
0.0784553 1.01133e-09 4.70683e-10 5.40644e-10 0.534589 0.901783 0 0 0 0 0 0 0 0 0 0 0 0 0 0 0 0 0 0 0 0 0 0 0 0 0 0 0 0 0 0 0 0 0 0 0 0 0 0 0 0 0 0
0.0824824 1.02618e-09 4.83587e-10 5.42591e-10 0.52875 0.897741 0 0 0 0 0 0 0 0 0 0 0 0 0 0 0 0 0 0 0 0 0 0 0 0 0 0 0 0 0 0 0 0 0 0 0 0 0 0 0 0 0 0
0.0867162 1.03993e-09 4.97326e-10 5.42601e-10 0.521769 0.895396 0 0 0 0 0 0 0 0 0 0 0 0 0 0 0 0 0 0 0 0 0 0 0 0 0 0 0 0 0 0 0 0 0 0 0 0 0 0 0 0 0 0
0.0911674 1.05247e-09 5.11207e-10 5.41262e-10 0.514278 0.894231 0 0 0 0 0 0 0 0 0 0 0 0 0 0 0 0 0 0 0 0 0 0 0 0 0 0 0 0 0 0 0 0 0 0 0 0 0 0 0 0 0 0
0.095847 1.06343e-09 5.24703e-10 5.38727e-10 0.506594 0.893913 0 0 0 0 0 0 0 0 0 0 0 0 0 0 0 0 0 0 0 0 0 0 0 0 0 0 0 0 0 0 0 0 0 0 0 0 0 0 0 0 0 0
0.100767 1.07281e-09 5.37402e-10 5.35409e-10 0.499071 0.894021 0 0 0 0 0 0 0 0 0 0 0 0 0 0 0 0 0 0 0 0 0 0 0 0 0 0 0 0 0 0 0 0 0 0 0 0 0 0 0 0 0 0
0.105939 1.08041e-09 5.489e-10 5.31508e-10 0.491951 0.894148 0 0 0 0 0 0 0 0 0 0 0 0 0 0 0 0 0 0 0 0 0 0 0 0 0 0 0 0 0 0 0 0 0 0 0 0 0 0 0 0 0 0
0.111377 1.0865e-09 5.59014e-10 5.27488e-10 0.485492 0.893754 0 0 0 0 0 0 0 0 0 0 0 0 0 0 0 0 0 0 0 0 0 0 0 0 0 0 0 0 0 0 0 0 0 0 0 0 0 0 0 0 0 0
0.117094 1.09128e-09 5.67589e-10 5.23695e-10 0.479889 0.892372 0 0 0 0 0 0 0 0 0 0 0 0 0 0 0 0 0 0 0 0 0 0 0 0 0 0 0 0 0 0 0 0 0 0 0 0 0 0 0 0 0 0
0.123105 1.09474e-09 5.74337e-10 5.20401e-10 0.475366 0.889433 0 0 0 0 0 0 0 0 0 0 0 0 0 0 0 0 0 0 0 0 0 0 0 0 0 0 0 0 0 0 0 0 0 0 0 0 0 0 0 0 0 0
0.129424 1.09748e-09 5.79542e-10 5.17942e-10 0.471936 0.884751 0 0 0 0 0 0 0 0 0 0 0 0 0 0 0 0 0 0 0 0 0 0 0 0 0 0 0 0 0 0 0 0 0 0 0 0 0 0 0 0 0 0
0.136067 1.09976e-09 5.83471e-10 5.16289e-10 0.469456 0.878179 0 0 0 0 0 0 0 0 0 0 0 0 0 0 0 0 0 0 0 0 0 0 0 0 0 0 0 0 0 0 0 0 0 0 0 0 0 0 0 0 0 0
0.143051 1.10214e-09 5.86637e-10 5.15503e-10 0.467729 0.869779 0 0 0 0 0 0 0 0 0 0 0 0 0 0 0 0 0 0 0 0 0 0 0 0 0 0 0 0 0 0 0 0 0 0 0 0 0 0 0 0 0 0
0.150394 1.10548e-09 5.89687e-10 5.15796e-10 0.46658 0.86001 0 0 0 0 0 0 0 0 0 0 0 0 0 0 0 0 0 0 0 0 0 0 0 0 0 0 0 0 0 0 0 0 0 0 0 0 0 0 0 0 0 0
0.158114 1.11141e-09 5.93619e-10 5.17795e-10 0.465888 0.849267 0 0 0 0 0 0 0 0 0 0 0 0 0 0 0 0 0 0 0 0 0 0 0 0 0 0 0 0 0 0 0 0 0 0 0 0 0 0 0 0 0 0
0.16623 1.12091e-09 5.98525e-10 5.22382e-10 0.466035 0.837823 0 0 0 0 0 0 0 0 0 0 0 0 0 0 0 0 0 0 0 0 0 0 0 0 0 0 0 0 0 0 0 0 0 0 0 0 0 0 0 0 0 0
0.174762 1.13524e-09 6.04531e-10 5.30705e-10 0.467484 0.82629 0 0 0 0 0 0 0 0 0 0 0 0 0 0 0 0 0 0 0 0 0 0 0 0 0 0 0 0 0 0 0 0 0 0 0 0 0 0 0 0 0 0
0.183733 1.15547e-09 6.12496e-10 5.42972e-10 0.469916 0.815247 0 0 0 0 0 0 0 0 0 0 0 0 0 0 0 0 0 0 0 0 0 0 0 0 0 0 0 0 0 0 0 0 0 0 0 0 0 0 0 0 0 0
0.193164 1.18143e-09 6.22489e-10 5.58944e-10 0.473107 0.804674 0 0 0 0 0 0 0 0 0 0 0 0 0 0 0 0 0 0 0 0 0 0 0 0 0 0 0 0 0 0 0 0 0 0 0 0 0 0 0 0 0 0
0.203079 1.21241e-09 6.33736e-10 5.78674e-10 0.477292 0.794352 0 0 0 0 0 0 0 0 0 0 0 0 0 0 0 0 0 0 0 0 0 0 0 0 0 0 0 0 0 0 0 0 0 0 0 0 0 0 0 0 0 0
0.213503 1.24821e-09 6.45527e-10 6.0268e-10 0.482837 0.784076 0 0 0 0 0 0 0 0 0 0 0 0 0 0 0 0 0 0 0 0 0 0 0 0 0 0 0 0 0 0 0 0 0 0 0 0 0 0 0 0 0 0
0.224463 1.28917e-09 6.57519e-10 6.31655e-10 0.489969 0.773786 0 0 0 0 0 0 0 0 0 0 0 0 0 0 0 0 0 0 0 0 0 0 0 0 0 0 0 0 0 0 0 0 0 0 0 0 0 0 0 0 0 0
0.235984 1.33529e-09 6.69286e-10 6.66006e-10 0.498772 0.76394 0 0 0 0 0 0 0 0 0 0 0 0 0 0 0 0 0 0 0 0 0 0 0 0 0 0 0 0 0 0 0 0 0 0 0 0 0 0 0 0 0 0
0.248097 1.38605e-09 6.80473e-10 7.05581e-10 0.509057 0.755603 0 0 0 0 0 0 0 0 0 0 0 0 0 0 0 0 0 0 0 0 0 0 0 0 0 0 0 0 0 0 0 0 0 0 0 0 0 0 0 0 0 0
0.260832 1.43852e-09 6.89884e-10 7.48638e-10 0.520422 0.748699 0 0 0 0 0 0 0 0 0 0 0 0 0 0 0 0 0 0 0 0 0 0 0 0 0 0 0 0 0 0 0 0 0 0 0 0 0 0 0 0 0 0
0.274221 1.48772e-09 6.94354e-10 7.93363e-10 0.533276 0.74035 0 0 0 0 0 0 0 0 0 0 0 0 0 0 0 0 0 0 0 0 0 0 0 0 0 0 0 0 0 0 0 0 0 0 0 0 0 0 0 0 0 0
0.288297 1.53055e-09 6.90937e-10 8.3961e-10 0.548568 0.728065 0 0 0 0 0 0 0 0 0 0 0 0 0 0 0 0 0 0 0 0 0 0 0 0 0 0 0 0 0 0 0 0 0 0 0 0 0 0 0 0 0 0
0.303095 1.5701e-09 6.82363e-10 8.87738e-10 0.565402 0.713766 0 0 0 0 0 0 0 0 0 0 0 0 0 0 0 0 0 0 0 0 0 0 0 0 0 0 0 0 0 0 0 0 0 0 0 0 0 0 0 0 0 0
0.318653 1.60628e-09 6.7364e-10 9.32643e-10 0.580622 0.700684 0 0 0 0 0 0 0 0 0 0 0 0 0 0 0 0 0 0 0 0 0 0 0 0 0 0 0 0 0 0 0 0 0 0 0 0 0 0 0 0 0 0
0.335009 1.62962e-09 6.6491e-10 9.64713e-10 0.591985 0.689769 0 0 0 0 0 0 0 0 0 0 0 0 0 0 0 0 0 0 0 0 0 0 0 0 0 0 0 0 0 0 0 0 0 0 0 0 0 0 0 0 0 0
0.352205 1.62962e-09 6.52338e-10 9.77278e-10 0.599698 0.678718 0 0 0 0 0 0 0 0 0 0 0 0 0 0 0 0 0 0 0 0 0 0 0 0 0 0 0 0 0 0 0 0 0 0 0 0 0 0 0 0 0 0
0.370284 1.60413e-09 6.33127e-10 9.71005e-10 0.605315 0.663805 0 0 0 0 0 0 0 0 0 0 0 0 0 0 0 0 0 0 0 0 0 0 0 0 0 0 0 0 0 0 0 0 0 0 0 0 0 0 0 0 0 0
0.389291 1.5606e-09 6.08411e-10 9.52188e-10 0.610143 0.642564 0 0 0 0 0 0 0 0 0 0 0 0 0 0 0 0 0 0 0 0 0 0 0 0 0 0 0 0 0 0 0 0 0 0 0 0 0 0 0 0 0 0
0.409273 1.50856e-09 5.82351e-10 9.26209e-10 0.613969 0.615494 0 0 0 0 0 0 0 0 0 0 0 0 0 0 0 0 0 0 0 0 0 0 0 0 0 0 0 0 0 0 0 0 0 0 0 0 0 0 0 0 0 0
0.430281 1.45346e-09 5.59058e-10 8.94406e-10 0.615362 0.585419 0 0 0 0 0 0 0 0 0 0 0 0 0 0 0 0 0 0 0 0 0 0 0 0 0 0 0 0 0 0 0 0 0 0 0 0 0 0 0 0 0 0
0.452368 1.39608e-09 5.40561e-10 8.55523e-10 0.612802 0.555341 0 0 0 0 0 0 0 0 0 0 0 0 0 0 0 0 0 0 0 0 0 0 0 0 0 0 0 0 0 0 0 0 0 0 0 0 0 0 0 0 0 0
0.475588 1.33447e-09 5.26411e-10 8.08059e-10 0.605528 0.526975 0 0 0 0 0 0 0 0 0 0 0 0 0 0 0 0 0 0 0 0 0 0 0 0 0 0 0 0 0 0 0 0 0 0 0 0 0 0 0 0 0 0
0.5 1.26686e-09 5.14303e-10 7.5256e-10 0.594034 0.500426 0 0 0 0 0 0 0 0 0 0 0 0 0 0 0 0 0 0 0 0 0 0 0 0 0 0 0 0 0 0 0 0 0 0 0 0 0 0 0 0 0 0
0.525665 1.19218e-09 5.01551e-10 6.90627e-10 0.579299 0.474794 0 0 0 0 0 0 0 0 0 0 0 0 0 0 0 0 0 0 0 0 0 0 0 0 0 0 0 0 0 0 0 0 0 0 0 0 0 0 0 0 0 0
0.552648 1.11234e-09 4.86937e-10 6.25402e-10 0.56224 0.449018 0 0 0 0 0 0 0 0 0 0 0 0 0 0 0 0 0 0 0 0 0 0 0 0 0 0 0 0 0 0 0 0 0 0 0 0 0 0 0 0 0 0
0.581015 1.02927e-09 4.68864e-10 5.60409e-10 0.544471 0.422317 0 0 0 0 0 0 0 0 0 0 0 0 0 0 0 0 0 0 0 0 0 0 0 0 0 0 0 0 0 0 0 0 0 0 0 0 0 0 0 0 0 0
0.610839 9.45021e-10 4.47573e-10 4.97448e-10 0.526388 0.394509 0 0 0 0 0 0 0 0 0 0 0 0 0 0 0 0 0 0 0 0 0 0 0 0 0 0 0 0 0 0 0 0 0 0 0 0 0 0 0 0 0 0
0.642193 8.61746e-10 4.23944e-10 4.37801e-10 0.50804 0.365956 0 0 0 0 0 0 0 0 0 0 0 0 0 0 0 0 0 0 0 0 0 0 0 0 0 0 0 0 0 0 0 0 0 0 0 0 0 0 0 0 0 0
0.675157 7.81397e-10 3.9905e-10 3.82348e-10 0.489313 0.337333 0 0 0 0 0 0 0 0 0 0 0 0 0 0 0 0 0 0 0 0 0 0 0 0 0 0 0 0 0 0 0 0 0 0 0 0 0 0 0 0 0 0
0.709813 7.05391e-10 3.7384e-10 3.31551e-10 0.470025 0.30936 0 0 0 0 0 0 0 0 0 0 0 0 0 0 0 0 0 0 0 0 0 0 0 0 0 0 0 0 0 0 0 0 0 0 0 0 0 0 0 0 0 0
0.746248 6.34628e-10 3.49019e-10 2.85609e-10 0.450041 0.282638 0 0 0 0 0 0 0 0 0 0 0 0 0 0 0 0 0 0 0 0 0 0 0 0 0 0 0 0 0 0 0 0 0 0 0 0 0 0 0 0 0 0
0.784553 5.69571e-10 3.2504e-10 2.44531e-10 0.429325 0.257555 0 0 0 0 0 0 0 0 0 0 0 0 0 0 0 0 0 0 0 0 0 0 0 0 0 0 0 0 0 0 0 0 0 0 0 0 0 0 0 0 0 0
0.824824 5.1037e-10 3.02172e-10 2.08198e-10 0.407936 0.234342 0 0 0 0 0 0 0 0 0 0 0 0 0 0 0 0 0 0 0 0 0 0 0 0 0 0 0 0 0 0 0 0 0 0 0 0 0 0 0 0 0 0
0.867162 4.56922e-10 2.80551e-10 1.76371e-10 0.385998 0.213056 0 0 0 0 0 0 0 0 0 0 0 0 0 0 0 0 0 0 0 0 0 0 0 0 0 0 0 0 0 0 0 0 0 0 0 0 0 0 0 0 0 0
0.911674 4.08989e-10 2.60241e-10 1.48748e-10 0.363697 0.193664 0 0 0 0 0 0 0 0 0 0 0 0 0 0 0 0 0 0 0 0 0 0 0 0 0 0 0 0 0 0 0 0 0 0 0 0 0 0 0 0 0 0
0.95847 3.66218e-10 2.4125e-10 1.24967e-10 0.341238 0.176063 0 0 0 0 0 0 0 0 0 0 0 0 0 0 0 0 0 0 0 0 0 0 0 0 0 0 0 0 0 0 0 0 0 0 0 0 0 0 0 0 0 0
1.00767 3.28215e-10 2.23563e-10 1.04652e-10 0.318851 0.160123 0 0 0 0 0 0 0 0 0 0 0 0 0 0 0 0 0 0 0 0 0 0 0 0 0 0 0 0 0 0 0 0 0 0 0 0 0 0 0 0 0 0
1.05939 2.94544e-10 2.07136e-10 8.74078e-11 0.296756 0.145699 0 0 0 0 0 0 0 0 0 0 0 0 0 0 0 0 0 0 0 0 0 0 0 0 0 0 0 0 0 0 0 0 0 0 0 0 0 0 0 0 0 0
1.11377 2.64755e-10 1.91918e-10 7.28372e-11 0.275112 0.132643 0 0 0 0 0 0 0 0 0 0 0 0 0 0 0 0 0 0 0 0 0 0 0 0 0 0 0 0 0 0 0 0 0 0 0 0 0 0 0 0 0 0
1.17094 2.38421e-10 1.77842e-10 6.05782e-11 0.254081 0.120812 0 0 0 0 0 0 0 0 0 0 0 0 0 0 0 0 0 0 0 0 0 0 0 0 0 0 0 0 0 0 0 0 0 0 0 0 0 0 0 0 0 0
1.23105 2.15146e-10 1.64842e-10 5.03042e-11 0.233814 0.110092 0 0 0 0 0 0 0 0 0 0 0 0 0 0 0 0 0 0 0 0 0 0 0 0 0 0 0 0 0 0 0 0 0 0 0 0 0 0 0 0 0 0
1.29424 1.94571e-10 1.52853e-10 4.17181e-11 0.214411 0.100358 0 0 0 0 0 0 0 0 0 0 0 0 0 0 0 0 0 0 0 0 0 0 0 0 0 0 0 0 0 0 0 0 0 0 0 0 0 0 0 0 0 0
1.36067 1.76367e-10 1.41806e-10 3.45616e-11 0.195964 0.0915168 0 0 0 0 0 0 0 0 0 0 0 0 0 0 0 0 0 0 0 0 0 0 0 0 0 0 0 0 0 0 0 0 0 0 0 0 0 0 0 0 0 0
1.43051 1.6024e-10 1.31631e-10 2.86086e-11 0.178536 0.0834792 0 0 0 0 0 0 0 0 0 0 0 0 0 0 0 0 0 0 0 0 0 0 0 0 0 0 0 0 0 0 0 0 0 0 0 0 0 0 0 0 0 0
1.50394 1.45927e-10 1.22261e-10 2.36651e-11 0.162171 0.0761646 0 0 0 0 0 0 0 0 0 0 0 0 0 0 0 0 0 0 0 0 0 0 0 0 0 0 0 0 0 0 0 0 0 0 0 0 0 0 0 0 0 0
1.58114 1.33199e-10 1.13634e-10 1.95651e-11 0.146886 0.0695037 0 0 0 0 0 0 0 0 0 0 0 0 0 0 0 0 0 0 0 0 0 0 0 0 0 0 0 0 0 0 0 0 0 0 0 0 0 0 0 0 0 0
1.6623 1.21857e-10 1.05689e-10 1.61687e-11 0.132685 0.0634342 0 0 0 0 0 0 0 0 0 0 0 0 0 0 0 0 0 0 0 0 0 0 0 0 0 0 0 0 0 0 0 0 0 0 0 0 0 0 0 0 0 0
1.74763 1.11727e-10 9.83699e-11 1.33572e-11 0.119552 0.0579005 0 0 0 0 0 0 0 0 0 0 0 0 0 0 0 0 0 0 0 0 0 0 0 0 0 0 0 0 0 0 0 0 0 0 0 0 0 0 0 0 0 0
1.83733 1.0265e-10 9.16191e-11 1.10314e-11 0.107466 0.0528528 0 0 0 0 0 0 0 0 0 0 0 0 0 0 0 0 0 0 0 0 0 0 0 0 0 0 0 0 0 0 0 0 0 0 0 0 0 0 0 0 0 0
1.93164 9.45054e-11 8.53968e-11 9.10856e-12 0.0963814 0.0482466 0 0 0 0 0 0 0 0 0 0 0 0 0 0 0 0 0 0 0 0 0 0 0 0 0 0 0 0 0 0 0 0 0 0 0 0 0 0 0 0 0 0
2.03079 8.71752e-11 7.96534e-11 7.52182e-12 0.0862839 0.0440465 0 0 0 0 0 0 0 0 0 0 0 0 0 0 0 0 0 0 0 0 0 0 0 0 0 0 0 0 0 0 0 0 0 0 0 0 0 0 0 0 0 0
2.13503 8.05599e-11 7.43489e-11 6.21097e-12 0.0770975 0.040212 0 0 0 0 0 0 0 0 0 0 0 0 0 0 0 0 0 0 0 0 0 0 0 0 0 0 0 0 0 0 0 0 0 0 0 0 0 0 0 0 0 0
2.24463 7.45718e-11 6.94438e-11 5.12797e-12 0.0687656 0.0367107 0 0 0 0 0 0 0 0 0 0 0 0 0 0 0 0 0 0 0 0 0 0 0 0 0 0 0 0 0 0 0 0 0 0 0 0 0 0 0 0 0 0
2.35984 6.91387e-11 6.49056e-11 4.2331e-12 0.0612262 0.0335137 0 0 0 0 0 0 0 0 0 0 0 0 0 0 0 0 0 0 0 0 0 0 0 0 0 0 0 0 0 0 0 0 0 0 0 0 0 0 0 0 0 0
2.48097 6.41955e-11 6.07014e-11 3.49408e-12 0.0544288 0.030593 0 0 0 0 0 0 0 0 0 0 0 0 0 0 0 0 0 0 0 0 0 0 0 0 0 0 0 0 0 0 0 0 0 0 0 0 0 0 0 0 0 0
2.60832 5.96938e-11 5.68101e-11 2.88372e-12 0.0483086 0.0279254 0 0 0 0 0 0 0 0 0 0 0 0 0 0 0 0 0 0 0 0 0 0 0 0 0 0 0 0 0 0 0 0 0 0 0 0 0 0 0 0 0 0
2.74221 5.55789e-11 5.31993e-11 2.37959e-12 0.0428147 0.0254886 0 0 0 0 0 0 0 0 0 0 0 0 0 0 0 0 0 0 0 0 0 0 0 0 0 0 0 0 0 0 0 0 0 0 0 0 0 0 0 0 0 0
2.88297 5.18189e-11 4.98557e-11 1.96314e-12 0.0378847 0.0232634 0 0 0 0 0 0 0 0 0 0 0 0 0 0 0 0 0 0 0 0 0 0 0 0 0 0 0 0 0 0 0 0 0 0 0 0 0 0 0 0 0 0
3.03095 4.83818e-11 4.67638e-11 1.61799e-12 0.0334421 0.0212276 0 0 0 0 0 0 0 0 0 0 0 0 0 0 0 0 0 0 0 0 0 0 0 0 0 0 0 0 0 0 0 0 0 0 0 0 0 0 0 0 0 0
3.18653 4.53397e-11 4.40073e-11 1.33245e-12 0.0293882 0.0193725 0 0 0 0 0 0 0 0 0 0 0 0 0 0 0 0 0 0 0 0 0 0 0 0 0 0 0 0 0 0 0 0 0 0 0 0 0 0 0 0 0 0
3.35009 4.36621e-11 4.25635e-11 1.09866e-12 0.0251629 0.0176767 0 0 0 0 0 0 0 0 0 0 0 0 0 0 0 0 0 0 0 0 0 0 0 0 0 0 0 0 0 0 0 0 0 0 0 0 0 0 0 0 0 0
3.52205 4.00615e-11 3.91338e-11 9.27768e-13 0.0231586 0.0161197 0 0 0 0 0 0 0 0 0 0 0 0 0 0 0 0 0 0 0 0 0 0 0 0 0 0 0 0 0 0 0 0 0 0 0 0 0 0 0 0 0 0
3.70284 3.67263e-11 3.59702e-11 7.56064e-13 0.0205865 0.0147133 0 0 0 0 0 0 0 0 0 0 0 0 0 0 0 0 0 0 0 0 0 0 0 0 0 0 0 0 0 0 0 0 0 0 0 0 0 0 0 0 0 0
3.89291 3.44347e-11 3.38121e-11 6.2263e-13 0.0180815 0.0134237 0 0 0 0 0 0 0 0 0 0 0 0 0 0 0 0 0 0 0 0 0 0 0 0 0 0 0 0 0 0 0 0 0 0 0 0 0 0 0 0 0 0
4.09273 3.2293e-11 3.17797e-11 5.13317e-13 0.0158956 0.0122451 0 0 0 0 0 0 0 0 0 0 0 0 0 0 0 0 0 0 0 0 0 0 0 0 0 0 0 0 0 0 0 0 0 0 0 0 0 0 0 0 0 0
4.30281 3.02951e-11 2.98718e-11 4.23274e-13 0.0139717 0.0111687 0 0 0 0 0 0 0 0 0 0 0 0 0 0 0 0 0 0 0 0 0 0 0 0 0 0 0 0 0 0 0 0 0 0 0 0 0 0 0 0 0 0
4.52368 2.84343e-11 2.80852e-11 3.49093e-13 0.0122772 0.0101868 0 0 0 0 0 0 0 0 0 0 0 0 0 0 0 0 0 0 0 0 0 0 0 0 0 0 0 0 0 0 0 0 0 0 0 0 0 0 0 0 0 0
4.75588 2.67e-11 2.64121e-11 2.87878e-13 0.010782 0.0092892 0 0 0 0 0 0 0 0 0 0 0 0 0 0 0 0 0 0 0 0 0 0 0 0 0 0 0 0 0 0 0 0 0 0 0 0 0 0 0 0 0 0
5 2.50849e-11 2.48475e-11 2.37392e-13 0.00946354 0.00846982 0 0 0 0 0 0 0 0 0 0 0 0 0 0 0 0 0 0 0 0 0 0 0 0 0 0 0 0 0 0 0 0 0 0 0 0 1.4013e-45 0 5.60519e-45 0 1.4013e-44 0
5.25665 2.35816e-11 2.33859e-11 1.95716e-13 0.00829953 0.00772088 0 0 0 0 0 0 0 0 0 0 0 0 0 0 0 0 0 0 0 0 0 0 0 0 0 0 0 0 1.4013e-45 0 5.60519e-45 0 2.10195e-44 0 6.86636e-44 0 2.08793e-43 0 5.89947e-43 0 1.56665e-42 0
5.52648 2.21886e-11 2.20273e-11 1.61308e-13 0.00726986 0.00703574 0 0 0 0 0 0 0 0 0 0 0 0 0 0 0 0 0 0 0 0 0 0 1.4013e-45 0 8.40779e-45 0 4.2039e-44 0 1.79366e-43 0 6.5861e-43 0 2.24908e-42 0 7.14802e-42 0 2.04155e-41 0 5.4823e-41 0 1.38842e-40 0
5.81015 2.09254e-11 2.07925e-11 1.32856e-13 0.00634904 0.00640631 0 0 0 0 0 0 0 0 0 0 0 0 0 0 0 0 0 0 4.2039e-45 0 2.94273e-44 0 1.82169e-43 0 9.69699e-43 0 4.38466e-42 0 1.74209e-41 0 6.01381e-41 0 1.9326e-40 0 5.80543e-40 0 1.57534e-39 0 4.03112e-39 0 9.7561e-39 0
6.10839 2.0061e-11 1.99517e-11 1.09329e-13 0.0054498 0.00581793 0 0 0 0 0 0 0 0 0 0 0 0 0 0 2.8026e-45 0 4.48416e-44 0 4.27396e-43 0 3.1249e-42 0 1.77264e-41 0 8.69296e-41 0 3.65188e-40 0 1.35654e-39 0 4.40798e-39 0 1.33807e-38 0 3.80932e-38 0 9.84509e-38 0 2.40629e-37 0 5.57775e-37 0
6.42193 1.87006e-11 1.86095e-11 9.11184e-14 0.00487248 0.00535983 0 0 0 0 0 0 0 0 0 0 0 0 1.82169e-44 0 3.60134e-43 0 4.41409e-42 0 3.82386e-41 0 2.53572e-40 0 1.32166e-39 0 5.99719e-39 0 2.3489e-38 0 8.18378e-38 0 2.51057e-37 0 7.21882e-37 0 1.95277e-36 0 4.81826e-36 0 1.12738e-35 0 2.50815e-35 0
6.75157 1.75625e-11 1.74877e-11 7.4739e-14 0.00425561 0.00486983 0 0 0 0 0 0 0 0 1.4013e-45 0 5.88545e-44 0 1.8399e-42 0 3.21724e-41 0 3.4939e-40 0 2.72365e-39 0 1.64679e-38 0 7.91863e-38 0 3.33741e-37 0 1.22286e-36 0 4.00867e-36 0 1.16426e-35 0 3.17942e-35 0 8.19282e-35 0 1.93429e-34 0 4.34185e-34 0 9.28973e-34 0
7.09813 1.66886e-11 1.6627e-11 6.16031e-14 0.00369133 0.00442393 0 0 0 0 0 0 0 0 8.82818e-44 0 5.72711e-42 0 1.51392e-40 0 2.30282e-39 0 2.22592e-38 0 1.56966e-37 0 8.69237e-37 0 3.87125e-36 0 1.52092e-35 0 5.23046e-35 0 1.61803e-34 0 4.46098e-34 0 1.15992e-33 0 2.85391e-33 0 6.46119e-33 0 1.39419e-32 0 2.87423e-32 0
7.46248 1.60476e-11 1.59968e-11 5.07267e-14 0.00316102 0.00401505 0 0 0 0 0 0 3.64338e-44 0 8.34894e-42 0 4.44722e-40 0 1.00184e-38 0 1.33425e-37 0 1.15447e-36 0 7.40053e-36 0 3.76966e-35 0 1.56078e-34 0 5.73567e-34 0 1.85706e-33 0 5.43661e-33 0 1.42648e-32 0 3.53998e-32 0 8.33536e-32 0 1.8133e-31 0 3.76853e-31 0 7.49948e-31 0
7.84553 1.54376e-11 1.53949e-11 4.26337e-14 0.00276168 0.00371606 0 0 0 0 1.4013e-45 0 3.61115e-42 0 6.27678e-40 0 2.75381e-38 0 5.32842e-37 0 6.25371e-36 0 4.86998e-35 0 2.8511e-34 0 1.34132e-33 0 5.18137e-33 0 1.78686e-32 0 5.46284e-32 0 1.51756e-31 0 3.79865e-31 0 9.0176e-31 0 2.03636e-30 0 4.26502e-30 0 8.55285e-30 0 1.64581e-29 0
8.24824 1.37784e-11 1.37434e-11 3.49773e-14 0.00253856 0.00339395 0 0 0 0 1.66755e-43 0 2.58681e-40 0 3.49565e-38 0 1.27511e-36 0 2.13497e-35 0 2.22183e-34 0 1.56523e-33 0 8.40607e-33 0 3.66671e-32 0 1.32597e-31 0 4.30457e-31 0 1.24613e-30 0 3.29325e-30 0 7.8823e-30 0 1.79384e-29 0 3.89292e-29 0 7.86439e-29 0 1.52441e-28 0 2.84112e-28 0
8.67162 1.31083e-11 1.30793e-11 2.89375e-14 0.00220758 0.00310065 0 0 0 0 1.45609e-41 0 1.57548e-38 0 1.6755e-36 0 5.12741e-35 0 7.48153e-34 0 6.94449e-33 0 4.44746e-32 0 2.20031e-31 0 8.93172e-31 0 3.03345e-30 0 9.29744e-30 0 2.55539e-29 0 6.4404e-29 0 1.47719e-28 0 3.22945e-28 0 6.74827e-28 0 1.31726e-27 0 2.47215e-27 0 4.46953e-27 0
9.11674 1.20196e-11 1.19958e-11 2.37525e-14 0.00197615 0.00282336 0 0 2.8026e-45 0 9.69239e-40 0 7.45626e-37 0 6.31391e-35 0 1.63498e-33 0 2.093e-32 0 1.74251e-31 0 1.01923e-30 0 4.6638e-30 0 1.76801e-29 0 5.65667e-29 0 1.64149e-28 0 4.29432e-28 0 1.03454e-27 0 2.27861e-27 0 4.79488e-27 0 9.66527e-27 0 1.82604e-26 0 3.32326e-26 0 5.83708e-26 0
9.5847 1.12945e-11 1.1275e-11 1.95334e-14 0.00172946 0.00256869 0 0 3.05483e-43 0 5.29871e-38 0 2.94679e-35 0 2.00912e-33 0 4.43833e-32 0 5.01667e-31 0 3.76602e-30 0 2.02082e-29 0 8.58518e-29 0 3.04956e-28 0 9.21836e-28 0 2.53946e-27 0 6.33878e-27 0 1.4629e-26 0 3.10023e-26 0 6.2911e-26 0 1.22546e-25 0 2.24443e-25 0 3.96701e-25 0 6.77876e-25 0
10.0767 1.06335e-11 1.06174e-11 1.60819e-14 0.00151239 0.00233878 0 0 2.44443e-41 0 2.35102e-36 0 9.60296e-34 0 5.32763e-32 0 1.01186e-30 0 1.016e-29 0 6.91221e-29 0 3.41693e-28 0 1.35265e-27 0 4.51645e-27 0 1.29348e-26 0 3.39124e-26 0 8.09519e-26 0 1.79351e-25 0 3.66401e-25 0 7.18265e-25 0 1.35431e-24 0 2.40821e-24 0 4.13975e-24 0 6.89129e-24 0
10.5939 1.00173e-11 1.0004e-11 1.32429e-14 0.00132201 0.00212995 5.60519e-45 0 1.55526e-39 0 8.54278e-35 0 2.60172e-32 0 1.18641e-30 0 1.95161e-29 0 1.75088e-28 0 1.08474e-27 0 4.95974e-27 0 1.83584e-26 0 5.77937e-26 0 1.57228e-25 0 3.93272e-25 0 8.99731e-25 0 1.91744e-24 0 3.78292e-24 0 7.17599e-24 0 1.3118e-23 0 2.26798e-23 0 3.79693e-23 0 6.16527e-23 0
11.1377 9.46178e-12 9.45087e-12 1.09086e-14 0.00115291 0.00193963 5.53513e-43 0 7.97904e-38 0 2.57235e-33 0 5.92557e-31 0 2.24236e-29 0 3.21727e-28 0 2.59316e-27 0 1.46968e-26 0 6.23918e-26 0 2.16647e-25 0 6.44885e-25 0 1.67075e-24 0 3.99608e-24 0 8.78021e-24 0 1.80331e-23 0 3.44165e-23 0 6.32771e-23 0 1.12316e-22 0 1.89062e-22 0 3.08653e-22 0 4.89454e-22 0
11.7094 8.89368e-12 8.88469e-12 8.99305e-15 0.00101117 0.00176859 4.09964e-41 0 3.31102e-36 0 6.43021e-32 0 1.13575e-29 0 3.59928e-28 0 4.53438e-27 0 3.30072e-26 0 1.71878e-25 0 6.79934e-25 0 2.22176e-24 0 6.27042e-24 0 1.55074e-23 0 3.55445e-23 0 7.51539e-23 0 1.49024e-22 0 2.7558e-22 0 4.9183e-22 0 8.48875e-22 0 1.39304e-21 0 2.22043e-21 0 3.44272e-21 0
12.3105 8.38141e-12 8.374e-12 7.40696e-15 0.000883737 0.00161084 2.43142e-39 0 1.13105e-34 0 1.35635e-30 0 1.86089e-28 0 4.98164e-27 0 5.54566e-26 0 3.66398e-25 0 1.76026e-24 0 6.51123e-24 0 2.00811e-23 0 5.38749e-23 0 1.27476e-22 0 2.80591e-22 0 5.71975e-22 0 1.0969e-21 0 1.96844e-21 0 3.41512e-21 0 5.73935e-21 0 9.19347e-21 0 1.43241e-20 0 2.17387e-20 0
12.9424 7.89539e-12 7.88928e-12 6.10437e-15 0.000773157 0.00146819 1.16319e-37 0 3.20169e-33 0 2.4273e-29 0 2.61889e-27 0 5.97125e-26 0 5.90946e-25 0 3.5605e-24 0 1.58436e-23 0 5.49802e-23 0 1.6049e-22 0 4.1032e-22 0 9.30901e-22 0 1.9716e-21 0 3.88168e-21 0 7.21111e-21 0 1.25765e-20 0 2.12403e-20 0 3.48024e-20 0 5.44798e-20 0 8.30654e-20 0 1.23521e-19 0
13.6067 7.43007e-12 7.42504e-12 5.02775e-15 0.000676677 0.00133756 4.53326e-36 0 7.57486e-32 0 3.71274e-28 0 3.18734e-26 0 6.23843e-25 0 5.5202e-24 0 3.04676e-23 0 1.26045e-22 0 4.11619e-22 0 1.14031e-21 0 2.78479e-21 0 6.0702e-21 0 1.23938e-20 0 2.36071e-20 0 4.25493e-20 0 7.22197e-20 0 1.1889e-19 0 1.90161e-19 0 2.91237e-19 0 4.34998e-19 0 6.34446e-19 0
14.3051 7.00181e-12 6.99767e-12 4.14077e-15 0.000591386 0.00121829 1.45715e-34 0 1.51456e-30 0 4.90263e-27 0 3.3865e-25 0 5.73237e-24 0 4.56019e-23 0 2.3155e-22 0 8.93766e-22 0 2.75486e-21 0 7.26139e-21 0 1.69769e-20 0 3.56242e-20 0 7.02444e-20 0 1.29654e-19 0 2.27062e-19 0 3.75569e-19 0 6.03405e-19 0 9.43252e-19 0 1.41486e-18 0 2.07227e-18 0 2.96723e-18 0
15.0394 6.59881e-12 6.5954e-12 3.41011e-15 0.000516777 0.00110967 3.89478e-33 0 2.57721e-29 0 5.62229e-26 0 3.15815e-24 0 4.6562e-23 0 3.3474e-22 0 1.57006e-21 0 5.67356e-21 0 1.65524e-20 0 4.16133e-20 0 9.33386e-20 0 1.88901e-19 0 3.60333e-19 0 6.4548e-19 0 1.09991e-18 0 1.77514e-18 0 2.78676e-18 0 4.26231e-18 0 6.26807e-18 0 9.01105e-18 0 1.26785e-17 0
15.8114 6.21651e-12 6.2137e-12 2.80931e-15 0.00045191 0.00101106 8.73075e-32 0 3.75991e-28 0 5.63547e-25 0 2.60034e-23 0 3.36182e-22 0 2.19494e-21 0 9.54685e-21 0 3.24011e-20 0 8.97145e-20 0 2.15618e-19 0 4.64927e-19 0 9.09094e-19 0 1.68029e-18 0 2.92552e-18 0 4.85711e-18 0 7.65779e-18 0 1.176e-17 0 1.76174e-17 0 2.54245e-17 0 3.59085e-17 0 4.96879e-17 0
16.623 5.85916e-12 5.85685e-12 2.31342e-15 0.000394838 0.000920918 1.65696e-30 0 4.74249e-27 0 4.974e-24 0 1.90352e-22 0 2.17186e-21 0 1.29389e-20 0 5.23797e-20 0 1.67476e-19 0 4.41224e-19 0 1.01599e-18 0 2.11006e-18 0 3.99301e-18 0 7.16229e-18 0 1.2137e-17 0 1.96579e-17 0 3.03116e-17 0 4.55843e-17 0 6.69547e-17 0 9.49104e-17 0 1.31807e-16 0 1.79516e-16 0
17.4762 5.52229e-12 5.52039e-12 1.90533e-15 0.000345026 0.000838869 2.68284e-29 0 5.20618e-26 0 3.88809e-23 0 1.24539e-21 0 1.26171e-20 0 6.88944e-20 0 2.60496e-19 0 7.86943e-19 0 1.97747e-18 0 4.37174e-18 0 8.76122e-18 0 1.60711e-17 0 2.80161e-17 0 4.62683e-17 0 7.31953e-17 0 1.10503e-16 0 1.62902e-16 0 2.34823e-16 0 3.27247e-16 0 4.47235e-16 0 6e-16 0
18.3733 5.20224e-12 5.20067e-12 1.56949e-15 0.000301694 0.000764362 3.73306e-28 0 5.00563e-25 0 2.70641e-22 0 7.31906e-21 0 6.62229e-20 0 3.32841e-19 0 1.17938e-18 0 3.37561e-18 0 8.10927e-18 0 1.72466e-17 0 3.34097e-17 0 5.94962e-17 0 1.00941e-16 0 1.62669e-16 0 2.5164e-16 0 3.72336e-16 0 5.38592e-16 0 7.62641e-16 0 1.04572e-15 0 1.40752e-15 0 1.8614e-15 0
19.3164 4.905e-12 4.90371e-12 1.29214e-15 0.000263434 0.000696051 4.50301e-27 0 4.2482e-24 0 1.6893e-21 0 3.8891e-20 0 3.16009e-19 0 1.46788e-18 0 4.8897e-18 0 1.32949e-17 0 3.06006e-17 0 6.27264e-17 0 1.17652e-16 0 2.03695e-16 0 3.36782e-16 0 5.30236e-16 0 8.02957e-16 0 1.16557e-15 0 1.65591e-15 0 2.30527e-15 0 3.11261e-15 0 4.12916e-15 0 5.38667e-15 0
20.3079 4.62265e-12 4.62158e-12 1.06404e-15 0.00023018 0.000634025 4.73573e-26 0 3.19781e-23 0 9.4937e-21 0 1.87531e-19 0 1.37563e-18 0 5.92827e-18 0 1.8621e-17 0 4.82166e-17 0 1.06553e-16 0 2.10895e-16 0 3.83601e-16 0 6.46578e-16 0 1.04311e-15 0 1.60629e-15 0 2.38368e-15 0 3.39777e-15 0 4.74511e-15 0 6.50003e-15 0 8.64872e-15 0 1.13161e-14 0 1.45719e-14 0
21.3503 4.35608e-12 4.35521e-12 8.7625e-16 0.000201156 0.000577579 4.3729e-25 0 2.14827e-22 0 4.83003e-20 0 8.24765e-19 0 5.48914e-18 0 2.2027e-17 0 6.54277e-17 0 1.61726e-16 0 3.43824e-16 0 6.58205e-16 0 1.16276e-15 0 1.91056e-15 0 3.01111e-15 0 4.54013e-15 0 6.6088e-15 0 9.25875e-15 0 1.2721e-14 0 1.716e-14 0 2.25164e-14 0 2.90766e-14 0 3.6983e-14 0
22.4463 4.10696e-12 4.10624e-12 7.21334e-16 0.000175637 0.000525949 3.57001e-24 0 1.29595e-21 0 2.23677e-19 0 3.32531e-18 0 2.01751e-17 0 7.56491e-17 0 2.13072e-16 0 5.03914e-16 0 1.03257e-15 0 1.91502e-15 0 3.2903e-15 0 5.27688e-15 0 8.13387e-15 0 1.20208e-14 0 1.71801e-14 0 2.36759e-14 0 3.20287e-14 0 4.25783e-14 0 5.51326e-14 0 7.03124e-14 0 8.83874e-14 0
23.5984 3.87034e-12 3.86974e-12 5.93919e-16 0.000153454 0.000479079 2.58996e-23 0 7.05058e-21 0 9.4632e-19 0 1.23315e-17 0 6.85127e-17 0 2.40844e-16 0 6.44911e-16 0 1.46244e-15 0 2.89354e-15 0 5.207e-15 0 8.71311e-15 0 1.36552e-14 0 2.06084e-14 0 2.98811e-14 0 4.19679e-14 0 5.69373e-14 0 7.58967e-14 0 9.95028e-14 0 1.27226e-13 0 1.6034e-13 0 1.9932e-13 0
24.8097 3.6482e-12 3.64771e-12 4.88981e-16 0.000134034 0.00043632 1.68048e-22 0 3.47922e-20 0 3.67626e-18 0 4.22617e-17 0 2.15943e-16 0 7.13918e-16 0 1.82191e-15 0 3.96959e-15 0 7.59674e-15 0 1.3284e-14 0 2.16769e-14 0 3.3235e-14 0 4.91602e-14 0 6.99983e-14 0 9.66955e-14 0 1.29246e-13 0 1.69883e-13 0 2.19796e-13 0 2.77683e-13 0 3.46027e-13 0 4.25602e-13 0
26.0832 3.44274e-12 3.44234e-12 4.05743e-16 0.000117855 0.000398224 9.81423e-22 0 1.56613e-19 0 1.31806e-17 0 1.34492e-16 0 6.34603e-16 0 1.97905e-15 0 4.82469e-15 0 1.01199e-14 0 1.87626e-14 0 3.1926e-14 0 5.08663e-14 0 7.63777e-14 0 1.10837e-13 0 1.55119e-13 0 2.10927e-13 0 2.77966e-13 0 3.60518e-13 0 4.60611e-13 0 5.75317e-13 0 7.09255e-13 0 8.63589e-13 0
27.4221 3.24552e-12 3.24519e-12 3.34326e-16 0.000103011 0.000362782 5.17462e-21 0 6.446e-19 0 4.36926e-17 0 3.98031e-16 0 1.7411e-15 0 5.13643e-15 0 1.19889e-14 0 2.42537e-14 0 4.36321e-14 0 7.23412e-14 0 1.12667e-13 0 1.65849e-13 0 2.36338e-13 0 3.25378e-13 0 4.35852e-13 0 5.66691e-13 0 7.25716e-13 0 9.16178e-13 0 1.13198e-12 0 1.38132e-12 0 1.66581e-12 0
28.8297 3.05863e-12 3.05836e-12 2.74734e-16 8.98225e-05 0.000330226 2.47714e-20 0 2.43813e-18 0 1.34515e-16 0 1.1001e-15 0 4.47765e-15 0 1.25299e-14 0 2.80603e-14 0 5.48467e-14 0 9.588e-14 0 1.55091e-13 0 2.36375e-13 0 3.41445e-13 0 4.78225e-13 0 6.48196e-13 0 8.55972e-13 0 1.09875e-12 0 1.3902e-12 0 1.73519e-12 0 2.12188e-12 0 2.56423e-12 0 3.06419e-12 0
30.3095 2.88193e-12 2.8817e-12 2.252e-16 7.8142e-05 0.000300341 1.08185e-19 0 8.51065e-18 0 3.86047e-16 0 2.84932e-15 0 1.08292e-14 0 2.88186e-14 0 6.20472e-14 0 1.17373e-13 0 1.99666e-13 0 3.15475e-13 0 4.71025e-13 0 6.6829e-13 0 9.20732e-13 0 1.22959e-12 0 1.60183e-12 0 2.03125e-12 0 2.54068e-12 0 3.13705e-12 0 3.79864e-12 0 4.5483e-12 0 5.38804e-12 0
31.8653 2.71571e-12 2.71553e-12 1.85281e-16 6.82257e-05 0.000273483 4.33116e-19 0 2.75321e-17 0 1.03665e-15 0 6.93982e-15 0 2.4711e-14 0 6.26923e-14 0 1.30018e-13 0 2.38415e-13 0 3.95186e-13 0 6.10609e-13 0 8.94013e-13 0 1.24695e-12 0 1.6913e-12 0 2.22696e-12 0 2.86393e-12 0 3.58982e-12 0 4.44135e-12 0 5.42769e-12 0 6.51125e-12 0 7.72799e-12 0 9.07937e-12 0
33.5009 2.56212e-12 2.56196e-12 1.53167e-16 5.97814e-05 0.00024931 1.59799e-18 0 8.29404e-17 0 2.6159e-15 0 1.59597e-14 0 5.34119e-14 0 1.29485e-13 0 2.59145e-13 0 4.61335e-13 0 7.46053e-13 0 1.12851e-12 0 1.62182e-12 0 2.22561e-12 0 2.97413e-12 0 3.86383e-12 0 4.90833e-12 0 6.08491e-12 0 7.45046e-12 0 9.01635e-12 0 1.07206e-11 0 1.2618e-11 0 1.47083e-11 0
35.2205 2.41559e-12 2.41546e-12 1.26253e-16 5.22658e-05 0.000227133 5.44539e-18 0 2.33066e-16 0 6.2109e-15 0 3.46905e-14 0 1.09449e-13 0 2.54107e-13 0 4.91617e-13 0 8.50886e-13 0 1.3441e-12 0 1.99248e-12 0 2.81319e-12 0 3.80134e-12 0 5.00841e-12 0 6.42405e-12 0 8.06586e-12 0 9.89498e-12 0 1.19964e-11 0 1.43831e-11 0 1.69579e-11 0 1.98009e-11 0 2.29091e-11 0
37.0284 2.27675e-12 2.27664e-12 1.03784e-16 4.55843e-05 0.00020676 1.72107e-17 0 6.13191e-16 0 1.39208e-14 0 7.149e-14 0 2.13247e-13 0 4.75147e-13 0 8.90113e-13 0 1.49988e-12 0 2.31699e-12 0 3.36928e-12 0 4.67767e-12 0 6.22851e-12 0 8.09654e-12 0 1.02596e-11 0 1.27393e-11 0 1.54731e-11 0 1.85836e-11 0 2.20843e-11 0 2.58292e-11 0 2.99322e-11 0 3.4385e-11 0
38.9291 2.14579e-12 2.14571e-12 8.50833e-17 3.96512e-05 0.00018803 5.06509e-17 0 1.51572e-15 0 2.95446e-14 0 1.40077e-13 0 3.96122e-13 0 8.48765e-13 0 1.54203e-12 0 2.53304e-12 0 3.83078e-12 0 5.46968e-12 0 7.47303e-12 0 9.8125e-12 0 1.25931e-11 0 1.57741e-11 0 1.93807e-11 0 2.33173e-11 0 2.77553e-11 0 3.27071e-11 0 3.79618e-11 0 4.36766e-11 0 4.98354e-11 0
40.9273 2.02156e-12 2.02149e-12 6.97979e-17 3.45267e-05 0.000171059 1.39236e-16 0 3.52952e-15 0 5.95112e-14 0 2.6151e-13 0 7.02924e-13 0 1.45114e-12 0 2.56067e-12 0 4.10562e-12 0 6.08489e-12 0 8.53837e-12 0 1.14893e-11 0 1.48868e-11 0 1.8874e-11 0 2.33829e-11 0 2.84419e-11 0 3.39114e-11 0 4.0024e-11 0 4.6788e-11 0 5.39115e-11 0 6.16041e-11 0 6.98397e-11 0
43.0281 1.90743e-12 1.90737e-12 5.77293e-17 3.02655e-05 0.000155942 3.59387e-16 0 7.78003e-15 0 1.14278e-13 0 4.67158e-13 0 1.19651e-12 0 2.38423e-12 0 4.09215e-12 0 6.41159e-12 0 9.32175e-12 0 1.28658e-11 0 1.70632e-11 0 2.18311e-11 0 2.73594e-11 0 3.35428e-11 0 4.04116e-11 0 4.7771e-11 0 5.59273e-11 0 6.48826e-11 0 7.42454e-11 0 8.42888e-11 0 9.49734e-11 0
45.2368 1.7988e-12 1.79875e-12 4.76007e-17 2.64625e-05 0.000142062 8.7197e-16 0 1.6245e-14 0 2.09279e-13 0 7.98674e-13 0 1.95381e-12 0 3.76437e-12 0 6.29277e-12 0 9.64572e-12 0 1.37699e-11 0 1.87085e-11 0 2.44723e-11 0 3.0936e-11 0 3.83451e-11 0 4.6546e-11 0 5.55698e-11 0 6.51553e-11 0 7.5695e-11 0 8.7181e-11 0 9.91073e-11 0 1.11819e-10 0 1.25261e-10 0
47.5588 1.69571e-12 1.69567e-12 3.91389e-17 2.30811e-05 0.000129315 1.99494e-15 0 3.22204e-14 0 3.66388e-13 0 1.30975e-12 0 3.06712e-12 0 5.72317e-12 0 9.3302e-12 0 1.40064e-11 0 1.96506e-11 0 2.63017e-11 0 3.39568e-11 0 4.24372e-11 0 5.20523e-11 0 6.25897e-11 0 7.40803e-11 0 8.61865e-11 0 9.9398e-11 0 1.13694e-10 0 1.28441e-10 0 1.44063e-10 0 1.6049e-10 0
50 1.59809e-12 1.59805e-12 3.20988e-17 2.00858e-05 0.000117615 4.3165e-15 0 6.08616e-14 0 6.14617e-13 0 2.06462e-12 0 4.63811e-12 0 8.39497e-12 0 1.33632e-11 0 1.96668e-11 0 2.71395e-11 0 3.58121e-11 0 4.5662e-11 0 5.64481e-11 0 6.85507e-11 0 8.16895e-11 0 9.58943e-11 0 1.10744e-10 0 1.26834e-10 0 1.44127e-10 0 1.61855e-10 0 1.80528e-10 0 2.00055e-10 0
52.5665 1.50559e-12 1.50556e-12 2.62638e-17 1.74442e-05 0.000106898 8.85652e-15 0 1.0974e-13 0 9.89906e-13 0 3.13427e-12 0 6.76823e-12 0 1.19007e-11 0 1.85186e-11 0 2.67446e-11 0 3.6331e-11 0 4.72961e-11 0 5.95936e-11 0 7.29117e-11 0 8.77085e-11 0 1.03628e-10 0 1.207e-10 0 1.38414e-10 0 1.57478e-10 0 1.77837e-10 0 1.98583e-10 0 2.20316e-10 0 2.42927e-10 0
55.2648 1.4203e-12 1.42028e-12 2.17248e-17 1.52959e-05 9.7464e-05 1.73041e-14 0 1.89618e-13 0 1.53628e-12 0 4.59806e-12 0 9.56293e-12 0 1.63577e-11 0 2.49105e-11 0 3.5336e-11 0 4.72893e-11 0 6.07742e-11 0 7.5717e-11 0 9.17309e-11 0 1.09356e-10 0 1.28158e-10 0 1.48163e-10 0 1.68777e-10 0 1.90817e-10 0 2.14211e-10 0 2.37916e-10 0 2.62619e-10 0 2.88194e-10 0
58.1015 1.33974e-12 1.33972e-12 1.79199e-17 1.33757e-05 8.87858e-05 3.22295e-14 0 3.14211e-13 0 2.29854e-12 0 6.52095e-12 0 1.30858e-11 0 2.18047e-11 0 3.25306e-11 0 4.53645e-11 0 5.98528e-11 0 7.59839e-11 0 9.36561e-11 0 1.12406e-10 0 1.3286e-10 0 1.54501e-10 0 1.77359e-10 0 2.00755e-10 0 2.25616e-10 0 2.51851e-10 0 2.78293e-10 0 3.05712e-10 0 3.33966e-10 0
61.0839 1.26311e-12 1.2631e-12 1.47396e-17 1.16693e-05 8.08211e-05 5.73336e-14 0 5.00141e-13 0 3.31992e-12 0 8.95111e-12 0 1.7362e-11 0 2.82178e-11 0 4.12842e-11 0 5.66445e-11 0 7.37311e-11 0 9.25188e-11 0 1.12879e-10 0 1.34276e-10 0 1.5742e-10 0 1.81719e-10 0 2.07204e-10 0 2.33123e-10 0 2.60505e-10 0 2.89241e-10 0 3.18057e-10 0 3.47796e-10 0 3.78306e-10 0
64.2193 1.19038e-12 1.19036e-12 1.20928e-17 1.01588e-05 7.35177e-05 9.76372e-14 0 7.66251e-13 0 4.63737e-12 0 1.19122e-11 0 2.237e-11 0 3.55054e-11 0 5.09904e-11 0 6.88902e-11 0 8.85244e-11 0 1.09858e-10 0 1.32739e-10 0 1.5657e-10 0 1.82138e-10 0 2.08786e-10 0 2.36548e-10 0 2.64613e-10 0 2.94097e-10 0 3.24877e-10 0 3.55593e-10 0 3.87152e-10 0 4.19393e-10 0
67.5157 1.12185e-12 1.12184e-12 9.89591e-18 8.82103e-06 6.68093e-05 1.5958e-13 0 1.13253e-12 0 6.27733e-12 0 1.5399e-11 0 2.80419e-11 0 4.35154e-11 0 6.13997e-11 0 8.17446e-11 0 1.03765e-10 0 1.27422e-10 0 1.52548e-10 0 1.78492e-10 0 2.06114e-10 0 2.34702e-10 0 2.64298e-10 0 2.94044e-10 0 3.25129e-10 0 3.5742e-10 0 3.89495e-10 0 4.22311e-10 0 4.55702e-10 0
70.9813 1.05783e-12 1.05782e-12 8.16407e-18 7.71777e-06 6.08666e-05 2.50949e-13 0 1.61847e-12 0 8.25127e-12 0 1.93737e-11 0 3.42628e-11 0 5.2041e-11 0 7.22059e-11 0 9.47987e-11 0 1.18944e-10 0 1.44607e-10 0 1.71608e-10 0 1.99263e-10 0 2.28491e-10 0 2.58542e-10 0 2.89465e-10 0 3.20376e-10 0 3.52516e-10 0 3.85746e-10 0 4.18609e-10 0 4.52096e-10 0 4.86039e-10 0
74.6248 9.98048e-13 9.98041e-13 6.73692e-18 6.75009e-06 5.54449e-05 3.80453e-13 0 2.24024e-12 0 1.05481e-11 0 2.37561e-11 0 4.08602e-11 0 6.08089e-11 0 8.30341e-11 0 1.07577e-10 0 1.33493e-10 0 1.60757e-10 0 1.89189e-10 0 2.18085e-10 0 2.48413e-10 0 2.79399e-10 0 3.11102e-10 0 3.42628e-10 0 3.75253e-10 0 4.08832e-10 0 4.41903e-10 0 4.75473e-10 0 5.09378e-10 0
78.4553 9.41158e-13 9.41152e-13 5.54315e-18 5.88972e-06 5.04694e-05 5.56449e-13 0 3.00488e-12 0 1.31178e-11 0 2.83955e-11 0 4.75648e-11 0 6.94273e-11 0 9.33737e-11 0 1.19456e-10 0 1.46683e-10 0 1.75049e-10 0 2.04383e-10 0 2.33976e-10 0 2.64832e-10 0 2.96169e-10 0 3.28057e-10 0 3.59612e-10 0 3.92119e-10 0 4.25434e-10 0 4.58117e-10 0 4.91172e-10 0 5.24443e-10 0
82.4824 8.87118e-13 8.87113e-13 4.54921e-18 5.12807e-06 4.59083e-05 7.86583e-13 0 3.91192e-12 0 1.58921e-11 0 3.31289e-11 0 5.41148e-11 0 7.75452e-11 0 1.02797e-10 0 1.29943e-10 0 1.57973e-10 0 1.86909e-10 0 2.16594e-10 0 2.46331e-10 0 2.77144e-10 0 3.08261e-10 0 3.39761e-10 0 3.70788e-10 0 4.02613e-10 0 4.35099e-10 0 4.66849e-10 0 4.98851e-10 0 5.30958e-10 0
86.7162 8.36088e-13 8.36084e-13 3.72391e-18 4.45397e-06 4.17223e-05 1.07675e-12 0 4.95168e-12 0 1.87859e-11 0 3.7783e-11 0 6.02583e-11 0 8.48487e-11 0 1.10946e-10 0 1.38655e-10 0 1.66971e-10 0 1.95948e-10 0 2.25449e-10 0 2.54807e-10 0 2.85049e-10 0 3.15423e-10 0 3.46023e-10 0 3.76029e-10 0 4.06683e-10 0 4.37853e-10 0 4.6821e-10 0 4.98708e-10 0 5.29213e-10 0
91.1674 7.88298e-13 7.88295e-13 3.06324e-18 3.88588e-06 3.79714e-05 1.43033e-12 0 6.10555e-12 0 2.17045e-11 0 4.21908e-11 0 6.57755e-11 0 9.10875e-11 0 1.17561e-10 0 1.45339e-10 0 1.7345e-10 0 2.01978e-10 0 2.30814e-10 0 2.5933e-10 0 2.8854e-10 0 3.17729e-10 0 3.46998e-10 0 3.7558e-10 0 4.04667e-10 0 4.34137e-10 0 4.62743e-10 0 4.91392e-10 0 5.19965e-10 0
95.847 7.43729e-13 7.43727e-13 2.52925e-18 3.40076e-06 3.45942e-05 1.847e-12 0 7.34498e-12 0 2.4544e-11 0 4.61902e-11 0 7.04712e-11 0 9.60582e-11 0 1.2245e-10 0 1.49835e-10 0 1.77291e-10 0 2.04936e-10 0 2.3269e-10 0 2.59972e-10 0 2.8777e-10 0 3.15414e-10 0 3.43014e-10 0 3.69859e-10 0 3.97079e-10 0 4.24563e-10 0 4.51157e-10 0 4.77715e-10 0 5.04129e-10 0
100.767 7.01456e-13 7.01454e-13 2.08195e-18 2.96804e-06 3.14907e-05 2.31952e-12 0 8.62312e-12 0 2.7169e-11 0 4.95804e-11 0 7.41063e-11 0 9.95063e-11 0 1.25362e-10 0 1.51909e-10 0 1.7829e-10 0 2.04656e-10 0 2.30955e-10 0 2.56662e-10 0 2.82723e-10 0 3.08523e-10 0 3.34174e-10 0 3.59031e-10 0 3.84149e-10 0 4.09429e-10 0 4.33818e-10 0 4.58106e-10 0 4.82201e-10 0
105.939 6.61324e-13 6.61322e-13 1.70914e-18 2.58442e-06 2.86442e-05 2.83651e-12 0 9.8907e-12 0 2.9468e-11 0 5.22257e-11 0 7.65526e-11 0 1.01335e-10 0 1.26249e-10 0 1.51572e-10 0 1.76529e-10 0 2.01296e-10 0 2.2585e-10 0 2.49724e-10 0 2.73812e-10 0 2.97556e-10 0 3.21071e-10 0 3.43778e-10 0 3.6665e-10 0 3.89599e-10 0 4.11676e-10 0 4.33606e-10 0 4.55309e-10 0
111.377 6.23229e-13 6.23227e-13 1.39961e-18 2.24574e-06 2.60361e-05 3.38198e-12 0 1.10958e-11 0 3.13472e-11 0 5.40339e-11 0 7.77501e-11 0 1.01535e-10 0 1.25166e-10 0 1.48958e-10 0 1.72222e-10 0 1.95155e-10 0 2.1776e-10 0 2.39629e-10 0 2.61595e-10 0 2.8316e-10 0 3.04439e-10 0 3.24918e-10 0 3.45483e-10 0 3.66059e-10 0 3.85801e-10 0 4.05363e-10 0 4.24679e-10 0
117.094 5.87567e-13 5.87565e-13 1.14791e-18 1.95367e-06 2.36706e-05 3.93956e-12 0 1.21978e-11 0 3.27634e-11 0 5.50044e-11 0 7.7768e-11 0 1.00262e-10 0 1.22362e-10 0 1.44414e-10 0 1.65815e-10 0 1.86781e-10 0 2.07334e-10 0 2.27124e-10 0 2.4692e-10 0 2.66278e-10 0 2.85315e-10 0 3.03578e-10 0 3.21866e-10 0 3.40114e-10 0 3.57579e-10 0 3.74846e-10 0 3.91858e-10 0
123.105 5.54305e-13 5.54304e-13 9.4838e-19 1.71094e-06 2.15701e-05 4.48977e-12 0 1.31567e-11 0 3.36836e-11 0 5.51507e-11 0 7.6686e-11 0 9.76704e-11 0 1.1807e-10 0 1.38254e-10 0 1.57705e-10 0 1.76647e-10 0 1.95123e-10 0 2.12833e-10 0 2.30477e-10 0 2.47671e-10 0 2.64523e-10 0 2.80644e-10 0 2.96742e-10 0 3.12766e-10 0 3.28067e-10 0 3.43161e-10 0 3.58002e-10 0
129.424 5.22896e-13 5.22895e-13 7.81015e-19 1.49363e-06 1.9635e-05 5.00814e-12 0 1.39276e-11 0 3.4069e-11 0 5.4472e-11 0 7.45547e-11 0 9.38663e-11 0 1.12454e-10 0 1.30697e-10 0 1.48163e-10 0 1.65078e-10 0 1.81497e-10 0 1.97169e-10 0 2.12726e-10 0 2.27834e-10 0 2.42597e-10 0 2.5668e-10 0 2.70709e-10 0 2.84639e-10 0 2.97911e-10 0 3.10979e-10 0 3.23804e-10 0
136.067 4.93055e-13 4.93054e-13 6.41392e-19 1.30085e-06 1.78598e-05 5.47144e-12 0 1.4478e-11 0 3.39164e-11 0 5.30201e-11 0 7.14889e-11 0 8.90283e-11 0 1.05752e-10 0 1.22043e-10 0 1.37544e-10 0 1.52476e-10 0 1.66906e-10 0 1.80625e-10 0 1.94196e-10 0 2.07334e-10 0 2.20135e-10 0 2.32315e-10 0 2.4442e-10 0 2.56413e-10 0 2.67817e-10 0 2.79023e-10 0 2.90002e-10 0
143.051 4.64665e-13 4.64665e-13 5.25439e-19 1.13079e-06 1.62351e-05 5.85993e-12 0 1.47907e-11 0 3.3256e-11 0 5.08894e-11 0 6.76501e-11 0 8.33809e-11 0 9.82482e-11 0 1.12629e-10 0 1.26232e-10 0 1.39273e-10 0 1.51821e-10 0 1.63708e-10 0 1.75427e-10 0 1.86739e-10 0 1.97732e-10 0 2.08167e-10 0 2.18514e-10 0 2.28745e-10 0 2.38454e-10 0 2.47979e-10 0 2.57295e-10 0
150.394 4.38024e-13 4.38023e-13 4.2964e-19 9.8086e-07 1.47454e-05 6.16328e-12 0 1.48743e-11 0 3.21674e-11 0 4.82382e-11 0 6.32712e-11 0 7.7225e-11 0 9.03039e-11 0 1.02871e-10 0 1.14694e-10 0 1.25976e-10 0 1.36788e-10 0 1.46996e-10 0 1.5703e-10 0 1.66688e-10 0 1.7605e-10 0 1.84917e-10 0 1.93692e-10 0 2.02351e-10 0 2.10554e-10 0 2.18588e-10 0 2.26434e-10 0
158.114 4.13307e-13 4.13307e-13 3.55159e-19 8.59309e-07 1.34371e-05 6.37629e-12 0 1.47472e-11 0 3.07377e-11 0 4.52205e-11 0 5.85654e-11 0 7.08241e-11 0 8.22249e-11 0 9.31121e-11 0 1.03302e-10 0 1.12984e-10 0 1.22229e-10 0 1.30929e-10 0 1.39456e-10 0 1.47643e-10 0 1.55561e-10 0 1.63044e-10 0 1.70435e-10 0 1.77715e-10 0 1.84602e-10 0 1.91336e-10 0 1.97903e-10 0
166.23 3.89926e-13 3.89926e-13 2.92617e-19 7.50442e-07 1.22325e-05 6.48724e-12 0 1.44101e-11 0 2.90041e-11 0 4.19045e-11 0 5.36243e-11 0 6.42855e-11 0 7.41287e-11 0 8.3474e-11 0 9.21787e-11 0 1.00417e-10 0 1.08256e-10 0 1.15611e-10 0 1.22801e-10 0 1.29687e-10 0 1.36333e-10 0 1.42602e-10 0 1.48782e-10 0 1.5486e-10 0 1.606e-10 0 1.66206e-10 0 1.71665e-10 0
174.763 3.67731e-13 3.6773e-13 2.40399e-19 6.53738e-07 1.11269e-05 6.49469e-12 0 1.38848e-11 0 2.70379e-11 0 3.84012e-11 0 4.85881e-11 0 5.77708e-11 0 6.61912e-11 0 7.41425e-11 0 8.15158e-11 0 8.84679e-11 0 9.50621e-11 0 1.01232e-10 0 1.07248e-10 0 1.12998e-10 0 1.18536e-10 0 1.2375e-10 0 1.28882e-10 0 1.33921e-10 0 1.38674e-10 0 1.43309e-10 0 1.47817e-10 0
183.733 3.4665e-13 3.4665e-13 1.96994e-19 5.68279e-07 1.01141e-05 6.4031e-12 0 1.32014e-11 0 2.49154e-11 0 3.48196e-11 0 4.35885e-11 0 5.14258e-11 0 5.85669e-11 0 6.52762e-11 0 7.14722e-11 0 7.72938e-11 0 8.27993e-11 0 8.79373e-11 0 9.29359e-11 0 9.77033e-11 0 1.02286e-10 0 1.06594e-10 0 1.10828e-10 0 1.1498e-10 0 1.18889e-10 0 1.22698e-10 0 1.26399e-10 0
193.164 3.26698e-13 3.26698e-13 1.6104e-19 4.92932e-07 9.18641e-06 6.22262e-12 0 1.23961e-11 0 2.2714e-11 0 3.12628e-11 0 3.87441e-11 0 4.53774e-11 0 5.13858e-11 0 5.70045e-11 0 6.21733e-11 0 6.70142e-11 0 7.15796e-11 0 7.58301e-11 0 7.99565e-11 0 8.38845e-11 0 8.7654e-11 0 9.1192e-11 0 9.46642e-11 0 9.80643e-11 0 1.01263e-10 0 1.04375e-10 0 1.07396e-10 0
203.079 3.08276e-13 3.08276e-13 1.32848e-19 4.30938e-07 8.36477e-06 5.9741e-12 0 1.15204e-11 0 2.05282e-11 0 2.78509e-11 0 3.41899e-11 0 3.97689e-11 0 4.47946e-11 0 4.94739e-11 0 5.37631e-11 0 5.77682e-11 0 6.15358e-11 0 6.50356e-11 0 6.84267e-11 0 7.1649e-11 0 7.47365e-11 0 7.76302e-11 0 8.04664e-11 0 8.32403e-11 0 8.58467e-11 0 8.83801e-11 0 9.08369e-11 0
213.503 2.90843e-13 2.90843e-13 1.09512e-19 3.76534e-07 7.6159e-06 5.66221e-12 0 1.05884e-11 0 1.83767e-11 0 2.45965e-11 0 2.99264e-11 0 3.45851e-11 0 3.87603e-11 0 4.2632e-11 0 4.61693e-11 0 4.94631e-11 0 5.25543e-11 0 5.542e-11 0 5.81915e-11 0 6.08209e-11 0 6.33366e-11 0 6.56912e-11 0 6.79963e-11 0 7.02482e-11 0 7.2362e-11 0 7.44147e-11 0 7.64035e-11 0
224.463 2.74327e-13 2.74326e-13 9.00096e-20 3.28111e-07 6.92793e-06 5.30119e-12 0 9.62945e-12 0 1.63022e-11 0 2.15432e-11 0 2.59923e-11 0 2.98561e-11 0 3.33027e-11 0 3.64868e-11 0 3.9387e-11 0 4.20807e-11 0 4.46032e-11 0 4.69372e-11 0 4.91908e-11 0 5.13255e-11 0 5.33652e-11 0 5.52721e-11 0 5.71367e-11 0 5.89565e-11 0 6.0663e-11 0 6.23188e-11 0 6.39217e-11 0
235.984 2.58658e-13 2.58658e-13 7.37831e-20 2.85253e-07 6.29712e-06 4.90546e-12 0 8.66951e-12 0 1.43373e-11 0 1.87205e-11 0 2.24089e-11 0 2.55932e-11 0 2.84212e-11 0 3.10249e-11 0 3.33896e-11 0 3.55809e-11 0 3.76287e-11 0 3.95202e-11 0 4.13438e-11 0 4.30688e-11 0 4.4715e-11 0 4.62522e-11 0 4.77538e-11 0 4.9218e-11 0 5.05899e-11 0 5.19198e-11 0 5.32064e-11 0
248.097 2.43749e-13 2.43749e-13 6.03427e-20 2.47561e-07 5.72041e-06 4.48833e-12 0 7.72963e-12 0 1.25041e-11 0 1.61435e-11 0 1.91812e-11 0 2.17895e-11 0 2.40965e-11 0 2.62137e-11 0 2.81317e-11 0 2.99051e-11 0 3.15594e-11 0 3.30849e-11 0 3.45536e-11 0 3.59411e-11 0 3.72637e-11 0 3.84975e-11 0 3.97017e-11 0 4.08747e-11 0 4.1973e-11 0 4.30369e-11 0 4.40654e-11 0
260.832 2.2999e-13 2.2999e-13 4.96392e-20 2.15832e-07 5.2035e-06 4.07043e-12 0 6.84093e-12 0 1.08391e-11 0 1.38461e-11 0 1.63372e-11 0 1.84653e-11 0 2.03407e-11 0 2.20566e-11 0 2.36074e-11 0 2.50384e-11 0 2.6371e-11 0 2.75981e-11 0 2.8778e-11 0 2.98913e-11 0 3.09515e-11 0 3.19395e-11 0 3.2903e-11 0 3.38408e-11 0 3.47182e-11 0 3.55676e-11 0 3.63882e-11 0
274.221 2.16993e-13 2.16993e-13 4.09434e-20 1.88685e-07 4.7383e-06 3.65608e-12 0 6.00489e-12 0 9.33041e-12 0 1.18006e-11 0 1.38329e-11 0 1.55609e-11 0 1.70784e-11 0 1.84632e-11 0 1.9712e-11 0 2.08622e-11 0 2.19316e-11 0 2.2915e-11 0 2.38595e-11 0 2.47498e-11 0 2.55966e-11 0 2.63853e-11 0 2.71537e-11 0 2.79011e-11 0 2.85999e-11 0 2.92759e-11 0 2.99287e-11 0
288.297 2.04701e-13 2.04701e-13 3.36669e-20 1.64469e-07 4.31048e-06 3.25398e-12 0 5.23e-12 0 7.97857e-12 0 9.99682e-12 0 1.16466e-11 0 1.30434e-11 0 1.42662e-11 0 1.53793e-11 0 1.6381e-11 0 1.73021e-11 0 1.81573e-11 0 1.89427e-11 0 1.96962e-11 0 2.04058e-11 0 2.10802e-11 0 2.17076e-11 0 2.23186e-11 0 2.29125e-11 0 2.34674e-11 0 2.4004e-11 0 2.45218e-11 0
303.095 1.93047e-13 1.93047e-13 2.76077e-20 1.4301e-07 3.91797e-06 2.87077e-12 0 4.52103e-12 0 6.77906e-12 0 8.41954e-12 0 9.75267e-12 0 1.08769e-11 0 1.18582e-11 0 1.27494e-11 0 1.35499e-11 0 1.4285e-11 0 1.49664e-11 0 1.55917e-11 0 1.61908e-11 0 1.67546e-11 0 1.729e-11 0 1.77878e-11 0 1.82722e-11 0 1.87427e-11 0 1.91821e-11 0 1.96068e-11 0 2.00164e-11 0
318.653 1.81953e-13 1.81953e-13 2.25862e-20 1.24132e-07 3.55908e-06 2.5111e-12 0 3.87955e-12 0 5.72374e-12 0 7.05043e-12 0 8.12272e-12 0 9.02368e-12 0 9.80802e-12 0 1.05189e-11 0 1.11563e-11 0 1.17408e-11 0 1.2282e-11 0 1.2778e-11 0 1.3253e-11 0 1.36994e-11 0 1.41232e-11 0 1.45169e-11 0 1.48997e-11 0 1.52714e-11 0 1.56184e-11 0 1.59535e-11 0 1.62767e-11 0
335.009 1.71611e-13 1.71611e-13 1.85288e-20 1.0797e-07 3.23494e-06 2.18149e-12 0 3.31017e-12 0 4.80999e-12 0 5.8792e-12 0 6.73909e-12 0 7.45917e-12 0 8.08452e-12 0 8.65021e-12 0 9.15667e-12 0 9.62043e-12 0 1.00494e-11 0 1.04422e-11 0 1.0818e-11 0 1.1171e-11 0 1.15058e-11 0 1.18167e-11 0 1.21188e-11 0 1.2412e-11 0 1.26855e-11 0 1.29497e-11 0 1.32042e-11 0
352.205 1.6196e-13 1.6196e-13 1.52913e-20 9.44139e-08 2.94572e-06 1.88301e-12 0 2.80932e-12 0 4.02437e-12 0 4.88337e-12 0 5.57104e-12 0 6.14514e-12 0 6.64261e-12 0 7.09182e-12 0 7.49344e-12 0 7.86075e-12 0 8.20019e-12 0 8.51072e-12 0 8.80757e-12 0 9.08624e-12 0 9.35036e-12 0 9.59549e-12 0 9.83361e-12 0 1.00646e-11 0 1.028e-11 0 1.04879e-11 0 1.06882e-11 0
370.284 1.52803e-13 1.52803e-13 1.25802e-20 8.23295e-08 2.67993e-06 1.61408e-12 0 2.37014e-12 0 3.35008e-12 0 4.03757e-12 0 4.58563e-12 0 5.04191e-12 0 5.43646e-12 0 5.79218e-12 0 6.10979e-12 0 6.39996e-12 0 6.66787e-12 0 6.91277e-12 0 7.14671e-12 0 7.36619e-12 0 7.57409e-12 0 7.76695e-12 0 7.95422e-12 0 8.13578e-12 0 8.30502e-12 0 8.46832e-12 0 8.6256e-12 0
389.291 1.44124e-13 1.44124e-13 1.03204e-20 7.16077e-08 2.4361e-06 1.37458e-12 0 1.98858e-12 0 2.77568e-12 0 3.32401e-12 0 3.75945e-12 0 4.12104e-12 0 4.43314e-12 0 4.7141e-12 0 4.96467e-12 0 5.19336e-12 0 5.40433e-12 0 5.59704e-12 0 5.78102e-12 0 5.95352e-12 0 6.11684e-12 0 6.26828e-12 0 6.41526e-12 0 6.55771e-12 0 6.69045e-12 0 6.81848e-12 0 6.94176e-12 0
409.273 1.35898e-13 1.35898e-13 8.44531e-21 6.21444e-08 2.21286e-06 1.16343e-12 0 1.65973e-12 0 2.28954e-12 0 2.72546e-12 0 3.07043e-12 0 3.35622e-12 0 3.60247e-12 0 3.82385e-12 0 4.02108e-12 0 4.20093e-12 0 4.36671e-12 0 4.51804e-12 0 4.66244e-12 0 4.79776e-12 0 4.92581e-12 0 5.0445e-12 0 5.15965e-12 0 5.27122e-12 0 5.37514e-12 0 5.47535e-12 0 5.57182e-12 0
430.281 1.28111e-13 1.28111e-13 6.90906e-21 5.39301e-08 2.00985e-06 9.79083e-13 0 1.37853e-12 0 1.88075e-12 0 2.22631e-12 0 2.49888e-12 0 2.72422e-12 0 2.91808e-12 0 3.09215e-12 0 3.24707e-12 0 3.38823e-12 0 3.51826e-12 0 3.63688e-12 0 3.75001e-12 0 3.85597e-12 0 3.95621e-12 0 4.04907e-12 0 4.13915e-12 0 4.22638e-12 0 4.30762e-12 0 4.38594e-12 0 4.46131e-12 0
452.368 1.20947e-13 1.20947e-13 5.70469e-21 4.7167e-08 1.83e-06 8.20898e-13 0 1.14166e-12 0 1.54154e-12 0 1.81519e-12 0 2.03042e-12 0 2.208e-12 0 2.36055e-12 0 2.49739e-12 0 2.61906e-12 0 2.72983e-12 0 2.83181e-12 0 2.9248e-12 0 3.01343e-12 0 3.09641e-12 0 3.17488e-12 0 3.24756e-12 0 3.31803e-12 0 3.38626e-12 0 3.44977e-12 0 3.511e-12 0 3.5699e-12 0
475.588 1.14112e-13 1.14112e-13 4.69589e-21 4.11516e-08 1.66511e-06 6.84524e-13 0 9.41072e-13 0 1.25841e-12 0 1.4745e-12 0 1.644e-12 0 1.78361e-12 0 1.90338e-12 0 2.01071e-12 0 2.10606e-12 0 2.19282e-12 0 2.27264e-12 0 2.34539e-12 0 2.4147e-12 0 2.47957e-12 0 2.54088e-12 0 2.59766e-12 0 2.65269e-12 0 2.70596e-12 0 2.75554e-12 0 2.80332e-12 0 2.84927e-12 0
500 1.07641e-13 1.07641e-13 3.85431e-21 3.5807e-08 1.51379e-06 5.68101e-13 0 7.72606e-13 0 1.02377e-12 0 1.19403e-12 0 1.32725e-12 0 1.4368e-12 0 1.53067e-12 0 1.61472e-12 0 1.68933e-12 0 1.75717e-12 0 1.81956e-12 0 1.87639e-12 0 1.93052e-12 0 1.98116e-12 0 2.02901e-12 0 2.0733e-12 0 2.11623e-12 0 2.15777e-12 0 2.19642e-12 0 2.23366e-12 0 2.26948e-12 0
525.665 1.01536e-13 1.01536e-13 3.15514e-21 3.10741e-08 1.37508e-06 4.69471e-13 0 6.3202e-13 0 8.30357e-13 0 9.64254e-13 0 1.06879e-12 0 1.15462e-12 0 1.2281e-12 0 1.29382e-12 0 1.35213e-12 0 1.40512e-12 0 1.45383e-12 0 1.49818e-12 0 1.5404e-12 0 1.57989e-12 0 1.6172e-12 0 1.65172e-12 0 1.68517e-12 0 1.71753e-12 0 1.74764e-12 0 1.77664e-12 0 1.80453e-12 0
552.648 9.5752e-14 9.5752e-14 2.57713e-21 2.69147e-08 1.24841e-06 3.86315e-13 0 5.15145e-13 0 6.71404e-13 0 7.76498e-13 0 8.58382e-13 0 9.25523e-13 0 9.82944e-13 0 1.03427e-12 0 1.07977e-12 0 1.12111e-12 0 1.15908e-12 0 1.19365e-12 0 1.22654e-12 0 1.2573e-12 0 1.28635e-12 0 1.31323e-12 0 1.33927e-12 0 1.36445e-12 0 1.38788e-12 0 1.41044e-12 0 1.43213e-12 0
581.015 9.04188e-14 9.04188e-14 2.12657e-21 2.35191e-08 1.13615e-06 3.17127e-13 0 4.19125e-13 0 5.42168e-13 0 6.24639e-13 0 6.88778e-13 0 7.41305e-13 0 7.86187e-13 0 8.26276e-13 0 8.618e-13 0 8.94052e-13 0 9.23672e-13 0 9.50624e-13 0 9.76268e-13 0 1.00024e-12 0 1.02287e-12 0 1.04381e-12 0 1.06408e-12 0 1.08369e-12 0 1.10193e-12 0 1.11949e-12 0 1.13638e-12 0
610.839 8.53674e-14 8.53674e-14 1.75144e-21 2.05166e-08 1.03392e-06 2.59372e-13 0 3.39935e-13 0 4.36641e-13 0 5.01256e-13 0 5.51424e-13 0 5.92464e-13 0 6.27503e-13 0 6.5878e-13 0 6.86481e-13 0 7.11621e-13 0 7.34701e-13 0 7.55696e-13 0 7.75665e-13 0 7.94329e-13 0 8.11947e-13 0 8.2824e-13 0 8.44016e-13 0 8.59273e-13 0 8.73459e-13 0 8.87119e-13 0 9.00247e-13 0
642.193 8.05675e-14 8.05675e-14 1.43815e-21 1.78502e-08 9.39863e-07 2.11357e-13 0 2.7484e-13 0 3.50698e-13 0 4.0124e-13 0 4.40422e-13 0 4.72442e-13 0 4.9976e-13 0 5.24131e-13 0 5.45707e-13 0 5.65279e-13 0 5.83242e-13 0 5.99578e-13 0 6.15112e-13 0 6.29627e-13 0 6.43327e-13 0 6.55993e-13 0 6.68257e-13 0 6.80114e-13 0 6.91138e-13 0 7.01751e-13 0 7.11951e-13 0
675.157 7.60093e-14 7.60093e-14 1.17762e-21 1.5493e-08 8.53411e-07 1.71636e-13 0 2.2155e-13 0 2.80949e-13 0 3.20422e-13 0 3.5098e-13 0 3.75931e-13 0 3.97203e-13 0 4.16171e-13 0 4.32956e-13 0 4.48177e-13 0 4.62143e-13 0 4.7484e-13 0 4.86912e-13 0 4.98189e-13 0 5.08831e-13 0 5.18669e-13 0 5.28192e-13 0 5.37399e-13 0 5.45958e-13 0 5.54197e-13 0 5.62114e-13 0
709.813 7.16859e-14 7.16859e-14 9.61991e-22 1.34195e-08 7.74548e-07 1.38932e-13 0 1.781e-13 0 2.24536e-13 0 2.55322e-13 0 2.79126e-13 0 2.98545e-13 0 3.15091e-13 0 3.29838e-13 0 3.42882e-13 0 3.54708e-13 0 3.65556e-13 0 3.75416e-13 0 3.84788e-13 0 3.93542e-13 0 4.01801e-13 0 4.09436e-13 0 4.16825e-13 0 4.23968e-13 0 4.30607e-13 0 4.36998e-13 0 4.43138e-13 0
746.248 6.7672e-14 6.7672e-14 7.91793e-22 1.17004e-08 7.0489e-07 1.1226e-13 0 1.42977e-13 0 1.79271e-13 0 2.03282e-13 0 2.21825e-13 0 2.36942e-13 0 2.49815e-13 0 2.61283e-13 0 2.71424e-13 0 2.80616e-13 0 2.89044e-13 0 2.96704e-13 0 3.03983e-13 0 3.10781e-13 0 3.17194e-13 0 3.23121e-13 0 3.28857e-13 0 3.34402e-13 0 3.39555e-13 0 3.44514e-13 0 3.49279e-13 0
784.553 6.38941e-14 6.38941e-14 6.52703e-22 1.02154e-08 6.41512e-07 9.04934e-14 0 1.14554e-13 0 1.42896e-13 0 1.61609e-13 0 1.76047e-13 0 1.87808e-13 0 1.97818e-13 0 2.06733e-13 0 2.14614e-13 0 2.21755e-13 0 2.28301e-13 0 2.3425e-13 0 2.39902e-13 0 2.4518e-13 0 2.50158e-13 0 2.54758e-13 0 2.5921e-13 0 2.63512e-13 0 2.6751e-13 0 2.71358e-13 0 2.75054e-13 0
824.824 6.03071e-14 6.03071e-14 5.36435e-22 8.89506e-09 5.83581e-07 7.27487e-14 0 9.15664e-14 0 1.13669e-13 0 1.28238e-13 0 1.39467e-13 0 1.48608e-13 0 1.56386e-13 0 1.6331e-13 0 1.69429e-13 0 1.74972e-13 0 1.80053e-13 0 1.84669e-13 0 1.89054e-13 0 1.93148e-13 0 1.9701e-13 0 2.00578e-13 0 2.0403e-13 0 2.07366e-13 0 2.10466e-13 0 2.13449e-13 0 2.16315e-13 0
867.163 5.69021e-14 5.69021e-14 4.39608e-22 7.7257e-09 5.30419e-07 5.83324e-14 0 7.30275e-14 0 9.02441e-14 0 1.01574e-13 0 1.10299e-13 0 1.17398e-13 0 1.23436e-13 0 1.28809e-13 0 1.33556e-13 0 1.37855e-13 0 1.41795e-13 0 1.45375e-13 0 1.48774e-13 0 1.51948e-13 0 1.54941e-13 0 1.57707e-13 0 1.60382e-13 0 1.62967e-13 0 1.65369e-13 0 1.67681e-13 0 1.69901e-13 0
911.674 5.36692e-14 5.36692e-14 3.59275e-22 6.69425e-09 4.81311e-07 4.66568e-14 0 5.81165e-14 0 7.15113e-14 0 8.03131e-14 0 8.70862e-14 0 9.25944e-14 0 9.72771e-14 0 1.01443e-13 0 1.05123e-13 0 1.08456e-13 0 1.11509e-13 0 1.14282e-13 0 1.16916e-13 0 1.19375e-13 0 1.21693e-13 0 1.23835e-13 0 1.25906e-13 0 1.27908e-13 0 1.29768e-13 0 1.31558e-13 0 1.33277e-13 0
958.471 5.06462e-14 5.06462e-14 2.94883e-22 5.82241e-09 4.37669e-07 3.72635e-14 0 4.61963e-14 0 5.66155e-14 0 6.3453e-14 0 6.87108e-14 0 7.29848e-14 0 7.6617e-14 0 7.98477e-14 0 8.27008e-14 0 8.52838e-14 0 8.76504e-14 0 8.97994e-14 0 9.18404e-14 0 9.37452e-14 0 9.55412e-14 0 9.72003e-14 0 9.88052e-14 0 1.00356e-13 0 1.01796e-13 0 1.03182e-13 0 1.04513e-13 0
1007.67 4.78235e-14 4.78235e-14 2.43072e-22 5.0827e-09 3.97574e-07 2.97247e-14 0 3.66862e-14 0 4.47906e-14 0 5.01027e-14 0 5.41848e-14 0 5.75018e-14 0 6.03198e-14 0 6.28257e-14 0 6.50383e-14 0 6.70412e-14 0 6.8876e-14 0 7.05419e-14 0 7.21239e-14 0 7.36003e-14 0 7.49922e-14 0 7.62778e-14 0 7.75214e-14 0 7.87228e-14 0 7.9839e-14 0 8.09128e-14 0 8.19441e-14 0
1059.39 4.51416e-14 4.51416e-14 1.99749e-22 4.42495e-09 3.61373e-07 2.36609e-14 0 2.908e-14 0 3.53778e-14 0 3.95012e-14 0 4.26681e-14 0 4.52404e-14 0 4.74252e-14 0 4.93676e-14 0 5.10823e-14 0 5.26343e-14 0 5.40559e-14 0 5.53464e-14 0 5.65719e-14 0 5.77155e-14 0 5.87935e-14 0 5.97892e-14 0 6.07522e-14 0 6.16826e-14 0 6.25469e-14 0 6.33783e-14 0 6.41768e-14 0
1113.77 4.25955e-14 4.25955e-14 1.63708e-22 3.84332e-09 3.28603e-07 1.87967e-14 0 2.30107e-14 0 2.79003e-14 0 3.10986e-14 0 3.35537e-14 0 3.55471e-14 0 3.72398e-14 0 3.87444e-14 0 4.00725e-14 0 4.12743e-14 0 4.23751e-14 0 4.33743e-14 0 4.4323e-14 0 4.52083e-14 0 4.60427e-14 0 4.68134e-14 0 4.75588e-14 0 4.82788e-14 0 4.89477e-14 0 4.95911e-14 0 5.0209e-14 0
1170.94 4.01789e-14 4.01789e-14 1.33818e-22 3.33056e-09 2.98619e-07 1.49041e-14 0 1.81778e-14 0 2.19709e-14 0 2.44497e-14 0 2.63517e-14 0 2.78954e-14 0 2.92061e-14 0 3.03708e-14 0 3.13988e-14 0 3.23289e-14 0 3.31807e-14 0 3.39539e-14 0 3.4688e-14 0 3.53729e-14 0 3.60184e-14 0 3.66146e-14 0 3.71912e-14 0 3.77482e-14 0 3.82656e-14 0 3.87632e-14 0 3.92411e-14 0
1231.05 3.7903e-14 3.7903e-14 1.09508e-22 2.88916e-09 2.7156e-07 1.18016e-14 0 1.43436e-14 0 1.7285e-14 0 1.92058e-14 0 2.06788e-14 0 2.18742e-14 0 2.28888e-14 0 2.37903e-14 0 2.45859e-14 0 2.53057e-14 0 2.59648e-14 0 2.6563e-14 0 2.71309e-14 0 2.76607e-14 0 2.81601e-14 0 2.86213e-14 0 2.90673e-14 0 2.94981e-14 0 2.98982e-14 0 3.02831e-14 0 3.06527e-14 0
1294.24 3.57936e-14 3.57936e-14 9.0332e-23 2.5237e-09 2.46442e-07 9.3419e-15 0 1.13167e-14 0 1.35992e-14 0 1.50886e-14 0 1.62304e-14 0 1.71566e-14 0 1.79427e-14 0 1.86411e-14 0 1.92573e-14 0 1.98148e-14 0 2.03252e-14 0 2.07884e-14 0 2.12282e-14 0 2.16384e-14 0 2.20251e-14 0 2.23821e-14 0 2.27274e-14 0 2.30609e-14 0 2.33707e-14 0 2.36686e-14 0 2.39547e-14 0
1360.67 3.37891e-14 3.37891e-14 7.42787e-23 2.1983e-09 2.23161e-07 7.38262e-15 0 8.91555e-15 0 1.06854e-14 0 1.18395e-14 0 1.2724e-14 0 1.34413e-14 0 1.405e-14 0 1.45907e-14 0 1.50677e-14 0 1.54992e-14 0 1.58943e-14 0 1.62528e-14 0 1.65932e-14 0 1.69107e-14 0 1.72099e-14 0 1.74862e-14 0 1.77533e-14 0 1.80114e-14 0 1.8251e-14 0 1.84816e-14 0 1.87029e-14 0
1430.51 3.18857e-14 3.18857e-14 6.09088e-23 1.91023e-09 2.02192e-07 5.8251e-15 0 7.01407e-15 0 8.38551e-15 0 9.27926e-15 0 9.96398e-15 0 1.05192e-14 0 1.09903e-14 0 1.14086e-14 0 1.17777e-14 0 1.21116e-14 0 1.24172e-14 0 1.26946e-14 0 1.29578e-14 0 1.32034e-14 0 1.34348e-14 0 1.36485e-14 0 1.38551e-14 0 1.40547e-14 0 1.424e-14 0 1.44183e-14 0 1.45895e-14 0
1503.94 3.00791e-14 3.00791e-14 4.98192e-23 1.65627e-09 1.8397e-07 4.58934e-15 0 5.51087e-15 0 6.57288e-15 0 7.26461e-15 0 7.79441e-15 0 8.22393e-15 0 8.58828e-15 0 8.91186e-15 0 9.19728e-15 0 9.45544e-15 0 9.69176e-15 0 9.9062e-15 0 1.01097e-14 0 1.02996e-14 0 1.04785e-14 0 1.06437e-14 0 1.08034e-14 0 1.09577e-14 0 1.1101e-14 0 1.12388e-14 0 1.13711e-14 0
1581.14 2.83658e-14 2.83658e-14 4.06511e-23 1.4331e-09 1.68873e-07 3.61068e-15 0 4.32444e-15 0 5.14636e-15 0 5.68144e-15 0 6.09115e-15 0 6.42327e-15 0 6.70494e-15 0 6.95508e-15 0 7.17571e-15 0 7.37525e-15 0 7.5579e-15 0 7.72363e-15 0 7.88092e-15 0 8.02764e-15 0 8.1659e-15 0 8.29355e-15 0 8.41699e-15 0 8.53619e-15 0 8.6469e-15 0 8.75338e-15 0 8.85562e-15 0
1662.3 2.67895e-14 2.67895e-14 3.35596e-23 1.25272e-09 1.53549e-07 2.842e-15 0 3.39547e-15 0 4.03236e-15 0 4.44679e-15 0 4.76405e-15 0 5.02118e-15 0 5.23924e-15 0 5.43286e-15 0 5.60363e-15 0 5.75806e-15 0 5.89942e-15 0 6.02768e-15 0 6.14941e-15 0 6.26294e-15 0 6.36993e-15 0 6.46871e-15 0 6.56422e-15 0 6.65645e-15 0 6.74212e-15 0 6.8245e-15 0 6.90361e-15 0
1747.63 2.52913e-14 2.52913e-14 2.76141e-23 1.09184e-09 1.39945e-07 2.23399e-15 0 2.66288e-15 0 3.15609e-15 0 3.47691e-15 0 3.72244e-15 0 3.92142e-15 0 4.09014e-15 0 4.23994e-15 0 4.37205e-15 0 4.49152e-15 0 4.60087e-15 0 4.70008e-15 0 4.79424e-15 0 4.88206e-15 0 4.9648e-15 0 5.0412e-15 0 5.11507e-15 0 5.18641e-15 0 5.25266e-15 0 5.31638e-15 0 5.37755e-15 0
1837.33 2.38685e-14 2.38685e-14 2.2657e-23 9.49242e-10 1.27886e-07 1.75385e-15 0 2.086e-15 0 2.46773e-15 0 2.71595e-15 0 2.90588e-15 0 3.05978e-15 0 3.19026e-15 0 3.30611e-15 0 3.40827e-15 0 3.50065e-15 0 3.5852e-15 0 3.66191e-15 0 3.7347e-15 0 3.8026e-15 0 3.86657e-15 0 3.92564e-15 0 3.98275e-15 0 4.03789e-15 0 4.08911e-15 0 4.13836e-15 0 4.18565e-15 0
1931.64 2.25179e-14 2.25179e-14 1.85414e-23 8.23407e-10 1.17021e-07 1.37524e-15 0 1.63232e-15 0 1.92762e-15 0 2.11957e-15 0 2.26642e-15 0 2.3854e-15 0 2.48626e-15 0 2.57581e-15 0 2.65477e-15 0 2.72617e-15 0 2.79152e-15 0 2.8508e-15 0 2.90706e-15 0 2.95953e-15 0 3.00897e-15 0 3.05462e-15 0 3.09875e-15 0 3.14136e-15 0 3.18094e-15 0 3.219e-15 0 3.25554e-15 0
2030.79 2.12366e-14 2.12366e-14 1.51362e-23 7.12743e-10 1.06836e-07 1.07714e-15 0 1.27601e-15 0 1.50433e-15 0 1.6527e-15 0 1.76619e-15 0 1.85813e-15 0 1.93607e-15 0 2.00526e-15 0 2.06626e-15 0 2.12143e-15 0 2.17191e-15 0 2.21771e-15 0 2.26117e-15 0 2.3017e-15 0 2.33989e-15 0 2.37515e-15 0 2.40924e-15 0 2.44216e-15 0 2.47273e-15 0 2.50213e-15 0 2.53035e-15 0
2135.03 2.00496e-14 2.00496e-14 1.24641e-23 6.21661e-10 9.67097e-08 8.43913e-16 0 9.97881e-16 0 1.17458e-15 0 1.28937e-15 0 1.37716e-15 0 1.44828e-15 0 1.50856e-15 0 1.56207e-15 0 1.60925e-15 0 1.65191e-15 0 1.69095e-15 0 1.72637e-15 0 1.75998e-15 0 1.79132e-15 0 1.82085e-15 0 1.84811e-15 0 1.87447e-15 0 1.89993e-15 0 1.92356e-15 0 1.94629e-15 0 1.96812e-15 0
2244.63 1.893e-14 1.893e-14 1.02631e-23 5.42159e-10 8.8199e-08 6.60744e-16 0 7.79937e-16 0 9.16671e-16 0 1.00548e-15 0 1.07339e-15 0 1.1284e-15 0 1.17502e-15 0 1.2164e-15 0 1.25289e-15 0 1.28588e-15 0 1.31607e-15 0 1.34346e-15 0 1.36945e-15 0 1.39368e-15 0 1.41652e-15 0 1.4376e-15 0 1.45798e-15 0 1.47766e-15 0 1.49594e-15 0 1.51351e-15 0 1.53039e-15 0
2359.84 1.78665e-14 1.78665e-14 8.42565e-24 4.71588e-10 8.03055e-08 5.16799e-16 0 6.09023e-16 0 7.14783e-16 0 7.83456e-16 0 8.35966e-16 0 8.78493e-16 0 9.14538e-16 0 9.46531e-16 0 9.74738e-16 0 1.00024e-15 0 1.02358e-15 0 1.04475e-15 0 1.06483e-15 0 1.08357e-15 0 1.10122e-15 0 1.11751e-15 0 1.13327e-15 0 1.14848e-15 0 1.1626e-15 0 1.17619e-15 0 1.18923e-15 0
2480.97 1.6857e-14 1.6857e-14 6.89873e-24 4.0925e-10 7.23339e-08 4.03812e-16 0 4.75135e-16 0 5.56899e-16 0 6.0998e-16 0 6.50563e-16 0 6.83429e-16 0 7.11284e-16 0 7.36006e-16 0 7.57802e-16 0 7.77507e-16 0 7.95539e-16 0 8.11897e-16 0 8.27418e-16 0 8.41892e-16 0 8.55529e-16 0 8.68119e-16 0 8.8029e-16 0 8.92043e-16 0 9.02957e-16 0 9.13452e-16 0 9.23528e-16 0
2608.32 1.58991e-14 1.58991e-14 5.63464e-24 3.54401e-10 6.42833e-08 3.15229e-16 0 3.70361e-16 0 4.33546e-16 0 4.74558e-16 0 5.05911e-16 0 5.313e-16 0 5.52817e-16 0 5.71913e-16 0 5.88749e-16 0 6.03969e-16 0 6.17897e-16 0 6.30531e-16 0 6.42519e-16 0 6.53698e-16 0 6.64231e-16 0 6.73954e-16 0 6.83354e-16 0 6.92431e-16 0 7.0086e-16 0 7.08965e-16 0 7.16747e-16 0
2742.21 1.50054e-14 1.50054e-14 4.62765e-24 3.08398e-10 6.01422e-08 2.46098e-16 0 2.88738e-16 0 3.37593e-16 0 3.69298e-16 0 3.93534e-16 0 4.13159e-16 0 4.2979e-16 0 4.4455e-16 0 4.57562e-16 0 4.69326e-16 0 4.8009e-16 0 4.89854e-16 0 4.99119e-16 0 5.07758e-16 0 5.15898e-16 0 5.23412e-16 0 5.30677e-16 0 5.37691e-16 0 5.44205e-16 0 5.50469e-16 0 5.56482e-16 0
2882.97 1.41685e-14 1.41685e-14 3.81327e-24 2.69137e-10 5.4939e-08 1.92112e-16 0 2.25102e-16 0 2.62891e-16 0 2.87412e-16 0 3.06154e-16 0 3.21329e-16 0 3.3419e-16 0 3.45602e-16 0 3.55664e-16 0 3.64759e-16 0 3.73082e-16 0 3.80631e-16 0 3.87794e-16 0 3.94474e-16 0 4.00767e-16 0 4.06577e-16 0 4.12193e-16 0 4.17616e-16 0 4.22652e-16 0 4.27495e-16 0 4.32144e-16 0
3030.95 1.33735e-14 1.33735e-14 3.13247e-24 2.34229e-10 5.18182e-08 1.49838e-16 0 1.7535e-16 0 2.04567e-16 0 2.23523e-16 0 2.38011e-16 0 2.49741e-16 0 2.59681e-16 0 2.68502e-16 0 2.76278e-16 0 2.83308e-16 0 2.8974e-16 0 2.95575e-16 0 3.01111e-16 0 3.06274e-16 0 3.11137e-16 0 3.15627e-16 0 3.19968e-16 0 3.24159e-16 0 3.28051e-16 0 3.31793e-16 0 3.35386e-16 0
3186.53 1.26188e-14 1.26188e-14 2.56627e-24 2.03368e-10 4.65953e-08 1.1677e-16 0 1.36491e-16 0 1.59071e-16 0 1.7372e-16 0 1.84915e-16 0 1.93978e-16 0 2.01658e-16 0 2.08474e-16 0 2.14482e-16 0 2.19913e-16 0 2.24883e-16 0 2.29391e-16 0 2.33668e-16 0 2.37656e-16 0 2.41413e-16 0 2.44882e-16 0 2.48235e-16 0 2.51473e-16 0 2.5448e-16 0 2.57371e-16 0 2.60147e-16 0
3350.09 1.19027e-14 1.19027e-14 2.09721e-24 1.76197e-10 3.81499e-08 9.09271e-17 0 1.06165e-16 0 1.23609e-16 0 1.34924e-16 0 1.43571e-16 0 1.50572e-16 0 1.56504e-16 0 1.61768e-16 0 1.66408e-16 0 1.70602e-16 0 1.7444e-16 0 1.77922e-16 0 1.81225e-16 0 1.84305e-16 0 1.87207e-16 0 1.89886e-16 0 1.92475e-16 0 1.94976e-16 0 1.97298e-16 0 1.9953e-16 0 2.01674e-16 0
3522.05 1.12297e-14 1.12297e-14 1.71768e-24 1.52958e-10 4.15956e-08 7.07891e-17 0 8.25649e-17 0 9.60436e-17 0 1.04786e-16 0 1.11466e-16 0 1.16874e-16 0 1.21456e-16 0 1.25523e-16 0 1.29107e-16 0 1.32347e-16 0 1.35312e-16 0 1.38001e-16 0 1.40553e-16 0 1.42932e-16 0 1.45174e-16 0 1.47243e-16 0 1.49243e-16 0 1.51175e-16 0 1.52968e-16 0 1.54693e-16 0 1.56348e-16 0
3702.84 1.06046e-14 1.06046e-14 1.41645e-24 1.3357e-10 3.47859e-08 5.5139e-17 0 6.42471e-17 0 7.46708e-17 0 8.14308e-17 0 8.65963e-17 0 9.07779e-17 0 9.4321e-17 0 9.7465e-17 0 1.00236e-16 0 1.02742e-16 0 1.05034e-16 0 1.07113e-16 0 1.09086e-16 0 1.10925e-16 0 1.12658e-16 0 1.14258e-16 0 1.15804e-16 0 1.17298e-16 0 1.18684e-16 0 1.20018e-16 0 1.21298e-16 0
3892.91 1.00105e-14 1.00105e-14 1.16432e-24 1.1631e-10 2.84468e-08 4.29161e-17 0 4.99579e-17 0 5.80157e-17 0 6.32408e-17 0 6.72334e-17 0 7.04654e-17 0 7.32038e-17 0 7.56338e-17 0 7.77757e-17 0 7.97118e-17 0 8.14834e-17 0 8.30902e-17 0 8.46148e-17 0 8.60364e-17 0 8.73757e-17 0 8.8612e-17 0 8.98072e-17 0 9.09612e-17 0 9.20328e-17 0 9.30632e-17 0 9.40525e-17 0
4092.73 9.44631e-15 9.44631e-15 9.54363e-25 1.0103e-10 2.30617e-08 3.33783e-17 0 3.88201e-17 0 4.50465e-17 0 4.90837e-17 0 5.21684e-17 0 5.46655e-17 0 5.67812e-17 0 5.86585e-17 0 6.03133e-17 0 6.18091e-17 0 6.31777e-17 0 6.44191e-17 0 6.55968e-17 0 6.66951e-17 0 6.77298e-17 0 6.86849e-17 0 6.96082e-17 0 7.04996e-17 0 7.13275e-17 0 7.21235e-17 0 7.28877e-17 0
4302.81 8.91085e-15 8.91085e-15 7.8036e-25 8.75741e-11 1.99457e-08 2.59422e-17 0 3.01461e-17 0 3.49554e-17 0 3.80737e-17 0 4.04562e-17 0 4.23847e-17 0 4.40186e-17 0 4.54685e-17 0 4.67465e-17 0 4.79016e-17 0 4.89586e-17 0 4.99173e-17 0 5.08269e-17 0 5.1675e-17 0 5.2474e-17 0 5.32116e-17 0 5.39246e-17 0 5.46131e-17 0 5.52524e-17 0 5.58671e-17 0 5.64573e-17 0
4523.68 8.40418e-15 8.40418e-15 6.37341e-25 7.58361e-11 2.38535e-08 2.01523e-17 0 2.33991e-17 0 2.71131e-17 0 2.9521e-17 0 3.13607e-17 0 3.28498e-17 0 3.41115e-17 0 3.5231e-17 0 3.62177e-17 0 3.71097e-17 0 3.79258e-17 0 3.8666e-17 0 3.93683e-17 0 4.00231e-17 0 4.06401e-17 0 4.12096e-17 0 4.17601e-17 0 4.22916e-17 0 4.27852e-17 0 4.32599e-17 0 4.37155e-17 0
4755.88 7.93709e-15 7.93709e-15 5.2594e-25 6.62636e-11 2.01811e-08 1.5671e-17 0 1.81819e-17 0 2.10538e-17 0 2.29157e-17 0 2.43382e-17 0 2.54896e-17 0 2.64651e-17 0 2.73306e-17 0 2.80936e-17 0 2.87832e-17 0 2.94142e-17 0 2.99865e-17 0 3.05294e-17 0 3.10358e-17 0 3.15127e-17 0 3.1953e-17 0 3.23787e-17 0 3.27896e-17 0 3.31713e-17 0 3.35382e-17 0 3.38905e-17 0
5000 7.49286e-15 7.49286e-15 4.32611e-25 5.77365e-11 2.75266e-08 1.21775e-17 0 1.41184e-17 0 1.63382e-17 0 1.77773e-17 0 1.88767e-17 0 1.97665e-17 0 2.05204e-17 0 2.11894e-17 0 2.1779e-17 0 2.2312e-17 0 2.27996e-17 0 2.32419e-17 0 2.36615e-17 0 2.40528e-17 0 2.44214e-17 0 2.47617e-17 0 2.50906e-17 0 2.54082e-17 0 2.57032e-17 0 2.59867e-17 0 2.6259e-17 0
