# 2.3714e-07 1 33 : grain size, compostion index, size index
# Heating and cooling timescale: 17771.2 44.9809
# Ratio of heating to cooling to determine stochastic cutoff: 100
# Equilibrium emission is recorded even for those grains in the stochastic regime.
# Emission spectrum was computed for: 
# Type: IRSF
# Scales: 0.25 0.5 1 1.5 2 2.5 3 3.5 4 4.5 5 5.5 6 6.5 7 7.5 8 8.5 9 9.5 10
# StochasticallyHeated: 1 1 1 1 1 1 1 1 1 1 1 1 1 1 1 1 1 1 1 1 1
# Temperature: -1
# Wavelength  CExt  CAbs  CSca  Albedo G EqEm1 StEm1 EqEm2 StEm2 EqEm3 StEm3 EqEm4 StEm4 EqEm5 StEm5 EqEm6 StEm6 EqEm7 StEm7 EqEm8 StEm8 EqEm9 StEm9 EqEm10 StEm10 EqEm11 StEm11 EqEm12 StEm12 EqEm13 StEm13 EqEm14 StEm14 EqEm15 StEm15 EqEm16 StEm16 EqEm17 StEm17 EqEm18 StEm18 EqEm19 StEm19 EqEm20 StEm20 EqEm21 StEm21
0.05 9.92575e-15 9.91049e-15 1.52632e-17 0.00153774 0.000978087 0 0 0 0 0 0 0 0 0 0 0 0 0 0 0 0 0 0 0 0 0 0 0 0 0 0 0 0 0 0 0 0 0 0 0 0 0 0 0 0 0 0
0.0525665 1.09709e-14 1.0954e-14 1.68704e-17 0.00153774 0.00108108 0 0 0 0 0 0 0 0 0 0 0 0 0 0 0 0 0 0 0 0 0 0 0 0 0 0 0 0 0 0 0 0 0 0 0 0 0 0 0 0 0 0
0.0552647 1.21261e-14 1.21074e-14 1.86468e-17 0.00153774 0.00119491 0 0 0 0 0 0 0 0 0 0 0 0 0 0 0 0 0 0 0 0 0 0 0 0 0 0 0 0 0 0 0 0 0 0 0 0 0 0 0 0 0 0
0.0581015 1.34029e-14 1.33823e-14 2.06102e-17 0.00153774 0.00132072 0 0 0 0 0 0 0 0 0 0 0 0 0 0 0 0 0 0 0 0 0 0 0 0 0 0 0 0 0 0 0 0 0 0 0 0 0 0 0 0 0 0
0.0610839 1.48141e-14 1.47914e-14 2.27803e-17 0.00153774 0.00145979 0 0 0 0 0 0 0 0 0 0 0 0 0 0 0 0 0 0 0 0 0 0 0 0 0 0 0 0 0 0 0 0 0 0 0 0 0 0 0 0 0 0
0.0642193 1.6374e-14 1.63488e-14 2.5179e-17 0.00153774 0.0016135 0 0 0 0 0 0 0 0 0 0 0 0 0 0 0 0 0 0 0 0 0 0 0 0 0 0 0 0 0 0 0 0 0 0 0 0 0 0 0 0 0 0
0.0675157 1.80981e-14 1.80703e-14 2.78302e-17 0.00153774 0.00178339 0 0 0 0 0 0 0 0 0 0 0 0 0 0 0 0 0 0 0 0 0 0 0 0 0 0 0 0 0 0 0 0 0 0 0 0 0 0 0 0 0 0
0.0709813 2.00037e-14 1.9973e-14 3.07606e-17 0.00153774 0.00197118 0 0 0 0 0 0 0 0 0 0 0 0 0 0 0 0 0 0 0 0 0 0 0 0 0 0 0 0 0 0 0 0 0 0 0 0 0 0 0 0 0 0
0.0746248 2.211e-14 2.2076e-14 3.39995e-17 0.00153774 0.00217873 0 0 0 0 0 0 0 0 0 0 0 0 0 0 0 0 0 0 0 0 0 0 0 0 0 0 0 0 0 0 0 0 0 0 0 0 0 0 0 0 0 0
0.0784553 2.44381e-14 2.44005e-14 3.75795e-17 0.00153774 0.00240814 0 0 0 0 0 0 0 0 0 0 0 0 0 0 0 0 0 0 0 0 0 0 0 0 0 0 0 0 0 0 0 0 0 0 0 0 0 0 0 0 0 0
0.0824824 2.70113e-14 2.69698e-14 4.15364e-17 0.00153774 0.00266171 0 0 0 0 0 0 0 0 0 0 0 0 0 0 0 0 0 0 0 0 0 0 0 0 0 0 0 0 0 0 0 0 0 0 0 0 0 0 0 0 0 0
0.0867162 2.98555e-14 2.98096e-14 4.59101e-17 0.00153774 0.00294197 0 0 0 0 0 0 0 0 0 0 0 0 0 0 0 0 0 0 0 0 0 0 0 0 0 0 0 0 0 0 0 0 0 0 0 0 0 0 0 0 0 0
0.0911674 3.29992e-14 3.29484e-14 5.07442e-17 0.00153774 0.00325175 0 0 0 0 0 0 0 0 0 0 0 0 0 0 0 0 0 0 0 0 0 0 0 0 0 0 0 0 0 0 0 0 0 0 0 0 0 0 0 0 0 0
0.095847 3.64738e-14 3.64177e-14 5.60873e-17 0.00153774 0.00359414 0 0 0 0 0 0 0 0 0 0 0 0 0 0 0 0 0 0 0 0 0 0 0 0 0 0 0 0 0 0 0 0 0 0 0 0 0 0 0 0 0 0
0.100767 3.91036e-14 3.90441e-14 5.948e-17 0.00152109 0.00390126 0 0 0 0 0 0 0 0 0 0 0 0 0 0 0 0 0 0 0 0 0 0 0 0 0 0 0 0 0 0 0 0 0 0 0 0 0 0 0 0 0 0
0.105939 3.51356e-14 3.50856e-14 5.0048e-17 0.00142442 0.00384726 0 0 0 0 0 0 0 0 0 0 0 0 0 0 0 0 0 0 0 0 0 0 0 0 0 0 0 0 0 0 0 0 0 0 0 0 0 0 0 0 0 0
0.111377 3.10505e-14 3.10088e-14 4.16995e-17 0.00134296 0.00368095 0 0 0 0 0 0 0 0 0 0 0 0 0 0 0 0 0 0 0 0 0 0 0 0 0 0 0 0 0 0 0 0 0 0 0 0 0 0 0 0 0 0
0.117094 2.70582e-14 2.70236e-14 3.46514e-17 0.00128062 0.00347575 0 0 0 0 0 0 0 0 0 0 0 0 0 0 0 0 0 0 0 0 0 0 0 0 0 0 0 0 0 0 0 0 0 0 0 0 0 0 0 0 0 0
0.123105 2.29593e-14 2.29309e-14 2.83741e-17 0.00123584 0.0032617 0 0 0 0 0 0 0 0 0 0 0 0 0 0 0 0 0 0 0 0 0 0 0 0 0 0 0 0 0 0 0 0 0 0 0 0 0 0 0 0 0 0
0.129424 1.92005e-14 1.91776e-14 2.29087e-17 0.00119313 0.00305352 0 0 0 0 0 0 0 0 0 0 0 0 0 0 0 0 0 0 0 0 0 0 0 0 0 0 0 0 0 0 0 0 0 0 0 0 0 0 0 0 0 0
0.136067 1.5726e-14 1.57072e-14 1.87576e-17 0.00119277 0.00286242 0 0 0 0 0 0 0 0 0 0 0 0 0 0 0 0 0 0 0 0 0 0 0 0 0 0 0 0 0 0 0 0 0 0 0 0 0 0 0 0 0 0
0.143051 1.20086e-14 1.19937e-14 1.49881e-17 0.00124811 0.00271467 0 0 0 0 0 0 0 0 0 0 0 0 0 0 0 0 0 0 0 0 0 0 0 0 0 0 0 0 0 0 0 0 0 0 0 0 0 0 0 0 0 0
0.150394 8.49062e-15 8.47907e-15 1.15574e-17 0.00136119 0.00258473 0 0 0 0 0 0 0 0 0 0 0 0 0 0 0 0 0 0 0 0 0 0 0 0 0 0 0 0 0 0 0 0 0 0 0 0 0 0 0 0 0 0
0.158114 5.65408e-15 5.64545e-15 8.63533e-18 0.00152727 0.0023649 0 0 0 0 0 0 0 0 0 0 0 0 0 0 0 0 0 0 0 0 0 0 0 0 0 0 0 0 0 0 0 0 0 0 0 0 0 0 0 0 0 0
0.16623 3.70816e-15 3.70182e-15 6.34253e-18 0.00171042 0.00210407 0 0 0 0 0 0 0 0 0 0 0 0 0 0 0 0 0 0 0 0 0 0 0 0 0 0 0 0 0 0 0 0 0 0 0 0 0 0 0 0 0 0
0.174762 2.65208e-15 2.64738e-15 4.69783e-18 0.00177138 0.00185712 0 0 0 0 0 0 0 0 0 0 0 0 0 0 0 0 0 0 0 0 0 0 0 0 0 0 0 0 0 0 0 0 0 0 0 0 0 0 0 0 0 0
0.183733 1.89518e-15 1.89169e-15 3.49326e-18 0.00184323 0.00163858 0 0 0 0 0 0 0 0 0 0 0 0 0 0 0 0 0 0 0 0 0 0 0 0 0 0 0 0 0 0 0 0 0 0 0 0 0 0 0 0 0 0
0.193164 1.43648e-15 1.43386e-15 2.62183e-18 0.00182518 0.00144963 0 0 0 0 0 0 0 0 0 0 0 0 0 0 0 0 0 0 0 0 0 0 0 0 0 0 0 0 0 0 0 0 0 0 0 0 0 0 0 0 0 0
0.203079 1.32944e-15 1.32745e-15 1.99433e-18 0.00150013 0.00128612 0 0 0 0 0 0 0 0 0 0 0 0 0 0 0 0 0 0 0 0 0 0 0 0 0 0 0 0 0 0 0 0 0 0 0 0 0 0 0 0 0 0
0.213503 1.2754e-15 1.27386e-15 1.54248e-18 0.00120941 0.00114343 0 0 0 0 0 0 0 0 0 0 0 0 0 0 0 0 0 0 0 0 0 0 0 0 0 0 0 0 0 0 0 0 0 0 0 0 0 0 0 0 0 0
0.224463 1.20683e-15 1.20561e-15 1.21346e-18 0.0010055 0.0010195 0 0 0 0 0 0 0 0 0 0 0 0 0 0 0 0 0 0 0 0 0 0 0 0 0 0 0 0 0 0 0 0 0 0 0 0 0 0 0 0 0 0
0.235984 1.15322e-15 1.15226e-15 9.60531e-19 0.000832912 0.000912141 0 0 0 0 0 0 0 0 0 0 0 0 0 0 0 0 0 0 0 0 0 0 0 0 0 0 0 0 0 0 0 0 0 0 0 0 0 0 0 0 0 0
0.248097 1.10513e-15 1.10437e-15 7.64209e-19 0.000691509 0.000818338 0 0 0 0 0 0 0 0 0 0 0 0 0 0 0 0 0 0 0 0 0 0 0 0 0 0 0 0 0 0 0 0 0 0 0 0 0 0 0 0 0 0
0.260832 1.06301e-15 1.0624e-15 6.11741e-19 0.000575478 0.000735422 0 0 0 0 0 0 0 0 0 0 0 0 0 0 0 0 0 0 0 0 0 0 0 0 0 0 0 0 0 0 0 0 0 0 0 0 0 0 0 0 0 0
0.274221 1.02127e-15 1.02077e-15 4.91482e-19 0.000481248 0.000661609 0 0 0 0 0 0 0 0 0 0 0 0 0 0 0 0 0 0 0 0 0 0 0 0 0 0 0 0 0 0 0 0 0 0 0 0 0 0 0 0 0 0
0.288297 9.79388e-16 9.78992e-16 3.96209e-19 0.000404548 0.000595859 0 0 0 0 0 0 0 0 0 0 0 0 0 0 0 0 0 0 0 0 0 0 0 0 0 0 0 0 0 0 0 0 0 0 0 0 0 0 0 0 0 0
0.303095 9.37852e-16 9.37532e-16 3.20131e-19 0.000341345 0.000537066 0 0 0 0 0 0 0 0 0 0 0 0 0 0 0 0 0 0 0 0 0 0 0 0 0 0 0 0 0 0 0 0 0 0 0 0 0 0 0 0 0 0
0.318653 8.96818e-16 8.96558e-16 2.59284e-19 0.000289115 0.000484303 0 0 0 0 0 0 0 0 0 0 0 0 0 0 0 0 0 0 0 0 0 0 0 0 0 0 0 0 0 0 0 0 0 0 0 0 0 0 0 0 0 0
0.335009 8.56637e-16 8.56426e-16 2.10404e-19 0.000245616 0.00043692 0 0 0 0 0 0 0 0 0 0 0 0 0 0 0 0 0 0 0 0 0 0 0 0 0 0 0 0 0 0 0 0 0 0 0 0 0 0 0 0 0 0
0.352205 8.17615e-16 8.17444e-16 1.71005e-19 0.000209151 0.000394347 0 0 0 0 0 0 0 0 0 0 0 0 0 0 0 0 0 0 0 0 0 0 0 0 0 0 0 0 0 0 0 0 0 0 0 0 0 0 0 0 0 0
0.370284 7.79747e-16 7.79607e-16 1.39232e-19 0.00017856 0.00035605 0 0 0 0 0 0 0 0 0 0 0 0 0 0 0 0 0 0 0 0 0 0 0 0 0 0 0 0 0 0 0 0 0 0 0 0 0 0 0 0 0 0
0.389291 7.43224e-16 7.4311e-16 1.13448e-19 0.000152643 0.000321574 0 0 0 0 0 0 0 0 0 0 0 0 0 0 0 0 0 0 0 0 0 0 0 0 0 0 0 0 0 0 0 0 0 0 0 0 0 0 0 0 0 0
0.409273 7.08017e-16 7.07925e-16 9.25613e-20 0.000130733 0.000290496 0 0 0 0 0 0 0 0 0 0 0 0 0 0 0 0 0 0 0 0 0 0 0 0 0 0 0 0 0 0 0 0 0 0 0 0 0 0 0 0 0 0
0.430281 6.74269e-16 6.74193e-16 7.55717e-20 0.000112079 0.000262457 0 0 0 0 0 0 0 0 0 0 0 0 0 0 0 0 0 0 0 0 0 0 0 0 0 0 0 0 0 0 0 0 0 0 0 0 0 0 0 0 0 0
0.452368 6.41901e-16 6.41839e-16 6.17442e-20 9.61896e-05 0.000237229 0 0 0 0 0 0 0 0 0 0 0 0 0 0 0 0 0 0 0 0 0 0 0 0 0 0 0 0 0 0 0 0 0 0 0 0 0 0 0 0 0 0
0.475588 6.10886e-16 6.10835e-16 5.04727e-20 8.26222e-05 0.000214436 0 0 0 0 0 0 0 0 0 0 0 0 0 0 0 0 0 0 0 0 0 0 0 0 0 0 0 0 0 0 0 0 0 0 0 0 0 0 0 0 0 0
0.5 5.81249e-16 5.81208e-16 4.12839e-20 7.10262e-05 0.000193843 0 0 0 0 0 0 0 0 0 0 0 0 0 0 0 0 0 0 0 0 0 0 0 0 0 0 0 0 0 0 0 0 0 0 0 0 0 0 0 0 0 0
0.525665 5.5292e-16 5.52887e-16 3.37895e-20 6.1111e-05 0.000175241 0 0 0 0 0 0 0 0 0 0 0 0 0 0 0 0 0 0 0 0 0 0 0 0 0 0 0 0 0 0 0 0 0 0 0 0 0 0 0 0 0 0
0.552648 5.25834e-16 5.25806e-16 2.76717e-20 5.26244e-05 0.000158451 0 0 0 0 0 0 0 0 0 0 0 0 0 0 0 0 0 0 0 0 0 0 0 0 0 0 0 0 0 0 0 0 0 0 0 0 0 0 0 0 0 0
0.581015 5.00121e-16 5.00098e-16 2.26545e-20 4.5298e-05 0.000143309 0 0 0 0 0 0 0 0 0 0 0 0 0 0 0 0 0 0 0 0 0 0 0 0 0 0 0 0 0 0 0 0 0 0 0 0 0 0 0 0 0 0
0.610839 4.75621e-16 4.75602e-16 1.85493e-20 3.90002e-05 0.000129605 0 0 0 0 0 0 0 0 0 0 0 0 0 0 0 0 0 0 0 0 0 0 0 0 0 0 0 0 0 0 0 0 0 0 0 0 0 0 0 0 0 0
0.642193 4.52078e-16 4.52062e-16 1.51975e-20 3.36171e-05 0.000117203 0 0 0 0 0 0 0 0 0 0 0 0 0 0 0 0 0 0 0 0 0 0 0 0 0 0 0 0 0 0 0 0 0 0 0 0 0 0 0 0 0 0
0.675157 4.29783e-16 4.2977e-16 1.24506e-20 2.89696e-05 0.000106017 0 0 0 0 0 0 0 0 0 0 0 0 0 0 0 0 0 0 0 0 0 0 0 0 0 0 0 0 0 0 0 0 0 0 0 0 0 0 0 0 0 0
0.709813 4.08712e-16 4.08702e-16 1.01984e-20 2.49524e-05 9.59026e-05 0 0 0 0 0 0 0 0 0 0 0 0 0 0 0 0 0 0 0 0 0 0 0 0 0 0 0 0 0 0 0 0 0 0 0 0 0 0 0 0 0 0
0.746248 3.88715e-16 3.88707e-16 8.35553e-21 2.14952e-05 8.6748e-05 0 0 0 0 0 0 0 0 0 0 0 0 0 0 0 0 0 0 0 0 0 0 0 0 0 0 0 0 0 0 0 0 0 0 0 0 0 0 0 0 0 0
0.784553 3.69708e-16 3.69702e-16 6.84339e-21 1.85102e-05 7.84618e-05 0 0 0 0 0 0 0 0 0 0 0 0 0 0 0 0 0 0 0 0 0 0 0 0 0 0 0 0 0 0 0 0 0 0 0 0 0 0 0 0 0 0
0.824824 3.51659e-16 3.51653e-16 5.60545e-21 1.594e-05 7.09845e-05 0 0 0 0 0 0 0 0 0 0 0 0 0 0 0 0 0 0 0 0 0 0 0 0 0 0 0 0 0 0 0 0 0 0 0 0 0 0 0 0 0 0
0.867162 3.34427e-16 3.34422e-16 4.59108e-21 1.37282e-05 6.42233e-05 0 0 0 0 0 0 0 0 0 0 0 0 0 0 0 0 0 0 0 0 0 0 0 0 0 0 0 0 0 0 0 0 0 0 0 0 0 0 0 0 0 0
0.911674 3.18291e-16 3.18287e-16 3.75839e-21 1.1808e-05 5.81031e-05 0 0 0 0 0 0 0 0 0 0 0 0 0 0 0 0 0 0 0 0 0 0 0 0 0 0 0 0 0 0 0 0 0 0 0 0 0 0 0 0 0 0
0.95847 3.03134e-16 3.03131e-16 3.07443e-21 1.01422e-05 5.25646e-05 0 0 0 0 0 0 0 0 0 0 0 0 0 0 0 0 0 0 0 0 0 0 0 0 0 0 0 0 0 0 0 0 0 0 0 0 0 0 0 0 0 0
1.00767 2.8876e-16 2.88758e-16 2.50863e-21 8.68761e-06 4.75584e-05 0 0 0 0 0 0 0 0 0 0 0 0 0 0 0 0 0 0 0 0 0 0 0 0 0 0 0 0 0 0 0 0 0 0 0 0 0 0 0 0 0 0
1.05939 2.8124e-16 2.81237e-16 2.0474e-21 7.27991e-06 4.30311e-05 0 0 0 0 0 0 0 0 0 0 0 0 0 0 0 0 0 0 0 0 0 0 0 0 0 0 0 0 0 0 0 0 0 0 0 0 0 0 0 0 0 0
1.11377 2.74959e-16 2.74958e-16 1.67329e-21 6.0856e-06 3.8932e-05 0 0 0 0 0 0 0 0 0 0 0 0 0 0 0 0 0 0 0 0 0 0 0 0 0 0 0 0 0 0 0 0 0 0 0 0 0 0 0 0 0 0
1.17094 2.69829e-16 2.69828e-16 1.37045e-21 5.07897e-06 3.52206e-05 0 0 0 0 0 0 0 0 0 0 0 0 0 0 0 0 0 0 0 0 0 0 0 0 0 0 0 0 0 0 0 0 0 0 0 0 0 0 0 0 0 0
1.23105 2.653e-16 2.65299e-16 1.12198e-21 4.22908e-06 3.18635e-05 0 0 0 0 0 0 0 0 0 0 0 0 0 0 0 0 0 0 0 0 0 0 0 0 0 0 0 0 0 0 0 0 0 0 0 0 0 0 0 0 0 0
1.29424 2.60344e-16 2.60343e-16 9.19067e-22 3.5302e-06 2.88274e-05 0 0 0 0 0 0 0 0 0 0 0 0 0 0 0 0 0 0 0 0 0 0 0 0 0 0 0 0 0 0 0 0 0 0 0 0 0 0 0 0 0 0
1.36067 2.54779e-16 2.54778e-16 7.56055e-22 2.96749e-06 2.60827e-05 0 0 0 0 0 0 0 0 0 0 0 0 0 0 0 0 0 0 0 0 0 0 0 0 0 0 0 0 0 0 0 0 0 0 0 0 0 0 0 0 0 0
1.43051 2.48824e-16 2.48824e-16 6.1519e-22 2.47239e-06 2.35941e-05 0 0 0 0 0 0 0 0 0 0 0 0 0 0 0 0 0 0 0 0 0 0 0 0 0 0 0 0 0 1.4013e-45 0 1.4013e-45 0 1.4013e-45 0 1.4013e-45 0 1.4013e-45 0 1.4013e-45 0 1.4013e-45
1.50394 2.42679e-16 2.42678e-16 5.0286e-22 2.07212e-06 2.13439e-05 0 0 0 0 0 0 0 1.4013e-45 0 1.4013e-45 0 2.8026e-45 0 4.2039e-45 0 5.60519e-45 0 7.00649e-45 0 8.40779e-45 0 1.12104e-44 0 1.26117e-44 0 1.54143e-44 0 1.82169e-44 0 2.24208e-44 0 2.66247e-44 0 2.94273e-44 0 3.50325e-44 0 3.92364e-44 0 4.48416e-44 0 5.1848e-44
1.58114 2.36737e-16 2.36737e-16 4.11487e-22 1.73816e-06 1.93109e-05 0 0 0 2.8026e-45 0 1.12104e-44 0 2.52234e-44 0 4.48416e-44 0 7.00649e-44 0 1.02295e-43 0 1.38729e-43 0 1.82169e-43 0 2.32616e-43 0 2.88667e-43 0 3.51726e-43 0 4.24593e-43 0 5.00264e-43 0 5.91348e-43 0 6.92241e-43 0 7.93135e-43 0 9.16449e-43 0 1.03696e-42 0 1.16448e-42 0 1.32703e-42
1.6623 2.31308e-16 2.31307e-16 3.36688e-22 1.45559e-06 1.74682e-05 0 1.4013e-44 0 6.16571e-44 0 2.52234e-43 0 5.77335e-43 0 1.02995e-42 0 1.6143e-42 0 2.33596e-42 0 3.19216e-42 0 4.18848e-42 0 5.32774e-42 0 6.60852e-42 0 8.03364e-42 0 9.66896e-42 0 1.14052e-41 0 1.34104e-41 0 1.56371e-41 0 1.79002e-41 0 2.05739e-41 0 2.32209e-41 0 2.60431e-41 0 2.94623e-41
1.74763 2.26715e-16 2.26715e-16 2.75453e-22 1.21497e-06 1.58002e-05 0 2.81661e-43 0 1.23735e-42 0 5.03767e-42 0 1.1464e-41 0 2.04183e-41 0 3.19818e-41 0 4.62134e-41 0 6.31243e-41 0 8.27523e-41 0 1.05144e-40 0 1.30335e-40 0 1.58351e-40 0 1.90144e-40 0 2.24143e-40 0 2.62773e-40 0 3.05318e-40 0 3.49184e-40 0 3.99587e-40 0 4.50498e-40 0 5.04708e-40 0 5.67938e-40
1.83733 2.23289e-16 2.23288e-16 2.2526e-22 1.00883e-06 1.42896e-05 0 5.30391e-42 0 2.21251e-41 0 8.81599e-41 0 1.98962e-40 0 3.53326e-40 0 5.5218e-40 0 7.96691e-40 0 1.08697e-39 0 1.42357e-39 0 1.80683e-39 0 2.23789e-39 0 2.71688e-39 0 3.25621e-39 0 3.83557e-39 0 4.48605e-39 0 5.19793e-39 0 5.93954e-39 0 6.77472e-39 0 7.63046e-39 0 8.54071e-39 0 9.57328e-39
1.93164 2.21174e-16 2.21174e-16 1.84144e-22 8.32575e-07 1.2925e-05 0 9.21438e-41 0 3.56234e-40 0 1.37141e-39 0 3.05596e-39 0 5.39677e-39 0 8.40315e-39 0 1.20937e-38 0 1.6469e-38 0 2.15363e-38 0 2.72961e-38 0 3.37699e-38 0 4.0957e-38 0 4.89994e-38 0 5.76665e-38 0 6.73087e-38 0 7.78117e-38 0 8.88349e-38 0 1.01066e-37 0 1.13728e-37 0 1.27184e-37 0 1.42143e-37
2.03079 2.20365e-16 2.20364e-16 1.50623e-22 6.83517e-07 1.16905e-05 0 1.51763e-39 0 5.29966e-39 0 1.93208e-38 0 4.21759e-38 0 7.37427e-38 0 1.141e-37 0 1.63497e-37 0 2.21929e-37 0 2.89481e-37 0 3.66127e-37 0 4.52173e-37 0 5.47588e-37 0 6.5381e-37 0 7.68528e-37 0 8.95239e-37 0 1.03276e-36 0 1.17784e-36 0 1.33708e-36 0 1.5031e-36 0 1.67939e-36 0 1.8725e-36
2.13503 2.20552e-16 2.20552e-16 1.23318e-22 5.59134e-07 1.05719e-05 0 2.40921e-38 0 7.46338e-38 0 2.5162e-37 0 5.32037e-37 0 9.14906e-37 0 1.40079e-36 0 1.99251e-36 0 2.68995e-36 0 3.49401e-36 0 4.40414e-36 0 5.42394e-36 0 6.55293e-36 0 7.80408e-36 0 9.15678e-36 0 1.06421e-35 0 1.22493e-35 0 1.39507e-35 0 1.58026e-35 0 1.7743e-35 0 1.98013e-35 0 2.2032e-35
2.24463 2.20994e-16 2.20994e-16 1.0105e-22 4.57251e-07 9.55874e-06 0 3.6676e-37 0 1.00843e-36 0 3.08523e-36 0 6.23957e-36 0 1.04647e-35 0 1.57639e-35 0 2.21647e-35 0 2.96658e-35 0 3.82753e-35 0 4.79868e-35 0 5.88356e-35 0 7.08167e-35 0 8.40346e-35 0 9.8325e-35 0 1.13935e-34 0 1.30778e-34 0 1.48643e-34 0 1.67961e-34 0 1.88263e-34 0 2.09774e-34 0 2.32901e-34
2.35984 2.21508e-16 2.21508e-16 8.2855e-23 3.74049e-07 8.64356e-06 0 5.25779e-36 0 1.30727e-35 0 3.6119e-35 0 6.92079e-35 0 1.12297e-34 0 1.65404e-34 0 2.28759e-34 0 3.02352e-34 0 3.86247e-34 0 4.80391e-34 0 5.85075e-34 0 7.00261e-34 0 8.26709e-34 0 9.63233e-34 0 1.11162e-33 0 1.27121e-33 0 1.44059e-33 0 1.62272e-33 0 1.8144e-33 0 2.0172e-33 0 2.23383e-33
2.48097 2.22363e-16 2.22363e-16 6.79594e-23 3.05623e-07 7.81433e-06 0 6.95925e-35 0 1.60632e-34 0 4.05166e-34 0 7.34043e-34 0 1.14701e-33 0 1.64413e-33 0 2.22711e-33 0 2.89588e-33 0 3.65089e-33 0 4.49179e-33 0 5.42064e-33 0 6.43723e-33 0 7.54658e-33 0 8.74087e-33 0 1.00319e-32 0 1.14152e-32 0 1.28819e-32 0 1.44509e-32 0 1.6102e-32 0 1.78451e-32 0 1.96972e-32
2.60832 2.23602e-16 2.23602e-16 5.57754e-23 2.49441e-07 7.06379e-06 0 8.37141e-34 0 1.83756e-33 0 4.31518e-33 0 7.43517e-33 0 1.11957e-32 0 1.5597e-32 0 2.06501e-32 0 2.63545e-32 0 3.2713e-32 0 3.97242e-32 0 4.73998e-32 0 5.57399e-32 0 6.47748e-32 0 7.44564e-32 0 8.48565e-32 0 9.59482e-32 0 1.0768e-31 0 1.20161e-31 0 1.33276e-31 0 1.47083e-31 0 1.61677e-31
2.74221 2.25512e-16 2.25512e-16 4.58118e-23 2.03146e-07 6.38471e-06 0 9.0821e-33 0 1.9301e-32 0 4.30631e-32 0 7.12938e-32 0 1.03976e-31 0 1.41115e-31 0 1.82767e-31 0 2.28931e-31 0 2.79621e-31 0 3.34839e-31 0 3.94637e-31 0 4.59025e-31 0 5.28176e-31 0 6.01807e-31 0 6.80334e-31 0 7.63598e-31 0 8.51316e-31 0 9.44091e-31 0 1.04129e-30 0 1.14324e-30 0 1.25045e-30
2.88297 2.28129e-16 2.28129e-16 3.76907e-23 1.65217e-07 5.76976e-06 0 8.85791e-32 0 1.84441e-31 0 3.97463e-31 0 6.39048e-31 0 9.09037e-31 0 1.20747e-30 0 1.53459e-30 0 1.8904e-30 0 2.27495e-30 0 2.68835e-30 0 3.13068e-30 0 3.60213e-30 0 4.1036e-30 0 4.63348e-30 0 5.1941e-30 0 5.78453e-30 0 6.40329e-30 0 7.05355e-30 0 7.73197e-30 0 8.44034e-30 0 9.1812e-30
3.03095 2.31415e-16 2.31415e-16 3.11294e-23 1.34517e-07 5.21368e-06 0 7.76718e-31 0 1.59662e-30 0 3.36246e-30 0 5.29698e-30 0 7.39872e-30 0 9.6681e-30 0 1.21057e-29 0 1.47115e-29 0 1.74857e-29 0 2.04294e-29 0 2.35418e-29 0 2.68243e-29 0 3.02819e-29 0 3.39052e-29 0 3.77071e-29 0 4.16822e-29 0 4.58228e-29 0 5.01454e-29 0 5.46324e-29 0 5.92934e-29 0 6.4141e-29
3.18653 2.32519e-16 2.32519e-16 2.57703e-23 1.10831e-07 4.71023e-06 0 6.06286e-30 0 1.2361e-29 0 2.56417e-29 0 3.9836e-29 0 5.49325e-29 0 7.09345e-29 0 8.78396e-29 0 1.05649e-28 0 1.24361e-28 0 1.43987e-28 0 1.64511e-28 0 1.85946e-28 0 2.08318e-28 0 2.31572e-28 0 2.55779e-28 0 2.80909e-28 0 3.0692e-28 0 3.33898e-28 0 3.61751e-28 0 3.9053e-28 0 4.20295e-28
3.35009 2.38411e-16 2.38411e-16 2.10706e-23 8.83793e-08 4.2542e-06 0 4.3555e-29 0 8.83295e-29 0 1.81408e-28 0 2.79185e-28 0 3.8158e-28 0 4.88615e-28 0 6.00247e-28 0 7.16485e-28 0 8.37313e-28 0 9.62808e-28 0 1.09284e-27 0 1.2275e-27 0 1.3669e-27 0 1.51076e-27 0 1.65944e-27 0 1.81278e-27 0 1.97057e-27 0 2.13322e-27 0 2.30028e-27 0 2.47201e-27 0 2.64869e-27
3.52205 2.37563e-16 2.37563e-16 1.83331e-23 7.71717e-08 3.84144e-06 0 2.75334e-28 0 5.56417e-28 0 1.13511e-27 0 1.73575e-27 0 2.35782e-27 0 3.00147e-27 0 3.66634e-27 0 4.35248e-27 0 5.05976e-27 0 5.78868e-27 0 6.53834e-27 0 7.30927e-27 0 8.10207e-27 0 8.91516e-27 0 9.75047e-27 0 1.06071e-26 0 1.14839e-26 0 1.23831e-26 0 1.33023e-26 0 1.42428e-26 0 1.52059e-26
3.70284 2.21754e-16 2.21754e-16 1.49146e-23 6.72576e-08 3.4682e-06 0 1.4826e-27 0 2.98904e-27 0 6.06989e-27 0 9.24073e-27 0 1.24989e-26 0 1.5845e-26 0 1.92771e-26 0 2.27954e-26 0 2.63991e-26 0 3.00907e-26 0 3.38654e-26 0 3.7726e-26 0 4.16749e-26 0 4.57048e-26 0 4.98245e-26 0 5.40296e-26 0 5.83154e-26 0 6.26911e-26 0 6.7146e-26 0 7.16864e-26 0 7.63179e-26
3.89291 2.17242e-16 2.17242e-16 1.22208e-23 5.62544e-08 3.12985e-06 0 7.65076e-27 0 1.53991e-26 0 3.11715e-26 0 4.73078e-26 0 6.37947e-26 0 8.06357e-26 0 9.78196e-26 0 1.15347e-25 0 1.33215e-25 0 1.51436e-25 0 1.69984e-25 0 1.88873e-25 0 2.08115e-25 0 2.27674e-25 0 2.47591e-25 0 2.67846e-25 0 2.88417e-25 0 3.09345e-25 0 3.30582e-25 0 3.52156e-25 0 3.74091e-25
4.09273 2.13712e-16 2.13712e-16 1.00214e-23 4.6892e-08 2.82304e-06 0 3.63519e-26 0 7.30815e-26 0 1.47599e-25 0 2.23508e-25 0 3.00747e-25 0 3.79334e-25 0 4.59213e-25 0 5.40389e-25 0 6.22846e-25 0 7.06638e-25 0 7.9165e-25 0 8.77943e-25 0 9.65564e-25 0 1.05436e-24 0 1.14451e-24 0 1.23592e-24 0 1.3285e-24 0 1.42242e-24 0 1.51747e-24 0 1.61378e-24 0 1.71145e-24
4.30281 2.11146e-16 2.11146e-16 8.22086e-24 3.89344e-08 2.54509e-06 0 1.59696e-25 0 3.20777e-25 0 6.46782e-25 0 9.77829e-25 0 1.31366e-24 0 1.65434e-24 0 1.99963e-24 0 2.34956e-24 0 2.70405e-24 0 3.06333e-24 0 3.42692e-24 0 3.79506e-24 0 4.16794e-24 0 4.54494e-24 0 4.92677e-24 0 5.31306e-24 0 5.70343e-24 0 6.09859e-24 0 6.49769e-24 0 6.90122e-24 0 7.30958e-24
4.52368 2.09642e-16 2.09642e-16 6.75104e-24 3.22028e-08 2.29354e-06 0 6.51562e-25 0 1.30794e-24 0 2.63394e-24 0 3.97726e-24 0 5.33689e-24 0 6.71309e-24 0 8.10493e-24 0 9.51247e-24 0 1.09355e-23 0 1.23747e-23 0 1.38284e-23 0 1.52974e-23 0 1.67826e-23 0 1.82814e-23 0 1.97966e-23 0 2.13267e-23 0 2.28704e-23 0 2.44303e-23 0 2.60032e-23 0 2.75909e-23 0 2.91949e-23
4.75588 2.08921e-16 2.08921e-16 5.55326e-24 2.65806e-08 2.06524e-06 0 2.47508e-24 0 4.96602e-24 0 9.99119e-24 0 1.50728e-23 0 2.02072e-23 0 2.53952e-23 0 3.06336e-23 0 3.59225e-23 0 4.12609e-23 0 4.66518e-23 0 5.20886e-23 0 5.75746e-23 0 6.31122e-23 0 6.86931e-23 0 7.43267e-23 0 8.00081e-23 0 8.57319e-23 0 9.15077e-23 0 9.73242e-23 0 1.03188e-22 0 1.09104e-22
5 2.08407e-16 2.08407e-16 4.57728e-24 2.19632e-08 1.85776e-06 0 8.76077e-24 0 1.7571e-23 0 3.53253e-23 0 5.32537e-23 0 7.13437e-23 0 8.95986e-23 0 1.08007e-22 0 1.26569e-22 0 1.45281e-22 0 1.64154e-22 0 1.83165e-22 0 2.02326e-22 0 2.21643e-22 0 2.41091e-22 0 2.60698e-22 0 2.80451e-22 0 3.00329e-22 0 3.20366e-22 0 3.40524e-22 0 3.60823e-22 0 3.81282e-22
5.25665 2.07588e-16 2.07588e-16 3.7769e-24 1.81942e-08 1.66924e-06 0 2.89214e-23 0 5.79884e-23 0 1.16514e-22 0 1.75546e-22 0 2.35047e-22 0 2.95026e-22 0 3.55447e-22 0 4.16311e-22 0 4.77609e-22 0 5.3937e-22 0 6.01525e-22 0 6.64109e-22 0 7.27146e-22 0 7.9055e-22 0 8.54417e-22 0 9.18697e-22 0 9.83334e-22 0 1.04843e-21 0 1.11386e-21 0 1.17969e-21 0 1.24599e-21
5.52648 2.06485e-16 2.06485e-16 3.11642e-24 1.50928e-08 1.49842e-06 0 8.9341e-23 0 1.79087e-22 0 3.59661e-22 0 5.41635e-22 0 7.24893e-22 0 9.09465e-22 0 1.09524e-21 0 1.28223e-21 0 1.4704e-21 0 1.65984e-21 0 1.85034e-21 0 2.04201e-21 0 2.23491e-21 0 2.4288e-21 0 2.62396e-21 0 2.82024e-21 0 3.01747e-21 0 3.21594e-21 0 3.41532e-21 0 3.61578e-21 0 3.8175e-21
5.81015 2.04975e-16 2.04975e-16 2.56849e-24 1.25308e-08 1.34281e-06 0 2.58883e-22 0 5.18832e-22 0 1.04156e-21 0 1.56795e-21 0 2.09767e-21 0 2.63081e-21 0 3.16707e-21 0 3.70646e-21 0 4.2489e-21 0 4.79464e-21 0 5.3431e-21 0 5.89457e-21 0 6.44924e-21 0 7.00642e-21 0 7.56687e-21 0 8.1302e-21 0 8.69596e-21 0 9.26492e-21 0 9.83618e-21 0 1.04102e-20 0 1.09875e-20
6.10839 2.03251e-16 2.03251e-16 2.11254e-24 1.03938e-08 1.20154e-06 0 7.06373e-22 0 1.41541e-21 0 2.84051e-21 0 4.27467e-21 0 5.71707e-21 0 7.16791e-21 0 8.62641e-21 0 1.00926e-20 0 1.15663e-20 0 1.30481e-20 0 1.45365e-20 0 1.60323e-20 0 1.7536e-20 0 1.90457e-20 0 2.05635e-20 0 2.20884e-20 0 2.3619e-20 0 2.51576e-20 1.4013e-45 2.67017e-20 2.8026e-45 2.82525e-20 5.60519e-45 2.98113e-20
6.42193 2.01293e-16 2.01293e-16 1.7312e-24 8.60042e-09 1.0725e-06 0 1.8197e-21 0 3.64571e-21 0 7.31432e-21 0 1.10043e-20 0 1.47135e-20 0 1.84426e-20 0 2.21896e-20 0 2.59546e-20 0 2.97371e-20 0 3.35385e-20 0 3.73553e-20 0 4.11893e-20 0 4.50417e-20 0 4.89081e-20 1.4013e-45 5.27933e-20 4.2039e-45 5.66949e-20 1.26117e-44 6.06099e-20 3.08286e-44 6.45433e-20 7.14662e-44 6.84894e-20 1.58347e-43 7.24512e-20 3.33509e-43 7.64315e-20
6.75157 1.9987e-16 1.9987e-16 1.40759e-24 7.04253e-09 9.53667e-07 0 4.45461e-21 0 8.92349e-21 0 1.78986e-20 0 2.69218e-20 0 3.59883e-20 0 4.50992e-20 0 5.42501e-20 0 6.34413e-20 0 7.26714e-20 0 8.19439e-20 1.4013e-45 9.12507e-20 2.8026e-45 1.00596e-19 1.12104e-44 1.09982e-19 3.78351e-44 1.19399e-19 1.14906e-43 1.28858e-19 3.13891e-43 1.38353e-19 8.04345e-43 1.47878e-19 1.86933e-42 1.57444e-19 4.19689e-42 1.67038e-19 8.93748e-42 1.76667e-19 1.81006e-41 1.86337e-19
7.09813 1.96648e-16 1.96648e-16 1.14374e-24 5.81616e-09 8.41663e-07 0 1.02674e-20 0 2.05653e-20 0 4.12407e-20 0 6.20182e-20 0 8.28877e-20 0 1.03852e-19 0 1.249e-19 0 1.46033e-19 1.4013e-45 1.67249e-19 1.12104e-44 1.88554e-19 5.32493e-44 2.09932e-19 2.12997e-43 2.3139e-19 7.37083e-43 2.52935e-19 2.27291e-42 2.74545e-19 6.42075e-42 2.96243e-19 1.66923e-41 3.18018e-19 4.08941e-41 3.39855e-19 9.12778e-41 3.61779e-19 1.96978e-40 3.8376e-19 4.04308e-40 4.05815e-19 7.91131e-40 4.27956e-19
7.46248 1.94043e-16 1.94043e-16 9.06477e-25 4.67152e-09 7.3272e-07 0 2.26068e-20 0 4.52762e-20 0 9.07775e-20 0 1.36487e-19 0 1.82384e-19 0 2.28473e-19 1.4013e-45 2.74733e-19 1.68156e-44 3.21166e-19 1.24716e-43 3.67765e-19 6.85235e-43 4.14547e-19 3.05063e-42 4.61474e-19 1.14346e-41 5.08564e-19 3.72759e-41 5.55831e-19 1.08851e-40 6.03227e-19 2.92239e-40 6.50804e-19 7.2507e-40 6.98535e-19 1.70032e-39 7.4639e-19 3.64935e-39 7.9442e-19 7.58504e-39 8.42567e-19 1.50316e-38 8.90861e-19 2.84647e-38 9.39331e-19
7.84553 1.9133e-16 1.9133e-16 6.86123e-25 3.58606e-09 6.287e-07 0 4.7485e-20 0 9.50926e-20 0 1.90626e-19 0 2.86566e-19 0 3.8287e-19 8.40779e-45 4.79547e-19 1.13505e-43 5.76558e-19 1.04397e-42 6.73904e-19 6.76687e-42 7.71574e-19 3.42898e-41 8.69598e-19 1.42044e-40 9.67903e-19 4.99116e-40 1.06652e-18 1.5359e-39 1.16549e-18 4.25636e-39 1.2647e-18 1.08894e-38 1.36426e-18 2.5845e-38 1.46412e-18 5.81372e-38 1.56422e-18 1.20211e-37 1.66466e-18 2.41087e-37 1.76533e-18 4.62081e-37 1.86627e-18 8.48166e-37 1.96756e-18
8.24824 2.13271e-16 2.13271e-16 5.04809e-25 2.36698e-09 5.40491e-07 0 1.07882e-19 0 2.16024e-19 0 4.32982e-19 0 6.50801e-19 2.10195e-44 8.69389e-19 5.42303e-43 1.08877e-18 6.96165e-42 1.30885e-18 5.71884e-41 1.52963e-18 3.38152e-40 1.7511e-18 1.58316e-39 1.97331e-18 6.11844e-39 2.19612e-18 2.02196e-38 2.41958e-18 5.8898e-38 2.64377e-18 1.55297e-37 2.86848e-18 3.79498e-37 3.09393e-18 8.63485e-37 3.32e-18 1.86699e-36 3.54657e-18 3.7259e-36 3.77386e-18 7.22276e-36 4.00161e-18 1.34107e-35 4.22996e-18 2.38967e-35 4.45903e-18
8.67162 2.59036e-16 2.59036e-16 4.37728e-25 1.68983e-09 4.70268e-07 0 2.56058e-19 0 5.12695e-19 0 1.02746e-18 2.38221e-44 1.54414e-18 1.50499e-42 2.06251e-18 3.31827e-41 2.58263e-18 3.75998e-40 3.10431e-18 2.78668e-39 3.62753e-18 1.51082e-38 4.15227e-18 6.55984e-38 4.67865e-18 2.37326e-37 5.20632e-18 7.39828e-37 5.73546e-18 2.04545e-36 6.26618e-18 5.1439e-36 6.79806e-18 1.20335e-35 7.33156e-18 2.6303e-35 7.86643e-18 5.47701e-35 8.4024e-18 1.05677e-34 8.93994e-18 1.98343e-34 9.4785e-18 3.5731e-34 1.00184e-17 6.18985e-34 1.05598e-17
9.11674 3.55556e-16 3.55556e-16 5.20677e-25 1.4644e-09 4.01222e-07 0 6.59829e-19 0 1.32106e-18 5.60519e-45 2.64711e-18 1.87354e-42 3.97777e-18 9.86892e-41 5.31252e-18 1.87144e-39 6.65146e-18 1.88352e-38 7.99413e-18 1.2659e-37 9.34053e-18 6.31951e-37 1.06905e-17 2.55405e-36 1.20445e-17 8.6779e-36 1.34016e-17 2.55913e-35 1.47622e-17 6.73264e-35 1.61265e-17 1.61859e-34 1.74937e-17 3.63258e-34 1.88647e-17 7.6427e-34 2.0239e-17 1.53544e-33 2.16159e-17 2.86901e-33 2.29966e-17 5.22179e-33 2.43797e-17 9.14043e-33 2.5766e-17 1.54152e-32 2.7156e-17
9.5847 4.33417e-16 4.33417e-16 7.22173e-25 1.66623e-09 3.59072e-07 0 1.45341e-18 0 2.90971e-18 3.81153e-43 5.82974e-18 1.08334e-40 8.75926e-18 4.70199e-39 1.16972e-17 7.72315e-38 1.46438e-17 6.94427e-37 1.7598e-17 4.25264e-36 2.056e-17 1.96268e-35 2.35293e-17 7.40936e-35 2.65068e-17 2.37155e-34 2.94907e-17 6.63402e-34 3.24817e-17 1.66479e-33 3.54805e-17 3.83452e-33 3.8485e-17 8.27273e-33 4.14975e-17 1.67845e-32 4.45167e-17 3.25913e-32 4.75412e-17 5.90672e-32 5.05735e-17 1.04408e-31 5.36107e-17 1.77832e-31 5.66543e-17 2.92356e-31 5.97057e-17
10.0767 4.19531e-16 4.19531e-16 7.945e-25 1.89378e-09 3.40993e-07 0 2.45134e-18 1.4013e-45 4.90726e-18 1.88979e-41 9.83088e-18 4.06955e-39 1.47695e-17 1.46931e-37 1.97214e-17 2.10514e-36 2.4687e-17 1.70037e-35 2.96647e-17 9.53123e-35 3.46544e-17 4.08235e-34 3.96559e-17 1.44436e-33 4.46702e-17 4.36774e-33 4.96945e-17 1.16196e-32 5.473e-17 2.78782e-32 5.9778e-17 6.16487e-32 6.48347e-17 1.28102e-31 6.99041e-17 2.51082e-31 7.4984e-17 4.71995e-31 8.00723e-17 8.30948e-31 8.51727e-17 1.42851e-30 9.02809e-17 2.37065e-30 9.53992e-17 3.80389e-30 1.0053e-16
10.5939 3.57186e-16 3.57186e-16 7.05252e-25 1.97447e-09 3.35396e-07 0 3.51275e-18 4.62428e-44 7.03168e-18 6.70632e-40 1.40854e-17 1.111e-37 2.11593e-17 3.36695e-36 2.8251e-17 4.23599e-35 3.53611e-17 3.08973e-34 4.24874e-17 1.59212e-33 4.963e-17 6.35175e-33 5.67882e-17 2.11283e-32 6.39636e-17 6.05317e-32 7.11524e-17 1.53522e-31 7.83564e-17 3.52928e-31 8.55768e-17 7.5079e-31 9.28091e-17 1.50537e-30 1.00058e-16 2.85518e-30 1.07322e-16 5.20441e-30 1.14596e-16 8.9128e-30 1.21887e-16 1.49223e-29 1.29188e-16 2.4159e-29 1.36502e-16 3.78802e-29 1.43833e-16
11.1377 2.98409e-16 2.98409e-16 5.92707e-25 1.98622e-09 3.43182e-07 0 4.77921e-18 2.10055e-42 9.56632e-18 1.92289e-38 1.91608e-17 2.48218e-36 2.87811e-17 6.36827e-35 3.84243e-17 7.08021e-34 4.80908e-17 4.68683e-33 5.7778e-17 2.2293e-32 6.74859e-17 8.31279e-32 7.72138e-17 2.60755e-31 8.69636e-17 7.09632e-31 9.67305e-17 1.71983e-30 1.06517e-16 3.79623e-30 1.16324e-16 7.78356e-30 1.26146e-16 1.50853e-29 1.3599e-16 2.77313e-29 1.45851e-16 4.90882e-29 1.55727e-16 8.18866e-29 1.65624e-16 1.33692e-28 1.75533e-16 2.11414e-28 1.8546e-16 3.24288e-28 1.95408e-16
11.7094 2.39645e-16 2.39645e-16 4.63466e-25 1.93397e-09 3.45525e-07 4.2039e-45 6.05719e-18 7.5104e-41 1.21238e-17 4.40538e-37 2.42812e-17 4.48541e-35 3.64694e-17 9.82171e-34 4.86847e-17 9.70825e-33 6.09279e-17 5.86e-32 7.31957e-17 2.58297e-31 8.54881e-17 9.03214e-31 9.78044e-17 2.67939e-30 1.10147e-16 6.94397e-30 1.22509e-16 1.61172e-29 1.34894e-16 3.42269e-29 1.47305e-16 6.77592e-29 1.59733e-16 1.27149e-28 1.72187e-16 2.26892e-28 1.84661e-16 3.90587e-28 1.97153e-16 6.35483e-28 2.0967e-16 1.01298e-27 2.22202e-16 1.56643e-27 2.34754e-16 2.35309e-27 2.47331e-16
12.3105 1.92506e-16 1.92506e-16 3.45358e-25 1.79401e-09 3.43438e-07 1.91978e-43 7.4531e-18 2.20516e-39 1.49171e-17 8.4679e-36 2.98732e-17 6.87962e-34 4.48648e-17 1.29571e-32 5.9888e-17 1.1452e-31 7.49433e-17 6.33169e-31 9.00271e-17 2.5959e-30 1.05139e-16 8.53916e-30 1.20279e-16 2.40217e-29 1.35449e-16 5.94269e-29 1.50642e-16 1.32377e-28 1.65861e-16 2.70969e-28 1.8111e-16 5.18847e-28 1.96379e-16 9.44142e-28 2.11677e-16 1.63781e-27 2.27e-16 2.74565e-27 2.42342e-16 4.36225e-27 2.57713e-16 6.79708e-27 2.73101e-16 1.02894e-26 2.88513e-16 1.51526e-26 3.03954e-16
12.9424 1.75044e-16 1.75044e-16 2.51157e-25 1.43482e-09 3.28741e-07 8.36295e-42 1.009e-17 6.07341e-38 2.0194e-17 1.55871e-34 4.04378e-17 1.02167e-32 6.07269e-17 1.66727e-31 8.10561e-17 1.32488e-30 1.01426e-16 6.73835e-30 1.21833e-16 2.57872e-29 1.42275e-16 8.00355e-29 1.62753e-16 2.14062e-28 1.83269e-16 5.06656e-28 2.03814e-16 1.08532e-27 2.24394e-16 2.14525e-27 2.45009e-16 3.97945e-27 2.65651e-16 7.03278e-27 2.8633e-16 1.18761e-26 3.07041e-16 1.94133e-26 3.27776e-16 3.01542e-26 3.48547e-16 4.59786e-26 3.69341e-16 6.82074e-26 3.90164e-16 9.85648e-26 4.11024e-16
13.6067 1.69894e-16 1.69894e-16 1.9527e-25 1.14936e-09 2.99464e-07 3.17384e-40 1.41921e-17 1.4932e-36 2.84027e-17 2.61213e-33 5.68712e-17 1.39588e-31 8.54e-17 1.98763e-30 1.13982e-16 1.42743e-29 1.42618e-16 6.70572e-29 1.71302e-16 2.40347e-28 2.00034e-16 7.05833e-28 2.28813e-16 1.79928e-27 2.57642e-16 4.08323e-27 2.8651e-16 8.42744e-27 3.15423e-16 1.61126e-26 3.44384e-16 2.90008e-26 3.73379e-16 4.98471e-26 4.02424e-16 8.20498e-26 4.3151e-16 1.30943e-25 4.60629e-16 1.99064e-25 4.89795e-16 2.97342e-25 5.18991e-16 4.32683e-25 5.48227e-16 6.1412e-25 5.7751e-16
14.3051 1.69019e-16 1.69019e-16 1.53207e-25 9.06444e-10 2.56106e-07 1.01969e-38 1.99425e-17 3.17464e-35 3.99095e-17 3.85692e-32 7.99064e-17 1.6972e-30 1.19983e-16 2.12276e-29 1.6013e-16 1.38458e-28 2.00349e-16 6.03119e-28 2.40632e-16 2.03109e-27 2.80978e-16 5.65912e-27 3.21386e-16 1.37818e-26 3.61859e-16 3.00491e-26 4.02386e-16 5.98632e-26 4.42971e-16 1.10889e-25 4.8362e-16 1.93941e-25 5.24314e-16 3.2465e-25 5.65074e-16 5.21537e-25 6.05888e-16 8.13541e-25 6.46745e-16 1.21174e-24 6.87665e-16 1.77485e-24 7.28625e-16 2.53584e-24 7.69636e-16 3.53818e-24 8.1071e-16
15.0394 1.77273e-16 1.77273e-16 1.23636e-25 6.97432e-10 2.16644e-07 2.87945e-37 2.88319e-17 6.05317e-34 5.76972e-17 5.19911e-31 1.15514e-16 1.90187e-29 1.73439e-16 2.10271e-28 2.31461e-16 1.25151e-27 2.89581e-16 5.0736e-27 3.47788e-16 1.61026e-26 4.06081e-16 4.26765e-26 4.64457e-16 9.95108e-26 5.22925e-16 2.08867e-25 5.81463e-16 4.02331e-25 6.40082e-16 7.23169e-25 6.98788e-16 1.23075e-24 7.57555e-16 2.00904e-24 8.16412e-16 3.15361e-24 8.75342e-16 4.81365e-24 9.34332e-16 7.03162e-24 9.93407e-16 1.01092e-23 1.05254e-15 1.41942e-23 1.11174e-15 1.94852e-23 1.17102e-15
15.8114 1.94787e-16 1.94787e-16 1.07799e-25 5.53422e-10 1.86107e-07 7.16524e-36 4.26703e-17 1.03676e-32 8.53875e-17 6.4029e-30 1.70942e-16 1.96473e-28 2.56649e-16 1.93175e-27 3.42491e-16 1.05386e-26 4.2847e-16 3.99012e-26 5.1457e-16 1.19695e-25 6.00791e-16 3.02484e-25 6.87129e-16 6.76757e-25 7.73594e-16 1.36997e-24 8.60158e-16 2.55578e-24 9.46834e-16 4.46423e-24 1.03363e-15 7.40287e-24 1.12052e-15 1.17986e-23 1.20752e-15 1.81171e-23 1.29463e-15 2.70886e-23 1.38183e-15 3.88448e-23 1.46914e-15 5.48652e-23 1.55653e-15 7.57694e-23 1.64401e-15 1.02417e-22 1.73162e-15
16.623 2.1426e-16 2.1426e-16 1.02165e-25 4.76827e-10 1.60703e-07 1.5141e-34 6.18459e-17 1.53566e-31 1.23756e-16 6.93013e-29 2.47742e-16 1.79916e-27 3.71937e-16 1.58217e-26 4.96317e-16 7.94528e-26 6.20885e-16 2.81892e-25 7.45619e-16 8.01457e-25 8.70519e-16 1.93574e-24 9.9558e-16 4.16392e-24 1.12081e-15 8.1438e-24 1.24618e-15 1.47373e-23 1.37171e-15 2.50504e-23 1.4974e-15 4.05269e-23 1.62321e-15 6.31379e-23 1.74918e-15 9.49411e-23 1.8753e-15 1.39195e-22 2.00153e-15 1.96122e-22 2.12793e-15 2.72376e-22 2.25443e-15 3.70272e-22 2.38106e-15 4.93183e-22 2.50785e-15
17.4762 2.25761e-16 2.25761e-16 1.00203e-25 4.43847e-10 1.40436e-07 2.62076e-33 8.40977e-17 1.89582e-30 1.68278e-16 6.34807e-28 3.36853e-16 1.40578e-26 5.05698e-16 1.11173e-25 6.74781e-16 5.15987e-25 8.44106e-16 1.72092e-24 1.01365e-15 4.64945e-24 1.1834e-15 1.07565e-23 1.35336e-15 2.22887e-23 1.52354e-15 4.21877e-23 1.6939e-15 7.41651e-23 1.86446e-15 1.22842e-22 2.03523e-15 1.94122e-22 2.20615e-15 2.95952e-22 2.3773e-15 4.3625e-22 2.54862e-15 6.27758e-22 2.72009e-15 8.6981e-22 2.89177e-15 1.18878e-21 3.06358e-15 1.592e-21 3.23556e-15 2.091e-21 3.40775e-15
18.3733 2.24964e-16 2.24964e-16 9.6423e-26 4.28616e-10 1.25456e-07 3.69665e-32 1.06037e-16 1.93897e-29 2.12174e-16 4.88813e-27 4.24703e-16 9.30543e-26 6.37556e-16 6.65229e-25 8.50695e-16 2.86458e-24 1.06412e-15 9.00828e-24 1.27781e-15 2.31851e-23 1.49175e-15 5.14864e-23 1.70594e-15 1.02957e-22 1.9204e-15 1.88899e-22 2.13506e-15 3.23058e-22 2.34997e-15 5.2207e-22 2.56513e-15 8.06778e-22 2.78047e-15 1.20492e-21 2.99607e-15 1.74279e-21 3.21189e-15 2.46368e-21 3.42789e-15 3.35971e-21 3.64413e-15 4.52225e-21 3.86053e-15 5.9704e-21 4.07714e-15 7.73805e-21 4.294e-15
19.3164 2.11945e-16 2.11945e-16 8.87579e-26 4.18777e-10 1.15124e-07 4.27889e-31 1.24075e-16 1.65312e-28 2.4826e-16 3.18142e-26 4.96917e-16 5.24493e-25 7.45934e-16 3.40618e-24 9.95271e-16 1.36584e-23 1.24493e-15 4.06149e-23 1.49488e-15 9.98174e-23 1.74511e-15 2.13194e-22 1.99562e-15 4.1214e-22 2.24642e-15 7.34087e-22 2.49746e-15 1.22298e-21 2.74876e-15 1.9306e-21 3.00035e-15 2.92071e-21 3.25214e-15 4.27746e-21 3.50422e-15 6.07641e-21 3.75654e-15 8.44591e-21 4.00906e-15 1.13445e-20 4.26185e-15 1.50501e-20 4.51482e-15 1.96018e-20 4.76803e-15 2.50857e-20 5.0215e-15
20.3079 1.9323e-16 1.9323e-16 7.73004e-26 4.00043e-10 1.09122e-07 4.18886e-30 1.38038e-16 1.20994e-27 2.76193e-16 1.80115e-25 5.52807e-16 2.58967e-24 8.29806e-16 1.53498e-23 1.10714e-15 5.75156e-23 1.38482e-15 1.62168e-22 1.66281e-15 3.81434e-22 1.9411e-15 7.85047e-22 2.21968e-15 1.46957e-21 2.49858e-15 2.54479e-21 2.77773e-15 4.13525e-21 3.05716e-15 6.38399e-21 3.33688e-15 9.46478e-21 3.61683e-15 1.36056e-20 3.89707e-15 1.89992e-20 4.17758e-15 2.59869e-20 4.4583e-15 3.44062e-20 4.7393e-15 4.50191e-20 5.0205e-15 5.7883e-20 5.30195e-15 7.31897e-20 5.58368e-15
21.3503 1.77969e-16 1.77969e-16 6.66462e-26 3.74483e-10 1.03206e-07 3.64452e-29 1.52584e-16 7.98302e-27 3.05292e-16 9.30831e-25 6.1103e-16 1.17501e-23 9.17176e-16 6.38505e-23 1.22368e-15 2.24305e-22 1.53055e-15 6.01226e-22 1.83774e-15 1.3563e-21 2.14526e-15 2.69481e-21 2.45308e-15 4.89246e-21 2.76124e-15 8.24797e-21 3.06966e-15 1.30889e-20 3.37838e-15 1.97827e-20 3.68741e-15 2.87709e-20 3.99668e-15 4.06319e-20 4.30627e-15 5.58218e-20 4.61613e-15 7.51935e-20 4.92621e-15 9.82003e-20 5.2366e-15 1.26815e-19 5.54719e-15 1.61063e-19 5.85805e-15 2.01336e-19 6.1692e-15
22.4463 1.62144e-16 1.62144e-16 5.75568e-26 3.54973e-10 9.7277e-08 2.77683e-28 1.64248e-16 4.67522e-26 3.28625e-16 4.32116e-24 6.57713e-16 4.81957e-23 9.87223e-16 2.41123e-22 1.31711e-15 7.96657e-22 1.64736e-15 2.035e-21 1.97796e-15 4.41197e-21 2.30889e-15 8.47707e-21 2.64014e-15 1.49486e-20 2.97173e-15 2.45666e-20 3.3036e-15 3.81161e-20 3.63578e-15 5.6459e-20 3.96827e-15 8.06231e-20 4.30102e-15 1.11958e-19 4.63409e-15 1.51445e-19 4.96744e-15 2.01055e-19 5.30102e-15 2.59172e-19 5.63492e-15 3.3054e-19 5.96903e-15 4.14935e-19 6.30342e-15 5.13064e-19 6.63811e-15
23.5984 1.44259e-16 1.44259e-16 4.86475e-26 3.37224e-10 9.37395e-08 1.83993e-27 1.70125e-16 2.4119e-25 3.40379e-16 1.78723e-23 6.81222e-16 1.77194e-22 1.02249e-15 8.19483e-22 1.36413e-15 2.55406e-21 1.70614e-15 6.23215e-21 2.04849e-15 1.30106e-20 2.39118e-15 2.42139e-20 2.73419e-15 4.15327e-20 3.07753e-15 6.66197e-20 3.42116e-15 1.0117e-19 3.7651e-15 1.4701e-19 4.10935e-15 2.06309e-19 4.45385e-15 2.81935e-19 4.79868e-15 3.75791e-19 5.14378e-15 4.92037e-19 5.48912e-15 6.2645e-19 5.83477e-15 7.89523e-19 6.18064e-15 9.80166e-19 6.52678e-15 1.19947e-18 6.87322e-15
24.8097 1.28069e-16 1.28069e-16 4.04877e-26 3.1614e-10 8.77343e-08 1.08951e-26 1.73409e-16 1.12565e-24 3.46947e-16 6.75974e-23 6.94353e-16 5.99179e-22 1.04218e-15 2.57144e-21 1.39037e-15 7.58164e-21 1.73894e-15 1.77115e-20 2.08784e-15 3.56704e-20 2.43707e-15 6.44026e-20 2.78662e-15 1.07594e-19 3.13651e-15 1.68648e-19 3.48667e-15 2.50941e-19 3.83713e-15 3.58049e-19 4.18791e-15 4.94229e-19 4.53894e-15 6.65179e-19 4.89028e-15 8.74262e-19 5.2419e-15 1.12974e-18 5.59376e-15 1.4215e-18 5.94591e-15 1.77141e-18 6.29829e-15 2.17604e-18 6.65093e-15 2.63679e-18 7.00386e-15
26.0832 1.14019e-16 1.14019e-16 3.35288e-26 2.94063e-10 8.19666e-08 5.82573e-26 1.74968e-16 4.79933e-24 3.50061e-16 2.35979e-22 7.00575e-16 1.88033e-21 1.0515e-15 7.51565e-21 1.40279e-15 2.10197e-20 1.75445e-15 4.71116e-20 2.10644e-15 9.16928e-20 2.45875e-15 1.60843e-19 2.81137e-15 2.62063e-19 3.16432e-15 4.01854e-19 3.51755e-15 5.86452e-19 3.87108e-15 8.22367e-19 4.22491e-15 1.11742e-18 4.57898e-15 1.48227e-18 4.93337e-15 1.92236e-18 5.28802e-15 2.45322e-18 5.64291e-15 3.05234e-18 5.99809e-15 3.76305e-18 6.35349e-15 4.57642e-18 6.70915e-15 5.49367e-18 7.0651e-15
27.4221 1.01661e-16 1.01661e-16 2.77127e-26 2.72599e-10 7.8995e-08 2.82352e-25 1.74657e-16 1.87536e-23 3.49438e-16 7.62398e-22 6.99321e-16 5.48951e-21 1.04961e-15 2.05063e-20 1.40025e-15 5.4543e-20 1.75125e-15 1.17524e-19 2.10258e-15 2.21419e-19 2.45422e-15 3.7789e-19 2.80617e-15 6.01199e-19 3.15843e-15 9.02851e-19 3.51097e-15 1.29349e-18 3.8638e-15 1.78414e-18 4.21692e-15 2.38825e-18 4.57029e-15 3.12463e-18 4.92395e-15 4.00124e-18 5.27788e-15 5.04574e-18 5.63204e-15 6.21137e-18 5.98648e-15 7.57977e-18 6.34114e-15 9.13046e-18 6.69605e-15 1.08631e-17 7.05123e-15
28.8297 9.06558e-17 9.06558e-17 2.28353e-26 2.5189e-10 7.31509e-08 1.24478e-24 1.72394e-16 6.73615e-23 3.44908e-16 2.28532e-21 6.9025e-16 1.49431e-20 1.03598e-15 5.23418e-20 1.38207e-15 1.32726e-19 1.7285e-15 2.75466e-19 2.07524e-15 5.03182e-19 2.4223e-15 8.36645e-19 2.76965e-15 1.30121e-18 3.11731e-15 1.91568e-18 3.46523e-15 2.6968e-18 3.81344e-15 3.66179e-18 4.16192e-15 4.83238e-18 4.51065e-15 6.23996e-18 4.85966e-15 7.89466e-18 5.20893e-15 9.84342e-18 5.55843e-15 1.1995e-17 5.90819e-15 1.4496e-17 6.25817e-15 1.73037e-17 6.60839e-15 2.04135e-17 6.95887e-15
30.3095 8.09135e-17 8.09135e-17 1.87884e-26 2.32204e-10 6.956e-08 5.01858e-24 1.68504e-16 2.23498e-22 3.37124e-16 6.38384e-21 6.74668e-16 3.80854e-20 1.01259e-15 1.25484e-19 1.35086e-15 3.04065e-19 1.68945e-15 6.08969e-19 2.02836e-15 1.08013e-18 2.36756e-15 1.75191e-18 2.70705e-15 2.66657e-18 3.04683e-15 3.85237e-18 3.38688e-15 5.33336e-18 3.72719e-15 7.13445e-18 4.06777e-15 9.28851e-18 4.40859e-15 1.18453e-17 4.74968e-15 1.48153e-17 5.09101e-15 1.82745e-17 5.43257e-15 2.20551e-17 5.77438e-15 2.64083e-17 6.1164e-15 3.12519e-17 6.45865e-15 3.65721e-17 6.80115e-15
31.8653 7.22263e-17 7.22263e-17 1.54326e-26 2.1367e-10 6.47037e-08 1.85712e-23 1.63088e-16 6.87127e-22 3.26287e-16 1.66635e-20 6.52981e-16 9.11114e-20 9.80041e-16 2.83217e-19 1.30743e-15 6.5725e-19 1.63514e-15 1.27243e-18 1.96314e-15 2.19463e-18 2.29143e-15 3.4765e-18 2.62e-15 5.18414e-18 2.94884e-15 7.35615e-18 3.27794e-15 1.00237e-17 3.60729e-15 1.32195e-17 3.93691e-15 1.69905e-17 4.26674e-15 2.14117e-17 4.59684e-15 2.64894e-17 4.92717e-15 3.23413e-17 5.25772e-15 3.86753e-17 5.5885e-15 4.59035e-17 5.91949e-15 5.38779e-17 6.2507e-15 6.25678e-17 6.58214e-15
33.5009 6.45061e-17 6.45061e-17 1.26675e-26 1.96377e-10 6.03142e-08 6.3368e-23 1.5647e-16 1.96563e-21 3.13048e-16 4.07966e-20 6.26487e-16 2.05308e-19 9.40277e-16 6.03816e-19 1.25438e-15 1.34483e-18 1.56879e-15 2.52092e-18 1.88348e-15 4.23381e-18 2.19845e-15 6.5578e-18 2.51368e-15 9.59003e-18 2.82918e-15 1.33775e-17 3.14492e-15 1.79551e-17 3.4609e-15 2.3362e-17 3.77713e-15 2.96606e-17 4.09357e-15 3.6959e-17 4.41026e-15 4.5251e-17 4.72717e-15 5.47118e-17 5.04428e-15 6.48582e-17 5.36163e-15 7.63385e-17 5.67916e-15 8.89021e-17 5.99691e-15 1.0249e-16 6.31487e-15
35.2205 5.76275e-17 5.76275e-17 1.03873e-26 1.8025e-10 5.824e-08 2.00123e-22 1.4887e-16 5.24928e-21 2.97843e-16 9.39539e-20 5.9606e-16 4.36952e-19 8.94612e-16 1.21915e-18 1.19347e-15 2.6112e-18 1.49261e-15 4.7469e-18 1.79202e-15 7.77299e-18 2.09169e-15 1.17852e-17 2.39162e-15 1.69176e-17 2.69179e-15 2.32186e-17 2.99219e-15 3.07192e-17 3.29283e-15 3.94594e-17 3.5937e-15 4.95174e-17 3.89477e-15 6.10427e-17 4.19607e-15 7.40031e-17 4.49758e-15 8.86496e-17 4.79928e-15 1.04221e-16 5.1012e-15 1.21696e-16 5.4033e-15 1.40674e-16 5.7056e-15 1.61053e-16 6.0081e-15
37.0284 5.15342e-17 5.15342e-17 8.51194e-27 1.65171e-10 5.18375e-08 5.87592e-22 1.40643e-16 1.31404e-20 2.81384e-16 2.04294e-19 5.63125e-16 8.81421e-19 8.45184e-16 2.33911e-18 1.12753e-15 4.82706e-18 1.41015e-15 8.52275e-18 1.69302e-15 1.36239e-17 1.97614e-15 2.02406e-17 2.2595e-15 2.85471e-17 2.54309e-15 3.85784e-17 2.8269e-15 5.03481e-17 3.11093e-15 6.38872e-17 3.39517e-15 7.9288e-17 3.67961e-15 9.6749e-17 3.96426e-15 1.16193e-16 4.2491e-15 1.37968e-16 4.53413e-15 1.60925e-16 4.81936e-15 1.86492e-16 5.10476e-15 2.14055e-16 5.39034e-15 2.4345e-16 5.67611e-15
38.9291 4.60917e-17 4.60917e-17 6.97087e-27 1.51239e-10 5.16146e-08 1.60843e-21 1.31895e-16 3.09061e-20 2.63883e-16 4.20253e-19 5.28104e-16 1.68826e-18 7.92624e-16 4.27181e-18 1.05742e-15 8.50907e-18 1.32246e-15 1.46125e-17 1.58775e-15 2.28296e-17 1.85327e-15 3.32681e-17 2.11901e-15 4.61397e-17 2.38497e-15 6.1443e-17 2.65113e-15 7.91526e-17 2.9175e-15 9.92764e-17 3.18407e-15 1.21916e-16 3.45082e-15 1.47326e-16 3.71776e-15 1.75359e-16 3.98489e-15 2.06483e-16 4.25219e-15 2.39038e-16 4.51967e-15 2.75028e-16 4.78731e-15 3.13558e-16 5.05512e-15 3.54385e-16 5.32311e-15
40.9273 4.1245e-17 4.1245e-17 5.70838e-27 1.38402e-10 4.60346e-08 4.12025e-21 1.2289e-16 6.85321e-20 2.45867e-16 8.20389e-19 4.92052e-16 3.07937e-18 7.38519e-16 7.44646e-18 9.85239e-16 1.4342e-17 1.2322e-15 2.39875e-17 1.47938e-15 3.6669e-17 1.72678e-15 5.24619e-17 1.97439e-15 7.16069e-17 2.22219e-15 9.40327e-17 2.47019e-15 1.19647e-16 2.71838e-15 1.48416e-16 2.96674e-15 1.80442e-16 3.21528e-15 2.16044e-16 3.464e-15 2.54976e-16 3.71288e-15 2.97845e-16 3.96192e-15 3.42348e-16 4.21113e-15 3.91204e-16 4.46049e-15 4.43165e-16 4.71e-15 4.97883e-16 4.95967e-15
43.0281 3.69265e-17 3.69265e-17 4.67122e-27 1.26501e-10 4.3116e-08 9.90957e-21 1.13809e-16 1.43685e-19 2.27701e-16 1.5237e-18 4.55699e-16 5.36161e-18 6.83959e-16 1.24182e-17 9.12454e-16 2.31644e-17 1.14117e-15 3.77825e-17 1.3701e-15 5.65725e-17 1.59922e-15 7.95347e-17 1.82853e-15 1.06923e-16 2.05803e-15 1.38553e-16 2.2877e-15 1.74234e-16 2.51755e-15 2.13866e-16 2.74756e-15 2.57547e-16 2.97773e-15 3.05663e-16 3.20806e-15 3.57838e-16 3.43854e-15 4.14841e-16 3.66916e-15 4.73595e-16 3.89994e-15 5.37668e-16 4.13085e-15 6.05385e-16 4.36191e-15 6.76278e-16 4.5931e-15
45.2368 3.30817e-17 3.30817e-17 3.82205e-27 1.15534e-10 3.94393e-08 2.24496e-20 1.04825e-16 2.8567e-19 2.09726e-16 2.6995e-18 4.19728e-16 8.9331e-18 6.29972e-16 1.9859e-17 8.40432e-16 3.59334e-17 1.0511e-15 5.72262e-17 1.26195e-15 8.40137e-17 1.47299e-15 1.16166e-16 1.6842e-15 1.53928e-16 1.89557e-15 1.96956e-16 2.10711e-15 2.4492e-16 2.3188e-15 2.97638e-16 2.53064e-15 3.55192e-16 2.74262e-15 4.18039e-16 2.95475e-15 4.85645e-16 3.16701e-15 5.58961e-16 3.37941e-15 6.34013e-16 3.59193e-15 7.15343e-16 3.80459e-15 8.00787e-16 4.01737e-15 8.89737e-16 4.23027e-15
47.5588 2.96682e-17 2.96682e-17 3.1268e-27 1.05392e-10 3.63729e-08 4.80661e-20 9.60962e-17 5.40207e-19 1.92263e-16 4.57462e-18 3.8478e-16 1.4279e-17 5.77518e-16 3.05291e-17 7.70454e-16 5.36637e-17 9.63574e-16 8.35431e-17 1.15687e-15 1.20372e-16 1.35032e-15 1.63825e-16 1.54394e-15 2.14118e-16 1.7377e-15 2.70693e-16 1.93161e-15 3.33052e-16 2.12565e-15 4.00906e-16 2.31983e-15 4.74316e-16 2.51414e-15 5.53819e-16 2.70857e-15 6.38692e-16 2.90312e-15 7.30083e-16 3.09779e-15 8.23034e-16 3.29258e-15 9.23156e-16 3.48748e-15 1.02774e-15 3.68249e-15 1.13605e-15 3.8776e-15
50 2.65964e-17 2.65964e-17 2.55725e-27 9.61504e-11 3.83838e-08 9.73951e-20 8.75844e-17 9.72654e-19 1.75233e-16 7.42087e-18 3.50698e-16 2.1911e-17 5.26363e-16 4.51404e-17 7.02207e-16 7.71919e-17 8.78214e-16 1.17602e-16 1.05438e-15 1.66451e-16 1.23069e-15 2.23155e-16 1.40713e-15 2.87874e-16 1.58371e-15 3.59796e-16 1.76042e-15 4.38223e-16 1.93725e-15 5.22749e-16 2.11419e-15 6.13414e-16 2.29125e-15 7.10834e-16 2.46841e-15 8.14083e-16 2.64568e-15 9.24515e-16 2.82306e-15 1.03614e-15 3.00053e-15 1.15569e-15 3.1781e-15 1.2799e-15 3.35577e-15 1.40787e-15 3.53353e-15
52.5665 2.38617e-17 2.38617e-17 2.09146e-27 8.76495e-11 3.20088e-08 1.87493e-19 7.9483e-17 1.67344e-18 1.59024e-16 1.15617e-17 3.18257e-16 3.23795e-17 4.77669e-16 6.43942e-17 6.3724e-16 1.0727e-16 7.96955e-16 1.60101e-16 9.56808e-16 2.22791e-16 1.11679e-15 2.94445e-16 1.27689e-15 3.75145e-16 1.43711e-15 4.63793e-16 1.59743e-15 5.59477e-16 1.75787e-15 6.61669e-16 1.91839e-15 7.7039e-16 2.07902e-15 8.86339e-16 2.23974e-15 1.00838e-15 2.40055e-15 1.13808e-15 2.56145e-15 1.26841e-15 2.72243e-15 1.40724e-15 2.88349e-15 1.55074e-15 3.04464e-15 1.69788e-15 3.20586e-15
55.2648 2.14233e-17 2.14233e-17 1.71022e-27 7.98299e-11 3.18353e-08 3.4375e-19 7.18326e-17 2.75711e-18 1.43717e-16 1.73333e-17 2.8762e-16 4.6163e-17 4.31681e-16 8.87756e-17 5.75881e-16 1.44246e-16 7.20207e-16 2.1112e-16 8.64652e-16 2.89086e-16 1.00921e-15 3.76895e-16 1.15387e-15 4.74547e-16 1.29862e-15 5.8064e-16 1.44347e-15 6.94046e-16 1.58841e-15 8.14123e-16 1.73343e-15 9.40881e-16 1.87853e-15 1.07511e-15 2.02371e-15 1.21546e-15 2.16896e-15 1.36372e-15 2.31429e-15 1.51187e-15 2.45968e-15 1.66886e-15 2.60514e-15 1.83034e-15 2.75067e-15 1.99516e-15 2.89625e-15
58.1015 1.9235e-17 1.9235e-17 1.39861e-27 7.27117e-11 2.89143e-08 6.01278e-19 6.46229e-17 4.35652e-18 1.29292e-16 2.50371e-17 2.58746e-16 6.35664e-17 3.88337e-16 1.18403e-16 5.18048e-16 1.87879e-16 6.47866e-16 2.69916e-16 7.77785e-16 3.63967e-16 9.07796e-16 4.68416e-16 1.03789e-15 5.83185e-16 1.16807e-15 7.06572e-16 1.29833e-15 8.37251e-16 1.42866e-15 9.74483e-16 1.55905e-15 1.11828e-15 1.68951e-15 1.26953e-15 1.82003e-15 1.42669e-15 1.95061e-15 1.59175e-15 2.08125e-15 1.75581e-15 2.21194e-15 1.92881e-15 2.34268e-15 2.10593e-15 2.47348e-15 2.28593e-15 2.60432e-15
61.0839 1.72849e-17 1.72849e-17 1.14363e-27 6.61635e-11 2.87425e-08 1.00654e-18 5.79298e-17 6.62068e-18 1.159e-16 3.49355e-17 2.3194e-16 8.4753e-17 3.48096e-16 1.53144e-16 4.64353e-16 2.3759e-16 5.80699e-16 3.35349e-16 6.97128e-16 4.45648e-16 8.13632e-16 5.66517e-16 9.30207e-16 6.97818e-16 1.04684e-15 8.37575e-16 1.16354e-15 9.84295e-16 1.2803e-15 1.13717e-15 1.39711e-15 1.29624e-15 1.51397e-15 1.46247e-15 1.63087e-15 1.63419e-15 1.74782e-15 1.81354e-15 1.86482e-15 1.99091e-15 1.98185e-15 2.17707e-15 2.09892e-15 2.36682e-15 2.21603e-15 2.55886e-15 2.33317e-15
64.2193 1.55376e-17 1.55376e-17 9.35157e-28 6.01866e-11 2.21171e-08 1.61521e-18 5.17275e-17 9.69081e-18 1.03489e-16 4.71473e-17 2.07097e-16 1.09535e-16 3.10801e-16 1.92289e-16 4.14588e-16 2.91993e-16 5.18446e-16 4.0526e-16 6.2237e-16 5.3113e-16 7.26353e-16 6.67321e-16 8.3039e-16 8.13664e-16 9.34474e-16 9.67961e-16 1.03861e-15 1.1286e-15 1.14278e-15 1.29473e-15 1.24699e-15 1.46644e-15 1.35124e-15 1.64479e-15 1.45552e-15 1.82799e-15 1.55983e-15 2.01832e-15 1.66417e-15 2.20566e-15 1.76854e-15 2.40141e-15 1.87293e-15 2.60009e-15 1.97735e-15 2.80038e-15 2.08179e-15
67.5157 1.39764e-17 1.39764e-17 7.64623e-28 5.47081e-11 1.76396e-08 2.49073e-18 4.60323e-17 1.3692e-17 9.20929e-17 6.16619e-17 1.84284e-16 1.3748e-16 2.76552e-16 2.34807e-16 3.68886e-16 3.49359e-16 4.61273e-16 4.77183e-16 5.53711e-16 6.1719e-16 6.46193e-16 7.66858e-16 7.38713e-16 9.26026e-16 8.31266e-16 1.09234e-15 9.23852e-16 1.26411e-15 1.01647e-15 1.44051e-15 1.1091e-15 1.62167e-15 1.20177e-15 1.80874e-15 1.29445e-15 1.99987e-15 1.38714e-15 2.19747e-15 1.47986e-15 2.39106e-15 1.57259e-15 2.5925e-15 1.66534e-15 2.79613e-15 1.7581e-15 3.00065e-15 1.85086e-15
70.9813 1.25747e-17 1.25747e-17 6.25263e-28 4.97239e-11 2.53217e-08 3.69638e-18 4.08113e-17 1.86974e-17 8.16456e-17 7.82391e-17 1.6337e-16 1.67744e-16 2.45153e-16 2.79107e-16 3.26985e-16 4.07295e-16 4.08855e-16 5.47916e-16 4.90761e-16 6.99835e-16 5.72696e-16 8.60381e-16 6.54656e-16 1.02945e-15 7.36635e-16 1.20458e-15 8.18633e-16 1.38411e-15 9.00649e-16 1.56725e-15 9.82672e-16 1.75419e-15 1.06471e-15 1.94616e-15 1.14675e-15 2.1413e-15 1.2288e-15 2.34209e-15 1.31086e-15 2.53796e-15 1.39291e-15 2.74095e-15 1.47498e-15 2.94538e-15 1.55704e-15 3.14996e-15 1.6391e-15
74.6248 1.13221e-17 1.13221e-17 5.11287e-28 4.51584e-11 1.86911e-08 5.29221e-18 3.60718e-17 2.47326e-17 7.21616e-17 9.65081e-17 1.44383e-16 1.99351e-16 2.16648e-16 3.23556e-16 2.88945e-16 4.63531e-16 3.61266e-16 6.14608e-16 4.33609e-16 7.75704e-16 5.05968e-16 9.44096e-16 5.78339e-16 1.11977e-15 6.50716e-16 1.30028e-15 7.23101e-16 1.48399e-15 7.95491e-16 1.67019e-15 8.67877e-16 1.85917e-15 9.40267e-16 2.05222e-15 1.01265e-15 2.24752e-15 1.08503e-15 2.44756e-15 1.15741e-15 2.6419e-15 1.22977e-15 2.84253e-15 1.30213e-15 3.04386e-15 1.37449e-15 3.24467e-15 1.44682e-15
78.4553 1.02016e-17 1.02016e-17 4.18126e-28 4.09862e-11 2.75021e-08 7.32268e-18 3.17877e-17 3.17402e-17 6.35888e-17 1.15888e-16 1.27221e-16 2.31056e-16 1.9088e-16 3.66254e-16 2.54558e-16 5.15579e-16 3.18247e-16 6.74278e-16 3.81945e-16 8.41409e-16 4.45646e-16 1.0143e-15 5.09348e-16 1.19308e-15 5.73045e-16 1.37535e-15 6.36739e-16 1.55959e-15 7.00427e-16 1.74521e-15 7.64101e-16 1.93257e-15 8.27768e-16 2.12301e-15 8.9142e-16 2.31478e-15 9.55056e-16 2.51037e-15 1.01868e-15 2.69965e-15 1.08229e-15 2.89435e-15 1.14588e-15 3.08906e-15 1.20946e-15 3.28263e-15 1.27301e-15
82.4824 9.19342e-18 9.19342e-18 3.41993e-28 3.71997e-11 2.11446e-08 9.80314e-18 2.79158e-17 3.95557e-17 5.58407e-17 1.35576e-16 1.11709e-16 2.61359e-16 1.6759e-16 4.05083e-16 2.23478e-16 5.60808e-16 2.79365e-16 7.23897e-16 3.35249e-16 8.93631e-16 3.91126e-16 1.06749e-15 4.46993e-16 1.24576e-15 5.02845e-16 1.42617e-15 5.58684e-16 1.60736e-15 6.14508e-16 1.78885e-15 6.70309e-16 1.97109e-15 7.26094e-16 2.15546e-15 7.81855e-16 2.3403e-15 8.37593e-16 2.52807e-15 8.93313e-16 2.7091e-15 9.49003e-16 2.89468e-15 1.00467e-15 3.07967e-15 1.06032e-15 3.26302e-15 1.11593e-15
86.7162 8.28899e-18 8.28899e-18 2.79725e-28 3.37466e-11 2.07743e-08 1.27227e-17 2.44418e-17 4.79564e-17 4.8889e-17 1.54779e-16 9.77912e-17 2.88974e-16 1.46695e-16 4.38414e-16 1.95593e-16 5.97405e-16 2.44479e-16 7.61607e-16 2.93353e-16 9.30589e-16 3.4221e-16 1.10207e-15 3.91048e-16 1.27648e-15 4.39862e-16 1.45176e-15 4.88655e-16 1.62672e-15 5.37425e-16 1.80101e-15 5.86164e-16 1.97517e-15 6.34879e-16 2.15056e-15 6.83563e-16 2.32568e-15 7.32216e-16 2.50289e-15 7.80845e-16 2.67315e-15 8.29437e-16 2.84711e-15 8.78004e-16 3.01998e-15 9.26539e-16 3.19083e-15 9.75035e-16
91.1674 7.4786e-18 7.4786e-18 2.28786e-28 3.0592e-11 1.31623e-08 1.60346e-17 2.13416e-17 5.66493e-17 4.26851e-17 1.72674e-16 8.53709e-17 3.12718e-16 1.28047e-16 4.64896e-16 1.70708e-16 6.24016e-16 2.13348e-16 7.86185e-16 2.55967e-16 9.51302e-16 2.9856e-16 1.11737e-15 3.41126e-16 1.285e-15 3.83661e-16 1.45236e-15 4.26168e-16 1.61842e-15 4.68644e-16 1.783e-15 5.11084e-16 1.94669e-15 5.53493e-16 2.11084e-15 5.95864e-16 2.2741e-15 6.38199e-16 2.4387e-15 6.80503e-16 2.59631e-15 7.22766e-16 2.75686e-15 7.64997e-16 2.91593e-15 8.07191e-16 3.07273e-15 8.49342e-16
95.847 6.75077e-18 6.75077e-18 1.8715e-28 2.77228e-11 3.52368e-09 1.96498e-17 1.85818e-17 6.5274e-17 3.71625e-17 1.88435e-16 7.43148e-17 3.31523e-16 1.11448e-16 4.83428e-16 1.48557e-16 6.39664e-16 1.85638e-16 7.96899e-16 2.22689e-16 9.55379e-16 2.59708e-16 1.11343e-15 2.96694e-16 1.27182e-15 3.33642e-16 1.42896e-15 3.70555e-16 1.58403e-15 4.07432e-16 1.73695e-15 4.44268e-16 1.88837e-15 4.81067e-16 2.03961e-15 5.17824e-16 2.18947e-15 5.5454e-16 2.34004e-15 5.91219e-16 2.48377e-15 6.27854e-16 2.62975e-15 6.64452e-16 2.77399e-15 7.01009e-16 2.91579e-15 7.37518e-16
100.767 6.09631e-18 6.09631e-18 1.53068e-28 2.51083e-11 5.30727e-09 2.34451e-17 1.61333e-17 7.34498e-17 3.22628e-17 2.01354e-16 6.4506e-17 3.44638e-16 9.67217e-17 4.93416e-16 1.28906e-16 6.44055e-16 1.61056e-16 7.93857e-16 1.93169e-16 9.434e-16 2.25245e-16 1.09135e-15 2.57282e-16 1.2386e-15 2.89276e-16 1.38382e-15 3.21231e-16 1.52638e-15 3.53144e-16 1.66631e-15 3.85012e-16 1.80429e-15 4.16839e-16 1.94158e-15 4.4862e-16 2.07714e-15 4.80356e-16 2.2129e-15 5.12053e-16 2.3421e-15 5.43701e-16 2.47296e-15 5.75309e-16 2.60193e-15 6.06872e-16 2.72841e-15 6.38386e-16
105.939 5.50822e-18 5.50822e-18 1.25244e-28 2.27377e-11 2.06907e-08 2.72752e-17 1.39706e-17 8.08183e-17 2.79353e-17 2.10928e-16 5.58428e-17 3.51708e-16 8.37161e-17 4.94836e-16 1.11552e-16 6.37615e-16 1.39348e-16 7.77999e-16 1.67102e-16 9.16869e-16 1.94814e-16 1.05322e-15 2.22483e-16 1.18805e-15 2.50105e-16 1.32027e-15 2.77684e-16 1.44942e-15 3.05218e-16 1.57565e-15 3.32703e-16 1.69962e-15 3.60144e-16 1.82252e-15 3.87537e-16 1.94347e-15 4.14882e-16 2.06422e-15 4.42184e-16 2.17882e-15 4.69435e-16 2.29459e-15 4.96644e-16 2.40841e-15 5.23807e-16 2.51977e-15 5.50918e-16
111.377 4.97906e-18 4.97906e-18 1.0245e-28 2.05763e-11 -1.17654e-08 3.09751e-17 1.2066e-17 8.70458e-17 2.41243e-17 2.16813e-16 4.82142e-17 3.5265e-16 7.22643e-17 4.88014e-16 9.62723e-17 6.21157e-16 1.20235e-16 7.50667e-16 1.44153e-16 8.77678e-16 1.68025e-16 1.00149e-15 1.9185e-16 1.12318e-15 2.15626e-16 1.24187e-15 2.39356e-16 1.35727e-15 2.63038e-16 1.46958e-15 2.86669e-16 1.57948e-15 3.10254e-16 1.68806e-15 3.33788e-16 1.79457e-15 3.57274e-16 1.90062e-15 3.80714e-16 2.00098e-15 4.04103e-16 2.10213e-15 4.27447e-16 2.20133e-15 4.50743e-16 2.29819e-15 4.73987e-16
117.094 4.5028e-18 4.5028e-18 8.38199e-29 1.8615e-11 2.51952e-08 3.43812e-17 1.03948e-17 9.18719e-17 2.07803e-17 2.18898e-16 4.15208e-17 3.47738e-16 6.2217e-17 4.73712e-16 8.28674e-17 5.95974e-16 1.03469e-16 7.13695e-16 1.24023e-16 8.28205e-16 1.44529e-16 9.39079e-16 1.64985e-16 1.04742e-15 1.8539e-16 1.15256e-15 2.05747e-16 1.25433e-15 2.26054e-16 1.35299e-15 2.46309e-16 1.44919e-15 2.66517e-16 1.54393e-15 2.86673e-16 1.6366e-15 3.06779e-16 1.7286e-15 3.26839e-16 1.81546e-15 3.46847e-16 1.90279e-15 3.6681e-16 1.98826e-15 3.86724e-16 2.07154e-15 4.06586e-16
123.105 4.07464e-18 4.07464e-18 6.85879e-29 1.68329e-11 1.43363e-08 3.73474e-17 8.9347e-18 9.51327e-17 1.78589e-17 2.17306e-16 3.56736e-17 3.37563e-16 5.34406e-17 4.53044e-16 7.11589e-17 5.63712e-16 8.88263e-17 6.69248e-16 1.06444e-16 7.71118e-16 1.24011e-16 8.69121e-16 1.41528e-16 9.64359e-16 1.58992e-16 1.05635e-15 1.76406e-16 1.14502e-15 1.93771e-16 1.23067e-15 2.11083e-16 1.3139e-15 2.28347e-16 1.39562e-15 2.45558e-16 1.47533e-15 2.6272e-16 1.55426e-15 2.79836e-16 1.62861e-15 2.96899e-16 1.7032e-15 3.13917e-16 1.77605e-15 3.30887e-16 1.84689e-15 3.47805e-16
129.424 3.6892e-18 3.6892e-18 5.61076e-29 1.52086e-11 1.10423e-08 3.97441e-17 7.66223e-18 9.67346e-17 1.5313e-17 2.1229e-16 3.05785e-17 3.22834e-16 4.57938e-17 4.27191e-16 6.09585e-17 5.26008e-16 7.60708e-17 6.1939e-16 9.11322e-17 7.08873e-16 1.06142e-16 7.94441e-16 1.211e-16 8.77167e-16 1.36006e-16 9.56716e-16 1.50862e-16 1.03309e-15 1.65667e-16 1.10661e-15 1.8042e-16 1.17782e-15 1.95125e-16 1.24755e-15 2.09779e-16 1.31539e-15 2.24382e-16 1.3824e-15 2.3894e-16 1.44538e-15 2.53447e-16 1.50844e-15 2.67909e-16 1.5699e-15 2.82323e-16 1.62957e-15 2.96688e-16
136.067 3.34138e-18 3.34138e-18 4.59158e-29 1.37416e-11 -6.81556e-10 4.14692e-17 6.55534e-18 9.66628e-17 1.30985e-17 2.04218e-16 2.61471e-17 3.0436e-16 3.91441e-17 3.97381e-16 5.20891e-17 4.84474e-16 6.4981e-17 5.66073e-16 7.78215e-17 6.4373e-16 9.06101e-17 7.17568e-16 1.03347e-16 7.88608e-16 1.16032e-16 8.56633e-16 1.28667e-16 9.21704e-16 1.41252e-16 9.84131e-16 1.53786e-16 1.04443e-15 1.66272e-16 1.10332e-15 1.78708e-16 1.16046e-15 1.91095e-16 1.21678e-15 2.03437e-16 1.26961e-15 2.15729e-16 1.32239e-15 2.27978e-16 1.37376e-15 2.4018e-16 1.42353e-15 2.52334e-16
143.051 3.02861e-18 3.02861e-18 3.75685e-29 1.24045e-11 1.71821e-08 4.24839e-17 5.5977e-18 9.50443e-17 1.11827e-17 1.93682e-16 2.2314e-17 2.83193e-16 3.33927e-17 3.65079e-16 4.4419e-17 4.40932e-16 5.53921e-17 5.11428e-16 6.63138e-17 5.78088e-16 7.7184e-17 6.4113e-16 8.80032e-17 7.01507e-16 9.87708e-17 7.59093e-16 1.0949e-16 8.13989e-16 1.2016e-16 8.66493e-16 1.30779e-16 9.1707e-16 1.41353e-16 9.66333e-16 1.51877e-16 1.01403e-15 1.62355e-16 1.06095e-15 1.72788e-16 1.10486e-15 1.83174e-16 1.14867e-15 1.93517e-16 1.19122e-15 2.03817e-16 1.23239e-15 2.14069e-16
150.394 2.74566e-18 2.74566e-18 3.07442e-29 1.11974e-11 1.6029e-08 4.2751e-17 4.76869e-18 9.19848e-17 9.52438e-18 1.81142e-16 1.89965e-17 2.60104e-16 2.84158e-17 3.31306e-16 3.77828e-17 3.96603e-16 4.70971e-17 4.56829e-16 5.63606e-17 5.13433e-16 6.55735e-17 5.66696e-16 7.47365e-17 6.1749e-16 8.38492e-17 6.65757e-16 9.29146e-17 7.11621e-16 1.01932e-16 7.55359e-16 1.10902e-16 7.97385e-16 1.19826e-16 8.38223e-16 1.28704e-16 8.77681e-16 1.37536e-16 9.16412e-16 1.46327e-16 9.526e-16 1.55071e-16 9.88637e-16 1.63776e-16 1.02359e-15 1.72438e-16 1.05736e-15 1.81056e-16
158.114 2.4904e-18 2.4904e-18 2.51627e-29 1.01039e-11 -2.50894e-09 4.23075e-17 4.05443e-18 8.7724e-17 8.09572e-18 1.67237e-16 1.6139e-17 2.36056e-16 2.41297e-17 2.97275e-16 3.20688e-17 3.52888e-16 3.99561e-17 4.03818e-16 4.77937e-17 4.51412e-16 5.5582e-17 4.95988e-16 6.33219e-17 5.38327e-16 7.10133e-17 5.7842e-16 7.86589e-17 6.16401e-16 8.62589e-17 6.52526e-16 9.38125e-17 6.87152e-16 1.01323e-16 7.20727e-16 1.08789e-16 7.53102e-16 1.16212e-16 7.84822e-16 1.23595e-16 8.14409e-16 1.30935e-16 8.43827e-16 1.38237e-16 8.72316e-16 1.45499e-16 8.99804e-16 1.5272e-16
166.23 2.2603e-18 2.2603e-18 2.05938e-29 9.11109e-12 1.64319e-08 4.12167e-17 3.44109e-18 8.25146e-17 6.86905e-18 1.52546e-16 1.36859e-17 2.11855e-16 2.0451e-17 2.63944e-16 2.71655e-17 3.10846e-16 3.38296e-17 3.5351e-16 4.04455e-17 3.93169e-16 4.70138e-17 4.30149e-16 5.35355e-17 4.65143e-16 6.00107e-17 4.98173e-16 6.64421e-17 5.29375e-16 7.283e-17 5.58977e-16 7.91739e-17 5.87288e-16 8.54771e-17 6.14683e-16 9.1738e-17 6.4105e-16 9.79585e-17 6.66839e-16 1.04141e-16 6.90857e-16 1.10284e-16 7.14702e-16 1.1639e-16 7.37762e-16 1.22459e-16 7.59985e-16 1.2849e-16
174.763 2.05231e-18 2.05231e-18 1.68533e-29 8.21187e-12 -5.5108e-09 3.95534e-17 2.91502e-18 7.6593e-17 5.81702e-18 1.37539e-16 1.15826e-17 1.88106e-16 1.72975e-17 2.31987e-16 2.29632e-17 2.71172e-16 2.85803e-17 3.06594e-16 3.4151e-17 3.39356e-16 3.9676e-17 3.6978e-16 4.51565e-17 3.9847e-16 5.05928e-17 4.25468e-16 5.59876e-17 4.50904e-16 6.13412e-17 4.7498e-16 6.66534e-17 4.97958e-16 7.19274e-17 5.2015e-16 7.71616e-17 5.41473e-16 8.23582e-17 5.62295e-16 8.75194e-17 5.81657e-16 9.26431e-17 6.00856e-16 9.77332e-17 6.19399e-16 1.02789e-16 6.37246e-16 1.07809e-16
183.733 1.86495e-18 1.86495e-18 1.37913e-29 7.39501e-12 -1.81713e-08 3.74332e-17 2.46582e-18 7.02375e-17 4.91884e-18 1.22703e-16 9.7873e-18 1.65401e-16 1.46065e-17 2.0204e-16 1.93783e-17 2.34503e-16 2.41034e-17 2.63677e-16 2.87841e-17 2.90537e-16 3.34213e-17 3.15383e-16 3.80163e-17 3.38737e-16 4.25697e-17 3.60652e-16 4.70839e-17 3.81248e-16 5.15594e-17 4.00702e-16 5.59962e-17 4.19231e-16 6.03973e-17 4.37096e-16 6.47615e-17 4.54234e-16 6.90907e-17 4.70943e-16 7.33871e-17 4.86461e-16 7.76489e-17 5.01828e-16 8.18796e-17 5.16653e-16 8.60788e-17 5.30906e-16 9.02454e-17
193.164 1.69494e-18 1.69494e-18 1.12879e-29 6.65978e-12 1.04633e-08 3.4942e-17 2.08167e-18 6.36347e-17 4.15084e-18 1.08313e-16 8.25268e-18 1.44021e-16 1.2307e-17 1.74339e-16 1.63158e-17 2.01008e-16 2.02802e-17 2.24845e-16 2.42023e-17 2.46695e-16 2.80834e-17 2.66836e-16 3.19248e-17 2.85709e-16 3.57271e-17 3.03374e-16 3.94928e-17 3.19938e-16 4.32225e-17 3.35551e-16 4.69162e-17 3.50396e-16 5.05768e-17 3.64685e-16 5.42034e-17 3.78372e-16 5.77978e-17 3.91699e-16 6.13619e-17 4.04059e-16 6.48945e-17 4.16285e-16 6.83985e-17 4.28068e-16 7.18737e-17 4.39384e-16 7.53193e-17
203.079 1.54123e-18 1.54123e-18 9.24058e-30 5.99557e-12 -3.05287e-08 3.22058e-17 1.75464e-18 5.70179e-17 3.49712e-18 9.46946e-17 6.94686e-18 1.24298e-16 1.0351e-17 1.49188e-16 1.37118e-17 1.70933e-16 1.70304e-17 1.90271e-16 2.03092e-17 2.07926e-16 2.35495e-17 2.24146e-16 2.67526e-17 2.39302e-16 2.99194e-17 2.53454e-16 3.30521e-17 2.66695e-16 3.61516e-17 2.79153e-16 3.92179e-17 2.90979e-16 4.22538e-17 3.02344e-16 4.52584e-17 3.13216e-16 4.82336e-17 3.23788e-16 5.11812e-17 3.33582e-16 5.41001e-17 3.43259e-16 5.6993e-17 3.52575e-16 5.98598e-17 3.61515e-16 6.26999e-17
213.503 1.40256e-18 1.40256e-18 7.56171e-30 5.39135e-12 -1.72074e-08 2.93384e-17 1.47718e-18 5.05722e-17 2.9426e-18 8.20638e-17 5.83959e-18 1.06416e-16 8.69311e-18 1.26704e-16 1.15054e-17 1.44318e-16 1.42781e-17 1.59907e-16 1.70134e-17 1.74086e-16 1.97127e-17 1.87073e-16 2.23775e-17 1.99177e-16 2.50086e-17 2.10453e-16 2.76084e-17 2.20983e-16 3.01775e-17 2.30873e-16 3.27164e-17 2.40247e-16 3.52274e-17 2.49243e-16 3.771e-17 2.57837e-16 4.01658e-17 2.66185e-16 4.25966e-17 2.7391e-16 4.50015e-17 2.81535e-16 4.7383e-17 2.88869e-16 4.97409e-17 2.95901e-16 5.20749e-17
224.463 1.2765e-18 1.2765e-18 6.19096e-30 4.84995e-12 6.02165e-08 2.6415e-17 1.24131e-18 4.43981e-17 2.47132e-18 7.04857e-17 4.89895e-18 9.03612e-17 7.28532e-18 1.06778e-16 9.63285e-18 1.20948e-16 1.19432e-17 1.33434e-16 1.42188e-17 1.44752e-16 1.64609e-17 1.55088e-16 1.86712e-17 1.64698e-16 2.08507e-17 1.73633e-16 2.30013e-17 1.81961e-16 2.5124e-17 1.89771e-16 2.72192e-17 1.97162e-16 2.9289e-17 2.04247e-16 3.13333e-17 2.11007e-16 3.33534e-17 2.17566e-16 3.5351e-17 2.2363e-16 3.73253e-17 2.2961e-16 3.92787e-17 2.35357e-16 4.12111e-17 2.40862e-16 4.31221e-17
235.984 1.1627e-18 1.1627e-18 5.06717e-30 4.35809e-12 1.38547e-09 2.35377e-17 1.042e-18 3.86304e-17 2.07317e-18 6.00769e-17 4.10467e-18 7.61912e-17 6.09717e-18 8.93959e-17 8.05324e-18 1.00731e-16 9.97468e-18 1.10679e-16 1.18638e-17 1.19668e-16 1.37222e-17 1.27855e-16 1.55513e-17 1.3545e-16 1.73523e-17 1.42498e-16 1.9127e-17 1.49056e-16 2.08764e-17 1.55197e-16 2.26009e-17 1.61002e-16 2.43026e-17 1.66559e-16 2.59813e-17 1.71856e-16 2.76384e-17 1.7699e-16 2.92753e-17 1.81732e-16 3.08916e-17 1.86404e-16 3.24892e-17 1.90891e-16 3.40682e-17 1.95186e-16 3.56283e-17
248.097 1.05969e-18 1.05969e-18 4.14759e-30 3.91395e-12 -4.23848e-09 2.07663e-17 8.73642e-19 3.3324e-17 1.73694e-18 5.08276e-17 3.4343e-18 6.38101e-17 5.09496e-18 7.43704e-17 6.7216e-18 8.339e-17 8.31615e-18 9.12764e-17 9.88092e-18 9.83807e-17 1.14175e-17 1.04836e-16 1.29274e-17 1.10812e-16 1.44117e-17 1.16348e-16 1.58723e-17 1.21491e-16 1.731e-17 1.26301e-16 1.87254e-17 1.30842e-16 2.01204e-17 1.35184e-16 2.14949e-17 1.39318e-16 2.28502e-17 1.43322e-16 2.41876e-17 1.47017e-16 2.55067e-17 1.50656e-16 2.68092e-17 1.54147e-16 2.80954e-17 1.57486e-16 2.93651e-17
260.832 9.65963e-19 9.65963e-19 3.39499e-30 3.51462e-12 5.36579e-08 1.81425e-17 7.31323e-19 2.85029e-17 1.45281e-18 4.26864e-17 2.86816e-18 5.30805e-17 4.24915e-18 6.14778e-17 5.59855e-18 6.86167e-17 6.91837e-18 7.4837e-17 8.21091e-18 8.04252e-17 9.47775e-18 8.54915e-17 1.07204e-17 9.0173e-17 1.194e-17 9.45021e-17 1.31383e-17 9.8519e-17 1.43161e-17 1.0227e-16 1.5474e-17 1.05808e-16 1.66138e-17 1.09188e-16 1.77354e-17 1.12403e-16 1.884e-17 1.15514e-16 1.99288e-17 1.18383e-16 2.10016e-17 1.21205e-16 2.20599e-17 1.23912e-16 2.31039e-17 1.26499e-16 2.41335e-17
274.221 8.81151e-19 8.81151e-19 2.77913e-30 3.15398e-12 -2.18619e-08 1.57132e-17 6.11588e-19 2.41981e-17 1.21384e-18 3.56214e-17 2.39238e-18 4.38999e-17 3.53887e-18 5.05458e-17 4.65615e-18 5.61716e-17 5.74631e-18 6.10578e-17 6.8116e-18 6.54364e-17 7.85362e-18 6.93978e-17 8.87386e-18 7.30521e-17 9.8734e-18 7.64262e-17 1.08539e-17 7.95529e-17 1.18162e-17 8.24696e-17 1.27609e-17 8.52173e-17 1.36895e-17 8.78399e-17 1.46022e-17 9.03327e-17 1.54999e-17 9.27428e-17 1.63839e-17 9.49638e-17 1.72538e-17 9.71476e-17 1.81111e-17 9.92404e-17 1.89559e-17 1.0124e-16 1.97883e-17
288.297 8.04138e-19 8.04138e-19 2.27518e-30 2.82934e-12 5.53428e-08 1.34951e-17 5.10842e-19 2.03952e-17 1.01286e-18 2.95415e-17 1.99255e-18 3.61018e-17 2.94248e-18 4.13376e-17 3.86555e-18 4.57522e-17 4.76389e-18 4.95752e-17 5.63968e-18 5.29931e-17 6.49452e-18 5.60795e-17 7.32985e-18 5.8922e-17 8.14674e-18 6.1543e-17 8.9467e-18 6.39689e-17 9.73059e-18 6.62295e-17 1.0499e-17 6.83571e-17 1.12533e-17 7.03862e-17 1.19937e-17 7.23133e-17 1.2721e-17 7.41751e-17 1.34363e-17 7.58898e-17 1.41395e-17 7.75747e-17 1.48318e-17 7.91886e-17 1.55133e-17 8.07298e-17 1.6184e-17
303.095 7.34243e-19 7.34243e-19 1.86248e-30 2.5366e-12 3.16772e-08 1.14999e-17 4.26234e-19 1.7075e-17 8.4415e-19 2.43595e-17 1.65724e-18 2.95345e-17 2.44283e-18 3.36426e-17 3.20382e-18 3.70937e-17 3.94238e-18 4.00742e-17 4.66062e-18 4.27333e-17 5.3601e-18 4.51303e-17 6.04221e-18 4.73346e-17 6.70799e-18 4.93646e-17 7.35884e-18 5.12414e-17 7.99557e-18 5.29887e-17 8.61877e-18 5.46317e-17 9.22965e-18 5.61975e-17 9.82842e-18 5.76834e-17 1.04159e-17 5.91182e-17 1.0993e-17 6.04388e-17 1.15597e-17 6.17357e-17 1.2117e-17 6.29773e-17 1.2665e-17 6.41624e-17 1.32039e-17
318.653 6.70633e-19 6.70633e-19 1.52473e-30 2.27357e-12 -8.13316e-08 9.72611e-18 3.55197e-19 1.4203e-17 7.02576e-19 1.99751e-17 1.37617e-18 2.40396e-17 2.02446e-18 2.72502e-17 2.65036e-18 2.99383e-17 3.25601e-18 3.22541e-17 3.84346e-18 3.43161e-17 4.41421e-18 3.61719e-17 4.96959e-18 3.78762e-17 5.5106e-18 3.94439e-17 6.03853e-18 4.08919e-17 6.55413e-18 4.22388e-17 7.05797e-18 4.35043e-17 7.55114e-18 4.47094e-17 8.03387e-18 4.58524e-17 8.5069e-18 4.69553e-17 8.97099e-18 4.79699e-17 9.42615e-18 4.89659e-17 9.87327e-18 4.99189e-17 1.03125e-17 5.08282e-17 1.0744e-17
335.009 6.13113e-19 6.13113e-19 1.24846e-30 2.03627e-12 4.39538e-10 8.17311e-18 2.95829e-19 1.175e-17 5.84326e-19 1.63052e-17 1.1417e-18 1.94868e-17 1.67587e-18 2.19885e-17 2.18975e-18 2.40767e-17 2.68544e-18 2.58716e-17 3.16492e-18 2.74669e-17 3.62961e-18 2.89006e-17 4.08078e-18 3.02156e-17 4.51937e-18 3.14239e-17 4.94656e-18 3.2539e-17 5.36305e-18 3.35753e-17 5.76939e-18 3.45483e-17 6.16654e-18 3.54743e-17 6.55471e-18 3.6352e-17 6.9346e-18 3.71985e-17 7.30686e-18 3.79769e-17 7.67151e-18 3.87405e-17 8.02935e-18 3.9471e-17 8.38052e-18 4.01676e-17 8.72512e-18
352.205 5.60742e-19 5.60742e-19 1.02214e-30 1.82283e-12 1.51759e-07 6.82318e-18 2.46111e-19 9.66628e-18 4.85367e-19 1.3246e-17 9.45751e-19 1.57276e-17 1.38497e-18 1.76708e-17 1.80588e-18 1.92882e-17 2.21055e-18 2.06755e-17 2.60086e-18 2.19065e-17 2.97815e-18 2.30113e-17 3.34362e-18 2.40235e-17 3.69815e-18 2.49527e-17 4.04281e-18 2.58095e-17 4.37824e-18 2.66052e-17 4.70495e-18 2.73518e-17 5.0238e-18 2.80618e-17 5.33499e-18 2.87346e-17 5.63914e-18 2.9383e-17 5.93681e-18 2.9979e-17 6.22806e-18 3.05635e-17 6.51355e-18 3.11223e-17 6.79343e-18 3.16551e-17 7.0678e-18
370.284 5.13071e-19 5.13071e-19 8.3682e-31 1.631e-12 -8.4987e-08 5.66167e-18 2.04539e-19 7.91092e-18 4.02686e-19 1.07134e-17 7.82297e-19 1.26428e-17 1.14268e-18 1.41479e-17 1.48664e-18 1.53973e-17 1.81618e-18 1.6467e-17 2.13307e-18 1.74147e-17 2.43857e-18 1.82643e-17 2.73379e-18 1.90418e-17 3.01956e-18 1.9755e-17 3.29682e-18 2.0412e-17 3.56618e-18 2.10218e-17 3.8281e-18 2.15936e-17 4.08332e-18 2.21371e-17 4.33207e-18 2.26518e-17 4.57486e-18 2.31478e-17 4.81218e-18 2.36034e-17 5.04411e-18 2.405e-17 5.27121e-18 2.44769e-17 5.49361e-18 2.48838e-17 5.71141e-18
389.291 4.69388e-19 4.69388e-19 6.85229e-31 1.45984e-12 2.20856e-07 4.66854e-18 1.69721e-19 6.43934e-18 3.33501e-19 8.62452e-18 6.45778e-19 1.01195e-17 9.40677e-19 1.12815e-17 1.22093e-18 1.22439e-17 1.48846e-18 1.30664e-17 1.74491e-18 1.37941e-17 1.99146e-18 1.44457e-17 2.22913e-18 1.50415e-17 2.45869e-18 1.55875e-17 2.68097e-18 1.60902e-17 2.89653e-18 1.65565e-17 3.10578e-18 1.69935e-17 3.30936e-18 1.74087e-17 3.5075e-18 1.78017e-17 3.70063e-18 1.81802e-17 3.88918e-18 1.85277e-17 4.07323e-18 1.88684e-17 4.25325e-18 1.91938e-17 4.42937e-18 1.95039e-17 4.60168e-18
409.273 4.29993e-19 4.29993e-19 5.61071e-31 1.30484e-12 -2.40945e-07 3.83261e-18 1.40814e-19 5.22251e-18 2.7612e-19 6.92251e-18 5.32769e-19 8.0788e-18 7.73777e-19 8.9747e-18 1.00178e-18 9.71508e-18 1.2186e-18 1.03468e-17 1.42577e-18 1.09051e-17 1.62438e-18 1.14044e-17 1.81537e-18 1.18606e-17 1.99941e-18 1.22784e-17 2.17727e-18 1.26628e-17 2.34942e-18 1.30191e-17 2.51627e-18 1.33529e-17 2.67834e-18 1.36699e-17 2.83585e-18 1.39698e-17 2.98918e-18 1.42585e-17 3.1387e-18 1.45236e-17 3.28447e-18 1.47833e-17 3.4269e-18 1.50313e-17 3.5661e-18 1.52676e-17 3.70215e-18
430.281 3.94093e-19 3.94093e-19 4.5933e-31 1.16554e-12 1.19059e-07 3.13092e-18 1.16722e-19 4.21801e-18 2.2835e-19 5.53687e-18 4.38903e-19 6.42916e-18 6.35442e-19 7.11847e-18 8.20492e-19 7.687e-18 9.95777e-19 8.17139e-18 1.1627e-18 8.59895e-18 1.32227e-18 8.98103e-18 1.47531e-18 9.32984e-18 1.62247e-18 9.64904e-18 1.76439e-18 9.94257e-18 1.90151e-18 1.02145e-17 2.03417e-18 1.04692e-17 2.16285e-18 1.07109e-17 2.28772e-18 1.09395e-17 2.40912e-18 1.11596e-17 2.52735e-18 1.13615e-17 2.64249e-18 1.15593e-17 2.75488e-18 1.17481e-17 2.86461e-18 1.1928e-17 2.97175e-18
452.368 3.61212e-19 3.61212e-19 3.76114e-31 1.04126e-12 2.01162e-07 2.54491e-18 9.66201e-20 3.39209e-18 1.88545e-19 4.41224e-18 3.60892e-19 5.09908e-18 5.20749e-19 5.62825e-18 6.70514e-19 6.06392e-18 8.118e-19 6.43461e-18 9.45886e-19 6.76147e-18 1.07369e-18 7.05331e-18 1.19595e-18 7.31955e-18 1.31324e-18 7.56305e-18 1.42613e-18 7.78684e-18 1.535e-18 7.99409e-18 1.64016e-18 8.18806e-18 1.742e-18 8.37213e-18 1.84069e-18 8.54616e-18 1.93651e-18 8.7136e-18 2.02973e-18 8.86721e-18 2.1204e-18 9.01763e-18 2.20881e-18 9.16123e-18 2.29505e-18 9.29795e-18 2.37917e-18
475.588 3.31249e-19 3.31249e-19 3.07961e-31 9.29698e-13 -1.45078e-08 2.05987e-18 7.99097e-20 2.71821e-18 1.55506e-19 3.50555e-18 2.96321e-19 4.0333e-18 4.26059e-19 4.4389e-18 5.46981e-19 4.77228e-18 6.60579e-19 5.05559e-18 7.68015e-19 5.30517e-18 8.70112e-19 5.52784e-18 9.67533e-19 5.73084e-18 1.06077e-18 5.9164e-18 1.15034e-18 6.08686e-18 1.23656e-18 6.24465e-18 1.31969e-18 6.39228e-18 1.40009e-18 6.53232e-18 1.4779e-18 6.66469e-18 1.55334e-18 6.792e-18 1.62665e-18 6.90877e-18 1.69788e-18 7.02309e-18 1.76726e-18 7.1322e-18 1.83487e-18 7.23607e-18 1.90076e-18
500 3.04029e-19 3.04029e-19 2.52148e-31 8.29355e-13 1.65685e-07 1.66127e-18 6.60516e-20 2.1717e-18 1.2815e-19 2.77836e-18 2.43025e-19 3.18334e-18 3.48121e-19 3.49389e-18 4.45552e-19 3.74876e-18 5.36692e-19 3.96512e-18 6.22583e-19 4.15555e-18 7.03962e-19 4.32533e-18 7.81413e-19 4.48002e-18 8.55373e-19 4.62135e-18 9.26272e-19 4.75112e-18 9.94403e-19 4.8712e-18 1.05999e-18 4.98351e-18 1.12332e-18 5.09001e-18 1.18453e-18 5.19065e-18 1.2438e-18 5.28742e-18 1.30134e-18 5.37616e-18 1.35718e-18 5.46301e-18 1.41152e-18 5.5459e-18 1.46442e-18 5.62478e-18 1.51593e-18
525.665 2.79046e-19 2.79046e-19 2.06468e-31 7.39909e-13 1.55899e-07 1.33422e-18 5.45191e-20 1.72886e-18 1.05429e-19 2.19522e-18 1.98915e-19 2.50539e-18 2.83814e-19 2.74275e-18 3.6209e-19 2.93729e-18 4.34992e-19 3.10227e-18 5.03451e-19 3.24736e-18 5.6812e-19 3.37663e-18 6.29508e-19 3.49436e-18 6.87996e-19 3.60186e-18 7.43954e-19 3.70053e-18 7.97631e-19 3.7918e-18 8.4922e-19 3.87714e-18 8.98967e-19 3.95805e-18 9.46977e-19 4.03448e-18 9.93418e-19 4.10796e-18 1.03844e-18 4.17532e-18 1.0821e-18 4.24124e-18 1.12454e-18 4.30413e-18 1.16582e-18 4.36398e-18 1.20599e-18
552.648 2.56348e-19 2.56348e-19 1.69067e-31 6.59521e-13 -3.57653e-07 1.06833e-18 4.49761e-20 1.37293e-18 8.66672e-20 1.73101e-18 1.62626e-19 1.96836e-18 2.31081e-19 2.14966e-18 2.93841e-19 2.29806e-18 3.52035e-19 2.4238e-18 4.06487e-19 2.5343e-18 4.57769e-19 2.6327e-18 5.06325e-19 2.72227e-18 5.52484e-19 2.80402e-18 5.9656e-19 2.87903e-18 6.38766e-19 2.94839e-18 6.79268e-19 3.01323e-18 7.18268e-19 3.07468e-18 7.55857e-19 3.13272e-18 7.92175e-19 3.18851e-18 8.27348e-19 3.23964e-18 8.61417e-19 3.28967e-18 8.94509e-19 3.33739e-18 9.26669e-19 3.3828e-18 9.57933e-19
581.015 2.35619e-19 2.35619e-19 1.38421e-31 5.87479e-13 1.40652e-07 8.52732e-19 3.70689e-20 1.0874e-18 7.11573e-20 1.36196e-18 1.32753e-19 1.54339e-18 1.87825e-19 1.68174e-18 2.38024e-19 1.79486e-18 2.84364e-19 1.89062e-18 3.27569e-19 1.97473e-18 3.68138e-19 2.04958e-18 4.06454e-19 2.11768e-18 4.42797e-19 2.17982e-18 4.77435e-19 2.23681e-18 5.10546e-19 2.2895e-18 5.42272e-19 2.33874e-18 5.7278e-19 2.3854e-18 6.02147e-19 2.42945e-18 6.3049e-19 2.47179e-18 6.5791e-19 2.51058e-18 6.84444e-19 2.54854e-18 7.10195e-19 2.58474e-18 7.35199e-19 2.61918e-18 7.59488e-19
610.839 2.16672e-19 2.16672e-19 1.13337e-31 5.23081e-13 7.72696e-08 6.78635e-19 3.05216e-20 8.59125e-19 5.83486e-20 1.06938e-18 1.08195e-19 1.20793e-18 1.52397e-19 1.31341e-18 1.92453e-19 1.39958e-18 2.29265e-19 1.47246e-18 2.63464e-19 1.53644e-18 2.95482e-19 1.59334e-18 3.25646e-19 1.6451e-18 3.54195e-19 1.69231e-18 3.81355e-19 1.73559e-18 4.07274e-19 1.7756e-18 4.32072e-19 1.81298e-18 4.55887e-19 1.84839e-18 4.78784e-19 1.88182e-18 5.00858e-19 1.91394e-18 5.22192e-19 1.94337e-18 5.42817e-19 1.97216e-18 5.62817e-19 1.99961e-18 5.82222e-19 2.02572e-18 6.01057e-19
642.193 1.99309e-19 1.99309e-19 9.28019e-32 4.65619e-13 1.09775e-07 5.38502e-19 2.51005e-20 6.7709e-19 4.77741e-20 8.37897e-19 8.8021e-20 9.43587e-19 1.2341e-19 1.02394e-18 1.55291e-19 1.08952e-18 1.84459e-19 1.14495e-18 2.11461e-19 1.19358e-18 2.36667e-19 1.23682e-18 2.60356e-19 1.27613e-18 2.8273e-19 1.31198e-18 3.03976e-19 1.34483e-18 3.2422e-19 1.37519e-18 3.43559e-19 1.40355e-18 3.62109e-19 1.43042e-18 3.79923e-19 1.45577e-18 3.97078e-19 1.48013e-18 4.13644e-19 1.50245e-18 4.29644e-19 1.52427e-18 4.45146e-19 1.54508e-18 4.60177e-19 1.56487e-18 4.74755e-19
675.157 1.83422e-19 1.83422e-19 7.59898e-32 4.1429e-13 1.6546e-08 4.26209e-19 2.06204e-20 5.32481e-19 3.90628e-20 6.55347e-19 7.14897e-20 7.35912e-19 9.97572e-20 7.97089e-19 1.25072e-19 8.46969e-19 1.48129e-19 8.89108e-19 1.69399e-19 9.26057e-19 1.89199e-19 9.58898e-19 2.07762e-19 9.88745e-19 2.25259e-19 1.01595e-18 2.41844e-19 1.04089e-18 2.57623e-19 1.06392e-18 2.72677e-19 1.08543e-18 2.87098e-19 1.10581e-18 3.00932e-19 1.12503e-18 3.1424e-19 1.1435e-18 3.2708e-19 1.16042e-18 3.39471e-19 1.17696e-18 3.51467e-19 1.19273e-18 3.6309e-19 1.20773e-18 3.74356e-19
709.813 1.68905e-19 1.68905e-19 6.22162e-32 3.6835e-13 -4.25315e-07 3.36582e-19 1.69239e-20 4.17989e-19 3.19004e-20 5.118e-19 5.79747e-20 5.73183e-19 8.05052e-20 6.1974e-19 1.00562e-19 6.57671e-19 1.1875e-19 6.89696e-19 1.35471e-19 7.17765e-19 1.50992e-19 7.42705e-19 1.6551e-19 7.65363e-19 1.79168e-19 7.86013e-19 1.92092e-19 8.04933e-19 2.04369e-19 8.22408e-19 2.16067e-19 8.38726e-19 2.2726e-19 8.54177e-19 2.37986e-19 8.68756e-19 2.48295e-19 8.82759e-19 2.58231e-19 8.95584e-19 2.67813e-19 9.08124e-19 2.77084e-19 9.20078e-19 2.86059e-19 9.31445e-19 2.94753e-19
746.248 1.55659e-19 1.55659e-19 5.09425e-32 3.27271e-13 -4.40892e-08 2.65301e-19 1.38789e-20 3.27617e-19 2.60226e-20 3.99214e-19 4.69503e-20 4.45971e-19 6.48728e-20 4.81398e-19 8.07334e-20 5.10241e-19 9.5053e-20 5.3458e-19 1.08174e-19 5.55905e-19 1.2032e-19 5.74845e-19 1.31656e-19 5.92048e-19 1.42299e-19 6.07723e-19 1.52355e-19 6.22082e-19 1.61894e-19 6.35342e-19 1.70971e-19 6.47721e-19 1.79646e-19 6.59442e-19 1.87951e-19 6.70499e-19 1.95927e-19 6.81118e-19 2.03608e-19 6.90843e-19 2.11009e-19 7.00351e-19 2.18164e-19 7.09414e-19 2.25088e-19 7.18031e-19 2.3179e-19
784.553 1.43463e-19 1.43463e-19 4.17131e-32 2.90757e-13 2.6926e-08 2.08611e-19 1.13643e-20 2.56253e-19 2.11891e-20 3.10841e-19 3.79436e-20 3.46428e-19 5.21633e-20 3.73366e-19 6.46729e-20 3.95283e-19 7.59189e-20 4.1377e-19 8.61895e-20 4.29961e-19 9.56724e-20 4.44338e-19 1.04504e-19 4.57392e-19 1.1278e-19 4.69284e-19 1.20587e-19 4.80176e-19 1.27983e-19 4.90233e-19 1.35013e-19 4.99621e-19 1.41724e-19 5.08507e-19 1.48143e-19 5.16891e-19 1.54301e-19 5.2494e-19 1.60228e-19 5.32312e-19 1.65935e-19 5.39518e-19 1.71449e-19 5.46386e-19 1.7678e-19 5.52916e-19 1.81939e-19
824.824 1.32337e-19 1.32337e-19 3.4152e-32 2.58069e-13 1.40402e-07 1.6379e-19 9.29788e-21 2.00199e-19 1.72348e-20 2.41813e-19 3.06246e-20 2.689e-19 4.18861e-20 2.89385e-19 5.17356e-20 3.06043e-19 6.05531e-20 3.20088e-19 6.85803e-20 3.32384e-19 7.5973e-20 3.433e-19 8.28433e-20 3.53209e-19 8.92708e-20 3.62234e-19 9.5325e-20 3.70499e-19 1.01053e-19 3.78129e-19 1.0649e-19 3.85251e-19 1.11677e-19 3.91991e-19 1.16633e-19 3.9835e-19 1.21384e-19 4.04454e-19 1.25953e-19 4.10044e-19 1.3035e-19 4.15507e-19 1.34595e-19 4.20715e-19 1.38697e-19 4.25665e-19 1.42665e-19
867.163 1.22091e-19 1.22091e-19 2.7965e-32 2.29051e-13 -7.65079e-07 1.28334e-19 7.5955e-21 1.56131e-19 1.3993e-20 1.87832e-19 2.46676e-20 2.08435e-19 3.35643e-20 2.24006e-19 4.13008e-20 2.3666e-19 4.81985e-20 2.47325e-19 5.44587e-20 2.5666e-19 6.021e-20 2.64944e-19 6.55442e-20 2.72464e-19 7.05263e-20 2.79311e-19 7.52125e-20 2.85581e-19 7.96406e-20 2.91368e-19 8.38398e-20 2.96768e-19 8.78415e-20 3.0188e-19 9.16617e-20 3.06701e-19 9.53213e-20 3.11329e-19 9.88384e-20 3.15566e-19 1.0222e-19 3.19708e-19 1.05484e-19 3.23655e-19 1.08637e-19 3.27407e-19 1.11684e-19
911.674 1.12738e-19 1.12738e-19 2.28969e-32 2.03098e-13 -6.51039e-07 1.00435e-19 6.1997e-21 1.21654e-19 1.13486e-20 1.45804e-19 1.98442e-20 1.6148e-19 2.6861e-20 1.73318e-19 3.29285e-20 1.82934e-19 3.83166e-20 1.91036e-19 4.31923e-20 1.98126e-19 4.76611e-20 2.04416e-19 5.17981e-20 2.10124e-19 5.56558e-20 2.15321e-19 5.92795e-20 2.20079e-19 6.26997e-20 2.24471e-19 6.59398e-20 2.28569e-19 6.90248e-20 2.32446e-19 7.19675e-20 2.36104e-19 7.47845e-20 2.39614e-19 7.749e-20 2.42828e-19 8.009e-20 2.4597e-19 8.25979e-20 2.48963e-19 8.50191e-20 2.51809e-19 8.73582e-20
958.471 1.04111e-19 1.04111e-19 1.87494e-32 1.80091e-13 -1.73948e-07 7.84539e-20 5.05197e-21 9.46386e-20 9.18638e-21 1.13024e-19 1.5931e-20 1.24945e-19 2.14518e-20 1.33941e-19 2.61995e-20 1.41245e-19 3.03994e-20 1.47397e-19 3.41891e-20 1.52779e-19 3.76548e-20 1.57554e-19 4.08573e-20 1.61886e-19 4.38391e-20 1.65829e-19 4.66366e-20 1.69439e-19 4.9274e-20 1.7277e-19 5.17702e-20 1.75879e-19 5.41449e-20 1.7882e-19 5.64084e-20 1.81593e-19 5.85737e-20 1.84256e-19 6.06521e-20 1.86693e-19 6.26484e-20 1.89075e-19 6.45729e-20 1.91345e-19 6.64302e-20 1.93502e-19 6.82236e-20
1007.67 9.62307e-20 9.62307e-20 1.53502e-32 1.59514e-13 1.40199e-06 6.12274e-20 4.11317e-21 7.35728e-20 7.42796e-21 8.75737e-20 1.2774e-20 9.66412e-20 1.71112e-20 1.0348e-19 2.0821e-20 1.09031e-19 2.40908e-20 1.13705e-19 2.70331e-20 1.17793e-19 2.97182e-20 1.21419e-19 3.21951e-20 1.24708e-19 3.44981e-20 1.27702e-19 3.66561e-20 1.30442e-19 3.86886e-20 1.32971e-19 4.06105e-20 1.3533e-19 4.24374e-20 1.37562e-19 4.41776e-20 1.39667e-19 4.58412e-20 1.41687e-19 4.74372e-20 1.43536e-19 4.89693e-20 1.45343e-19 5.04457e-20 1.47065e-19 5.18699e-20 1.48702e-19 5.32445e-20
1059.39 8.89561e-20 8.89561e-20 1.25704e-32 1.4131e-13 -5.102e-07 4.7706e-20 3.34312e-21 5.71166e-20 5.99462e-21 6.77728e-20 1.0222e-20 7.46674e-20 1.36217e-20 7.98648e-20 1.65146e-20 8.40819e-20 1.90553e-20 8.76318e-20 2.13356e-20 9.07359e-20 2.34124e-20 9.34886e-20 2.53251e-20 9.59855e-20 2.71011e-20 9.8258e-20 2.87634e-20 1.00338e-19 3.03275e-20 1.02257e-19 3.18053e-20 1.04047e-19 3.3209e-20 1.0574e-19 3.45452e-20 1.07337e-19 3.58219e-20 1.0887e-19 3.7046e-20 1.10273e-19 3.82206e-20 1.11644e-19 3.9352e-20 1.1295e-19 4.04429e-20 1.14192e-19 4.14956e-20
1113.77 8.22904e-20 8.22904e-20 1.02892e-32 1.25035e-13 -2.8993e-07 3.71374e-20 2.71424e-21 4.4311e-20 4.83159e-21 5.24229e-20 8.16871e-21 5.76667e-20 1.08295e-20 6.16178e-20 1.30823e-20 6.48226e-20 1.50541e-20 6.75197e-20 1.68195e-20 6.98777e-20 1.84242e-20 7.19685e-20 1.98999e-20 7.38647e-20 2.12684e-20 7.55903e-20 2.2548e-20 7.71694e-20 2.37509e-20 7.86263e-20 2.48864e-20 7.99853e-20 2.59644e-20 8.1271e-20 2.69899e-20 8.24832e-20 2.79692e-20 8.36465e-20 2.89077e-20 8.47113e-20 2.98078e-20 8.57518e-20 3.06745e-20 8.67431e-20 3.15099e-20 8.76852e-20 3.23157e-20
1170.94 7.61551e-20 7.61551e-20 8.42524e-33 1.10633e-13 -3.86877e-07 2.88778e-20 2.20049e-21 3.43449e-20 3.88793e-21 4.05195e-20 6.51712e-21 4.45077e-20 8.59591e-21 4.75113e-20 1.03475e-20 4.9947e-20 1.18756e-20 5.19964e-20 1.32406e-20 5.37878e-20 1.44791e-20 5.53759e-20 1.56164e-20 5.68162e-20 1.66698e-20 5.81267e-20 1.76538e-20 5.93259e-20 1.85781e-20 6.04321e-20 1.945e-20 6.1464e-20 2.02772e-20 6.24401e-20 2.10636e-20 6.33604e-20 2.18143e-20 6.42436e-20 2.25334e-20 6.50519e-20 2.32227e-20 6.58417e-20 2.38863e-20 6.65942e-20 2.45256e-20 6.73093e-20 2.51421e-20
1231.05 7.05233e-20 7.05233e-20 6.89872e-33 9.78218e-14 -9.24835e-07 2.24378e-20 1.78183e-21 2.66047e-20 3.12434e-21 3.13055e-20 5.19238e-21 3.43396e-20 6.81416e-21 3.66238e-20 8.17433e-21 3.84756e-20 9.35738e-21 4.00333e-20 1.04117e-20 4.13948e-20 1.13668e-20 4.26017e-20 1.22427e-20 4.3696e-20 1.30531e-20 4.46917e-20 1.38093e-20 4.56027e-20 1.45192e-20 4.64431e-20 1.51883e-20 4.72269e-20 1.58228e-20 4.79684e-20 1.64257e-20 4.86674e-20 1.70008e-20 4.93381e-20 1.75516e-20 4.9952e-20 1.80794e-20 5.05519e-20 1.85873e-20 5.11233e-20 1.90764e-20 5.16664e-20 1.9548e-20
1294.24 6.53375e-20 6.53375e-20 5.64969e-33 8.64693e-14 2.86048e-06 1.74183e-20 1.44078e-21 2.05941e-20 2.50684e-21 2.41731e-20 4.13059e-21 2.64815e-20 5.3939e-21 2.82188e-20 6.44874e-21 2.96269e-20 7.36355e-21 3.08112e-20 8.17716e-21 3.18461e-20 8.913e-21 3.27634e-20 9.58694e-21 3.35952e-20 1.02099e-20 3.43518e-20 1.07907e-20 3.50441e-20 1.13355e-20 3.56826e-20 1.18487e-20 3.62782e-20 1.23351e-20 3.68415e-20 1.2797e-20 3.73726e-20 1.32375e-20 3.78822e-20 1.36592e-20 3.83485e-20 1.40631e-20 3.88042e-20 1.44516e-20 3.92383e-20 1.48258e-20 3.96508e-20 1.51864e-20
1360.67 6.05524e-20 6.05524e-20 4.62611e-33 7.63985e-14 1.23558e-07 1.35089e-20 1.16319e-21 1.59289e-20 2.00804e-21 1.86536e-20 3.28062e-21 2.04101e-20 4.26314e-21 2.17315e-20 5.08007e-21 2.28022e-20 5.78662e-21 2.37027e-20 6.41378e-21 2.44895e-20 6.98014e-21 2.51868e-20 7.49826e-21 2.58189e-20 7.9767e-21 2.6394e-20 8.42246e-21 2.69201e-20 8.84027e-21 2.74054e-20 9.23365e-21 2.7858e-20 9.60625e-21 2.8286e-20 9.95998e-21 2.86896e-20 1.02972e-20 2.90767e-20 1.06198e-20 2.94311e-20 1.09288e-20 2.97773e-20 1.12259e-20 3.01071e-20 1.1512e-20 3.04205e-20 1.17876e-20
1430.51 5.61653e-20 5.61653e-20 3.7879e-33 6.74419e-14 2.78258e-06 1.04733e-20 9.38109e-22 1.23182e-20 1.60669e-21 1.43936e-20 2.60282e-21 1.57307e-20 3.36623e-21 1.67364e-20 3.99846e-21 1.75512e-20 4.54384e-21 1.82362e-20 5.02705e-21 1.88347e-20 5.46282e-21 1.93651e-20 5.86104e-21 1.9846e-20 6.22842e-21 2.02834e-20 6.57048e-21 2.06835e-20 6.89088e-21 2.10525e-20 7.19239e-21 2.13966e-20 7.47783e-21 2.17221e-20 7.74871e-21 2.2029e-20 8.00683e-21 2.23234e-20 8.25374e-21 2.25928e-20 8.49013e-21 2.2856e-20 8.71738e-21 2.31067e-20 8.93611e-21 2.3345e-20 9.1468e-21
1503.94 5.21005e-20 5.21005e-20 3.10173e-33 5.95337e-14 -2.82609e-06 8.11141e-21 7.55221e-22 9.51742e-21 1.28318e-21 1.10979e-20 2.06143e-21 1.21157e-20 2.65364e-21 1.28809e-20 3.14223e-21 1.35008e-20 3.56268e-21 1.4022e-20 3.93457e-21 1.44772e-20 4.26951e-21 1.48806e-20 4.57528e-21 1.52463e-20 4.85715e-21 1.55789e-20 5.11941e-21 1.58832e-20 5.36492e-21 1.61638e-20 5.59584e-21 1.64255e-20 5.81436e-21 1.6673e-20 6.02165e-21 1.69063e-20 6.21912e-21 1.71301e-20 6.40795e-21 1.73349e-20 6.58869e-21 1.75351e-20 6.7624e-21 1.77257e-20 6.92955e-21 1.79068e-20 7.09054e-21
1581.14 4.83785e-20 4.83785e-20 2.53972e-33 5.24969e-14 -7.00307e-07 6.28179e-21 6.07457e-22 7.35403e-21 1.02388e-21 8.55849e-21 1.63135e-21 9.33378e-21 2.09048e-21 9.91658e-21 2.46792e-21 1.03886e-20 2.79198e-21 1.07854e-20 3.07816e-21 1.11319e-20 3.3356e-21 1.1439e-20 3.5704e-21 1.17174e-20 3.78667e-21 1.19705e-20 3.98778e-21 1.22021e-20 4.17594e-21 1.24157e-20 4.35284e-21 1.26148e-20 4.52018e-21 1.28032e-20 4.67887e-21 1.29807e-20 4.82998e-21 1.3151e-20 4.97445e-21 1.33069e-20 5.11269e-21 1.34592e-20 5.24552e-21 1.36042e-20 5.37332e-21 1.37421e-20 5.49638e-21
1662.3 4.49146e-20 4.49146e-20 2.07982e-33 4.6306e-14 -9.67017e-07 4.85917e-21 4.87606e-22 5.67648e-21 8.15308e-22 6.59399e-21 1.28853e-21 7.18434e-21 1.64388e-21 7.62802e-21 1.93503e-21 7.98729e-21 2.18447e-21 8.28928e-21 2.40442e-21 8.55304e-21 2.60207e-21 8.78673e-21 2.78218e-21 8.99854e-21 2.94796e-21 9.19118e-21 3.10203e-21 9.36738e-21 3.24611e-21 9.52987e-21 3.38151e-21 9.68139e-21 3.50955e-21 9.82469e-21 3.63092e-21 9.95975e-21 3.74647e-21 1.00893e-20 3.85692e-21 1.02079e-20 3.96258e-21 1.03237e-20 4.06408e-21 1.04341e-20 4.16172e-21 1.05389e-20 4.25572e-21
1747.63 4.17461e-20 4.17461e-20 1.70298e-33 4.07937e-14 -1.76353e-07 3.75944e-21 3.91119e-22 4.38295e-21 6.48762e-22 5.08252e-21 1.01718e-21 5.53246e-21 1.29213e-21 5.87056e-21 1.5167e-21 6.1443e-21 1.70871e-21 6.37437e-21 1.8778e-21 6.5753e-21 2.02958e-21 6.75331e-21 2.16777e-21 6.91465e-21 2.2949e-21 7.06138e-21 2.41298e-21 7.19558e-21 2.52336e-21 7.31933e-21 2.62705e-21 7.43473e-21 2.72506e-21 7.54386e-21 2.81795e-21 7.64672e-21 2.90636e-21 7.7454e-21 2.99085e-21 7.8357e-21 3.07165e-21 7.92392e-21 3.14927e-21 8.00794e-21 3.22391e-21 8.08778e-21 3.29576e-21
1837.33 3.88034e-20 3.88034e-20 1.39453e-33 3.59382e-14 7.23539e-07 2.90619e-21 3.13166e-22 3.38176e-21 5.15337e-22 3.91507e-21 8.01706e-22 4.25797e-21 1.01418e-21 4.51558e-21 1.1872e-21 4.72414e-21 1.33487e-21 4.8994e-21 1.46475e-21 5.05246e-21 1.58122e-21 5.18806e-21 1.68719e-21 5.31094e-21 1.78461e-21 5.4227e-21 1.87505e-21 5.5249e-21 1.95956e-21 5.61916e-21 2.03892e-21 5.70704e-21 2.11392e-21 5.79015e-21 2.18498e-21 5.86848e-21 2.25259e-21 5.94363e-21 2.31719e-21 6.01239e-21 2.37896e-21 6.07956e-21 2.43828e-21 6.14355e-21 2.49533e-21 6.20434e-21 2.55023e-21
1931.64 3.61035e-20 3.61035e-20 1.14203e-33 3.16323e-14 3.29054e-08 2.2469e-21 2.50539e-22 2.60991e-21 4.09032e-22 3.01679e-21 6.31494e-22 3.27833e-21 7.95641e-22 3.47479e-21 9.28943e-22 3.63381e-21 1.04252e-21 3.76744e-21 1.14229e-21 3.88414e-21 1.23168e-21 3.98751e-21 1.31296e-21 4.08119e-21 1.38765e-21 4.16638e-21 1.45695e-21 4.24429e-21 1.52168e-21 4.31613e-21 1.58245e-21 4.38312e-21 1.63986e-21 4.44647e-21 1.69424e-21 4.50618e-21 1.74598e-21 4.56345e-21 1.79539e-21 4.61586e-21 1.84264e-21 4.66706e-21 1.88801e-21 4.71583e-21 1.93163e-21 4.76217e-21 1.9736e-21
2030.79 3.35465e-20 3.35465e-20 9.35269e-34 2.78798e-14 -2.78992e-06 1.73348e-21 1.99809e-22 2.01014e-21 3.23665e-22 2.3201e-21 4.95996e-22 2.51929e-21 6.22493e-22 2.66888e-21 7.24956e-22 2.78997e-21 8.12119e-22 2.89171e-21 8.88601e-22 2.98055e-21 9.57076e-22 3.05924e-21 1.0193e-21 3.13055e-21 1.07644e-21 3.1954e-21 1.12944e-21 3.25471e-21 1.17893e-21 3.3094e-21 1.22538e-21 3.36039e-21 1.26925e-21 3.4086e-21 1.31079e-21 3.45405e-21 1.35031e-21 3.49764e-21 1.38805e-21 3.53753e-21 1.42412e-21 3.5765e-21 1.45876e-21 3.61362e-21 1.49205e-21 3.64888e-21 1.52409e-21
2135.03 3.10984e-20 3.10984e-20 7.65835e-34 2.46262e-14 -2.1138e-06 1.33328e-21 1.58702e-22 1.5436e-21 2.55094e-22 1.77915e-21 3.88097e-22 1.93047e-21 4.85248e-22 2.04411e-21 5.63753e-22 2.13608e-21 6.30438e-22 2.21335e-21 6.88892e-22 2.28082e-21 7.41188e-22 2.34059e-21 7.88681e-22 2.39474e-21 8.32277e-22 2.44399e-21 8.72701e-22 2.48903e-21 9.10434e-22 2.53055e-21 9.45835e-22 2.56927e-21 9.79266e-22 2.60589e-21 1.01092e-21 2.64039e-21 1.04102e-21 2.67349e-21 1.06976e-21 2.70378e-21 1.09723e-21 2.73337e-21 1.1236e-21 2.76155e-21 1.14895e-21 2.78833e-21 1.17334e-21
2244.63 2.88148e-20 2.88148e-20 6.27068e-34 2.1762e-14 1.58686e-06 1.02425e-21 1.25771e-22 1.18402e-21 2.00626e-22 1.36291e-21 3.0309e-22 1.4778e-21 3.77592e-22 1.56408e-21 4.37662e-22 1.63389e-21 4.88618e-22 1.69255e-21 5.33244e-22 1.74376e-21 5.73141e-22 1.78912e-21 6.09355e-22 1.83023e-21 6.42584e-22 1.8676e-21 6.73384e-22 1.90179e-21 7.02125e-22 1.9333e-21 7.29084e-22 1.96269e-21 7.54537e-22 1.99047e-21 7.7863e-22 2.01666e-21 8.01539e-22 2.04178e-21 8.23412e-22 2.06476e-21 8.44315e-22 2.08722e-21 8.64379e-22 2.1086e-21 8.83662e-22 2.12892e-21 9.02212e-22
2359.84 2.67083e-20 2.67083e-20 5.13459e-34 1.92247e-14 -7.81983e-06 7.86593e-22 9.95385e-23 9.08e-22 1.57594e-22 1.04388e-21 2.36464e-22 1.13114e-21 2.93564e-22 1.19665e-21 3.39509e-22 1.24967e-21 3.78434e-22 1.2942e-21 4.12495e-22 1.33309e-21 4.42928e-22 1.36753e-21 4.70537e-22 1.39873e-21 4.95862e-22 1.42711e-21 5.19328e-22 1.45306e-21 5.4122e-22 1.47698e-21 5.61749e-22 1.49929e-21 5.81128e-22 1.52039e-21 5.99468e-22 1.54026e-21 6.16905e-22 1.55933e-21 6.3355e-22 1.57678e-21 6.49456e-22 1.59383e-21 6.64721e-22 1.61006e-21 6.79392e-22 1.62548e-21 6.93503e-22
2480.97 2.47495e-20 2.47495e-20 4.20481e-34 1.69895e-14 4.69646e-06 6.03545e-22 7.86262e-23 6.95759e-22 1.23572e-22 7.98938e-22 1.84195e-22 8.65185e-22 2.27909e-22 9.14917e-22 2.63016e-22 9.55158e-22 2.92725e-22 9.88963e-22 3.18702e-22 1.01848e-21 3.41898e-22 1.04461e-21 3.62933e-22 1.0683e-21 3.8222e-22 1.08983e-21 4.00087e-22 1.10953e-21 4.16752e-22 1.12769e-21 4.32376e-22 1.14462e-21 4.47121e-22 1.16062e-21 4.61075e-22 1.17571e-21 4.74339e-22 1.19018e-21 4.86999e-22 1.20342e-21 4.99096e-22 1.21636e-21 5.10705e-22 1.22867e-21 5.2186e-22 1.24038e-21 5.32589e-22
2608.32 2.29367e-20 2.29367e-20 3.44285e-34 1.50103e-14 3.68393e-06 4.62866e-22 6.20129e-23 5.32905e-22 9.67621e-23 6.11253e-22 1.43314e-22 6.61548e-22 1.76757e-22 6.99302e-22 2.03569e-22 7.29848e-22 2.26234e-22 7.55508e-22 2.46037e-22 7.7791e-22 2.63711e-22 7.97749e-22 2.79733e-22 8.15726e-22 2.94418e-22 8.32071e-22 3.08019e-22 8.47018e-22 3.20701e-22 8.60799e-22 3.32589e-22 8.73647e-22 3.43808e-22 8.85796e-22 3.54422e-22 8.97245e-22 3.6451e-22 9.08228e-22 3.74138e-22 9.18277e-22 3.83337e-22 9.28093e-22 3.92163e-22 9.37442e-22 4.00645e-22 9.46325e-22 4.08801e-22
2742.21 2.12534e-20 2.12534e-20 2.81921e-34 1.32648e-14 3.82896e-06 3.54722e-22 4.88247e-23 4.07905e-22 7.56491e-23 4.67382e-22 1.11356e-22 5.05558e-22 1.36918e-22 5.34211e-22 1.57378e-22 5.57394e-22 1.74658e-22 5.76867e-22 1.89746e-22 5.93867e-22 2.03206e-22 6.08923e-22 2.15402e-22 6.22564e-22 2.26578e-22 6.34968e-22 2.36926e-22 6.46309e-22 2.46573e-22 6.56766e-22 2.55615e-22 6.66516e-22 2.64146e-22 6.75734e-22 2.72217e-22 6.84421e-22 2.79887e-22 6.92755e-22 2.87206e-22 7.0038e-22 2.94198e-22 7.07828e-22 3.00907e-22 7.14922e-22 3.07353e-22 7.21661e-22 3.13551e-22
2882.97 1.96967e-20 1.96967e-20 2.30812e-34 1.17183e-14 2.88369e-06 2.71742e-22 3.83877e-23 3.12127e-22 5.90707e-23 3.57281e-22 8.64371e-23 3.86261e-22 1.05966e-22 4.0801e-22 1.21574e-22 4.25606e-22 1.34743e-22 4.40386e-22 1.46236e-22 4.53288e-22 1.56484e-22 4.64714e-22 1.65767e-22 4.75067e-22 1.7427e-22 4.8448e-22 1.82143e-22 4.93087e-22 1.8948e-22 5.01023e-22 1.96357e-22 5.08422e-22 2.02844e-22 5.15417e-22 2.0898e-22 5.2201e-22 2.1481e-22 5.28334e-22 2.20374e-22 5.3412e-22 2.25689e-22 5.39772e-22 2.30788e-22 5.45155e-22 2.35687e-22 5.50269e-22 2.40397e-22
3030.95 1.82555e-20 1.82555e-20 1.88999e-34 1.0353e-14 -1.26781e-05 2.08086e-22 3.01391e-23 2.38752e-22 4.60683e-23 2.73034e-22 6.70264e-23 2.95032e-22 8.19377e-23 3.11542e-22 9.38389e-23 3.24897e-22 1.03873e-22 3.36115e-22 1.12624e-22 3.45908e-22 1.20425e-22 3.5458e-22 1.27488e-22 3.62437e-22 1.33958e-22 3.69581e-22 1.39945e-22 3.76114e-22 1.45526e-22 3.82136e-22 1.50754e-22 3.87751e-22 1.55686e-22 3.9306e-22 1.60351e-22 3.98064e-22 1.64783e-22 4.02863e-22 1.69012e-22 4.07254e-22 1.73051e-22 4.11543e-22 1.76926e-22 4.15629e-22 1.80649e-22 4.1951e-22 1.84228e-22
3186.53 1.69191e-20 1.69191e-20 1.54745e-34 9.14618e-15 4.81881e-06 1.59258e-22 2.36273e-23 1.82541e-22 3.58807e-23 2.08565e-22 5.19176e-23 2.25263e-22 6.32962e-23 2.37793e-22 7.23664e-23 2.4793e-22 8.00079e-23 2.56444e-22 8.66693e-23 2.63875e-22 9.26047e-23 2.70457e-22 9.7978e-23 2.7642e-22 1.02898e-22 2.81841e-22 1.07451e-22 2.86798e-22 1.11694e-22 2.91369e-22 1.15669e-22 2.9563e-22 1.19417e-22 2.99659e-22 1.22962e-22 3.03455e-22 1.26331e-22 3.07097e-22 1.29544e-22 3.10429e-22 1.32614e-22 3.13684e-22 1.35558e-22 3.16784e-22 1.38386e-22 3.19729e-22 1.41106e-22
3350.09 1.568e-20 1.568e-20 1.267e-34 8.08034e-15 -3.93614e-06 1.21829e-22 1.84957e-23 1.39505e-22 2.79109e-23 1.59258e-22 4.01728e-23 1.71931e-22 4.88508e-23 1.81441e-22 5.57604e-23 1.89134e-22 6.15776e-23 1.95595e-22 6.66465e-23 2.01234e-22 7.11613e-23 2.06229e-22 7.52477e-23 2.10754e-22 7.89887e-23 2.14868e-22 8.24499e-23 2.18629e-22 8.56747e-23 2.22098e-22 8.86955e-23 2.25331e-22 9.15443e-23 2.28388e-22 9.42382e-23 2.31269e-22 9.67975e-23 2.34032e-22 9.92391e-23 2.36561e-22 1.01571e-22 2.39031e-22 1.03808e-22 2.41383e-22 1.05956e-22 2.43618e-22 1.08022e-22
3522.05 1.45261e-20 1.45261e-20 1.03754e-34 7.14261e-15 1.42048e-05 9.31212e-23 1.44533e-23 1.06534e-22 2.16776e-23 1.21521e-22 3.10431e-23 1.31136e-22 3.76558e-23 1.3835e-22 4.29154e-23 1.44185e-22 4.73408e-23 1.49086e-22 5.11953e-23 1.53364e-22 5.46274e-23 1.57153e-22 5.77331e-23 1.60585e-22 6.05758e-23 1.63706e-22 6.32055e-23 1.66559e-22 6.56553e-23 1.6919e-22 6.79499e-23 1.71642e-22 7.01136e-23 1.73961e-22 7.21596e-23 1.76146e-22 7.41031e-23 1.78242e-22 7.59571e-23 1.8016e-22 7.77277e-23 1.82033e-22 7.9426e-23 1.83817e-22 8.10572e-23 1.85512e-22 8.26255e-23
3702.84 1.34625e-20 1.34625e-20 8.49464e-35 6.30987e-15 1.39124e-05 7.11775e-23 1.12839e-23 8.13588e-23 1.68241e-23 9.27339e-23 2.39758e-23 1.0003e-22 2.90145e-23 1.05505e-22 3.30184e-23 1.09933e-22 3.63853e-23 1.13653e-22 3.93167e-23 1.16899e-22 4.19262e-23 1.19774e-22 4.42871e-23 1.22378e-22 4.64476e-23 1.24746e-22 4.8446e-23 1.26911e-22 5.03075e-23 1.28907e-22 5.20508e-23 1.30768e-22 5.36946e-23 1.32528e-22 5.52488e-23 1.34186e-22 5.67252e-23 1.35776e-22 5.81334e-23 1.37231e-22 5.94782e-23 1.38653e-22 6.07681e-23 1.40006e-22 6.20069e-23 1.41293e-22 6.3198e-23
3892.91 1.24762e-20 1.24762e-20 6.95477e-35 5.57442e-15 3.4926e-06 5.43817e-23 8.79796e-24 6.21094e-23 1.30427e-23 7.07421e-23 1.85005e-23 7.62791e-23 2.23382e-23 8.04334e-23 2.5385e-23 8.37937e-23 2.79458e-23 8.66157e-23 3.01746e-23 8.9079e-23 3.21582e-23 9.12603e-23 3.39524e-23 9.32365e-23 3.55941e-23 9.50331e-23 3.71125e-23 9.66759e-23 3.85266e-23 9.81905e-23 3.98509e-23 9.96024e-23 4.10995e-23 1.00937e-22 4.228e-23 1.02195e-22 4.34013e-23 1.03402e-22 4.44708e-23 1.04506e-22 4.5492e-23 1.05585e-22 4.64715e-23 1.06612e-22 4.74122e-23 1.07588e-22 4.83166e-23
4092.73 1.15628e-20 1.15628e-20 5.69397e-35 4.92438e-15 -3.45058e-06 4.15362e-23 6.85156e-24 4.74014e-23 1.01013e-23 5.39529e-23 1.42644e-23 5.81548e-23 1.71864e-23 6.13073e-23 1.95043e-23 6.38571e-23 2.14517e-23 6.59985e-23 2.3146e-23 6.78677e-23 2.46536e-23 6.95228e-23 2.60169e-23 7.10223e-23 2.72643e-23 7.23856e-23 2.84178e-23 7.36321e-23 2.9492e-23 7.47812e-23 3.0498e-23 7.58526e-23 3.14463e-23 7.68655e-23 3.23428e-23 7.78201e-23 3.31943e-23 7.87357e-23 3.40065e-23 7.95734e-23 3.4782e-23 8.03917e-23 3.55258e-23 8.1171e-23 3.62401e-23 8.19114e-23 3.69268e-23
4302.81 1.07161e-20 1.07161e-20 4.6617e-35 4.35018e-15 -9.35178e-06 3.17135e-23 5.32937e-24 3.61649e-23 7.81534e-24 4.11367e-23 1.09893e-23 4.43253e-23 1.32133e-23 4.67174e-23 1.49763e-23 4.86522e-23 1.64568e-23 5.02771e-23 1.77445e-23 5.16953e-23 1.88901e-23 5.29511e-23 1.99259e-23 5.40889e-23 2.08735e-23 5.51233e-23 2.17497e-23 5.60691e-23 2.25656e-23 5.6941e-23 2.33296e-23 5.77539e-23 2.40498e-23 5.85224e-23 2.47306e-23 5.92466e-23 2.53772e-23 5.99413e-23 2.59939e-23 6.0577e-23 2.65827e-23 6.11978e-23 2.71474e-23 6.17891e-23 2.76897e-23 6.23508e-23 2.82111e-23
4523.68 9.93188e-21 9.93188e-21 3.81659e-35 3.84277e-15 6.17964e-06 2.42069e-23 4.14081e-24 2.75854e-23 6.04129e-24 3.13584e-23 8.46015e-24 3.3778e-23 1.01525e-23 3.55932e-23 1.14931e-23 3.70614e-23 1.26185e-23 3.82943e-23 1.35971e-23 3.93705e-23 1.44675e-23 4.03234e-23 1.52544e-23 4.11867e-23 1.59742e-23 4.19716e-23 1.66397e-23 4.26892e-23 1.72593e-23 4.33508e-23 1.78395e-23 4.39675e-23 1.83864e-23 4.45507e-23 1.89034e-23 4.51002e-23 1.93943e-23 4.56273e-23 1.98626e-23 4.61096e-23 2.03097e-23 4.65806e-23 2.07384e-23 4.70293e-23 2.11502e-23 4.74555e-23 2.1546e-23
4755.88 9.20323e-21 9.20323e-21 3.12456e-35 3.39507e-15 2.00839e-05 1.84678e-23 3.21317e-24 2.10313e-23 4.66481e-24 2.3894e-23 6.50711e-24 2.57297e-23 7.79426e-24 2.71068e-23 8.8133e-24 2.82206e-23 9.66838e-24 2.9156e-23 1.04118e-23 2.99724e-23 1.10729e-23 3.06953e-23 1.16705e-23 3.13502e-23 1.22171e-23 3.19456e-23 1.27224e-23 3.249e-23 1.31929e-23 3.29919e-23 1.36334e-23 3.34598e-23 1.40485e-23 3.39022e-23 1.4441e-23 3.4319e-23 1.48137e-23 3.47189e-23 1.51691e-23 3.50847e-23 1.55085e-23 3.54421e-23 1.58339e-23 3.57824e-23 1.61464e-23 3.61057e-23 1.64468e-23
5000 8.52953e-21 8.52953e-21 2.55814e-35 2.99915e-15 -1.74346e-05 1.40877e-23 2.49115e-24 1.60331e-23 3.59948e-24 1.82054e-23 5.00236e-24 1.95983e-23 5.98126e-24 2.06432e-23 6.75583e-24 2.14884e-23 7.40556e-24 2.21981e-23 7.97033e-24 2.28175e-23 8.47248e-24 2.3366e-23 8.92637e-24 2.38629e-23 9.34145e-24 2.43147e-23 9.72515e-24 2.47277e-23 1.00824e-23 2.51085e-23 1.04168e-23 2.54635e-23 1.0732e-23 2.57991e-23 1.103e-23 2.61154e-23 1.13129e-23 2.64188e-23 1.15828e-23 2.66964e-23 1.18404e-23 2.69675e-23 1.20874e-23 2.72257e-23 1.23247e-23 2.7471e-23 1.25527e-23
