# 0.00137126 4 101 : grain size, compostion index, size index
# This grain was stochastically heated: No
# Heating and cooling timescale: 1.31237e-05 inf
# Ratio of heating to cooling to determine stochastic cutoff: 100
# Equilibrium emission is recorded even for those grains in the stochastic regime.
# Emission spectrum was computed for: 
# Type: IRSF
# Scale: 1
# Temperature: -1
# Wavelength  CExt  CAbs  CSca  Albedo G EqEmission StEmission
0.05 1.18876e-05 5.02331e-06 6.86433e-06 0.577434 0.931898 0 0
0.0525665 1.18907e-05 4.97997e-06 6.91069e-06 0.581186 0.926109 0 0
0.0552647 1.18939e-05 4.90767e-06 6.98623e-06 0.587379 0.91725 0 0
0.0581015 1.18977e-05 4.79792e-06 7.09978e-06 0.596736 0.903473 0 0
0.0610839 1.1902e-05 4.68751e-06 7.21448e-06 0.606157 0.888026 0 0
0.0642193 1.19066e-05 4.61072e-06 7.29589e-06 0.61276 0.875464 0 0
0.0675157 1.19113e-05 4.56782e-06 7.34351e-06 0.616515 0.866603 0 0
0.0709813 1.19161e-05 4.55256e-06 7.36357e-06 0.61795 0.861016 0 0
0.0746248 1.1921e-05 4.56031e-06 7.36069e-06 0.617456 0.858297 0 0
0.0784553 1.19258e-05 4.59406e-06 7.33171e-06 0.614779 0.85894 0 0
0.0824824 1.19302e-05 4.66458e-06 7.26561e-06 0.60901 0.864479 0 0
0.0867162 1.19341e-05 4.69435e-06 7.23975e-06 0.606644 0.867458 0 0
0.0911674 1.19392e-05 4.65345e-06 7.28571e-06 0.610237 0.860954 0 0
0.095847 1.19446e-05 4.64914e-06 7.29543e-06 0.610774 0.857665 0 0
0.100767 1.19496e-05 4.66457e-06 7.28507e-06 0.609648 0.857198 0 0
0.105939 1.19542e-05 4.7131e-06 7.24111e-06 0.605737 0.861114 0 0
0.111377 1.19585e-05 4.76289e-06 7.19559e-06 0.601714 0.86618 0 0
0.117094 1.1963e-05 4.79584e-06 7.16718e-06 0.599111 0.869357 0 0
0.123105 1.19678e-05 4.81875e-06 7.14901e-06 0.597356 0.87136 0 0
0.129424 1.19727e-05 4.83339e-06 7.13927e-06 0.596297 0.872335 0 0
0.136067 1.19778e-05 4.8389e-06 7.13893e-06 0.596012 0.872094 0 0
0.143051 1.19831e-05 4.82996e-06 7.15316e-06 0.596936 0.869767 0 0
0.150394 1.19877e-05 4.8481e-06 7.1396e-06 0.595577 0.870996 0 0
0.158114 1.1992e-05 4.90069e-06 7.09135e-06 0.591338 0.877442 0 0
0.16623 1.19969e-05 4.96038e-06 7.03655e-06 0.58653 0.885276 0 0
0.174762 1.20025e-05 5.01372e-06 6.98875e-06 0.582276 0.892386 0 0
0.183733 1.20084e-05 5.06144e-06 6.94697e-06 0.578509 0.898746 0 0
0.193164 1.20147e-05 5.1024e-06 6.91233e-06 0.575321 0.904142 0 0
0.203079 1.20214e-05 5.13785e-06 6.88355e-06 0.572608 0.90873 0 0
0.213503 1.20283e-05 5.16964e-06 6.85867e-06 0.57021 0.912763 0 0
0.224463 1.20355e-05 5.19684e-06 6.83871e-06 0.568209 0.916104 0 0
0.235984 1.2043e-05 5.21909e-06 6.82389e-06 0.566628 0.918702 0 0
0.248097 1.20507e-05 5.23706e-06 6.81365e-06 0.565415 0.920656 0 0
0.260832 1.20586e-05 5.2525e-06 6.80611e-06 0.564419 0.922219 0 0
0.274221 1.20669e-05 5.26638e-06 6.80049e-06 0.563567 0.923526 0 0
0.288297 1.20753e-05 5.27893e-06 6.79642e-06 0.562834 0.92461 0 0
0.303095 1.20841e-05 5.29042e-06 6.7937e-06 0.562201 0.925512 0 0
0.318653 1.20932e-05 5.30127e-06 6.79193e-06 0.561632 0.926288 0 0
0.335009 1.21026e-05 5.31152e-06 6.79106e-06 0.561125 0.926944 0 0
0.352205 1.21122e-05 5.32145e-06 6.79078e-06 0.560655 0.927517 0 0
0.370284 1.21222e-05 5.33113e-06 6.79111e-06 0.560219 0.928016 0 0
0.389291 1.21326e-05 5.34044e-06 6.79212e-06 0.559826 0.928423 0 0
0.409273 1.21433e-05 5.34957e-06 6.79371e-06 0.559462 0.928764 0 0
0.430281 1.21543e-05 5.35884e-06 6.79547e-06 0.559099 0.929083 0 0
0.452368 1.21657e-05 5.36783e-06 6.79787e-06 0.558773 0.929318 0 0
0.475588 1.21775e-05 5.37696e-06 6.80052e-06 0.558451 0.929526 0 0
0.5 1.21897e-05 5.3862e-06 6.80347e-06 0.558134 0.929704 0 0
0.525665 1.22023e-05 5.39564e-06 6.80662e-06 0.557816 0.929858 0 0
0.552647 1.22153e-05 5.40542e-06 6.80985e-06 0.557486 0.930008 0 0
0.581015 1.22287e-05 5.41495e-06 6.81375e-06 0.557193 0.93007 0 0
0.610839 1.22426e-05 5.42488e-06 6.81772e-06 0.556885 0.930133 0 0
0.642193 1.22569e-05 5.43525e-06 6.82168e-06 0.556557 0.930196 0 0
0.675157 1.22718e-05 5.44585e-06 6.82594e-06 0.55623 0.930233 0 0
0.709813 1.22871e-05 5.45673e-06 6.83037e-06 0.555898 0.930245 0 0
0.746248 1.23028e-05 5.46803e-06 6.83477e-06 0.555546 0.93025 0 0
0.784553 1.23193e-05 5.47981e-06 6.83944e-06 0.555183 0.930254 0 0
0.824824 1.23366e-05 5.49188e-06 6.84469e-06 0.554829 0.930233 0 0
0.867162 1.2354e-05 5.50433e-06 6.84971e-06 0.554451 0.930187 0 0
0.911674 1.23721e-05 5.51725e-06 6.85489e-06 0.554058 0.930134 0 0
0.95847 1.23911e-05 5.53063e-06 6.86052e-06 0.553663 0.930067 0 0
1.00767 1.24109e-05 5.54452e-06 6.86633e-06 0.553252 0.929995 0 0
1.05939 1.24312e-05 5.55896e-06 6.87221e-06 0.552821 0.929917 0 0
1.11377 1.24515e-05 5.57393e-06 6.87755e-06 0.552348 0.92982 0 0
1.17094 1.24698e-05 5.58946e-06 6.88034e-06 0.55176 0.929692 0 0
1.23105 1.24892e-05 5.6055e-06 6.88369e-06 0.551172 0.929555 0 0
1.29424 1.2517e-05 5.62213e-06 6.89484e-06 0.550839 0.929489 0 0
1.36067 1.25458e-05 5.63899e-06 6.90682e-06 0.550528 0.929374 0 0
1.43051 1.25565e-05 5.65658e-06 6.89996e-06 0.549511 0.929077 0 0
1.50394 1.25886e-05 5.67436e-06 6.91421e-06 0.549245 0.928945 0 0
1.58114 1.26234e-05 5.69259e-06 6.93084e-06 0.549046 0.928818 0 0
1.6623 1.26253e-05 5.71123e-06 6.91403e-06 0.547635 0.928313 0 0
1.74762 1.269e-05 5.73007e-06 6.95992e-06 0.548457 0.928412 0 0
1.83733 1.26754e-05 5.74983e-06 6.9256e-06 0.54638 0.927676 0 0
1.93164 1.27548e-05 5.76915e-06 6.98565e-06 0.547688 0.927832 0 0
2.03079 1.27233e-05 5.7893e-06 6.93396e-06 0.544983 0.926775 0 0
2.13503 1.28306e-05 5.80954e-06 7.02108e-06 0.547213 0.927165 0 0
2.24463 1.278e-05 5.83023e-06 6.94974e-06 0.5438 0.925828 0 0
2.35984 1.28909e-05 5.85076e-06 7.04016e-06 0.546133 0.926042 0 0
2.48097 1.28887e-05 5.87178e-06 7.01694e-06 0.544425 0.925106 1.71819e-290 0
2.60832 1.28825e-05 5.89198e-06 6.99052e-06 0.542637 0.924119 4.56743e-276 0
2.74221 1.30488e-05 5.91492e-06 7.13393e-06 0.546709 0.924875 2.3713e-262 0
2.88297 1.29433e-05 5.93644e-06 7.00681e-06 0.541349 0.922549 2.60208e-249 0
3.03095 1.30093e-05 5.95968e-06 7.04962e-06 0.541891 0.92186 6.51407e-237 0
3.18653 1.32081e-05 5.98147e-06 7.22663e-06 0.547136 0.922936 3.99659e-225 0
3.35009 1.30695e-05 6.00568e-06 7.06385e-06 0.540482 0.920339 6.44128e-214 0
3.52205 1.30545e-05 6.02869e-06 7.02583e-06 0.538191 0.918997 2.90896e-203 0
3.70284 1.33622e-05 6.05369e-06 7.30848e-06 0.546953 0.920532 3.91919e-193 0
3.89291 1.33628e-05 6.07723e-06 7.2856e-06 0.545214 0.918385 1.67022e-183 0
4.09273 1.31081e-05 6.0898e-06 7.01827e-06 0.535416 0.913311 2.37785e-174 0
4.30281 1.32854e-05 6.11935e-06 7.16604e-06 0.539393 0.914333 1.19845e-165 0
4.52368 1.36926e-05 6.13341e-06 7.5592e-06 0.552064 0.917878 2.23807e-157 0
4.75588 1.36225e-05 6.17285e-06 7.44969e-06 0.546865 0.916033 1.63611e-149 0
5 1.3217e-05 6.20549e-06 7.01153e-06 0.530492 0.908862 4.87695e-142 0
5.25665 1.33725e-05 6.22802e-06 7.14444e-06 0.534265 0.907618 6.18972e-135 0
5.52648 1.40083e-05 6.27549e-06 7.73285e-06 0.552017 0.912693 3.50587e-128 0
5.81015 1.40982e-05 6.33017e-06 7.76803e-06 0.550994 0.913506 9.19587e-122 0
6.10839 1.34966e-05 6.39276e-06 7.10382e-06 0.526342 0.909106 1.15964e-115 0
6.42193 1.33882e-05 6.46549e-06 6.92274e-06 0.517076 0.912253 7.29121e-110 0
6.75157 1.43162e-05 6.56771e-06 7.74845e-06 0.541238 0.924696 2.37097e-104 0
7.09813 1.45432e-05 6.67849e-06 7.8647e-06 0.540782 0.921414 4.10657e-99 0
7.46248 1.33956e-05 6.89696e-06 6.49868e-06 0.485134 0.907359 3.96249e-94 0
7.84553 1.40405e-05 6.97488e-06 7.06565e-06 0.503232 0.95378 2.11555e-89 0
8.24824 1.27325e-05 6.73335e-06 5.99919e-06 0.47117 0.947002 6.26262e-85 0
8.67162 1.30042e-05 6.5878e-06 6.41641e-06 0.49341 0.921362 1.12096e-80 0
9.11674 1.35579e-05 6.42835e-06 7.12955e-06 0.52586 0.88148 1.22411e-76 0
9.5847 1.41299e-05 6.46357e-06 7.66633e-06 0.542561 0.850083 8.63223e-73 0
10.0767 1.4417e-05 6.55095e-06 7.86602e-06 0.545609 0.836374 3.93327e-69 0
10.5939 1.46305e-05 6.59682e-06 8.03366e-06 0.549104 0.822997 1.16675e-65 0
11.1377 1.47099e-05 6.69035e-06 8.01953e-06 0.54518 0.819999 2.33125e-62 0
11.7094 1.47673e-05 6.78218e-06 7.98511e-06 0.540729 0.81849 3.17558e-59 0
12.3105 1.48111e-05 6.89896e-06 7.91209e-06 0.534202 0.819836 3.01674e-56 0
12.9424 1.48616e-05 7.05794e-06 7.80363e-06 0.525088 0.824952 2.0388e-53 0
13.6067 1.4934e-05 7.27467e-06 7.65936e-06 0.51288 0.834469 9.98828e-51 0
14.3051 1.50279e-05 7.53163e-06 7.4963e-06 0.498824 0.847831 3.59345e-48 0
15.0394 1.50526e-05 7.68573e-06 7.36686e-06 0.489408 0.85174 9.46039e-46 0
15.8114 1.50805e-05 7.73838e-06 7.3421e-06 0.486861 0.847378 1.851e-43 0
16.623 1.51421e-05 7.72919e-06 7.4129e-06 0.489556 0.83624 2.74409e-41 0
17.4762 1.52852e-05 7.7009e-06 7.58433e-06 0.496187 0.819518 3.14027e-39 0
18.3733 1.55044e-05 7.67634e-06 7.82804e-06 0.504892 0.80008 2.81753e-37 0
19.3164 1.57307e-05 7.66119e-06 8.0695e-06 0.512978 0.781182 2.00704e-35 0
20.3079 1.58945e-05 7.66737e-06 8.22712e-06 0.517608 0.766034 1.14991e-33 0
21.3503 1.60195e-05 7.69803e-06 8.32146e-06 0.519459 0.754295 5.35816e-32 0
22.4463 1.61474e-05 7.74226e-06 8.40519e-06 0.520527 0.743425 2.0486e-30 0
23.5984 1.6267e-05 7.81159e-06 8.45536e-06 0.519788 0.733686 6.49856e-29 0
24.8097 1.63689e-05 7.86779e-06 8.50108e-06 0.519344 0.72238 1.71797e-27 0
26.0832 1.64526e-05 7.92083e-06 8.53175e-06 0.518566 0.710741 3.82307e-26 0
27.4221 1.65481e-05 7.97645e-06 8.57165e-06 0.517984 0.699064 7.22762e-25 0
28.8297 1.66704e-05 8.05683e-06 8.6136e-06 0.516699 0.688319 1.17325e-23 0
30.3095 1.68001e-05 8.1562e-06 8.64389e-06 0.514514 0.677719 1.64657e-22 0
31.8653 1.69078e-05 8.26343e-06 8.6444e-06 0.511266 0.666228 2.00936e-21 0
33.5009 1.69778e-05 8.34423e-06 8.63355e-06 0.508521 0.651671 2.13798e-20 0
35.2206 1.70318e-05 8.41432e-06 8.61751e-06 0.505965 0.634922 2.00044e-19 0
37.0284 1.70973e-05 8.48163e-06 8.61569e-06 0.503921 0.616752 1.65777e-18 0
38.9291 1.7202e-05 8.57097e-06 8.63104e-06 0.501746 0.598869 1.22756e-17 0
40.9273 1.73523e-05 8.6986e-06 8.65375e-06 0.498708 0.582339 8.18241e-17 0
43.0282 1.75341e-05 8.87329e-06 8.66076e-06 0.49394 0.567387 4.94001e-16 0
45.2368 1.7715e-05 9.06772e-06 8.64731e-06 0.488134 0.552366 2.70606e-15 0
47.5588 1.78652e-05 9.25892e-06 8.60626e-06 0.481734 0.535771 1.34801e-14 0
50 1.79377e-05 9.40148e-06 8.53626e-06 0.475883 0.514975 6.10524e-14 0
52.5665 1.7929e-05 9.48315e-06 8.44585e-06 0.471072 0.48849 2.52248e-13 0
55.2648 1.78783e-05 9.51343e-06 8.36484e-06 0.467878 0.454978 9.55806e-13 0
58.1015 1.79121e-05 9.54882e-06 8.36331e-06 0.466908 0.415167 3.35474e-12 0
61.0839 1.81937e-05 9.65336e-06 8.54032e-06 0.469411 0.372142 1.10207e-11 0
64.2193 1.88228e-05 9.83279e-06 8.99006e-06 0.477614 0.32893 3.402e-11 0
67.5157 1.98029e-05 1.00272e-05 9.77566e-06 0.493649 0.287546 9.83887e-11 0
70.9813 2.10352e-05 1.01687e-05 1.08665e-05 0.516588 0.249457 2.65662e-10 0
74.6248 2.23461e-05 1.02535e-05 1.20926e-05 0.54115 0.216331 6.71684e-10 0
78.4553 2.34878e-05 1.03394e-05 1.31484e-05 0.559797 0.190124 1.60405e-09 0
82.4824 2.422e-05 1.05097e-05 1.37103e-05 0.566074 0.174101 3.65722e-09 0
86.7162 2.44454e-05 1.0842e-05 1.36034e-05 0.556481 0.17314 8.0367e-09 0
91.1674 2.41596e-05 1.13093e-05 1.28503e-05 0.531892 0.192561 1.70008e-08 0
95.847 2.31745e-05 1.16174e-05 1.15571e-05 0.4987 0.234123 3.37989e-08 0
100.767 2.10163e-05 1.11727e-05 9.84355e-06 0.468377 0.287896 6.01743e-08 0
105.939 1.76432e-05 9.69766e-06 7.94551e-06 0.450345 0.331033 9.26847e-08 0
111.377 1.38694e-05 7.67477e-06 6.19463e-06 0.44664 0.347055 1.25035e-07 0
117.094 1.05466e-05 5.77346e-06 4.77318e-06 0.452578 0.336723 1.54315e-07 0
123.105 7.97674e-06 4.29099e-06 3.68575e-06 0.462062 0.311064 1.8144e-07 0
129.424 6.0851e-06 3.22085e-06 2.86425e-06 0.470699 0.280134 2.0812e-07 0
136.067 4.69461e-06 2.45363e-06 2.24099e-06 0.477352 0.249583 2.34437e-07 0
143.051 3.67486e-06 1.91069e-06 1.76417e-06 0.480065 0.22126 2.61624e-07 0
150.394 2.90514e-06 1.50933e-06 1.39581e-06 0.480463 0.196215 2.87479e-07 0
158.114 2.32629e-06 1.2181e-06 1.1082e-06 0.476379 0.174047 3.13715e-07 0
166.23 1.87545e-06 9.92738e-07 8.82715e-07 0.470668 0.154741 3.36528e-07 0
174.763 1.52124e-06 8.15421e-07 7.05818e-07 0.463976 0.137947 3.54624e-07 0
183.733 1.24743e-06 6.81871e-07 5.65555e-07 0.453378 0.123127 3.71284e-07 0
193.164 1.02702e-06 5.72984e-07 4.54041e-07 0.442094 0.110109 3.81679e-07 0
203.079 8.49823e-07 4.84509e-07 3.65313e-07 0.42987 0.0986398 3.86228e-07 0
213.503 7.08795e-07 4.14237e-07 2.94557e-07 0.415575 0.0884897 3.8697e-07 0
224.463 5.92298e-07 3.5449e-07 2.37808e-07 0.401501 0.0794848 3.80428e-07 0
235.984 4.98151e-07 3.0595e-07 1.92201e-07 0.38583 0.0714537 3.70119e-07 0
248.097 4.19993e-07 2.64311e-07 1.55682e-07 0.370678 0.0643487 3.54018e-07 0
260.832 3.52829e-07 2.26653e-07 1.26176e-07 0.357612 0.0579567 3.30428e-07 0
274.221 2.96988e-07 1.9469e-07 1.02298e-07 0.344452 0.0521957 3.03967e-07 0
288.297 2.51558e-07 1.68585e-07 8.29734e-08 0.329838 0.0470002 2.77583e-07 0
303.095 2.13563e-07 1.46165e-07 6.7398e-08 0.315589 0.0423489 2.50136e-07 0
318.653 1.83116e-07 1.28345e-07 5.47704e-08 0.299103 0.0381652 2.25149e-07 0
335.009 1.56765e-07 1.1224e-07 4.45244e-08 0.284021 0.0344057 1.9921e-07 0
352.206 1.34323e-07 9.80989e-08 3.62241e-08 0.269679 0.0310289 1.73987e-07 0
370.284 1.16547e-07 8.70502e-08 2.94972e-08 0.253092 0.0279934 1.52484e-07 0
389.291 1.00971e-07 7.69475e-08 2.40239e-08 0.237928 0.0252592 1.31655e-07 0
409.273 8.79456e-08 6.8376e-08 1.95696e-08 0.222519 0.0227949 1.13082e-07 0
430.282 7.70691e-08 6.11132e-08 1.59559e-08 0.207033 0.0205779 9.67336e-08 0
452.368 6.75552e-08 5.45419e-08 1.30133e-08 0.192632 0.0185798 8.18618e-08 0
475.588 5.97362e-08 4.91209e-08 1.06153e-08 0.177703 0.0167796 6.9297e-08 0
500 5.27532e-08 4.4093e-08 8.66022e-09 0.164165 0.0151553 5.79859e-08 0
525.665 4.6998e-08 3.99255e-08 7.07247e-09 0.150484 0.0136949 4.85657e-08 0
552.648 4.18777e-08 3.61023e-08 5.7754e-09 0.137911 0.0123755 4.03236e-08 0
581.015 3.75414e-08 3.28254e-08 4.71601e-09 0.125622 0.0111833 3.34343e-08 0
610.838 3.36925e-08 2.98398e-08 3.85271e-09 0.114349 0.0101086 2.75377e-08 0
642.193 3.03728e-08 2.72236e-08 3.14911e-09 0.103682 0.00913994 2.26251e-08 0
675.157 2.74681e-08 2.48944e-08 2.57371e-09 0.093698 0.00826401 1.8526e-08 0
709.813 2.49215e-08 2.28183e-08 2.1032e-09 0.0843929 0.00747191 1.51244e-08 0
746.247 2.26635e-08 2.09436e-08 1.71984e-09 0.075886 0.00675718 1.23021e-08 0
784.553 2.066e-08 1.92536e-08 1.4064e-09 0.0680735 0.00611096 9.97533e-09 0
824.824 1.88702e-08 1.77202e-08 1.14998e-09 0.0609416 0.00552702 8.06226e-09 0
867.162 1.72386e-08 1.62983e-08 9.40332e-10 0.054548 0.00499924 6.48489e-09 0
911.674 1.5748e-08 1.49786e-08 7.6944e-10 0.0488595 0.00452308 5.1918e-09 0
958.471 1.44166e-08 1.37871e-08 6.29545e-10 0.0436681 0.00409277 4.14786e-09 0
1007.67 1.319e-08 1.2675e-08 5.14975e-10 0.0390428 0.00370313 3.29857e-09 0
1059.39 1.21208e-08 1.16995e-08 4.21343e-10 0.034762 0.00335036 2.62528e-09 0
1113.77 1.1122e-08 1.07771e-08 3.4483e-10 0.0310044 0.00303149 2.07894e-09 0
1170.94 1.01859e-08 9.90373e-09 2.82143e-10 0.0276994 0.0027428 1.63772e-09 0
1231.05 9.33103e-09 9.10019e-09 2.30842e-10 0.0247392 0.00248206 1.28662e-09 0
1294.24 8.59368e-09 8.40471e-09 1.88971e-10 0.0219896 0.00224629 1.01345e-09 0
1360.67 7.90751e-09 7.75283e-09 1.54675e-10 0.0195605 0.00203276 7.95443e-10 0
1430.51 7.26132e-09 7.13475e-09 1.26576e-10 0.0174315 0.00183946 6.21506e-10 0
1503.94 6.65707e-09 6.55349e-09 1.03577e-10 0.0155589 0.00166454 4.8369e-10 0
1581.14 6.1556e-09 6.0708e-09 8.48019e-11 0.0137764 0.00150638 3.78905e-10 0
1662.3 5.68276e-09 5.61334e-09 6.94119e-11 0.0122145 0.00136316 2.95739e-10 0
1747.63 5.23588e-09 5.17908e-09 5.68013e-11 0.0108485 0.00123348 2.29933e-10 0
1837.33 4.81373e-09 4.76723e-09 4.64949e-11 0.00965882 0.00111625 1.78066e-10 0
1931.64 4.4146e-09 4.37653e-09 3.80678e-11 0.00862316 0.00101025 1.37327e-10 0
2030.79 4.05258e-09 4.02142e-09 3.1159e-11 0.0076887 0.000914217 1.05853e-10 0
2135.03 3.74526e-09 3.71976e-09 2.54961e-11 0.00680756 0.000827157 8.2026e-11 0
2244.63 3.45453e-09 3.43365e-09 2.08751e-11 0.00604282 0.000748536 6.33523e-11 0
2359.84 3.17891e-09 3.16182e-09 1.70895e-11 0.00537589 0.000677367 4.87526e-11 0
2480.97 2.91882e-09 2.90484e-09 1.39868e-11 0.00479193 0.000612926 3.73896e-11 0
2608.32 2.69764e-09 2.68619e-09 1.14476e-11 0.00424356 0.000554661 2.88324e-11 0
2742.21 2.48912e-09 2.47974e-09 9.37441e-12 0.00376616 0.000502023 2.21734e-11 0
2882.96 2.29118e-09 2.2835e-09 7.67472e-12 0.00334968 0.000454354 1.69943e-11 0
3030.95 2.10826e-09 2.10198e-09 6.28146e-12 0.00297945 0.000411171 1.30083e-11 0
3186.53 1.95359e-09 1.94845e-09 5.14215e-12 0.00263215 0.000372073 1.00188e-11 0
3350.09 1.8068e-09 1.80259e-09 4.21029e-12 0.00233025 0.000336715 7.69506e-12 0
3522.05 1.66735e-09 1.6639e-09 3.44644e-12 0.00206702 0.000304698 5.89263e-12 0
3702.84 1.53482e-09 1.532e-09 2.82042e-12 0.00183762 0.000275706 4.49782e-12 0
3892.91 1.40911e-09 1.4068e-09 2.30953e-12 0.001639 0.00024952 3.42175e-12 0
4092.73 1.29747e-09 1.29558e-09 1.89087e-12 0.00145735 0.000225806 2.60905e-12 0
4302.81 1.20032e-09 1.19878e-09 1.54766e-12 0.00128936 0.000204322 1.99757e-12 0
4523.68 1.10801e-09 1.10674e-09 1.26669e-12 0.00114321 0.000184881 1.52515e-12 0
4755.88 1.02037e-09 1.01934e-09 1.03725e-12 0.00101654 0.000167316 1.16106e-12 0
5000 9.37701e-10 9.36852e-10 8.49154e-13 0.000905571 0.000151409 8.81579e-13 0
