# 1.52857e-05 1 58 : grain size, compostion index, size index
# Heating and cooling timescale: 0.0147248 441312
# Ratio of heating to cooling to determine stochastic cutoff: 100
# Equilibrium emission is recorded even for those grains in the stochastic regime.
# Emission spectrum was computed for: 
# Type: IRSF
# Scales: 0.25 0.5 1 1.5 2 2.5 3 3.5 4 4.5 5 5.5 6 6.5 7 7.5 8 8.5 9 9.5 10
# StochasticallyHeated: 0 0 0 0 0 0 0 0 0 0 0 0 0 0 0 0 0 0 0 0 0
# Temperature: -1
# Wavelength  CExt  CAbs  CSca  Albedo G EqEm1 StEm1 EqEm2 StEm2 EqEm3 StEm3 EqEm4 StEm4 EqEm5 StEm5 EqEm6 StEm6 EqEm7 StEm7 EqEm8 StEm8 EqEm9 StEm9 EqEm10 StEm10 EqEm11 StEm11 EqEm12 StEm12 EqEm13 StEm13 EqEm14 StEm14 EqEm15 StEm15 EqEm16 StEm16 EqEm17 StEm17 EqEm18 StEm18 EqEm19 StEm19 EqEm20 StEm20 EqEm21 StEm21
0.05 1.57001e-09 5.63075e-10 1.00694e-09 0.641356 0.853608 0 0 0 0 0 0 0 0 0 0 0 0 0 0 0 0 0 0 0 0 0 0 0 0 0 0 0 0 0 0 0 0 0 0 0 0 0 0 0 0 0 0
0.0525665 1.58487e-09 5.64838e-10 1.02003e-09 0.643607 0.841554 0 0 0 0 0 0 0 0 0 0 0 0 0 0 0 0 0 0 0 0 0 0 0 0 0 0 0 0 0 0 0 0 0 0 0 0 0 0 0 0 0 0
0.0552647 1.60057e-09 5.69567e-10 1.031e-09 0.644147 0.831483 0 0 0 0 0 0 0 0 0 0 0 0 0 0 0 0 0 0 0 0 0 0 0 0 0 0 0 0 0 0 0 0 0 0 0 0 0 0 0 0 0 0
0.0581015 1.6147e-09 5.77351e-10 1.03735e-09 0.642441 0.825099 0 0 0 0 0 0 0 0 0 0 0 0 0 0 0 0 0 0 0 0 0 0 0 0 0 0 0 0 0 0 0 0 0 0 0 0 0 0 0 0 0 0
0.0610839 1.62891e-09 5.78609e-10 1.0503e-09 0.644788 0.8166 0 0 0 0 0 0 0 0 0 0 0 0 0 0 0 0 0 0 0 0 0 0 0 0 0 0 0 0 0 0 0 0 0 0 0 0 0 0 0 0 0 0
0.0642193 1.65111e-09 5.7081e-10 1.0803e-09 0.654288 0.799723 0 0 0 0 0 0 0 0 0 0 0 0 0 0 0 0 0 0 0 0 0 0 0 0 0 0 0 0 0 0 0 0 0 0 0 0 0 0 0 0 0 0
0.0675157 1.68386e-09 5.70712e-10 1.11315e-09 0.661069 0.781747 0 0 0 0 0 0 0 0 0 0 0 0 0 0 0 0 0 0 0 0 0 0 0 0 0 0 0 0 0 0 0 0 0 0 0 0 0 0 0 0 0 0
0.0709813 1.71902e-09 5.93238e-10 1.12578e-09 0.654898 0.775457 0 0 0 0 0 0 0 0 0 0 0 0 0 0 0 0 0 0 0 0 0 0 0 0 0 0 0 0 0 0 0 0 0 0 0 0 0 0 0 0 0 0
0.0746248 1.74875e-09 6.23967e-10 1.12478e-09 0.643192 0.776607 0 0 0 0 0 0 0 0 0 0 0 0 0 0 0 0 0 0 0 0 0 0 0 0 0 0 0 0 0 0 0 0 0 0 0 0 0 0 0 0 0 0
0.0784553 1.7706e-09 6.53333e-10 1.11727e-09 0.631011 0.780566 0 0 0 0 0 0 0 0 0 0 0 0 0 0 0 0 0 0 0 0 0 0 0 0 0 0 0 0 0 0 0 0 0 0 0 0 0 0 0 0 0 0
0.0824824 1.78403e-09 6.79213e-10 1.10482e-09 0.619281 0.784589 0 0 0 0 0 0 0 0 0 0 0 0 0 0 0 0 0 0 0 0 0 0 0 0 0 0 0 0 0 0 0 0 0 0 0 0 0 0 0 0 0 0
0.0867162 1.79706e-09 6.93074e-10 1.10399e-09 0.614329 0.782123 0 0 0 0 0 0 0 0 0 0 0 0 0 0 0 0 0 0 0 0 0 0 0 0 0 0 0 0 0 0 0 0 0 0 0 0 0 0 0 0 0 0
0.0911674 1.81441e-09 7.03063e-10 1.11135e-09 0.612512 0.776321 0 0 0 0 0 0 0 0 0 0 0 0 0 0 0 0 0 0 0 0 0 0 0 0 0 0 0 0 0 0 0 0 0 0 0 0 0 0 0 0 0 0
0.095847 1.82697e-09 7.15636e-10 1.11133e-09 0.608293 0.773068 0 0 0 0 0 0 0 0 0 0 0 0 0 0 0 0 0 0 0 0 0 0 0 0 0 0 0 0 0 0 0 0 0 0 0 0 0 0 0 0 0 0
0.100767 1.822e-09 7.37618e-10 1.08439e-09 0.595161 0.780125 0 0 0 0 0 0 0 0 0 0 0 0 0 0 0 0 0 0 0 0 0 0 0 0 0 0 0 0 0 0 0 0 0 0 0 0 0 0 0 0 0 0
0.105939 1.81525e-09 7.57821e-10 1.05743e-09 0.582526 0.790395 0 0 0 0 0 0 0 0 0 0 0 0 0 0 0 0 0 0 0 0 0 0 0 0 0 0 0 0 0 0 0 0 0 0 0 0 0 0 0 0 0 0
0.111377 1.79668e-09 7.91737e-10 1.00495e-09 0.559335 0.811611 0 0 0 0 0 0 0 0 0 0 0 0 0 0 0 0 0 0 0 0 0 0 0 0 0 0 0 0 0 0 0 0 0 0 0 0 0 0 0 0 0 0
0.117094 1.79832e-09 8.39065e-10 9.59258e-10 0.533418 0.838752 0 0 0 0 0 0 0 0 0 0 0 0 0 0 0 0 0 0 0 0 0 0 0 0 0 0 0 0 0 0 0 0 0 0 0 0 0 0 0 0 0 0
0.123105 1.80891e-09 8.75946e-10 9.32965e-10 0.515761 0.858316 0 0 0 0 0 0 0 0 0 0 0 0 0 0 0 0 0 0 0 0 0 0 0 0 0 0 0 0 0 0 0 0 0 0 0 0 0 0 0 0 0 0
0.129424 1.82029e-09 9.1246e-10 9.07826e-10 0.498727 0.875098 0 0 0 0 0 0 0 0 0 0 0 0 0 0 0 0 0 0 0 0 0 0 0 0 0 0 0 0 0 0 0 0 0 0 0 0 0 0 0 0 0 0
0.136067 1.81888e-09 9.36722e-10 8.82161e-10 0.485002 0.880752 0 0 0 0 0 0 0 0 0 0 0 0 0 0 0 0 0 0 0 0 0 0 0 0 0 0 0 0 0 0 0 0 0 0 0 0 0 0 0 0 0 0
0.143051 1.8332e-09 9.36319e-10 8.96882e-10 0.489244 0.890158 0 0 0 0 0 0 0 0 0 0 0 0 0 0 0 0 0 0 0 0 0 0 0 0 0 0 0 0 0 0 0 0 0 0 0 0 0 0 0 0 0 0
0.150394 1.76306e-09 9.2041e-10 8.42652e-10 0.477948 0.900019 0 0 0 0 0 0 0 0 0 0 0 0 0 0 0 0 0 0 0 0 0 0 0 0 0 0 0 0 0 0 0 0 0 0 0 0 0 0 0 0 0 0
0.158114 1.67757e-09 9.06257e-10 7.71318e-10 0.459781 0.898683 0 0 0 0 0 0 0 0 0 0 0 0 0 0 0 0 0 0 0 0 0 0 0 0 0 0 0 0 0 0 0 0 0 0 0 0 0 0 0 0 0 0
0.16623 1.64889e-09 8.89155e-10 7.59733e-10 0.460755 0.881295 0 0 0 0 0 0 0 0 0 0 0 0 0 0 0 0 0 0 0 0 0 0 0 0 0 0 0 0 0 0 0 0 0 0 0 0 0 0 0 0 0 0
0.174762 1.69808e-09 8.73182e-10 8.24903e-10 0.485784 0.851389 0 0 0 0 0 0 0 0 0 0 0 0 0 0 0 0 0 0 0 0 0 0 0 0 0 0 0 0 0 0 0 0 0 0 0 0 0 0 0 0 0 0
0.183733 1.7726e-09 8.59051e-10 9.13548e-10 0.515372 0.81486 0 0 0 0 0 0 0 0 0 0 0 0 0 0 0 0 0 0 0 0 0 0 0 0 0 0 0 0 0 0 0 0 0 0 0 0 0 0 0 0 0 0
0.193164 1.87235e-09 8.50097e-10 1.02225e-09 0.545972 0.781361 0 0 0 0 0 0 0 0 0 0 0 0 0 0 0 0 0 0 0 0 0 0 0 0 0 0 0 0 0 0 0 0 0 0 0 0 0 0 0 0 0 0
0.203079 1.98564e-09 8.55719e-10 1.12992e-09 0.569047 0.759574 0 0 0 0 0 0 0 0 0 0 0 0 0 0 0 0 0 0 0 0 0 0 0 0 0 0 0 0 0 0 0 0 0 0 0 0 0 0 0 0 0 0
0.213503 2.08255e-09 8.64821e-10 1.21773e-09 0.584729 0.742544 0 0 0 0 0 0 0 0 0 0 0 0 0 0 0 0 0 0 0 0 0 0 0 0 0 0 0 0 0 0 0 0 0 0 0 0 0 0 0 0 0 0
0.224463 2.15365e-09 8.70867e-10 1.28278e-09 0.595632 0.728528 0 0 0 0 0 0 0 0 0 0 0 0 0 0 0 0 0 0 0 0 0 0 0 0 0 0 0 0 0 0 0 0 0 0 0 0 0 0 0 0 0 0
0.235984 2.17074e-09 8.61073e-10 1.30967e-09 0.603327 0.712404 0 0 0 0 0 0 0 0 0 0 0 0 0 0 0 0 0 0 0 0 0 0 0 0 0 0 0 0 0 0 0 0 0 0 0 0 0 0 0 0 0 0
0.248097 2.14193e-09 8.47598e-10 1.29434e-09 0.604284 0.697376 0 0 0 0 0 0 0 0 0 0 0 0 0 0 0 0 0 0 0 0 0 0 0 0 0 0 0 0 0 0 0 0 0 0 0 0 0 0 0 0 0 0
0.260832 2.11578e-09 8.56277e-10 1.25951e-09 0.595291 0.689123 0 0 0 0 0 0 0 0 0 0 0 0 0 0 0 0 0 0 0 0 0 0 0 0 0 0 0 0 0 0 0 0 0 0 0 0 0 0 0 0 0 0
0.274221 2.09118e-09 8.72447e-10 1.21873e-09 0.582796 0.680905 0 0 0 0 0 0 0 0 0 0 0 0 0 0 0 0 0 0 0 0 0 0 0 0 0 0 0 0 0 0 0 0 0 0 0 0 0 0 0 0 0 0
0.288297 2.07782e-09 8.9921e-10 1.17861e-09 0.567235 0.676382 0 0 0 0 0 0 0 0 0 0 0 0 0 0 0 0 0 0 0 0 0 0 0 0 0 0 0 0 0 0 0 0 0 0 0 0 0 0 0 0 0 0
0.303095 2.07905e-09 9.22845e-10 1.15621e-09 0.556122 0.671583 0 0 0 0 0 0 0 0 0 0 0 0 0 0 0 0 0 0 0 0 0 0 0 0 0 0 0 0 0 0 0 0 0 0 0 0 0 0 0 0 0 0
0.318653 2.08898e-09 9.48813e-10 1.14017e-09 0.545801 0.667954 0 0 0 0 0 0 0 0 0 0 0 0 0 0 0 0 0 0 0 0 0 0 0 0 0 0 0 0 0 0 0 0 0 0 0 0 0 0 0 0 0 0
0.335009 2.10503e-09 9.77394e-10 1.12764e-09 0.535687 0.664511 0 0 0 0 0 0 0 0 0 0 0 0 0 0 0 0 0 0 0 0 0 0 0 0 0 0 0 0 0 0 0 0 0 0 0 0 0 0 0 0 0 0
0.352205 2.12116e-09 1.00338e-09 1.11778e-09 0.526966 0.658332 0 0 0 0 0 0 0 0 0 0 0 0 0 0 0 0 0 0 0 0 0 0 0 0 0 0 0 0 0 0 0 0 0 0 0 0 0 0 0 0 0 0
0.370284 2.13288e-09 1.02276e-09 1.11011e-09 0.520476 0.647435 0 0 0 0 0 0 0 0 0 0 0 0 0 0 0 0 0 0 0 0 0 0 0 0 0 0 0 0 0 0 0 0 0 0 0 0 0 0 0 0 0 0
0.389291 2.14095e-09 1.03509e-09 1.10586e-09 0.516528 0.631382 0 0 0 0 0 0 0 0 0 0 0 0 0 0 0 0 0 0 0 0 0 0 0 0 0 0 0 0 0 0 0 0 0 0 0 0 0 0 0 0 0 0
0.409273 2.15374e-09 1.04577e-09 1.10797e-09 0.514441 0.612574 0 0 0 0 0 0 0 0 0 0 0 0 0 0 0 0 0 0 0 0 0 0 0 0 0 0 0 0 0 0 0 0 0 0 0 0 0 0 0 0 0 0
0.430281 2.17946e-09 1.05977e-09 1.11969e-09 0.513745 0.593515 0 0 0 0 0 0 0 0 0 0 0 0 0 0 0 0 0 0 0 0 0 0 0 0 0 0 0 0 0 0 0 0 0 0 0 0 0 0 0 0 0 0
0.452368 2.22845e-09 1.07839e-09 1.15006e-09 0.516081 0.577471 0 0 0 0 0 0 0 0 0 0 0 0 0 0 0 0 0 0 0 0 0 0 0 0 0 0 0 0 0 0 0 0 0 0 0 0 0 0 0 0 0 0
0.475588 2.2965e-09 1.10005e-09 1.19645e-09 0.520988 0.565999 0 0 0 0 0 0 0 0 0 0 0 0 0 0 0 0 0 0 0 0 0 0 0 0 0 0 0 0 0 0 0 0 0 0 0 0 0 0 0 0 0 0
0.5 2.36623e-09 1.12222e-09 1.24401e-09 0.525733 0.558142 0 0 0 0 0 0 0 0 0 0 0 0 0 0 0 0 0 0 0 0 0 0 0 0 0 0 0 0 0 0 0 0 0 0 0 0 0 0 0 0 0 0
0.525665 2.4225e-09 1.13867e-09 1.28383e-09 0.52996 0.545987 0 0 0 0 0 0 0 0 0 0 0 0 0 0 0 0 0 0 0 0 0 0 0 0 0 0 0 0 0 0 0 0 0 0 0 0 0 0 0 0 0 0
0.552648 2.45031e-09 1.12539e-09 1.32492e-09 0.540714 0.518011 0 0 0 0 0 0 0 0 0 0 0 0 0 0 0 0 0 0 0 0 0 0 0 0 0 0 0 0 0 0 0 0 0 0 0 0 0 0 0 0 0 0
0.581015 2.42534e-09 1.06792e-09 1.35741e-09 0.55968 0.475484 0 0 0 0 0 0 0 0 0 0 0 0 0 0 0 0 0 0 0 0 0 0 0 0 0 0 0 0 0 0 0 0 0 0 0 0 0 0 0 0 0 0
0.610839 2.41183e-09 1.00515e-09 1.40668e-09 0.583241 0.431063 0 0 0 0 0 0 0 0 0 0 0 0 0 0 0 0 0 0 0 0 0 0 0 0 0 0 0 0 0 0 0 0 0 0 0 0 0 0 0 0 0 0
0.642193 2.4411e-09 9.67087e-10 1.47401e-09 0.603831 0.391798 0 0 0 0 0 0 0 0 0 0 0 0 0 0 0 0 0 0 0 0 0 0 0 0 0 0 0 0 0 0 0 0 0 0 0 0 0 0 0 0 0 0
0.675157 2.5067e-09 9.60745e-10 1.54595e-09 0.616729 0.360968 0 0 0 0 0 0 0 0 0 0 0 0 0 0 0 0 0 0 0 0 0 0 0 0 0 0 0 0 0 0 0 0 0 0 0 0 0 0 0 0 0 0
0.709813 2.58155e-09 9.78674e-10 1.60288e-09 0.620897 0.34082 0 0 0 0 0 0 0 0 0 0 0 0 0 0 0 0 0 0 0 0 0 0 0 0 0 0 0 0 0 0 0 0 0 0 0 0 0 0 0 0 0 0
0.746248 2.60158e-09 9.96353e-10 1.60522e-09 0.61702 0.328957 0 0 0 0 0 0 0 0 0 0 0 0 0 0 0 0 0 0 0 0 0 0 0 0 0 0 0 0 0 0 0 0 0 0 0 0 0 0 0 0 0 0
0.784553 2.50712e-09 9.80123e-10 1.527e-09 0.609065 0.31642 0 0 0 0 0 0 0 0 0 0 0 0 0 0 0 0 0 0 0 0 0 0 0 0 0 0 0 0 0 0 0 0 0 0 0 0 0 0 0 0 0 0
0.824824 2.34155e-09 9.40125e-10 1.40143e-09 0.598504 0.292818 0 0 0 0 0 0 0 0 0 0 0 0 0 0 0 0 0 0 0 0 0 0 0 0 0 0 0 0 0 0 0 0 0 0 0 0 0 0 0 0 0 0
0.867162 2.19275e-09 9.05337e-10 1.28741e-09 0.587122 0.258931 0 0 0 0 0 0 0 0 0 0 0 0 0 0 0 0 0 0 0 0 0 0 0 0 0 0 0 0 0 0 0 0 0 0 0 0 0 0 0 0 0 0
0.911674 2.07621e-09 8.8328e-10 1.19293e-09 0.574571 0.222662 0 0 0 0 0 0 0 0 0 0 0 0 0 0 0 0 0 0 0 0 0 0 0 0 0 0 0 0 0 0 0 0 0 0 0 0 0 0 0 0 0 0
0.95847 1.97672e-09 8.70454e-10 1.10626e-09 0.559646 0.189541 0 0 0 0 0 0 0 0 0 0 0 0 0 0 0 0 0 0 0 0 0 0 0 0 0 0 0 0 0 0 0 0 0 0 0 0 0 0 0 0 0 0
1.00767 1.87482e-09 8.56985e-10 1.01784e-09 0.542898 0.160982 0 0 0 0 0 0 0 0 0 0 0 0 0 0 0 0 0 0 0 0 0 0 0 0 0 0 0 0 0 0 0 0 0 0 0 0 0 0 0 0 0 0
1.05939 1.76318e-09 8.39597e-10 9.23579e-10 0.523815 0.137279 0 0 0 0 0 0 0 0 0 0 0 0 0 0 0 0 0 0 0 0 0 0 0 0 0 0 0 0 0 0 0 0 0 0 0 0 0 0 0 0 0 0
1.11377 1.63801e-09 8.14038e-10 8.23971e-10 0.503032 0.117381 0 0 0 0 0 0 0 0 0 0 0 0 0 0 0 0 0 0 0 0 0 0 0 0 0 0 0 0 0 0 0 0 0 0 0 0 0 0 0 0 0 0
1.17094 1.50286e-09 7.81264e-10 7.21594e-10 0.480148 0.101173 0 0 0 0 0 0 0 0 0 0 0 0 0 0 0 0 0 0 0 0 0 0 0 0 0 0 0 0 0 0 0 0 0 0 0 0 0 0 0 0 0 0
1.23105 1.36231e-09 7.41362e-10 6.20951e-10 0.455806 0.0879422 0 0 0 0 0 0 0 0 0 0 0 0 0 0 0 0 0 0 0 0 0 0 0 0 0 0 0 0 0 0 0 0 0 0 0 0 0 0 0 0 0 0
1.29424 1.22243e-09 6.96174e-10 5.26254e-10 0.430499 0.0770269 0 0 0 0 0 0 0 0 0 0 0 0 0 0 0 0 0 0 0 0 0 0 0 0 0 0 0 0 0 0 0 0 0 0 0 0 0 0 0 0 0 0
1.36067 1.08811e-09 6.48135e-10 4.39977e-10 0.404349 0.0683132 0 0 0 0 0 0 0 0 0 0 0 0 0 0 0 0 0 0 0 0 0 0 0 0 0 0 0 0 0 0 0 0 0 0 0 0 0 0 0 0 0 0
1.43051 9.62819e-10 5.99026e-10 3.63794e-10 0.377842 0.0615234 0 0 0 0 0 0 0 0 0 0 0 0 0 0 0 0 0 0 0 0 0 0 0 0 0 0 0 0 0 0 0 0 0 0 0 0 0 0 0 0 0 0
1.50394 8.48633e-10 5.50228e-10 2.98404e-10 0.35163 0.0563395 0 0 0 0 0 0 0 0 0 0 0 0 0 0 0 0 0 0 0 0 0 0 0 0 0 0 0 0 0 0 0 0 0 0 0 0 0 0 0 0 0 0
1.58114 7.45975e-10 5.02663e-10 2.43312e-10 0.326167 0.0522035 0 0 0 0 0 0 0 0 0 0 0 0 0 0 0 0 0 0 0 0 0 0 0 0 0 0 0 0 0 0 0 0 0 0 0 0 0 0 0 0 0 0
1.6623 6.54735e-10 4.57126e-10 1.9761e-10 0.301816 0.0487004 0 0 0 0 0 0 0 0 0 0 0 0 0 0 0 0 0 0 0 0 0 0 0 0 0 0 0 0 0 0 0 0 0 0 0 0 0 0 0 0 0 0
1.74763 5.7447e-10 4.14349e-10 1.6012e-10 0.278727 0.0458244 0 0 0 0 0 0 0 0 0 0 0 0 0 0 0 0 0 0 0 0 0 0 0 0 0 0 0 0 0 0 0 0 0 0 0 0 0 0 0 0 0 0
1.83733 5.04102e-10 3.74569e-10 1.29534e-10 0.256959 0.0434695 0 0 0 0 0 0 0 0 0 0 0 0 0 0 0 0 0 0 0 0 0 0 0 0 0 0 0 0 0 0 0 0 0 0 0 0 0 0 0 0 0 0
1.93164 4.42515e-10 3.37841e-10 1.04674e-10 0.236543 0.0414001 0 0 0 0 0 0 0 0 0 0 0 0 0 0 0 0 0 0 0 0 0 0 0 0 0 0 0 0 0 0 0 0 0 0 0 0 0 0 0 0 0 0
2.03079 3.88748e-10 3.04199e-10 8.45495e-11 0.217491 0.0394628 0 0 0 0 0 0 0 0 0 0 0 0 0 0 0 0 0 0 0 0 0 0 0 0 0 0 0 0 0 0 0 0 0 0 0 0 0 0 0 0 0 0
2.13503 3.42046e-10 2.73666e-10 6.83798e-11 0.199914 0.0375697 0 0 0 0 0 0 0 0 0 0 0 0 0 0 0 0 0 0 0 0 0 0 0 0 0 0 0 0 0 0 0 0 0 0 0 0 0 0 0 0 0 0
2.24463 3.01346e-10 2.46035e-10 5.53111e-11 0.183547 0.0357513 0 0 0 0 0 0 0 0 0 0 0 0 0 0 0 0 0 0 0 0 0 0 0 0 0 0 0 0 0 0 0 0 0 0 0 0 0 0 0 0 0 0
2.35984 2.65838e-10 2.21085e-10 4.47536e-11 0.168349 0.0340119 0 0 0 0 0 0 0 0 0 0 0 0 0 0 0 0 0 0 0 0 0 0 0 0 0 0 0 0 0 0 0 0 0 0 0 0 0 0 0 0 0 0
2.48097 2.34886e-10 1.9865e-10 3.62368e-11 0.154274 0.0322588 0 0 0 0 0 0 0 0 0 0 0 0 0 0 0 0 0 0 0 0 0 0 0 0 0 0 0 0 0 0 0 0 0 0 0 0 0 0 0 0 0 0
2.60832 2.08029e-10 1.78631e-10 2.93972e-11 0.141313 0.030381 0 0 0 0 0 0 0 0 0 0 0 0 0 0 0 0 0 0 0 0 0 0 0 0 0 0 0 0 0 0 0 0 0 0 0 0 0 0 0 0 0 0
2.74221 1.84547e-10 1.60684e-10 2.38631e-11 0.129307 0.0285336 0 0 0 0 0 0 0 0 0 0 0 0 0 0 0 0 0 0 0 0 0 0 0 0 0 0 0 0 0 0 0 0 0 0 0 0 0 0 0 0 0 0
2.88297 1.63944e-10 1.44571e-10 1.93727e-11 0.118166 0.0268425 0 0 0 0 0 0 0 0 0 0 0 0 0 0 0 0 0 0 0 0 0 0 0 0 0 0 0 0 0 0 0 0 0 0 0 0 0 0 0 0 0 0
3.03095 1.45904e-10 1.30159e-10 1.5745e-11 0.107913 0.0252019 0 0 0 0 0 0 0 0 0 0 0 0 0 0 0 0 0 0 0 0 0 0 0 0 0 0 0 0 0 0 0 0 0 0 0 0 0 0 0 0 0 0
3.18653 1.30093e-10 1.17283e-10 1.281e-11 0.0984686 0.023562 0 0 0 0 0 0 0 0 0 0 0 0 0 0 0 0 0 0 0 0 0 0 0 0 0 0 0 0 0 0 0 0 0 0 0 0 0 0 0 0 0 0
3.35009 1.16176e-10 1.05749e-10 1.04268e-11 0.0897502 0.0219724 0 0 0 0 0 0 0 0 0 0 0 0 0 0 0 0 0 0 0 0 0 0 0 0 0 0 0 0 0 0 0 0 0 0 0 0 0 0 0 0 0 0
3.52205 1.03893e-10 9.54038e-11 8.48919e-12 0.0817109 0.0204741 0 0 0 0 0 0 0 0 0 0 0 0 0 0 0 0 0 0 0 0 0 0 0 0 0 0 0 0 0 0 0 0 0 0 0 0 0 0 0 0 0 0
3.70284 9.30686e-11 8.61487e-11 6.9199e-12 0.0743526 0.0190468 0 0 0 0 0 0 0 0 0 0 0 0 0 0 0 0 0 0 0 0 0 0 0 0 0 0 0 0 0 0 0 0 0 0 0 0 0 0 0 0 0 0
3.89291 8.3491e-11 7.78488e-11 5.64217e-12 0.0675781 0.0176819 0 0 0 0 0 0 0 0 0 0 0 0 0 0 0 0 0 0 0 0 0 0 0 0 0 0 0 0 0 0 0 0 0 0 0 0 0 0 0 0 0 0
4.09273 7.50276e-11 7.04251e-11 4.60248e-12 0.0613438 0.0162969 0 0 0 0 0 0 0 0 0 0 0 0 0 0 0 0 0 0 0 0 0 0 0 0 0 0 0 0 0 0 0 0 0 0 0 0 0 0 0 0 0 0
4.30281 6.7502e-11 6.37463e-11 3.75573e-12 0.0556389 0.0150112 0 0 0 0 0 0 0 0 0 0 0 0 0 0 0 0 0 0 0 0 0 0 0 0 0 0 0 0 0 0 0 0 0 0 0 0 0 0 0 0 0 0
4.52368 6.08123e-11 5.7745e-11 3.06734e-12 0.0504394 0.0138105 0 0 0 0 0 0 0 0 0 0 0 0 0 0 0 0 0 0 0 0 0 0 0 0 0 0 0 0 0 0 0 0 0 0 0 0 0 0 0 0 1.4013e-45 0
4.75588 5.48446e-11 5.23393e-11 2.50528e-12 0.0456795 0.0126819 0 0 0 0 0 0 0 0 0 0 0 0 0 0 0 0 0 0 0 0 0 0 0 0 0 0 0 0 0 0 1.4013e-45 0 4.2039e-45 0 1.26117e-44 0 3.08286e-44 0 7.28675e-44 0 1.59748e-43 0
5 4.95412e-11 4.74948e-11 2.04645e-12 0.041308 0.0115525 0 0 0 0 0 0 0 0 0 0 0 0 0 0 0 0 0 0 0 0 0 0 1.4013e-45 0 7.00649e-45 0 2.38221e-44 0 7.28675e-44 0 2.158e-43 0 5.77335e-43 0 1.43213e-42 0 3.36452e-42 0 7.64548e-42 0 1.62032e-41 0
5.25665 4.47824e-11 4.31097e-11 1.67275e-12 0.0373528 0.010508 0 0 0 0 0 0 0 0 0 0 0 0 0 0 0 0 1.4013e-45 0 8.40779e-45 0 4.48416e-44 0 1.96182e-43 0 7.49695e-43 0 2.55877e-42 0 7.52778e-42 0 2.12157e-41 0 5.42303e-41 0 1.28737e-40 0 2.90081e-40 0 6.33139e-40 0 1.29357e-39 0
5.52648 4.05062e-11 3.91385e-11 1.36768e-12 0.0337648 0.00956418 0 0 0 0 0 0 0 0 0 0 0 0 1.4013e-45 0 1.82169e-44 0 1.52742e-43 0 9.44475e-43 0 4.72097e-42 0 1.90675e-41 0 6.84226e-41 0 2.19865e-40 0 6.13545e-40 0 1.64389e-39 0 4.01383e-39 0 9.13458e-39 0 1.97823e-38 0 4.15629e-38 0 8.20063e-38 0
5.81015 3.66691e-11 3.55512e-11 1.11788e-12 0.0304857 0.00869579 0 0 0 0 0 0 0 0 0 0 9.80909e-45 0 1.87774e-43 0 2.02347e-42 0 1.4858e-41 0 8.38285e-41 0 3.87285e-40 0 1.461e-39 0 4.92551e-39 0 1.49505e-38 0 3.96813e-38 0 1.01324e-37 0 2.36849e-37 0 5.17804e-37 0 1.07987e-36 0 2.18804e-36 0 4.17626e-36 0
6.10839 3.32322e-11 3.23185e-11 9.13723e-13 0.0274951 0.00786441 0 0 0 0 0 0 0 0 3.50325e-44 0 1.13365e-42 0 1.7711e-41 0 1.70234e-40 0 1.134e-39 0 5.87946e-39 0 2.52073e-38 0 8.91239e-38 0 2.83155e-37 0 8.14114e-37 0 2.06024e-36 0 5.02538e-36 0 1.127e-35 0 2.37154e-35 0 4.77144e-35 0 9.34032e-35 0 1.72738e-34 0
6.42193 3.01128e-11 2.93657e-11 7.47062e-13 0.0248088 0.00720482 0 0 0 0 0 0 3.92364e-44 0 3.50745e-42 0 9.6457e-41 0 1.31708e-39 0 1.13354e-38 0 6.88326e-38 0 3.29324e-37 0 1.31506e-36 0 4.37155e-36 0 1.31267e-35 0 3.58445e-35 0 8.66896e-35 0 2.02447e-34 0 4.36455e-34 0 8.8567e-34 0 1.72214e-33 0 3.2624e-33 0 5.85497e-33 0
6.75157 2.73507e-11 2.67397e-11 6.11025e-13 0.0223404 0.00644441 0 0 0 0 7.00649e-45 0 3.8872e-42 0 2.78126e-40 0 6.50665e-39 0 7.81996e-38 0 6.05886e-37 0 3.36899e-36 0 1.49327e-35 0 5.57314e-35 0 1.74711e-34 0 4.97191e-34 0 1.29268e-33 0 2.9944e-33 0 6.70918e-33 0 1.39319e-32 0 2.73109e-32 0 5.14081e-32 0 9.4396e-32 0 1.64642e-31 0
7.09813 2.48497e-11 2.43501e-11 4.99587e-13 0.0201043 0.00578425 0 0 0 0 6.97847e-43 0 3.0169e-40 0 1.75205e-38 0 3.51412e-37 0 3.7406e-36 0 2.62249e-35 0 1.34104e-34 0 5.52725e-34 0 1.9344e-33 0 5.73507e-33 0 1.55084e-32 0 3.84835e-32 0 8.5562e-32 0 1.84304e-31 0 3.69301e-31 0 7.00543e-31 0 1.27855e-30 0 2.27906e-30 0 3.86854e-30 0
7.46248 2.26045e-11 2.21961e-11 4.08431e-13 0.0180686 0.00516938 0 0 1.4013e-45 0 5.80053e-41 0 1.86328e-38 0 8.8744e-37 0 1.53754e-35 0 1.45815e-34 0 9.29569e-34 0 4.38943e-33 0 1.68828e-32 0 5.55802e-32 0 1.56267e-31 0 4.02533e-31 0 9.55516e-31 0 2.04316e-30 0 4.23921e-30 0 8.21096e-30 0 1.50964e-29 0 2.67547e-29 0 4.63638e-29 0 7.66923e-29 0
7.84553 2.05989e-11 2.02648e-11 3.34095e-13 0.0162191 0.00456132 0 0 1.23314e-43 0 3.82446e-39 0 9.26803e-37 0 3.65535e-35 0 5.50984e-34 0 4.68183e-33 0 2.72657e-32 0 1.19352e-31 0 4.29835e-31 0 1.33509e-30 0 3.56894e-30 0 8.77831e-30 0 1.99764e-29 0 4.11591e-29 0 8.24086e-29 0 1.54548e-28 0 2.75822e-28 0 4.75359e-28 0 8.01943e-28 0 1.29433e-27 0
8.24824 1.87866e-11 1.85134e-11 2.73243e-13 0.0145445 0.00397721 0 0 1.08278e-41 0 2.02255e-37 0 3.74885e-35 0 1.23572e-33 0 1.63157e-32 0 1.24885e-31 0 6.67346e-31 0 2.71805e-30 0 9.19518e-30 0 2.70233e-29 0 6.88521e-29 0 1.62071e-28 0 3.54303e-28 0 7.04687e-28 0 1.3639e-27 0 2.4805e-27 0 4.30351e-27 0 7.22227e-27 0 1.1877e-26 0 1.87265e-26 0
8.67162 1.71473e-11 1.6924e-11 2.23357e-13 0.0130258 0.0034735 1.96182e-44 0 7.50484e-40 0 8.67231e-36 0 1.24567e-33 0 3.46184e-32 0 4.02973e-31 0 2.79271e-30 0 1.37509e-29 0 5.22947e-29 0 1.66693e-28 0 4.64771e-28 0 1.13132e-27 0 2.554e-27 0 5.37412e-27 0 1.03359e-26 0 1.93701e-26 0 3.42143e-26 0 5.7784e-26 0 9.45541e-26 0 1.51763e-25 0 2.34024e-25 0
9.11674 1.5679e-11 1.54964e-11 1.82604e-13 0.0116464 0.00302455 1.82309e-42 0 4.16628e-38 0 3.04916e-34 0 3.43653e-32 0 8.11949e-31 0 8.38402e-30 0 5.28632e-29 0 2.408e-28 0 8.57947e-28 0 2.58428e-27 0 6.85358e-27 0 1.59736e-26 0 3.46554e-26 0 7.03207e-26 0 1.30995e-25 0 2.38079e-25 0 4.09009e-25 0 6.7332e-25 0 1.0756e-24 0 1.68696e-24 0 2.54693e-24 0
9.5847 1.43709e-11 1.42217e-11 1.49244e-13 0.0103851 0.00262134 1.33827e-40 0 1.87414e-36 0 8.88295e-33 0 7.94902e-31 0 1.60941e-29 0 1.48281e-28 0 8.5456e-28 0 3.61489e-27 0 1.21048e-26 0 3.45506e-26 0 8.73681e-26 0 1.95387e-25 0 4.08171e-25 0 8.00109e-25 0 1.44588e-24 0 2.55228e-24 0 4.27038e-24 0 6.86095e-24 0 1.07123e-23 0 1.64359e-23 0 2.43203e-23 0
10.0767 1.32092e-11 1.30873e-11 1.21938e-13 0.00923126 0.00224178 7.85922e-39 0 6.90558e-35 0 2.16516e-31 0 1.5558e-29 0 2.71972e-28 0 2.24832e-27 0 1.18953e-26 0 4.68972e-26 0 1.48041e-25 0 4.0146e-25 0 9.70217e-25 0 2.08615e-24 0 4.20407e-24 0 7.97455e-24 0 1.40004e-23 0 2.40375e-23 0 3.92204e-23 0 6.15711e-23 0 9.4065e-23 0 1.41339e-22 0 2.05177e-22 0
10.5939 1.21821e-11 1.20825e-11 9.95635e-14 0.00817296 0.00187046 3.73412e-37 0 2.10599e-33 0 4.457e-30 0 2.59936e-28 0 3.95158e-27 0 2.94656e-26 0 1.43717e-25 0 5.29897e-25 0 1.58144e-24 0 4.08469e-24 0 9.45529e-24 0 1.95847e-23 0 3.81404e-23 0 7.01207e-23 0 1.1977e-22 0 2.00278e-22 0 3.19063e-22 0 4.89979e-22 0 7.33234e-22 0 1.08004e-21 0 1.5396e-21 0
11.1377 1.13012e-11 1.122e-11 8.12414e-14 0.00718874 0.00152268 1.45431e-35 0 5.37987e-32 0 7.83411e-29 0 3.74627e-27 0 4.98653e-26 0 3.37087e-25 0 1.52172e-24 0 5.26442e-24 0 1.48946e-23 0 3.67293e-23 0 8.16077e-23 0 1.6313e-22 0 3.07516e-22 0 5.48804e-22 0 9.13201e-22 0 1.48919e-21 0 2.3191e-21 0 3.48759e-21 0 5.11732e-21 0 7.39655e-21 0 1.03628e-20 0
11.7094 1.04382e-11 1.03713e-11 6.69124e-14 0.00641034 0.00121556 4.64088e-34 0 1.14949e-30 0 1.17296e-27 0 4.64395e-26 0 5.44751e-25 0 3.35445e-24 0 1.40687e-23 0 4.58092e-23 0 1.2319e-22 0 2.90686e-22 0 6.21175e-22 0 1.20041e-21 0 2.19392e-21 0 3.80618e-21 0 6.1779e-21 0 9.83685e-21 0 1.49911e-20 0 2.20997e-20 0 3.18254e-20 0 4.51803e-20 0 6.22654e-20 0
12.3105 9.77057e-12 9.7162e-12 5.43679e-14 0.00556445 0.000882232 1.24728e-32 0 2.10944e-29 0 1.53477e-26 0 5.07745e-25 0 5.2814e-24 0 2.97597e-23 0 1.16376e-22 0 3.57708e-22 0 9.16595e-22 0 2.07406e-21 0 4.2708e-21 0 7.99201e-21 0 1.41828e-20 0 2.39522e-20 0 3.79689e-20 0 5.90989e-20 0 8.82311e-20 0 1.27628e-19 0 1.80551e-19 0 2.51969e-19 0 3.41856e-19 0
12.9424 9.18284e-12 9.13848e-12 4.43652e-14 0.00483131 0.000547186 2.82206e-31 0 3.32013e-28 0 1.75107e-25 0 4.88328e-24 0 4.5306e-23 0 2.34625e-22 0 8.58405e-22 0 2.49775e-21 0 6.11288e-21 0 1.32915e-20 0 2.64208e-20 0 4.7952e-20 0 8.27464e-20 0 1.36214e-19 0 2.11123e-19 0 3.21592e-19 0 4.70815e-19 0 6.68879e-19 0 9.30349e-19 0 1.27739e-18 0 1.70747e-18 0
13.6067 8.69137e-12 8.65517e-12 3.62061e-14 0.00416575 0.000269532 5.43809e-30 0 4.53018e-27 0 1.75937e-24 0 4.17058e-23 0 3.47061e-22 0 1.65864e-21 0 5.69597e-21 0 1.57318e-20 0 3.6855e-20 0 7.71533e-20 0 1.48306e-19 0 2.61445e-19 0 4.39293e-19 0 7.05764e-19 0 1.07073e-18 0 1.59782e-18 0 2.29609e-18 0 3.20657e-18 0 4.38877e-18 0 5.93335e-18 0 7.81941e-18 0
14.3051 8.30505e-12 8.27553e-12 2.95255e-14 0.00355512 3.06664e-05 9.02097e-29 0 5.41157e-26 0 1.5709e-23 0 3.19052e-22 0 2.3941e-21 0 1.06004e-20 0 3.42749e-20 0 9.00832e-20 0 2.02447e-19 0 4.08794e-19 0 7.6112e-19 0 1.30513e-18 0 2.13807e-18 0 3.35641e-18 0 4.9895e-18 0 7.30157e-18 0 1.03084e-17 0 1.41631e-17 0 1.90901e-17 0 2.54314e-17 0 3.30668e-17 0
15.0394 8.02257e-12 7.9985e-12 2.40646e-14 0.00299962 -0.000183676 1.29998e-27 0 5.70652e-25 0 1.25589e-22 0 2.202e-21 0 1.49749e-20 0 6.16586e-20 0 1.88263e-19 0 4.72e-19 0 1.01962e-18 0 1.98945e-18 0 3.59336e-18 0 6.00158e-18 0 9.59776e-18 0 1.47387e-17 0 2.14899e-17 0 3.08689e-17 0 4.28531e-17 0 5.79716e-17 0 7.70075e-17 0 1.01161e-16 0 1.29858e-16 0
15.8114 7.85772e-12 7.8381e-12 1.96141e-14 0.00249616 -0.000384813 1.64442e-26 0 5.36329e-24 0 9.07062e-22 0 1.38284e-20 0 8.56387e-20 0 3.29073e-19 0 9.51468e-19 0 2.28078e-18 0 4.74514e-18 0 8.96123e-18 0 1.57253e-17 0 2.56147e-17 0 4.00348e-17 0 6.02048e-17 0 8.61809e-17 0 1.21623e-16 0 1.66159e-16 0 2.21487e-16 0 2.90166e-16 0 3.76134e-16 0 4.76982e-16 0
16.623 7.81047e-12 7.79448e-12 1.59845e-14 0.00204655 -0.000591553 1.84042e-25 0 4.52502e-23 0 5.95712e-21 0 7.95071e-20 0 4.50443e-19 0 1.62076e-18 0 4.44946e-18 0 1.02202e-17 0 2.05159e-17 0 3.75602e-17 0 6.41262e-17 0 1.01995e-16 0 1.55976e-16 0 2.29933e-16 0 3.23426e-16 0 4.48825e-16 0 6.03903e-16 0 7.93777e-16 0 1.02629e-15 0 1.3136e-15 0 1.64659e-15 0
17.4762 7.89278e-12 7.87976e-12 1.30202e-14 0.00164963 -0.000793008 1.83794e-24 0 3.45392e-22 0 3.58302e-20 0 4.21381e-19 0 2.19348e-18 0 7.41415e-18 0 1.93748e-17 0 4.27321e-17 0 8.29108e-17 0 1.47376e-16 0 2.45127e-16 0 3.81149e-16 0 5.70909e-16 0 8.2581e-16 0 1.1424e-15 0 1.56018e-15 0 2.06905e-15 0 2.68352e-15 0 3.42632e-15 0 4.333e-15 0 5.37181e-15 0
18.3733 8.13222e-12 8.12162e-12 1.06003e-14 0.00130349 -0.000984947 1.65305e-23 0 2.4057e-21 0 1.98954e-19 0 2.0745e-18 0 9.96303e-18 0 3.17318e-17 0 7.9123e-17 0 1.67899e-16 0 3.15392e-16 0 5.4509e-16 0 8.84393e-16 0 1.34583e-15 0 1.97648e-15 0 2.80789e-15 0 3.8233e-15 0 5.14261e-15 0 6.72659e-15 0 8.61421e-15 0 1.08682e-14 0 1.35875e-14 0 1.66692e-14 0
19.3164 8.53742e-12 8.52878e-12 8.6414e-15 0.00101218 -0.00118361 1.34619e-22 0 1.53624e-20 0 1.02411e-18 0 9.52356e-18 0 4.23647e-17 0 1.2751e-16 0 3.04073e-16 0 6.21972e-16 0 1.13294e-15 0 1.90643e-15 0 3.0209e-15 0 4.50378e-15 0 6.49132e-15 0 9.06514e-15 0 1.21587e-14 0 1.61193e-14 0 2.08097e-14 0 2.63294e-14 0 3.28438e-14 0 4.06164e-14 0 4.93335e-14 0
20.3079 9.1384e-12 9.13135e-12 7.04927e-15 0.000771389 -0.00141715 9.99061e-22 0 9.0468e-20 0 4.91287e-18 0 4.09735e-17 0 1.69457e-16 0 4.83322e-16 0 1.10469e-15 0 2.18203e-15 0 3.85993e-15 0 6.33228e-15 0 9.81104e-15 0 1.43446e-14 0 2.03092e-14 0 2.79031e-14 0 3.68927e-14 0 4.82415e-14 0 6.15068e-14 0 7.69326e-14 0 9.4937e-14 0 1.16193e-13 0 1.39797e-13 0
21.3503 9.98814e-12 9.98238e-12 5.75672e-15 0.000576356 -0.00158751 6.80408e-21 0 4.94457e-19 0 2.20936e-17 0 1.66134e-16 0 6.41083e-16 0 1.73727e-15 0 3.81368e-15 0 7.28667e-15 0 1.25358e-14 0 2.00742e-14 0 3.04445e-14 0 4.36945e-14 0 6.08217e-14 0 8.22779e-14 0 1.07312e-13 0 1.38498e-13 0 1.74499e-13 0 2.15892e-13 0 2.63695e-13 0 3.19567e-13 0 3.81029e-13 0
22.4463 1.11349e-11 1.11302e-11 4.71647e-15 0.000423576 -0.00172163 4.26991e-20 0 2.51709e-18 0 9.34267e-17 0 6.36626e-16 0 2.29988e-15 0 5.93635e-15 0 1.25408e-14 0 2.32157e-14 0 3.88957e-14 0 6.08699e-14 0 9.0457e-14 0 1.27555e-13 0 1.7471e-13 0 2.32882e-13 0 2.99826e-13 0 3.82167e-13 0 4.76107e-13 0 5.82953e-13 0 7.05113e-13 0 8.46532e-13 0 1.00071e-12 0
23.5984 1.26218e-11 1.26179e-11 3.88733e-15 0.000307986 -0.00184369 2.47366e-19 0 1.19503e-17 0 3.71807e-16 0 2.30696e-15 0 7.82757e-15 0 1.92901e-14 0 3.929e-14 0 7.05797e-14 0 1.15307e-13 0 1.76548e-13 0 2.57337e-13 0 3.56838e-13 0 4.81305e-13 0 6.32621e-13 0 8.04488e-13 0 1.01335e-12 0 1.24896e-12 0 1.51421e-12 0 1.81458e-12 0 2.15916e-12 0 2.53165e-12 0
24.8097 1.44643e-11 1.44611e-11 3.23166e-15 0.000223423 -0.00201639 1.32159e-18 0 5.28339e-17 0 1.38983e-15 0 7.88823e-15 0 2.52151e-14 0 5.94625e-14 0 1.16979e-13 0 2.04213e-13 0 3.25726e-13 0 4.88455e-13 0 6.98997e-13 0 9.53923e-13 0 1.268e-12 0 1.64454e-12 0 2.06692e-12 0 2.57436e-12 0 3.14071e-12 0 3.77207e-12 0 4.48057e-12 0 5.28635e-12 0 6.15035e-12 0
26.0832 1.66534e-11 1.66506e-11 2.72137e-15 0.000163413 -0.0021336 6.5001e-18 0 2.17035e-16 0 4.86682e-15 0 2.53775e-14 0 7.66461e-14 0 1.73333e-13 0 3.29911e-13 0 5.6048e-13 0 8.73835e-13 0 1.28472e-12 0 1.8066e-12 0 2.42832e-12 0 3.18328e-12 0 4.07651e-12 0 5.06665e-12 0 6.24325e-12 0 7.54315e-12 0 8.97886e-12 0 1.05761e-11 0 1.23777e-11 0 1.42947e-11 0
27.4221 1.9016e-11 1.90137e-11 2.32337e-15 0.00012218 -0.00222694 2.91779e-17 0 8.20871e-16 0 1.58141e-14 0 7.6073e-14 0 2.17688e-13 0 4.73067e-13 0 8.72551e-13 0 1.4445e-12 0 2.20379e-12 0 3.17964e-12 0 4.39744e-12 0 5.82604e-12 0 7.53708e-12 0 9.53613e-12 0 1.17272e-11 0 1.43039e-11 0 1.71233e-11 0 2.02098e-11 0 2.36153e-11 0 2.74267e-11 0 3.14525e-11 0
28.8297 2.11927e-11 2.11907e-11 2.01704e-15 9.5176e-05 -0.00226325 1.18113e-16 0 2.82334e-15 0 4.70765e-14 0 2.09741e-13 0 5.70157e-13 0 1.19296e-12 0 2.13556e-12 0 3.44945e-12 0 5.1552e-12 0 7.30601e-12 0 9.94551e-12 0 1.29968e-11 0 1.66037e-11 0 2.07676e-11 0 2.52826e-11 0 3.05402e-11 0 3.62401e-11 0 4.24277e-11 0 4.92016e-11 0 5.67266e-11 0 6.46195e-11 0
30.3095 2.29272e-11 2.29254e-11 1.77276e-15 7.73214e-05 -0.00227903 4.30507e-16 0 8.81338e-15 0 1.28091e-13 0 5.30539e-13 0 1.37348e-12 0 2.77204e-12 0 4.82325e-12 0 7.61044e-12 0 1.11528e-11 0 1.55391e-11 0 2.0837e-11 0 2.68763e-11 0 3.3927e-11 0 4.19741e-11 0 5.06111e-11 0 6.05745e-11 0 7.12818e-11 0 8.28125e-11 0 9.53423e-11 0 1.09163e-10 0 1.23563e-10 0
31.8653 2.34171e-11 2.34156e-11 1.55743e-15 6.65083e-05 -0.00224481 1.37916e-15 0 2.43647e-14 0 3.10731e-13 0 1.20074e-12 0 2.96747e-12 0 5.78725e-12 0 9.80096e-12 0 1.51241e-11 0 2.17541e-11 0 2.98229e-11 0 3.94218e-11 0 5.02197e-11 0 6.26773e-11 0 7.6742e-11 0 9.16918e-11 0 1.08784e-10 0 1.26999e-10 0 1.46467e-10 0 1.67472e-10 0 1.90485e-10 0 2.14313e-10 0
33.5009 2.29431e-11 2.29417e-11 1.36597e-15 5.95373e-05 -0.00220735 3.95949e-15 0 6.07986e-14 0 6.84757e-13 0 2.47708e-12 0 5.8572e-12 0 1.10564e-11 0 1.8249e-11 0 2.75702e-11 0 3.89587e-11 0 5.25925e-11 0 6.85794e-11 0 8.63373e-11 0 1.06595e-10 0 1.29231e-10 0 1.5307e-10 0 1.80094e-10 0 2.08667e-10 0 2.38983e-10 0 2.71474e-10 0 3.06843e-10 0 3.43245e-10 0
35.2205 2.10741e-11 2.10729e-11 1.16976e-15 5.55071e-05 -0.00209252 9.98934e-15 0 1.34238e-13 0 1.34329e-12 0 4.56363e-12 0 1.0347e-11 0 1.8935e-11 0 3.04975e-11 0 4.51561e-11 0 6.27407e-11 0 8.34653e-11 0 1.07436e-10 0 1.33743e-10 0 1.63433e-10 0 1.96284e-10 0 2.30579e-10 0 2.69142e-10 0 3.09609e-10 0 3.5225e-10 0 3.97657e-10 0 4.46787e-10 0 4.97063e-10 0
37.0284 1.86849e-11 1.8684e-11 9.89421e-16 5.29529e-05 -0.00197815 2.28743e-14 0 2.70767e-13 0 2.42133e-12 0 7.74928e-12 0 1.68813e-11 0 2.99947e-11 0 4.71996e-11 0 6.85595e-11 0 9.37404e-11 0 1.22979e-10 0 1.56358e-10 0 1.92574e-10 0 2.33032e-10 0 2.77382e-10 0 3.23294e-10 0 3.74525e-10 0 4.27901e-10 0 4.83776e-10 0 5.42914e-10 0 6.06531e-10 0 6.71279e-10 0
38.9291 1.60653e-11 1.60644e-11 8.21908e-16 5.11606e-05 -0.00182236 4.79057e-14 0 5.02614e-13 0 4.03868e-12 0 1.22118e-11 0 2.56104e-11 0 4.42451e-11 0 6.80998e-11 0 9.71313e-11 0 1.30793e-10 0 1.6933e-10 0 2.1278e-10 0 2.59413e-10 0 3.11003e-10 0 3.67057e-10 0 4.24625e-10 0 4.88393e-10 0 5.54379e-10 0 6.23025e-10 0 6.9526e-10 0 7.72538e-10 0 8.50784e-10 0
40.9273 1.35803e-11 1.35796e-11 6.76167e-16 4.97903e-05 -0.00165547 9.32968e-14 0 8.72714e-13 0 6.33418e-12 0 1.81455e-11 0 3.6703e-11 0 6.17388e-11 0 9.30454e-11 0 1.30431e-10 0 1.731e-10 0 2.21294e-10 0 2.74994e-10 0 3.32033e-10 0 3.94557e-10 0 4.61918e-10 0 5.30576e-10 0 6.061e-10 0 6.83746e-10 0 7.64044e-10 0 8.48074e-10 0 9.37502e-10 0 1.0276e-09 0
43.0281 1.14103e-11 1.14098e-11 5.51598e-16 4.8342e-05 -0.00143424 1.71282e-13 0 1.43651e-12 0 9.46451e-12 0 2.57549e-11 0 5.03334e-11 0 8.25439e-11 0 1.21934e-10 0 1.68131e-10 0 2.20071e-10 0 2.77989e-10 0 3.41803e-10 0 4.08919e-10 0 4.81845e-10 0 5.59784e-10 0 6.38653e-10 0 7.24837e-10 0 8.12896e-10 0 9.03451e-10 0 9.97717e-10 0 1.09754e-09 0 1.19765e-09 0
45.2368 9.55871e-12 9.55826e-12 4.48467e-16 4.69171e-05 -0.00119428 2.98117e-13 0 2.25366e-12 0 1.35426e-11 0 3.50945e-11 0 6.63784e-11 0 1.06259e-10 0 1.54005e-10 0 2.09048e-10 0 2.70055e-10 0 3.37259e-10 0 4.10515e-10 0 4.86845e-10 0 5.6909e-10 0 6.56319e-10 0 7.43986e-10 0 8.39183e-10 0 9.3588e-10 0 1.03479e-09 0 1.13723e-09 0 1.2452e-09 0 1.353e-09 0
47.5588 8.05933e-12 8.05896e-12 3.63711e-16 4.51292e-05 -0.000778812 4.97793e-13 0 3.40926e-12 0 1.87693e-11 0 4.64295e-11 0 8.51272e-11 0 1.33178e-10 0 1.89553e-10 0 2.53491e-10 0 3.23401e-10 0 3.99521e-10 0 4.81657e-10 0 5.66479e-10 0 6.5715e-10 0 7.5262e-10 0 8.47944e-10 0 9.50838e-10 0 1.05477e-09 0 1.16054e-09 0 1.26957e-09 0 1.38396e-09 0 1.49769e-09 0
50 6.79816e-12 6.79786e-12 2.95024e-16 4.33977e-05 -0.000378526 7.94523e-13 0 4.95359e-12 0 2.50923e-11 0 5.93856e-11 0 1.05707e-10 0 1.61799e-10 0 2.26356e-10 0 2.98442e-10 0 3.76249e-10 0 4.60037e-10 0 5.49575e-10 0 6.4126e-10 0 7.38529e-10 0 8.40239e-10 0 9.41167e-10 0 1.04949e-09 0 1.15833e-09 0 1.26854e-09 0 1.38166e-09 0 1.49982e-09 0 1.61683e-09 0
52.5665 5.77098e-12 5.77074e-12 2.39167e-16 4.1443e-05 7.30264e-05 1.22209e-12 0 6.96804e-12 0 3.26084e-11 0 7.39952e-11 0 1.28056e-10 0 1.91976e-10 0 2.64206e-10 0 3.43677e-10 0 4.28404e-10 0 5.18692e-10 0 6.14291e-10 0 7.11394e-10 0 8.13673e-10 0 9.19921e-10 0 1.02473e-09 0 1.13661e-09 0 1.24846e-09 0 1.3612e-09 0 1.47641e-09 0 1.59628e-09 0 1.71451e-09 0
55.2648 4.92246e-12 4.92226e-12 1.93923e-16 3.93957e-05 0.000486924 1.81243e-12 0 9.49201e-12 0 4.1196e-11 0 8.98161e-11 0 1.51329e-10 0 2.22426e-10 0 3.01377e-10 0 3.87029e-10 0 4.77282e-10 0 5.72502e-10 0 6.72445e-10 0 7.73183e-10 0 8.78568e-10 0 9.87359e-10 0 1.09408e-09 0 1.20741e-09 0 1.32017e-09 0 1.43333e-09 0 1.54849e-09 0 1.66785e-09 0 1.78515e-09 0
58.1015 4.2199e-12 4.21974e-12 1.57457e-16 3.73129e-05 0.000853136 2.59761e-12 0 1.25476e-11 0 5.06912e-11 0 1.06392e-10 0 1.74748e-10 0 2.52065e-10 0 3.36511e-10 0 4.26904e-10 0 5.21099e-10 0 6.19536e-10 0 7.21999e-10 0 8.24526e-10 0 9.31087e-10 0 1.04044e-09 0 1.14714e-09 0 1.2599e-09 0 1.37157e-09 0 1.48318e-09 0 1.59632e-09 0 1.71315e-09 0 1.82758e-09 0
61.0839 3.63253e-12 3.6324e-12 1.27898e-16 3.52092e-05 0.00115418 3.60137e-12 0 1.61087e-11 0 6.07895e-11 0 1.23051e-10 0 1.97275e-10 0 2.79516e-10 0 3.67934e-10 0 4.6138e-10 0 5.57729e-10 0 6.57513e-10 0 7.60558e-10 0 8.62954e-10 0 9.68723e-10 0 1.07665e-09 0 1.18143e-09 0 1.29164e-09 0 1.40032e-09 0 1.5085e-09 0 1.61777e-09 0 1.73021e-09 0 1.83997e-09 0
64.2193 3.13778e-12 3.13768e-12 1.03932e-16 3.31228e-05 0.00139279 4.83566e-12 0 2.01041e-11 0 7.11043e-11 0 1.3906e-10 0 2.17864e-10 0 3.03484e-10 0 3.94162e-10 0 4.88843e-10 0 5.85487e-10 0 6.8472e-10 0 7.86427e-10 0 8.86829e-10 0 9.89931e-10 0 1.09457e-09 0 1.19567e-09 0 1.30155e-09 0 1.40552e-09 0 1.50863e-09 0 1.61241e-09 0 1.71884e-09 0 1.82242e-09 0
67.5157 2.72122e-12 2.72114e-12 8.45227e-17 3.10605e-05 0.00155655 6.30248e-12 0 2.44415e-11 0 8.12753e-11 0 1.53833e-10 0 2.35786e-10 0 3.2318e-10 0 4.14426e-10 0 5.08608e-10 0 6.03826e-10 0 7.008e-10 0 7.99482e-10 0 8.96291e-10 0 9.95149e-10 0 1.09497e-09 0 1.19098e-09 0 1.29109e-09 0 1.38903e-09 0 1.4858e-09 0 1.58288e-09 0 1.68213e-09 0 1.77843e-09 0
70.9813 2.36807e-12 2.368e-12 6.8806e-17 2.90558e-05 0.00165856 7.98199e-12 0 2.89729e-11 0 9.08555e-11 0 1.66694e-10 0 2.50232e-10 0 3.37749e-10 0 4.27889e-10 0 5.19917e-10 0 6.12115e-10 0 7.05286e-10 0 7.99457e-10 0 8.91291e-10 0 9.84574e-10 0 1.07831e-09 0 1.16807e-09 0 1.26131e-09 0 1.35217e-09 0 1.44166e-09 0 1.53114e-09 0 1.62235e-09 0 1.7106e-09 0
74.6248 2.06676e-12 2.06671e-12 5.60273e-17 2.71087e-05 0.00170444 9.83366e-12 0 3.35169e-11 0 9.94031e-11 0 1.77057e-10 0 2.60575e-10 0 3.46607e-10 0 4.3408e-10 0 5.22461e-10 0 6.10243e-10 0 6.983e-10 0 7.8673e-10 0 8.7248e-10 0 9.59145e-10 0 1.04583e-09 0 1.1285e-09 0 1.21405e-09 0 1.29712e-09 0 1.37868e-09 0 1.45998e-09 0 1.54262e-09 0 1.62237e-09 0
78.4553 1.80863e-12 1.80859e-12 4.56321e-17 2.52301e-05 0.0017011 1.17996e-11 0 3.7881e-11 0 1.06542e-10 0 1.84506e-10 0 2.66473e-10 0 3.49562e-10 0 4.33014e-10 0 5.16502e-10 0 5.98745e-10 0 6.80673e-10 0 7.62445e-10 0 8.41315e-10 0 9.20647e-10 0 9.99657e-10 0 1.07471e-09 0 1.15209e-09 0 1.22699e-09 0 1.3003e-09 0 1.37317e-09 0 1.44704e-09 0 1.51815e-09 0
82.4824 1.58702e-12 1.58698e-12 3.7199e-17 2.34395e-05 0.00164731 1.381e-11 0 4.18817e-11 0 1.12001e-10 0 1.88837e-10 0 2.67891e-10 0 3.46814e-10 0 4.25163e-10 0 5.02814e-10 0 5.78715e-10 0 6.53824e-10 0 7.28357e-10 0 7.9988e-10 0 8.71497e-10 0 9.4253e-10 0 1.00976e-09 0 1.07884e-09 0 1.14548e-09 0 1.21053e-09 0 1.27502e-09 0 1.34022e-09 0 1.40283e-09 0
86.7162 1.39731e-12 1.39728e-12 3.03366e-17 2.17106e-05 0.00153382 1.57974e-11 0 4.53846e-11 0 1.15685e-10 0 1.90152e-10 0 2.65208e-10 0 3.39061e-10 0 4.11572e-10 0 4.828e-10 0 5.5191e-10 0 6.1987e-10 0 6.8694e-10 0 7.50991e-10 0 8.14855e-10 0 8.77949e-10 0 9.37453e-10 0 9.98402e-10 0 1.05703e-09 0 1.11409e-09 0 1.17052e-09 0 1.22744e-09 0 1.28198e-09 0
91.1674 1.23438e-12 1.23435e-12 2.47425e-17 2.00445e-05 0.00138855 1.76836e-11 0 4.82543e-11 0 1.17519e-10 0 1.88553e-10 0 2.58765e-10 0 3.26907e-10 0 3.93113e-10 0 4.57602e-10 0 5.19737e-10 0 5.80476e-10 0 6.40107e-10 0 6.96797e-10 0 7.53092e-10 0 8.08503e-10 0 8.60589e-10 0 9.13778e-10 0 9.64798e-10 0 1.01432e-09 0 1.06319e-09 0 1.11236e-09 0 1.15938e-09 0
95.847 1.09382e-12 1.09379e-12 2.01821e-17 1.84511e-05 0.00123717 1.939e-11 0 5.03834e-11 0 1.17502e-10 0 1.84246e-10 0 2.49005e-10 0 3.11041e-10 0 3.70718e-10 0 4.28385e-10 0 4.83581e-10 0 5.37233e-10 0 5.89649e-10 0 6.39265e-10 0 6.88347e-10 0 7.36491e-10 0 7.81604e-10 0 8.27542e-10 0 8.71488e-10 0 9.14045e-10 0 9.55938e-10 0 9.98007e-10 0 1.03815e-09 0
100.767 9.72386e-13 9.72369e-13 1.64773e-17 1.69452e-05 0.00108434 2.08531e-11 0 5.17216e-11 0 1.15758e-10 0 1.77598e-10 0 2.3655e-10 0 2.9233e-10 0 3.45487e-10 0 3.96467e-10 0 4.44958e-10 0 4.91843e-10 0 5.37435e-10 0 5.80417e-10 0 6.22784e-10 0 6.64204e-10 0 7.02902e-10 0 7.42201e-10 0 7.79702e-10 0 8.15935e-10 0 8.51527e-10 0 8.87196e-10 0 9.21165e-10 0
105.939 8.69736e-13 8.69722e-13 1.34513e-17 1.54659e-05 0.00090103 2.20844e-11 0 5.24061e-11 0 1.12792e-10 0 1.69503e-10 0 2.22671e-10 0 2.72393e-10 0 3.19357e-10 0 3.64078e-10 0 4.06365e-10 0 4.47047e-10 0 4.86434e-10 0 5.23424e-10 0 5.5976e-10 0 5.95175e-10 0 6.28171e-10 0 6.61595e-10 0 6.93414e-10 0 7.24091e-10 0 7.54165e-10 0 7.84247e-10 0 8.12845e-10 0
111.377 7.81809e-13 7.81798e-13 1.09796e-17 1.40438e-05 0.000721725 2.30302e-11 0 5.24015e-11 0 1.08671e-10 0 1.60135e-10 0 2.07627e-10 0 2.51552e-10 0 2.92694e-10 0 3.31608e-10 0 3.682e-10 0 4.03237e-10 0 4.37019e-10 0 4.68631e-10 0 4.99585e-10 0 5.29667e-10 0 5.57621e-10 0 5.85869e-10 0 6.12702e-10 0 6.3852e-10 0 6.63782e-10 0 6.89007e-10 0 7.12947e-10 0
117.094 7.10059e-13 7.1005e-13 8.96585e-18 1.26269e-05 0.000545828 2.37991e-11 0 5.2032e-11 0 1.04168e-10 0 1.50668e-10 0 1.92942e-10 0 2.31635e-10 0 2.67591e-10 0 3.01384e-10 0 3.32995e-10 0 3.63128e-10 0 3.92069e-10 0 4.1906e-10 0 4.4541e-10 0 4.70947e-10 0 4.9462e-10 0 5.18489e-10 0 5.41114e-10 0 5.62842e-10 0 5.84066e-10 0 6.05222e-10 0 6.2527e-10 0
123.105 6.53579e-13 6.53572e-13 7.3275e-18 1.12114e-05 0.000382269 2.44695e-11 0 5.15077e-11 0 9.97282e-11 0 1.41722e-10 0 1.79365e-10 0 2.13482e-10 0 2.44949e-10 0 2.74348e-10 0 3.01713e-10 0 3.27691e-10 0 3.5255e-10 0 3.7566e-10 0 3.98158e-10 0 4.19906e-10 0 4.4002e-10 0 4.60258e-10 0 4.79405e-10 0 4.9776e-10 0 5.15659e-10 0 5.33473e-10 0 5.5033e-10 0
129.424 6.08439e-13 6.08433e-13 5.99375e-18 9.85103e-06 0.00023527 2.50034e-11 0 5.07713e-11 0 9.52351e-11 0 1.33094e-10 0 1.66581e-10 0 1.96651e-10 0 2.24192e-10 0 2.49779e-10 0 2.73486e-10 0 2.95903e-10 0 3.17281e-10 0 3.37097e-10 0 3.56336e-10 0 3.7489e-10 0 3.92014e-10 0 4.09209e-10 0 4.25447e-10 0 4.40987e-10 0 4.56119e-10 0 4.71157e-10 0 4.85367e-10 0
136.067 5.65801e-13 5.65796e-13 4.90674e-18 8.6722e-06 0.000111633 2.51003e-11 0 4.92572e-11 0 8.96609e-11 0 1.23336e-10 0 1.52752e-10 0 1.78937e-10 0 2.02763e-10 0 2.24783e-10 0 2.45096e-10 0 2.64233e-10 0 2.82425e-10 0 2.99241e-10 0 3.15528e-10 0 3.31199e-10 0 3.45633e-10 0 3.60101e-10 0 3.73741e-10 0 3.86774e-10 0 3.99446e-10 0 4.12023e-10 0 4.23893e-10 0
143.051 5.13439e-13 5.13435e-13 4.02265e-18 7.83473e-06 7.26228e-06 2.42037e-11 0 4.59845e-11 0 8.1356e-11 0 1.1025e-10 0 1.35193e-10 0 1.57216e-10 0 1.77132e-10 0 1.95447e-10 0 2.12274e-10 0 2.28073e-10 0 2.43048e-10 0 2.56853e-10 0 2.70194e-10 0 2.83003e-10 0 2.94779e-10 0 3.06562e-10 0 3.17654e-10 0 3.28237e-10 0 3.38513e-10 0 3.48699e-10 0 3.58301e-10 0
150.394 4.56662e-13 4.56658e-13 3.29693e-18 7.21963e-06 -8.57668e-05 2.25353e-11 0 4.15209e-11 0 7.15077e-11 0 9.55429e-11 0 1.16063e-10 0 1.34043e-10 0 1.50208e-10 0 1.65007e-10 0 1.78552e-10 0 1.91228e-10 0 2.0321e-10 0 2.14229e-10 0 2.24855e-10 0 2.35038e-10 0 2.44382e-10 0 2.53719e-10 0 2.62494e-10 0 2.70855e-10 0 2.78964e-10 0 2.86993e-10 0 2.94552e-10 0
158.114 4.00543e-13 4.0054e-13 2.69814e-18 6.7362e-06 -0.000151541 2.03999e-11 0 3.65099e-11 0 6.12969e-11 0 8.08131e-11 0 9.73035e-11 0 1.11649e-10 0 1.24477e-10 0 1.36171e-10 0 1.46836e-10 0 1.56788e-10 0 1.6617e-10 0 1.74779e-10 0 1.83064e-10 0 1.90989e-10 0 1.98251e-10 0 2.05495e-10 0 2.12294e-10 0 2.18765e-10 0 2.25033e-10 0 2.31232e-10 0 2.37063e-10 0
166.23 3.50819e-13 3.50817e-13 2.20671e-18 6.29016e-06 -0.000215358 1.81941e-11 0 3.16786e-11 0 5.19212e-11 0 6.75947e-11 0 8.07102e-11 0 9.20435e-11 0 1.02128e-10 0 1.11283e-10 0 1.19606e-10 0 1.27351e-10 0 1.34635e-10 0 1.41304e-10 0 1.47711e-10 0 1.53829e-10 0 1.59427e-10 0 1.65003e-10 0 1.70231e-10 0 1.752e-10 0 1.80008e-10 0 1.84759e-10 0 1.89224e-10 0
174.763 3.07701e-13 3.07699e-13 1.80551e-18 5.86776e-06 -0.00027717 1.6044e-11 0 2.72176e-11 0 4.36075e-11 0 5.61002e-11 0 6.64597e-11 0 7.53559e-11 0 8.32348e-11 0 9.03613e-11 0 9.68202e-11 0 1.02815e-10 0 1.0844e-10 0 1.13581e-10 0 1.18511e-10 0 1.23212e-10 0 1.27507e-10 0 1.3178e-10 0 1.35781e-10 0 1.3958e-10 0 1.43253e-10 0 1.46878e-10 0 1.50282e-10 0
183.733 2.73042e-13 2.7304e-13 1.47655e-18 5.40778e-06 -0.000315862 1.41423e-11 0 2.34085e-11 0 3.67091e-11 0 4.66993e-11 0 5.4914e-11 0 6.19274e-11 0 6.8112e-11 0 7.36867e-11 0 7.87249e-11 0 8.33899e-11 0 8.77585e-11 0 9.17438e-11 0 9.55595e-11 0 9.91924e-11 0 1.02507e-10 0 1.05802e-10 0 1.08883e-10 0 1.11806e-10 0 1.14629e-10 0 1.17413e-10 0 1.20025e-10 0
193.164 2.42759e-13 2.42757e-13 1.20723e-18 4.97296e-06 -0.000352398 1.23486e-11 0 1.99704e-11 0 3.06907e-11 0 3.86332e-11 0 4.51128e-11 0 5.06153e-11 0 5.5448e-11 0 5.97902e-11 0 6.37043e-11 0 6.73204e-11 0 7.07003e-11 0 7.37786e-11 0 7.67215e-11 0 7.95198e-11 0 8.207e-11 0 8.46018e-11 0 8.69674e-11 0 8.92095e-11 0 9.13731e-11 0 9.35053e-11 0 9.55042e-11 0
203.079 2.16679e-13 2.16678e-13 9.87246e-19 4.55626e-06 -0.000382335 1.07088e-11 0 1.69429e-11 0 2.55468e-11 0 3.18402e-11 0 3.69372e-11 0 4.12439e-11 0 4.50123e-11 0 4.83883e-11 0 5.1424e-11 0 5.4223e-11 0 5.68345e-11 0 5.92093e-11 0 6.14766e-11 0 6.36299e-11 0 6.55901e-11 0 6.75343e-11 0 6.93491e-11 0 7.10678e-11 0 7.2725e-11 0 7.4357e-11 0 7.58859e-11 0
213.503 1.94742e-13 1.94741e-13 8.07669e-19 4.14738e-06 -0.000398149 9.25649e-12 0 1.43455e-11 0 2.12458e-11 0 2.62335e-11 0 3.02456e-11 0 3.36202e-11 0 3.65627e-11 0 3.91916e-11 0 4.15503e-11 0 4.3721e-11 0 4.57429e-11 0 4.75791e-11 0 4.93299e-11 0 5.09908e-11 0 5.25013e-11 0 5.3998e-11 0 5.5394e-11 0 5.6715e-11 0 5.79879e-11 0 5.92405e-11 0 6.04133e-11 0
224.463 1.74957e-13 1.74957e-13 6.60619e-19 3.77589e-06 -0.000413463 7.92165e-12 0 1.20399e-11 0 1.75328e-11 0 2.14595e-11 0 2.45985e-11 0 2.72273e-11 0 2.95124e-11 0 3.15487e-11 0 3.3372e-11 0 3.50471e-11 0 3.6605e-11 0 3.8018e-11 0 3.93637e-11 0 4.0639e-11 0 4.17977e-11 0 4.2945e-11 0 4.40141e-11 0 4.50252e-11 0 4.59987e-11 0 4.69562e-11 0 4.78522e-11 0
235.984 1.57104e-13 1.57104e-13 5.40231e-19 3.43868e-06 -0.000428276 6.71492e-12 0 1.00203e-11 0 1.4362e-11 0 1.74341e-11 0 1.98757e-11 0 2.19125e-11 0 2.36777e-11 0 2.52472e-11 0 2.66498e-11 0 2.79363e-11 0 2.91312e-11 0 3.02136e-11 0 3.12435e-11 0 3.22185e-11 0 3.31036e-11 0 3.39793e-11 0 3.47948e-11 0 3.55655e-11 0 3.63072e-11 0 3.70362e-11 0 3.7718e-11 0
248.097 1.41028e-13 1.41027e-13 4.42024e-19 3.1343e-06 -0.000442571 5.64193e-12 0 8.27501e-12 0 1.16848e-11 0 1.40748e-11 0 1.59642e-11 0 1.75345e-11 0 1.88918e-11 0 2.0096e-11 0 2.11703e-11 0 2.21543e-11 0 2.3067e-11 0 2.3893e-11 0 2.4678e-11 0 2.54206e-11 0 2.60942e-11 0 2.67602e-11 0 2.738e-11 0 2.79653e-11 0 2.85284e-11 0 2.90815e-11 0 2.95986e-11 0
260.832 1.27343e-13 1.27342e-13 3.61689e-19 2.84028e-06 -0.000444139 4.73023e-12 0 6.82605e-12 0 9.50465e-12 0 1.13657e-11 0 1.28297e-11 0 1.40425e-11 0 1.50881e-11 0 1.6014e-11 0 1.68386e-11 0 1.75929e-11 0 1.82919e-11 0 1.89236e-11 0 1.95236e-11 0 2.00907e-11 0 2.06048e-11 0 2.11126e-11 0 2.1585e-11 0 2.20309e-11 0 2.24596e-11 0 2.28805e-11 0 2.32739e-11 0
274.221 1.1501e-13 1.1501e-13 2.95886e-19 2.5727e-06 -0.000443434 3.93687e-12 0 5.5951e-12 0 7.68879e-12 0 9.13175e-12 0 1.02617e-11 0 1.11949e-11 0 1.19976e-11 0 1.27071e-11 0 1.33382e-11 0 1.39147e-11 0 1.44483e-11 0 1.49302e-11 0 1.53874e-11 0 1.58193e-11 0 1.62105e-11 0 1.65968e-11 0 1.6956e-11 0 1.72948e-11 0 1.76204e-11 0 1.79399e-11 0 1.82384e-11 0
288.297 1.03771e-13 1.03771e-13 2.42025e-19 2.33229e-06 -0.000442734 3.25026e-12 0 4.5535e-12 0 6.18059e-12 0 7.29365e-12 0 8.16164e-12 0 8.87645e-12 0 9.49005e-12 0 1.00315e-11 0 1.05124e-11 0 1.09513e-11 0 1.13571e-11 0 1.17233e-11 0 1.20705e-11 0 1.23982e-11 0 1.26949e-11 0 1.29877e-11 0 1.32597e-11 0 1.35163e-11 0 1.37627e-11 0 1.40045e-11 0 1.42303e-11 0
303.095 9.36685e-14 9.36684e-14 1.98099e-19 2.11489e-06 -0.000440134 2.66663e-12 0 3.68587e-12 0 4.94526e-12 0 5.80089e-12 0 6.46559e-12 0 7.01157e-12 0 7.47935e-12 0 7.89151e-12 0 8.25714e-12 0 8.59044e-12 0 8.89837e-12 0 9.17601e-12 0 9.4391e-12 0 9.68726e-12 0 9.91181e-12 0 1.01333e-11 0 1.0339e-11 0 1.05329e-11 0 1.07191e-11 0 1.09017e-11 0 1.10721e-11 0
318.653 8.48265e-14 8.48264e-14 1.6211e-19 1.91108e-06 -0.000430446 2.18126e-12 0 2.97709e-12 0 3.95111e-12 0 4.60869e-12 0 5.11775e-12 0 5.53489e-12 0 5.89166e-12 0 6.20558e-12 0 6.48375e-12 0 6.73708e-12 0 6.97094e-12 0 7.18165e-12 0 7.38119e-12 0 7.5693e-12 0 7.73944e-12 0 7.90717e-12 0 8.06289e-12 0 8.20963e-12 0 8.35046e-12 0 8.48855e-12 0 8.61739e-12 0
335.009 7.67329e-14 7.67328e-14 1.32625e-19 1.7284e-06 -0.000421222 1.77178e-12 0 2.38968e-12 0 3.13932e-12 0 3.64251e-12 0 4.03079e-12 0 4.34827e-12 0 4.61937e-12 0 4.85761e-12 0 5.0685e-12 0 5.2604e-12 0 5.43741e-12 0 5.5968e-12 0 5.74765e-12 0 5.8898e-12 0 6.0183e-12 0 6.14494e-12 0 6.26246e-12 0 6.37316e-12 0 6.47937e-12 0 6.58349e-12 0 6.6806e-12 0
352.205 6.93447e-14 6.93446e-14 1.08526e-19 1.56503e-06 -0.00041245 1.42987e-12 0 1.90717e-12 0 2.4816e-12 0 2.86513e-12 0 3.16021e-12 0 3.40101e-12 0 3.60633e-12 0 3.78656e-12 0 3.94594e-12 0 4.09086e-12 0 4.22445e-12 0 4.34467e-12 0 4.45839e-12 0 4.56549e-12 0 4.66228e-12 0 4.75762e-12 0 4.84607e-12 0 4.92937e-12 0 5.00926e-12 0 5.08755e-12 0 5.16057e-12 0
370.284 6.28523e-14 6.28522e-14 8.88336e-20 1.41337e-06 -0.000398271 1.15135e-12 0 1.51973e-12 0 1.95979e-12 0 2.25219e-12 0 2.47655e-12 0 2.65931e-12 0 2.81494e-12 0 2.9514e-12 0 3.07197e-12 0 3.18153e-12 0 3.28245e-12 0 3.37323e-12 0 3.45906e-12 0 3.53986e-12 0 3.61286e-12 0 3.68473e-12 0 3.7514e-12 0 3.81415e-12 0 3.87433e-12 0 3.93329e-12 0 3.98826e-12 0
389.291 5.69314e-14 5.69313e-14 7.26964e-20 1.27691e-06 -0.000384126 9.21997e-13 0 1.20513e-12 0 1.54108e-12 0 1.76331e-12 0 1.93342e-12 0 2.07175e-12 0 2.1894e-12 0 2.29246e-12 0 2.38346e-12 0 2.46608e-12 0 2.54215e-12 0 2.61054e-12 0 2.67518e-12 0 2.73601e-12 0 2.79094e-12 0 2.84501e-12 0 2.89515e-12 0 2.94233e-12 0 2.98757e-12 0 3.03188e-12 0 3.07318e-12 0
409.273 5.15107e-14 5.15107e-14 5.94754e-20 1.15462e-06 -0.000370736 7.34154e-13 0 9.50831e-13 0 1.20634e-12 0 1.37467e-12 0 1.50323e-12 0 1.60762e-12 0 1.6963e-12 0 1.77392e-12 0 1.8424e-12 0 1.90455e-12 0 1.96174e-12 0 2.01313e-12 0 2.06168e-12 0 2.10736e-12 0 2.14859e-12 0 2.18917e-12 0 2.22678e-12 0 2.26217e-12 0 2.2961e-12 0 2.32932e-12 0 2.36028e-12 0
430.281 4.67219e-14 4.67218e-14 4.8685e-20 1.04202e-06 -0.000353737 5.83534e-13 0 7.49276e-13 0 9.43613e-13 0 1.07117e-12 0 1.16839e-12 0 1.24723e-12 0 1.31413e-12 0 1.37265e-12 0 1.42424e-12 0 1.47103e-12 0 1.51407e-12 0 1.55273e-12 0 1.58925e-12 0 1.62358e-12 0 1.65457e-12 0 1.68506e-12 0 1.71332e-12 0 1.7399e-12 0 1.76537e-12 0 1.79031e-12 0 1.81355e-12 0
452.368 4.23671e-14 4.2367e-14 3.98502e-20 9.40594e-07 -0.000336723 4.61836e-13 0 5.88242e-13 0 7.35691e-13 0 8.32147e-13 0 9.05524e-13 0 9.64951e-13 0 1.01534e-12 0 1.05937e-12 0 1.09818e-12 0 1.13336e-12 0 1.1657e-12 0 1.19474e-12 0 1.22216e-12 0 1.24794e-12 0 1.27119e-12 0 1.29407e-12 0 1.31527e-12 0 1.33521e-12 0 1.35431e-12 0 1.37301e-12 0 1.39043e-12 0
475.588 3.83743e-14 3.83743e-14 3.26104e-20 8.49798e-07 -0.000320739 3.63733e-13 0 4.59792e-13 0 5.71313e-13 0 6.44042e-13 0 6.99276e-13 0 7.43957e-13 0 7.81811e-13 0 8.1487e-13 0 8.43988e-13 0 8.70371e-13 0 8.94619e-13 0 9.16385e-13 0 9.36929e-13 0 9.56238e-13 0 9.73656e-13 0 9.90786e-13 0 1.00665e-12 0 1.02157e-12 0 1.03587e-12 0 1.04986e-12 0 1.06289e-12 0
500 3.47221e-14 3.4722e-14 2.66823e-20 7.68455e-07 -0.000305657 2.85166e-13 0 3.57925e-13 0 4.42032e-13 0 4.96728e-13 0 5.38203e-13 0 5.71719e-13 0 6.00093e-13 0 6.24858e-13 0 6.46659e-13 0 6.66405e-13 0 6.84547e-13 0 7.00827e-13 0 7.16189e-13 0 7.30624e-13 0 7.43642e-13 0 7.56443e-13 0 7.68298e-13 0 7.79444e-13 0 7.90122e-13 0 8.0057e-13 0 8.10302e-13 0
525.665 3.15674e-14 3.15674e-14 2.18456e-20 6.92032e-07 -0.000286244 2.23896e-13 0 2.79156e-13 0 3.42784e-13 0 3.84057e-13 0 4.15309e-13 0 4.40541e-13 0 4.61886e-13 0 4.80506e-13 0 4.96891e-13 0 5.11725e-13 0 5.25351e-13 0 5.37574e-13 0 5.49106e-13 0 5.59939e-13 0 5.69707e-13 0 5.7931e-13 0 5.88203e-13 0 5.96562e-13 0 6.04569e-13 0 6.12403e-13 0 6.19699e-13 0
552.648 2.86674e-14 2.86674e-14 1.78808e-20 6.23732e-07 -0.000268119 1.75051e-13 0 2.16895e-13 0 2.64904e-13 0 2.95973e-13 0 3.19469e-13 0 3.38422e-13 0 3.54445e-13 0 3.68417e-13 0 3.80706e-13 0 3.91828e-13 0 4.02041e-13 0 4.11201e-13 0 4.19841e-13 0 4.27955e-13 0 4.35271e-13 0 4.42462e-13 0 4.4912e-13 0 4.55378e-13 0 4.61371e-13 0 4.67234e-13 0 4.72694e-13 0
581.015 2.60037e-14 2.60037e-14 1.46317e-20 5.62679e-07 -0.000251232 1.36306e-13 0 1.67902e-13 0 2.04034e-13 0 2.27368e-13 0 2.44993e-13 0 2.59199e-13 0 2.71203e-13 0 2.81665e-13 0 2.90863e-13 0 2.99186e-13 0 3.06827e-13 0 3.13678e-13 0 3.20138e-13 0 3.26205e-13 0 3.31674e-13 0 3.37049e-13 0 3.42024e-13 0 3.46701e-13 0 3.51178e-13 0 3.55559e-13 0 3.59637e-13 0
610.839 2.35635e-14 2.35635e-14 1.19754e-20 5.0822e-07 -0.000235506 1.05741e-13 0 1.29536e-13 0 1.56668e-13 0 1.74155e-13 0 1.87351e-13 0 1.97979e-13 0 2.06955e-13 0 2.14774e-13 0 2.21648e-13 0 2.27865e-13 0 2.33571e-13 0 2.38686e-13 0 2.43509e-13 0 2.48038e-13 0 2.52119e-13 0 2.5613e-13 0 2.59842e-13 0 2.63331e-13 0 2.66671e-13 0 2.69938e-13 0 2.7298e-13 0
642.193 2.13314e-14 2.13314e-14 9.80392e-21 4.596e-07 -0.000220854 8.17391e-14 0 9.96177e-14 0 1.19948e-13 0 1.33028e-13 0 1.42888e-13 0 1.50826e-13 0 1.57526e-13 0 1.63361e-13 0 1.68488e-13 0 1.73124e-13 0 1.77379e-13 0 1.81192e-13 0 1.84787e-13 0 1.88161e-13 0 1.91203e-13 0 1.94191e-13 0 1.96956e-13 0 1.99555e-13 0 2.02043e-13 0 2.04476e-13 0 2.06742e-13 0
675.157 1.92895e-14 1.92894e-14 8.02402e-21 4.1598e-07 -0.000207177 6.29643e-14 0 7.63651e-14 0 9.15658e-14 0 1.0133e-13 0 1.08685e-13 0 1.14602e-13 0 1.19594e-13 0 1.2394e-13 0 1.27758e-13 0 1.3121e-13 0 1.34377e-13 0 1.37215e-13 0 1.3989e-13 0 1.42401e-13 0 1.44663e-13 0 1.46886e-13 0 1.48943e-13 0 1.50875e-13 0 1.52725e-13 0 1.54535e-13 0 1.56219e-13 0
709.813 1.74568e-14 1.74568e-14 6.56562e-21 3.76106e-07 -0.000193554 4.84312e-14 0 5.84719e-14 0 6.98358e-14 0 7.71252e-14 0 8.26112e-14 0 8.70223e-14 0 9.07428e-14 0 9.39807e-14 0 9.68244e-14 0 9.9395e-14 0 1.01753e-13 0 1.03865e-13 0 1.05856e-13 0 1.07725e-13 0 1.09409e-13 0 1.11063e-13 0 1.12593e-13 0 1.14031e-13 0 1.15407e-13 0 1.16753e-13 0 1.18006e-13 0
746.248 1.58622e-14 1.58622e-14 5.37518e-21 3.38867e-07 -0.000178794 3.73241e-14 0 4.48695e-14 0 5.33922e-14 0 5.88519e-14 0 6.29579e-14 0 6.62578e-14 0 6.90401e-14 0 7.14608e-14 0 7.35864e-14 0 7.55074e-14 0 7.72692e-14 0 7.88476e-14 0 8.03349e-14 0 8.17306e-14 0 8.2988e-14 0 8.42232e-14 0 8.5366e-14 0 8.64396e-14 0 8.74671e-14 0 8.8472e-14 0 8.94073e-14 0
784.553 1.43978e-14 1.43978e-14 4.40021e-21 3.05616e-07 -0.000165153 2.86763e-14 0 3.43351e-14 0 4.0715e-14 0 4.47972e-14 0 4.78652e-14 0 5.03299e-14 0 5.24072e-14 0 5.42142e-14 0 5.58005e-14 0 5.7234e-14 0 5.85484e-14 0 5.97259e-14 0 6.08352e-14 0 6.18762e-14 0 6.28139e-14 0 6.3735e-14 0 6.45871e-14 0 6.53876e-14 0 6.61537e-14 0 6.69028e-14 0 6.76e-14 0
824.824 1.30541e-14 1.3054e-14 3.60114e-21 2.75864e-07 -0.000152534 2.19665e-14 0 2.62019e-14 0 3.09692e-14 0 3.40162e-14 0 3.63049e-14 0 3.81427e-14 0 3.96913e-14 0 4.10381e-14 0 4.22202e-14 0 4.32882e-14 0 4.42673e-14 0 4.51444e-14 0 4.59706e-14 0 4.67459e-14 0 4.74442e-14 0 4.813e-14 0 4.87645e-14 0 4.93604e-14 0 4.99308e-14 0 5.04884e-14 0 5.10074e-14 0
867.163 1.1823e-14 1.1823e-14 2.94684e-21 2.49245e-07 -0.000140856 1.67791e-14 0 1.99434e-14 0 2.34994e-14 0 2.57701e-14 0 2.74748e-14 0 2.88432e-14 0 2.99959e-14 0 3.09981e-14 0 3.18777e-14 0 3.26723e-14 0 3.34007e-14 0 3.4053e-14 0 3.46675e-14 0 3.52441e-14 0 3.57634e-14 0 3.62733e-14 0 3.67451e-14 0 3.71882e-14 0 3.76122e-14 0 3.80268e-14 0 3.84126e-14 0
911.674 1.06989e-14 1.06989e-14 2.4128e-21 2.2552e-07 -0.000130064 1.27846e-14 0 1.51447e-14 0 1.77935e-14 0 1.94834e-14 0 2.07514e-14 0 2.1769e-14 0 2.26259e-14 0 2.33709e-14 0 2.40246e-14 0 2.4615e-14 0 2.51562e-14 0 2.56409e-14 0 2.60974e-14 0 2.65256e-14 0 2.69113e-14 0 2.72901e-14 0 2.76405e-14 0 2.79695e-14 0 2.82844e-14 0 2.85923e-14 0 2.88788e-14 0
958.471 9.671e-15 9.671e-15 1.975e-21 2.04219e-07 -0.000120061 9.71522e-15 0 1.14726e-14 0 1.34424e-14 0 1.46981e-14 0 1.56399e-14 0 1.63954e-14 0 1.70316e-14 0 1.75845e-14 0 1.80696e-14 0 1.85078e-14 0 1.89093e-14 0 1.92689e-14 0 1.96076e-14 0 1.99253e-14 0 2.02114e-14 0 2.04923e-14 0 2.07522e-14 0 2.09962e-14 0 2.12298e-14 0 2.14581e-14 0 2.16705e-14 0
1007.67 8.73934e-15 8.73934e-15 1.6162e-21 1.84933e-07 -0.000110677 7.36984e-15 0 8.67719e-15 0 1.0141e-14 0 1.10733e-14 0 1.17724e-14 0 1.23331e-14 0 1.2805e-14 0 1.32152e-14 0 1.3575e-14 0 1.39e-14 0 1.41977e-14 0 1.44644e-14 0 1.47155e-14 0 1.4951e-14 0 1.51631e-14 0 1.53714e-14 0 1.5564e-14 0 1.5745e-14 0 1.59181e-14 0 1.60873e-14 0 1.62448e-14 0
1059.39 7.92373e-15 7.92372e-15 1.32291e-21 1.66956e-07 -0.000101456 5.60156e-15 0 6.57685e-15 0 7.6677e-15 0 8.3621e-15 0 8.88253e-15 0 9.29983e-15 0 9.65107e-15 0 9.95627e-15 0 1.0224e-14 0 1.04657e-14 0 1.06872e-14 0 1.08855e-14 0 1.10723e-14 0 1.12475e-14 0 1.14052e-14 0 1.15601e-14 0 1.17033e-14 0 1.18378e-14 0 1.19666e-14 0 1.20924e-14 0 1.22095e-14 0
1113.77 7.17741e-15 7.17741e-15 1.08309e-21 1.50903e-07 -9.29645e-05 4.248e-15 0 4.97453e-15 0 5.78639e-15 0 6.30289e-15 0 6.68985e-15 0 7.00007e-15 0 7.26114e-15 0 7.48796e-15 0 7.68688e-15 0 7.86649e-15 0 8.03107e-15 0 8.17841e-15 0 8.31716e-15 0 8.44729e-15 0 8.56447e-15 0 8.67951e-15 0 8.78591e-15 0 8.88583e-15 0 8.98143e-15 0 9.07489e-15 0 9.16184e-15 0
1170.94 6.49429e-15 6.49429e-15 8.86479e-22 1.36501e-07 -8.51303e-05 3.21407e-15 0 3.75445e-15 0 4.3578e-15 0 4.74143e-15 0 5.02877e-15 0 5.25908e-15 0 5.45286e-15 0 5.62121e-15 0 5.76884e-15 0 5.90212e-15 0 6.02424e-15 0 6.13357e-15 0 6.23651e-15 0 6.33306e-15 0 6.41999e-15 0 6.50534e-15 0 6.58427e-15 0 6.65839e-15 0 6.72931e-15 0 6.79863e-15 0 6.86313e-15 0
1231.05 5.87533e-15 5.87533e-15 7.25392e-22 1.23464e-07 -7.78638e-05 2.42865e-15 0 2.83037e-15 0 3.27854e-15 0 3.56337e-15 0 3.77665e-15 0 3.94756e-15 0 4.09136e-15 0 4.21626e-15 0 4.32579e-15 0 4.42466e-15 0 4.51525e-15 0 4.59634e-15 0 4.6727e-15 0 4.74431e-15 0 4.80878e-15 0 4.87208e-15 0 4.93062e-15 0 4.98559e-15 0 5.03818e-15 0 5.08958e-15 0 5.13741e-15 0
1294.24 5.32623e-15 5.32623e-15 5.93906e-22 1.11506e-07 -7.11385e-05 1.83692e-15 0 2.13605e-15 0 2.46954e-15 0 2.6814e-15 0 2.83999e-15 0 2.96706e-15 0 3.07396e-15 0 3.16681e-15 0 3.24821e-15 0 3.3217e-15 0 3.38902e-15 0 3.44929e-15 0 3.50603e-15 0 3.55924e-15 0 3.60715e-15 0 3.65418e-15 0 3.69768e-15 0 3.73852e-15 0 3.77759e-15 0 3.81579e-15 0 3.85132e-15 0
1360.67 4.82513e-15 4.82513e-15 4.86186e-22 1.00761e-07 -6.49467e-05 1.38699e-15 0 1.60951e-15 0 1.85743e-15 0 2.01486e-15 0 2.13269e-15 0 2.22708e-15 0 2.30648e-15 0 2.37544e-15 0 2.4359e-15 0 2.49047e-15 0 2.54046e-15 0 2.58521e-15 0 2.62734e-15 0 2.66685e-15 0 2.70242e-15 0 2.73734e-15 0 2.76963e-15 0 2.79995e-15 0 2.82896e-15 0 2.85731e-15 0 2.8837e-15 0
1430.51 4.36654e-15 4.36654e-15 3.97903e-22 9.11254e-08 -5.92459e-05 1.04515e-15 0 1.21045e-15 0 1.39452e-15 0 1.51136e-15 0 1.59879e-15 0 1.66882e-15 0 1.72772e-15 0 1.77888e-15 0 1.82372e-15 0 1.8642e-15 0 1.90128e-15 0 1.93446e-15 0 1.96571e-15 0 1.99501e-15 0 2.02139e-15 0 2.04728e-15 0 2.07123e-15 0 2.09371e-15 0 2.11522e-15 0 2.13625e-15 0 2.15581e-15 0
1503.94 3.94863e-15 3.94863e-15 3.25622e-22 8.24645e-08 -5.40002e-05 7.86262e-16 0 9.08934e-16 0 1.04547e-15 0 1.1321e-15 0 1.19692e-15 0 1.24884e-15 0 1.29249e-15 0 1.3304e-15 0 1.36364e-15 0 1.39364e-15 0 1.42111e-15 0 1.44571e-15 0 1.46886e-15 0 1.49057e-15 0 1.51012e-15 0 1.5293e-15 0 1.54705e-15 0 1.5637e-15 0 1.57964e-15 0 1.59522e-15 0 1.60971e-15 0
1581.14 3.58244e-15 3.58244e-15 2.66621e-22 7.44243e-08 -4.92169e-05 5.92937e-16 0 6.8425e-16 0 7.85834e-16 0 8.50275e-16 0 8.98479e-16 0 9.37083e-16 0 9.69545e-16 0 9.97732e-16 0 1.02244e-15 0 1.04474e-15 0 1.06517e-15 0 1.08345e-15 0 1.10066e-15 0 1.1168e-15 0 1.13133e-15 0 1.14559e-15 0 1.15878e-15 0 1.17116e-15 0 1.18301e-15 0 1.19458e-15 0 1.20535e-15 0
1662.3 3.24691e-15 3.24691e-15 2.18248e-22 6.7217e-08 -4.48227e-05 4.46331e-16 0 5.14218e-16 0 5.89709e-16 0 6.37585e-16 0 6.73392e-16 0 7.02065e-16 0 7.26175e-16 0 7.47108e-16 0 7.65457e-16 0 7.82018e-16 0 7.97186e-16 0 8.10761e-16 0 8.23541e-16 0 8.35524e-16 0 8.46312e-16 0 8.56901e-16 0 8.66693e-16 0 8.75886e-16 0 8.84681e-16 0 8.93277e-16 0 9.01275e-16 0
1747.63 2.93967e-15 2.93967e-15 1.78602e-22 6.07557e-08 -4.07876e-05 3.35359e-16 0 3.85766e-16 0 4.41798e-16 0 4.77324e-16 0 5.03891e-16 0 5.25163e-16 0 5.43048e-16 0 5.58576e-16 0 5.72187e-16 0 5.84471e-16 0 5.95721e-16 0 6.0579e-16 0 6.15268e-16 0 6.24156e-16 0 6.32157e-16 0 6.4001e-16 0 6.47272e-16 0 6.5409e-16 0 6.60612e-16 0 6.66987e-16 0 6.72918e-16 0
1837.33 2.65908e-15 2.65908e-15 1.46194e-22 5.49793e-08 -3.70825e-05 2.51568e-16 0 2.88955e-16 0 3.305e-16 0 3.56834e-16 0 3.76526e-16 0 3.92291e-16 0 4.05546e-16 0 4.17053e-16 0 4.27139e-16 0 4.36241e-16 0 4.44578e-16 0 4.52038e-16 0 4.59061e-16 0 4.65647e-16 0 4.71574e-16 0 4.77393e-16 0 4.82773e-16 0 4.87825e-16 0 4.92657e-16 0 4.9738e-16 0 5.01774e-16 0
1931.64 2.40308e-15 2.40308e-15 1.19693e-22 4.98081e-08 -3.36797e-05 1.88412e-16 0 2.16112e-16 0 2.46883e-16 0 2.66384e-16 0 2.80964e-16 0 2.92637e-16 0 3.0245e-16 0 3.10969e-16 0 3.18436e-16 0 3.25173e-16 0 3.31345e-16 0 3.36867e-16 0 3.42066e-16 0 3.4694e-16 0 3.51328e-16 0 3.55635e-16 0 3.59618e-16 0 3.63356e-16 0 3.66933e-16 0 3.70429e-16 0 3.73681e-16 0
2030.79 2.18196e-15 2.18196e-15 9.79679e-23 4.48991e-08 -3.06108e-05 1.41684e-16 0 1.62301e-16 0 1.85197e-16 0 1.99704e-16 0 2.1055e-16 0 2.19232e-16 0 2.26531e-16 0 2.32867e-16 0 2.3842e-16 0 2.43431e-16 0 2.48021e-16 0 2.52128e-16 0 2.55994e-16 0 2.59619e-16 0 2.62882e-16 0 2.66084e-16 0 2.69046e-16 0 2.71826e-16 0 2.74486e-16 0 2.77085e-16 0 2.79504e-16 0
2135.03 2.00596e-15 2.00596e-15 8.01654e-23 3.99636e-08 -2.79426e-05 1.07812e-16 0 1.23347e-16 0 1.40594e-16 0 1.51521e-16 0 1.59689e-16 0 1.66227e-16 0 1.71724e-16 0 1.76495e-16 0 1.80676e-16 0 1.84449e-16 0 1.87905e-16 0 1.90997e-16 0 1.93908e-16 0 1.96637e-16 0 1.99094e-16 0 2.01505e-16 0 2.03735e-16 0 2.05828e-16 0 2.07831e-16 0 2.09788e-16 0 2.11608e-16 0
2244.63 1.84316e-15 1.84316e-15 6.56363e-23 3.56107e-08 -2.55173e-05 8.19464e-17 0 9.36437e-17 0 1.06628e-16 0 1.14852e-16 0 1.21e-16 0 1.25921e-16 0 1.30057e-16 0 1.33647e-16 0 1.36794e-16 0 1.39633e-16 0 1.42234e-16 0 1.44561e-16 0 1.46751e-16 0 1.48805e-16 0 1.50653e-16 0 1.52468e-16 0 1.54145e-16 0 1.5572e-16 0 1.57227e-16 0 1.587e-16 0 1.6007e-16 0
2359.84 1.69231e-15 1.69231e-15 5.37329e-23 3.17512e-08 -2.3306e-05 6.22058e-17 0 7.10062e-17 0 8.07727e-17 0 8.69583e-17 0 9.15815e-17 0 9.52818e-17 0 9.83921e-17 0 1.01092e-16 0 1.03458e-16 0 1.05593e-16 0 1.07548e-16 0 1.09298e-16 0 1.10945e-16 0 1.12489e-16 0 1.13879e-16 0 1.15243e-16 0 1.16504e-16 0 1.17688e-16 0 1.18821e-16 0 1.19928e-16 0 1.20958e-16 0
2480.97 1.55252e-15 1.55252e-15 4.39761e-23 2.83256e-08 -2.12873e-05 4.71574e-17 0 5.37722e-17 0 6.11117e-17 0 6.57597e-17 0 6.92334e-17 0 7.20135e-17 0 7.43503e-17 0 7.63786e-17 0 7.81561e-17 0 7.976e-17 0 8.12289e-17 0 8.25433e-17 0 8.37804e-17 0 8.49404e-17 0 8.59845e-17 0 8.70093e-17 0 8.79569e-17 0 8.88464e-17 0 8.96974e-17 0 9.0529e-17 0 9.13027e-17 0
2608.32 1.42314e-15 1.42314e-15 3.59889e-23 2.52884e-08 -1.94493e-05 3.57033e-17 0 4.06709e-17 0 4.61818e-17 0 4.96713e-17 0 5.22791e-17 0 5.43661e-17 0 5.61203e-17 0 5.76428e-17 0 5.89771e-17 0 6.0181e-17 0 6.12836e-17 0 6.22702e-17 0 6.31988e-17 0 6.40695e-17 0 6.48531e-17 0 6.56223e-17 0 6.63335e-17 0 6.70012e-17 0 6.76399e-17 0 6.82642e-17 0 6.88448e-17 0
2742.21 1.30359e-15 1.30359e-15 2.94674e-23 2.26049e-08 -1.77729e-05 2.69991e-17 0 3.07266e-17 0 3.48612e-17 0 3.7479e-17 0 3.94352e-17 0 4.10007e-17 0 4.23164e-17 0 4.34585e-17 0 4.44593e-17 0 4.53623e-17 0 4.61892e-17 0 4.69292e-17 0 4.76257e-17 0 4.82787e-17 0 4.88665e-17 0 4.94434e-17 0 4.99768e-17 0 5.04776e-17 0 5.09566e-17 0 5.14247e-17 0 5.18602e-17 0
2882.97 1.19299e-15 1.19299e-15 2.41212e-23 2.02192e-08 -1.62414e-05 2.03894e-17 0 2.31837e-17 0 2.62826e-17 0 2.82445e-17 0 2.97105e-17 0 3.08837e-17 0 3.18697e-17 0 3.27255e-17 0 3.34754e-17 0 3.41521e-17 0 3.47717e-17 0 3.53262e-17 0 3.58481e-17 0 3.63374e-17 0 3.67778e-17 0 3.72101e-17 0 3.76098e-17 0 3.7985e-17 0 3.8344e-17 0 3.86948e-17 0 3.90211e-17 0
3030.95 1.09072e-15 1.09072e-15 1.97396e-23 1.80978e-08 -1.48436e-05 1.53766e-17 0 1.74691e-17 0 1.97894e-17 0 2.12583e-17 0 2.23558e-17 0 2.32341e-17 0 2.39723e-17 0 2.46129e-17 0 2.51743e-17 0 2.56809e-17 0 2.61447e-17 0 2.65598e-17 0 2.69505e-17 0 2.73168e-17 0 2.76464e-17 0 2.797e-17 0 2.82692e-17 0 2.85501e-17 0 2.88188e-17 0 2.90814e-17 0 2.93256e-17 0
3186.53 9.96354e-16 9.96354e-16 1.61582e-23 1.62173e-08 -1.35663e-05 1.15817e-17 0 1.31472e-17 0 1.4883e-17 0 1.59818e-17 0 1.68027e-17 0 1.74596e-17 0 1.80118e-17 0 1.84909e-17 0 1.89108e-17 0 1.92897e-17 0 1.96366e-17 0 1.99471e-17 0 2.02393e-17 0 2.05132e-17 0 2.07598e-17 0 2.10018e-17 0 2.12255e-17 0 2.14356e-17 0 2.16365e-17 0 2.18329e-17 0 2.20156e-17 0
3350.09 9.09328e-16 9.09328e-16 1.3229e-23 1.45481e-08 -1.23992e-05 8.71218e-18 0 9.88231e-18 0 1.11796e-17 0 1.20007e-17 0 1.26142e-17 0 1.31051e-17 0 1.35177e-17 0 1.38757e-17 0 1.41895e-17 0 1.44726e-17 0 1.47318e-17 0 1.49638e-17 0 1.51821e-17 0 1.53868e-17 0 1.5571e-17 0 1.57519e-17 0 1.59191e-17 0 1.6076e-17 0 1.62262e-17 0 1.63729e-17 0 1.65094e-17 0
3522.05 8.29054e-16 8.29054e-16 1.0828e-23 1.30607e-08 -1.1326e-05 6.54463e-18 0 7.4183e-18 0 8.3868e-18 0 8.99978e-18 0 9.45775e-18 0 9.8242e-18 0 1.01322e-17 0 1.03995e-17 0 1.06337e-17 0 1.0845e-17 0 1.10385e-17 0 1.12116e-17 0 1.13746e-17 0 1.15274e-17 0 1.16649e-17 0 1.17999e-17 0 1.19247e-17 0 1.20418e-17 0 1.21539e-17 0 1.22634e-17 0 1.23653e-17 0
3702.84 7.55062e-16 7.55062e-16 8.86026e-24 1.17345e-08 -1.03593e-05 4.90948e-18 0 5.56108e-18 0 6.28334e-18 0 6.74044e-18 0 7.08194e-18 0 7.35519e-18 0 7.58483e-18 0 7.78413e-18 0 7.95876e-18 0 8.11633e-18 0 8.26061e-18 0 8.38971e-18 0 8.51123e-18 0 8.62515e-18 0 8.72769e-18 0 8.82833e-18 0 8.92138e-18 0 9.00873e-18 0 9.09229e-18 0 9.17395e-18 0 9.24992e-18 0
3892.91 6.87086e-16 6.87086e-16 7.25451e-24 1.05584e-08 -9.46096e-06 3.67857e-18 0 4.1641e-18 0 4.70225e-18 0 5.04281e-18 0 5.29724e-18 0 5.50081e-18 0 5.6719e-18 0 5.82037e-18 0 5.95048e-18 0 6.06786e-18 0 6.17535e-18 0 6.27153e-18 0 6.36205e-18 0 6.44692e-18 0 6.52331e-18 0 6.59828e-18 0 6.6676e-18 0 6.73268e-18 0 6.79493e-18 0 6.85576e-18 0 6.91235e-18 0
4092.73 6.24568e-16 6.24568e-16 5.93885e-24 9.50874e-09 -8.65302e-06 2.75252e-18 0 3.11392e-18 0 3.51445e-18 0 3.76791e-18 0 3.95726e-18 0 4.10876e-18 0 4.23608e-18 0 4.34658e-18 0 4.4434e-18 0 4.53075e-18 0 4.61074e-18 0 4.68232e-18 0 4.74969e-18 0 4.81284e-18 0 4.86969e-18 0 4.92548e-18 0 4.97707e-18 0 5.02549e-18 0 5.07182e-18 0 5.11709e-18 0 5.1592e-18 0
4302.81 5.67112e-16 5.67112e-16 4.86049e-24 8.57059e-09 -7.90044e-06 2.05675e-18 0 2.32544e-18 0 2.62321e-18 0 2.81164e-18 0 2.9524e-18 0 3.06502e-18 0 3.15967e-18 0 3.24181e-18 0 3.31378e-18 0 3.37871e-18 0 3.43818e-18 0 3.49138e-18 0 3.54146e-18 0 3.58841e-18 0 3.63066e-18 0 3.67213e-18 0 3.71048e-18 0 3.74648e-18 0 3.78091e-18 0 3.81456e-18 0 3.84586e-18 0
4523.68 5.14398e-16 5.14398e-16 3.97774e-24 7.73279e-09 -7.22613e-06 1.53482e-18 0 1.73437e-18 0 1.9555e-18 0 2.09542e-18 0 2.19995e-18 0 2.28359e-18 0 2.35387e-18 0 2.41486e-18 0 2.4683e-18 0 2.51652e-18 0 2.56068e-18 0 2.60018e-18 0 2.63737e-18 0 2.67223e-18 0 2.70361e-18 0 2.7344e-18 0 2.76287e-18 0 2.7896e-18 0 2.81517e-18 0 2.84016e-18 0 2.8634e-18 0
4755.88 4.66159e-16 4.66159e-16 3.25694e-24 6.98677e-09 -6.59263e-06 1.144e-18 0 1.29206e-18 0 1.45613e-18 0 1.55994e-18 0 1.63749e-18 0 1.69953e-18 0 1.75168e-18 0 1.79692e-18 0 1.83657e-18 0 1.87235e-18 0 1.9051e-18 0 1.93441e-18 0 1.962e-18 0 1.98786e-18 0 2.01114e-18 0 2.03398e-18 0 2.0551e-18 0 2.07493e-18 0 2.0939e-18 0 2.11244e-18 0 2.12968e-18 0
5000 4.21968e-16 4.21968e-16 2.66602e-24 6.31806e-09 -6.01103e-06 8.51529e-19 0 9.6126e-19 0 1.08285e-18 0 1.15978e-18 0 1.21725e-18 0 1.26323e-18 0 1.30187e-18 0 1.3354e-18 0 1.36478e-18 0 1.39129e-18 0 1.41556e-18 0 1.43728e-18 0 1.45772e-18 0 1.47688e-18 0 1.49413e-18 0 1.51106e-18 0 1.52671e-18 0 1.54141e-18 0 1.55546e-18 0 1.5692e-18 0 1.58198e-18 0
