# 1.4962e-06 1 65 : grain size, compostion index, size index
# Heating and cooling timescale: 66.8176 10996.7
# Ratio of heating to cooling to determine stochastic cutoff: 100
# Equilibrium emission is recorded even for those grains in the stochastic regime.
# Emission spectrum was computed for: 
# Type: IRSF
# Scales: 0.25 0.5 1 1.5 2 2.5 3 3.5 4 4.5 5 5.5 6 6.5 7 7.5 8 8.5 9 9.5 10
# StochasticallyHeated: 1 1 1 1 1 1 1 1 1 1 1 1 1 0 0 0 0 0 0 0 0
# Temperature: -1
# Wavelength  CExt  CAbs  CSca  Albedo G EqEm1 StEm1 EqEm2 StEm2 EqEm3 StEm3 EqEm4 StEm4 EqEm5 StEm5 EqEm6 StEm6 EqEm7 StEm7 EqEm8 StEm8 EqEm9 StEm9 EqEm10 StEm10 EqEm11 StEm11 EqEm12 StEm12 EqEm13 StEm13 EqEm14 StEm14 EqEm15 StEm15 EqEm16 StEm16 EqEm17 StEm17 EqEm18 StEm18 EqEm19 StEm19 EqEm20 StEm20 EqEm21 StEm21
0.05 2.95502e-12 2.36079e-12 5.94225e-13 0.20109 0.0438165 0 0 0 0 0 0 0 0 0 0 0 0 0 0 0 0 0 0 0 0 0 0 0 0 0 0 0 0 0 0 0 0 0 0 0 0 0 0 0 0 0 0
0.0525665 3.26617e-12 2.60937e-12 6.56794e-13 0.20109 0.0484302 0 0 0 0 0 0 0 0 0 0 0 0 0 0 0 0 0 0 0 0 0 0 0 0 0 0 0 0 0 0 0 0 0 0 0 0 0 0 0 0 0 0
0.0552647 3.61008e-12 2.88413e-12 7.25952e-13 0.20109 0.0535296 0 0 0 0 0 0 0 0 0 0 0 0 0 0 0 0 0 0 0 0 0 0 0 0 0 0 0 0 0 0 0 0 0 0 0 0 0 0 0 0 0 0
0.0581015 3.9902e-12 3.18781e-12 8.02391e-13 0.20109 0.059166 0 0 0 0 0 0 0 0 0 0 0 0 0 0 0 0 0 0 0 0 0 0 0 0 0 0 0 0 0 0 0 0 0 0 0 0 0 0 0 0 0 0
0.0610839 4.41035e-12 3.52347e-12 8.86878e-13 0.20109 0.0653959 0 0 0 0 0 0 0 0 0 0 0 0 0 0 0 0 0 0 0 0 0 0 0 0 0 0 0 0 0 0 0 0 0 0 0 0 0 0 0 0 0 0
0.0642193 4.87474e-12 3.89448e-12 9.80262e-13 0.20109 0.0722818 0 0 0 0 0 0 0 0 0 0 0 0 0 0 0 0 0 0 0 0 0 0 0 0 0 0 0 0 0 0 0 0 0 0 0 0 0 0 0 0 0 0
0.0675157 5.38803e-12 4.30455e-12 1.08348e-12 0.20109 0.0798927 0 0 0 0 0 0 0 0 0 0 0 0 0 0 0 0 0 0 0 0 0 0 0 0 0 0 0 0 0 0 0 0 0 0 0 0 0 0 0 0 0 0
0.0709813 5.95536e-12 4.75779e-12 1.19756e-12 0.20109 0.088305 0 0 0 0 0 0 0 0 0 0 0 0 0 0 0 0 0 0 0 0 0 0 0 0 0 0 0 0 0 0 0 0 0 0 0 0 0 0 0 0 0 0
0.0746248 6.58243e-12 5.25877e-12 1.32366e-12 0.20109 0.0976031 0 0 0 0 0 0 0 0 0 0 0 0 0 0 0 0 0 0 0 0 0 0 0 0 0 0 0 0 0 0 0 0 0 0 0 0 0 0 0 0 0 0
0.0784553 7.27552e-12 5.81249e-12 1.46304e-12 0.20109 0.10788 0 0 0 0 0 0 0 0 0 0 0 0 0 0 0 0 0 0 0 0 0 0 0 0 0 0 0 0 0 0 0 0 0 0 0 0 0 0 0 0 0 0
0.0824824 8.0416e-12 6.42451e-12 1.61709e-12 0.20109 0.119239 0 0 0 0 0 0 0 0 0 0 0 0 0 0 0 0 0 0 0 0 0 0 0 0 0 0 0 0 0 0 0 0 0 0 0 0 0 0 0 0 0 0
0.0867162 8.88835e-12 7.10099e-12 1.78736e-12 0.20109 0.131795 0 0 0 0 0 0 0 0 0 0 0 0 0 0 0 0 0 0 0 0 0 0 0 0 0 0 0 0 0 0 0 0 0 0 0 0 0 0 0 0 0 0
0.0911674 9.82425e-12 7.84869e-12 1.97556e-12 0.20109 0.145672 0 0 0 0 0 0 0 0 0 0 0 0 0 0 0 0 0 0 0 0 0 0 0 0 0 0 0 0 0 0 0 0 0 0 0 0 0 0 0 0 0 0
0.095847 1.08587e-11 8.67512e-12 2.18358e-12 0.20109 0.161011 0 0 0 0 0 0 0 0 0 0 0 0 0 0 0 0 0 0 0 0 0 0 0 0 0 0 0 0 0 0 0 0 0 0 0 0 0 0 0 0 0 0
0.100767 1.17573e-11 9.40236e-12 2.35492e-12 0.200295 0.173505 0 0 0 0 0 0 0 0 0 0 0 0 0 0 0 0 0 0 0 0 0 0 0 0 0 0 0 0 0 0 0 0 0 0 0 0 0 0 0 0 0 0
0.105939 1.12797e-11 9.07251e-12 2.20723e-12 0.195681 0.164574 0 0 0 0 0 0 0 0 0 0 0 0 0 0 0 0 0 0 0 0 0 0 0 0 0 0 0 0 0 0 0 0 0 0 0 0 0 0 0 0 0 0
0.111377 1.0609e-11 8.57838e-12 2.0306e-12 0.191404 0.15439 0 0 0 0 0 0 0 0 0 0 0 0 0 0 0 0 0 0 0 0 0 0 0 0 0 0 0 0 0 0 0 0 0 0 0 0 0 0 0 0 0 0
0.117094 9.78481e-12 7.94318e-12 1.84163e-12 0.188213 0.143815 0 0 0 0 0 0 0 0 0 0 0 0 0 0 0 0 0 0 0 0 0 0 0 0 0 0 0 0 0 0 0 0 0 0 0 0 0 0 0 0 0 0
0.123105 8.73344e-12 7.10648e-12 1.62697e-12 0.186291 0.133585 0 0 0 0 0 0 0 0 0 0 0 0 0 0 0 0 0 0 0 0 0 0 0 0 0 0 0 0 0 0 0 0 0 0 0 0 0 0 0 0 0 0
0.129424 7.55834e-12 6.16563e-12 1.3927e-12 0.18426 0.124078 0 0 0 0 0 0 0 0 0 0 0 0 0 0 0 0 0 0 0 0 0 0 0 0 0 0 0 0 0 0 0 0 0 0 0 0 0 0 0 0 0 0
0.136067 6.39714e-12 5.20112e-12 1.19601e-12 0.186961 0.115632 0 0 0 0 0 0 0 0 0 0 0 0 0 0 0 0 0 0 0 0 0 0 0 0 0 0 0 0 0 0 0 0 0 0 0 0 0 0 0 0 0 0
0.143051 5.04036e-12 4.04877e-12 9.9159e-13 0.19673 0.109312 0 0 0 0 0 0 0 0 0 0 0 0 0 0 0 0 0 0 0 0 0 0 0 0 0 0 0 0 0 0 0 0 0 0 0 0 0 0 0 0 0 0
0.150394 3.64148e-12 2.86085e-12 7.80631e-13 0.214372 0.104122 0 0 0 0 0 0 0 0 0 0 0 0 0 0 0 0 0 0 0 0 0 0 0 0 0 0 0 0 0 0 0 0 0 0 0 0 0 0 0 0 0 0
0.158114 2.45263e-12 1.86672e-12 5.85917e-13 0.238893 0.0948092 0 0 0 0 0 0 0 0 0 0 0 0 0 0 0 0 0 0 0 0 0 0 0 0 0 0 0 0 0 0 0 0 0 0 0 0 0 0 0 0 0 0
0.16623 1.61505e-12 1.18722e-12 4.27827e-13 0.2649 0.0836748 0 0 0 0 0 0 0 0 0 0 0 0 0 0 0 0 0 0 0 0 0 0 0 0 0 0 0 0 0 0 0 0 0 0 0 0 0 0 0 0 0 0
0.174762 1.13712e-12 8.23261e-13 3.13858e-13 0.276012 0.0733915 0 0 0 0 0 0 0 0 0 0 0 0 0 0 0 0 0 0 0 0 0 0 0 0 0 0 0 0 0 0 0 0 0 0 0 0 0 0 0 0 0 0
0.183733 8.03469e-13 5.7227e-13 2.31199e-13 0.287751 0.0644978 0 0 0 0 0 0 0 0 0 0 0 0 0 0 0 0 0 0 0 0 0 0 0 0 0 0 0 0 0 0 0 0 0 0 0 0 0 0 0 0 0 0
0.193164 5.95553e-13 4.23498e-13 1.72055e-13 0.288899 0.0569486 0 0 0 0 0 0 0 0 0 0 0 0 0 0 0 0 0 0 0 0 0 0 0 0 0 0 0 0 0 0 0 0 0 0 0 0 0 0 0 0 0 0
0.203079 5.13952e-13 3.84048e-13 1.29904e-13 0.252756 0.0504903 0 0 0 0 0 0 0 0 0 0 0 0 0 0 0 0 0 0 0 0 0 0 0 0 0 0 0 0 0 0 0 0 0 0 0 0 0 0 0 0 0 0
0.213503 4.62302e-13 3.6239e-13 9.99116e-14 0.216118 0.0448942 0 0 0 0 0 0 0 0 0 0 0 0 0 0 0 0 0 0 0 0 0 0 0 0 0 0 0 0 0 0 0 0 0 0 0 0 0 0 0 0 0 0
0.224463 4.1661e-13 3.38318e-13 7.82919e-14 0.187926 0.0400534 0 0 0 0 0 0 0 0 0 0 0 0 0 0 0 0 0 0 0 0 0 0 0 0 0 0 0 0 0 0 0 0 0 0 0 0 0 0 0 0 0 0
0.235984 3.81309e-13 3.19531e-13 6.17777e-14 0.162015 0.0358662 0 0 0 0 0 0 0 0 0 0 0 0 0 0 0 0 0 0 0 0 0 0 0 0 0 0 0 0 0 0 0 0 0 0 0 0 0 0 0 0 0 0
0.248097 3.52116e-13 3.03092e-13 4.9024e-14 0.139227 0.0322075 0 0 0 0 0 0 0 0 0 0 0 0 0 0 0 0 0 0 0 0 0 0 0 0 0 0 0 0 0 0 0 0 0 0 0 0 0 0 0 0 0 0
0.260832 3.28132e-13 2.8897e-13 3.91619e-14 0.119348 0.0289701 0 0 0 0 0 0 0 0 0 0 0 0 0 0 0 0 0 0 0 0 0 0 0 0 0 0 0 0 0 0 0 0 0 0 0 0 0 0 0 0 0 0
0.274221 3.06841e-13 2.75433e-13 3.1408e-14 0.102359 0.0260848 0 0 0 0 0 0 0 0 0 0 0 0 0 0 0 0 0 0 0 0 0 0 0 0 0 0 0 0 0 0 0 0 0 0 0 0 0 0 0 0 0 0
0.288297 2.87581e-13 2.62299e-13 2.52827e-14 0.087915 0.0235115 0 0 0 0 0 0 0 0 0 0 0 0 0 0 0 0 0 0 0 0 0 0 0 0 0 0 0 0 0 0 0 0 0 0 0 0 0 0 0 0 0 0
0.303095 2.70012e-13 2.49609e-13 2.04034e-14 0.0755647 0.0212078 0 0 0 0 0 0 0 0 0 0 0 0 0 0 0 0 0 0 0 0 0 0 0 0 0 0 0 0 0 0 0 0 0 0 0 0 0 0 0 0 0 0
0.318653 2.53857e-13 2.3735e-13 1.65073e-14 0.0650259 0.0191379 0 0 0 0 0 0 0 0 0 0 0 0 0 0 0 0 0 0 0 0 0 0 0 0 0 0 0 0 0 0 0 0 0 0 0 0 0 0 0 0 0 0
0.335009 2.38969e-13 2.25586e-13 1.33833e-14 0.0560044 0.0172769 0 0 0 0 0 0 0 0 0 0 0 0 0 0 0 0 0 0 0 0 0 0 0 0 0 0 0 0 0 0 0 0 0 0 0 0 0 0 0 0 0 0
0.352205 2.25211e-13 2.14343e-13 1.0868e-14 0.048257 0.015603 0 0 0 0 0 0 0 0 0 0 0 0 0 0 0 0 0 0 0 0 0 0 0 0 0 0 0 0 0 0 0 0 0 0 0 0 0 0 0 0 0 0
0.370284 2.12428e-13 2.03585e-13 8.84255e-15 0.0416262 0.0140956 0 0 0 0 0 0 0 0 0 0 0 0 0 0 0 0 0 0 0 0 0 0 0 0 0 0 0 0 0 0 0 0 0 0 0 0 0 0 0 0 0 0
0.389291 2.00544e-13 1.93343e-13 7.20055e-15 0.0359051 0.0127372 0 0 0 0 0 0 0 0 0 0 0 0 0 0 0 0 0 0 0 0 0 0 0 0 0 0 0 0 0 0 0 0 0 0 0 0 0 0 0 0 0 0
0.409273 1.89449e-13 1.83578e-13 5.87172e-15 0.0309936 0.0115118 0 0 0 0 0 0 0 0 0 0 0 0 0 0 0 0 0 0 0 0 0 0 0 0 0 0 0 0 0 0 0 0 0 0 0 0 0 0 0 0 0 0
0.430281 1.79103e-13 1.74312e-13 4.79158e-15 0.0267532 0.0104052 0 0 0 0 0 0 0 0 0 0 0 0 0 0 0 0 0 0 0 0 0 0 0 0 0 0 0 0 0 0 0 0 0 0 0 0 0 0 0 0 0 0
0.452368 1.69405e-13 1.65492e-13 3.91312e-15 0.0230992 0.00940879 0 0 0 0 0 0 0 0 0 0 0 0 0 0 0 0 0 0 0 0 0 0 0 0 0 0 0 0 0 0 0 0 0 0 0 0 0 0 0 0 0 0
0.475588 1.60312e-13 1.57114e-13 3.1975e-15 0.0199455 0.00850787 0 0 0 0 0 0 0 0 0 0 0 0 0 0 0 0 0 0 0 0 0 0 0 0 0 0 0 0 0 0 0 0 0 0 0 0 0 0 0 0 0 0
0.5 1.51774e-13 1.4916e-13 2.61437e-15 0.0172254 0.00769339 0 0 0 0 0 0 0 0 0 0 0 0 0 0 0 0 0 0 0 0 0 0 0 0 0 0 0 0 0 0 0 0 0 0 0 0 0 0 0 0 0 0
0.525665 1.43747e-13 1.41608e-13 2.13916e-15 0.0148814 0.00695723 0 0 0 0 0 0 0 0 0 0 0 0 0 0 0 0 0 0 0 0 0 0 0 0 0 0 0 0 0 0 0 0 0 0 0 0 0 0 0 0 0 0
0.552648 1.36177e-13 1.34425e-13 1.7513e-15 0.0128605 0.00629237 0 0 0 0 0 0 0 0 0 0 0 0 0 0 0 0 0 0 0 0 0 0 0 0 0 0 0 0 0 0 0 0 0 0 0 0 0 0 0 0 0 0
0.581015 1.29079e-13 1.27646e-13 1.43334e-15 0.0111044 0.00569248 0 0 0 0 0 0 0 0 0 0 0 0 0 0 0 0 0 0 0 0 0 0 0 0 0 0 0 0 0 0 0 0 0 0 0 0 0 0 0 0 0 0
0.610839 1.22384e-13 1.2121e-13 1.17335e-15 0.00958749 0.0051493 0 0 0 0 0 0 0 0 0 0 0 0 0 0 0 0 0 0 0 0 0 0 0 0 0 0 0 0 0 0 0 0 0 0 0 0 0 0 0 0 0 0
0.642193 1.16016e-13 1.15055e-13 9.61102e-16 0.00828424 0.00465757 0 0 0 0 0 0 0 0 0 0 0 0 0 0 0 0 0 0 0 0 0 0 0 0 0 0 0 0 0 0 0 0 0 0 0 0 0 0 0 0 0 0
0.675157 1.10035e-13 1.09248e-13 7.87225e-16 0.00715429 0.00421384 0 0 0 0 0 0 0 0 0 0 0 0 0 0 0 0 0 0 0 0 0 0 0 0 0 0 0 0 0 0 0 0 0 0 0 0 0 0 0 0 0 0
0.709813 1.04419e-13 1.03774e-13 6.44717e-16 0.00617432 0.00381247 0 0 0 0 0 0 0 0 0 0 0 0 0 0 0 0 0 0 0 0 0 0 0 0 0 0 0 0 0 0 0 0 0 0 0 0 0 0 0 0 0 0
0.746248 9.91249e-14 9.85968e-14 5.28114e-16 0.00532777 0.00344908 0 0 0 0 0 0 0 0 0 0 0 0 0 0 0 0 0 0 0 0 0 0 0 0 0 0 0 0 0 0 0 0 0 0 0 0 0 0 0 0 0 0
0.784553 9.41235e-14 9.3691e-14 4.32471e-16 0.00459472 0.00312008 0 0 0 0 0 0 0 0 0 0 0 0 0 0 0 0 0 0 0 0 0 0 0 0 0 0 0 0 0 0 0 0 0 0 0 0 0 0 0 0 0 0
0.824824 8.93974e-14 8.90433e-14 3.54189e-16 0.00396196 0.0028231 0 0 0 0 0 0 0 0 0 0 0 0 0 0 0 0 0 0 0 0 0 0 0 0 0 0 0 0 0 0 0 0 0 0 0 0 0 0 0 0 0 0
0.867162 8.49051e-14 8.4615e-14 2.9006e-16 0.00341629 0.00255451 0 0 0 0 0 0 0 0 0 0 0 0 0 0 0 0 0 0 0 0 0 0 0 0 0 0 0 0 0 0 0 0 0 0 0 0 0 0 0 0 0 0
0.911674 8.07162e-14 8.04788e-14 2.37424e-16 0.00294147 0.00231131 0 0 0 0 0 0 0 0 0 0 0 0 0 0 0 0 0 0 0 0 0 0 0 0 0 0 0 0 0 0 0 0 0 0 0 0 0 0 0 0 0 0
0.95847 7.67919e-14 7.65977e-14 1.94187e-16 0.00252874 0.0020912 0 0 0 0 0 0 0 0 0 0 0 0 0 0 0 0 0 0 0 0 0 0 0 0 0 0 0 0 0 0 0 0 0 0 0 0 0 0 0 0 0 0
1.00767 7.30813e-14 7.29229e-14 1.58431e-16 0.00216787 0.0018922 0 0 0 0 0 0 0 0 0 0 0 0 0 0 0 0 0 0 0 0 0 0 0 0 0 0 0 0 0 0 0 0 0 0 0 0 0 0 0 0 0 0
1.05939 7.11156e-14 7.09863e-14 1.2929e-16 0.00181802 0.00171221 0 0 0 0 0 0 0 0 0 0 0 0 0 0 0 0 0 0 0 0 0 0 0 0 0 0 0 0 0 0 0 0 0 0 0 0 0 0 0 0 0 0
1.11377 6.9475e-14 6.93694e-14 1.05666e-16 0.00152092 0.00154923 0 0 0 0 0 0 0 0 0 0 0 0 0 0 0 0 0 0 0 0 0 0 0 0 0 0 0 0 0 0 0 0 0 0 0 0 0 0 0 0 0 0
1.17094 6.81363e-14 6.80498e-14 8.65305e-17 0.00126996 0.00140162 0 0 0 0 0 0 0 0 0 0 0 0 0 0 0 0 0 0 0 0 0 0 0 0 0 0 0 0 0 0 0 0 0 0 0 0 0 0 0 0 0 0
1.23105 6.69507e-14 6.68799e-14 7.08372e-17 0.00105805 0.00126809 0 0 0 0 0 0 0 0 0 0 0 0 0 0 0 0 0 0 0 0 0 0 0 0 0 0 0 0 0 0 0 0 0 0 0 0 0 0 0 0 0 0
1.29424 6.56658e-14 6.56077e-14 5.80229e-17 0.00088361 0.00114734 0 0 0 0 0 0 0 0 0 0 0 0 0 0 0 0 0 0 0 0 0 0 0 0 0 0 0 0 0 0 0 0 0 0 0 0 0 0 0 0 0 0
1.36067 6.42337e-14 6.4186e-14 4.77293e-17 0.000743058 0.00103815 0 0 0 0 0 0 0 0 0 0 0 0 0 0 0 0 0 0 0 0 0 0 0 0 0 0 0 0 0 0 0 0 0 0 0 0 0 0 0 0 0 0
1.43051 6.27059e-14 6.26671e-14 3.88336e-17 0.000619298 0.000939135 0 0 0 0 0 0 0 0 0 0 0 0 0 0 0 0 0 0 0 0 0 0 0 0 0 0 0 0 0 0 0 0 0 0 0 0 0 0 0 0 0 0
1.50394 6.11358e-14 6.11041e-14 3.17418e-17 0.000519202 0.000849602 0 0 0 0 0 0 0 0 0 0 0 0 0 0 0 0 0 0 0 0 0 0 0 0 0 0 0 0 0 0 0 0 0 0 0 0 0 0 0 0 0 0
1.58114 5.96207e-14 5.95947e-14 2.59732e-17 0.000435641 0.000768705 0 0 0 0 0 0 0 0 0 0 0 0 0 0 0 0 0 0 0 0 0 0 0 0 0 0 0 0 0 0 0 0 0 0 0 0 0 0 0 0 0 0
1.6623 5.82388e-14 5.82175e-14 2.12514e-17 0.000364901 0.000695377 0 0 0 0 0 0 0 0 0 0 0 0 0 0 0 0 0 0 0 0 0 0 0 0 0 0 0 0 0 0 0 0 0 0 0 0 0 0 0 0 0 0
1.74763 5.70679e-14 5.70505e-14 1.73856e-17 0.000304647 0.000628996 0 0 0 0 0 0 0 0 0 0 0 0 0 0 0 0 0 0 0 0 0 0 0 0 0 0 0 0 0 0 0 0 0 0 0 0 0 0 0 0 0 0
1.83733 5.61914e-14 5.61772e-14 1.42169e-17 0.000253008 0.000568876 0 0 0 0 0 0 0 0 0 0 0 0 0 0 0 0 0 0 0 0 0 0 0 0 0 0 0 0 0 0 0 0 0 0 0 0 0 0 0 0 0 0
1.93164 5.56485e-14 5.56369e-14 1.16219e-17 0.000208845 0.000514565 0 0 0 0 0 0 0 0 0 0 0 0 0 0 0 0 0 0 0 0 0 0 0 0 0 0 0 0 0 0 0 0 0 0 0 0 0 0 0 0 0 0
2.03079 5.54358e-14 5.54263e-14 9.50582e-18 0.000171474 0.000465428 0 0 0 0 0 0 0 0 0 0 0 0 0 0 0 0 0 0 0 0 0 0 0 0 0 0 0 0 0 0 0 0 0 0 0 0 0 0 0 0 0 0
2.13503 5.54736e-14 5.54658e-14 7.78244e-18 0.000140291 0.000420901 0 0 0 0 0 0 0 0 0 0 0 0 0 0 0 0 0 0 0 0 0 0 0 0 0 0 0 0 0 0 0 0 0 0 0 0 0 0 0 0 0 0
2.24463 5.55784e-14 5.5572e-14 6.37715e-18 0.000114741 0.00038057 0 0 0 0 0 0 0 0 0 0 0 0 0 0 0 0 0 0 0 0 0 0 0 0 0 0 0 0 0 0 0 0 0 0 0 0 0 0 0 0 0 0
2.35984 5.56996e-14 5.56944e-14 5.22869e-18 9.3873e-05 0.000344139 0 0 0 0 0 0 0 0 0 0 0 0 0 0 0 0 0 0 0 0 0 0 0 0 0 0 0 0 0 0 0 0 0 0 0 0 0 0 0 0 0 0
2.48097 5.5908e-14 5.59037e-14 4.28859e-18 7.6708e-05 0.000311128 0 0 0 0 0 0 0 0 0 0 0 0 0 0 0 0 0 0 0 0 0 0 0 0 0 0 0 0 0 0 0 0 0 0 0 0 0 0 0 0 0 0
2.60832 5.62139e-14 5.62103e-14 3.51969e-18 6.26125e-05 0.000281249 0 0 0 0 0 0 0 0 0 0 0 0 0 0 0 0 0 0 0 0 0 0 0 0 0 0 0 0 0 0 0 0 0 0 0 0 0 0 0 0 0 0
2.74221 5.66893e-14 5.66864e-14 2.89089e-18 5.09953e-05 0.000254214 0 0 0 0 0 0 0 0 0 0 0 0 0 0 0 0 0 0 0 0 0 0 0 0 0 0 0 0 0 0 0 0 0 0 0 0 0 0 0 0 0 0
2.88297 5.73443e-14 5.73419e-14 2.37843e-18 4.14764e-05 0.000229732 0 0 0 0 0 0 0 0 0 0 0 0 0 0 0 0 0 0 0 0 0 0 0 0 0 0 0 0 0 0 0 0 0 0 0 0 0 0 0 0 0 0
3.03095 5.81638e-14 5.81619e-14 1.96431e-18 3.3772e-05 0.000207592 0 0 0 0 0 0 0 0 0 0 0 0 0 0 0 0 0 0 0 0 0 0 0 0 0 0 0 0 0 0 0 0 0 0 0 0 0 0 0 0 0 0
3.18653 5.84407e-14 5.84391e-14 1.62613e-18 2.78252e-05 0.000187548 0 0 0 0 0 0 0 0 0 0 0 0 0 0 0 0 0 0 0 0 0 0 0 0 0 0 0 0 0 0 0 0 0 0 0 0 0 0 0 0 0 0
3.35009 5.99162e-14 5.99149e-14 1.32955e-18 2.21902e-05 0.000169394 0 0 0 0 0 0 0 0 0 0 0 0 0 0 0 0 0 0 0 0 0 0 0 0 0 0 0 0 0 0 0 0 0 0 0 0 0 0 0 0 0 0
3.52205 5.97007e-14 5.96995e-14 1.15689e-18 1.93782e-05 0.000152959 0 0 0 0 0 0 0 0 0 0 0 0 0 0 0 0 0 0 0 0 0 0 0 0 0 0 0 0 0 0 0 0 0 0 0 0 0 0 0 0 0 0
3.70284 5.5727e-14 5.5726e-14 9.41115e-19 1.6888e-05 0.000138096 0 0 0 0 0 0 0 0 0 0 0 0 0 0 0 0 0 0 0 0 0 0 0 0 0 0 0 0 0 0 0 0 0 0 0 0 0 0 0 0 0 0
3.89291 5.45911e-14 5.45903e-14 7.71157e-19 1.41261e-05 0.000124626 0 0 0 0 0 0 0 0 0 0 0 0 0 0 0 0 0 0 0 0 0 0 0 0 0 0 0 0 0 0 0 0 0 0 0 0 0 0 0 0 0 0
4.09273 5.36991e-14 5.36985e-14 6.32346e-19 1.17757e-05 0.00011241 0 0 0 0 0 0 0 0 0 0 0 0 0 0 0 0 0 0 0 0 0 0 0 0 0 0 0 0 0 0 0 0 0 0 0 0 0 0 0 0 0 0
4.30281 5.3053e-14 5.30525e-14 5.18738e-19 9.77773e-06 0.000101341 0 0 0 0 0 0 0 0 0 0 0 0 0 0 0 0 0 0 0 0 0 0 0 0 0 0 0 0 0 0 0 0 0 0 0 0 0 0 0 0 0 0
4.52368 5.26754e-14 5.2675e-14 4.25983e-19 8.08695e-06 9.13245e-05 0 0 0 0 0 0 0 0 0 0 0 0 0 0 0 0 0 0 0 0 0 0 0 0 0 0 0 0 0 0 0 0 0 0 0 0 0 0 0 0 0 0
4.75588 5.2494e-14 5.24937e-14 3.50402e-19 6.67509e-06 8.22369e-05 0 0 0 0 0 0 0 0 0 0 0 0 0 0 0 0 0 0 0 0 0 0 0 0 0 0 0 0 0 0 0 0 0 0 0 0 0 0 0 0 0 0
5 5.23626e-14 5.23623e-14 2.88817e-19 5.51572e-06 7.39737e-05 0 0 0 0 0 0 0 0 0 0 0 0 0 0 0 0 0 0 0 0 0 0 0 0 0 0 0 0 0 0 0 0 0 0 0 0 0 0 0 0 0 0
5.25665 5.21548e-14 5.21546e-14 2.38315e-19 4.56937e-06 6.64648e-05 0 0 0 0 0 0 0 0 0 0 0 0 0 0 0 0 0 0 0 1.4013e-45 0 2.8026e-45 0 5.60519e-45 0 1.26117e-44 0 0 0 0 0 0 0 0 0 0 0 0 0 0 0 0
5.52648 5.18779e-14 5.18777e-14 1.9664e-19 3.79044e-06 5.96681e-05 0 0 0 0 0 0 0 0 0 0 0 0 0 1.4013e-45 0 5.60519e-45 0 1.68156e-44 0 4.90454e-44 0 1.28919e-43 0 3.11088e-43 0 7.00649e-43 0 0 0 0 0 0 0 0 0 0 0 0 0 0 1.4013e-45 0
5.81015 5.1494e-14 5.14939e-14 1.62062e-19 3.14719e-06 5.34731e-05 0 0 0 0 0 0 0 0 0 1.4013e-45 0 1.26117e-44 0 6.72623e-44 0 2.57839e-43 0 8.40779e-43 0 2.3794e-42 0 6.08724e-42 0 1.43101e-41 0 3.13821e-41 0 0 0 0 1.4013e-45 0 2.8026e-45 0 7.00649e-45 0 1.68156e-44 0 3.78351e-44 0 8.40779e-44 0
6.10839 5.10619e-14 5.10618e-14 1.33297e-19 2.6105e-06 4.78423e-05 0 0 0 0 0 0 0 9.80909e-45 0 9.52883e-44 0 5.92749e-43 0 3.08005e-42 0 1.12552e-41 0 3.54276e-41 0 9.72515e-41 0 2.41741e-40 0 5.5354e-40 2.8026e-45 1.18474e-39 8.40779e-45 0 2.8026e-44 0 8.12753e-44 0 2.22806e-43 0 5.70328e-43 0 1.37748e-42 0 3.08005e-42 0 6.53425e-42 0
6.42193 5.05679e-14 5.05677e-14 1.09236e-19 2.16019e-06 4.27051e-05 0 0 0 0 0 2.10195e-44 0 4.38606e-43 0 4.06797e-42 0 2.39804e-41 0 1.18225e-40 0 4.15755e-40 0 1.26394e-39 2.8026e-45 3.36499e-39 1.26117e-44 8.13442e-39 5.46506e-44 1.8156e-38 2.11596e-43 3.79492e-38 7.18866e-43 0 2.2687e-42 0 6.27361e-42 0 1.62957e-41 0 3.98894e-41 0 9.22741e-41 0 1.98474e-40 0 4.05803e-40 0
6.75157 5.0212e-14 5.02119e-14 8.88134e-20 1.76877e-06 3.79708e-05 0 0 0 7.00649e-45 0 8.87022e-43 0 1.69753e-41 0 1.47749e-40 0 8.2706e-40 0 3.87336e-39 4.2039e-45 1.31202e-38 3.22299e-44 3.85571e-38 2.0459e-43 9.96328e-38 1.00333e-42 2.34393e-37 4.28377e-42 5.10285e-37 1.54073e-41 1.04223e-36 4.92612e-41 0 1.46843e-40 0 3.86482e-40 0 9.5826e-40 0 2.24526e-39 0 4.98552e-39 0 1.03299e-38 0 2.03959e-38 0
7.09813 4.9402e-14 4.94019e-14 7.21672e-20 1.46081e-06 3.35127e-05 0 4.2039e-45 0 3.04082e-43 0 3.15208e-41 0 5.55141e-40 0 4.54142e-39 1.4013e-45 2.41734e-38 2.94273e-44 1.07714e-37 3.29305e-43 3.5177e-37 2.52794e-42 1.00018e-36 1.45511e-41 2.51041e-36 6.61357e-41 5.75152e-36 2.6307e-40 1.22208e-35 8.88945e-40 2.44045e-35 2.68534e-39 0 7.58899e-39 0 1.90519e-38 0 4.51895e-38 0 1.0157e-37 0 2.16918e-37 0 4.33744e-37 0 8.28432e-37 0
7.46248 4.87459e-14 4.87459e-14 5.7196e-20 1.17335e-06 2.91733e-05 0 1.59748e-43 0 1.05462e-41 0 9.61836e-40 0 1.56247e-38 4.2039e-45 1.20331e-37 1.44334e-43 6.09836e-37 2.30373e-42 2.5893e-36 2.27305e-41 8.16018e-36 1.57668e-40 2.2467e-35 8.33411e-40 5.48147e-35 3.51791e-39 1.22383e-34 1.3081e-38 2.53952e-34 4.1651e-38 4.96126e-34 1.19209e-37 0 3.20232e-37 0 7.68602e-37 0 1.74778e-36 0 3.77611e-36 0 7.77113e-36 0 1.5022e-35 0 2.77991e-35 0
7.84553 4.80641e-14 4.8064e-14 4.32921e-20 9.00715e-07 2.50339e-05 0 5.32213e-42 0 3.13741e-40 0 2.52685e-38 4.2039e-45 3.79406e-37 3.61535e-43 2.75494e-36 1.02407e-41 1.331e-35 1.424e-40 5.39275e-35 1.25661e-39 1.64152e-34 7.92994e-39 4.38004e-34 3.86438e-38 1.0395e-33 1.52044e-37 2.26317e-33 5.30248e-37 4.58905e-33 1.59553e-36 8.77556e-33 4.33802e-36 0 1.11044e-35 0 2.55368e-35 0 5.57869e-35 0 1.16079e-34 0 2.30617e-34 0 4.31678e-34 0 7.75196e-34 0
8.24824 5.35745e-14 5.35745e-14 3.1851e-20 5.94518e-07 2.15175e-05 0 1.72597e-40 0 9.11385e-39 0 6.50347e-37 3.71344e-43 9.04404e-36 2.72875e-41 6.20094e-35 6.56866e-40 2.85944e-34 8.03235e-39 1.10709e-33 6.37326e-38 3.25771e-33 3.67595e-37 8.43104e-33 1.65805e-36 1.94772e-32 6.10158e-36 4.13775e-32 2.002e-35 8.20345e-32 5.70863e-35 1.53637e-31 1.47812e-34 0 3.61395e-34 0 7.97987e-34 0 1.678e-33 0 3.36882e-33 0 6.4723e-33 0 1.17499e-32 0 2.05056e-32 0
8.67162 6.50706e-14 6.50706e-14 2.76186e-20 4.2444e-07 1.87265e-05 0 5.2824e-39 0 2.50623e-37 6.5861e-44 1.58956e-35 3.02652e-41 2.05133e-34 1.80559e-39 1.32999e-33 3.72115e-38 5.86059e-33 4.02674e-37 2.17117e-32 2.88771e-36 6.18144e-32 1.52899e-35 1.55287e-31 6.40755e-35 3.4944e-31 2.21264e-34 7.24813e-31 6.85075e-34 1.40583e-30 1.85604e-33 2.57997e-30 4.58766e-33 0 1.07376e-32 0 2.281e-32 0 4.62553e-32 0 8.97571e-32 0 1.67033e-31 0 2.94534e-31 0 5.00225e-31 0
9.11674 8.93162e-14 8.93162e-14 3.28524e-20 3.67821e-07 1.59768e-05 0 1.59141e-37 0 6.80372e-36 6.62814e-42 3.84727e-34 2.24555e-39 4.61616e-33 1.09726e-37 2.83414e-32 1.95079e-36 1.19476e-31 1.87927e-35 4.24086e-31 1.2241e-34 1.16916e-30 5.97485e-34 2.85318e-30 2.3347e-33 6.25813e-30 7.58877e-33 1.26816e-29 2.22349e-32 2.4077e-29 5.73787e-32 4.33199e-29 1.35696e-31 0 3.04685e-31 0 6.23868e-31 0 1.22219e-30 0 2.29609e-30 0 4.14528e-30 0 7.10982e-30 0 1.17668e-29 0
9.5847 1.08879e-13 1.08878e-13 4.55668e-20 4.18511e-07 1.42979e-05 0 3.72884e-36 1.4013e-44 1.44055e-34 4.71956e-40 7.2842e-33 1.20301e-37 8.14108e-32 4.86175e-36 4.73963e-31 7.51049e-35 1.91363e-30 6.47761e-34 6.51624e-30 3.85041e-33 1.74096e-29 1.73941e-32 4.13026e-29 6.35926e-32 8.83598e-29 1.95143e-31 1.75033e-28 5.42527e-31 3.25463e-28 1.33671e-30 5.74399e-28 3.0311e-30 0 6.54235e-30 0 1.29354e-29 0 2.45226e-29 0 4.46731e-29 0 7.83582e-29 0 1.30903e-28 0 2.11381e-28 0
10.0767 1.05385e-13 1.05385e-13 5.0131e-20 4.75692e-07 1.35767e-05 0 6.10664e-35 1.06779e-42 2.13761e-33 2.16092e-38 9.6937e-32 4.20259e-36 1.01098e-30 1.41776e-34 5.58865e-30 1.91617e-33 2.16344e-29 1.48763e-32 7.07589e-29 8.10572e-32 1.83353e-28 3.40182e-31 4.2318e-28 1.16742e-30 8.83563e-28 3.39156e-30 1.71194e-27 8.96989e-30 3.1193e-27 2.11486e-29 5.4027e-27 4.60772e-29 0 9.57868e-29 0 1.83188e-28 0 3.36605e-28 0 5.95502e-28 0 1.01626e-27 0 1.65573e-27 0 2.61184e-27 0
10.5939 8.97292e-14 8.97292e-14 4.44996e-20 4.95932e-07 1.33517e-05 1.4013e-45 7.78251e-34 5.71071e-41 2.47494e-32 7.12208e-37 1.00938e-30 1.07086e-34 9.84055e-30 3.04238e-33 5.17187e-29 3.62103e-32 1.92164e-28 2.54352e-31 6.04388e-28 1.2758e-30 1.52009e-27 4.99219e-30 3.41559e-27 1.6131e-29 6.96435e-27 4.44854e-29 1.32058e-26 1.12198e-28 2.35909e-26 2.53683e-28 4.01192e-26 5.32087e-28 0 1.0673e-27 0 1.97755e-27 0 3.52738e-27 0 6.06901e-27 0 1.00904e-26 0 1.60525e-26 0 2.47647e-26 0
11.1377 7.49633e-14 7.49632e-14 3.73984e-20 4.9889e-07 1.3674e-05 9.80909e-44 8.65061e-33 2.41862e-39 2.50565e-31 1.9033e-35 9.21566e-30 2.24046e-33 8.41284e-29 5.40569e-32 4.20905e-28 5.70104e-31 1.50259e-27 3.64102e-30 4.54977e-27 1.68802e-29 1.11152e-26 6.17954e-29 2.43316e-26 1.88563e-28 4.84787e-26 4.94885e-28 9.00135e-26 1.19304e-27 1.57733e-25 2.59216e-27 2.63506e-25 5.24383e-27 0 1.0167e-26 0 1.82792e-26 0 3.16964e-26 0 5.31092e-26 0 8.61351e-26 0 1.33958e-25 0 2.02333e-25 0
11.7094 6.01993e-14 6.01993e-14 2.92435e-20 4.85778e-07 1.3756e-05 5.31513e-42 8.25368e-32 8.03017e-38 2.18288e-30 4.07801e-34 7.25945e-29 3.8034e-32 6.21568e-28 7.85573e-31 2.96399e-27 7.38478e-30 1.01766e-26 4.30814e-29 2.96987e-26 1.85319e-28 7.0527e-26 6.36771e-28 1.50508e-25 1.84005e-27 2.93199e-25 4.60698e-27 5.33368e-25 1.06392e-26 9.17259e-25 2.22568e-26 1.506e-24 4.35019e-26 0 8.16606e-26 0 1.42672e-25 0 2.40836e-25 0 3.93492e-25 0 6.23294e-25 0 9.48677e-25 0 1.40434e-24 0
12.3105 4.83582e-14 4.83582e-14 2.17912e-20 4.50622e-07 1.36825e-05 2.32616e-40 7.06561e-31 2.19681e-36 1.71035e-29 7.35506e-33 5.15641e-28 5.49719e-31 4.14761e-27 9.7938e-30 1.88735e-26 8.25256e-29 6.23841e-26 4.41717e-28 1.75654e-25 1.76945e-27 4.05769e-25 5.72438e-27 8.44737e-25 1.57063e-26 1.60989e-24 3.76011e-26 2.87078e-24 8.33575e-26 4.84763e-24 1.68209e-25 7.82573e-24 3.18189e-25 0 5.79209e-25 0 9.84761e-25 0 1.62036e-24 0 2.58473e-24 0 4.00331e-24 0 5.96951e-24 0 8.6691e-24 0
12.9424 4.39712e-14 4.39712e-14 1.58464e-20 3.60382e-07 1.30874e-05 9.36474e-39 6.16712e-30 5.65673e-35 1.36958e-28 1.27428e-31 3.75253e-27 7.71516e-30 2.84001e-26 1.19422e-28 1.23466e-25 9.06838e-28 3.93258e-25 4.47213e-27 1.06946e-24 1.67411e-26 2.40487e-24 5.11419e-26 4.8871e-24 1.33574e-25 9.11684e-24 3.06434e-25 1.59445e-23 6.53433e-25 2.64493e-23 1.27414e-24 4.20016e-23 2.33635e-24 0 4.13035e-24 0 6.84272e-24 0 1.09888e-23 0 1.71337e-23 0 2.59764e-23 0 3.79862e-23 0 5.4169e-23 0
13.6067 4.26776e-14 4.26775e-14 1.23208e-20 2.88695e-07 1.19025e-05 3.30372e-37 5.19674e-29 1.30457e-33 1.06117e-27 2.01592e-30 2.64884e-26 9.98954e-29 1.88911e-25 1.35269e-27 7.85508e-25 9.3037e-27 2.41322e-24 4.2443e-26 6.34486e-24 1.48965e-25 1.3898e-23 4.30923e-25 2.7587e-23 1.07396e-24 5.04029e-23 2.3659e-24 8.64984e-23 4.86187e-24 1.41022e-22 9.17616e-24 2.20388e-22 1.63352e-23 0 2.80861e-23 0 4.53972e-23 0 7.1237e-23 0 1.0869e-22 0 1.61471e-22 0 2.31784e-22 0 3.2485e-22 0
14.3051 4.24569e-14 4.24569e-14 9.66674e-21 2.27683e-07 1.01992e-05 9.90225e-36 4.07556e-28 2.60977e-32 7.6692e-27 2.8178e-29 1.74815e-25 1.15404e-27 1.1766e-24 1.37601e-26 4.68455e-24 8.61374e-26 1.38939e-23 3.64888e-25 3.53518e-23 1.20453e-24 7.54806e-23 3.30832e-24 1.46436e-22 7.88555e-24 2.62176e-22 1.67145e-23 4.4172e-22 3.31611e-23 7.08114e-22 6.06761e-23 1.08953e-21 1.05015e-22 0 1.75845e-22 0 2.77642e-22 0 4.26194e-22 0 6.36992e-22 0 9.28205e-22 0 1.30908e-21 0 1.80472e-21 0
15.0394 4.45299e-14 4.45299e-14 7.80099e-21 1.75185e-07 8.63588e-06 2.61758e-34 3.07133e-27 4.69623e-31 5.33731e-26 3.60544e-28 1.11354e-24 1.23183e-26 7.08324e-24 1.30136e-25 2.70325e-23 7.4486e-25 7.74705e-23 2.94057e-24 1.90942e-22 9.15725e-24 3.97651e-22 2.39405e-23 7.54458e-22 5.4694e-23 1.32436e-21 1.11756e-22 2.19167e-21 2.14428e-22 3.45625e-21 3.80942e-22 5.23796e-21 6.41892e-22 0 1.04811e-21 0 1.61837e-21 0 2.43284e-21 0 3.56549e-21 0 5.1009e-21 0 7.07424e-21 0 9.60093e-21 0
15.8114 4.89295e-14 4.89295e-14 6.8018e-21 1.39012e-07 7.4083e-06 6.11719e-33 2.21814e-26 7.61263e-30 3.56712e-25 4.22548e-27 6.82694e-24 1.21504e-25 4.10995e-23 1.14406e-24 1.5051e-22 6.01361e-24 4.17142e-22 2.22012e-23 9.96837e-22 6.54068e-23 2.0262e-21 1.6316e-22 3.76177e-21 3.58015e-22 6.4776e-21 7.06452e-22 1.05343e-20 1.31302e-21 1.63494e-20 2.26812e-21 2.44152e-20 3.72568e-21 0 5.93955e-21 0 8.9787e-21 0 1.32314e-20 0 1.90329e-20 0 2.67571e-20 0 3.65206e-20 0 4.8831e-20 0
16.623 5.38209e-14 5.38209e-14 6.44651e-21 1.19777e-07 6.40315e-06 1.21768e-31 1.47208e-25 1.07006e-28 2.19517e-24 4.36273e-26 3.86229e-23 1.06476e-24 2.2036e-22 8.98596e-24 7.7514e-22 4.35574e-23 2.0794e-21 1.50872e-22 4.82216e-21 4.21642e-22 9.57255e-21 1.00589e-21 1.74007e-20 2.12411e-21 2.94078e-20 4.05458e-21 4.70197e-20 7.31129e-21 7.18512e-20 1.22969e-20 1.05771e-19 1.97157e-20 0 3.07235e-20 0 4.55165e-20 0 6.58172e-20 0 9.30101e-20 0 1.286e-19 0 1.7288e-19 0 2.27899e-19 0
17.4762 5.67095e-14 5.67095e-14 6.32237e-21 1.11487e-07 5.5988e-06 1.99127e-30 8.61942e-25 1.25681e-27 1.19418e-23 3.82098e-25 1.93567e-22 7.97861e-24 1.04803e-21 6.06753e-23 3.54467e-21 2.72296e-22 9.21151e-21 8.87654e-22 2.0748e-20 2.35933e-21 4.02492e-20 5.39461e-21 7.16756e-20 1.09834e-20 1.18948e-19 2.0314e-20 1.87069e-19 3.55912e-20 2.81578e-19 5.83607e-20 4.08775e-19 9.1438e-20 0 1.39437e-19 0 2.02648e-19 0 2.87802e-19 0 3.999e-19 0 5.44242e-19 0 7.21142e-19 0 9.37908e-19 0
18.3733 5.65097e-14 5.65097e-14 6.08395e-21 1.07662e-07 4.98749e-06 2.66099e-29 4.4103e-24 1.22594e-26 5.68776e-23 2.81935e-24 8.51092e-22 5.07534e-23 4.37866e-21 3.49568e-22 1.42535e-20 1.45789e-21 3.59106e-20 4.48613e-21 7.86277e-20 1.13681e-20 1.49147e-19 2.49645e-20 2.60342e-19 4.90934e-20 4.24457e-19 8.8114e-20 6.56905e-19 1.5021e-19 9.74367e-19 2.40431e-19 1.3955e-18 3.68533e-19 0 5.50532e-19 0 7.85631e-19 0 1.09681e-18 0 1.49973e-18 0 2.01057e-18 0 2.62773e-18 0 3.37402e-18 0
19.3164 5.32412e-14 5.32412e-14 5.60028e-21 1.05187e-07 4.57786e-06 2.92588e-28 1.97759e-23 9.9918e-26 2.37844e-22 1.76204e-23 3.29206e-21 2.7545e-22 1.61139e-20 1.7266e-21 5.0533e-20 6.71591e-21 1.23529e-19 1.95622e-20 2.6314e-19 4.73716e-20 4.88358e-19 1.00109e-19 8.36025e-19 1.90473e-19 1.33975e-18 3.32241e-19 2.04131e-18 5.5182e-19 2.98492e-18 8.63206e-19 4.2192e-18 1.29582e-18 0 1.89819e-18 0 2.66217e-18 0 3.65655e-18 0 4.92403e-18 0 6.50745e-18 0 8.39451e-18 0 1.06478e-17 0
20.3079 4.85391e-14 4.85391e-14 4.87734e-21 1.00483e-07 4.34381e-06 2.7276e-27 7.97701e-23 7.00612e-25 8.96308e-22 9.59782e-23 1.14979e-20 1.3119e-21 5.36113e-20 7.51849e-21 1.62118e-19 2.7368e-20 3.84812e-19 7.56634e-20 7.98141e-19 1.75482e-19 1.45009e-18 3.57539e-19 2.4359e-18 6.5924e-19 3.83868e-18 1.11909e-18 5.76069e-18 1.81323e-18 8.30765e-18 2.77512e-18 1.15939e-17 4.08411e-18 0 5.87217e-18 0 8.1007e-18 0 1.09554e-17 0 1.45401e-17 0 1.8956e-17 0 2.41508e-17 0 3.028e-17 0
21.3503 4.47034e-14 4.47034e-14 4.20518e-21 9.40685e-08 4.11547e-06 2.26521e-26 3.03051e-22 4.43766e-24 3.18676e-21 4.78109e-22 3.7959e-20 5.75183e-21 1.68803e-19 3.02701e-20 4.92662e-19 1.0345e-19 1.13638e-18 2.72152e-19 2.2967e-18 6.05788e-19 4.08726e-18 1.19212e-18 6.7407e-18 2.13337e-18 1.04508e-17 3.52913e-18 1.54537e-17 5.58499e-18 2.19882e-17 8.37196e-18 3.0308e-17 1.20906e-17 0 1.70785e-17 0 2.31928e-17 0 3.09071e-17 0 4.0457e-17 0 5.20654e-17 0 6.55539e-17 0 8.12882e-17 0
22.4463 4.07288e-14 4.07288e-14 3.63168e-21 8.91675e-08 3.89763e-06 1.65124e-25 1.0648e-21 2.50005e-23 1.04966e-20 2.14335e-21 1.16309e-19 2.28364e-20 4.93874e-19 1.10822e-19 1.39242e-18 3.56683e-19 3.12334e-18 8.95062e-19 6.15576e-18 1.916e-18 1.07365e-17 3.64788e-18 1.73927e-17 6.34522e-18 2.65416e-17 1.02418e-17 3.86891e-17 1.58488e-17 5.43333e-17 2.32926e-17 7.39962e-17 3.30405e-17 0 4.58906e-17 0 6.13956e-17 0 8.06779e-17 0 1.04227e-16 0 1.32491e-16 0 1.6495e-16 0 2.02404e-16 0
23.5984 3.62374e-14 3.62374e-14 3.06949e-21 8.47048e-08 3.68501e-06 1.04907e-24 3.42471e-21 1.24308e-22 3.17004e-20 8.57551e-21 3.27349e-19 8.14004e-20 1.32876e-18 3.65704e-19 3.62211e-18 1.11174e-18 7.90681e-18 2.66725e-18 1.52078e-17 5.50133e-18 2.60097e-17 1.01498e-17 4.14086e-17 1.71842e-17 6.2225e-17 2.7096e-17 8.94503e-17 4.10457e-17 1.24036e-16 5.92005e-17 1.66963e-16 8.25546e-17 0 1.12837e-16 0 1.48831e-16 0 1.92983e-16 0 2.46215e-16 0 3.09338e-16 0 3.81024e-16 0 4.62893e-16 0
24.8097 3.21712e-14 3.21712e-14 2.55461e-21 7.94067e-08 3.47557e-06 5.96845e-24 1.0329e-20 5.60159e-22 8.99176e-20 3.14265e-20 8.66813e-19 2.67266e-19 3.36729e-18 1.11581e-18 8.88238e-18 3.21281e-18 1.88828e-17 7.38569e-18 3.54688e-17 1.47043e-17 5.95169e-17 2.63299e-17 9.31661e-17 4.34464e-17 1.37923e-16 6.7e-17 1.95607e-16 9.9456e-17 2.67918e-16 1.40904e-16 3.56583e-16 1.93325e-16 0 2.60239e-16 0 3.38644e-16 0 4.33571e-16 0 5.46627e-16 0 6.79157e-16 0 8.28074e-16 0 9.96484e-16 0
26.0832 2.86419e-14 2.86419e-14 2.11553e-21 7.38614e-08 3.27941e-06 3.07219e-23 2.94306e-20 2.30991e-21 2.41325e-19 1.0646e-19 2.17547e-18 8.15541e-19 8.09658e-18 3.17533e-18 2.06846e-17 8.68282e-18 4.28535e-17 1.91653e-17 7.86658e-17 3.68951e-17 1.29578e-16 6.42126e-17 1.99536e-16 1.03396e-16 2.91134e-16 1.56114e-16 4.07517e-16 2.27312e-16 5.51539e-16 3.16612e-16 7.26053e-16 4.27745e-16 0 5.67502e-16 0 7.29045e-16 0 9.22214e-16 0 1.14961e-15 0 1.41327e-15 0 1.70656e-15 0 2.03515e-15 0
27.4221 2.55364e-14 2.55364e-14 1.74857e-21 6.84737e-08 3.09703e-06 1.43597e-22 7.93004e-20 8.74364e-21 6.13397e-19 3.34242e-19 5.1794e-18 2.31818e-18 1.84878e-17 8.4463e-18 4.57806e-17 2.19892e-17 9.24949e-17 4.66956e-17 1.66049e-16 8.70643e-17 2.68631e-16 1.47483e-16 4.07124e-16 2.32021e-16 5.857e-16 3.43341e-16 8.09472e-16 4.90839e-16 1.08293e-15 6.72695e-16 1.41051e-15 8.95565e-16 0 1.17189e-15 0 1.48717e-15 0 1.85975e-15 0 2.2935e-15 0 2.79123e-15 0 3.33959e-15 0 3.94852e-15 0
28.8297 2.27726e-14 2.27726e-14 1.44086e-21 6.32715e-08 2.91631e-06 6.11647e-22 2.02272e-19 3.04732e-20 1.47807e-18 9.75055e-19 1.17089e-17 6.15247e-18 4.01266e-17 2.10452e-17 9.63894e-17 5.22887e-17 1.90043e-16 1.0703e-16 3.33871e-16 1.9358e-16 5.30757e-16 3.19585e-16 7.92042e-16 4.91771e-16 1.12397e-15 7.13925e-16 1.53434e-15 1.00297e-15 2.02977e-15 1.35358e-15 2.61666e-15 1.77703e-15 0 2.29499e-15 0 2.87875e-15 0 3.56088e-15 0 4.34666e-15 0 5.23949e-15 0 6.21416e-15 0 7.28741e-15 0
30.3095 2.03253e-14 2.03253e-14 1.18547e-21 5.83252e-08 2.74517e-06 2.3865e-21 4.89776e-19 9.82434e-20 3.38579e-18 2.65417e-18 2.52029e-17 1.5307e-17 8.30076e-17 4.93079e-17 1.93578e-16 1.17185e-16 3.72694e-16 2.31623e-16 6.41167e-16 4.06978e-16 1.00208e-15 6.55642e-16 1.4731e-15 9.87881e-16 2.06288e-15 1.40828e-15 2.78258e-15 1.94589e-15 3.64124e-15 2.58795e-15 4.64749e-15 3.35271e-15 0 4.2762e-15 0 5.30489e-15 0 6.49412e-15 0 7.85039e-15 0 9.37698e-15 0 1.10291e-14 0 1.28337e-14 0
31.8653 1.81429e-14 1.81429e-14 9.73742e-22 5.36707e-08 2.57622e-06 8.56022e-21 1.12732e-18 2.93899e-19 7.38263e-18 6.75969e-18 5.17169e-17 3.57877e-17 1.63865e-16 1.08882e-16 3.71278e-16 2.4806e-16 6.98469e-16 4.74262e-16 1.17743e-15 8.10693e-16 1.81005e-15 1.27597e-15 2.62239e-15 1.88446e-15 3.62534e-15 2.6403e-15 4.83379e-15 3.59108e-15 6.25916e-15 4.70996e-15 7.91211e-15 6.02514e-15 0 7.594e-15 0 9.32218e-15 0 1.12999e-14 0 1.35339e-14 0 1.6026e-14 0 1.87008e-14 0 2.16003e-14 0
33.5009 1.62034e-14 1.62034e-14 7.99258e-22 4.93267e-08 2.41887e-06 2.83554e-20 2.47249e-18 8.19162e-19 1.53596e-17 1.61664e-17 1.0141e-16 7.89007e-17 3.09415e-16 2.27359e-16 6.81646e-16 4.97567e-16 1.25382e-15 9.21661e-16 2.07235e-15 1.53476e-15 3.13511e-15 2.3627e-15 4.47841e-15 3.42362e-15 6.11444e-15 4.71847e-15 8.06158e-15 6.32195e-15 1.03328e-14 8.18263e-15 1.29402e-14 1.03424e-14 0 1.28889e-14 0 1.56645e-14 0 1.88101e-14 0 2.23314e-14 0 2.62263e-14 0 3.03738e-14 0 3.4837e-14 0
35.2205 1.44757e-14 1.44757e-14 6.55416e-22 4.52769e-08 2.25559e-06 8.70611e-20 5.17612e-18 2.13422e-18 3.0542e-17 3.64119e-17 1.90331e-16 1.64474e-16 5.59752e-16 4.50077e-16 1.19988e-15 9.48026e-16 2.15928e-15 1.704e-15 3.5014e-15 2.76774e-15 5.2152e-15 4.172e-15 7.34846e-15 5.93687e-15 9.91239e-15 8.05511e-15 1.29277e-14 1.06394e-14 1.64073e-14 1.35985e-14 2.03626e-14 1.69922e-14 0 2.09498e-14 0 2.52199e-14 0 3.0015e-14 0 3.53366e-14 0 4.11752e-14 0 4.73461e-14 0 5.39412e-14 0
37.0284 1.29452e-14 1.29452e-14 5.37073e-22 4.14882e-08 2.10431e-06 2.48864e-19 1.03694e-17 5.21843e-18 5.81903e-17 7.75162e-17 3.42762e-16 3.25292e-16 9.72543e-16 8.47458e-16 2.02998e-15 1.72129e-15 3.5762e-15 3.00657e-15 5.69272e-15 4.76917e-15 8.35199e-15 7.04628e-15 1.16132e-14 9.85581e-15 1.54828e-14 1.31746e-14 1.99812e-14 1.71665e-14 2.51184e-14 2.16796e-14 3.09029e-14 2.67971e-14 0 3.27022e-14 0 3.90129e-14 0 4.60376e-14 0 5.37696e-14 0 6.21879e-14 0 7.10221e-14 0 8.04015e-14 0
38.9291 1.15777e-14 1.15777e-14 4.39833e-22 3.79896e-08 1.96501e-06 6.64046e-19 1.98962e-17 1.2002e-17 1.06319e-16 1.56275e-16 5.92771e-16 6.11448e-16 1.62417e-15 1.5202e-15 3.30341e-15 2.98272e-15 5.70053e-15 5.06994e-15 8.91309e-15 7.86305e-15 1.28866e-14 1.13981e-14 1.76896e-14 1.56837e-14 2.3318e-14 2.067e-14 2.97881e-14 2.65873e-14 3.71028e-14 3.31965e-14 4.52637e-14 4.06103e-14 0 4.90798e-14 0 5.80487e-14 0 6.79495e-14 0 7.87623e-14 0 9.04489e-14 0 1.0263e-13 0 1.15482e-13 0
40.9273 1.03607e-14 1.03607e-14 3.60172e-22 3.47632e-08 1.83674e-06 1.66036e-18 3.66437e-17 2.60544e-17 1.86689e-16 2.99294e-16 9.8654e-16 1.09557e-15 2.61261e-15 2.60538e-15 5.18157e-15 4.94643e-15 8.76374e-15 8.1928e-15 1.34668e-14 1.2437e-14 1.91959e-14 1.77045e-14 2.60245e-14 2.39847e-14 3.39306e-14 3.11868e-14 4.29209e-14 3.96248e-14 5.29859e-14 4.89416e-14 6.41159e-14 5.92853e-14 0 7.09901e-14 0 8.32776e-14 0 9.67347e-14 0 1.11323e-13 0 1.2698e-13 0 1.43195e-13 0 1.60201e-13 0
43.0281 9.2757e-15 9.2757e-15 2.9473e-22 3.17744e-08 1.71362e-06 3.90213e-18 6.48772e-17 5.35308e-17 3.15506e-16 5.45829e-16 1.58234e-15 1.87536e-15 4.05377e-15 4.27509e-15 7.84511e-15 7.86633e-15 1.30123e-14 1.2712e-14 1.96623e-14 1.8908e-14 2.7644e-14 2.64562e-14 3.70291e-14 3.53133e-14 4.77687e-14 4.53323e-14 5.98533e-14 5.69281e-14 7.32555e-14 6.95922e-14 8.79488e-14 8.35149e-14 0 9.91274e-14 0 1.15382e-13 0 1.33051e-13 0 1.52069e-13 0 1.72346e-13 0 1.93217e-13 0 2.14983e-13 0
45.2368 8.30997e-15 8.30997e-15 2.41155e-22 2.902e-08 1.59857e-06 8.64822e-18 1.10622e-16 1.044e-16 5.14116e-16 9.50422e-16 2.45026e-15 3.0745e-15 6.07776e-15 6.73228e-15 1.1485e-14 1.20243e-14 1.86921e-14 1.89812e-14 2.77893e-14 2.7691e-14 3.85528e-14 3.8115e-14 5.10431e-14 5.01632e-14 6.51749e-14 6.36148e-14 8.09158e-14 7.90037e-14 9.82142e-14 9.56362e-14 1.17022e-13 1.13752e-13 0 1.33892e-13 0 1.54697e-13 0 1.77149e-13 0 2.01154e-13 0 2.26587e-13 0 2.52613e-13 0 2.79609e-13 0
47.5588 7.45241e-15 7.45241e-15 1.97292e-22 2.64736e-08 1.48672e-06 1.81336e-17 1.81994e-16 1.93839e-16 8.09239e-16 1.58425e-15 3.66972e-15 4.83937e-15 8.82073e-15 1.0199e-14 1.62864e-14 1.77075e-14 2.60237e-14 2.73364e-14 3.80855e-14 3.91514e-14 5.21595e-14 5.30555e-14 6.8284e-14 6.88962e-14 8.63288e-14 8.63637e-14 1.06232e-13 1.06127e-13 1.27911e-13 1.27277e-13 1.51295e-13 1.5011e-13 0 1.75286e-13 0 2.011e-13 0 2.28768e-13 0 2.58161e-13 0 2.89117e-13 0 3.20619e-13 0 3.53128e-13 0
50 6.6807e-15 6.6807e-15 1.61351e-22 2.41518e-08 1.38333e-06 3.60206e-17 2.88906e-16 3.42981e-16 1.23044e-15 2.52993e-15 5.31565e-15 7.31803e-15 1.23916e-14 1.48715e-14 2.237e-14 2.51337e-14 3.51126e-14 3.79869e-14 5.06116e-14 5.34593e-14 6.84542e-14 7.13777e-14 8.86449e-14 9.1514e-14 1.11002e-13 1.13457e-13 1.35427e-13 1.38025e-13 1.61808e-13 1.6407e-13 1.90042e-13 1.9195e-13 0 2.22454e-13 0 2.53508e-13 0 2.86578e-13 0 3.21496e-13 0 3.58061e-13 0 3.95075e-13 0 4.33087e-13 0
52.5665 5.99378e-15 5.99378e-15 1.31962e-22 2.20165e-08 1.28343e-06 6.80451e-17 4.43693e-16 5.80405e-16 1.81192e-15 3.88326e-15 7.46614e-15 1.0665e-14 1.68935e-14 2.09357e-14 2.98369e-14 3.44874e-14 4.60299e-14 5.10834e-14 6.53797e-14 7.07008e-14 8.73666e-14 9.30754e-14 1.11951e-13 1.17894e-13 1.38895e-13 1.44637e-13 1.68063e-13 1.7428e-13 1.99308e-13 2.05425e-13 2.32499e-13 2.38499e-13 0 2.74418e-13 0 3.10736e-13 0 3.49175e-13 0 3.89528e-13 0 4.31555e-13 0 4.73886e-13 0 5.17156e-13 0
55.2648 5.38118e-15 5.38118e-15 1.07907e-22 2.00527e-08 1.18882e-06 1.2253e-16 6.60031e-16 9.41295e-16 2.5872e-15 5.7397e-15 1.01802e-14 1.50048e-14 2.23759e-14 2.85007e-14 3.86888e-14 4.5819e-14 5.86934e-14 6.65787e-14 8.2191e-14 9.06961e-14 1.08556e-13 1.17807e-13 1.37696e-13 1.47507e-13 1.69317e-13 1.79171e-13 2.03247e-13 2.13936e-13 2.39305e-13 2.50152e-13 2.77336e-13 2.88318e-13 0 3.29476e-13 0 3.70825e-13 0 4.14331e-13 0 4.59753e-13 0 5.06816e-13 0 5.53993e-13 0 6.02005e-13 0
58.1015 4.83153e-15 4.83153e-15 8.82477e-23 1.82649e-08 1.09955e-06 2.10696e-16 9.5171e-16 1.46523e-15 3.58445e-15 8.17964e-15 1.34839e-14 2.04033e-14 2.88124e-14 3.75596e-14 4.88005e-14 5.89991e-14 7.28403e-14 8.41805e-14 1.00612e-13 1.12956e-13 1.31394e-13 1.4486e-13 1.65036e-13 1.79401e-13 2.01197e-13 2.15852e-13 2.39665e-13 2.55513e-13 2.80236e-13 2.96495e-13 3.2273e-13 3.39372e-13 0 3.85299e-13 0 4.31159e-13 0 4.79143e-13 0 5.28978e-13 0 5.80361e-13 0 6.31634e-13 0 6.83597e-13 0
61.0839 4.34193e-15 4.34193e-15 7.21607e-23 1.66195e-08 1.01472e-06 3.47036e-16 1.33294e-15 2.19534e-15 4.82844e-15 1.12685e-14 1.73841e-14 2.68815e-14 3.61402e-14 4.80325e-14 5.99985e-14 7.38047e-14 8.81563e-14 1.03494e-13 1.20165e-13 1.36893e-13 1.55227e-13 1.73437e-13 1.93135e-13 2.12563e-13 2.33504e-13 2.53453e-13 2.76098e-13 2.97563e-13 3.20689e-13 3.42792e-13 3.67083e-13 3.89786e-13 0 4.39803e-13 0 4.89457e-13 0 5.41136e-13 0 5.94541e-13 0 6.49349e-13 0 7.03804e-13 0 7.58772e-13 0
64.2193 3.90286e-15 3.90286e-15 5.90047e-23 1.51183e-08 9.35078e-07 5.48328e-16 1.81435e-15 3.16996e-15 6.32713e-15 1.50223e-14 2.18262e-14 3.4347e-14 4.41794e-14 5.96574e-14 7.19343e-14 8.97648e-14 1.04096e-13 1.23814e-13 1.4009e-13 1.6155e-13 1.7907e-13 2.02327e-13 2.20775e-13 2.45519e-13 2.64794e-13 2.90246e-13 3.10871e-13 3.38103e-13 3.58766e-13 3.86814e-13 4.0828e-13 4.37094e-13 0 4.90286e-13 0 5.428e-13 0 5.97179e-13 0 6.53111e-13 0 7.10257e-13 0 7.66803e-13 0 8.23665e-13 0
67.5157 3.51068e-15 3.51068e-15 4.82441e-23 1.37421e-08 8.60028e-07 8.33197e-16 2.40406e-15 4.42137e-15 8.07827e-15 1.94201e-14 2.67287e-14 4.26451e-14 5.27167e-14 7.21007e-14 8.42339e-14 1.06346e-13 1.20111e-13 1.444e-13 1.59662e-13 1.8598e-13 2.02024e-13 2.30379e-13 2.46892e-13 2.76933e-13 2.93846e-13 3.2472e-13 3.42618e-13 3.75455e-13 3.9297e-13 4.26737e-13 4.44702e-13 4.79341e-13 0 5.34672e-13 0 5.8901e-13 0 6.4501e-13 0 7.02349e-13 0 7.60687e-13 0 8.18187e-13 0 8.75802e-13 0
70.9813 3.15866e-15 3.15866e-15 3.9452e-23 1.24901e-08 7.89873e-07 1.21937e-15 3.1029e-15 5.96425e-15 1.00556e-14 2.4371e-14 3.19456e-14 5.15008e-14 6.14369e-14 8.48696e-14 9.63925e-14 1.22828e-13 1.35502e-13 1.64308e-13 1.77994e-13 2.09024e-13 2.23022e-13 2.56234e-13 2.70253e-13 3.0526e-13 3.19271e-13 3.55168e-13 3.69813e-13 4.07763e-13 4.21651e-13 4.60574e-13 4.74594e-13 5.14426e-13 0 5.70759e-13 0 6.25806e-13 0 6.82278e-13 0 7.39855e-13 0 7.982e-13 0 8.55494e-13 0 9.12707e-13 0
74.6248 2.84412e-15 2.84412e-15 3.22604e-23 1.13429e-08 7.24059e-07 1.72279e-15 3.90739e-15 7.79819e-15 1.22225e-14 2.97486e-14 3.73207e-14 6.06104e-14 7.00375e-14 9.74759e-14 1.07961e-13 1.3855e-13 1.49688e-13 1.82729e-13 1.94388e-13 2.29744e-13 2.41274e-13 2.78851e-13 2.89993e-13 3.29381e-13 3.40153e-13 3.80414e-13 3.91508e-13 4.33818e-13 4.43847e-13 4.87104e-13 4.96998e-13 5.41136e-13 0 5.97363e-13 0 6.52046e-13 0 7.07903e-13 0 7.64621e-13 0 8.21877e-13 0 8.77906e-13 0 9.33673e-13 0
78.4553 2.56252e-15 2.56252e-15 2.63823e-23 1.02954e-08 6.63077e-07 2.35367e-15 4.80499e-15 9.89673e-15 1.45196e-14 3.53655e-14 4.26544e-14 6.95945e-14 7.8166e-14 1.0936e-13 1.18447e-13 1.52798e-13 1.62055e-13 1.98818e-13 2.08139e-13 2.47198e-13 2.56e-13 2.97217e-13 3.05285e-13 3.48238e-13 3.5564e-13 3.9938e-13 4.06844e-13 4.52543e-13 4.58713e-13 5.05271e-13 5.11099e-13 5.58452e-13 0 6.13521e-13 0 6.66836e-13 0 7.21072e-13 0 7.75932e-13 0 8.31115e-13 0 8.84933e-13 0 9.38336e-13 0
82.4824 2.30927e-15 2.30927e-15 2.15784e-23 9.34427e-09 6.05919e-07 3.11324e-15 5.77337e-15 1.22042e-14 1.68662e-14 4.09826e-14 4.77174e-14 7.80277e-14 8.54495e-14 1.19938e-13 1.27358e-13 1.64867e-13 1.72021e-13 2.11787e-13 2.18605e-13 2.60544e-13 2.66526e-13 3.10464e-13 3.15446e-13 3.60965e-13 3.6506e-13 4.11225e-13 4.15181e-13 4.63141e-13 4.65658e-13 5.14341e-13 5.16372e-13 5.65717e-13 0 6.18669e-13 0 6.69716e-13 0 7.21442e-13 0 7.73573e-13 0 8.25831e-13 0 8.76636e-13 0 9.26901e-13 0
86.7162 2.08207e-15 2.08207e-15 1.76492e-23 8.47675e-09 5.53876e-07 3.99439e-15 6.78639e-15 1.46481e-14 1.91812e-14 4.63659e-14 5.2313e-14 8.55474e-14 9.1606e-14 1.28769e-13 1.34365e-13 1.74284e-13 1.7925e-13 2.21169e-13 2.25476e-13 2.69356e-13 2.72594e-13 3.18239e-13 3.20293e-13 3.67303e-13 3.68328e-13 4.15803e-13 4.1655e-13 4.65601e-13 4.64843e-13 5.14447e-13 5.13119e-13 5.63226e-13 0 6.13278e-13 0 6.61333e-13 0 7.09848e-13 0 7.58574e-13 0 8.07259e-13 0 8.5445e-13 0 9.0101e-13 0
91.1674 1.87857e-15 1.87857e-15 1.44362e-23 7.68469e-09 5.0493e-07 4.97981e-15 7.81294e-15 1.71395e-14 2.13805e-14 5.12859e-14 5.62652e-14 9.18408e-14 9.64127e-14 1.35515e-13 1.39245e-13 1.80731e-13 1.83552e-13 2.26708e-13 2.2863e-13 2.73468e-13 2.74174e-13 3.20491e-13 3.19911e-13 3.67336e-13 3.65659e-13 4.13346e-13 4.11308e-13 4.60317e-13 4.56781e-13 5.06156e-13 5.02019e-13 5.51724e-13 0 5.98284e-13 0 6.42815e-13 0 6.87614e-13 0 7.32461e-13 0 7.77134e-13 0 8.20312e-13 0 8.62801e-13 0
95.847 1.69569e-15 1.69569e-15 1.18083e-23 6.96372e-09 4.60732e-07 6.03948e-15 8.81482e-15 1.95698e-14 2.33715e-14 5.55097e-14 5.94033e-14 9.66222e-14 9.96734e-14 1.39896e-13 1.4182e-13 1.83979e-13 1.84804e-13 2.28255e-13 2.28027e-13 2.72839e-13 2.7133e-13 3.17303e-13 3.14481e-13 3.61286e-13 3.57361e-13 4.04222e-13 3.99903e-13 4.47819e-13 4.42065e-13 4.9016e-13 4.83816e-13 5.32067e-13 0 5.74717e-13 0 6.1536e-13 0 6.56113e-13 0 6.96782e-13 0 7.37176e-13 0 7.76113e-13 0 8.14335e-13 0
100.767 1.5313e-15 1.5313e-15 9.65828e-24 6.30725e-09 4.1937e-07 7.13536e-15 9.75463e-15 2.18317e-14 2.50756e-14 5.88567e-14 6.16145e-14 9.97205e-14 1.01302e-13 1.41807e-13 1.42074e-13 1.84028e-13 1.83094e-13 2.25941e-13 2.23879e-13 2.67749e-13 2.64408e-13 3.09116e-13 3.04498e-13 3.49763e-13 3.44089e-13 3.89214e-13 3.8315e-13 4.29067e-13 4.21674e-13 4.67595e-13 4.59656e-13 5.05573e-13 0 5.44077e-13 0 5.80644e-13 0 6.17195e-13 0 6.53565e-13 0 6.89588e-13 0 7.24225e-13 0 7.58145e-13 0
105.939 1.38359e-15 1.38359e-15 7.90237e-24 5.7115e-09 3.81858e-07 8.22367e-15 1.05973e-14 2.38257e-14 2.64297e-14 6.12023e-14 6.284e-14 1.0107e-13 1.01304e-13 1.4129e-13 1.40116e-13 1.81055e-13 1.78654e-13 2.20094e-13 2.16559e-13 2.5869e-13 2.53933e-13 2.96594e-13 2.90642e-13 3.33603e-13 3.26679e-13 3.69327e-13 3.62046e-13 4.05241e-13 3.96765e-13 4.3981e-13 4.30851e-13 4.73754e-13 0 5.08046e-13 0 5.40507e-13 0 5.72858e-13 0 6.04959e-13 0 6.36672e-13 0 6.67092e-13 0 6.96817e-13 0
111.377 1.25067e-15 1.25067e-15 6.46458e-24 5.16892e-09 3.46981e-07 9.25635e-15 1.13098e-14 2.5462e-14 2.73837e-14 6.247e-14 6.30596e-14 1.0068e-13 9.97433e-14 1.38479e-13 1.36122e-13 1.75339e-13 1.7179e-13 2.11147e-13 2.06511e-13 2.46249e-13 2.40491e-13 2.80481e-13 2.73641e-13 3.13703e-13 3.05999e-13 3.45607e-13 3.37598e-13 3.77534e-13 3.68478e-13 4.0814e-13 3.98676e-13 4.38084e-13 0 4.68232e-13 0 4.96683e-13 0 5.24958e-13 0 5.52942e-13 0 5.80521e-13 0 6.06915e-13 0 6.32652e-13 0
117.094 1.13104e-15 1.13104e-15 5.28867e-24 4.67594e-09 3.15307e-07 1.01875e-14 1.18668e-14 2.66751e-14 2.79119e-14 6.26518e-14 6.23106e-14 9.86646e-14 9.67651e-14 1.33632e-13 1.30366e-13 1.67288e-13 1.62914e-13 1.99659e-13 1.94283e-13 2.31139e-13 2.24766e-13 2.61635e-13 2.54313e-13 2.91064e-13 2.82997e-13 3.19187e-13 3.10874e-13 3.4721e-13 3.38003e-13 3.7397e-13 3.64431e-13 4.0006e-13 0 4.26246e-13 0 4.50885e-13 0 4.75309e-13 0 4.99422e-13 0 5.23131e-13 0 5.45773e-13 0 5.67809e-13 0
123.105 1.02351e-15 1.02351e-15 4.3276e-24 4.22822e-09 2.86383e-07 1.09779e-14 1.2252e-14 2.74283e-14 2.80133e-14 6.1805e-14 6.06804e-14 9.52172e-14 9.25784e-14 1.27091e-13 1.23189e-13 1.57393e-13 1.52497e-13 1.86264e-13 1.80477e-13 2.1413e-13 2.07482e-13 2.40955e-13 2.33496e-13 2.66703e-13 2.58622e-13 2.91197e-13 2.82929e-13 3.15503e-13 3.06489e-13 3.3863e-13 3.29358e-13 3.61105e-13 0 3.83595e-13 0 4.047e-13 0 4.25569e-13 0 4.46124e-13 0 4.66291e-13 0 4.85512e-13 0 5.04185e-13 0
129.424 9.26697e-16 9.26697e-16 3.54018e-24 3.82021e-09 2.6014e-07 1.15934e-14 1.2455e-14 2.77043e-14 2.76996e-14 6.00176e-14 5.82727e-14 9.05569e-14 8.73994e-14 1.19208e-13 1.14921e-13 1.46127e-13 1.40979e-13 1.7155e-13 1.65631e-13 1.95913e-13 1.89271e-13 2.19227e-13 2.11911e-13 2.41493e-13 2.3367e-13 2.62582e-13 2.5463e-13 2.8343e-13 2.74868e-13 3.03199e-13 2.94445e-13 3.22352e-13 0 3.41464e-13 0 3.59354e-13 0 3.77002e-13 0 3.94347e-13 0 4.1133e-13 0 4.27487e-13 0 4.43156e-13 0
136.067 8.39333e-16 8.39333e-16 2.89708e-24 3.45165e-09 2.36176e-07 1.2009e-14 1.24719e-14 2.75084e-14 2.6997e-14 5.74079e-14 5.52093e-14 8.49248e-14 8.14538e-14 1.10335e-13 1.05886e-13 1.33947e-13 1.28773e-13 1.56061e-13 1.5024e-13 1.77111e-13 1.70699e-13 1.97142e-13 1.90183e-13 2.16182e-13 2.08822e-13 2.34143e-13 2.26703e-13 2.51835e-13 2.43906e-13 2.68557e-13 2.60494e-13 2.84712e-13 0 3.0079e-13 0 3.15804e-13 0 3.30583e-13 0 3.45078e-13 0 3.59245e-13 0 3.72698e-13 0 3.85724e-13 0
143.051 7.60752e-16 7.60752e-16 2.37043e-24 3.1159e-09 2.14264e-07 1.22178e-14 1.23147e-14 2.68845e-14 2.59618e-14 5.41518e-14 5.1657e-14 7.8622e-14 7.50165e-14 1.00883e-13 9.64551e-14 1.21356e-13 1.16334e-13 1.40378e-13 1.34827e-13 1.58371e-13 1.52349e-13 1.75403e-13 1.68948e-13 1.91522e-13 1.84758e-13 2.06668e-13 1.99866e-13 2.21538e-13 2.14351e-13 2.3555e-13 2.28276e-13 2.49051e-13 0 2.62455e-13 0 2.74943e-13 0 2.8721e-13 0 2.9922e-13 0 3.10937e-13 0 3.22045e-13 0 3.32784e-13 0
150.394 6.89678e-16 6.89678e-16 1.93986e-24 2.8127e-09 1.94942e-07 1.22142e-14 1.19911e-14 2.58704e-14 2.46365e-14 5.03869e-14 4.77383e-14 7.18697e-14 6.82796e-14 9.11399e-14 8.68763e-14 1.08689e-13 1.03954e-13 1.24874e-13 1.19717e-13 1.40093e-13 1.3457e-13 1.54429e-13 1.48571e-13 1.67938e-13 1.6185e-13 1.80588e-13 1.74493e-13 1.92968e-13 1.86576e-13 2.04601e-13 1.98159e-13 2.15781e-13 0 2.26856e-13 0 2.37152e-13 0 2.47247e-13 0 2.57113e-13 0 2.66722e-13 0 2.75818e-13 0 2.84599e-13 0
158.114 6.25555e-16 6.25555e-16 1.58766e-24 2.538e-09 1.76823e-07 1.20123e-14 1.15244e-14 2.45382e-14 2.30904e-14 4.62939e-14 4.36119e-14 6.49324e-14 6.14738e-14 8.14308e-14 7.74355e-14 9.63173e-14 9.19587e-14 1.09952e-13 1.05265e-13 1.22702e-13 1.17738e-13 1.34657e-13 1.29439e-13 1.45878e-13 1.40494e-13 1.56351e-13 1.50984e-13 1.6657e-13 1.60978e-13 1.76147e-13 1.70533e-13 1.8533e-13 0 1.94406e-13 0 2.02828e-13 0 2.11072e-13 0 2.19114e-13 0 2.26935e-13 0 2.34328e-13 0 2.41456e-13 0
166.23 5.67772e-16 5.67772e-16 1.29935e-24 2.28851e-09 1.6017e-07 1.16338e-14 1.09402e-14 2.29631e-14 2.13902e-14 4.2035e-14 3.94156e-14 5.803e-14 5.47868e-14 7.20128e-14 6.83532e-14 8.45209e-14 8.05894e-14 9.59028e-14 9.17224e-14 1.06491e-13 1.02106e-13 1.16376e-13 1.11805e-13 1.25621e-13 1.20933e-13 1.34222e-13 1.29567e-13 1.42591e-13 1.3777e-13 1.50416e-13 1.45592e-13 1.57902e-13 0 1.65287e-13 0 1.72127e-13 0 1.7881e-13 0 1.85321e-13 0 1.91643e-13 0 1.97612e-13 0 2.0336e-13 0
174.763 5.15518e-16 5.15518e-16 1.06344e-24 2.06285e-09 1.44982e-07 1.11016e-14 1.02609e-14 2.1211e-14 1.95906e-14 3.77349e-14 3.52508e-14 5.13175e-14 4.83456e-14 6.30532e-14 5.97672e-14 7.34665e-14 6.99838e-14 8.28846e-14 7.9218e-14 9.16032e-14 8.77906e-14 9.97102e-14 9.57641e-14 1.07267e-13 1.03243e-13 1.14276e-13 1.10295e-13 1.2108e-13 1.16977e-13 1.27426e-13 1.23335e-13 1.33485e-13 0 1.39451e-13 0 1.44968e-13 0 1.5035e-13 0 1.55586e-13 0 1.60663e-13 0 1.65451e-13 0 1.70055e-13 0
183.733 4.68466e-16 4.68466e-16 8.70206e-25 1.85756e-09 1.32706e-07 1.04511e-14 9.51794e-15 1.93619e-14 1.77568e-14 3.35276e-14 3.12282e-14 4.49541e-14 4.22831e-14 5.47189e-14 5.1818e-14 6.33181e-14 6.02804e-14 7.10513e-14 6.78815e-14 7.81778e-14 7.49073e-14 8.47795e-14 8.14163e-14 9.09136e-14 8.75018e-14 9.65883e-14 9.32234e-14 1.02083e-13 9.86318e-14 1.07197e-13 1.03766e-13 1.12072e-13 0 1.16862e-13 0 1.21285e-13 0 1.25595e-13 0 1.29781e-13 0 1.33835e-13 0 1.37654e-13 0 1.41323e-13 0
193.164 4.25755e-16 4.25755e-16 7.12206e-25 1.67281e-09 1.18994e-07 9.70634e-15 8.7297e-15 1.7465e-14 1.59251e-14 2.94808e-14 2.73972e-14 3.90028e-14 3.66444e-14 4.7057e-14 4.4536e-14 5.40998e-14 5.14882e-14 6.03997e-14 5.76964e-14 6.6181e-14 6.34112e-14 7.15179e-14 6.86861e-14 7.64621e-14 7.36027e-14 8.10246e-14 7.82132e-14 8.54327e-14 8.2561e-14 8.95276e-14 8.66796e-14 9.34234e-14 0 9.72464e-14 0 1.00771e-13 0 1.042e-13 0 1.07527e-13 0 1.10746e-13 0 1.13774e-13 0 1.16681e-13 0
203.079 3.87144e-16 3.87144e-16 5.83033e-25 1.50598e-09 1.09507e-07 8.90364e-15 7.92423e-15 1.55844e-14 1.4145e-14 2.568e-14 2.38261e-14 3.35484e-14 3.14977e-14 4.01404e-14 3.79792e-14 4.58667e-14 4.36497e-14 5.09639e-14 4.86855e-14 5.5623e-14 5.33033e-14 5.99102e-14 5.7551e-14 6.38711e-14 6.14989e-14 6.75176e-14 6.51917e-14 7.10335e-14 6.86667e-14 7.42937e-14 7.19521e-14 7.73903e-14 0 8.04246e-14 0 8.3218e-14 0 8.59327e-14 0 8.85637e-14 0 9.11064e-14 0 9.34963e-14 0 9.57885e-14 0
213.503 3.52317e-16 3.52317e-16 4.77117e-25 1.35423e-09 9.85329e-08 8.07448e-15 7.12431e-15 1.3769e-14 1.24524e-14 2.21784e-14 2.05546e-14 2.86315e-14 2.68719e-14 3.39896e-14 3.21589e-14 3.86156e-14 3.67541e-14 4.27145e-14 4.08141e-14 4.64476e-14 4.45237e-14 4.98723e-14 4.79251e-14 5.30284e-14 5.10779e-14 5.59277e-14 5.40203e-14 5.87179e-14 5.67835e-14 6.13008e-14 5.93913e-14 6.37505e-14 0 6.61475e-14 0 6.83515e-14 0 7.04911e-14 0 7.25624e-14 0 7.45623e-14 0 7.64404e-14 0 7.82401e-14 0
224.463 3.20648e-16 3.20648e-16 3.9062e-25 1.21822e-09 8.75312e-08 7.23889e-15 6.34234e-15 1.20436e-14 1.08626e-14 1.89875e-14 1.7586e-14 2.42392e-14 2.27484e-14 2.85636e-14 2.70305e-14 3.2276e-14 3.07296e-14 3.55514e-14 3.39822e-14 3.85245e-14 3.69441e-14 4.12444e-14 3.96517e-14 4.37451e-14 4.21554e-14 4.60378e-14 4.44868e-14 4.82403e-14 4.66722e-14 5.0276e-14 4.87313e-14 5.2204e-14 0 5.40883e-14 0 5.58188e-14 0 5.7497e-14 0 5.91201e-14 0 6.06858e-14 0 6.21549e-14 0 6.35617e-14 0
235.984 2.92067e-16 2.92067e-16 3.19723e-25 1.09469e-09 8.09331e-08 6.42449e-15 5.59753e-15 1.04428e-14 9.40074e-15 1.61343e-14 1.49398e-14 2.03809e-14 1.91314e-14 2.38508e-14 2.25794e-14 2.6814e-14 2.55408e-14 2.9418e-14 2.81332e-14 3.17744e-14 3.04864e-14 3.39245e-14 3.26317e-14 3.58971e-14 3.46108e-14 3.77023e-14 3.64501e-14 3.94337e-14 3.81712e-14 4.10317e-14 3.97903e-14 4.25432e-14 0 4.40187e-14 0 4.53724e-14 0 4.66838e-14 0 4.79512e-14 0 4.91727e-14 0 5.03179e-14 0 5.14138e-14 0
248.097 2.66173e-16 2.66173e-16 2.61695e-25 9.83173e-10 7.3135e-08 5.64611e-15 4.8983e-15 8.9783e-15 8.07243e-15 1.36102e-14 1.26036e-14 1.70228e-14 1.59859e-14 1.97914e-14 1.87463e-14 2.21441e-14 2.11047e-14 2.42042e-14 2.31604e-14 2.6063e-14 2.50212e-14 2.77551e-14 2.67131e-14 2.93044e-14 2.82706e-14 3.07198e-14 2.97155e-14 3.20753e-14 3.10653e-14 3.33247e-14 3.23333e-14 3.45052e-14 0 3.56562e-14 0 3.67112e-14 0 3.77325e-14 0 3.87185e-14 0 3.96682e-14 0 4.05579e-14 0 4.14088e-14 0
260.832 2.42639e-16 2.42639e-16 2.14209e-25 8.82829e-10 6.63238e-08 4.9152e-15 4.25078e-15 7.65599e-15 6.87908e-15 1.13997e-14 1.05605e-14 1.41258e-14 1.32732e-14 1.63229e-14 1.54711e-14 1.81815e-14 1.73394e-14 1.98035e-14 1.89617e-14 2.1263e-14 2.04262e-14 2.25888e-14 2.17546e-14 2.38005e-14 2.29751e-14 2.49058e-14 2.41054e-14 2.59628e-14 2.51597e-14 2.69359e-14 2.61489e-14 2.78543e-14 0 2.8749e-14 0 2.95683e-14 0 3.03607e-14 0 3.11253e-14 0 3.18611e-14 0 3.255e-14 0 3.32085e-14 0
274.221 2.21331e-16 2.21331e-16 1.75352e-25 7.9226e-10 6.22841e-08 4.24256e-15 3.66114e-15 6.48075e-15 5.82224e-15 9.48858e-15 8.79534e-15 1.16552e-14 1.09598e-14 1.33907e-14 1.27014e-14 1.48527e-14 1.41751e-14 1.61246e-14 1.54501e-14 1.72664e-14 1.65982e-14 1.83014e-14 1.76374e-14 1.92458e-14 1.85903e-14 2.0106e-14 1.94715e-14 2.09276e-14 2.02923e-14 2.16832e-14 2.10614e-14 2.23956e-14 0 2.30889e-14 0 2.37233e-14 0 2.43364e-14 0 2.49276e-14 0 2.54962e-14 0 2.60282e-14 0 2.65365e-14 0
288.297 2.01985e-16 2.01985e-16 1.43551e-25 7.10701e-10 5.73539e-08 3.63204e-15 3.13022e-15 5.44732e-15 4.89518e-15 7.85024e-15 7.28245e-15 9.56383e-15 9.00076e-15 1.09286e-14 1.03747e-14 1.2074e-14 1.15322e-14 1.30676e-14 1.25303e-14 1.39576e-14 1.34271e-14 1.47628e-14 1.4237e-14 1.54964e-14 1.49785e-14 1.61637e-14 1.56632e-14 1.68004e-14 1.63002e-14 1.73852e-14 1.68964e-14 1.79362e-14 0 1.84719e-14 0 1.89618e-14 0 1.94349e-14 0 1.98908e-14 0 2.0329e-14 0 2.07389e-14 0 2.11302e-14 0
303.095 1.84438e-16 1.84438e-16 1.17522e-25 6.37189e-10 4.76201e-08 3.08592e-15 2.65805e-15 4.54908e-15 4.09057e-15 6.45896e-15 5.99746e-15 7.80835e-15 7.35551e-15 8.87749e-15 8.43494e-15 9.77157e-15 9.34073e-15 1.05452e-14 1.01194e-14 1.12366e-14 1.08175e-14 1.18612e-14 1.14468e-14 1.24294e-14 1.20221e-14 1.29457e-14 1.25526e-14 1.34377e-14 1.30455e-14 1.38892e-14 1.35064e-14 1.43142e-14 0 1.47272e-14 0 1.51046e-14 0 1.54688e-14 0 1.58195e-14 0 1.61565e-14 0 1.64715e-14 0 1.67722e-14 0
318.653 1.68456e-16 1.68456e-16 9.62049e-26 5.711e-10 4.02361e-08 2.60251e-15 2.24183e-15 3.77473e-15 3.39743e-15 5.28517e-15 4.91277e-15 6.34322e-15 5.98132e-15 7.17752e-15 6.82599e-15 7.87295e-15 7.53218e-15 8.47322e-15 8.13755e-15 9.00873e-15 8.67918e-15 9.49172e-15 9.16663e-15 9.93052e-15 9.61158e-15 1.03288e-14 1.00213e-14 1.07079e-14 1.04017e-14 1.10556e-14 1.07571e-14 1.13826e-14 0 1.17002e-14 0 1.19901e-14 0 1.22698e-14 0 1.25391e-14 0 1.27976e-14 0 1.30392e-14 0 1.32696e-14 0
335.009 1.54009e-16 1.54009e-16 7.87742e-26 5.11491e-10 4.3121e-08 2.18117e-15 1.88003e-15 3.11576e-15 2.80761e-15 4.30569e-15 4.00695e-15 5.13266e-15 4.84489e-15 5.78187e-15 5.5039e-15 6.32141e-15 6.053e-15 6.7861e-15 6.52247e-15 7.19994e-15 6.94176e-15 7.57266e-15 7.3185e-15 7.91087e-15 7.66194e-15 8.21751e-15 7.97786e-15 8.50921e-15 8.27085e-15 8.77649e-15 8.54431e-15 9.02769e-15 0 9.27146e-15 0 9.49394e-15 0 9.70843e-15 0 9.91479e-15 0 1.01129e-14 0 1.02979e-14 0 1.04743e-14 0
352.205 1.40854e-16 1.40854e-16 6.4491e-26 4.57857e-10 3.24911e-08 1.81637e-15 1.56725e-15 2.55778e-15 2.30795e-15 3.49137e-15 3.25312e-15 4.1355e-15 3.90784e-15 4.63912e-15 4.42034e-15 5.05653e-15 4.84602e-15 5.41531e-15 5.20909e-15 5.73431e-15 5.53282e-15 6.02125e-15 5.82326e-15 6.28134e-15 6.08772e-15 6.51692e-15 6.33074e-15 6.74085e-15 6.55591e-15 6.94589e-15 6.76591e-15 7.13847e-15 0 7.32525e-15 0 7.49562e-15 0 7.6598e-15 0 7.81769e-15 0 7.96916e-15 0 8.1106e-15 0 8.24542e-15 0
370.284 1.28881e-16 1.28881e-16 5.27994e-26 4.09676e-10 3.05531e-08 1.50365e-15 1.29928e-15 2.08914e-15 1.88795e-15 2.81896e-15 2.62994e-15 3.31913e-15 3.13984e-15 3.70875e-15 3.53725e-15 4.03086e-15 3.86638e-15 4.30722e-15 4.14649e-15 4.55258e-15 4.39585e-15 4.77302e-15 4.61928e-15 4.97263e-15 4.8225e-15 5.15329e-15 5.00906e-15 5.32488e-15 5.18178e-15 5.48189e-15 5.34275e-15 5.62927e-15 0 5.77214e-15 0 5.9024e-15 0 6.02787e-15 0 6.14848e-15 0 6.26415e-15 0 6.37212e-15 0 6.47501e-15 0
389.291 1.17899e-16 1.17899e-16 4.3235e-26 3.66712e-10 2.98109e-08 1.23707e-15 1.07078e-15 1.69722e-15 1.53627e-15 2.26545e-15 2.11631e-15 2.6525e-15 2.51198e-15 2.95298e-15 2.81914e-15 3.20083e-15 3.07284e-15 3.41311e-15 3.28832e-15 3.60134e-15 3.47988e-15 3.77026e-15 3.6513e-15 3.92308e-15 3.80707e-15 4.06128e-15 3.94993e-15 4.19246e-15 4.08211e-15 4.31242e-15 4.2052e-15 4.42497e-15 0 4.53402e-15 0 4.6334e-15 0 4.72909e-15 0 4.82104e-15 0 4.90919e-15 0 4.99145e-15 0 5.06981e-15 0
409.273 1.08008e-16 1.08008e-16 3.54012e-26 3.27763e-10 3.16407e-08 1.01351e-15 8.79e-16 1.37414e-15 1.24596e-15 1.81567e-15 1.69838e-15 2.11473e-15 2.0049e-15 2.34618e-15 2.24197e-15 2.53669e-15 2.43731e-15 2.69961e-15 2.6029e-15 2.8439e-15 2.74993e-15 2.97325e-15 2.88136e-15 3.09018e-15 3.00066e-15 3.19585e-15 3.11001e-15 3.29609e-15 3.21109e-15 3.38771e-15 3.30518e-15 3.47363e-15 0 3.55683e-15 0 3.63263e-15 0 3.70559e-15 0 3.77567e-15 0 3.84284e-15 0 3.9055e-15 0 3.96518e-15 0
430.281 9.89884e-17 9.89884e-17 2.89821e-26 2.92783e-10 2.07004e-08 8.26322e-16 7.18205e-16 1.10798e-15 1.00641e-15 1.45012e-15 1.35823e-15 1.68066e-15 1.59511e-15 1.85858e-15 1.77769e-15 2.00475e-15 1.92779e-15 2.12957e-15 2.05482e-15 2.23999e-15 2.16748e-15 2.3389e-15 2.26808e-15 2.42824e-15 2.35932e-15 2.50893e-15 2.44289e-15 2.58542e-15 2.52009e-15 2.65531e-15 2.59191e-15 2.72081e-15 0 2.78422e-15 0 2.84197e-15 0 2.89753e-15 0 2.95089e-15 0 3.00202e-15 0 3.0497e-15 0 3.0951e-15 0
452.368 9.07333e-17 9.07333e-17 2.37309e-26 2.61546e-10 1.98153e-08 6.70471e-16 5.84085e-16 8.89693e-16 8.09595e-16 1.15407e-15 1.08237e-15 1.33138e-15 1.26496e-15 1.46786e-15 1.40526e-15 1.57979e-15 1.52037e-15 1.67526e-15 1.61764e-15 1.75962e-15 1.7038e-15 1.83513e-15 1.78067e-15 1.90328e-15 1.85034e-15 1.9648e-15 1.9141e-15 2.02309e-15 1.97298e-15 2.07631e-15 2.02772e-15 2.12619e-15 0 2.17445e-15 0 2.21839e-15 0 2.26065e-15 0 2.30122e-15 0 2.34009e-15 0 2.37633e-15 0 2.41083e-15 0
475.588 8.32076e-17 8.32076e-17 1.9431e-26 2.33524e-10 2.31035e-08 5.41764e-16 4.73095e-16 7.11918e-16 6.49005e-16 9.15771e-16 8.59989e-16 1.0519e-15 1.00047e-15 1.15643e-15 1.1081e-15 1.24203e-15 1.19624e-15 1.31494e-15 1.27061e-15 1.37932e-15 1.33643e-15 1.4369e-15 1.3951e-15 1.48883e-15 1.44824e-15 1.53569e-15 1.49684e-15 1.58007e-15 1.54169e-15 1.62057e-15 1.58338e-15 1.65851e-15 0 1.69521e-15 0 1.72861e-15 0 1.76074e-15 0 1.79157e-15 0 1.82109e-15 0 1.84862e-15 0 1.87481e-15 0
500 7.63673e-17 7.63673e-17 1.59092e-26 2.08325e-10 1.87983e-08 4.36213e-16 3.81863e-16 5.67992e-16 5.1874e-16 7.24918e-16 6.81629e-16 8.29298e-16 7.89552e-16 9.09278e-16 8.7203e-16 9.74672e-16 9.39454e-16 1.03032e-15 9.96269e-16 1.07941e-15 1.04651e-15 1.12329e-15 1.09125e-15 1.16285e-15 1.13175e-15 1.19851e-15 1.16877e-15 1.23228e-15 1.20293e-15 1.26309e-15 1.23465e-15 1.29194e-15 0 1.31984e-15 0 1.34522e-15 0 1.36963e-15 0 1.39304e-15 0 1.41547e-15 0 1.43636e-15 0 1.45625e-15 0
525.665 7.0094e-17 7.0094e-17 1.30278e-26 1.85861e-10 1.89968e-08 3.4982e-16 3.07001e-16 4.51607e-16 4.13192e-16 5.72148e-16 5.38653e-16 6.5204e-16 6.21405e-16 7.13135e-16 6.84495e-16 7.63023e-16 7.35989e-16 8.05435e-16 7.79329e-16 8.42822e-16 8.17621e-16 8.76215e-16 8.51701e-16 9.06305e-16 8.8253e-16 9.33424e-16 9.10698e-16 9.5909e-16 9.36671e-16 9.82499e-16 9.6079e-16 1.00441e-15 0 1.0256e-15 0 1.04487e-15 0 1.06339e-15 0 1.08116e-15 0 1.09818e-15 0 1.11403e-15 0 1.12911e-15 0
552.648 6.43919e-17 6.43919e-17 1.06674e-26 1.65664e-10 1.03081e-08 2.79709e-16 2.4609e-16 3.582e-16 3.28314e-16 4.50686e-16 4.24816e-16 5.11782e-16 4.88205e-16 5.5842e-16 5.36427e-16 5.96458e-16 5.7573e-16 6.28766e-16 6.08773e-16 6.57228e-16 6.37946e-16 6.82634e-16 6.63893e-16 7.05516e-16 6.87352e-16 7.26132e-16 7.08777e-16 7.45635e-16 7.28524e-16 7.63418e-16 7.46855e-16 7.8006e-16 0 7.96146e-16 0 8.10774e-16 0 8.24832e-16 0 8.38317e-16 0 8.51224e-16 0 8.6325e-16 0 8.7469e-16 0
581.015 5.91843e-17 5.91843e-17 8.7337e-27 1.47568e-10 1.46531e-08 2.22964e-16 1.96658e-16 2.83384e-16 2.60194e-16 3.5425e-16 3.34309e-16 4.00925e-16 3.82809e-16 4.36496e-16 4.19631e-16 4.65475e-16 4.49603e-16 4.90071e-16 4.74777e-16 5.11723e-16 4.96987e-16 5.31042e-16 5.16729e-16 5.48434e-16 5.3457e-16 5.64097e-16 5.50857e-16 5.78911e-16 5.65863e-16 5.92415e-16 5.79789e-16 6.05048e-16 0 6.17257e-16 0 6.28357e-16 0 6.39023e-16 0 6.49252e-16 0 6.59041e-16 0 6.6816e-16 0 6.76835e-16 0
610.839 5.44258e-17 5.44258e-17 7.15093e-27 1.31389e-10 7.24646e-09 1.77226e-16 1.56704e-16 2.23662e-16 2.05709e-16 2.77898e-16 2.62554e-16 3.13523e-16 2.99624e-16 3.40632e-16 3.27716e-16 3.62696e-16 3.50556e-16 3.81409e-16 3.69722e-16 3.97873e-16 3.86621e-16 4.12555e-16 4.01634e-16 4.25769e-16 4.15196e-16 4.37665e-16 4.27571e-16 4.48912e-16 4.3897e-16 4.59162e-16 4.49545e-16 4.6875e-16 0 4.78013e-16 0 4.86434e-16 0 4.94524e-16 0 5.02281e-16 0 5.09703e-16 0 5.16617e-16 0 5.23193e-16 0
642.193 5.00637e-17 5.00637e-17 5.85537e-27 1.16958e-10 -2.8521e-10 1.40465e-16 1.24504e-16 1.76096e-16 1.6223e-16 2.17552e-16 2.05766e-16 2.44716e-16 2.34068e-16 2.65359e-16 2.5548e-16 2.82144e-16 2.7287e-16 2.96371e-16 2.8745e-16 3.08881e-16 3.00299e-16 3.20033e-16 3.11709e-16 3.30066e-16 3.2201e-16 3.39096e-16 3.31408e-16 3.47631e-16 3.40062e-16 3.55408e-16 3.48088e-16 3.6268e-16 0 3.69705e-16 0 3.7609e-16 0 3.82224e-16 0 3.88104e-16 0 3.9373e-16 0 3.98969e-16 0 4.03952e-16 0
675.157 4.60743e-17 4.60743e-17 4.79463e-27 1.04063e-10 8.745e-09 1.11056e-16 9.86721e-17 1.38362e-16 1.27672e-16 1.70022e-16 1.60981e-16 1.90719e-16 1.82571e-16 2.06429e-16 1.98882e-16 2.19193e-16 2.12114e-16 2.30005e-16 2.23201e-16 2.39508e-16 2.32967e-16 2.47976e-16 2.41634e-16 2.55591e-16 2.49457e-16 2.62443e-16 2.56592e-16 2.68919e-16 2.6316e-16 2.74818e-16 2.6925e-16 2.80333e-16 0 2.8566e-16 0 2.905e-16 0 2.9515e-16 0 2.99606e-16 0 3.0387e-16 0 3.0784e-16 0 3.11616e-16 0
709.813 4.24253e-17 4.24253e-17 3.92559e-27 9.25295e-11 9.11189e-09 8.76074e-17 7.80202e-17 1.08511e-16 1.00283e-16 1.32672e-16 1.25745e-16 1.48435e-16 1.42205e-16 1.60385e-16 1.54623e-16 1.70088e-16 1.64688e-16 1.78302e-16 1.73116e-16 1.85518e-16 1.80536e-16 1.91947e-16 1.87118e-16 1.97726e-16 1.93058e-16 2.02925e-16 1.98473e-16 2.07838e-16 2.03457e-16 2.12311e-16 2.08077e-16 2.16493e-16 0 2.20532e-16 0 2.24202e-16 0 2.27726e-16 0 2.31104e-16 0 2.34335e-16 0 2.37343e-16 0 2.40204e-16 0
746.248 3.91003e-17 3.91003e-17 3.21428e-27 8.2206e-11 1.605e-08 6.89917e-17 6.15812e-17 8.49858e-17 7.86595e-17 1.03419e-16 9.81144e-17 1.15422e-16 1.10662e-16 1.24513e-16 1.20115e-16 1.3189e-16 1.27772e-16 1.38131e-16 1.34179e-16 1.43612e-16 1.39817e-16 1.48493e-16 1.44817e-16 1.52881e-16 1.49328e-16 1.56827e-16 1.53439e-16 1.60554e-16 1.57222e-16 1.63948e-16 1.60728e-16 1.6712e-16 0 1.70183e-16 0 1.72966e-16 0 1.75639e-16 0 1.782e-16 0 1.80649e-16 0 1.8293e-16 0 1.85098e-16 0
784.553 3.6036e-17 3.6036e-17 2.63192e-27 7.3036e-11 2.20631e-09 5.41991e-17 4.84839e-17 6.64207e-17 6.15651e-17 8.04688e-17 7.64131e-17 8.96016e-17 8.59682e-17 9.65123e-17 9.31592e-17 1.02116e-16 9.89791e-17 1.06855e-16 1.03846e-16 1.11016e-16 1.08128e-16 1.1472e-16 1.11924e-16 1.18048e-16 1.15347e-16 1.21041e-16 1.18466e-16 1.23868e-16 1.21336e-16 1.26442e-16 1.23995e-16 1.28847e-16 0 1.31169e-16 0 1.33278e-16 0 1.35303e-16 0 1.37244e-16 0 1.391e-16 0 1.40828e-16 0 1.42471e-16 0
824.824 3.32418e-17 3.32418e-17 2.15489e-27 6.48247e-11 4.11969e-08 4.25191e-17 3.81164e-17 5.18552e-17 4.81311e-17 6.25612e-17 5.94612e-17 6.95105e-17 6.67378e-17 7.47646e-17 7.22085e-17 7.90225e-17 7.66331e-17 8.26222e-17 8.03314e-17 8.57816e-17 8.35836e-17 8.85934e-17 8.64661e-17 9.11196e-17 8.90648e-17 9.33906e-17 9.14325e-17 9.55352e-17 9.36102e-17 9.74875e-17 9.5628e-17 9.93118e-17 0 1.01073e-16 0 1.02672e-16 0 1.04208e-16 0 1.0568e-16 0 1.07087e-16 0 1.08397e-16 0 1.09642e-16 0
867.163 3.06683e-17 3.06683e-17 1.76451e-27 5.75354e-11 6.13269e-09 3.32887e-17 2.9903e-17 4.04139e-17 3.75613e-17 4.85668e-17 4.61997e-17 5.38516e-17 5.17376e-17 5.78442e-17 5.58971e-17 6.10781e-17 5.92591e-17 6.38111e-17 6.2068e-17 6.62091e-17 6.45374e-17 6.83428e-17 6.67254e-17 7.02594e-17 6.86975e-17 7.19821e-17 7.0494e-17 7.36087e-17 7.2146e-17 7.50892e-17 7.36766e-17 7.64725e-17 0 7.78077e-17 0 7.90204e-17 0 8.01845e-17 0 8.12999e-17 0 8.23664e-17 0 8.33592e-17 0 8.43029e-17 0
911.674 2.8319e-17 2.8319e-17 1.44466e-27 5.1014e-11 1.18748e-08 2.60324e-17 2.34307e-17 3.14696e-17 2.92856e-17 3.76789e-17 3.58717e-17 4.16987e-17 4.00869e-17 4.47335e-17 4.32502e-17 4.71906e-17 4.58057e-17 4.92663e-17 4.79398e-17 5.10872e-17 4.98154e-17 5.2707e-17 5.14769e-17 5.41617e-17 5.29742e-17 5.54691e-17 5.43378e-17 5.67033e-17 5.55917e-17 5.78266e-17 5.67532e-17 5.88761e-17 0 5.98889e-17 0 6.08087e-17 0 6.16916e-17 0 6.25376e-17 0 6.33464e-17 0 6.40992e-17 0 6.48148e-17 0
958.471 2.61513e-17 2.61513e-17 1.18299e-27 4.52364e-11 2.02251e-08 2.03204e-17 1.83243e-17 2.44661e-17 2.27959e-17 2.91921e-17 2.78136e-17 3.22481e-17 3.10201e-17 3.45538e-17 3.34246e-17 3.64198e-17 3.53661e-17 3.79958e-17 3.69869e-17 3.93779e-17 3.84109e-17 4.06071e-17 3.96721e-17 4.17109e-17 4.08085e-17 4.27028e-17 4.18433e-17 4.36391e-17 4.27946e-17 4.44911e-17 4.36757e-17 4.5287e-17 0 4.60551e-17 0 4.67526e-17 0 4.74221e-17 0 4.80634e-17 0 4.86766e-17 0 4.92474e-17 0 4.97898e-17 0
1007.67 2.41722e-17 2.41722e-17 9.68507e-28 4.0067e-11 -1.04869e-08 1.58483e-17 1.43174e-17 1.90096e-17 1.77326e-17 2.26076e-17 2.1556e-17 2.49318e-17 2.39961e-17 2.66845e-17 2.58246e-17 2.81023e-17 2.73003e-17 2.92994e-17 2.85318e-17 3.0349e-17 2.96136e-17 3.12824e-17 3.05714e-17 3.21204e-17 3.14343e-17 3.28734e-17 3.222e-17 3.3584e-17 3.29422e-17 3.42307e-17 3.3611e-17 3.48347e-17 0 3.54176e-17 0 3.59468e-17 0 3.64548e-17 0 3.69414e-17 0 3.74066e-17 0 3.78395e-17 0 3.8251e-17 0
1059.39 2.23452e-17 2.23452e-17 7.93118e-28 3.5494e-11 -2.67637e-08 1.23409e-17 1.11682e-17 1.47501e-17 1.37745e-17 1.7488e-17 1.66863e-17 1.9255e-17 1.85424e-17 2.05867e-17 1.99323e-17 2.16637e-17 2.10536e-17 2.25728e-17 2.1989e-17 2.33697e-17 2.28105e-17 2.40783e-17 2.35379e-17 2.47144e-17 2.4193e-17 2.52858e-17 2.47893e-17 2.58251e-17 2.53375e-17 2.63158e-17 2.58451e-17 2.67741e-17 0 2.72163e-17 0 2.76178e-17 0 2.80032e-17 0 2.83723e-17 0 2.87252e-17 0 2.90536e-17 0 2.93657e-17 0
1113.77 2.06708e-17 2.06708e-17 6.49229e-28 3.14081e-11 9.51358e-09 9.60131e-18 8.7034e-18 1.14374e-17 1.06922e-17 1.35212e-17 1.29101e-17 1.48649e-17 1.43221e-17 1.58771e-17 1.5379e-17 1.66955e-17 1.62312e-17 1.73861e-17 1.6942e-17 1.79914e-17 1.75661e-17 1.85295e-17 1.81186e-17 1.90125e-17 1.86161e-17 1.94464e-17 1.9069e-17 1.98559e-17 1.94852e-17 2.02283e-17 1.98706e-17 2.05762e-17 0 2.09119e-17 0 2.12167e-17 0 2.15091e-17 0 2.17893e-17 0 2.20571e-17 0 2.23063e-17 0 2.25431e-17 0
1170.94 1.91292e-17 1.91292e-17 5.31603e-28 2.77902e-11 2.38999e-08 7.46164e-18 6.77458e-18 8.8606e-18 8.2917e-18 1.04464e-17 9.98065e-18 1.14682e-17 1.10549e-17 1.22376e-17 1.18584e-17 1.28595e-17 1.25062e-17 1.33842e-17 1.30464e-17 1.3844e-17 1.35206e-17 1.42527e-17 1.39402e-17 1.46195e-17 1.43181e-17 1.4949e-17 1.46621e-17 1.52598e-17 1.49781e-17 1.55427e-17 1.52708e-17 1.58068e-17 0 1.60616e-17 0 1.62929e-17 0 1.65149e-17 0 1.67276e-17 0 1.69308e-17 0 1.712e-17 0 1.72997e-17 0
1231.05 1.7715e-17 1.7715e-17 4.35279e-28 2.45713e-11 9.81898e-08 5.79479e-18 5.26919e-18 6.86087e-18 6.42654e-18 8.06803e-18 7.71299e-18 8.84527e-18 8.53047e-18 9.43033e-18 9.14167e-18 9.90307e-18 9.63424e-18 1.03019e-17 1.00448e-17 1.06513e-17 1.04053e-17 1.09619e-17 1.07242e-17 1.12406e-17 1.10114e-17 1.14909e-17 1.12727e-17 1.1727e-17 1.15129e-17 1.19419e-17 1.17352e-17 1.21425e-17 0 1.2336e-17 0 1.25117e-17 0 1.26803e-17 0 1.28418e-17 0 1.29962e-17 0 1.31398e-17 0 1.32763e-17 0
1294.24 1.64124e-17 1.64124e-17 3.56474e-28 2.17198e-11 4.98769e-08 4.49629e-18 4.09438e-18 5.30864e-18 4.97714e-18 6.22759e-18 5.95699e-18 6.81888e-18 6.57911e-18 7.26381e-18 7.04405e-18 7.62324e-18 7.41864e-18 7.92641e-18 7.73084e-18 8.19201e-18 8.00483e-18 8.42804e-18 8.24726e-18 8.63984e-18 8.46552e-18 8.83004e-18 8.66413e-18 9.00949e-18 8.84662e-18 9.17272e-18 9.01556e-18 9.32514e-18 0 9.47219e-18 0 9.60567e-18 0 9.73375e-18 0 9.85642e-18 0 9.97367e-18 0 1.00828e-17 0 1.01865e-17 0
1360.67 1.52104e-17 1.52104e-17 2.9189e-28 1.91902e-11 8.41176e-08 3.48553e-18 3.17836e-18 4.10446e-18 3.85152e-18 4.80397e-18 4.59777e-18 5.25381e-18 5.07121e-18 5.5922e-18 5.4249e-18 5.8655e-18 5.70978e-18 6.09598e-18 5.94717e-18 6.29789e-18 6.15548e-18 6.47729e-18 6.33977e-18 6.63826e-18 6.50568e-18 6.78282e-18 6.65663e-18 6.91919e-18 6.79532e-18 7.04323e-18 6.92371e-18 7.15905e-18 0 7.27077e-18 0 7.37219e-18 0 7.4695e-18 0 7.5627e-18 0 7.65178e-18 0 7.73467e-18 0 7.81343e-18 0
1430.51 1.41082e-17 1.41082e-17 2.39004e-28 1.69408e-11 -1.68346e-08 2.7011e-18 2.46629e-18 3.17286e-18 2.9798e-18 3.7056e-18 3.5484e-18 4.04802e-18 3.90889e-18 4.30553e-18 4.1781e-18 4.51347e-18 4.39489e-18 4.68881e-18 4.57551e-18 4.84239e-18 4.73398e-18 4.97884e-18 4.87417e-18 5.10126e-18 5.00036e-18 5.2112e-18 5.11517e-18 5.3149e-18 5.22064e-18 5.40922e-18 5.31828e-18 5.49728e-18 0 5.58224e-18 0 5.65935e-18 0 5.73333e-18 0 5.80419e-18 0 5.87191e-18 0 5.93493e-18 0 5.99481e-18 0
1503.94 1.30873e-17 1.30873e-17 1.95706e-28 1.49539e-11 3.83963e-08 2.09113e-18 1.91174e-18 2.45062e-18 2.30333e-18 2.85628e-18 2.73647e-18 3.1169e-18 3.01091e-18 3.31284e-18 3.2158e-18 3.47103e-18 3.38075e-18 3.60441e-18 3.51816e-18 3.72122e-18 3.63871e-18 3.825e-18 3.74534e-18 3.9181e-18 3.84131e-18 4.0017e-18 3.92863e-18 4.08056e-18 4.00884e-18 4.15227e-18 4.08309e-18 4.21924e-18 0 4.28383e-18 0 4.34245e-18 0 4.3987e-18 0 4.45257e-18 0 4.50406e-18 0 4.55197e-18 0 4.59749e-18 0
1581.14 1.21521e-17 1.21521e-17 1.6025e-28 1.3187e-11 5.91853e-08 1.6188e-18 1.48169e-18 1.89291e-18 1.78048e-18 2.20203e-18 2.11066e-18 2.40053e-18 2.31974e-18 2.54974e-18 2.47579e-18 2.67018e-18 2.6014e-18 2.77172e-18 2.70602e-18 2.86064e-18 2.79779e-18 2.93963e-18 2.87896e-18 3.0105e-18 2.95202e-18 3.07412e-18 3.01848e-18 3.13413e-18 3.07953e-18 3.18871e-18 3.13603e-18 3.23967e-18 0 3.28882e-18 0 3.33343e-18 0 3.37624e-18 0 3.41723e-18 0 3.4564e-18 0 3.49285e-18 0 3.52749e-18 0
1662.3 1.12818e-17 1.12818e-17 1.31232e-28 1.16321e-11 -4.24592e-08 1.25172e-18 1.147e-18 1.46064e-18 1.37486e-18 1.69609e-18 1.62644e-18 1.84722e-18 1.78567e-18 1.9608e-18 1.90447e-18 2.05248e-18 2.00009e-18 2.12975e-18 2.07972e-18 2.19742e-18 2.14956e-18 2.25753e-18 2.21134e-18 2.31144e-18 2.26693e-18 2.35985e-18 2.3175e-18 2.40552e-18 2.36395e-18 2.44704e-18 2.40694e-18 2.48581e-18 0 2.5232e-18 0 2.55714e-18 0 2.5897e-18 0 2.62088e-18 0 2.65068e-18 0 2.67841e-18 0 2.70475e-18 0
1747.63 1.04862e-17 1.04862e-17 1.07456e-28 1.02474e-11 6.29028e-08 9.68125e-19 8.88087e-19 1.12749e-18 1.062e-18 1.307e-18 1.25386e-18 1.42219e-18 1.37524e-18 1.50873e-18 1.46578e-18 1.57858e-18 1.53864e-18 1.63745e-18 1.59931e-18 1.689e-18 1.65253e-18 1.73478e-18 1.69958e-18 1.77585e-18 1.74193e-18 1.81272e-18 1.78045e-18 1.8475e-18 1.81583e-18 1.87913e-18 1.84857e-18 1.90865e-18 0 1.93713e-18 0 1.96297e-18 0 1.98777e-18 0 2.01151e-18 0 2.03421e-18 0 2.05532e-18 0 2.07538e-18 0
1837.33 9.74696e-18 9.74696e-18 8.79895e-29 9.02738e-12 9.7549e-08 7.48152e-19 6.87003e-19 8.69694e-19 8.19704e-19 1.00653e-18 9.66002e-19 1.09431e-18 1.05851e-18 1.16025e-18 1.12751e-18 1.21346e-18 1.18302e-18 1.2583e-18 1.22924e-18 1.29757e-18 1.26977e-18 1.33244e-18 1.30562e-18 1.36372e-18 1.33787e-18 1.3918e-18 1.36721e-18 1.41829e-18 1.39416e-18 1.44237e-18 1.4191e-18 1.46486e-18 0 1.48654e-18 0 1.50622e-18 0 1.52511e-18 0 1.54319e-18 0 1.56047e-18 0 1.57655e-18 0 1.59182e-18 0
1931.64 9.06879e-18 9.06879e-18 7.20565e-29 7.94555e-12 2.62374e-08 5.78255e-19 5.3151e-19 6.71021e-19 6.32838e-19 7.75413e-19 7.44477e-19 8.42359e-19 8.15045e-19 8.92643e-19 8.67664e-19 9.33215e-19 9.09995e-19 9.67406e-19 9.45236e-19 9.9734e-19 9.76141e-19 1.02393e-18 1.00347e-18 1.04777e-18 1.02806e-18 1.06918e-18 1.05042e-18 1.08937e-18 1.07096e-18 1.10772e-18 1.08997e-18 1.12486e-18 0 1.14139e-18 0 1.15639e-18 0 1.17078e-18 0 1.18456e-18 0 1.19773e-18 0 1.20999e-18 0 1.22163e-18 0
2030.79 8.42654e-18 8.42654e-18 5.90114e-29 7.00305e-12 -2.12639e-08 4.45998e-19 4.10324e-19 5.16692e-19 4.87574e-19 5.96213e-19 5.72636e-19 6.47197e-19 6.26386e-19 6.85486e-19 6.66457e-19 7.16376e-19 6.98689e-19 7.42407e-19 7.25521e-19 7.65195e-19 7.49051e-19 7.85434e-19 7.69855e-19 8.03585e-19 7.88574e-19 8.19879e-19 8.05599e-19 8.35247e-19 8.21236e-19 8.4922e-19 8.35706e-19 8.62264e-19 0 8.74845e-19 0 8.86263e-19 0 8.97216e-19 0 9.07705e-19 0 9.17729e-19 0 9.27055e-19 0 9.35915e-19 0
2135.03 7.81175e-18 7.81175e-18 4.83209e-29 6.18567e-12 -7.25474e-08 3.42946e-19 3.15793e-19 3.96685e-19 3.74538e-19 4.57113e-19 4.39189e-19 4.95846e-19 4.80029e-19 5.2493e-19 5.1047e-19 5.48394e-19 5.34954e-19 5.68164e-19 5.55334e-19 5.8547e-19 5.73205e-19 6.0084e-19 5.89006e-19 6.14625e-19 6.03221e-19 6.26999e-19 6.16151e-19 6.38668e-19 6.28025e-19 6.49279e-19 6.39014e-19 6.59184e-19 0 6.68737e-19 0 6.77407e-19 0 6.85724e-19 0 6.93688e-19 0 7.01299e-19 0 7.08379e-19 0 7.15107e-19 0
2244.63 7.23802e-18 7.23802e-18 3.95655e-29 5.46634e-12 1.01076e-07 2.63385e-19 2.42734e-19 3.04208e-19 2.87374e-19 3.50096e-19 3.36479e-19 3.79503e-19 3.6749e-19 4.01583e-19 3.90601e-19 4.19393e-19 4.09188e-19 4.34399e-19 4.24658e-19 4.47535e-19 4.38223e-19 4.59201e-19 4.50216e-19 4.69663e-19 4.61005e-19 4.79053e-19 4.70819e-19 4.8791e-19 4.79831e-19 4.95962e-19 4.8817e-19 5.03479e-19 0 5.10729e-19 0 5.17308e-19 0 5.23619e-19 0 5.29663e-19 0 5.35438e-19 0 5.40812e-19 0 5.45916e-19 0
2359.84 6.70895e-18 6.70895e-18 3.23971e-29 4.82894e-12 -1.5519e-07 2.02226e-19 1.86518e-19 2.33243e-19 2.20447e-19 2.68099e-19 2.57753e-19 2.90432e-19 2.81306e-19 3.07199e-19 2.98857e-19 3.20722e-19 3.12971e-19 3.32116e-19 3.24718e-19 3.42089e-19 3.35017e-19 3.50946e-19 3.44123e-19 3.58888e-19 3.52314e-19 3.66018e-19 3.59765e-19 3.72741e-19 3.66606e-19 3.78854e-19 3.72937e-19 3.84561e-19 0 3.90064e-19 0 3.95058e-19 0 3.99849e-19 0 4.04437e-19 0 4.08821e-19 0 4.129e-19 0 4.16775e-19 0
2480.97 6.21688e-18 6.21688e-18 2.65307e-29 4.26753e-12 -1.32698e-07 1.55129e-19 1.43188e-19 1.78688e-19 1.68964e-19 2.05154e-19 1.97295e-19 2.22108e-19 2.15177e-19 2.34835e-19 2.28501e-19 2.451e-19 2.39215e-19 2.53748e-19 2.48131e-19 2.61318e-19 2.55949e-19 2.6804e-19 2.6286e-19 2.74068e-19 2.69077e-19 2.79478e-19 2.74731e-19 2.84581e-19 2.79924e-19 2.8922e-19 2.84729e-19 2.9355e-19 0 2.97727e-19 0 3.01517e-19 0 3.05153e-19 0 3.08634e-19 0 3.11961e-19 0 3.15056e-19 0 3.17996e-19 0
2608.32 5.76137e-18 5.76137e-18 2.17235e-29 3.77055e-12 1.71139e-07 1.18942e-19 1.09865e-19 1.36834e-19 1.29446e-19 1.56929e-19 1.5096e-19 1.698e-19 1.64537e-19 1.79461e-19 1.74652e-19 1.87253e-19 1.82785e-19 1.93817e-19 1.89553e-19 1.99563e-19 1.95487e-19 2.04664e-19 2.00732e-19 2.09239e-19 2.05451e-19 2.13346e-19 2.09742e-19 2.17218e-19 2.13683e-19 2.20739e-19 2.1733e-19 2.24025e-19 0 2.27195e-19 0 2.30071e-19 0 2.3283e-19 0 2.35472e-19 0 2.37997e-19 0 2.40346e-19 0 2.42577e-19 0
2742.21 5.33868e-18 5.33868e-18 1.77877e-29 3.33185e-12 -1.36008e-07 9.11359e-20 8.42381e-20 1.04721e-19 9.91096e-20 1.19977e-19 1.15444e-19 1.29746e-19 1.2575e-19 1.37079e-19 1.33428e-19 1.42992e-19 1.396e-19 1.47974e-19 1.44737e-19 1.52334e-19 1.4924e-19 1.56205e-19 1.5322e-19 1.59677e-19 1.56801e-19 1.62793e-19 1.60058e-19 1.65731e-19 1.63048e-19 1.68403e-19 1.65816e-19 1.70897e-19 0 1.73302e-19 0 1.75484e-19 0 1.77578e-19 0 1.79583e-19 0 1.81498e-19 0 1.8328e-19 0 1.84974e-19 0
2882.97 4.9476e-18 4.9476e-18 1.45633e-29 2.94352e-12 -3.61835e-08 6.98025e-20 6.45611e-20 8.01182e-20 7.58557e-20 9.16995e-20 8.82577e-20 9.91153e-20 9.60814e-20 1.04681e-19 1.01909e-19 1.09169e-19 1.06594e-19 1.1295e-19 1.10493e-19 1.16259e-19 1.1391e-19 1.19197e-19 1.16931e-19 1.21832e-19 1.19649e-19 1.24196e-19 1.22121e-19 1.26426e-19 1.2439e-19 1.28454e-19 1.2649e-19 1.30346e-19 0 1.32171e-19 0 1.33828e-19 0 1.35416e-19 0 1.36937e-19 0 1.38391e-19 0 1.39744e-19 0 1.41028e-19 0
3030.95 4.58542e-18 4.58542e-18 1.19246e-29 2.60054e-12 2.00793e-07 5.34393e-20 4.94569e-20 6.12719e-20 5.80344e-20 7.00639e-20 6.74505e-20 7.5693e-20 7.33895e-20 7.99174e-20 7.7813e-20 8.33238e-20 8.13691e-20 8.61932e-20 8.4328e-20 8.87046e-20 8.69219e-20 9.09344e-20 8.92148e-20 9.29339e-20 9.12773e-20 9.47286e-20 9.3153e-20 9.64209e-20 9.48753e-20 9.79595e-20 9.6469e-20 9.93957e-20 0 1.00781e-19 0 1.02038e-19 0 1.03243e-19 0 1.04398e-19 0 1.05501e-19 0 1.06527e-19 0 1.07502e-19 0
3186.53 4.24996e-18 4.24996e-18 9.76374e-30 2.29737e-12 -7.33555e-08 4.08948e-20 3.78693e-20 4.68419e-20 4.43831e-20 5.35163e-20 5.15319e-20 5.77891e-20 5.60403e-20 6.09955e-20 5.9398e-20 6.35809e-20 6.20971e-20 6.57587e-20 6.43428e-20 6.76647e-20 6.63116e-20 6.9357e-20 6.80517e-20 7.08745e-20 6.96171e-20 7.22365e-20 7.10406e-20 7.35208e-20 7.23477e-20 7.46885e-20 7.35572e-20 7.57784e-20 0 7.68294e-20 0 7.77832e-20 0 7.86982e-20 0 7.95742e-20 0 8.04113e-20 0 8.11901e-20 0 8.193e-20 0
3350.09 3.93859e-18 3.93859e-18 7.99419e-30 2.02971e-12 2.40183e-07 3.12776e-20 2.89796e-20 3.57921e-20 3.39251e-20 4.0858e-20 3.93516e-20 4.41008e-20 4.27734e-20 4.65341e-20 4.53216e-20 4.84962e-20 4.73699e-20 5.01488e-20 4.90742e-20 5.15951e-20 5.05682e-20 5.28793e-20 5.18887e-20 5.40308e-20 5.30765e-20 5.50643e-20 5.41567e-20 5.60388e-20 5.51485e-20 5.69248e-20 5.60663e-20 5.77518e-20 0 5.85493e-20 0 5.9273e-20 0 5.99672e-20 0 6.0632e-20 0 6.12671e-20 0 6.1858e-20 0 6.24194e-20 0
3522.05 3.64876e-18 3.64876e-18 6.54641e-30 1.79415e-12 -1.04841e-07 2.39036e-20 2.21591e-20 2.73293e-20 2.59123e-20 3.11729e-20 3.00297e-20 3.3633e-20 3.26257e-20 3.54789e-20 3.45589e-20 3.69672e-20 3.61128e-20 3.82208e-20 3.74056e-20 3.93179e-20 3.85388e-20 4.0292e-20 3.95405e-20 4.11655e-20 4.04415e-20 4.19494e-20 4.12609e-20 4.26886e-20 4.20132e-20 4.33606e-20 4.27094e-20 4.39879e-20 0 4.45928e-20 0 4.51417e-20 0 4.56683e-20 0 4.61725e-20 0 4.66542e-20 0 4.71024e-20 0 4.75282e-20 0
3702.84 3.3816e-18 3.3816e-18 5.35979e-30 1.58499e-12 2.46487e-07 1.82682e-20 1.69434e-20 2.08685e-20 1.97927e-20 2.37856e-20 2.29179e-20 2.56526e-20 2.48881e-20 2.70534e-20 2.63551e-20 2.81828e-20 2.75343e-20 2.91341e-20 2.85154e-20 2.99666e-20 2.93754e-20 3.07058e-20 3.01355e-20 3.13686e-20 3.08192e-20 3.19634e-20 3.14409e-20 3.25243e-20 3.20118e-20 3.30342e-20 3.254e-20 3.35102e-20 0 3.39692e-20 0 3.43857e-20 0 3.47852e-20 0 3.51678e-20 0 3.55333e-20 0 3.58734e-20 0 3.61965e-20 0
3892.91 3.134e-18 3.134e-18 4.38817e-30 1.40018e-12 -6.56721e-09 1.39561e-20 1.29502e-20 1.59298e-20 1.51131e-20 1.81437e-20 1.7485e-20 1.95605e-20 1.89803e-20 2.06235e-20 2.00936e-20 2.14806e-20 2.09884e-20 2.22024e-20 2.17329e-20 2.28341e-20 2.23854e-20 2.3395e-20 2.29622e-20 2.38979e-20 2.3481e-20 2.43493e-20 2.39528e-20 2.47749e-20 2.4386e-20 2.51618e-20 2.47867e-20 2.55229e-20 0 2.58712e-20 0 2.61872e-20 0 2.64904e-20 0 2.67806e-20 0 2.7058e-20 0 2.7316e-20 0 2.75612e-20 0
4092.73 2.9045e-18 2.9045e-18 3.59265e-30 1.23692e-12 3.60228e-08 1.06579e-20 9.89419e-21 1.21559e-20 1.15359e-20 1.3836e-20 1.33361e-20 1.49111e-20 1.44708e-20 1.57178e-20 1.53156e-20 1.63681e-20 1.59946e-20 1.69159e-20 1.65595e-20 1.73952e-20 1.70547e-20 1.78208e-20 1.74923e-20 1.82023e-20 1.7886e-20 1.85448e-20 1.82439e-20 1.88677e-20 1.85726e-20 1.91613e-20 1.88767e-20 1.94353e-20 0 1.96996e-20 0 1.99394e-20 0 2.01694e-20 0 2.03896e-20 0 2.06001e-20 0 2.07958e-20 0 2.09818e-20 0
4302.81 2.69183e-18 2.69183e-18 2.94126e-30 1.09266e-12 7.77223e-07 8.13649e-21 7.55668e-21 9.27336e-21 8.80278e-21 1.05484e-20 1.0169e-20 1.13642e-20 1.103e-20 1.19763e-20 1.16711e-20 1.24698e-20 1.21863e-20 1.28854e-20 1.2615e-20 1.32491e-20 1.29907e-20 1.3572e-20 1.33228e-20 1.38615e-20 1.36215e-20 1.41214e-20 1.38931e-20 1.43664e-20 1.41424e-20 1.45891e-20 1.43732e-20 1.4797e-20 0 1.49975e-20 0 1.51795e-20 0 1.5354e-20 0 1.55211e-20 0 1.56807e-20 0 1.58293e-20 0 1.59704e-20 0
4523.68 2.49475e-18 2.49475e-18 2.40818e-30 9.65299e-13 -2.79285e-07 6.20965e-21 5.76949e-21 7.07244e-21 6.71526e-21 8.03998e-21 7.75204e-21 8.65906e-21 8.40544e-21 9.1235e-21 8.8919e-21 9.49793e-21 9.28286e-21 9.81329e-21 9.6081e-21 1.00892e-20 9.89319e-21 1.03343e-20 1.01451e-20 1.05539e-20 1.03718e-20 1.07511e-20 1.05779e-20 1.0937e-20 1.07671e-20 1.1106e-20 1.09422e-20 1.12638e-20 0 1.14159e-20 0 1.15539e-20 0 1.16863e-20 0 1.18131e-20 0 1.19342e-20 0 1.20469e-20 0 1.2154e-20 0
4755.88 2.3118e-18 2.3118e-18 1.97148e-30 8.52787e-13 5.01729e-07 4.73707e-21 4.403e-21 5.39175e-21 5.12069e-21 6.12586e-21 5.90737e-21 6.59556e-21 6.40312e-21 6.94792e-21 6.7722e-21 7.23199e-21 7.06881e-21 7.47123e-21 7.31556e-21 7.68059e-21 7.53184e-21 7.86647e-21 7.72299e-21 8.03312e-21 7.89493e-21 8.1827e-21 8.05127e-21 8.32373e-21 8.19482e-21 8.45194e-21 8.32763e-21 8.57161e-21 0 8.68702e-21 0 8.79174e-21 0 8.89218e-21 0 8.98836e-21 0 9.08026e-21 0 9.16576e-21 0 9.24698e-21 0
5000 2.1425e-18 2.1425e-18 1.61407e-30 7.53359e-13 -4.5733e-07 3.61304e-21 3.35947e-21 4.10984e-21 3.90412e-21 4.66687e-21 4.50107e-21 5.02326e-21 4.87724e-21 5.29061e-21 5.15728e-21 5.50615e-21 5.38233e-21 5.68767e-21 5.56954e-21 5.84651e-21 5.73364e-21 5.98754e-21 5.87867e-21 6.11398e-21 6.00912e-21 6.22746e-21 6.12774e-21 6.33446e-21 6.23665e-21 6.43174e-21 6.33742e-21 6.52253e-21 0 6.61008e-21 0 6.68953e-21 0 6.76574e-21 0 6.83871e-21 0 6.90844e-21 0 6.9733e-21 0 7.03492e-21 0
