# 0.0004217 1 163 : grain size, compostion index, size index
# Heating and cooling timescale: 1.17083e-05 1.79424e+17
# Ratio of heating to cooling to determine stochastic cutoff: 100
# Equilibrium emission is recorded even for those grains in the stochastic regime.
# Emission spectrum was computed for: 
# Type: IRSF
# Scales: 0.25 0.5 1 1.5 2 2.5 3 3.5 4 4.5 5 5.5 6 6.5 7 7.5 8 8.5 9 9.5 10
# StochasticallyHeated: 0 0 0 0 0 0 0 0 0 0 0 0 0 0 0 0 0 0 0 0 0
# Temperature: -1
# Wavelength  CExt  CAbs  CSca  Albedo G EqEm1 StEm1 EqEm2 StEm2 EqEm3 StEm3 EqEm4 StEm4 EqEm5 StEm5 EqEm6 StEm6 EqEm7 StEm7 EqEm8 StEm8 EqEm9 StEm9 EqEm10 StEm10 EqEm11 StEm11 EqEm12 StEm12 EqEm13 StEm13 EqEm14 StEm14 EqEm15 StEm15 EqEm16 StEm16 EqEm17 StEm17 EqEm18 StEm18 EqEm19 StEm19 EqEm20 StEm20 EqEm21 StEm21
0.05 2.85655e-07 1.27117e-07 1.58537e-07 0.554996 0.214598 0 0 0 0 0 0 0 0 0 0 0 0 0 0 0 0 0 0 0 0 0 0 0 0 0 0 0 0 0 0 0 0 0 0 0 0 0 0 0 0 0 0
0.0525665 3.15733e-07 1.40502e-07 1.7523e-07 0.554996 0.237194 0 0 0 0 0 0 0 0 0 0 0 0 0 0 0 0 0 0 0 0 0 0 0 0 0 0 0 0 0 0 0 0 0 0 0 0 0 0 0 0 0 0
0.0552647 3.48978e-07 1.55297e-07 1.93681e-07 0.554996 0.26217 0 0 0 0 0 0 0 0 0 0 0 0 0 0 0 0 0 0 0 0 0 0 0 0 0 0 0 0 0 0 0 0 0 0 0 0 0 0 0 0 0 0
0.0581015 3.85723e-07 1.71648e-07 2.14075e-07 0.554996 0.289775 0 0 0 0 0 0 0 0 0 0 0 0 0 0 0 0 0 0 0 0 0 0 0 0 0 0 0 0 0 0 0 0 0 0 0 0 0 0 0 0 0 0
0.0610839 4.26338e-07 1.89722e-07 2.36616e-07 0.554996 0.320287 0 0 0 0 0 0 0 0 0 0 0 0 0 0 0 0 0 0 0 0 0 0 0 0 0 0 0 0 0 0 0 0 0 0 0 0 0 0 0 0 0 0
0.0642193 4.7123e-07 2.09699e-07 2.61531e-07 0.554996 0.354011 0 0 0 0 0 0 0 0 0 0 0 0 0 0 0 0 0 0 0 0 0 0 0 0 0 0 0 0 0 0 0 0 0 0 0 0 0 0 0 0 0 0
0.0675157 5.20848e-07 2.31779e-07 2.89068e-07 0.554996 0.391287 0 0 0 0 0 0 0 0 0 0 0 0 0 0 0 0 0 0 0 0 0 0 0 0 0 0 0 0 0 0 0 0 0 0 0 0 0 0 0 0 0 0
0.0709813 5.7569e-07 2.56185e-07 3.19506e-07 0.554996 0.432488 0 0 0 0 0 0 0 0 0 0 0 0 0 0 0 0 0 0 0 0 0 0 0 0 0 0 0 0 0 0 0 0 0 0 0 0 0 0 0 0 0 0
0.0746248 6.36308e-07 2.8316e-07 3.53148e-07 0.554996 0.478027 0 0 0 0 0 0 0 0 0 0 0 0 0 0 0 0 0 0 0 0 0 0 0 0 0 0 0 0 0 0 0 0 0 0 0 0 0 0 0 0 0 0
0.0784553 7.03308e-07 3.12975e-07 3.90333e-07 0.554996 0.52836 0 0 0 0 0 0 0 0 0 0 0 0 0 0 0 0 0 0 0 0 0 0 0 0 0 0 0 0 0 0 0 0 0 0 0 0 0 0 0 0 0 0
0.0824824 7.77363e-07 3.4593e-07 4.31433e-07 0.554996 0.583994 0 0 0 0 0 0 0 0 0 0 0 0 0 0 0 0 0 0 0 0 0 0 0 0 0 0 0 0 0 0 0 0 0 0 0 0 0 0 0 0 0 0
0.0867162 8.59216e-07 3.82355e-07 4.76861e-07 0.554996 0.645486 0 0 0 0 0 0 0 0 0 0 0 0 0 0 0 0 0 0 0 0 0 0 0 0 0 0 0 0 0 0 0 0 0 0 0 0 0 0 0 0 0 0
0.0911674 9.49687e-07 4.22615e-07 5.27073e-07 0.554996 0.713453 0 0 0 0 0 0 0 0 0 0 0 0 0 0 0 0 0 0 0 0 0 0 0 0 0 0 0 0 0 0 0 0 0 0 0 0 0 0 0 0 0 0
0.095847 1.04968e-06 4.67114e-07 5.82571e-07 0.554996 0.788576 0 0 0 0 0 0 0 0 0 0 0 0 0 0 0 0 0 0 0 0 0 0 0 0 0 0 0 0 0 0 0 0 0 0 0 0 0 0 0 0 0 0
0.100767 1.14271e-06 5.08585e-07 6.34125e-07 0.554931 0.858432 0 0 0 0 0 0 0 0 0 0 0 0 0 0 0 0 0 0 0 0 0 0 0 0 0 0 0 0 0 0 0 0 0 0 0 0 0 0 0 0 0 0
0.105939 1.14337e-06 5.09406e-07 6.3396e-07 0.554468 0.862284 0 0 0 0 0 0 0 0 0 0 0 0 0 0 0 0 0 0 0 0 0 0 0 0 0 0 0 0 0 0 0 0 0 0 0 0 0 0 0 0 0 0
0.111377 1.14403e-06 5.10515e-07 6.33516e-07 0.553757 0.867226 0 0 0 0 0 0 0 0 0 0 0 0 0 0 0 0 0 0 0 0 0 0 0 0 0 0 0 0 0 0 0 0 0 0 0 0 0 0 0 0 0 0
0.117094 1.14471e-06 5.1155e-07 6.3316e-07 0.553118 0.870371 0 0 0 0 0 0 0 0 0 0 0 0 0 0 0 0 0 0 0 0 0 0 0 0 0 0 0 0 0 0 0 0 0 0 0 0 0 0 0 0 0 0
0.123105 1.14538e-06 5.13169e-07 6.32209e-07 0.551965 0.872332 0 0 0 0 0 0 0 0 0 0 0 0 0 0 0 0 0 0 0 0 0 0 0 0 0 0 0 0 0 0 0 0 0 0 0 0 0 0 0 0 0 0
0.129424 1.14603e-06 5.15087e-07 6.3094e-07 0.550545 0.873268 0 0 0 0 0 0 0 0 0 0 0 0 0 0 0 0 0 0 0 0 0 0 0 0 0 0 0 0 0 0 0 0 0 0 0 0 0 0 0 0 0 0
0.136067 1.14673e-06 5.16246e-07 6.3048e-07 0.549809 0.872998 0 0 0 0 0 0 0 0 0 0 0 0 0 0 0 0 0 0 0 0 0 0 0 0 0 0 0 0 0 0 0 0 0 0 0 0 0 0 0 0 0 0
0.143051 1.14741e-06 5.18466e-07 6.28948e-07 0.548144 0.870719 0 0 0 0 0 0 0 0 0 0 0 0 0 0 0 0 0 0 0 0 0 0 0 0 0 0 0 0 0 0 0 0 0 0 0 0 0 0 0 0 0 0
0.150394 1.14818e-06 5.22196e-07 6.25981e-07 0.545196 0.871891 0 0 0 0 0 0 0 0 0 0 0 0 0 0 0 0 0 0 0 0 0 0 0 0 0 0 0 0 0 0 0 0 0 0 0 0 0 0 0 0 0 0
0.158114 1.14906e-06 5.27066e-07 6.21989e-07 0.541305 0.878179 0 0 0 0 0 0 0 0 0 0 0 0 0 0 0 0 0 0 0 0 0 0 0 0 0 0 0 0 0 0 0 0 0 0 0 0 0 0 0 0 0 0
0.16623 1.1501e-06 5.32134e-07 6.17969e-07 0.537316 0.88589 0 0 0 0 0 0 0 0 0 0 0 0 0 0 0 0 0 0 0 0 0 0 0 0 0 0 0 0 0 0 0 0 0 0 0 0 0 0 0 0 0 0
0.174762 1.15117e-06 5.36659e-07 6.14507e-07 0.533813 0.89289 0 0 0 0 0 0 0 0 0 0 0 0 0 0 0 0 0 0 0 0 0 0 0 0 0 0 0 0 0 0 0 0 0 0 0 0 0 0 0 0 0 0
0.183733 1.15227e-06 5.37692e-07 6.14575e-07 0.533362 0.89914 0 0 0 0 0 0 0 0 0 0 0 0 0 0 0 0 0 0 0 0 0 0 0 0 0 0 0 0 0 0 0 0 0 0 0 0 0 0 0 0 0 0
0.193164 1.15549e-06 5.23413e-07 6.3208e-07 0.547022 0.904437 0 0 0 0 0 0 0 0 0 0 0 0 0 0 0 0 0 0 0 0 0 0 0 0 0 0 0 0 0 0 0 0 0 0 0 0 0 0 0 0 0 0
0.203079 1.15608e-06 5.25223e-07 6.30857e-07 0.545686 0.908932 0 0 0 0 0 0 0 0 0 0 0 0 0 0 0 0 0 0 0 0 0 0 0 0 0 0 0 0 0 0 0 0 0 0 0 0 0 0 0 0 0 0
0.213503 1.15548e-06 5.32285e-07 6.23195e-07 0.539338 0.912875 0 0 0 0 0 0 0 0 0 0 0 0 0 0 0 0 0 0 0 0 0 0 0 0 0 0 0 0 0 0 0 0 0 0 0 0 0 0 0 0 0 0
0.224463 1.15508e-06 5.37428e-07 6.17652e-07 0.534727 0.916126 0 0 0 0 0 0 0 0 0 0 0 0 0 0 0 0 0 0 0 0 0 0 0 0 0 0 0 0 0 0 0 0 0 0 0 0 0 0 0 0 0 0
0.235984 1.15482e-06 5.42513e-07 6.12308e-07 0.530219 0.918647 0 0 0 0 0 0 0 0 0 0 0 0 0 0 0 0 0 0 0 0 0 0 0 0 0 0 0 0 0 0 0 0 0 0 0 0 0 0 0 0 0 0
0.248097 1.15485e-06 5.46837e-07 6.08014e-07 0.526487 0.920525 0 0 0 0 0 0 0 0 0 0 0 0 0 0 0 0 0 0 0 0 0 0 0 0 0 0 0 0 0 0 0 0 0 0 0 0 0 0 0 0 0 0
0.260832 1.15526e-06 5.50313e-07 6.04947e-07 0.523646 0.922009 0 0 0 0 0 0 0 0 0 0 0 0 0 0 0 0 0 0 0 0 0 0 0 0 0 0 0 0 0 0 0 0 0 0 0 0 0 0 0 0 0 0
0.274221 1.15593e-06 5.53042e-07 6.02892e-07 0.521563 0.923235 0 0 0 0 0 0 0 0 0 0 0 0 0 0 0 0 0 0 0 0 0 0 0 0 0 0 0 0 0 0 0 0 0 0 0 0 0 0 0 0 0 0
0.288297 1.15683e-06 5.55168e-07 6.01661e-07 0.520095 0.924237 0 0 0 0 0 0 0 0 0 0 0 0 0 0 0 0 0 0 0 0 0 0 0 0 0 0 0 0 0 0 0 0 0 0 0 0 0 0 0 0 0 0
0.303095 1.15789e-06 5.56904e-07 6.00988e-07 0.519036 0.925059 0 0 0 0 0 0 0 0 0 0 0 0 0 0 0 0 0 0 0 0 0 0 0 0 0 0 0 0 0 0 0 0 0 0 0 0 0 0 0 0 0 0
0.318653 1.1591e-06 5.58343e-07 6.00757e-07 0.518296 0.925743 0 0 0 0 0 0 0 0 0 0 0 0 0 0 0 0 0 0 0 0 0 0 0 0 0 0 0 0 0 0 0 0 0 0 0 0 0 0 0 0 0 0
0.335009 1.16041e-06 5.5958e-07 6.00832e-07 0.517775 0.926295 0 0 0 0 0 0 0 0 0 0 0 0 0 0 0 0 0 0 0 0 0 0 0 0 0 0 0 0 0 0 0 0 0 0 0 0 0 0 0 0 0 0
0.352205 1.16186e-06 5.60718e-07 6.01144e-07 0.517397 0.926746 0 0 0 0 0 0 0 0 0 0 0 0 0 0 0 0 0 0 0 0 0 0 0 0 0 0 0 0 0 0 0 0 0 0 0 0 0 0 0 0 0 0
0.370284 1.16337e-06 5.61739e-07 6.01633e-07 0.517146 0.927108 0 0 0 0 0 0 0 0 0 0 0 0 0 0 0 0 0 0 0 0 0 0 0 0 0 0 0 0 0 0 0 0 0 0 0 0 0 0 0 0 0 0
0.389291 1.16501e-06 5.62751e-07 6.02255e-07 0.516955 0.927351 0 0 0 0 0 0 0 0 0 0 0 0 0 0 0 0 0 0 0 0 0 0 0 0 0 0 0 0 0 0 0 0 0 0 0 0 0 0 0 0 0 0
0.409273 1.16672e-06 5.63722e-07 6.02999e-07 0.516832 0.927514 0 0 0 0 0 0 0 0 0 0 0 0 0 0 0 0 0 0 0 0 0 0 0 0 0 0 0 0 0 0 0 0 0 0 0 0 0 0 0 0 0 0
0.430281 1.16852e-06 5.64698e-07 6.03823e-07 0.516741 0.927606 0 0 0 0 0 0 0 0 0 0 0 0 0 0 0 0 0 0 0 0 0 0 0 0 0 0 0 0 0 0 0 0 0 0 0 0 0 0 0 0 0 0
0.452368 1.17041e-06 5.65689e-07 6.04723e-07 0.516675 0.927527 0 0 0 0 0 0 0 0 0 0 0 0 0 0 0 0 0 0 0 0 0 0 0 0 0 0 0 0 0 0 0 0 0 0 0 0 0 0 0 0 0 0
0.475588 1.17241e-06 5.667e-07 6.05707e-07 0.516635 0.927548 0 0 0 0 0 0 0 0 0 0 0 0 0 0 0 0 0 0 0 0 0 0 0 0 0 0 0 0 0 0 0 0 0 0 0 0 0 0 0 0 0 0
0.5 1.17449e-06 5.67736e-07 6.06751e-07 0.516609 0.927371 0 0 0 0 0 0 0 0 0 0 0 0 0 0 0 0 0 0 0 0 0 0 0 0 0 0 0 0 0 0 0 0 0 0 0 0 0 0 0 0 0 0
0.525665 1.17667e-06 5.68802e-07 6.07872e-07 0.516602 0.926908 0 0 0 0 0 0 0 0 0 0 0 0 0 0 0 0 0 0 0 0 0 0 0 0 0 0 0 0 0 0 0 0 0 0 0 0 0 0 0 0 0 0
0.552648 1.17897e-06 5.69895e-07 6.0907e-07 0.516614 0.927002 0 0 0 0 0 0 0 0 0 0 0 0 0 0 0 0 0 0 0 0 0 0 0 0 0 0 0 0 0 0 0 0 0 0 0 0 0 0 0 0 0 0
0.581015 1.18137e-06 5.71049e-07 6.10322e-07 0.516622 0.925902 0 0 0 0 0 0 0 0 0 0 0 0 0 0 0 0 0 0 0 0 0 0 0 0 0 0 0 0 0 0 0 0 0 0 0 0 0 0 0 0 0 0
0.610839 1.18391e-06 5.72267e-07 6.11643e-07 0.51663 0.92608 0 0 0 0 0 0 0 0 0 0 0 0 0 0 0 0 0 0 0 0 0 0 0 0 0 0 0 0 0 0 0 0 0 0 0 0 0 0 0 0 0 0
0.642193 1.18656e-06 5.73506e-07 6.13053e-07 0.516665 0.924456 0 0 0 0 0 0 0 0 0 0 0 0 0 0 0 0 0 0 0 0 0 0 0 0 0 0 0 0 0 0 0 0 0 0 0 0 0 0 0 0 0 0
0.675157 1.18934e-06 5.74812e-07 6.14528e-07 0.516697 0.924535 0 0 0 0 0 0 0 0 0 0 0 0 0 0 0 0 0 0 0 0 0 0 0 0 0 0 0 0 0 0 0 0 0 0 0 0 0 0 0 0 0 0
0.709813 1.1923e-06 5.7622e-07 6.16077e-07 0.516714 0.923017 0 0 0 0 0 0 0 0 0 0 0 0 0 0 0 0 0 0 0 0 0 0 0 0 0 0 0 0 0 0 0 0 0 0 0 0 0 0 0 0 0 0
0.746248 1.1954e-06 5.77699e-07 6.17699e-07 0.516731 0.921779 0 0 0 0 0 0 0 0 0 0 0 0 0 0 0 0 0 0 0 0 0 0 0 0 0 0 0 0 0 0 0 0 0 0 0 0 0 0 0 0 0 0
0.784553 1.19865e-06 5.79252e-07 6.19397e-07 0.516746 0.921486 0 0 0 0 0 0 0 0 0 0 0 0 0 0 0 0 0 0 0 0 0 0 0 0 0 0 0 0 0 0 0 0 0 0 0 0 0 0 0 0 0 0
0.824824 1.20207e-06 5.80897e-07 6.21175e-07 0.516753 0.918581 0 0 0 0 0 0 0 0 0 0 0 0 0 0 0 0 0 0 0 0 0 0 0 0 0 0 0 0 0 0 0 0 0 0 0 0 0 0 0 0 0 0
0.867162 1.20567e-06 5.82609e-07 6.23059e-07 0.516775 0.917953 0 0 0 0 0 0 0 0 0 0 0 0 0 0 0 0 0 0 0 0 0 0 0 0 0 0 0 0 0 0 0 0 0 0 0 0 0 0 0 0 0 0
0.911674 1.20946e-06 5.84466e-07 6.24994e-07 0.516754 0.91646 0 0 0 0 0 0 0 0 0 0 0 0 0 0 0 0 0 0 0 0 0 0 0 0 0 0 0 0 0 0 0 0 0 0 0 0 0 0 0 0 0 0
0.95847 1.21348e-06 5.86479e-07 6.26999e-07 0.516696 0.91269 0 0 0 0 0 0 0 0 0 0 0 0 0 0 0 0 0 0 0 0 0 0 0 0 0 0 0 0 0 0 0 0 0 0 0 0 0 0 0 0 0 0
1.00767 1.21772e-06 5.88649e-07 6.29069e-07 0.516597 0.911325 0 0 0 0 0 0 0 0 0 0 0 0 0 0 0 0 0 0 0 0 0 0 0 0 0 0 0 0 0 0 0 0 0 0 0 0 0 0 0 0 0 0
1.05939 1.22299e-06 5.92213e-07 6.30774e-07 0.515765 0.910161 0 0 0 0 0 0 0 0 0 0 0 0 0 0 0 0 0 0 0 0 0 0 0 0 0 0 0 0 0 0 0 0 0 0 0 0 0 0 0 0 0 0
1.11377 1.2287e-06 5.96032e-07 6.32668e-07 0.514908 0.906019 0 0 0 0 0 0 0 0 0 0 0 0 0 0 0 0 0 0 0 0 0 0 0 0 0 0 0 0 0 0 0 0 0 0 0 0 0 0 0 0 0 0
1.17094 1.23483e-06 6.00082e-07 6.34751e-07 0.514038 0.903249 0 0 0 0 0 0 0 0 0 0 0 0 0 0 0 0 0 0 0 0 0 0 0 0 0 0 0 0 0 0 0 0 0 0 0 0 0 0 0 0 0 0
1.23105 1.24139e-06 6.04292e-07 6.37101e-07 0.513215 0.901176 0 0 0 0 0 0 0 0 0 0 0 0 0 0 0 0 0 0 0 0 0 0 0 0 0 0 0 0 0 0 0 0 0 0 0 0 0 0 0 0 0 0
1.29424 1.24821e-06 6.08479e-07 6.39736e-07 0.512521 0.896968 0 0 0 0 0 0 0 0 0 0 0 0 0 0 0 0 0 0 0 0 0 0 0 0 0 0 0 0 0 0 0 0 0 0 0 0 0 0 0 0 0 0
1.36067 1.25526e-06 6.12526e-07 6.42735e-07 0.512033 0.890678 0 0 0 0 0 0 0 0 0 0 0 0 0 0 0 0 0 0 0 0 0 0 0 0 0 0 0 0 0 0 0 0 0 0 0 0 0 0 0 0 0 0
1.43051 1.26272e-06 6.16883e-07 6.45839e-07 0.511466 0.887697 0 0 0 0 0 0 0 0 0 0 0 0 0 0 0 0 0 0 0 0 0 0 0 0 0 0 0 0 0 0 0 0 0 0 0 0 0 0 0 0 0 0
1.50394 1.27048e-06 6.21214e-07 6.49264e-07 0.511039 0.888972 0 0 0 0 0 0 0 0 0 0 0 0 0 0 0 0 0 0 0 0 0 0 0 0 0 0 0 0 0 0 0 0 0 0 0 0 0 0 0 0 0 0
1.58114 1.27865e-06 6.25689e-07 6.52959e-07 0.510664 0.886922 0 0 0 0 0 0 0 0 0 0 0 0 0 0 0 0 0 0 0 0 0 0 0 0 0 0 0 0 0 0 0 0 0 0 0 0 0 0 0 0 0 0
1.6623 1.28791e-06 6.30332e-07 6.57579e-07 0.510578 0.879582 0 0 0 0 0 0 0 0 0 0 0 0 0 0 0 0 0 0 0 0 0 0 0 0 0 0 0 0 0 0 0 0 0 0 0 0 0 0 0 0 0 0
1.74763 1.30115e-06 6.35148e-07 6.66001e-07 0.511856 0.869734 0 0 0 0 0 0 0 0 0 0 0 0 0 0 0 0 0 0 0 0 0 0 0 0 0 0 0 0 0 0 0 0 0 0 0 0 0 0 0 0 0 0
1.83733 1.32134e-06 6.40803e-07 6.80539e-07 0.515036 0.862597 0 0 0 0 0 0 0 0 0 0 0 0 0 0 0 0 0 0 0 0 0 0 0 0 0 0 0 0 0 0 0 0 0 0 0 0 0 0 0 0 0 0
1.93164 1.34042e-06 6.46806e-07 6.93615e-07 0.51746 0.861633 0 0 0 0 0 0 0 0 0 0 0 0 0 0 0 0 0 0 0 0 0 0 0 0 0 0 0 0 0 0 0 0 0 0 0 0 0 0 0 0 0 0
2.03079 1.3508e-06 6.53453e-07 6.97348e-07 0.516248 0.861766 0 0 0 0 0 0 0 0 0 0 0 0 0 0 0 0 0 0 0 0 0 0 0 0 0 0 0 0 0 0 0 0 0 0 0 0 0 0 0 0 0 0
2.13503 1.35196e-06 6.60445e-07 6.91516e-07 0.511491 0.857145 0 0 0 0 0 0 0 0 0 0 0 0 0 0 0 0 0 0 0 0 0 0 0 0 0 0 0 0 0 0 0 0 0 0 0 0 0 0 0 0 0 0
2.24463 1.34928e-06 6.67663e-07 6.81614e-07 0.50517 0.845358 0 0 0 0 0 0 0 0 0 0 0 0 0 0 0 0 0 0 0 0 0 0 0 0 0 0 0 0 0 0 0 0 0 0 0 0 0 0 0 0 0 0
2.35984 1.34808e-06 6.74875e-07 6.732e-07 0.499378 0.82811 0 0 0 0 0 0 0 0 0 0 0 0 0 0 0 0 0 0 0 0 0 0 0 0 0 0 0 0 0 0 0 0 0 0 0 0 0 0 0 0 0 0
2.48097 1.3516e-06 6.82384e-07 6.6922e-07 0.49513 0.819445 0 0 0 0 0 0 0 0 0 0 0 0 0 0 0 0 0 0 0 0 0 0 0 0 0 0 0 0 0 0 0 0 0 0 0 0 0 0 0 0 0 0
2.60832 1.35951e-06 6.89722e-07 6.69792e-07 0.492671 0.813392 0 0 0 0 0 0 0 0 0 0 0 0 0 0 0 0 0 0 0 0 0 0 0 0 0 0 0 0 0 0 0 0 0 0 0 0 0 0 0 0 0 0
2.74221 1.36956e-06 6.97135e-07 6.72423e-07 0.490978 0.824221 0 0 0 0 0 0 0 0 0 0 0 0 0 0 0 0 0 0 0 0 0 0 0 0 0 0 0 0 0 0 0 0 0 0 0 0 0 0 0 0 0 0
2.88297 1.37984e-06 7.04412e-07 6.75426e-07 0.489497 0.835962 0 0 0 0 0 0 0 0 0 0 0 0 0 0 0 0 0 0 0 0 0 0 0 0 0 0 0 0 0 0 0 0 0 0 0 0 0 0 0 0 0 0
3.03095 1.38818e-06 7.1157e-07 6.7661e-07 0.487408 0.852777 0 0 0 0 0 0 0 0 0 0 0 0 0 0 0 0 0 0 0 0 0 0 0 0 0 0 0 0 0 0 0 0 0 0 0 0 0 0 0 0 0 0
3.18653 1.39536e-06 7.18454e-07 6.76909e-07 0.485113 0.847379 0 0 0 0 0 0 0 0 0 0 0 0 0 0 0 0 0 0 0 0 0 0 0 0 0 0 0 0 0 0 0 0 0 0 0 0 0 0 0 0 0 0
3.35009 1.40061e-06 7.25206e-07 6.75399e-07 0.482219 0.850541 0 0 0 0 0 0 0 0 0 0 0 0 0 0 0 0 0 0 0 0 0 0 0 0 0 0 0 0 0 0 0 0 0 0 0 0 0 0 0 0 0 0
3.52205 1.40868e-06 7.31665e-07 6.77018e-07 0.480603 0.814672 0 0 0 0 0 0 0 0 0 0 0 0 0 0 0 0 0 0 0 0 0 0 0 0 0 0 0 0 0 0 0 0 0 0 0 0 0 0 0 0 0 0
3.70284 1.41498e-06 7.36907e-07 6.78071e-07 0.479209 0.791184 0 0 0 0 0 0 0 0 0 0 0 0 0 0 0 0 0 0 0 0 0 0 0 0 0 0 0 0 0 0 0 0 0 0 0 0 0 0 0 0 0 0
3.89291 1.42367e-06 7.4253e-07 6.81143e-07 0.478441 0.733794 0 0 0 0 0 0 0 0 0 0 0 0 0 0 0 0 0 0 0 0 0 0 0 0 0 0 0 0 0 0 0 0 0 0 0 0 0 0 0 0 0 0
4.09273 1.43481e-06 7.47746e-07 6.87062e-07 0.478853 0.673734 0 0 0 0 0 0 0 0 0 0 0 0 0 0 0 0 0 0 0 0 0 0 0 0 0 0 0 0 0 0 0 0 0 0 0 0 0 0 0 0 0 0
4.30281 1.45043e-06 7.52377e-07 6.98053e-07 0.481273 0.638785 0 0 0 0 0 0 0 0 0 0 0 0 0 0 0 0 0 0 0 0 0 0 0 0 0 0 0 0 0 0 0 0 0 0 0 0 0 0 0 0 0 0
4.52368 1.47137e-06 7.58465e-07 7.1291e-07 0.48452 0.590105 0 0 0 0 0 0 0 0 0 0 0 0 0 0 0 0 0 0 0 0 0 0 0 0 0 0 0 0 0 0 0 0 0 0 0 0 0 0 0 0 0 0
4.75588 1.49277e-06 7.62499e-07 7.30269e-07 0.489204 0.620145 0 0 0 0 0 0 0 0 0 0 0 0 0 0 0 0 0 0 0 0 0 0 0 0 0 0 0 0 0 0 0 0 0 0 0 0 0 0 0 0 0 0
5 1.51742e-06 7.66781e-07 7.5064e-07 0.494681 0.643184 0 0 0 0 0 0 0 0 0 0 0 0 0 0 0 0 0 0 0 0 0 0 0 0 0 0 0 0 0 0 0 0 0 0 0 0 0 0 0 0 0 0
5.25665 1.54175e-06 7.7191e-07 7.69844e-07 0.49933 0.680633 0 0 0 0 0 0 0 0 0 0 0 0 0 0 0 0 0 0 0 0 0 0 0 0 0 0 0 0 0 0 0 0 0 0 0 0 0 0 0 0 0 0
5.52648 1.56278e-06 7.75721e-07 7.87061e-07 0.503628 0.728358 0 0 0 0 0 0 0 0 0 0 0 0 0 0 0 0 0 0 0 0 0 0 0 0 0 0 0 0 0 0 0 0 0 0 0 0 0 0 0 0 0 0
5.81015 1.58277e-06 7.79089e-07 8.03677e-07 0.507767 0.753406 0 0 0 0 0 0 0 0 0 0 0 0 0 0 0 0 0 0 0 0 0 0 0 0 0 0 0 0 0 0 0 0 0 0 0 0 0 0 0 0 0 0
6.10839 1.60006e-06 7.82534e-07 8.17524e-07 0.510934 0.778601 0 0 0 0 0 0 0 0 0 0 0 0 0 0 0 0 0 0 0 0 0 0 0 0 0 0 0 0 0 0 0 0 0 0 0 0 0 0 0 0 0 0
6.42193 1.61146e-06 7.84998e-07 8.26464e-07 0.512866 0.799058 0 0 0 0 0 0 0 0 0 0 0 0 0 0 0 0 0 0 0 0 0 0 0 0 0 0 0 0 0 0 0 0 0 0 0 0 0 0 0 0 0 0
6.75157 1.61384e-06 7.85729e-07 8.2811e-07 0.513131 0.812316 0 0 0 0 0 0 0 0 0 0 0 0 0 0 0 0 0 0 0 0 0 0 0 0 0 0 0 0 0 0 0 0 0 0 0 0 0 0 0 0 0 0
7.09813 1.61147e-06 7.85455e-07 8.2602e-07 0.512586 0.82265 0 0 0 0 0 0 0 0 0 0 0 0 0 0 0 0 0 0 0 0 0 0 0 0 0 0 0 0 0 0 0 0 0 0 0 0 0 0 0 0 0 0
7.46248 1.59362e-06 7.82455e-07 8.11164e-07 0.509008 0.835811 0 0 0 0 0 0 0 0 0 0 0 0 0 0 0 0 0 0 0 0 0 0 0 0 0 0 0 0 0 0 0 0 0 0 0 0 0 0 0 0 0 0
7.84553 1.54472e-06 7.72712e-07 7.72008e-07 0.499772 0.8454 0 0 0 0 0 0 0 0 0 0 0 0 0 0 0 0 0 0 0 0 0 0 0 0 0 0 0 0 0 0 0 0 0 0 0 0 0 0 0 0 0 0
8.24824 1.41244e-06 7.61439e-07 6.50996e-07 0.460903 0.829439 0 0 0 0 0 0 0 0 0 0 0 0 0 0 0 0 0 0 0 0 0 0 0 0 0 0 0 0 0 0 0 0 1.4013e-45 0 2.8026e-45 0 7.00649e-45 0 1.68156e-44 0 4.2039e-44 0
8.67162 1.32053e-06 7.67702e-07 5.52825e-07 0.41864 0.801962 0 0 0 0 0 0 0 0 0 0 0 0 0 0 0 0 0 0 0 0 0 0 0 0 1.4013e-45 0 4.2039e-45 0 1.4013e-44 0 4.76441e-44 0 1.49939e-43 0 4.4281e-43 0 1.1841e-42 0 2.99738e-42 0 7.18446e-42 0
9.11674 1.31889e-06 7.91155e-07 5.27739e-07 0.400137 0.763668 0 0 0 0 0 0 0 0 0 0 0 0 0 0 0 0 0 0 1.4013e-45 0 7.00649e-45 0 3.64338e-44 0 1.73761e-43 0 6.88038e-43 0 2.53495e-42 0 8.04205e-42 0 2.39482e-41 0 6.71306e-41 0 1.71204e-40 0 4.13893e-40 0 9.50746e-40 0
9.5847 1.42616e-06 8.25692e-07 6.00464e-07 0.421037 0.733088 0 0 0 0 0 0 0 0 0 0 0 0 0 0 1.4013e-45 0 2.24208e-44 0 1.89175e-43 0 1.20091e-42 0 6.19934e-42 0 2.75397e-41 0 1.02263e-40 0 3.53578e-40 0 1.06046e-39 0 2.99391e-39 0 7.98063e-39 0 1.94436e-38 0 4.5023e-38 0 9.9306e-38 0
10.0767 1.51981e-06 8.50483e-07 6.69328e-07 0.440402 0.713223 0 0 0 0 0 0 0 0 0 0 1.4013e-45 0 2.38221e-44 0 3.79752e-43 0 3.8858e-42 0 2.92311e-41 0 1.69694e-40 0 8.08886e-40 0 3.34085e-39 0 1.16357e-38 0 3.78668e-38 0 1.07641e-37 0 2.88878e-37 0 7.34047e-37 0 1.71231e-36 0 3.8057e-36 0 8.07613e-36 0
10.5939 1.57243e-06 8.65422e-07 7.07006e-07 0.449627 0.690759 0 0 0 0 0 0 0 0 2.8026e-45 0 1.68156e-43 0 4.07077e-42 0 5.54115e-41 0 5.06921e-40 0 3.45551e-39 0 1.84095e-38 0 8.13105e-38 0 3.13359e-37 0 1.02688e-36 0 3.15474e-36 0 8.52177e-36 0 2.17939e-35 0 5.2914e-35 0 1.18432e-34 0 2.53155e-34 0 5.17846e-34 0
11.1377 1.61198e-06 8.77252e-07 7.34731e-07 0.455793 0.674901 0 0 0 0 0 0 2.8026e-45 0 5.29691e-43 0 2.52332e-41 0 5.21779e-40 0 6.2532e-39 0 5.13456e-38 0 3.18696e-37 0 1.56471e-36 0 6.42751e-36 0 2.31917e-35 0 7.17203e-35 0 2.08587e-34 0 5.36764e-34 0 1.31123e-33 0 3.04863e-33 0 6.56022e-33 0 1.35123e-32 0 2.66912e-32 0
11.7094 1.65298e-06 8.91339e-07 7.61637e-07 0.460767 0.660681 0 0 0 0 0 0 5.29691e-43 0 7.43277e-41 0 2.93191e-39 0 5.22927e-38 0 5.5513e-37 0 4.11293e-36 0 2.33514e-35 0 1.06079e-34 0 4.06706e-34 0 1.37835e-33 0 4.03396e-33 0 1.11363e-32 0 2.73649e-32 0 6.39955e-32 0 1.42786e-31 0 2.95972e-31 0 5.8849e-31 0 1.12446e-30 0
12.3105 1.70009e-06 9.05605e-07 7.94482e-07 0.467318 0.650886 0 0 0 0 6.30584e-44 0 7.33944e-41 0 8.09908e-39 0 2.67002e-37 0 4.13725e-36 0 3.91358e-35 0 2.62945e-34 0 1.37153e-33 0 5.7867e-33 0 2.07771e-32 0 6.63413e-32 0 1.8424e-31 0 4.84018e-31 0 1.13829e-30 0 2.55384e-30 0 5.47914e-30 0 1.09603e-29 0 2.10735e-29 0 3.90132e-29 0
12.9424 1.68956e-06 9.04738e-07 7.84818e-07 0.464511 0.646621 0 0 0 0 9.44896e-42 0 7.77918e-39 0 6.82296e-37 0 1.89641e-35 0 2.57051e-34 0 2.17889e-33 0 1.33394e-32 0 6.41879e-32 0 2.52436e-31 0 8.51531e-31 0 2.56911e-30 0 6.78774e-30 0 1.70107e-29 0 3.83688e-29 0 8.27534e-29 0 1.71049e-28 0 3.3077e-28 0 6.15999e-28 0 1.10661e-27 0
13.6067 1.64436e-06 8.95451e-07 7.48909e-07 0.455441 0.642631 0 0 5.60519e-45 0 1.08318e-39 0 6.42584e-37 0 4.53004e-35 0 1.07044e-33 0 1.27754e-32 0 9.75604e-32 0 5.46706e-31 0 2.43645e-30 0 8.96233e-30 0 2.84897e-29 0 8.14433e-29 0 2.05209e-28 0 4.91713e-28 0 1.06591e-27 0 2.21427e-27 0 4.41742e-27 0 8.27166e-27 0 1.49438e-26 0 2.60889e-26 0
14.3051 1.57837e-06 8.8112e-07 6.97248e-07 0.441752 0.62555 0 0 9.711e-43 0 9.67053e-38 0 4.20029e-35 0 2.40556e-33 0 4.87101e-32 0 5.15061e-31 0 3.56163e-30 0 1.83479e-29 0 7.60156e-29 0 2.6239e-28 0 7.88301e-28 0 2.14086e-27 0 5.15624e-27 0 1.18391e-26 0 2.47129e-26 0 4.95372e-26 0 9.55488e-26 0 1.73519e-25 0 3.04561e-25 0 5.17433e-25 0
15.0394 1.50304e-06 8.71966e-07 6.31073e-07 0.419865 0.604892 0 0 1.21152e-40 0 6.883e-36 0 2.22238e-33 0 1.04454e-31 0 1.82618e-30 0 1.72098e-29 0 1.08284e-28 0 5.14922e-28 0 1.9903e-27 0 6.46687e-27 0 1.84125e-26 0 4.76238e-26 0 1.09883e-25 0 2.42266e-25 0 4.87857e-25 0 9.45269e-25 0 1.76571e-24 0 3.11452e-24 0 5.3185e-24 0 8.80501e-24 0
15.8114 1.45621e-06 8.76993e-07 5.7922e-07 0.397758 0.578324 9.3887e-44 0 1.1991e-38 0 3.99183e-34 0 9.721e-32 0 3.78599e-30 0 5.75609e-29 0 4.86177e-28 0 2.7963e-27 0 1.23225e-26 0 4.45868e-26 0 1.36771e-25 0 3.70021e-25 0 9.13667e-25 0 2.0238e-24 0 4.29303e-24 0 8.35453e-24 0 1.56732e-23 0 2.83971e-23 0 4.87205e-23 0 8.10519e-23 0 1.30923e-22 0
16.623 1.45702e-06 8.92934e-07 5.64081e-07 0.387148 0.54047 1.32689e-41 0 9.48625e-37 0 1.89938e-32 0 3.53696e-30 0 1.15198e-28 0 1.53351e-27 0 1.1671e-26 0 6.16315e-26 0 2.52621e-25 0 8.58438e-25 0 2.49305e-24 0 6.4248e-24 0 1.51794e-23 0 3.23423e-23 0 6.61336e-23 0 1.24584e-22 0 2.26651e-22 0 3.98906e-22 0 6.66596e-22 0 1.08174e-21 0 1.70689e-21 0
17.4762 1.49196e-06 9.1109e-07 5.80873e-07 0.389335 0.495135 1.45013e-39 0 6.00683e-35 0 7.41559e-31 0 1.06987e-28 0 2.93959e-27 0 3.44856e-26 0 2.37698e-25 0 1.15727e-24 0 4.42779e-24 0 1.41739e-23 0 3.90755e-23 0 9.61526e-23 0 2.17834e-22 0 4.47303e-22 0 8.83255e-22 0 1.61323e-21 0 2.85039e-21 0 4.88012e-21 0 7.95307e-21 0 1.26046e-20 0 1.94509e-20 0
18.3733 1.53739e-06 9.25065e-07 6.12325e-07 0.398289 0.446956 1.24002e-37 0 3.05658e-33 0 2.38217e-29 0 2.69611e-27 0 6.30139e-26 0 6.55506e-25 0 4.11179e-24 0 1.85301e-23 0 6.64015e-23 0 2.00821e-22 0 5.26892e-22 0 1.24075e-21 0 2.7009e-21 0 5.35462e-21 0 1.02279e-20 0 1.81395e-20 0 3.11718e-20 0 5.1986e-20 0 8.27246e-20 0 1.28193e-19 0 1.93676e-19 0
19.3164 1.58153e-06 9.33812e-07 6.47718e-07 0.409551 0.399511 8.387e-36 0 1.26179e-31 0 6.34911e-28 0 5.70435e-26 0 1.14308e-24 0 1.06062e-23 0 6.08244e-23 0 2.54683e-22 0 8.57507e-22 0 2.45699e-21 0 6.14982e-21 0 1.38888e-20 0 2.91068e-20 0 5.58089e-20 0 1.03285e-19 0 1.78126e-19 0 2.98115e-19 0 4.84913e-19 0 7.54331e-19 0 1.1442e-18 0 1.69421e-18 0
20.3079 1.61361e-06 9.40496e-07 6.73117e-07 0.417149 0.357619 4.55332e-34 0 4.28304e-30 0 1.4215e-26 0 1.02532e-24 0 1.77489e-23 0 1.47712e-22 0 7.77858e-22 0 3.03709e-21 0 9.63726e-21 0 2.623e-20 0 6.27774e-20 0 1.36248e-19 0 2.75406e-19 0 5.11539e-19 0 9.18674e-19 0 1.54274e-18 0 2.51786e-18 0 3.9994e-18 0 6.08869e-18 0 9.04963e-18 0 1.31453e-17 0
21.3503 1.64004e-06 9.49325e-07 6.90718e-07 0.421158 0.321635 2.01448e-32 0 1.21224e-28 0 2.70814e-25 0 1.58513e-23 0 2.38735e-22 0 1.79155e-21 0 8.69941e-21 0 3.17808e-20 0 9.53182e-20 0 2.47053e-19 0 5.66618e-19 0 1.1841e-18 0 2.31263e-18 0 4.16757e-18 0 7.27362e-18 0 1.19094e-17 0 1.89776e-17 0 2.94709e-17 0 4.39553e-17 0 6.40788e-17 0 9.13985e-17 0
22.4463 1.6715e-06 9.60027e-07 7.11473e-07 0.42565 0.289822 7.33399e-31 0 2.88562e-27 0 4.42391e-24 0 2.1228e-22 0 2.80061e-21 0 1.90472e-20 0 8.56217e-20 0 2.93621e-19 0 8.34658e-19 0 2.06504e-18 0 4.54807e-18 0 9.16846e-18 0 1.73309e-17 0 3.03466e-17 0 5.15428e-17 0 8.23861e-17 0 1.28329e-16 0 1.95049e-16 0 2.85289e-16 0 4.08315e-16 0 5.72387e-16 0
23.5984 1.69804e-06 9.7134e-07 7.26697e-07 0.427963 0.26337 2.21536e-29 0 5.81869e-26 0 6.23535e-23 0 2.47677e-21 0 2.88091e-20 0 1.78426e-19 0 7.45317e-19 0 2.40665e-18 0 6.50103e-18 0 1.53884e-17 0 3.261e-17 0 6.35264e-17 0 1.16407e-16 0 1.9833e-16 0 3.28257e-16 0 5.12809e-16 0 7.8168e-16 0 1.16405e-15 0 1.67128e-15 0 2.35048e-15 0 3.24108e-15 0
24.8097 1.70878e-06 9.80998e-07 7.27784e-07 0.425908 0.240015 5.59028e-28 0 9.99692e-25 0 7.62015e-22 0 2.52882e-20 0 2.60935e-19 0 1.47841e-18 0 5.75924e-18 0 1.75623e-17 0 4.51939e-17 0 1.0257e-16 0 2.09534e-16 0 3.9511e-16 0 7.0291e-16 0 1.16684e-15 0 1.88432e-15 0 2.88029e-15 0 4.30102e-15 0 6.28159e-15 0 8.8609e-15 0 1.22562e-14 0 1.6637e-14 0
26.0832 1.70065e-06 9.85398e-07 7.1525e-07 0.420575 0.221116 1.18447e-26 0 1.46946e-23 0 8.10104e-21 0 2.26587e-19 0 2.08623e-18 0 1.08604e-17 0 3.95897e-17 0 1.1433e-16 0 2.8094e-16 0 6.12599e-16 0 1.20855e-15 0 2.20942e-15 0 3.82159e-15 0 6.18885e-15 0 9.76314e-15 0 1.46175e-14 0 2.14046e-14 0 3.06884e-14 0 4.25685e-14 0 5.79545e-14 0 7.75045e-14 0
27.4221 1.67061e-06 9.81043e-07 6.89567e-07 0.412763 0.205223 2.11733e-25 0 1.85516e-22 0 7.51479e-20 0 1.7864e-18 0 1.47582e-17 0 7.08819e-17 0 2.42574e-16 0 6.65172e-16 0 1.56432e-15 0 3.28366e-15 0 6.26668e-15 0 1.1124e-14 0 1.8733e-14 0 2.96313e-14 0 4.57156e-14 0 6.71105e-14 0 9.64578e-14 0 1.35883e-13 0 1.85498e-13 0 2.48769e-13 0 3.27999e-13 0
28.8297 1.61452e-06 9.64566e-07 6.49955e-07 0.402568 0.191619 3.20685e-24 0 2.01838e-21 0 6.09857e-19 0 1.24195e-17 0 9.25516e-17 0 4.11731e-16 0 1.32689e-15 0 3.46366e-15 0 7.81258e-15 0 1.58163e-14 0 2.92469e-14 0 5.04816e-14 0 8.28763e-14 0 1.28189e-13 0 1.93629e-13 0 2.78969e-13 0 3.93922e-13 0 5.45722e-13 0 7.33748e-13 0 9.7002e-13 0 1.26181e-12 0
30.3095 1.53304e-06 9.34483e-07 5.98559e-07 0.390439 0.180197 4.13686e-23 0 1.90081e-20 0 4.34581e-18 0 7.63912e-17 0 5.16101e-16 0 2.13459e-15 0 6.49717e-15 0 1.61837e-14 0 3.50825e-14 0 6.8619e-14 0 1.23136e-13 0 2.0695e-13 0 3.31627e-13 0 5.02137e-13 0 7.43355e-13 0 1.05206e-12 0 1.46076e-12 0 1.99171e-12 0 2.63952e-12 0 3.44223e-12 0 4.42056e-12 0
31.8653 1.42878e-06 8.90485e-07 5.38295e-07 0.376752 0.170879 4.56961e-22 0 1.55656e-19 0 2.72969e-17 0 4.17159e-16 0 2.56734e-15 0 9.90742e-15 0 2.85606e-14 0 6.8041e-14 0 1.42029e-13 0 2.68847e-13 0 4.68865e-13 0 7.68279e-13 0 1.20311e-12 0 1.78518e-12 0 2.59261e-12 0 3.60757e-12 0 4.9294e-12 0 6.62017e-12 0 8.65359e-12 0 1.11399e-11 0 1.41323e-11 0
33.5009 1.30743e-06 8.34182e-07 4.73247e-07 0.361968 0.162822 4.34912e-21 0 1.11442e-18 0 1.51859e-16 0 2.03148e-15 0 1.1441e-14 0 4.13339e-14 0 1.13152e-13 0 2.5838e-13 0 5.20309e-13 0 9.54684e-13 0 1.62035e-12 0 2.59184e-12 0 3.97087e-12 0 5.77954e-12 0 8.24208e-12 0 1.12852e-11 0 1.51869e-11 0 2.01044e-11 0 2.59381e-11 0 3.29813e-11 0 4.13577e-11 0
35.2205 1.17604e-06 7.68494e-07 4.07546e-07 0.346541 0.154982 3.5909e-20 0 7.01864e-18 0 7.52374e-16 0 8.8677e-15 0 4.58999e-14 0 1.55747e-13 0 4.05903e-13 0 8.90247e-13 0 1.73248e-12 0 3.08601e-12 0 5.10422e-12 0 7.97939e-12 0 1.19729e-11 0 1.711e-11 0 2.3981e-11 0 3.23353e-11 0 4.28884e-11 0 5.60034e-11 0 7.13608e-11 0 8.96799e-11 0 1.1122e-10 0
37.0284 1.04148e-06 6.96898e-07 3.44585e-07 0.33086 0.147675 2.59027e-19 0 3.91324e-17 0 3.33884e-15 0 3.4887e-14 0 1.6665e-13 0 5.32727e-13 0 1.32494e-12 0 2.79661e-12 0 5.26834e-12 0 9.12348e-12 0 1.47239e-11 0 2.2521e-11 0 3.31295e-11 0 4.65258e-11 0 6.41436e-11 0 8.52365e-11 0 1.11506e-10 0 1.4372e-10 0 1.80977e-10 0 2.24912e-10 0 2.76018e-10 0
38.9291 9.10091e-07 6.23028e-07 2.87063e-07 0.315422 0.140768 1.64444e-18 0 1.94452e-16 0 1.33533e-14 0 1.24424e-13 0 5.50662e-13 0 1.6632e-12 0 3.95655e-12 0 8.05215e-12 0 1.4707e-11 0 2.47952e-11 0 3.90914e-11 0 5.85647e-11 0 8.4543e-11 0 1.16777e-10 0 1.58492e-10 0 2.07707e-10 0 2.68181e-10 0 3.414e-10 0 4.25092e-10 0 5.22715e-10 0 6.35108e-10 0
40.9273 7.86974e-07 5.50475e-07 2.36499e-07 0.300517 0.134202 9.2621e-18 0 8.67564e-16 0 4.84619e-14 0 4.04937e-13 0 1.6666e-12 0 4.76926e-12 0 1.08755e-11 0 2.13784e-11 0 3.79154e-11 0 6.23136e-11 0 9.60823e-11 0 1.41132e-10 0 2.00117e-10 0 2.72091e-10 0 3.63821e-10 0 4.70541e-10 0 6.00008e-10 0 7.54873e-10 0 9.29917e-10 0 1.13199e-09 0 1.36237e-09 0
43.0281 6.74359e-07 4.81305e-07 1.93054e-07 0.286277 0.127769 4.65877e-17 0 3.49625e-15 0 1.60472e-13 0 1.20885e-12 0 4.64319e-12 0 1.26224e-11 0 2.76478e-11 0 5.25845e-11 0 9.06875e-11 0 1.45472e-10 0 2.19613e-10 0 3.16585e-10 0 4.41309e-10 0 5.91096e-10 0 7.7924e-10 0 9.95238e-10 0 1.2541e-09 0 1.5602e-09 0 1.90252e-09 0 2.29381e-09 0 2.73579e-09 0
45.2368 5.74317e-07 4.17665e-07 1.56652e-07 0.272763 0.121423 2.10935e-16 0 1.28209e-14 0 4.88181e-13 0 3.33224e-12 0 1.19852e-11 0 3.10288e-11 0 6.54121e-11 0 1.20566e-10 0 2.02469e-10 0 3.17373e-10 0 4.69586e-10 0 6.64953e-10 0 9.12013e-10 0 1.20426e-09 0 1.5663e-09 0 1.9767e-09 0 2.46289e-09 0 3.03153e-09 0 3.66104e-09 0 4.37388e-09 0 5.17197e-09 0
47.5588 4.87144e-07 3.60538e-07 1.26606e-07 0.259894 0.114817 8.6578e-16 0 4.30613e-14 0 1.3727e-12 0 8.53106e-12 0 2.8825e-11 0 7.12393e-11 0 1.4481e-10 0 2.59059e-10 0 4.24171e-10 0 6.50462e-10 0 9.44191e-10 0 1.3145e-09 0 1.77529e-09 0 2.31257e-09 0 2.96945e-09 0 3.70518e-09 0 4.56719e-09 0 5.56496e-09 0 6.65891e-09 0 7.88667e-09 0 9.24973e-09 0
50 4.11958e-07 3.09907e-07 1.02052e-07 0.247723 0.108353 3.23931e-15 0 1.33135e-13 0 3.58406e-12 0 2.03735e-11 0 6.48657e-11 0 1.53384e-10 0 3.01174e-10 0 5.23702e-10 0 8.37088e-10 0 1.25715e-09 0 1.79194e-09 0 2.45475e-09 0 3.26697e-09 0 4.20111e-09 0 5.32897e-09 0 6.57783e-09 0 8.02579e-09 0 9.68526e-09 0 1.14881e-08 0 1.34943e-08 0 1.57038e-08 0
52.5665 3.48118e-07 2.65949e-07 8.21689e-08 0.236038 0.101702 1.11249e-14 0 3.81367e-13 0 8.74181e-12 0 4.56504e-11 0 1.37353e-10 0 3.11426e-10 0 5.91677e-10 0 1.00143e-09 0 1.56445e-09 0 2.30332e-09 0 3.22682e-09 0 4.35297e-09 0 5.71299e-09 0 7.25687e-09 0 9.09884e-09 0 1.11163e-08 0 1.34322e-08 0 1.60615e-08 0 1.8893e-08 0 2.20187e-08 0 2.54349e-08 0
55.2648 2.94254e-07 2.28134e-07 6.61193e-08 0.224702 0.0950853 3.52573e-14 0 1.01706e-12 0 2.00075e-11 0 9.63803e-11 0 2.74805e-10 0 5.98665e-10 0 1.10231e-09 0 1.81837e-09 0 2.77949e-09 0 4.01565e-09 0 5.53385e-09 0 7.35682e-09 0 9.52802e-09 0 1.19624e-08 0 1.4834e-08 0 1.79467e-08 0 2.14862e-08 0 2.54687e-08 0 2.97221e-08 0 3.43814e-08 0 3.94371e-08 0
58.1015 2.49021e-07 1.95796e-07 5.32247e-08 0.213736 0.0885706 1.03611e-13 0 2.53639e-12 0 4.31411e-11 0 1.92464e-10 0 5.21398e-10 0 1.0935e-09 0 1.95431e-09 0 3.146e-09 0 4.71025e-09 0 6.68395e-09 0 9.06786e-09 0 1.18886e-08 0 1.5204e-08 0 1.88777e-08 0 2.31647e-08 0 2.77662e-08 0 3.29513e-08 0 3.8736e-08 0 4.48656e-08 0 5.1531e-08 0 5.87139e-08 0
61.0839 2.11174e-07 1.68314e-07 4.28594e-08 0.202958 0.0821696 2.83699e-13 0 5.94104e-12 0 8.79935e-11 0 3.64921e-10 0 9.41646e-10 0 1.90472e-09 0 3.309e-09 0 5.20434e-09 0 7.63999e-09 0 1.06576e-08 0 1.42451e-08 0 1.84309e-08 0 2.32895e-08 0 2.86128e-08 0 3.47616e-08 0 4.12998e-08 0 4.86042e-08 0 5.66874e-08 0 6.51884e-08 0 7.43684e-08 0 8.41965e-08 0
64.2193 1.79521e-07 1.4498e-07 3.45407e-08 0.192405 0.0759944 7.26627e-13 0 1.31165e-11 0 1.70316e-10 0 6.58934e-10 0 1.62342e-09 0 3.17275e-09 0 5.36525e-09 0 8.25386e-09 0 1.18917e-08 0 1.63213e-08 0 2.15083e-08 0 2.74806e-08 0 3.43303e-08 0 4.17555e-08 0 5.02487e-08 0 5.91995e-08 0 6.9118e-08 0 8.00095e-08 0 9.13824e-08 0 1.03583e-07 0 1.16563e-07 0
67.5157 1.53065e-07 1.25206e-07 2.78594e-08 0.18201 0.0700568 1.74775e-12 0 2.7393e-11 0 3.13843e-10 0 1.13661e-09 0 2.67967e-09 0 5.0685e-09 0 8.35398e-09 0 1.25842e-08 0 1.78103e-08 0 2.40695e-08 0 3.12945e-08 0 3.95086e-08 0 4.8823e-08 0 5.88177e-08 0 7.01445e-08 0 8.19806e-08 0 9.49948e-08 0 1.09181e-07 0 1.23894e-07 0 1.39578e-07 0 1.56167e-07 0
70.9813 1.30903e-07 1.08408e-07 2.2495e-08 0.171845 0.064414 3.96042e-12 0 5.42685e-11 0 5.51967e-10 0 1.87726e-09 0 4.24432e-09 0 7.78202e-09 0 1.25173e-08 0 1.84824e-08 0 2.5718e-08 0 3.42489e-08 0 4.39624e-08 0 5.48735e-08 0 6.71131e-08 0 8.01202e-08 0 9.47312e-08 0 1.09876e-07 0 1.26406e-07 0 1.443e-07 0 1.62738e-07 0 1.82275e-07 0 2.02823e-07 0
74.6248 1.12337e-07 9.41566e-08 1.81802e-08 0.161837 0.0590627 8.48494e-12 0 1.02318e-10 0 9.29252e-10 0 2.97707e-09 0 6.46808e-09 0 1.15134e-08 0 1.80945e-08 0 2.62137e-08 0 3.58924e-08 0 4.71345e-08 0 5.97694e-08 0 7.38006e-08 0 8.9379e-08 0 1.05783e-07 0 1.24055e-07 0 1.4285e-07 0 1.6322e-07 0 1.85124e-07 0 2.07556e-07 0 2.31191e-07 0 2.55915e-07 0
78.4553 9.67373e-08 8.2029e-08 1.47083e-08 0.152044 0.0540651 1.72358e-11 0 1.84052e-10 0 1.50086e-09 0 4.54264e-09 0 9.50257e-09 0 1.64454e-08 0 2.52812e-08 0 3.59684e-08 0 4.8499e-08 0 6.2848e-08 0 7.87763e-08 0 9.62732e-08 0 1.1551e-07 0 1.35589e-07 0 1.57778e-07 0 1.80435e-07 0 2.04828e-07 0 2.30891e-07 0 2.57428e-07 0 2.85236e-07 0 3.14177e-07 0
82.4824 8.35752e-08 7.16629e-08 1.19124e-08 0.142535 0.0494087 3.32787e-11 0 3.16563e-10 0 2.33003e-09 0 6.68108e-09 0 1.34813e-08 0 2.27145e-08 0 3.41932e-08 0 4.78175e-08 0 6.35419e-08 0 8.13061e-08 0 1.00795e-07 0 1.21982e-07 0 1.4506e-07 0 1.68949e-07 0 1.95147e-07 0 2.21713e-07 0 2.50133e-07 0 2.80317e-07 0 3.10879e-07 0 3.42741e-07 0 3.7574e-07 0
86.7162 7.24379e-08 6.27817e-08 9.65616e-09 0.133303 0.0450783 6.12338e-11 0 5.2182e-10 0 3.48415e-09 0 9.48955e-09 0 1.85031e-08 0 3.03917e-08 0 4.48454e-08 0 6.16957e-08 0 8.08537e-08 0 1.0222e-07 0 1.25399e-07 0 1.50351e-07 0 1.7729e-07 0 2.04956e-07 0 2.35078e-07 0 2.65421e-07 0 2.97685e-07 0 3.31758e-07 0 3.66074e-07 0 4.01675e-07 0 4.38377e-07 0
91.1674 6.29939e-08 5.51606e-08 7.83331e-09 0.12435 0.0410776 1.07654e-10 0 8.26282e-10 0 5.02857e-09 0 1.30421e-08 0 2.46143e-08 0 3.94618e-08 0 5.71336e-08 0 7.73864e-08 0 1.00087e-07 0 1.25095e-07 0 1.51938e-07 0 1.80564e-07 0 2.1121e-07 0 2.42447e-07 0 2.76223e-07 0 3.10035e-07 0 3.4578e-07 0 3.83325e-07 0 4.20948e-07 0 4.59798e-07 0 4.99674e-07 0
95.847 5.4954e-08 4.85941e-08 6.35985e-09 0.11573 0.0373938 1.81224e-10 0 1.25921e-09 0 7.01652e-09 0 1.73707e-08 0 3.17826e-08 0 4.97932e-08 0 7.08009e-08 0 9.44885e-08 0 1.2068e-07 0 1.49201e-07 0 1.79505e-07 0 2.11535e-07 0 2.45552e-07 0 2.79976e-07 0 3.16957e-07 0 3.53755e-07 0 3.92446e-07 0 4.32875e-07 0 4.73193e-07 0 5.14644e-07 0 5.57011e-07 0
100.767 4.80805e-08 4.29139e-08 5.16656e-09 0.107456 0.0340086 2.92699e-10 0 1.85012e-09 0 9.47982e-09 0 2.2453e-08 0 3.98875e-08 0 6.11363e-08 0 8.54486e-08 0 1.12441e-07 0 1.41905e-07 0 1.73635e-07 0 2.07024e-07 0 2.42017e-07 0 2.78899e-07 0 3.15968e-07 0 3.55544e-07 0 3.94701e-07 0 4.35658e-07 0 4.78245e-07 0 5.20523e-07 0 5.63806e-07 0 6.07869e-07 0
105.939 4.21914e-08 3.799e-08 4.20144e-09 0.0995803 0.0308977 4.54545e-10 0 2.62578e-09 0 1.24226e-08 0 2.82101e-08 0 4.87286e-08 0 7.31463e-08 0 1.00577e-07 0 1.30588e-07 0 1.62945e-07 0 1.97425e-07 0 2.33378e-07 0 2.70754e-07 0 3.09863e-07 0 3.48917e-07 0 3.90366e-07 0 4.31155e-07 0 4.73608e-07 0 5.17545e-07 0 5.60975e-07 0 6.05259e-07 0 6.50172e-07 0
111.377 3.71228e-08 3.37051e-08 3.41774e-09 0.0920659 0.0280627 6.79923e-10 0 3.60541e-09 0 1.58109e-08 0 3.44952e-08 0 5.80163e-08 0 8.53783e-08 0 1.15586e-07 0 1.48174e-07 0 1.82902e-07 0 2.1954e-07 0 2.5741e-07 0 2.96479e-07 0 3.37078e-07 0 3.77371e-07 0 4.19896e-07 0 4.61529e-07 0 5.04657e-07 0 5.49095e-07 0 5.92839e-07 0 6.37274e-07 0 6.82179e-07 0
117.094 3.27481e-08 2.99661e-08 2.78202e-09 0.0849523 0.0254787 9.81457e-10 0 4.79726e-09 0 1.95727e-08 0 4.11069e-08 0 6.74039e-08 0 9.73404e-08 0 1.29847e-07 0 1.64451e-07 0 2.00919e-07 0 2.39027e-07 0 2.78093e-07 0 3.18101e-07 0 3.59405e-07 0 4.00159e-07 0 4.4294e-07 0 4.8462e-07 0 5.27604e-07 0 5.71707e-07 0 6.14952e-07 0 6.58722e-07 0 7.02804e-07 0
123.105 2.89653e-08 2.66992e-08 2.26603e-09 0.0782325 0.023116 1.36972e-09 0 6.19597e-09 0 2.36024e-08 0 4.78068e-08 0 7.65205e-08 0 1.08542e-07 0 1.42768e-07 0 1.78744e-07 0 2.16259e-07 0 2.55108e-07 0 2.9462e-07 0 3.34805e-07 0 3.76035e-07 0 4.1649e-07 0 4.58742e-07 0 4.99716e-07 0 5.41793e-07 0 5.84793e-07 0 6.268e-07 0 6.69171e-07 0 7.11706e-07 0
129.424 2.56785e-08 2.38325e-08 1.84599e-09 0.0718884 0.0209681 1.85087e-09 0 7.7777e-09 0 2.77551e-08 0 5.43145e-08 0 8.49644e-08 0 1.18482e-07 0 1.53773e-07 0 1.90424e-07 0 2.28261e-07 0 2.67107e-07 0 3.06322e-07 0 3.45943e-07 0 3.86354e-07 0 4.25796e-07 0 4.66792e-07 0 5.06374e-07 0 5.46858e-07 0 5.88072e-07 0 6.28194e-07 0 6.68531e-07 0 7.08901e-07 0
136.067 2.2815e-08 2.131e-08 1.50501e-09 0.0659658 0.0190176 2.42527e-09 0 9.5016e-09 0 3.18656e-08 0 6.03486e-08 0 9.23655e-08 0 1.26731e-07 0 1.62403e-07 0 1.99027e-07 0 2.36478e-07 0 2.74613e-07 0 3.12837e-07 0 3.51217e-07 0 3.90142e-07 0 4.27944e-07 0 4.67057e-07 0 5.04662e-07 0 5.42978e-07 0 5.81845e-07 0 6.19555e-07 0 6.5735e-07 0 6.95066e-07 0
143.051 2.03174e-08 1.90901e-08 1.22725e-09 0.0604038 0.0172347 3.08709e-09 0 1.13145e-08 0 3.57696e-08 0 6.56645e-08 0 9.84378e-08 0 1.32997e-07 0 1.68386e-07 0 2.04327e-07 0 2.40747e-07 0 2.77546e-07 0 3.14182e-07 0 3.5075e-07 0 3.87641e-07 0 4.23297e-07 0 4.6003e-07 0 4.95207e-07 0 5.30919e-07 0 5.6702e-07 0 6.01936e-07 0 6.3683e-07 0 6.71554e-07 0
150.394 1.81245e-08 1.71233e-08 1.00119e-09 0.0552397 0.0156193 3.82063e-09 0 1.31428e-08 0 3.92803e-08 0 7.00051e-08 0 1.02895e-07 0 1.36997e-07 0 1.71471e-07 0 2.06123e-07 0 2.40936e-07 0 2.75852e-07 0 3.10392e-07 0 3.44674e-07 0 3.79084e-07 0 4.12193e-07 0 4.46162e-07 0 4.7857e-07 0 5.11358e-07 0 5.44397e-07 0 5.76256e-07 0 6.08005e-07 0 6.39518e-07 0
158.114 1.61997e-08 1.53825e-08 8.1714e-10 0.0504418 0.0141487 4.60526e-09 0 1.49149e-08 0 4.22586e-08 0 7.32219e-08 0 1.05624e-07 0 1.38687e-07 0 1.71704e-07 0 2.04567e-07 0 2.37314e-07 0 2.6993e-07 0 3.01998e-07 0 3.33658e-07 0 3.65285e-07 0 3.95586e-07 0 4.26553e-07 0 4.55992e-07 0 4.8568e-07 0 5.15503e-07 0 5.44179e-07 0 5.72682e-07 0 6.00904e-07 0
166.23 1.45064e-08 1.38394e-08 6.67081e-10 0.0459852 0.0128176 5.41353e-09 0 1.65555e-08 0 4.45849e-08 0 7.52129e-08 0 1.06581e-07 0 1.38105e-07 0 1.69221e-07 0 1.99906e-07 0 2.30247e-07 0 2.60266e-07 0 2.89613e-07 0 3.1844e-07 0 3.47106e-07 0 3.7446e-07 0 4.02312e-07 0 4.28702e-07 0 4.55233e-07 0 4.81807e-07 0 5.07291e-07 0 5.32558e-07 0 5.57518e-07 0
174.763 1.30104e-08 1.24658e-08 5.44673e-10 0.0418644 0.0116123 6.21228e-09 0 1.799e-08 0 4.61652e-08 0 7.59234e-08 0 1.05782e-07 0 1.3536e-07 0 1.64235e-07 0 1.9246e-07 0 2.20165e-07 0 2.47404e-07 0 2.73889e-07 0 2.99781e-07 0 3.25418e-07 0 3.49788e-07 0 3.74516e-07 0 3.97872e-07 0 4.21284e-07 0 4.44671e-07 0 4.67041e-07 0 4.89169e-07 0 5.1098e-07 0
183.733 1.16914e-08 1.12466e-08 4.44793e-10 0.0380446 0.0105152 6.97083e-09 0 1.91667e-08 0 4.69797e-08 0 7.54188e-08 0 1.03404e-07 0 1.30749e-07 0 1.57168e-07 0 1.82777e-07 0 2.0774e-07 0 2.32139e-07 0 2.5574e-07 0 2.78709e-07 0 3.0136e-07 0 3.22815e-07 0 3.44513e-07 0 3.64945e-07 0 3.85371e-07 0 4.05722e-07 0 4.25142e-07 0 4.4431e-07 0 4.63164e-07 0
193.164 1.05177e-08 1.01543e-08 3.63367e-10 0.0345482 0.00952366 7.65111e-09 0 2.00254e-08 0 4.6991e-08 0 7.37262e-08 0 9.95538e-08 0 1.24465e-07 0 1.48295e-07 0 1.71214e-07 0 1.93409e-07 0 2.14982e-07 0 2.35747e-07 0 2.55871e-07 0 2.7564e-07 0 2.94302e-07 0 3.13117e-07 0 3.30785e-07 0 3.48401e-07 0 3.65911e-07 0 3.82582e-07 0 3.99003e-07 0 4.15123e-07 0
203.079 9.47565e-09 9.17869e-09 2.96956e-10 0.0313389 0.0086258 8.22677e-09 0 2.05467e-08 0 4.62586e-08 0 7.10139e-08 0 9.4514e-08 0 1.16903e-07 0 1.38123e-07 0 1.58379e-07 0 1.77874e-07 0 1.96723e-07 0 2.14784e-07 0 2.32216e-07 0 2.49281e-07 0 2.65337e-07 0 2.81479e-07 0 2.96595e-07 0 3.11632e-07 0 3.26544e-07 0 3.40711e-07 0 3.54639e-07 0 3.68286e-07 0
213.503 8.55061e-09 8.30797e-09 2.42636e-10 0.0283765 0.00781137 8.67664e-09 0 2.07266e-08 0 4.48648e-08 0 6.74659e-08 0 8.85685e-08 0 1.08442e-07 0 1.27111e-07 0 1.44808e-07 0 1.61742e-07 0 1.78032e-07 0 1.93575e-07 0 2.08519e-07 0 2.231e-07 0 2.36778e-07 0 2.50491e-07 0 2.63301e-07 0 2.76015e-07 0 2.88595e-07 0 3.00525e-07 0 3.1223e-07 0 3.23681e-07 0
224.463 7.72285e-09 7.52448e-09 1.98372e-10 0.0256863 0.0070741 8.97876e-09 0 2.05601e-08 0 4.28744e-08 0 6.3222e-08 0 8.1925e-08 0 9.93465e-08 0 1.15577e-07 0 1.30862e-07 0 1.45406e-07 0 1.59333e-07 0 1.72567e-07 0 1.85246e-07 0 1.97578e-07 0 2.09113e-07 0 2.20649e-07 0 2.314e-07 0 2.42047e-07 0 2.52562e-07 0 2.62514e-07 0 2.72263e-07 0 2.81784e-07 0
235.984 6.98547e-09 6.8233e-09 1.62165e-10 0.0232147 0.00640604 9.13102e-09 0 2.00856e-08 0 4.0428e-08 0 5.8518e-08 0 7.49015e-08 0 9.00056e-08 0 1.03968e-07 0 1.17034e-07 0 1.29404e-07 0 1.41197e-07 0 1.5236e-07 0 1.63021e-07 0 1.73358e-07 0 1.83002e-07 0 1.92623e-07 0 2.0157e-07 0 2.10413e-07 0 2.1913e-07 0 2.27366e-07 0 2.35421e-07 0 2.43276e-07 0
248.097 6.32604e-09 6.19345e-09 1.32584e-10 0.0209584 0.00580475 9.13164e-09 0 1.93355e-08 0 3.76335e-08 0 5.35235e-08 0 6.77151e-08 0 8.06718e-08 0 9.25614e-08 0 1.03623e-07 0 1.14045e-07 0 1.23939e-07 0 1.33272e-07 0 1.42157e-07 0 1.50749e-07 0 1.58745e-07 0 1.66704e-07 0 1.7409e-07 0 1.81377e-07 0 1.88547e-07 0 1.9531e-07 0 2.01915e-07 0 2.08347e-07 0
260.832 5.73382e-09 5.6254e-09 1.08413e-10 0.0189077 0.00525675 8.98578e-09 0 1.83506e-08 0 3.45983e-08 0 4.83944e-08 0 6.0555e-08 0 7.15566e-08 0 8.15825e-08 0 9.08593e-08 0 9.95599e-08 0 1.07789e-07 0 1.15525e-07 0 1.22868e-07 0 1.2995e-07 0 1.36526e-07 0 1.43058e-07 0 1.49109e-07 0 1.55067e-07 0 1.60921e-07 0 1.66434e-07 0 1.71811e-07 0 1.7704e-07 0
274.221 5.20316e-09 5.1145e-09 8.86633e-11 0.0170403 0.00475732 8.71079e-09 0 1.7189e-08 0 3.14464e-08 0 4.32987e-08 0 5.36176e-08 0 6.28732e-08 0 7.12537e-08 0 7.89684e-08 0 8.61732e-08 0 9.29629e-08 0 9.93263e-08 0 1.0535e-07 0 1.11146e-07 0 1.16516e-07 0 1.21839e-07 0 1.26762e-07 0 1.31601e-07 0 1.36349e-07 0 1.40814e-07 0 1.45162e-07 0 1.49387e-07 0
288.297 4.72615e-09 4.65363e-09 7.25246e-11 0.0153454 0.00430277 8.32377e-09 0 1.58997e-08 0 2.82701e-08 0 3.83503e-08 0 4.70252e-08 0 5.4744e-08 0 6.16908e-08 0 6.80551e-08 0 7.39754e-08 0 7.95359e-08 0 8.47321e-08 0 8.96388e-08 0 9.4349e-08 0 9.87043e-08 0 1.03014e-07 0 1.06993e-07 0 1.10899e-07 0 1.14724e-07 0 1.18318e-07 0 1.21814e-07 0 1.25206e-07 0
303.095 4.29705e-09 4.23772e-09 5.93254e-11 0.0138061 0.0038917 7.84688e-09 0 1.45341e-08 0 2.51544e-08 0 3.36476e-08 0 4.08775e-08 0 4.72626e-08 0 5.29767e-08 0 5.81883e-08 0 6.30185e-08 0 6.7541e-08 0 7.17559e-08 0 7.57265e-08 0 7.95302e-08 0 8.30407e-08 0 8.65088e-08 0 8.97053e-08 0 9.28392e-08 0 9.59048e-08 0 9.8781e-08 0 1.01576e-07 0 1.04285e-07 0
318.653 3.90961e-09 3.86108e-09 4.85347e-11 0.0124142 0.00351914 7.30126e-09 0 1.31348e-08 0 2.21607e-08 0 2.92525e-08 0 3.52285e-08 0 4.04692e-08 0 4.51346e-08 0 4.93721e-08 0 5.32861e-08 0 5.694e-08 0 6.0337e-08 0 6.35301e-08 0 6.6583e-08 0 6.93958e-08 0 7.21702e-08 0 7.47237e-08 0 7.7224e-08 0 7.96668e-08 0 8.19562e-08 0 8.41785e-08 0 8.63304e-08 0
335.009 3.56187e-09 3.52216e-09 3.97157e-11 0.0111502 0.00318211 6.71467e-09 0 1.17509e-08 0 1.93544e-08 0 2.52305e-08 0 3.01354e-08 0 3.44087e-08 0 3.81944e-08 0 4.16196e-08 0 4.47732e-08 0 4.77094e-08 0 5.04327e-08 0 5.29875e-08 0 5.54257e-08 0 5.76686e-08 0 5.98776e-08 0 6.19081e-08 0 6.38939e-08 0 6.58319e-08 0 6.76463e-08 0 6.94058e-08 0 7.11082e-08 0
352.205 3.24726e-09 3.21476e-09 3.24955e-11 0.0100071 0.00287729 6.1037e-09 0 1.04067e-08 0 1.67556e-08 0 2.15869e-08 0 2.55839e-08 0 2.90453e-08 0 3.20978e-08 0 3.48497e-08 0 3.7376e-08 0 3.97222e-08 0 4.18937e-08 0 4.39269e-08 0 4.58642e-08 0 4.76436e-08 0 4.93939e-08 0 5.10008e-08 0 5.25705e-08 0 5.41009e-08 0 5.55322e-08 0 5.69192e-08 0 5.82599e-08 0
370.284 2.9627e-09 2.93611e-09 2.65912e-11 0.00897534 0.00260195 5.48826e-09 0 9.1297e-09 0 1.43881e-08 0 1.83321e-08 0 2.15684e-08 0 2.43552e-08 0 2.68024e-08 0 2.90014e-08 0 3.10145e-08 0 3.28799e-08 0 3.46029e-08 0 3.62134e-08 0 3.77455e-08 0 3.91509e-08 0 4.05316e-08 0 4.17977e-08 0 4.30333e-08 0 4.42368e-08 0 4.53615e-08 0 4.64503e-08 0 4.75021e-08 0
389.291 2.7035e-09 2.68173e-09 2.17645e-11 0.00805051 0.0023528 4.88158e-09 0 7.93387e-09 0 1.22538e-08 0 1.54505e-08 0 1.80536e-08 0 2.02835e-08 0 2.2234e-08 0 2.39813e-08 0 2.55769e-08 0 2.70522e-08 0 2.84124e-08 0 2.96818e-08 0 3.08877e-08 0 3.19925e-08 0 3.30766e-08 0 3.40698e-08 0 3.50381e-08 0 3.59804e-08 0 3.68603e-08 0 3.77115e-08 0 3.85332e-08 0
409.273 2.47075e-09 2.45294e-09 1.78135e-11 0.00720975 0.00212731 4.30371e-09 0 6.84296e-09 0 1.037e-08 0 1.29474e-08 0 1.50314e-08 0 1.6808e-08 0 1.83564e-08 0 1.97395e-08 0 2.09997e-08 0 2.21625e-08 0 2.32329e-08 0 2.42303e-08 0 2.51766e-08 0 2.60425e-08 0 2.68913e-08 0 2.76682e-08 0 2.8425e-08 0 2.91609e-08 0 2.98475e-08 0 3.05113e-08 0 3.11516e-08 0
430.281 2.25967e-09 2.24509e-09 1.45778e-11 0.00645129 0.00192327 3.75995e-09 0 5.85608e-09 0 8.71717e-09 0 1.07838e-08 0 1.24438e-08 0 1.38526e-08 0 1.50764e-08 0 1.61667e-08 0 1.7158e-08 0 1.8071e-08 0 1.89101e-08 0 1.9691e-08 0 2.0431e-08 0 2.11074e-08 0 2.17698e-08 0 2.23756e-08 0 2.29652e-08 0 2.35381e-08 0 2.40723e-08 0 2.45884e-08 0 2.5086e-08 0
452.368 2.06722e-09 2.05529e-09 1.19323e-11 0.00577213 0.00173914 3.25561e-09 0 4.97282e-09 0 7.27896e-09 0 8.9268e-09 0 1.02424e-08 0 1.13544e-08 0 1.23174e-08 0 1.31732e-08 0 1.39498e-08 0 1.46639e-08 0 1.53193e-08 0 1.59284e-08 0 1.6505e-08 0 1.70315e-08 0 1.75467e-08 0 1.80174e-08 0 1.84753e-08 0 1.89199e-08 0 1.93342e-08 0 1.97342e-08 0 2.01197e-08 0
475.588 1.89247e-09 1.8827e-09 9.76714e-12 0.00516106 0.00157279 2.79643e-09 0 4.19389e-09 0 6.04253e-09 0 7.35034e-09 0 8.38865e-09 0 9.26289e-09 0 1.00179e-08 0 1.06874e-08 0 1.12938e-08 0 1.18505e-08 0 1.23608e-08 0 1.28346e-08 0 1.32825e-08 0 1.36913e-08 0 1.40909e-08 0 1.44557e-08 0 1.48104e-08 0 1.51545e-08 0 1.5475e-08 0 1.57844e-08 0 1.60823e-08 0
500 1.73422e-09 1.72623e-09 7.99482e-12 0.00461003 0.00142227 2.38481e-09 0 3.51545e-09 0 4.99038e-09 0 6.02421e-09 0 6.84077e-09 0 7.52591e-09 0 8.11605e-09 0 8.63832e-09 0 9.11055e-09 0 9.54354e-09 0 9.9399e-09 0 1.03075e-08 0 1.06548e-08 0 1.09714e-08 0 1.12807e-08 0 1.15629e-08 0 1.18371e-08 0 1.2103e-08 0 1.23504e-08 0 1.25892e-08 0 1.2819e-08 0
525.665 1.5895e-09 1.58296e-09 6.5449e-12 0.00411758 0.00128629 2.01853e-09 0 2.92769e-09 0 4.09849e-09 0 4.91216e-09 0 5.55179e-09 0 6.08675e-09 0 6.54643e-09 0 6.9525e-09 0 7.3191e-09 0 7.6548e-09 0 7.96177e-09 0 8.24619e-09 0 8.51466e-09 0 8.75923e-09 0 8.99801e-09 0 9.21573e-09 0 9.42713e-09 0 9.63204e-09 0 9.82268e-09 0 1.00065e-08 0 1.01834e-08 0
552.648 1.45839e-09 1.45303e-09 5.35799e-12 0.00367391 0.00116348 1.69795e-09 0 2.42552e-09 0 3.35133e-09 0 3.98971e-09 0 4.48936e-09 0 4.90601e-09 0 5.26326e-09 0 5.57829e-09 0 5.86231e-09 0 6.12209e-09 0 6.35939e-09 0 6.57907e-09 0 6.78627e-09 0 6.9749e-09 0 7.15894e-09 0 7.32666e-09 0 7.48943e-09 0 7.64712e-09 0 7.79378e-09 0 7.93513e-09 0 8.07109e-09 0
581.015 1.33892e-09 1.33453e-09 4.38587e-12 0.00327568 0.00105238 1.41948e-09 0 1.99893e-09 0 2.7282e-09 0 3.22744e-09 0 3.61661e-09 0 3.94027e-09 0 4.21722e-09 0 4.46107e-09 0 4.68063e-09 0 4.88124e-09 0 5.06432e-09 0 5.23367e-09 0 5.39328e-09 0 5.5385e-09 0 5.68011e-09 0 5.80909e-09 0 5.93421e-09 0 6.05537e-09 0 6.16801e-09 0 6.27653e-09 0 6.38088e-09 0
610.839 1.22992e-09 1.22633e-09 3.59039e-12 0.00291921 0.000951934 1.17977e-09 0 1.63921e-09 0 2.21162e-09 0 2.60087e-09 0 2.9032e-09 0 3.154e-09 0 3.36822e-09 0 3.55657e-09 0 3.72596e-09 0 3.88057e-09 0 4.02156e-09 0 4.15188e-09 0 4.27463e-09 0 4.38624e-09 0 4.49502e-09 0 4.59406e-09 0 4.69009e-09 0 4.78305e-09 0 4.86943e-09 0 4.95263e-09 0 5.03262e-09 0
642.193 1.13034e-09 1.1274e-09 2.93941e-12 0.00260047 0.000861156 9.75144e-10 0 1.33793e-09 0 1.78573e-09 0 2.08839e-09 0 2.32267e-09 0 2.51659e-09 0 2.68194e-09 0 2.82713e-09 0 2.95757e-09 0 3.07653e-09 0 3.18491e-09 0 3.28503e-09 0 3.37928e-09 0 3.46494e-09 0 3.54838e-09 0 3.62431e-09 0 3.69791e-09 0 3.76913e-09 0 3.8353e-09 0 3.899e-09 0 3.96022e-09 0
675.157 1.03942e-09 1.03701e-09 2.40651e-12 0.00231524 0.000779104 8.0194e-10 0 1.08736e-09 0 1.43665e-09 0 1.67142e-09 0 1.85259e-09 0 2.00224e-09 0 2.12965e-09 0 2.24139e-09 0 2.34167e-09 0 2.43306e-09 0 2.51626e-09 0 2.59308e-09 0 2.66535e-09 0 2.731e-09 0 2.79492e-09 0 2.85308e-09 0 2.90942e-09 0 2.96393e-09 0 3.01454e-09 0 3.06327e-09 0 3.11008e-09 0
709.813 9.56355e-10 9.54385e-10 1.97006e-12 0.00205997 0.000704906 6.56397e-10 0 8.80203e-10 0 1.15195e-09 0 1.33366e-09 0 1.4735e-09 0 1.58878e-09 0 1.6868e-09 0 1.77267e-09 0 1.84967e-09 0 1.91978e-09 0 1.98357e-09 0 2.04244e-09 0 2.09779e-09 0 2.14805e-09 0 2.19697e-09 0 2.24146e-09 0 2.28455e-09 0 2.32623e-09 0 2.36492e-09 0 2.40215e-09 0 2.43792e-09 0
746.248 8.8079e-10 8.79177e-10 1.61287e-12 0.00183116 0.000637733 5.35136e-10 0 7.10173e-10 0 9.21179e-10 0 1.06162e-09 0 1.16941e-09 0 1.25812e-09 0 1.33345e-09 0 1.39938e-09 0 1.45846e-09 0 1.51221e-09 0 1.56109e-09 0 1.60617e-09 0 1.64854e-09 0 1.687e-09 0 1.72442e-09 0 1.75844e-09 0 1.79138e-09 0 1.82323e-09 0 1.85279e-09 0 1.88123e-09 0 1.90854e-09 0
784.553 8.11261e-10 8.09941e-10 1.32049e-12 0.0016277 0.000576928 4.34287e-10 0 5.70744e-10 0 7.34162e-10 0 8.4246e-10 0 9.2539e-10 0 9.93536e-10 0 1.05133e-09 0 1.10187e-09 0 1.14712e-09 0 1.18827e-09 0 1.22567e-09 0 1.26014e-09 0 1.29254e-09 0 1.32192e-09 0 1.35051e-09 0 1.37649e-09 0 1.40164e-09 0 1.42595e-09 0 1.44851e-09 0 1.47021e-09 0 1.49105e-09 0
824.824 7.47923e-10 7.46842e-10 1.08106e-12 0.00144542 0.000522004 3.51241e-10 0 4.57403e-10 0 5.83775e-10 0 6.67195e-10 0 7.30939e-10 0 7.83244e-10 0 8.27559e-10 0 8.66277e-10 0 9.00919e-10 0 9.32403e-10 0 9.61006e-10 0 9.87361e-10 0 1.01211e-09 0 1.03457e-09 0 1.0564e-09 0 1.07624e-09 0 1.09543e-09 0 1.11399e-09 0 1.1312e-09 0 1.14775e-09 0 1.16365e-09 0
867.163 6.89702e-10 6.88817e-10 8.85113e-13 0.00128333 0.000472386 2.82988e-10 0 3.65373e-10 0 4.62904e-10 0 5.27057e-10 0 5.75982e-10 0 6.16075e-10 0 6.50011e-10 0 6.79638e-10 0 7.06131e-10 0 7.30196e-10 0 7.52049e-10 0 7.72177e-10 0 7.91076e-10 0 8.08212e-10 0 8.24872e-10 0 8.40005e-10 0 8.54648e-10 0 8.68795e-10 0 8.81918e-10 0 8.94537e-10 0 9.0665e-10 0
911.674 6.36569e-10 6.35844e-10 7.24623e-13 0.00113833 0.000427486 2.27324e-10 0 2.91154e-10 0 3.66339e-10 0 4.15632e-10 0 4.53158e-10 0 4.83874e-10 0 5.0985e-10 0 5.32512e-10 0 5.52765e-10 0 5.71154e-10 0 5.87846e-10 0 6.03216e-10 0 6.17642e-10 0 6.30719e-10 0 6.43429e-10 0 6.54973e-10 0 6.66139e-10 0 6.76926e-10 0 6.86931e-10 0 6.9655e-10 0 7.05781e-10 0
958.471 5.87608e-10 5.87014e-10 5.93327e-13 0.00100973 0.000386895 1.81979e-10 0 2.31326e-10 0 2.89185e-10 0 3.27006e-10 0 3.55753e-10 0 3.79256e-10 0 3.99117e-10 0 4.16434e-10 0 4.31903e-10 0 4.45941e-10 0 4.5868e-10 0 4.70405e-10 0 4.81408e-10 0 4.91379e-10 0 5.01069e-10 0 5.09867e-10 0 5.18377e-10 0 5.26596e-10 0 5.34217e-10 0 5.41544e-10 0 5.48575e-10 0
1007.67 5.42937e-10 5.42451e-10 4.85722e-13 0.000894619 0.000350149 1.45331e-10 0 1.83437e-10 0 2.27931e-10 0 2.56937e-10 0 2.78951e-10 0 2.96932e-10 0 3.12116e-10 0 3.25347e-10 0 3.37161e-10 0 3.47878e-10 0 3.576e-10 0 3.66546e-10 0 3.74938e-10 0 3.82542e-10 0 3.8993e-10 0 3.96637e-10 0 4.03123e-10 0 4.09387e-10 0 4.15194e-10 0 4.20776e-10 0 4.26131e-10 0
1059.39 5.0173e-10 5.01332e-10 3.97737e-13 0.000792732 0.000316889 1.15712e-10 0 1.45087e-10 0 1.79254e-10 0 2.01474e-10 0 2.18315e-10 0 2.32058e-10 0 2.43656e-10 0 2.53757e-10 0 2.62773e-10 0 2.70948e-10 0 2.78362e-10 0 2.85183e-10 0 2.9158e-10 0 2.97375e-10 0 3.03005e-10 0 3.08114e-10 0 3.13055e-10 0 3.17825e-10 0 3.22248e-10 0 3.26498e-10 0 3.30575e-10 0
1113.77 4.63996e-10 4.6367e-10 3.25564e-13 0.000701652 0.000286772 9.1926e-11 0 1.14547e-10 0 1.40768e-10 0 1.57782e-10 0 1.70661e-10 0 1.81163e-10 0 1.90021e-10 0 1.97731e-10 0 2.0461e-10 0 2.10847e-10 0 2.16501e-10 0 2.21701e-10 0 2.26578e-10 0 2.30994e-10 0 2.35284e-10 0 2.39177e-10 0 2.42941e-10 0 2.46574e-10 0 2.49942e-10 0 2.53179e-10 0 2.56284e-10 0
1170.94 4.29283e-10 4.29017e-10 2.66563e-13 0.000620949 0.000259501 7.28579e-11 0 9.02579e-11 0 1.10363e-10 0 1.23382e-10 0 1.33227e-10 0 1.41249e-10 0 1.4801e-10 0 1.53894e-10 0 1.59141e-10 0 1.63897e-10 0 1.68208e-10 0 1.72172e-10 0 1.75888e-10 0 1.79254e-10 0 1.82522e-10 0 1.85487e-10 0 1.88354e-10 0 1.91121e-10 0 1.93686e-10 0 1.9615e-10 0 1.98514e-10 0
1231.05 3.97448e-10 3.9723e-10 2.18248e-13 0.000549123 0.000234866 5.76358e-11 0 7.10099e-11 0 8.6419e-11 0 9.63788e-11 0 1.03902e-10 0 1.10029e-10 0 1.1519e-10 0 1.1968e-10 0 1.23683e-10 0 1.2731e-10 0 1.30597e-10 0 1.33618e-10 0 1.36451e-10 0 1.39016e-10 0 1.41506e-10 0 1.43765e-10 0 1.45949e-10 0 1.48057e-10 0 1.5001e-10 0 1.51887e-10 0 1.53687e-10 0
1294.24 3.6813e-10 3.67951e-10 1.78727e-13 0.0004855 0.000212589 4.55018e-11 0 5.57724e-11 0 6.75749e-11 0 7.51907e-11 0 8.09385e-11 0 8.5616e-11 0 8.9555e-11 0 9.29802e-11 0 9.60331e-11 0 9.87987e-11 0 1.01304e-10 0 1.03608e-10 0 1.05766e-10 0 1.0772e-10 0 1.09618e-10 0 1.11339e-10 0 1.13002e-10 0 1.14608e-10 0 1.16096e-10 0 1.17525e-10 0 1.18896e-10 0
1360.67 3.41112e-10 3.40966e-10 1.4634e-13 0.000429009 0.000192409 3.58546e-11 0 4.37356e-11 0 5.27707e-11 0 5.85919e-11 0 6.29816e-11 0 6.6552e-11 0 6.95574e-11 0 7.217e-11 0 7.4498e-11 0 7.66065e-11 0 7.85165e-11 0 8.02718e-11 0 8.19168e-11 0 8.34058e-11 0 8.48512e-11 0 8.61624e-11 0 8.74295e-11 0 8.86523e-11 0 8.97854e-11 0 9.08739e-11 0 9.19177e-11 0
1430.51 3.16343e-10 3.16223e-10 1.19823e-13 0.000378777 0.000174139 2.82156e-11 0 3.42615e-11 0 4.11778e-11 0 4.56277e-11 0 4.89809e-11 0 5.17068e-11 0 5.40006e-11 0 5.5994e-11 0 5.77698e-11 0 5.93778e-11 0 6.08343e-11 0 6.21726e-11 0 6.34266e-11 0 6.45616e-11 0 6.56633e-11 0 6.66625e-11 0 6.76281e-11 0 6.85598e-11 0 6.94232e-11 0 7.02525e-11 0 7.10477e-11 0
1503.94 2.93399e-10 2.93301e-10 9.81143e-14 0.000334405 0.000157597 2.21613e-11 0 2.67953e-11 0 3.20861e-11 0 3.54859e-11 0 3.8046e-11 0 4.01263e-11 0 4.18762e-11 0 4.33965e-11 0 4.47506e-11 0 4.59766e-11 0 4.70868e-11 0 4.81069e-11 0 4.90626e-11 0 4.99275e-11 0 5.07669e-11 0 5.15282e-11 0 5.22638e-11 0 5.29736e-11 0 5.36312e-11 0 5.42629e-11 0 5.48685e-11 0
1581.14 2.72401e-10 2.72321e-10 8.03339e-14 0.00029491 0.000142634 1.73911e-11 0 2.09434e-11 0 2.49919e-11 0 2.75905e-11 0 2.95461e-11 0 3.11345e-11 0 3.24702e-11 0 3.36305e-11 0 3.46637e-11 0 3.5599e-11 0 3.64458e-11 0 3.72238e-11 0 3.79526e-11 0 3.86121e-11 0 3.92522e-11 0 3.98326e-11 0 4.03934e-11 0 4.09345e-11 0 4.14358e-11 0 4.19172e-11 0 4.23789e-11 0
1662.3 2.52867e-10 2.52801e-10 6.5785e-14 0.000260157 0.00012909 1.36211e-11 0 1.63416e-11 0 1.94371e-11 0 2.14219e-11 0 2.29148e-11 0 2.41269e-11 0 2.51459e-11 0 2.60309e-11 0 2.68188e-11 0 2.75319e-11 0 2.81775e-11 0 2.87706e-11 0 2.93261e-11 0 2.98288e-11 0 3.03166e-11 0 3.07589e-11 0 3.11863e-11 0 3.15986e-11 0 3.19805e-11 0 3.23473e-11 0 3.2699e-11 0
1747.63 2.35001e-10 2.34947e-10 5.38664e-14 0.000229218 0.000116827 1.06627e-11 0 1.27469e-11 0 1.5115e-11 0 1.6632e-11 0 1.77725e-11 0 1.86981e-11 0 1.94761e-11 0 2.01516e-11 0 2.07529e-11 0 2.12971e-11 0 2.17897e-11 0 2.22422e-11 0 2.2666e-11 0 2.30495e-11 0 2.34215e-11 0 2.37589e-11 0 2.40848e-11 0 2.43993e-11 0 2.46905e-11 0 2.49703e-11 0 2.52385e-11 0
1837.33 2.18412e-10 2.18368e-10 4.41083e-14 0.00020195 0.000105725 8.33417e-12 0 9.93003e-12 0 1.17409e-11 0 1.28999e-11 0 1.37708e-11 0 1.44774e-11 0 1.50712e-11 0 1.55867e-11 0 1.60456e-11 0 1.64607e-11 0 1.68365e-11 0 1.71817e-11 0 1.75049e-11 0 1.77974e-11 0 1.80811e-11 0 1.83384e-11 0 1.85869e-11 0 1.88267e-11 0 1.90488e-11 0 1.92621e-11 0 1.94665e-11 0
1931.64 2.03194e-10 2.03158e-10 3.61202e-14 0.000177762 9.56884e-05 6.5109e-12 0 7.73328e-12 0 9.11865e-12 0 1.00047e-11 0 1.06702e-11 0 1.121e-11 0 1.16635e-11 0 1.20572e-11 0 1.24075e-11 0 1.27245e-11 0 1.30114e-11 0 1.32749e-11 0 1.35216e-11 0 1.37448e-11 0 1.39613e-11 0 1.41577e-11 0 1.43474e-11 0 1.45303e-11 0 1.46998e-11 0 1.48625e-11 0 1.50186e-11 0
2030.79 1.88791e-10 1.88761e-10 2.95806e-14 0.000156685 8.66045e-05 5.07281e-12 0 6.00739e-12 0 7.06542e-12 0 7.74161e-12 0 8.24931e-12 0 8.66105e-12 0 9.0069e-12 0 9.30705e-12 0 9.57414e-12 0 9.81578e-12 0 1.00344e-11 0 1.02353e-11 0 1.04233e-11 0 1.05934e-11 0 1.07584e-11 0 1.0908e-11 0 1.10526e-11 0 1.1192e-11 0 1.13211e-11 0 1.14451e-11 0 1.1564e-11 0
2135.03 1.75002e-10 1.74978e-10 2.42214e-14 0.000138407 7.83697e-05 3.93802e-12 0 4.65054e-12 0 5.45638e-12 0 5.97108e-12 0 6.35739e-12 0 6.67061e-12 0 6.93367e-12 0 7.16193e-12 0 7.36504e-12 0 7.54877e-12 0 7.71503e-12 0 7.86769e-12 0 8.01064e-12 0 8.13995e-12 0 8.26539e-12 0 8.37912e-12 0 8.48896e-12 0 8.59492e-12 0 8.69306e-12 0 8.7873e-12 0 8.87763e-12 0
2244.63 1.62139e-10 1.62119e-10 1.98325e-14 0.000122318 7.09144e-05 3.05176e-12 0 3.59446e-12 0 4.20771e-12 0 4.59916e-12 0 4.89288e-12 0 5.13098e-12 0 5.33092e-12 0 5.50439e-12 0 5.65872e-12 0 5.79833e-12 0 5.92465e-12 0 6.04063e-12 0 6.14923e-12 0 6.24746e-12 0 6.34275e-12 0 6.42913e-12 0 6.51257e-12 0 6.59305e-12 0 6.66759e-12 0 6.73916e-12 0 6.80777e-12 0
2359.84 1.50277e-10 1.50261e-10 1.62389e-14 0.00010806 6.41716e-05 2.36307e-12 0 2.77642e-12 0 3.24311e-12 0 3.54086e-12 0 3.76421e-12 0 3.94523e-12 0 4.09721e-12 0 4.22907e-12 0 4.34637e-12 0 4.45246e-12 0 4.54846e-12 0 4.63659e-12 0 4.71911e-12 0 4.79374e-12 0 4.86614e-12 0 4.93178e-12 0 4.99516e-12 0 5.05631e-12 0 5.11293e-12 0 5.16731e-12 0 5.21943e-12 0
2480.97 1.39249e-10 1.39236e-10 1.32985e-14 9.55018e-05 5.80762e-05 1.82734e-12 0 2.14197e-12 0 2.49694e-12 0 2.72331e-12 0 2.89307e-12 0 3.03064e-12 0 3.14612e-12 0 3.2463e-12 0 3.33542e-12 0 3.41601e-12 0 3.48893e-12 0 3.55587e-12 0 3.61855e-12 0 3.67524e-12 0 3.73022e-12 0 3.78007e-12 0 3.82821e-12 0 3.87464e-12 0 3.91765e-12 0 3.95894e-12 0 3.99852e-12 0
2608.32 1.29041e-10 1.2903e-10 1.08888e-14 8.43821e-05 5.25612e-05 1.41172e-12 0 1.65115e-12 0 1.9211e-12 0 2.09318e-12 0 2.22219e-12 0 2.32672e-12 0 2.41446e-12 0 2.49057e-12 0 2.55827e-12 0 2.61949e-12 0 2.67487e-12 0 2.72572e-12 0 2.77332e-12 0 2.81638e-12 0 2.85814e-12 0 2.89599e-12 0 2.93255e-12 0 2.96782e-12 0 3.00047e-12 0 3.03183e-12 0 3.06188e-12 0
2742.21 1.19567e-10 1.19558e-10 8.91586e-15 7.4568e-05 4.7568e-05 1.08944e-12 0 1.27156e-12 0 1.47677e-12 0 1.60753e-12 0 1.70555e-12 0 1.78496e-12 0 1.8516e-12 0 1.90941e-12 0 1.96082e-12 0 2.00731e-12 0 2.04937e-12 0 2.08798e-12 0 2.12413e-12 0 2.15682e-12 0 2.18853e-12 0 2.21727e-12 0 2.24503e-12 0 2.2718e-12 0 2.29659e-12 0 2.3204e-12 0 2.34322e-12 0
2882.97 1.10799e-10 1.10792e-10 7.29947e-15 6.58802e-05 4.30498e-05 8.40036e-13 0 9.78545e-13 0 1.13453e-12 0 1.23389e-12 0 1.30835e-12 0 1.36867e-12 0 1.41929e-12 0 1.46319e-12 0 1.50224e-12 0 1.53754e-12 0 1.56948e-12 0 1.5988e-12 0 1.62625e-12 0 1.65107e-12 0 1.67514e-12 0 1.69697e-12 0 1.71804e-12 0 1.73837e-12 0 1.75719e-12 0 1.77526e-12 0 1.79259e-12 0
3030.95 1.02684e-10 1.02678e-10 5.97712e-15 5.8209e-05 3.89651e-05 6.47224e-13 0 7.52547e-13 0 8.711e-13 0 9.4659e-13 0 1.00316e-12 0 1.04897e-12 0 1.08742e-12 0 1.12076e-12 0 1.15041e-12 0 1.17722e-12 0 1.20148e-12 0 1.22374e-12 0 1.24458e-12 0 1.26343e-12 0 1.28171e-12 0 1.29828e-12 0 1.31428e-12 0 1.32971e-12 0 1.344e-12 0 1.35772e-12 0 1.37087e-12 0
3186.53 9.51736e-11 9.51687e-11 4.8938e-15 5.14197e-05 3.52613e-05 4.98316e-13 0 5.78395e-13 0 6.68493e-13 0 7.25847e-13 0 7.68818e-13 0 8.03617e-13 0 8.32818e-13 0 8.58139e-13 0 8.80657e-13 0 9.01017e-13 0 9.19434e-13 0 9.36339e-13 0 9.52165e-13 0 9.66475e-13 0 9.80355e-13 0 9.92936e-13 0 1.00509e-12 0 1.0168e-12 0 1.02765e-12 0 1.03807e-12 0 1.04805e-12 0
3350.09 8.81984e-11 8.81943e-11 4.00685e-15 4.543e-05 3.19077e-05 3.83308e-13 0 4.4417e-13 0 5.1262e-13 0 5.56183e-13 0 5.88816e-13 0 6.15241e-13 0 6.37413e-13 0 6.56639e-13 0 6.73735e-13 0 6.89193e-13 0 7.03175e-13 0 7.16008e-13 0 7.28022e-13 0 7.38885e-13 0 7.49422e-13 0 7.58972e-13 0 7.68194e-13 0 7.77088e-13 0 7.85324e-13 0 7.93232e-13 0 8.00811e-13 0
3522.05 8.17056e-11 8.17023e-11 3.28121e-15 4.0159e-05 2.88723e-05 2.94524e-13 0 3.40757e-13 0 3.92735e-13 0 4.25806e-13 0 4.50578e-13 0 4.70635e-13 0 4.87463e-13 0 5.02053e-13 0 5.15028e-13 0 5.26758e-13 0 5.37368e-13 0 5.47107e-13 0 5.56223e-13 0 5.64467e-13 0 5.72462e-13 0 5.79708e-13 0 5.86706e-13 0 5.93454e-13 0 5.99703e-13 0 6.05703e-13 0 6.11454e-13 0
3702.84 7.57212e-11 7.57186e-11 2.68641e-15 3.54777e-05 2.61301e-05 2.26239e-13 0 2.61367e-13 0 3.00847e-13 0 3.25961e-13 0 3.4477e-13 0 3.59999e-13 0 3.72775e-13 0 3.83852e-13 0 3.93701e-13 0 4.02606e-13 0 4.1066e-13 0 4.18053e-13 0 4.24972e-13 0 4.3123e-13 0 4.37298e-13 0 4.42799e-13 0 4.4811e-13 0 4.53232e-13 0 4.57975e-13 0 4.62529e-13 0 4.66894e-13 0
3892.91 7.01753e-11 7.01731e-11 2.19942e-15 3.13418e-05 2.36475e-05 1.73673e-13 0 2.0036e-13 0 2.30343e-13 0 2.49413e-13 0 2.63694e-13 0 2.75255e-13 0 2.84954e-13 0 2.93362e-13 0 3.00839e-13 0 3.07599e-13 0 3.13712e-13 0 3.19324e-13 0 3.24576e-13 0 3.29325e-13 0 3.33931e-13 0 3.38106e-13 0 3.42137e-13 0 3.46025e-13 0 3.49625e-13 0 3.53081e-13 0 3.56394e-13 0
4092.73 6.50359e-11 6.50341e-11 1.80063e-15 2.76867e-05 2.13988e-05 1.33239e-13 0 1.5351e-13 0 1.76279e-13 0 1.90757e-13 0 2.01599e-13 0 2.10375e-13 0 2.17738e-13 0 2.24121e-13 0 2.29796e-13 0 2.34926e-13 0 2.39567e-13 0 2.43826e-13 0 2.47812e-13 0 2.51417e-13 0 2.54913e-13 0 2.58081e-13 0 2.61141e-13 0 2.64091e-13 0 2.66824e-13 0 2.69447e-13 0 2.71961e-13 0
4302.81 6.02726e-11 6.02711e-11 1.47416e-15 2.44582e-05 1.93621e-05 1.02158e-13 0 1.17554e-13 0 1.34843e-13 0 1.45835e-13 0 1.54065e-13 0 1.60727e-13 0 1.66316e-13 0 1.7116e-13 0 1.75468e-13 0 1.79362e-13 0 1.82884e-13 0 1.86116e-13 0 1.89142e-13 0 1.91878e-13 0 1.94531e-13 0 1.96935e-13 0 1.99257e-13 0 2.01497e-13 0 2.0357e-13 0 2.05561e-13 0 2.07469e-13 0
4523.68 5.58586e-11 5.58573e-11 1.20698e-15 2.16078e-05 1.7522e-05 7.82852e-14 0 8.9977e-14 0 1.03103e-13 0 1.11448e-13 0 1.17695e-13 0 1.22752e-13 0 1.26994e-13 0 1.30671e-13 0 1.3394e-13 0 1.36895e-13 0 1.39568e-13 0 1.42022e-13 0 1.44318e-13 0 1.46394e-13 0 1.48407e-13 0 1.50232e-13 0 1.51994e-13 0 1.53694e-13 0 1.55267e-13 0 1.56778e-13 0 1.58226e-13 0
4755.88 5.17611e-11 5.17601e-11 9.88116e-16 1.909e-05 1.58566e-05 5.9952e-14 0 6.88289e-14 0 7.87929e-14 0 8.51263e-14 0 8.98676e-14 0 9.37052e-14 0 9.6924e-14 0 9.97144e-14 0 1.02195e-13 0 1.04438e-13 0 1.06466e-13 0 1.08328e-13 0 1.1007e-13 0 1.11645e-13 0 1.13173e-13 0 1.14558e-13 0 1.15895e-13 0 1.17184e-13 0 1.18378e-13 0 1.19524e-13 0 1.20623e-13 0
5000 4.79701e-11 4.79693e-11 8.08959e-16 1.68638e-05 1.43488e-05 4.58951e-14 0 5.26349e-14 0 6.01989e-14 0 6.50061e-14 0 6.86047e-14 0 7.15172e-14 0 7.39602e-14 0 7.60778e-14 0 7.79606e-14 0 7.96625e-14 0 8.12017e-14 0 8.26143e-14 0 8.39365e-14 0 8.5132e-14 0 8.62914e-14 0 8.73421e-14 0 8.83567e-14 0 8.93351e-14 0 9.02411e-14 0 9.11109e-14 0 9.19445e-14 0
