# 4.4903e-07 0 27 : grain size, compostion index, size index
# Heating and cooling timescale: 646.635 84.6725
# Ratio of heating to cooling to determine stochastic cutoff: 100
# Equilibrium emission is recorded even for those grains in the stochastic regime.
# Emission spectrum was computed for: 
# Type: ISRF
# Scales: 0.25 0.5 1 1.5 2 2.5 3 3.5 4 4.5 5 5.5 6 6.5 7 7.5 8 8.5 9 9.5 10
# StochasticallyHeated: 1 1 1 1 1 1 1 1 1 1 1 1 1 1 1 1 1 1 1 1 1
# Temperature: -1
# Wavelength  CExt  CAbs  CSca  Albedo G EqEm1 StEm1 EqEm2 StEm2 EqEm3 StEm3 EqEm4 StEm4 EqEm5 StEm5 EqEm6 StEm6 EqEm7 StEm7 EqEm8 StEm8 EqEm9 StEm9 EqEm10 StEm10 EqEm11 StEm11 EqEm12 StEm12 EqEm13 StEm13 EqEm14 StEm14 EqEm15 StEm15 EqEm16 StEm16 EqEm17 StEm17 EqEm18 StEm18 EqEm19 StEm19 EqEm20 StEm20 EqEm21 StEm21
0.05 1.76341e-13 1.72132e-13 4.2081e-15 0.0238635 0.0500139 0 0 0 0 0 0 0 0 0 0 0 0 0 0 0 0 0 0 0 0 0 0 0 0 0 0 0 0 0 0 0 0 0 0 0 0 0 0 0 0 0 0
0.0525665 1.90927e-13 1.86693e-13 4.23325e-15 0.0221722 0.0449409 0 0 0 0 0 0 0 0 0 0 0 0 0 0 0 0 0 0 0 0 0 0 0 0 0 0 0 0 0 0 0 0 0 0 0 0 0 0 0 0 0 0
0.0552647 2.06957e-13 2.02691e-13 4.26662e-15 0.0206159 0.0403666 0 0 0 0 0 0 0 0 0 0 0 0 0 0 0 0 0 0 0 0 0 0 0 0 0 0 0 0 0 0 0 0 0 0 0 0 0 0 0 0 0 0
0.0581015 2.24872e-13 2.20558e-13 4.31376e-15 0.0191832 0.0362404 0 0 0 0 0 0 0 0 0 0 0 0 0 0 0 0 0 0 0 0 0 0 0 0 0 0 0 0 0 0 0 0 0 0 0 0 0 0 0 0 0 0
0.0610839 2.44808e-13 2.40431e-13 4.3767e-15 0.0178781 0.0325167 0 0 0 0 0 0 0 0 0 0 0 0 0 0 0 0 0 0 0 0 0 0 0 0 0 0 0 0 0 0 0 0 0 0 0 0 0 0 0 0 0 0
0.0642193 2.67292e-13 2.6283e-13 4.4622e-15 0.0166941 0.0291574 0 0 0 0 0 0 0 0 0 0 0 0 0 0 0 0 0 0 0 0 0 0 0 0 0 0 0 0 0 0 0 0 0 0 0 0 0 0 0 0 0 0
0.0675157 2.92898e-13 2.88321e-13 4.57658e-15 0.0156252 0.0261235 0 0 0 0 0 0 0 0 0 0 0 0 0 0 0 0 0 0 0 0 0 0 0 0 0 0 0 0 0 0 0 0 0 0 0 0 0 0 0 0 0 0
0.0709813 3.21983e-13 3.17259e-13 4.72408e-15 0.0146718 0.023382 0 0 0 0 0 0 0 0 0 0 0 0 0 0 0 0 0 0 0 0 0 0 0 0 0 0 0 0 0 0 0 0 0 0 0 0 0 0 0 0 0 0
0.0746248 3.54999e-13 3.50092e-13 4.90688e-15 0.0138222 0.0209113 0 0 0 0 0 0 0 0 0 0 0 0 0 0 0 0 0 0 0 0 0 0 0 0 0 0 0 0 0 0 0 0 0 0 0 0 0 0 0 0 0 0
0.0784553 3.868e-13 3.81797e-13 5.00342e-15 0.0129354 0.0187433 0 0 0 0 0 0 0 0 0 0 0 0 0 0 0 0 0 0 0 0 0 0 0 0 0 0 0 0 0 0 0 0 0 0 0 0 0 0 0 0 0 0
0.0824824 4.02928e-13 3.9813e-13 4.79773e-15 0.0119072 0.0169155 0 0 0 0 0 0 0 0 0 0 0 0 0 0 0 0 0 0 0 0 0 0 0 0 0 0 0 0 0 0 0 0 0 0 0 0 0 0 0 0 0 0
0.0867162 4.00724e-13 3.96372e-13 4.35235e-15 0.0108612 0.0154025 0 0 0 0 0 0 0 0 0 0 0 0 0 0 0 0 0 0 0 0 0 0 0 0 0 0 0 0 0 0 0 0 0 0 0 0 0 0 0 0 0 0
0.0911674 3.81791e-13 3.78031e-13 3.7599e-15 0.00984807 0.0141689 0 0 0 0 0 0 0 0 0 0 0 0 0 0 0 0 0 0 0 0 0 0 0 0 0 0 0 0 0 0 0 0 0 0 0 0 0 0 0 0 0 0
0.095847 3.50577e-13 3.47465e-13 3.11256e-15 0.00887838 0.0131622 0 0 0 0 0 0 0 0 0 0 0 0 0 0 0 0 0 0 0 0 0 0 0 0 0 0 0 0 0 0 0 0 0 0 0 0 0 0 0 0 0 0
0.100767 3.13102e-13 3.10607e-13 2.49464e-15 0.00796751 0.0123155 0 0 0 0 0 0 0 0 0 0 0 0 0 0 0 0 0 0 0 0 0 0 0 0 0 0 0 0 0 0 0 0 0 0 0 0 0 0 0 0 0 0
0.105939 2.74201e-13 2.72252e-13 1.94885e-15 0.00710736 0.0115591 0 0 0 0 0 0 0 0 0 0 0 0 0 0 0 0 0 0 0 0 0 0 0 0 0 0 0 0 0 0 0 0 0 0 0 0 0 0 0 0 0 0
0.111377 2.37373e-13 2.35876e-13 1.49671e-15 0.0063053 0.010838 0 0 0 0 0 0 0 0 0 0 0 0 0 0 0 0 0 0 0 0 0 0 0 0 0 0 0 0 0 0 0 0 0 0 0 0 0 0 0 0 0 0
0.117094 2.04298e-13 2.03163e-13 1.13556e-15 0.00555835 0.0101178 0 0 0 0 0 0 0 0 0 0 0 0 0 0 0 0 0 0 0 0 0 0 0 0 0 0 0 0 0 0 0 0 0 0 0 0 0 0 0 0 0 0
0.123105 1.75932e-13 1.75079e-13 8.53208e-16 0.00484965 0.00937886 0 0 0 0 0 0 0 0 0 0 0 0 0 0 0 0 0 0 0 0 0 0 0 0 0 0 0 0 0 0 0 0 0 0 0 0 0 0 0 0 0 0
0.129424 1.5217e-13 1.51532e-13 6.37869e-16 0.00419182 0.00863068 0 0 0 0 0 0 0 0 0 0 0 0 0 0 0 0 0 0 0 0 0 0 0 0 0 0 0 0 0 0 0 0 0 0 0 0 0 0 0 0 0 0
0.136067 1.32866e-13 1.32391e-13 4.74928e-16 0.00357448 0.00788268 0 0 0 0 0 0 0 0 0 0 0 0 0 0 0 0 0 0 0 0 0 0 0 0 0 0 0 0 0 0 0 0 0 0 0 0 0 0 0 0 0 0
0.143051 1.17553e-13 1.172e-13 3.52846e-16 0.0030016 0.00715232 0 0 0 0 0 0 0 0 0 0 0 0 0 0 0 0 0 0 0 0 0 0 0 0 0 0 0 0 0 0 0 0 0 0 0 0 0 0 0 0 0 0
0.150394 1.05625e-13 1.05364e-13 2.61618e-16 0.00247685 0.0064541 0 0 0 0 0 0 0 0 0 0 0 0 0 0 0 0 0 0 0 0 0 0 0 0 0 0 0 0 0 0 0 0 0 0 0 0 0 0 0 0 0 0
0.158114 9.68791e-14 9.66855e-14 1.93612e-16 0.00199849 0.00579282 0 0 0 0 0 0 0 0 0 0 0 0 0 0 0 0 0 0 0 0 0 0 0 0 0 0 0 0 0 0 0 0 0 0 0 0 0 0 0 0 0 0
0.16623 9.14085e-14 9.12649e-14 1.43606e-16 0.00157104 0.00517065 0 0 0 0 0 0 0 0 0 0 0 0 0 0 0 0 0 0 0 0 0 0 0 0 0 0 0 0 0 0 0 0 0 0 0 0 0 0 0 0 0 0
0.174762 9.01788e-14 9.00695e-14 1.09347e-16 0.00121255 0.00458777 0 0 0 0 0 0 0 0 0 0 0 0 0 0 0 0 0 0 0 0 0 0 0 0 0 0 0 0 0 0 0 0 0 0 0 0 0 0 0 0 0 0
0.183733 9.41982e-14 9.41081e-14 9.01668e-17 0.000957202 0.00405138 0 0 0 0 0 0 0 0 0 0 0 0 0 0 0 0 0 0 0 0 0 0 0 0 0 0 0 0 0 0 0 0 0 0 0 0 0 0 0 0 0 0
0.193164 1.03003e-13 1.02919e-13 8.41643e-17 0.000817104 0.00357359 0 0 0 0 0 0 0 0 0 0 0 0 0 0 0 0 0 0 0 0 0 0 0 0 0 0 0 0 0 0 0 0 0 0 0 0 0 0 0 0 0 0
0.203079 1.14038e-13 1.13951e-13 8.674e-17 0.000760624 0.00316224 0 0 0 0 0 0 0 0 0 0 0 0 0 0 0 0 0 0 0 0 0 0 0 0 0 0 0 0 0 0 0 0 0 0 0 0 0 0 0 0 0 0
0.213503 1.23585e-13 1.23494e-13 9.1579e-17 0.000741019 0.00281665 0 0 0 0 0 0 0 0 0 0 0 0 0 0 0 0 0 0 0 0 0 0 0 0 0 0 0 0 0 0 0 0 0 0 0 0 0 0 0 0 0 0
0.224463 1.28303e-13 1.28209e-13 9.3352e-17 0.000727592 0.00253366 0 0 0 0 0 0 0 0 0 0 0 0 0 0 0 0 0 0 0 0 0 0 0 0 0 0 0 0 0 0 0 0 0 0 0 0 0 0 0 0 0 0
0.235984 1.27755e-13 1.27665e-13 9.0322e-17 0.000706994 0.00230056 0 0 0 0 0 0 0 0 0 0 0 0 0 0 0 0 0 0 0 0 0 0 0 0 0 0 0 0 0 0 0 0 0 0 0 0 0 0 0 0 0 0
0.248097 1.23045e-13 1.22962e-13 8.33896e-17 0.000677717 0.00210645 0 0 0 0 0 0 0 0 0 0 0 0 0 0 0 0 0 0 0 0 0 0 0 0 0 0 0 0 0 0 0 0 0 0 0 0 0 0 0 0 0 0
0.260832 1.15713e-13 1.15639e-13 7.42369e-17 0.000641561 0.00194204 0 0 0 0 0 0 0 0 0 0 0 0 0 0 0 0 0 0 0 0 0 0 0 0 0 0 0 0 0 0 0 0 0 0 0 0 0 0 0 0 0 0
0.274221 1.07226e-13 1.07161e-13 6.46113e-17 0.000602572 0.00179912 0 0 0 0 0 0 0 0 0 0 0 0 0 0 0 0 0 0 0 0 0 0 0 0 0 0 0 0 0 0 0 0 0 0 0 0 0 0 0 0 0 0
0.288297 9.82326e-14 9.81773e-14 5.52698e-17 0.000562642 0.00167376 0 0 0 0 0 0 0 0 0 0 0 0 0 0 0 0 0 0 0 0 0 0 0 0 0 0 0 0 0 0 0 0 0 0 0 0 0 0 0 0 0 0
0.303095 8.91661e-14 8.91195e-14 4.66605e-17 0.000523299 0.00156308 0 0 0 0 0 0 0 0 0 0 0 0 0 0 0 0 0 0 0 0 0 0 0 0 0 0 0 0 0 0 0 0 0 0 0 0 0 0 0 0 0 0
0.318653 8.02469e-14 8.02079e-14 3.89684e-17 0.000485607 0.00146486 0 0 0 0 0 0 0 0 0 0 0 0 0 0 0 0 0 0 0 0 0 0 0 0 0 0 0 0 0 0 0 0 0 0 0 0 0 0 0 0 0 0
0.335009 7.11631e-14 7.11312e-14 3.18889e-17 0.00044811 0.00137948 0 0 0 0 0 0 0 0 0 0 0 0 0 0 0 0 0 0 0 0 0 0 0 0 0 0 0 0 0 0 0 0 0 0 0 0 0 0 0 0 0 0
0.352205 6.37017e-14 6.36759e-14 2.5824e-17 0.00040539 0.00128805 0 0 0 0 0 0 0 0 0 0 0 0 0 0 0 0 0 0 0 0 0 0 0 0 0 0 0 0 0 0 0 0 0 0 0 0 0 0 0 0 0 0
0.370284 5.76004e-14 5.75794e-14 2.09979e-17 0.000364545 0.00119554 0 0 0 0 0 0 0 0 0 0 0 0 0 0 0 0 0 0 0 0 0 0 0 0 0 0 0 0 0 0 0 0 0 0 0 0 0 0 0 0 0 0
0.389291 5.24201e-14 5.24029e-14 1.71341e-17 0.000326861 0.00110575 0 0 0 0 0 0 0 0 0 0 0 0 0 0 0 0 0 0 0 0 0 0 0 0 0 0 0 0 0 0 0 0 0 0 0 0 0 0 0 0 0 0
0.409273 4.79231e-14 4.79091e-14 1.40221e-17 0.000292596 0.00102031 0 0 0 0 0 0 0 0 0 0 0 0 0 0 0 0 0 0 0 0 0 0 0 0 0 0 0 0 0 0 0 0 0 0 0 0 0 0 0 0 0 0
0.430281 4.39539e-14 4.39424e-14 1.15018e-17 0.000261679 0.00094002 0 0 0 0 0 0 0 0 0 0 0 0 0 0 0 0 0 0 0 0 0 0 0 0 0 0 0 0 0 0 0 0 0 0 0 0 0 0 0 0 0 0
0.452368 4.04008e-14 4.03913e-14 9.45162e-18 0.000233946 0.000865207 0 0 0 0 0 0 0 0 0 0 0 0 0 0 0 0 0 0 0 0 0 0 0 0 0 0 0 0 0 0 0 0 0 0 0 0 0 0 0 0 0 0
0.475588 3.72045e-14 3.71968e-14 7.7771e-18 0.000209036 0.000795695 0 0 0 0 0 0 0 0 0 0 0 0 0 0 0 0 0 0 0 0 0 0 0 0 0 0 0 0 0 0 0 0 0 0 0 0 0 0 0 0 0 0
0.5 3.42991e-14 3.42927e-14 6.40651e-18 0.000186784 0.000731426 0 0 0 0 0 0 0 0 0 0 0 0 0 0 0 0 0 0 0 0 0 0 0 0 0 0 0 0 0 0 0 0 0 0 0 0 0 0 0 0 0 0
0.525665 3.16495e-14 3.16442e-14 5.28218e-18 0.000166896 0.000672109 0 0 0 0 0 0 0 0 0 0 0 0 0 0 0 0 0 0 0 0 0 0 0 0 0 0 0 0 0 0 0 0 0 0 0 0 0 0 0 0 0 0
0.552648 2.92265e-14 2.92222e-14 4.35728e-18 0.000149086 0.000617362 0 0 0 0 0 0 0 0 0 0 0 0 0 0 0 0 0 0 0 0 0 0 0 0 0 0 0 0 0 0 0 0 0 0 0 0 0 0 0 0 0 0
0.581015 2.70017e-14 2.69981e-14 3.59552e-18 0.000133159 0.000566917 0 0 0 0 0 0 0 0 0 0 0 0 0 0 0 0 0 0 0 0 0 0 0 0 0 0 0 0 0 0 0 0 0 0 0 0 0 0 0 0 0 0
0.610839 2.4958e-14 2.4955e-14 2.96752e-18 0.000118901 0.000520434 0 0 0 0 0 0 0 0 0 0 0 0 0 0 0 0 0 0 0 0 0 0 0 0 0 0 0 0 0 0 0 0 0 0 0 0 0 0 0 0 0 0
0.642193 2.30778e-14 2.30753e-14 2.44951e-18 0.000106141 0.000477638 0 0 0 0 0 0 0 0 0 0 0 0 0 0 0 0 0 0 0 0 0 0 0 0 0 0 0 0 0 0 0 0 0 0 0 0 0 0 0 0 0 0
0.675157 2.13468e-14 2.13448e-14 2.02207e-18 9.47247e-05 0.000438243 0 0 0 0 0 0 0 0 0 0 0 0 0 0 0 0 0 0 0 0 0 0 0 0 0 0 0 0 0 0 0 0 0 0 0 0 0 0 0 0 0 0
0.709813 1.97528e-14 1.97512e-14 1.6692e-18 8.45043e-05 0.000401984 0 0 0 0 0 0 0 0 0 0 0 0 0 0 0 0 0 0 0 0 0 0 0 0 0 0 0 0 0 0 0 0 0 0 0 0 0 0 0 0 0 0
0.746248 1.82834e-14 1.8282e-14 1.37795e-18 7.53664e-05 0.000368642 0 0 0 0 0 0 0 0 0 0 0 0 0 0 0 0 0 0 0 0 0 0 0 0 0 0 0 0 0 0 0 0 0 0 0 0 0 0 0 0 0 0
0.784553 1.69284e-14 1.69273e-14 1.13749e-18 6.71939e-05 0.000337978 0 0 0 0 0 0 0 0 0 0 0 0 0 0 0 0 0 0 0 0 0 0 0 0 0 0 0 0 0 0 0 0 0 0 0 0 0 0 0 0 0 0
0.824824 1.5678e-14 1.56771e-14 9.38914e-19 5.98873e-05 0.000309797 0 0 0 0 0 0 0 0 0 0 0 0 0 0 0 0 0 0 0 0 0 0 0 0 0 0 0 0 0 0 0 0 0 0 0 0 0 0 0 0 0 0
0.867162 1.45245e-14 1.45237e-14 7.7498e-19 5.33567e-05 0.000283891 0 0 0 0 0 0 0 0 0 0 0 0 0 0 0 0 0 0 0 0 0 0 0 0 0 0 0 0 0 0 0 0 0 0 0 0 0 0 0 0 0 0
0.911674 1.34592e-14 1.34586e-14 6.39603e-19 4.75216e-05 0.000260096 0 0 0 0 0 0 0 0 0 0 0 0 0 0 0 0 0 0 0 0 0 0 0 0 0 0 0 0 0 0 0 0 0 0 0 0 0 0 0 0 0 0
0.95847 1.24748e-14 1.24743e-14 5.27837e-19 4.23122e-05 0.00023826 0 0 0 0 0 0 0 0 0 0 0 0 0 0 0 0 0 0 0 0 0 0 0 0 0 0 0 0 0 0 0 0 0 0 0 0 0 0 0 0 0 0
1.00767 1.15669e-14 1.15665e-14 4.35638e-19 3.76623e-05 0.000218201 0 0 0 0 0 0 0 0 0 0 0 0 0 0 0 0 0 0 0 0 0 0 0 0 0 0 0 0 0 0 0 0 0 0 0 0 0 0 0 0 0 0
1.05939 1.0727e-14 1.07267e-14 3.59566e-19 3.35196e-05 0.000199811 0 0 0 0 0 0 0 0 0 0 0 0 0 0 0 0 0 0 0 0 0 0 0 0 0 0 0 0 0 0 0 0 0 0 0 0 0 0 0 0 0 0
1.11377 9.95018e-15 9.94989e-15 2.96756e-19 2.98242e-05 0.000182934 0 0 0 0 0 0 0 0 0 0 0 0 0 0 0 0 0 0 0 0 0 0 0 0 0 0 0 0 0 0 0 0 0 0 0 0 0 0 0 0 0 0
1.17094 9.23223e-15 9.23198e-15 2.44885e-19 2.6525e-05 0.000167441 0 0 0 0 0 0 0 0 0 0 0 0 0 0 0 0 0 0 0 0 0 0 0 0 0 0 0 0 0 0 0 0 0 0 0 0 0 0 0 0 0 0
1.23105 8.5677e-15 8.5675e-15 2.02059e-19 2.35839e-05 0.000153244 0 0 0 0 0 0 0 0 0 0 0 0 0 0 0 0 0 0 0 0 0 0 0 0 0 0 0 0 0 0 0 0 0 0 0 0 0 0 0 0 0 0
1.29424 7.95294e-15 7.95277e-15 1.66706e-19 2.09615e-05 0.000140214 0 0 0 0 0 0 0 0 0 0 0 0 0 0 0 0 0 0 0 0 0 0 0 0 0 0 0 0 0 0 0 0 0 0 0 0 0 0 0 0 0 0
1.36067 7.38344e-15 7.3833e-15 1.37522e-19 1.86257e-05 0.000128276 0 0 0 0 0 0 0 0 0 0 0 0 0 0 0 0 0 0 0 0 0 0 0 0 0 0 0 0 0 0 0 0 0 0 0 0 0 0 0 0 0 0
1.43051 6.85592e-15 6.85581e-15 1.13432e-19 1.65451e-05 0.000117339 0 0 0 0 0 0 0 0 0 0 0 0 0 0 0 0 0 0 0 0 0 0 0 0 0 0 0 0 0 0 0 0 0 0 0 0 0 0 0 0 0 0
1.50394 6.3678e-15 6.36771e-15 9.35491e-20 1.4691e-05 0.000107308 0 0 0 0 0 0 0 0 0 0 0 0 0 0 0 0 0 0 0 0 0 0 0 0 0 0 0 0 0 0 0 0 0 0 0 0 0 0 0 0 0 0
1.58114 5.91514e-15 5.91506e-15 7.71444e-20 1.30418e-05 9.81234e-05 0 0 0 0 0 0 0 0 0 0 0 0 0 0 0 0 0 0 0 0 0 0 0 1.4013e-45 0 1.4013e-45 0 1.4013e-45 0 1.4013e-45 0 2.8026e-45 0 2.8026e-45 0 2.8026e-45 0 4.2039e-45 0 5.60519e-45 0 5.60519e-45
1.6623 5.49586e-15 5.49579e-15 6.36062e-20 1.15735e-05 8.97084e-05 0 0 0 0 0 0 0 1.4013e-45 0 1.4013e-45 0 2.8026e-45 0 5.60519e-45 0 8.40779e-45 0 1.26117e-44 0 1.68156e-44 0 2.24208e-44 0 3.08286e-44 0 3.92364e-44 0 5.1848e-44 0 6.44597e-44 0 7.9874e-44 0 9.80909e-44 0 1.1911e-43 0 1.42932e-43 0 1.70958e-43 0 2.03188e-43
1.74763 5.107e-15 5.10695e-15 5.2437e-20 1.02677e-05 8.20039e-05 0 0 0 2.8026e-45 0 1.12104e-44 0 2.94273e-44 0 6.02558e-44 0 1.079e-43 0 1.75162e-43 0 2.67648e-43 0 3.8816e-43 0 5.395e-43 0 7.32879e-43 0 9.65495e-43 0 1.24575e-42 0 1.58627e-42 0 1.98003e-42 0 2.43686e-42 0 2.98056e-42 0 3.59153e-42 0 4.28517e-42 0 5.09512e-42 0 5.98495e-42
1.83733 4.74671e-15 4.74666e-15 4.32234e-20 9.10598e-06 7.49479e-05 0 1.68156e-44 0 7.28675e-44 0 3.44719e-43 0 8.9543e-43 0 1.81328e-42 0 3.18375e-42 0 5.08391e-42 0 7.64548e-42 0 1.09287e-41 0 1.50556e-41 0 2.02025e-41 0 2.63808e-41 0 3.37545e-41 0 4.25981e-41 0 5.28023e-41 0 6.46055e-41 0 7.84167e-41 0 9.3929e-41 0 1.11506e-40 0 1.31691e-40 0 1.53968e-40
1.93164 4.41254e-15 4.41251e-15 3.56242e-20 8.07339e-06 6.8489e-05 0 4.77843e-43 0 2.0487e-42 0 9.41813e-42 0 2.38221e-41 0 4.71579e-41 0 8.13216e-41 0 1.28018e-40 0 1.89865e-40 0 2.68356e-40 0 3.65962e-40 0 4.85993e-40 0 6.29306e-40 0 7.99012e-40 0 9.99951e-40 0 1.23118e-39 0 1.49703e-39 0 1.80432e-39 0 2.1493e-39 0 2.53816e-39 0 2.9797e-39 0 3.46722e-39
2.03079 4.10259e-15 4.10256e-15 2.93652e-20 7.15773e-06 6.25827e-05 0 1.17247e-41 0 4.9386e-41 0 2.20611e-40 0 5.46668e-40 0 1.0632e-39 0 1.80577e-39 0 2.80752e-39 0 4.11409e-39 0 5.75627e-39 0 7.77808e-39 0 1.02345e-38 0 1.31491e-38 0 1.65747e-38 0 2.05877e-38 0 2.51877e-38 0 3.04449e-38 0 3.64615e-38 0 4.32021e-38 0 5.07616e-38 0 5.92675e-38 0 6.86487e-38
2.13503 3.81546e-15 3.81544e-15 2.42042e-20 6.34371e-06 5.7178e-05 0 2.47237e-40 0 1.02317e-39 0 4.46231e-39 0 1.0873e-38 0 2.08421e-38 0 3.4954e-38 0 5.37669e-38 0 7.79864e-38 0 1.08148e-37 0 1.44944e-37 0 1.8919e-37 0 2.41354e-37 0 3.02233e-37 0 3.72909e-37 0 4.53566e-37 0 5.45217e-37 0 6.49257e-37 0 7.6546e-37 0 8.95147e-37 0 1.04e-36 0 1.19941e-36
2.24463 3.54882e-15 3.5488e-15 1.99484e-20 5.62115e-06 5.22331e-05 0 4.54232e-39 0 1.83964e-38 0 7.84539e-38 0 1.88388e-37 0 3.5671e-37 0 5.91872e-37 0 9.02077e-37 0 1.29704e-36 0 1.78476e-36 0 2.37488e-36 0 3.07823e-36 0 3.90231e-36 0 4.85784e-36 0 5.9587e-36 0 7.20923e-36 0 8.62259e-36 0 1.02161e-35 0 1.19897e-35 0 1.396e-35 0 1.61474e-35 0 1.85478e-35
2.35984 3.30134e-15 3.30133e-15 1.64383e-20 4.97929e-06 4.77086e-05 0 7.37994e-38 0 2.90284e-37 0 1.20847e-36 0 2.86175e-36 0 5.35928e-36 0 8.80918e-36 0 1.33173e-35 0 1.9003e-35 0 2.59706e-35 0 3.4339e-35 0 4.42379e-35 0 5.57684e-35 0 6.90593e-35 0 8.42719e-35 0 1.01474e-34 0 1.2082e-34 0 1.42506e-34 0 1.66556e-34 0 1.93158e-34 0 2.22541e-34 0 2.54686e-34
2.48097 3.07167e-15 3.07166e-15 1.35443e-20 4.40943e-06 4.35704e-05 0 1.07751e-36 0 4.07023e-36 0 1.64581e-35 0 3.84019e-35 0 7.1145e-35 0 1.15915e-34 0 1.73921e-34 0 2.46474e-34 0 3.34769e-34 0 4.40117e-34 0 5.63912e-34 0 7.07332e-34 0 8.71765e-34 0 1.05891e-33 0 1.26962e-33 0 1.50551e-33 0 1.76862e-33 0 2.05935e-33 0 2.3797e-33 0 2.73195e-33 0 3.11614e-33
2.60832 2.85843e-15 2.85842e-15 1.11583e-20 3.90366e-06 3.97853e-05 0 1.43584e-35 0 5.13894e-35 0 2.00181e-34 0 4.59093e-34 0 8.40748e-34 0 1.35757e-33 0 2.02182e-33 0 2.84644e-33 0 3.84355e-33 0 5.02609e-33 0 6.40753e-33 0 7.99996e-33 0 9.81681e-33 0 1.18743e-32 0 1.41813e-32 0 1.67534e-32 0 1.96097e-32 0 2.2755e-32 0 2.62082e-32 0 2.99906e-32 0 3.41035e-32
2.74221 2.66051e-15 2.6605e-15 9.19091e-21 3.45457e-06 3.63234e-05 0 1.76747e-34 0 5.91825e-34 0 2.19816e-33 0 4.93544e-33 0 8.91827e-33 0 1.42592e-32 0 2.10693e-32 0 2.94633e-32 0 3.95511e-32 0 5.14471e-32 0 6.52693e-32 0 8.11272e-32 0 9.91379e-32 0 1.19442e-31 0 1.4212e-31 0 1.67307e-31 0 1.95168e-31 0 2.25747e-31 0 2.59206e-31 0 2.95727e-31 0 3.35327e-31
2.88297 2.47671e-15 2.4767e-15 7.56969e-21 3.05635e-06 3.3158e-05 0 2.02168e-33 0 6.28277e-33 0 2.20209e-32 0 4.81675e-32 0 8.56557e-32 0 1.35401e-31 0 1.98304e-31 0 2.75287e-31 0 3.67237e-31 0 4.75072e-31 0 5.99721e-31 0 7.42072e-31 0 9.03051e-31 0 1.08376e-30 0 1.28486e-30 0 1.50738e-30 0 1.75264e-30 0 2.02097e-30 0 2.31366e-30 0 2.63211e-30 0 2.97646e-30
3.03095 2.30589e-15 2.30589e-15 6.22987e-21 2.70172e-06 3.02583e-05 0 2.14727e-32 0 6.18734e-32 0 2.03073e-31 0 4.30584e-31 0 7.51238e-31 0 1.17173e-30 0 1.69867e-30 0 2.33871e-30 0 3.09834e-30 0 3.98418e-30 0 5.0029e-30 0 6.16096e-30 0 7.46498e-30 0 8.92288e-30 0 1.05393e-29 0 1.23217e-29 0 1.42793e-29 0 1.64147e-29 0 1.87368e-29 0 2.12557e-29 0 2.3972e-29
3.18653 2.14893e-15 2.14892e-15 5.12907e-21 2.3868e-06 2.76073e-05 0 2.10867e-31 0 5.66643e-31 0 1.73632e-30 0 3.5549e-30 0 6.06749e-30 0 9.31837e-30 0 1.33512e-29 0 1.82097e-29 0 2.39367e-29 0 3.05756e-29 0 3.817e-29 0 4.67623e-29 0 5.63956e-29 0 6.71218e-29 0 7.89701e-29 0 9.19897e-29 0 1.06241e-28 0 1.21738e-28 0 1.38541e-28 0 1.56714e-28 0 1.76261e-28
3.35009 2.00317e-15 2.00317e-15 4.22421e-21 2.10876e-06 2.5195e-05 0 1.90094e-30 0 4.81164e-30 0 1.37966e-29 0 2.72243e-29 0 4.53631e-29 0 6.84779e-29 0 9.68298e-29 0 1.3068e-28 0 1.70285e-28 0 2.15903e-28 0 2.67793e-28 0 3.26209e-28 0 3.91406e-28 0 4.63695e-28 0 5.43243e-28 0 6.30342e-28 0 7.25357e-28 0 8.28359e-28 0 9.397e-28 0 1.05978e-27 0 1.18859e-27
3.52205 1.86402e-15 1.86402e-15 3.48334e-21 1.86872e-06 2.30237e-05 0 1.56153e-29 0 3.76543e-29 0 1.01677e-28 0 1.93475e-28 0 3.14484e-28 0 4.66134e-28 0 6.49841e-28 0 8.67018e-28 0 1.11906e-27 0 1.40737e-27 0 1.73334e-27 0 2.09836e-27 0 2.50379e-27 0 2.95136e-27 0 3.4419e-27 0 3.97703e-27 0 4.55874e-27 0 5.18734e-27 0 5.86475e-27 0 6.59318e-27 0 7.37245e-27
3.70284 1.73332e-15 1.73332e-15 2.86454e-21 1.65263e-06 2.09942e-05 0 1.16627e-28 0 2.70766e-28 0 6.94462e-28 0 1.27757e-27 0 2.02698e-27 0 2.94967e-27 0 4.05259e-27 0 5.34272e-27 0 6.82693e-27 0 8.51218e-27 0 1.04053e-26 0 1.25133e-26 0 1.48428e-26 0 1.74025e-26 0 2.01962e-26 0 2.32321e-26 0 2.65202e-26 0 3.00615e-26 0 3.38658e-26 0 3.79442e-26 0 4.22953e-26
3.89291 1.61529e-15 1.61529e-15 2.35736e-21 1.45941e-06 1.9148e-05 0 7.93401e-28 0 1.78922e-27 0 4.39805e-27 0 7.85236e-27 0 1.21817e-26 0 1.7417e-26 0 2.35892e-26 0 3.07296e-26 0 3.88693e-26 0 4.80398e-26 0 5.82723e-26 0 6.95979e-26 0 8.20473e-26 0 9.56607e-26 0 1.10454e-25 0 1.26465e-25 0 1.4374e-25 0 1.62281e-25 0 1.82134e-25 0 2.03352e-25 0 2.25923e-25
4.09273 1.50554e-15 1.50554e-15 1.94006e-21 1.28862e-06 1.74631e-05 0 4.90949e-27 0 1.08295e-26 0 2.57229e-26 0 4.47654e-26 0 6.80691e-26 0 9.57562e-26 0 1.27952e-25 0 1.64784e-25 0 2.06381e-25 0 2.52873e-25 0 3.04389e-25 0 3.61059e-25 0 4.2301e-25 0 4.90416e-25 0 5.63334e-25 0 6.41921e-25 0 7.26389e-25 0 8.16722e-25 0 9.13122e-25 0 1.01582e-24 0 1.12475e-24
4.30281 1.40346e-15 1.40346e-15 1.59634e-21 1.13743e-06 1.59248e-05 0 2.76846e-26 0 6.00482e-26 0 1.38791e-25 0 2.36426e-25 0 3.53319e-25 0 4.89901e-25 0 6.46627e-25 0 8.2397e-25 0 1.02241e-24 0 1.24244e-24 0 1.48455e-24 0 1.74923e-24 0 2.03697e-24 0 2.34847e-24 0 2.68389e-24 0 3.04387e-24 0 3.42925e-24 1.4013e-45 3.8399e-24 4.2039e-45 4.27663e-24 1.12104e-44 4.74039e-24 2.8026e-44 5.23079e-24
4.52368 1.30862e-15 1.30862e-15 1.31349e-21 1.00372e-06 1.452e-05 0 1.42655e-25 0 3.05457e-25 0 6.90888e-25 0 1.15635e-24 0 1.7028e-24 0 2.33155e-24 0 3.04408e-24 0 3.84197e-24 0 4.72683e-24 0 5.70038e-24 0 6.76431e-24 0 7.92036e-24 0 9.17022e-24 1.4013e-45 1.05165e-23 4.2039e-45 1.19595e-23 1.4013e-44 1.35016e-23 4.34403e-44 1.5146e-23 1.21913e-43 1.68918e-23 3.26503e-43 1.87422e-23 8.35174e-43 2.07008e-23 1.97723e-42 2.27656e-23
4.75588 1.22052e-15 1.22052e-15 1.08049e-21 8.85274e-07 1.32364e-05 0 6.7384e-25 0 1.4285e-24 0 3.17588e-24 0 5.23934e-24 0 7.62043e-24 0 1.03225e-23 0 1.33497e-23 0 1.67066e-23 0 2.03983e-23 0 2.44301e-23 1.4013e-45 2.88073e-23 4.2039e-45 3.35356e-23 2.10195e-44 3.86202e-23 8.54792e-44 4.40702e-23 3.11088e-43 4.98857e-23 9.90718e-43 5.60747e-23 2.89508e-42 6.2649e-23 7.78982e-42 6.96035e-23 1.99279e-41 7.69496e-23 4.86152e-41 8.47002e-23 1.10326e-40 9.28469e-23
5 1.13876e-15 1.13876e-15 8.88777e-22 7.80479e-07 1.20644e-05 0 2.92784e-24 0 6.15841e-24 0 1.35042e-23 0 2.20165e-23 0 3.16933e-23 0 4.25403e-23 0 5.45672e-23 0 6.77859e-23 1.4013e-45 8.22098e-23 9.80909e-45 9.7854e-23 6.5861e-44 1.14734e-22 3.40516e-43 1.32865e-22 1.46436e-42 1.52264e-22 5.49029e-42 1.7296e-22 1.86695e-41 1.94948e-22 5.63126e-41 2.18255e-22 1.56182e-40 2.4292e-22 4.00295e-40 2.68921e-22 9.78216e-40 2.96295e-22 2.28471e-39 3.25086e-22 4.98142e-39 3.55261e-22
5.25665 1.06318e-15 1.06318e-15 7.30883e-22 6.8745e-07 1.09922e-05 0 1.17463e-23 0 2.45535e-23 0 5.32458e-23 0 8.59696e-23 0 1.22693e-22 0 1.63415e-22 0 2.0815e-22 9.80909e-45 2.56924e-22 9.94922e-44 3.09767e-22 7.31478e-43 3.66717e-22 4.21651e-42 4.27812e-22 2.00876e-41 4.93096e-22 8.04499e-41 5.6261e-22 2.82768e-40 6.36442e-22 9.05704e-40 7.14566e-22 2.58852e-39 7.97059e-22 6.8304e-39 8.84045e-22 1.67202e-38 9.75437e-22 3.91155e-38 1.07135e-21 8.76513e-38 1.17193e-21 1.83973e-37 1.27704e-21
5.52648 9.93789e-16 9.93789e-16 6.00825e-22 6.0458e-07 1.00107e-05 0 4.36871e-23 0 9.08617e-23 0 1.95259e-22 0 3.12737e-22 0 4.43115e-22 1.4013e-45 5.86331e-22 4.90454e-44 7.42377e-22 6.62814e-43 9.11285e-22 6.1461e-42 1.09311e-21 4.10048e-41 1.28793e-21 2.16851e-40 1.49583e-21 9.57151e-40 1.71692e-21 3.58225e-39 1.95128e-21 1.18415e-38 2.19918e-21 3.58327e-38 2.46048e-21 9.72922e-38 2.73541e-21 2.44849e-37 3.02433e-21 5.73734e-37 3.32693e-21 1.28765e-36 3.64356e-21 2.77395e-36 3.97462e-21 5.61529e-36 4.31969e-21
5.81015 9.32111e-16 9.32111e-16 4.93602e-22 5.29553e-07 9.10688e-06 0 1.51486e-22 0 3.13769e-22 0 6.69249e-22 0 1.06474e-21 2.8026e-45 1.49949e-21 1.44334e-43 1.97311e-21 3.10948e-42 2.48544e-21 3.68724e-41 3.03644e-21 3.06538e-40 3.62615e-21 1.86423e-39 4.25469e-21 9.08903e-39 4.92223e-21 3.73124e-38 5.62896e-21 1.30931e-37 6.37507e-21 4.08265e-37 7.16124e-21 1.17041e-36 7.987e-21 3.02661e-36 8.85292e-21 7.28127e-36 9.76001e-21 1.63668e-35 1.07073e-20 3.53109e-35 1.16956e-20 7.32718e-35 1.27263e-20 1.43303e-34 1.37978e-20
6.10839 8.94916e-16 8.94915e-16 4.05372e-22 4.52972e-07 8.25484e-06 0 5.01262e-22 0 1.03471e-21 0 2.19322e-21 1.4013e-45 3.46969e-21 2.21405e-43 4.86127e-21 8.72448e-42 6.36641e-21 1.61599e-40 7.9842e-21 1.69862e-39 9.71415e-21 1.27342e-38 1.15561e-20 7.09104e-38 1.351e-20 3.19989e-37 1.55761e-20 1.2261e-36 1.77548e-20 4.04667e-36 2.00462e-20 1.19366e-35 2.24522e-20 3.25047e-35 2.49711e-20 8.02451e-35 2.76043e-20 1.8495e-34 3.03546e-20 3.99611e-34 3.32188e-20 8.30383e-34 3.61994e-20 1.66275e-33 3.92998e-20 3.1472e-33 4.25155e-20
6.42193 8.15929e-16 8.15929e-16 3.36903e-22 4.12908e-07 7.62642e-06 0 1.4732e-21 0 3.03226e-21 0 6.39351e-21 1.079e-43 1.00663e-20 1.22936e-41 1.40416e-20 4.03722e-40 1.83143e-20 6.48476e-39 2.28809e-20 6.0767e-38 2.77394e-20 4.12886e-37 3.28884e-20 2.11425e-36 3.83273e-20 8.86402e-36 4.40559e-20 3.18081e-35 5.00744e-20 9.90354e-35 5.63829e-20 2.77101e-34 6.29854e-20 7.18555e-34 6.98771e-20 1.69735e-33 7.70611e-20 3.7558e-33 8.45442e-20 7.81535e-33 9.23173e-20 1.56704e-32 1.00387e-19 3.03325e-32 1.08761e-19 5.56513e-32 1.17427e-19
6.75157 7.57629e-16 7.57629e-16 2.75587e-22 3.63749e-07 6.91788e-06 0 4.13706e-21 0 8.49449e-21 7.00649e-45 1.78302e-20 6.18253e-42 2.7958e-20 5.60295e-40 3.88517e-20 1.55162e-38 5.04956e-20 2.17633e-37 6.28785e-20 1.82832e-36 7.59934e-20 1.13132e-35 8.98349e-20 5.3491e-35 1.044e-19 2.09104e-34 1.19686e-19 7.04979e-34 1.35693e-19 2.07657e-33 1.52419e-19 5.52558e-33 1.69873e-19 1.36771e-32 1.88042e-19 3.09798e-32 2.06932e-19 6.59432e-32 2.26559e-19 1.32397e-31 2.469e-19 2.56601e-31 2.67968e-19 4.8093e-31 2.89783e-19 8.56606e-31 3.12315e-19
7.09813 7.16766e-16 7.16765e-16 2.26059e-22 3.15387e-07 6.27648e-06 0 1.11391e-20 0 2.28236e-20 4.62428e-43 4.77224e-20 2.92251e-40 7.45647e-20 2.12524e-38 1.03279e-19 5.00445e-37 1.33821e-19 6.17016e-36 1.66159e-19 4.67191e-35 2.0027e-19 2.64473e-34 2.36137e-19 1.15914e-33 2.73749e-19 4.23945e-33 3.13098e-19 1.34696e-32 3.54178e-19 3.76372e-32 3.96983e-19 9.54765e-32 4.41533e-19 2.26098e-31 4.87789e-19 4.92089e-31 5.35768e-19 1.00952e-30 5.85504e-19 1.95904e-30 6.36937e-19 3.67616e-30 6.901e-19 6.68185e-30 7.45038e-19 1.15706e-29 8.01672e-19
7.46248 6.99675e-16 6.99674e-16 1.85811e-22 2.65568e-07 5.68305e-06 0 2.92057e-20 0 5.97326e-20 2.52444e-41 1.24477e-19 1.16322e-38 1.93893e-19 6.86156e-37 2.67793e-19 1.3848e-35 3.46056e-19 1.5103e-34 4.28595e-19 1.03594e-33 5.15347e-19 5.38844e-33 6.06263e-19 2.19727e-32 7.01308e-19 7.54331e-32 8.00454e-19 2.26513e-31 9.0368e-19 6.01962e-31 1.01097e-18 1.45918e-30 1.12235e-18 3.31306e-30 1.23774e-18 6.94204e-30 1.35717e-18 1.37506e-29 1.48071e-18 2.58341e-29 1.60821e-18 4.70108e-29 1.73975e-18 8.29908e-29 1.87543e-18 1.39909e-28 2.01506e-18
7.84553 6.61573e-16 6.61573e-16 1.55956e-22 2.35735e-07 5.28147e-06 0 7.0196e-20 1.68156e-44 1.43339e-19 1.0823e-39 2.97828e-19 3.69661e-37 4.62663e-19 1.78693e-35 6.37396e-19 3.11428e-34 8.21735e-19 3.02253e-33 1.01546e-18 1.88718e-32 1.21843e-18 9.05683e-32 1.43049e-18 3.44821e-31 1.65158e-18 1.1146e-30 1.88159e-18 3.17201e-30 2.12049e-18 8.03684e-30 2.36821e-18 1.86574e-29 2.62482e-18 4.0699e-29 2.8901e-18 8.22538e-29 3.16412e-18 1.57579e-28 3.44703e-18 2.87077e-28 3.73848e-18 5.0735e-28 4.03865e-18 8.71142e-28 4.34772e-18 1.43163e-27 4.66529e-18
8.24824 5.74339e-16 5.74339e-16 1.27364e-22 2.21758e-07 4.82549e-06 0 1.46987e-19 9.24857e-43 2.99724e-19 3.49348e-38 6.21149e-19 8.97466e-36 9.62633e-19 3.58995e-34 1.32325e-18 5.44171e-33 1.70238e-18 4.7267e-32 2.09958e-18 2.69875e-31 2.5145e-18 1.19969e-30 2.94687e-18 4.27897e-30 3.39649e-18 1.30613e-29 3.86317e-18 3.53204e-29 4.34679e-18 8.55193e-29 4.8472e-18 1.90534e-28 5.36455e-18 4.00098e-28 5.89836e-18 7.81302e-28 6.44872e-18 1.45003e-27 7.01596e-18 2.56541e-27 7.59937e-18 4.40953e-27 8.19924e-18 7.37412e-27 8.81595e-18 1.18282e-26 9.44867e-18
8.67162 5.42649e-16 5.42649e-16 1.05101e-22 1.93681e-07 4.40849e-06 0 3.1865e-19 4.50153e-41 6.4896e-19 1.01613e-36 1.34182e-18 1.99093e-34 2.07511e-18 6.65128e-33 2.84686e-18 8.82894e-32 3.65574e-18 6.90072e-31 4.50078e-18 3.61876e-30 5.38123e-18 1.49566e-29 6.29648e-18 5.01346e-29 7.24607e-18 1.44918e-28 8.2296e-18 3.73309e-28 9.24674e-18 8.65677e-28 1.02972e-17 1.85472e-27 1.13812e-17 3.75613e-27 1.24978e-17 7.0991e-27 1.36471e-17 1.27835e-26 1.48297e-17 2.19954e-26 1.60441e-17 3.68198e-26 1.7291e-17 6.00477e-26 1.85711e-17 9.41209e-26 1.98826e-17
9.11674 4.89047e-16 4.89047e-16 8.59645e-23 1.75779e-07 4.01056e-06 3.08286e-44 6.28339e-19 1.70263e-39 1.27825e-18 2.35584e-35 2.63757e-18 3.56732e-33 4.07131e-18 1.00414e-31 5.57564e-18 1.17481e-30 7.14803e-18 8.30524e-30 8.78652e-18 4.0168e-29 1.04897e-17 1.54905e-28 1.22562e-17 4.89466e-28 1.40853e-17 1.34338e-27 1.59761e-17 3.30432e-27 1.79279e-17 7.35419e-27 1.99401e-17 1.5181e-26 2.20131e-17 2.9703e-26 2.4145e-17 5.44207e-26 2.63361e-17 9.52221e-26 2.85873e-17 1.59556e-25 3.0896e-17 2.60459e-25 3.32631e-17 4.14747e-25 3.569e-17 6.35979e-25 3.81735e-17
9.5847 4.56076e-16 4.56076e-16 7.04892e-23 1.54556e-07 3.64371e-06 1.7278e-42 1.22546e-18 5.48515e-38 2.49052e-18 4.76468e-34 5.12959e-18 5.64655e-32 7.90463e-18 1.35041e-30 1.08084e-17 1.40116e-29 1.38359e-17 9.00331e-29 1.69835e-17 4.03189e-28 2.02484e-17 1.4557e-27 2.36281e-17 4.34846e-27 2.71209e-17 1.13607e-26 3.07251e-17 2.67425e-26 3.44395e-17 5.72389e-26 3.82628e-17 1.14048e-25 4.21954e-17 2.15951e-25 4.62341e-17 3.84133e-25 5.0379e-17 6.54021e-25 5.4632e-17 1.06862e-24 5.89881e-17 1.70317e-24 6.34489e-17 2.65116e-24 6.80168e-17 3.98136e-24 7.26859e-17
10.0767 4.26137e-16 4.26137e-16 5.78661e-23 1.35792e-07 3.31363e-06 7.68472e-41 2.29382e-18 1.47118e-36 4.65762e-18 8.20729e-33 9.57733e-18 7.70373e-31 1.47363e-17 1.57787e-29 2.01212e-17 1.46044e-28 2.57231e-17 8.56949e-28 3.15352e-17 3.56674e-27 3.75522e-17 1.20952e-26 4.37697e-17 3.42509e-26 5.01843e-17 8.53843e-26 5.6793e-17 1.92763e-25 6.35933e-17 3.97536e-25 7.05828e-17 7.65869e-25 7.77623e-17 1.40568e-24 8.51256e-17 2.43108e-24 9.26732e-17 4.03298e-24 1.00408e-16 6.43348e-24 1.08321e-16 1.0023e-23 1.16415e-16 1.52684e-23 1.24694e-16 2.24784e-23 1.33148e-16
10.5939 3.98561e-16 3.98561e-16 4.75109e-23 1.19206e-07 3.014e-06 2.79972e-39 4.12577e-18 3.31195e-35 8.37072e-18 1.21254e-31 1.71871e-17 9.11786e-30 2.64093e-17 1.61152e-28 3.6014e-17 1.33803e-27 4.59857e-17 7.20139e-27 5.63121e-17 2.79574e-26 6.69839e-17 8.93191e-26 7.79935e-17 2.40398e-25 8.93346e-17 5.73151e-25 1.01002e-16 1.2435e-24 1.12991e-16 2.47544e-24 1.25297e-16 4.61878e-24 1.37922e-16 8.22966e-24 1.50854e-16 1.38573e-23 1.64095e-16 2.24271e-23 1.77649e-16 3.49696e-23 1.915e-16 5.33139e-23 2.05654e-16 7.95631e-23 2.20117e-16 1.14943e-22 2.3487e-16
11.1377 3.75718e-16 3.75718e-16 3.90244e-23 1.03866e-07 2.74017e-06 8.4929e-38 7.19457e-18 6.35575e-34 1.45865e-17 1.5588e-30 2.99098e-17 9.49255e-29 4.59026e-17 1.45823e-27 6.25256e-17 1.09188e-26 7.9752e-17 5.413e-26 9.7561e-17 1.96678e-25 1.15937e-16 5.93712e-25 1.34866e-16 1.52254e-24 1.54339e-16 3.47923e-24 1.74344e-16 7.26839e-24 1.94876e-16 1.39909e-23 2.15926e-16 2.53218e-23 2.37495e-16 4.38633e-23 2.59567e-16 7.20028e-23 2.8214e-16 1.13824e-22 3.05223e-16 1.73673e-22 3.28791e-16 2.59383e-22 3.5285e-16 3.79597e-22 3.7741e-16 5.38635e-22 4.02444e-16
11.7094 3.48128e-16 3.48128e-16 3.21033e-23 9.2217e-08 2.50047e-06 2.11152e-36 1.18848e-17 1.02225e-32 2.40799e-17 1.71272e-29 4.93173e-17 8.53388e-28 7.56043e-17 1.14726e-26 1.02878e-16 7.78616e-26 1.31095e-16 3.56977e-25 1.60221e-16 1.21787e-24 1.90232e-16 3.48332e-24 2.21106e-16 8.53137e-24 2.52825e-16 1.87245e-23 2.85373e-16 3.77349e-23 3.1874e-16 7.03499e-23 3.52911e-16 1.2369e-22 3.87888e-16 2.08589e-22 4.23644e-16 3.34218e-22 4.60179e-16 5.1666e-22 4.97502e-16 7.72225e-22 5.35576e-16 1.13096e-21 5.7441e-16 1.62463e-21 6.14019e-16 2.26624e-21 6.54359e-16
12.3105 3.25713e-16 3.25713e-16 2.63587e-23 8.09263e-08 2.27409e-06 4.45959e-35 1.91418e-17 1.42673e-31 3.87607e-17 1.66362e-28 7.92994e-17 6.8492e-27 1.21447e-16 8.11067e-26 1.65106e-16 5.01317e-25 2.10207e-16 2.13374e-24 2.56699e-16 6.85616e-24 3.0454e-16 1.86291e-23 3.53696e-16 4.36739e-23 4.04141e-16 9.22453e-23 4.5585e-16 1.79647e-22 5.08801e-16 3.24887e-22 5.62977e-16 5.55695e-22 6.18378e-16 9.13509e-22 6.74961e-16 1.43039e-21 7.32726e-16 2.16468e-21 7.91686e-16 3.17257e-21 8.51784e-16 4.56062e-21 9.13034e-16 6.43652e-21 9.75456e-16 8.83375e-21 1.03899e-15
12.9424 3.03917e-16 3.03917e-16 2.1672e-23 7.13089e-08 2.07235e-06 7.96939e-34 2.9741e-17 1.71926e-30 6.01919e-17 1.42012e-27 1.23026e-16 4.87617e-26 1.88248e-16 5.11785e-25 2.55708e-16 2.89415e-24 3.25304e-16 1.14772e-23 3.96956e-16 3.48359e-23 4.70603e-16 9.0145e-23 5.46192e-16 2.02724e-22 6.23681e-16 4.12833e-22 7.03033e-16 7.78244e-22 7.84217e-16 1.36731e-21 8.67204e-16 2.27818e-21 9.51992e-16 3.65532e-21 1.03852e-15 5.59964e-21 1.12678e-15 8.30449e-21 1.2168e-15 1.19461e-20 1.30849e-15 1.6871e-20 1.40187e-15 2.34134e-20 1.49697e-15 3.16406e-20 1.59369e-15
13.6067 2.82954e-16 2.82954e-16 1.77958e-23 6.28931e-08 1.88589e-06 1.2153e-32 4.46753e-17 1.80228e-29 9.03744e-17 1.07248e-26 1.84556e-16 3.09857e-25 2.82174e-16 2.89948e-24 3.83009e-16 1.50666e-23 4.86911e-16 5.58626e-23 5.93763e-16 1.60608e-22 7.03474e-16 3.96755e-22 8.15967e-16 8.57634e-22 9.31181e-16 1.6869e-21 1.04906e-15 3.08311e-21 1.16956e-15 5.26973e-21 1.29263e-15 8.5642e-21 1.41828e-15 1.34276e-20 1.5464e-15 2.0146e-20 1.677e-15 2.93079e-20 1.81011e-15 4.14178e-20 1.9456e-15 5.75155e-20 2.08349e-15 7.85521e-20 2.22383e-15 1.04605e-19 2.36647e-15
14.3051 2.64428e-16 2.64428e-16 1.4614e-23 5.52665e-08 1.71574e-06 1.60317e-31 6.53763e-17 1.66453e-28 1.32195e-16 7.2509e-26 2.69752e-16 1.77764e-24 4.1214e-16 1.49137e-23 5.59048e-16 7.15056e-23 7.1026e-16 2.4869e-22 8.65609e-16 6.79066e-22 1.02496e-15 1.60506e-21 1.18822e-15 3.34138e-21 1.35527e-15 6.35872e-21 1.52606e-15 1.12845e-20 1.70051e-15 1.87895e-20 1.87855e-15 2.98206e-20 2.06018e-15 4.57395e-20 2.24528e-15 6.7279e-20 2.43383e-15 9.61011e-20 2.62587e-15 1.33536e-19 2.82122e-15 1.82487e-19 3.01993e-15 2.45468e-19 3.22204e-15 3.22342e-19 3.42736e-15
15.0394 2.47194e-16 2.47194e-16 1.20016e-23 4.85514e-08 1.56118e-06 1.83642e-30 9.3025e-17 1.35837e-27 1.88033e-16 4.39811e-25 3.83428e-16 9.22315e-24 5.8545e-16 6.97463e-23 7.93667e-16 3.09769e-22 1.00778e-15 1.01374e-21 1.22755e-15 2.63561e-21 1.45279e-15 5.97338e-21 1.68336e-15 1.1998e-20 1.91913e-15 2.21263e-20 2.15999e-15 3.81818e-20 2.40583e-15 6.20125e-20 2.65658e-15 9.62247e-20 2.91222e-15 1.44541e-19 3.17258e-15 2.0864e-19 3.43763e-15 2.92877e-19 3.70743e-15 4.00478e-19 3.98173e-15 5.39003e-19 4.2606e-15 7.14609e-19 4.54408e-15 9.26006e-19 4.83192e-15
15.8114 2.3087e-16 2.3087e-16 9.85817e-24 4.27002e-08 1.42085e-06 1.83707e-29 1.2874e-16 9.84219e-27 2.60139e-16 2.40314e-24 5.30143e-16 4.34377e-23 8.09017e-16 2.97584e-22 1.09617e-15 1.22889e-21 1.3912e-15 3.79544e-21 1.69379e-15 9.41794e-21 2.00368e-15 2.05091e-20 2.32067e-15 3.98149e-20 2.64458e-15 7.12637e-20 2.97527e-15 1.19743e-19 3.3126e-15 1.89927e-19 3.65646e-15 2.88455e-19 4.00681e-15 4.24772e-19 4.36343e-15 6.02254e-19 4.72628e-15 8.31527e-19 5.09543e-15 1.11979e-18 5.47057e-15 1.48542e-18 5.85174e-15 1.94243e-18 6.23904e-15 2.4854e-18 6.63211e-15
16.623 2.15844e-16 2.15844e-16 8.0953e-24 3.75053e-08 1.29266e-06 1.61858e-28 1.73875e-16 6.38062e-26 3.51239e-16 1.19117e-23 7.15416e-16 1.86933e-22 1.09121e-15 1.1658e-21 1.47785e-15 4.49215e-21 1.87479e-15 1.31309e-20 2.2816e-15 3.11686e-20 2.69796e-15 6.53439e-20 3.12358e-15 1.22811e-19 3.55824e-15 2.13657e-19 4.00172e-15 3.50021e-19 4.45386e-15 5.42815e-19 4.91449e-15 8.07758e-19 5.38358e-15 1.16722e-18 5.86082e-15 1.62695e-18 6.34617e-15 2.21121e-18 6.83969e-15 2.93479e-18 7.34098e-15 3.83972e-18 7.85012e-15 4.95575e-18 8.36719e-15 6.26517e-18 8.89176e-15
17.4762 2.01783e-16 2.01783e-16 6.64884e-24 3.29504e-08 1.17618e-06 1.26254e-27 2.29238e-16 3.71738e-25 4.62959e-16 5.37606e-23 9.42535e-16 7.37556e-22 1.43702e-15 4.20651e-21 1.9454e-15 1.51758e-20 2.46697e-15 4.20964e-20 3.00118e-15 9.57942e-20 3.54759e-15 1.937e-19 4.10584e-15 3.53008e-19 4.67563e-15 5.97754e-19 5.25669e-15 9.55943e-19 5.84879e-15 1.45106e-18 6.45172e-15 2.11781e-18 7.06541e-15 3.00575e-18 7.68948e-15 4.12223e-18 8.32389e-15 5.51928e-18 8.96867e-15 7.22482e-18 9.62335e-15 9.32934e-18 1.0288e-14 1.18919e-17 1.09627e-14 1.48629e-17 1.16469e-14
18.3733 1.88451e-16 1.88451e-16 5.46099e-24 2.89784e-08 1.07047e-06 8.76259e-27 2.95139e-16 1.95469e-24 5.95923e-16 2.21735e-22 1.21275e-15 2.67692e-21 1.84831e-15 1.40231e-20 2.50132e-15 4.7519e-20 3.17086e-15 1.25409e-19 3.85625e-15 2.7415e-19 4.55693e-15 5.35611e-19 5.27242e-15 9.47931e-19 6.00234e-15 1.5644e-18 6.74634e-15 2.44512e-18 7.50413e-15 3.63668e-18 8.27544e-15 5.21062e-18 9.06017e-15 7.26994e-18 9.85785e-15 9.81775e-18 1.06684e-14 1.29591e-17 1.14919e-14 1.67421e-17 1.23276e-14 2.13507e-17 1.31758e-14 2.68946e-17 1.40365e-14 3.32498e-17 1.4909e-14
19.3164 1.76322e-16 1.76322e-16 4.48414e-24 2.54316e-08 9.73786e-07 5.45728e-26 3.72588e-16 9.34894e-24 7.52164e-16 8.41776e-22 1.53019e-15 8.99871e-21 2.33136e-15 4.34786e-20 3.15407e-15 1.3881e-19 3.99717e-15 3.49384e-19 4.8598e-15 7.35155e-19 5.74124e-15 1.39008e-18 6.64092e-15 2.39255e-18 7.55832e-15 3.85309e-18 8.49304e-15 5.89242e-18 9.44467e-15 8.59568e-18 1.04129e-14 1.21015e-17 1.13976e-14 1.66119e-17 1.23981e-14 2.2107e-17 1.34144e-14 2.87876e-17 1.44464e-14 3.6729e-17 1.54936e-14 4.62867e-17 1.65559e-14 5.7652e-17 1.76334e-14 7.05407e-17 1.87254e-14
20.3079 1.64828e-16 1.64828e-16 3.68226e-24 2.234e-08 8.85867e-07 3.05798e-25 4.60497e-16 4.07529e-23 9.29488e-16 2.94557e-21 1.89038e-15 2.80488e-20 2.87936e-15 1.2549e-19 3.89441e-15 3.78563e-19 4.93417e-15 9.10855e-19 5.99752e-15 1.84821e-18 7.08361e-15 3.38769e-18 8.1917e-15 5.67823e-18 9.32118e-15 8.93421e-18 1.04715e-14 1.33824e-17 1.16422e-14 1.91652e-17 1.28329e-14 2.6535e-17 1.40433e-14 3.58658e-17 1.52728e-14 4.70687e-17 1.65213e-14 6.05075e-17 1.77886e-14 7.62864e-17 1.90741e-14 9.50583e-17 2.03776e-14 1.17137e-16 2.16995e-14 1.41919e-16 2.30386e-14
21.3503 1.54048e-16 1.54048e-16 3.02391e-24 1.96297e-08 8.05932e-07 1.55066e-24 5.58209e-16 1.62743e-22 1.12657e-15 9.5444e-21 2.29065e-15 8.14155e-20 3.4882e-15 3.38557e-19 4.71682e-15 9.6772e-19 5.97482e-15 2.23071e-18 7.26086e-15 4.37262e-18 8.5739e-15 7.78119e-18 9.91303e-15 1.27175e-17 1.12775e-14 1.9572e-17 1.26667e-14 2.87439e-17 1.40799e-14 4.04492e-17 1.55168e-14 5.51209e-17 1.6977e-14 7.34158e-17 1.84597e-14 9.50773e-17 1.99647e-14 1.20734e-16 2.1492e-14 1.50506e-16 2.30405e-14 1.85537e-16 2.46105e-14 2.26311e-16 2.62018e-14 2.71633e-16 2.78135e-14
22.4463 1.4413e-16 1.4413e-16 2.48272e-24 1.72256e-08 7.33016e-07 7.15987e-24 6.65232e-16 5.98713e-22 1.34242e-15 2.87827e-20 2.72897e-15 2.21125e-19 4.15485e-15 8.57716e-19 5.61718e-15 2.32912e-18 7.11392e-15 5.15438e-18 8.64348e-15 9.77696e-18 1.02046e-14 1.69156e-17 1.17962e-14 2.69916e-17 1.34173e-14 4.06742e-17 1.50672e-14 5.86245e-17 1.67452e-14 8.11335e-17 1.84506e-14 1.08904e-16 2.01831e-14 1.43034e-16 2.19417e-14 1.82913e-16 2.37262e-14 2.29578e-16 2.55366e-14 2.83127e-16 2.73716e-14 3.4548e-16 2.92313e-14 4.17335e-16 3.11157e-14 4.96469e-16 3.30237e-14
23.5984 1.34727e-16 1.34727e-16 2.03854e-24 1.51309e-08 6.66612e-07 3.01814e-23 7.78616e-16 2.03328e-21 1.57109e-15 8.09084e-20 3.19328e-15 5.62684e-19 4.86093e-15 2.04281e-18 6.57062e-15 5.28316e-18 8.31996e-15 1.1247e-17 1.01071e-14 2.0677e-17 1.19304e-14 3.48296e-17 1.37888e-14 5.43225e-17 1.5681e-14 8.02373e-17 1.76062e-14 1.13602e-16 1.95634e-14 1.54745e-16 2.15521e-14 2.04747e-16 2.35716e-14 2.65359e-16 2.5621e-14 3.35292e-16 2.76998e-14 4.1619e-16 2.9808e-14 5.08039e-16 3.19443e-14 6.13928e-16 3.41086e-14 7.34806e-16 3.6301e-14 8.66759e-16 3.85201e-14
24.8097 1.26001e-16 1.26001e-16 1.67378e-24 1.32839e-08 6.06573e-07 1.16828e-22 8.97171e-16 6.40817e-21 1.81019e-15 2.1302e-19 3.67871e-15 1.34763e-18 5.59901e-15 4.59402e-18 7.56712e-15 1.13426e-17 9.58024e-15 2.32719e-17 1.16362e-14 4.1531e-17 1.37331e-14 6.81986e-17 1.58696e-14 1.04084e-16 1.80444e-14 1.50837e-16 2.02563e-14 2.09964e-16 2.25044e-14 2.81723e-16 2.47877e-14 3.67694e-16 2.71057e-14 4.70548e-16 2.94573e-14 5.87806e-16 3.18418e-14 7.21969e-16 3.42593e-14 8.72762e-16 3.67081e-14 1.04497e-15 3.91883e-14 1.23978e-15 4.16998e-14 1.45067e-15 4.42412e-14
26.0832 1.1802e-16 1.1802e-16 1.38548e-24 1.17393e-08 5.53033e-07 4.1744e-22 1.01967e-15 1.88306e-20 2.05722e-15 5.27543e-19 4.18021e-15 3.04994e-18 6.36142e-15 9.79286e-18 8.59628e-15 2.31347e-17 1.08816e-14 4.58295e-17 1.32147e-14 7.95068e-17 1.55937e-14 1.27436e-16 1.80167e-14 1.90517e-16 2.04823e-14 2.71139e-16 2.29892e-14 3.71377e-16 2.55363e-14 4.912e-16 2.81224e-14 6.32815e-16 3.07469e-14 8.00136e-16 3.34085e-14 9.88726e-16 3.61066e-14 1.20227e-15 3.88409e-14 1.43998e-15 4.16099e-14 1.70901e-15 4.44133e-14 2.01078e-15 4.72512e-14 2.33484e-15 5.01218e-14
27.4221 1.10397e-16 1.10397e-16 1.13856e-24 1.03133e-08 5.03057e-07 1.37836e-21 1.14076e-15 5.16257e-20 2.30141e-15 1.22911e-18 4.67583e-15 6.52256e-18 7.11471e-15 1.97834e-17 9.61286e-15 4.48153e-17 1.21666e-14 8.58644e-17 1.4773e-14 1.45008e-16 1.74297e-14 2.2713e-16 2.01347e-14 3.32959e-16 2.28863e-14 4.65764e-16 2.56831e-14 6.2823e-16 2.85237e-14 8.19658e-16 3.14068e-14 1.04299e-15 3.43318e-14 1.30374e-15 3.7297e-14 1.59447e-15 4.03018e-14 1.92042e-15 4.33458e-14 2.27995e-15 4.64274e-14 2.68337e-15 4.95462e-14 3.13222e-15 5.27022e-14 3.61058e-15 5.58935e-14
28.8297 1.03235e-16 1.03235e-16 9.33051e-25 9.03813e-09 4.57284e-07 4.22617e-21 1.25853e-15 1.32625e-19 2.53887e-15 2.70479e-18 5.1577e-15 1.32304e-17 7.84688e-15 3.80126e-17 1.06006e-14 8.27397e-17 1.34147e-14 1.53573e-16 1.62858e-14 2.52802e-16 1.92114e-14 3.8739e-16 2.21891e-14 5.57383e-16 2.52171e-14 7.6703e-16 2.82937e-14 1.01958e-15 3.14172e-14 1.31309e-15 3.45864e-14 1.65132e-15 3.78004e-14 2.0418e-15 4.10574e-14 2.47269e-15 4.43567e-14 2.95124e-15 4.76978e-14 3.47452e-15 5.10788e-14 4.05692e-15 5.44994e-14 4.69989e-15 5.79594e-14 5.38021e-15 6.14568e-14
30.3095 9.65302e-17 9.65302e-17 7.62744e-25 7.9016e-09 4.15338e-07 1.20785e-20 1.37049e-15 3.20345e-19 2.76461e-15 5.63884e-18 5.61561e-15 2.55251e-17 8.54233e-15 6.96537e-17 1.15383e-14 1.45962e-16 1.45989e-14 2.6286e-16 1.77205e-14 4.22301e-16 2.09001e-14 6.33781e-16 2.41352e-14 8.9584e-16 2.74236e-14 1.21372e-15 3.07634e-14 1.59108e-15 3.41529e-14 2.02396e-15 3.75906e-14 2.51698e-15 4.10754e-14 3.08006e-15 4.46055e-14 3.69536e-15 4.818e-14 4.3726e-15 5.17983e-14 5.10704e-15 5.54584e-14 5.91814e-15 5.91598e-14 6.80703e-15 6.29023e-14 7.74108e-15 6.66839e-14
31.8653 9.02543e-17 9.02543e-17 6.25872e-25 6.93454e-09 3.77641e-07 3.22886e-20 1.4741e-15 7.29706e-19 2.97344e-15 1.11662e-17 6.03897e-15 4.69533e-17 9.18492e-15 1.21999e-16 1.24042e-14 2.46584e-16 1.56916e-14 4.31495e-16 1.90433e-14 6.77363e-16 2.24558e-14 9.96621e-16 2.59264e-14 1.38511e-15 2.94527e-14 1.84898e-15 3.30327e-14 2.39202e-15 3.66644e-14 3.00727e-15 4.03462e-14 3.70022e-15 4.40768e-14 4.4836e-15 4.78542e-14 5.33165e-15 5.16775e-14 6.25716e-15 5.55459e-14 7.25295e-15 5.94573e-14 8.34458e-15 6.34113e-14 9.53257e-15 6.74073e-14 1.07728e-14 7.14433e-14
33.5009 8.45412e-17 8.45412e-17 5.16128e-25 6.10504e-09 3.44297e-07 8.1152e-20 1.57001e-15 1.57502e-18 3.1667e-15 2.10959e-17 6.43046e-15 8.26998e-17 9.77862e-15 2.05092e-16 1.32034e-14 4.0053e-16 1.66993e-14 6.81996e-16 2.02619e-14 1.04729e-15 2.38875e-14 1.51212e-15 2.75733e-14 2.06804e-15 3.13164e-14 2.72198e-15 3.51148e-14 3.47742e-15 3.89662e-14 4.32325e-15 4.28688e-14 5.26586e-15 4.68214e-14 6.32115e-15 5.08217e-14 7.45346e-15 5.48686e-14 8.6792e-15 5.89613e-14 9.98817e-15 6.30977e-14 1.14131e-14 6.72771e-14 1.29535e-14 7.14989e-14 1.45516e-14 7.57611e-14
35.2205 7.91125e-17 7.91125e-17 4.24336e-25 5.3637e-09 3.13146e-07 1.91819e-19 1.65207e-15 3.22101e-18 3.33195e-15 3.80089e-17 6.76478e-15 1.39387e-16 1.02849e-14 3.30681e-16 1.38839e-14 6.25033e-16 1.75559e-14 1.03697e-15 2.12961e-14 1.55938e-15 2.51006e-14 2.21149e-15 2.89663e-14 2.97865e-15 3.28901e-14 3.86829e-15 3.68697e-14 4.88313e-15 4.09029e-14 6.00669e-15 4.49877e-14 7.24622e-15 4.91225e-14 8.62117e-15 5.33051e-14 1.0084e-14 5.75344e-14 1.16554e-14 6.18092e-14 1.33216e-14 6.61275e-14 1.51232e-14 7.04885e-14 1.70586e-14 7.48915e-14 1.90547e-14 7.93344e-14
37.0284 7.40101e-17 7.40101e-17 3.47899e-25 4.70069e-09 2.84522e-07 4.27953e-19 1.71958e-15 6.26157e-18 3.46775e-15 6.55001e-17 7.03894e-15 2.25438e-16 1.06991e-14 5.12737e-16 1.44394e-14 9.39483e-16 1.82535e-14 1.5206e-15 2.21362e-14 2.24158e-15 2.60836e-14 3.1252e-15 3.00921e-14 4.14857e-15 3.41587e-14 5.31932e-15 3.82807e-14 6.63888e-15 4.24559e-14 8.08429e-15 4.66821e-14 9.66363e-15 5.09576e-14 1.14002e-14 5.52802e-14 1.32329e-14 5.96485e-14 1.51872e-14 6.40615e-14 1.72454e-14 6.85169e-14 1.94569e-14 7.30139e-14 2.18183e-14 7.75517e-14 2.424e-14 8.21282e-14
38.9291 6.92517e-17 6.92517e-17 2.84475e-25 4.10785e-09 2.58424e-07 9.04189e-19 1.77218e-15 1.16052e-17 3.57341e-15 1.08251e-16 7.25149e-15 3.50759e-16 1.10191e-14 7.66396e-16 1.48669e-14 1.36335e-15 1.87881e-14 2.15538e-15 2.27775e-14 3.11769e-15 2.68308e-14 4.27672e-15 3.09443e-14 5.5992e-15 3.51148e-14 7.09272e-15 3.93396e-14 8.75696e-15 4.36162e-14 1.05615e-14 4.79423e-14 1.25152e-14 5.23163e-14 1.46456e-14 5.67357e-14 1.68768e-14 6.11992e-14 1.92395e-14 6.57056e-14 2.17117e-14 7.02527e-14 2.43521e-14 7.48395e-14 2.71552e-14 7.94651e-14 3.00147e-14 8.41276e-14
40.9273 6.47532e-17 6.47532e-17 2.3274e-25 3.59427e-09 2.33637e-07 1.81233e-18 1.80748e-15 2.05359e-17 3.64405e-15 1.71769e-16 7.39254e-15 5.25525e-16 1.12297e-14 1.10526e-15 1.51459e-14 1.91164e-15 1.91342e-14 2.95536e-15 2.31889e-14 4.19849e-15 2.73058e-14 5.67112e-15 3.14809e-14 7.32776e-15 3.5711e-14 9.17582e-15 3.99932e-14 1.12129e-14 4.4325e-14 1.34003e-14 4.8704e-14 1.57482e-14 5.31285e-14 1.8288e-14 5.75961e-14 2.09288e-14 6.21053e-14 2.37066e-14 6.66548e-14 2.65955e-14 7.12425e-14 2.96632e-14 7.58673e-14 3.29023e-14 8.05284e-14 3.61897e-14 8.52237e-14
43.0281 6.06764e-17 6.06764e-17 1.92037e-25 3.16493e-09 2.13751e-07 3.46471e-18 1.8303e-15 3.48714e-17 3.68943e-15 2.62945e-16 7.48186e-15 7.61731e-16 1.13611e-14 1.54493e-15 1.53172e-14 2.60156e-15 1.9343e-14 3.93733e-15 2.34328e-14 5.49844e-15 2.7582e-14 7.31883e-15 3.17867e-14 9.33921e-15 3.60437e-14 1.15669e-14 4.03498e-14 1.39971e-14 4.47026e-14 1.65828e-14 4.90998e-14 1.93353e-14 5.35393e-14 2.22904e-14 5.80189e-14 2.53417e-14 6.2537e-14 2.85312e-14 6.70923e-14 3.18289e-14 7.16828e-14 3.53116e-14 7.63072e-14 3.89699e-14 8.09647e-14 4.26648e-14 8.56534e-14
45.2368 5.68169e-17 5.68169e-17 1.57956e-25 2.78009e-09 1.95428e-07 6.31495e-18 1.83564e-15 5.67822e-17 3.69941e-15 3.87944e-16 7.49894e-15 1.06697e-15 1.13821e-14 2.09058e-15 1.53388e-14 3.43196e-15 1.93617e-14 5.09008e-15 2.34452e-14 6.9933e-15 2.75845e-14 9.17954e-15 3.17757e-14 1.1575e-14 3.60154e-14 1.41871e-14 4.03007e-14 1.70088e-14 4.4629e-14 1.99848e-14 4.89979e-14 2.31281e-14 5.34055e-14 2.64783e-14 5.78495e-14 2.99151e-14 6.23283e-14 3.34859e-14 6.68406e-14 3.71575e-14 7.13843e-14 4.10149e-14 7.59584e-14 4.5047e-14 8.05619e-14 4.91007e-14 8.5193e-14
47.5588 5.31801e-17 5.31801e-17 1.29552e-25 2.4361e-09 1.77081e-07 1.10017e-17 1.8244e-15 8.88649e-17 3.6759e-15 5.52766e-16 7.44767e-15 1.44702e-15 1.12987e-14 2.74364e-15 1.5219e-14 4.39635e-15 1.92011e-14 6.39613e-15 2.32393e-14 8.65249e-15 2.7329e-14 1.12076e-14 3.14662e-14 1.39733e-14 3.56476e-14 1.69574e-14 3.98702e-14 2.01508e-14 4.41315e-14 2.34911e-14 4.84291e-14 2.69928e-14 5.27612e-14 3.06996e-14 5.71254e-14 3.44785e-14 6.15204e-14 3.83823e-14 6.59446e-14 4.23751e-14 7.03962e-14 4.65495e-14 7.48742e-14 5.08924e-14 7.93774e-14 5.52396e-14 8.39042e-14
50 4.9765e-17 4.9765e-17 1.05978e-25 2.12958e-09 1.5891e-07 1.83641e-17 1.79783e-15 1.3395e-16 3.62138e-15 7.62077e-16 7.33316e-15 1.90339e-15 1.11189e-14 3.49797e-15 1.49685e-14 5.47754e-15 1.88749e-14 7.82463e-15 2.28322e-14 1.043e-14 2.68359e-14 1.33405e-14 3.08822e-14 1.64545e-14 3.49678e-14 1.97807e-14 3.90898e-14 2.33088e-14 4.32456e-14 2.697e-14 4.74331e-14 3.0781e-14 5.16503e-14 3.47891e-14 5.58952e-14 3.88508e-14 6.01663e-14 4.30241e-14 6.44621e-14 4.72712e-14 6.8781e-14 5.16906e-14 7.31219e-14 5.62681e-14 7.74838e-14 6.0831e-14 8.18651e-14
52.5665 4.65545e-17 4.65545e-17 8.64902e-26 1.85783e-09 1.43375e-07 2.94283e-17 1.75693e-15 1.94808e-16 3.5379e-15 1.01812e-15 7.15972e-15 2.43175e-15 1.08493e-14 4.33817e-15 1.45967e-14 6.64615e-15 1.8395e-14 9.33017e-15 2.22386e-14 1.22636e-14 2.61231e-14 1.54986e-14 3.00447e-14 1.89217e-14 3.40003e-14 2.25433e-14 3.7987e-14 2.63524e-14 4.20026e-14 3.02756e-14 4.60448e-14 3.43317e-14 5.01118e-14 3.85713e-14 5.42017e-14 4.28435e-14 5.83131e-14 4.72104e-14 6.24445e-14 5.16334e-14 6.65946e-14 5.62155e-14 7.07622e-14 6.09414e-14 7.49463e-14 6.56336e-14 7.91457e-14
55.2648 4.36171e-17 4.36171e-17 7.13752e-26 1.6364e-09 1.3251e-07 4.54463e-17 1.70628e-15 2.74324e-16 3.43472e-15 1.32249e-15 6.94613e-15 3.02729e-15 1.05185e-14 5.25015e-15 1.41423e-14 7.87761e-15 1.78108e-14 1.08774e-14 2.15185e-14 1.41079e-14 2.52612e-14 1.7627e-14 2.90355e-14 2.13118e-14 3.28382e-14 2.5175e-14 3.66667e-14 2.92058e-14 4.05188e-14 3.33276e-14 4.43925e-14 3.75619e-14 4.8286e-14 4.19618e-14 5.21976e-14 4.63717e-14 5.61259e-14 5.08574e-14 6.00696e-14 5.53802e-14 6.40276e-14 6.00459e-14 6.79986e-14 6.48387e-14 7.19817e-14 6.95796e-14 7.5976e-14
58.1015 4.08683e-17 4.08683e-17 5.87365e-26 1.43721e-09 1.2139e-07 6.76647e-17 1.64484e-15 3.74117e-16 3.30976e-15 1.67027e-15 6.68835e-15 3.67193e-15 1.01207e-14 6.1993e-15 1.35976e-14 9.11943e-15 1.71126e-14 1.23955e-14 2.06606e-14 1.58743e-14 2.42377e-14 1.96198e-14 2.78404e-14 2.35028e-14 3.1466e-14 2.75388e-14 3.51121e-14 3.17179e-14 3.87765e-14 3.59623e-14 4.24573e-14 4.02961e-14 4.61531e-14 4.47744e-14 4.98622e-14 4.92399e-14 5.35834e-14 5.37613e-14 5.73154e-14 5.83004e-14 6.10573e-14 6.29642e-14 6.4808e-14 6.77368e-14 6.85666e-14 7.2441e-14 7.23324e-14
61.0839 3.82682e-17 3.82682e-17 4.8195e-26 1.2594e-09 1.10353e-07 9.72347e-17 1.57314e-15 4.94549e-16 3.16413e-15 2.05243e-15 6.38876e-15 4.3419e-15 9.65954e-15 7.1455e-15 1.29678e-14 1.03153e-14 1.63075e-14 1.38128e-14 1.9674e-14 1.74774e-14 2.30634e-14 2.13794e-14 2.64727e-14 2.53865e-14 2.98994e-14 2.95174e-14 3.33411e-14 3.37638e-14 3.67961e-14 3.8049e-14 4.02626e-14 4.23992e-14 4.37392e-14 4.68705e-14 4.72245e-14 5.13078e-14 5.07175e-14 5.57806e-14 5.4217e-14 6.02528e-14 5.77222e-14 6.48304e-14 6.12322e-14 6.94978e-14 6.47461e-14 7.40829e-14 6.82634e-14
64.2193 3.58165e-17 3.58165e-17 3.9442e-26 1.10123e-09 1.00019e-07 1.35109e-16 1.49331e-15 6.34727e-16 3.00218e-15 2.45741e-15 6.05628e-15 5.01202e-15 9.14884e-15 8.05034e-15 1.22718e-14 1.14154e-14 1.54196e-14 1.507e-14 1.85879e-14 1.8851e-14 2.17732e-14 2.28346e-14 2.49728e-14 2.68888e-14 2.81844e-14 3.1036e-14 3.1406e-14 3.52698e-14 3.46359e-14 3.95162e-14 3.78726e-14 4.38034e-14 4.1115e-14 4.8188e-14 4.43618e-14 5.25192e-14 4.76121e-14 5.68669e-14 5.08649e-14 6.11972e-14 5.41195e-14 6.56136e-14 5.73753e-14 7.01014e-14 6.06314e-14 7.44959e-14 6.38875e-14
67.5157 3.35337e-17 3.35337e-17 3.2198e-26 9.60168e-10 9.11241e-08 1.81977e-16 1.40843e-15 7.92716e-16 2.83009e-15 2.87288e-15 5.70354e-15 5.6592e-15 8.60787e-15 8.88231e-15 1.15357e-14 1.23827e-14 1.44819e-14 1.61275e-14 1.74426e-14 1.99553e-14 2.04147e-14 2.39482e-14 2.33958e-14 2.79771e-14 2.63838e-14 3.20681e-14 2.93771e-14 3.62175e-14 3.23742e-14 4.03551e-14 3.53738e-14 4.45107e-14 3.83748e-14 4.87406e-14 4.13765e-14 5.29009e-14 4.43778e-14 5.70604e-14 4.7378e-14 6.11884e-14 5.03767e-14 6.53839e-14 5.33732e-14 6.96334e-14 5.63668e-14 7.37821e-14 5.93574e-14
70.9813 3.14033e-17 3.14033e-17 2.65e-26 8.4386e-10 8.35003e-08 2.37918e-16 1.31995e-15 9.64565e-16 2.65085e-15 3.28283e-15 5.33666e-15 6.2565e-15 8.04603e-15 9.60654e-15 1.07723e-14 1.31776e-14 1.35108e-14 1.69437e-14 1.62582e-14 2.07495e-14 1.90118e-14 2.46819e-14 2.17694e-14 2.86178e-14 2.45294e-14 3.25865e-14 2.72903e-14 3.65869e-14 3.00508e-14 4.05541e-14 3.281e-14 4.4519e-14 3.5567e-14 4.85365e-14 3.83211e-14 5.24718e-14 4.10716e-14 5.63916e-14 4.38178e-14 6.02682e-14 4.65596e-14 6.41956e-14 4.92962e-14 6.81614e-14 5.20273e-14 7.20219e-14 5.47528e-14
74.6248 2.94426e-17 2.94426e-17 2.18188e-26 7.41062e-10 7.53897e-08 3.02666e-16 1.2306e-15 1.14603e-15 2.46996e-15 3.67426e-15 4.96687e-15 6.78591e-15 7.4804e-15 1.02043e-14 1.00046e-14 1.37842e-14 1.25355e-14 1.75088e-14 1.507e-14 2.12319e-14 1.7606e-14 2.50444e-14 2.01416e-14 2.88311e-14 2.26754e-14 3.2624e-14 2.52062e-14 3.6425e-14 2.77331e-14 4.01748e-14 3.02553e-14 4.39051e-14 3.27721e-14 4.76688e-14 3.52829e-14 5.13411e-14 3.77874e-14 5.49861e-14 4.02849e-14 5.85791e-14 4.27754e-14 6.2208e-14 4.52584e-14 6.58618e-14 4.77336e-14 6.94092e-14 5.02011e-14
78.4553 2.75855e-17 2.75855e-17 1.79111e-26 6.49295e-10 6.89797e-08 3.7448e-16 1.13949e-15 1.32876e-15 2.28563e-15 4.02486e-15 4.59062e-15 7.21476e-15 6.90579e-15 1.06362e-14 9.22593e-15 1.41596e-14 1.15476e-14 1.77784e-14 1.38683e-14 2.13588e-14 1.61861e-14 2.4994e-14 1.84997e-14 2.85785e-14 2.08079e-14 3.21463e-14 2.31098e-14 3.57019e-14 2.54047e-14 3.91926e-14 2.7692e-14 4.26497e-14 2.99712e-14 4.61238e-14 3.2242e-14 4.9501e-14 3.45041e-14 5.2842e-14 3.6757e-14 5.61251e-14 3.90009e-14 5.94316e-14 4.12355e-14 6.27517e-14 4.34605e-14 6.59668e-14 4.56761e-14
82.4824 2.58308e-17 2.58308e-17 1.46643e-26 5.67703e-10 6.31091e-08 4.51282e-16 1.04826e-15 1.50533e-15 2.10122e-15 4.32005e-15 4.21477e-15 7.52727e-15 6.3326e-15 1.08899e-14 8.4503e-15 1.4298e-14 1.0565e-14 1.77559e-14 1.26746e-14 2.11439e-14 1.47777e-14 2.45561e-14 1.68732e-14 2.78975e-14 1.89603e-14 3.12038e-14 2.10383e-14 3.44816e-14 2.31067e-14 3.76845e-14 2.51652e-14 4.08435e-14 2.72135e-14 4.4006e-14 2.92514e-14 4.70697e-14 3.12787e-14 5.0091e-14 3.32953e-14 5.30513e-14 3.53013e-14 5.60246e-14 3.72965e-14 5.90024e-14 3.92807e-14 6.18792e-14 4.12544e-14
86.7162 2.41896e-17 2.41896e-17 1.19752e-26 4.95057e-10 5.55982e-08 5.307e-16 9.58884e-16 1.66924e-15 1.92066e-15 4.55083e-15 3.84728e-15 7.71853e-15 5.77294e-15 1.09688e-14 7.69396e-15 1.42134e-14 9.60803e-15 1.74678e-14 1.15136e-14 2.0627e-14 1.34095e-14 2.37847e-14 1.52951e-14 2.68568e-14 1.71698e-14 2.98796e-14 1.90332e-14 3.28616e-14 2.0885e-14 3.57627e-14 2.27251e-14 3.86128e-14 2.45532e-14 4.14559e-14 2.63696e-14 4.42012e-14 2.8174e-14 4.69004e-14 2.99665e-14 4.9538e-14 3.17472e-14 5.21804e-14 3.35163e-14 5.48204e-14 3.52735e-14 5.7365e-14 3.70193e-14
91.1674 2.2661e-17 2.2661e-17 9.82832e-27 4.33711e-10 4.686e-08 6.09934e-16 8.72594e-16 1.81425e-15 1.74647e-15 4.71077e-15 3.49322e-15 7.78795e-15 5.23443e-15 1.08813e-14 6.96715e-15 1.39253e-14 8.68962e-15 1.69453e-14 1.04007e-14 1.98516e-14 1.20997e-14 2.27355e-14 1.37861e-14 2.55242e-14 1.54597e-14 2.82536e-14 1.71203e-14 3.09337e-14 1.87678e-14 3.35304e-14 2.04023e-14 3.6072e-14 2.20237e-14 3.85988e-14 2.36322e-14 4.10313e-14 2.5228e-14 4.34162e-14 2.6811e-14 4.57407e-14 2.83816e-14 4.80638e-14 2.99399e-14 5.03795e-14 3.14859e-14 5.2607e-14 3.302e-14
95.847 2.12476e-17 2.12476e-17 8.0971e-27 3.81083e-10 4.41814e-08 6.86226e-16 7.90523e-16 1.93564e-15 1.5809e-15 4.7985e-15 3.15712e-15 7.74262e-15 4.72391e-15 1.06453e-14 6.27899e-15 1.34633e-14 7.82112e-15 1.62302e-14 9.34958e-15 1.88712e-14 1.0864e-14 2.14741e-14 1.23642e-14 2.39765e-14 1.38501e-14 2.64136e-14 1.53218e-14 2.87962e-14 1.67795e-14 3.10957e-14 1.82232e-14 3.33387e-14 1.9653e-14 3.55616e-14 2.10695e-14 3.76952e-14 2.24726e-14 3.97817e-14 2.38626e-14 4.18104e-14 2.52399e-14 4.38334e-14 2.66046e-14 4.58456e-14 2.79568e-14 4.77773e-14 2.92971e-14
100.767 1.99156e-17 1.99156e-17 6.65025e-27 3.33922e-10 4.25399e-08 7.55699e-16 7.12244e-16 2.02672e-15 1.4231e-15 4.80813e-15 2.8373e-15 7.58145e-15 4.23882e-15 1.02659e-14 5.62605e-15 1.28388e-14 6.99823e-15 1.53407e-14 8.35503e-15 1.77103e-14 9.69637e-15 2.00307e-14 1.10223e-14 2.22495e-14 1.23331e-14 2.44004e-14 1.36289e-14 2.64945e-14 1.491e-14 2.85082e-14 1.61767e-14 3.04659e-14 1.74293e-14 3.24004e-14 1.86682e-14 3.42523e-14 1.98937e-14 3.60587e-14 2.11059e-14 3.78112e-14 2.23054e-14 3.9555e-14 2.34924e-14 4.12862e-14 2.46671e-14 4.29449e-14 2.58301e-14
105.939 1.86586e-17 1.86586e-17 5.44705e-27 2.91933e-10 3.92234e-08 8.15326e-16 6.38245e-16 2.08429e-15 1.27406e-15 4.74255e-15 2.53569e-15 7.31645e-15 3.78206e-15 9.76494e-15 5.01216e-15 1.20835e-14 6.22567e-15 1.43175e-14 7.42261e-15 1.64179e-14 8.60318e-15 1.84625e-14 9.76769e-15 2.04075e-14 1.09165e-14 2.22847e-14 1.205e-14 2.41053e-14 1.31686e-14 2.58501e-14 1.42728e-14 2.75412e-14 1.53628e-14 2.92076e-14 1.64392e-14 3.07988e-14 1.75023e-14 3.23474e-14 1.85524e-14 3.38465e-14 1.95902e-14 3.53353e-14 2.06157e-14 3.68106e-14 2.16293e-14 3.82217e-14 2.26315e-14
111.377 1.7473e-17 1.7473e-17 4.45022e-27 2.54691e-10 3.38046e-08 8.62676e-16 5.68949e-16 2.10719e-15 1.1346e-15 4.60848e-15 2.25394e-15 6.96395e-15 3.35605e-15 9.16818e-15 4.44047e-15 1.12318e-14 5.50729e-15 1.32031e-14 6.55682e-15 1.50438e-14 7.58953e-15 1.68255e-14 8.6059e-15 1.85124e-14 9.60647e-15 2.01337e-14 1.05918e-14 2.17005e-14 1.15623e-14 2.31973e-14 1.25186e-14 2.46439e-14 1.3461e-14 2.60656e-14 1.43902e-14 2.742e-14 1.53065e-14 2.87353e-14 1.62103e-14 3.0006e-14 1.71021e-14 3.12658e-14 1.79824e-14 3.25118e-14 1.88512e-14 3.37018e-14 1.97093e-14
117.094 1.63743e-17 1.63743e-17 3.64181e-27 2.22411e-10 3.14237e-08 8.97044e-16 5.05203e-16 2.09845e-15 1.00641e-15 4.42023e-15 1.99535e-15 6.5498e-15 2.96564e-15 8.51203e-15 3.91732e-15 1.03295e-14 4.85083e-15 1.20516e-14 5.76675e-15 1.36494e-14 6.66575e-15 1.51878e-14 7.54849e-15 1.66378e-14 8.41562e-15 1.80261e-14 9.26777e-15 1.93632e-14 1.01056e-14 2.06367e-14 1.09295e-14 2.18643e-14 1.17402e-14 2.30678e-14 1.25382e-14 2.42118e-14 1.33239e-14 2.53205e-14 1.40977e-14 2.63898e-14 1.48603e-14 2.74479e-14 1.56119e-14 2.84929e-14 1.63527e-14 2.94893e-14 1.70835e-14
123.105 1.53524e-17 1.53524e-17 3.00239e-27 1.95564e-10 3.15157e-08 9.17357e-16 4.46848e-16 2.05972e-15 8.89161e-16 4.18699e-15 1.75921e-15 6.09015e-15 2.60968e-15 7.8184e-15 3.44105e-15 9.40315e-15 4.25408e-15 1.08934e-14 5.04957e-15 1.22677e-14 5.82837e-15 1.35844e-14 6.59125e-15 1.48202e-14 7.33898e-15 1.59993e-14 8.07228e-15 1.71313e-14 8.7918e-15 1.82064e-14 9.49817e-15 1.92402e-14 1.01919e-14 2.02514e-14 1.08737e-14 2.12106e-14 1.15439e-14 2.21386e-14 1.2203e-14 2.3032e-14 1.28516e-14 2.39147e-14 1.349e-14 2.47851e-14 1.41185e-14 2.56139e-14 1.47377e-14
129.424 1.43973e-17 1.43973e-17 2.46721e-27 1.71366e-10 2.53984e-08 9.23145e-16 3.93638e-16 1.99362e-15 7.82343e-16 3.91833e-15 1.54445e-15 5.60025e-15 2.2865e-15 7.10682e-15 3.00935e-15 8.47533e-15 3.71401e-15 9.75307e-15 4.40149e-15 1.09248e-14 5.07275e-15 1.20423e-14 5.7287e-15 1.30871e-14 6.37016e-15 1.40805e-14 6.99789e-15 1.50314e-14 7.61262e-15 1.59322e-14 8.21498e-15 1.67964e-14 8.80553e-15 1.764e-14 9.38493e-15 1.84387e-14 9.95364e-15 1.921e-14 1.05121e-14 1.99514e-14 1.10608e-14 2.06828e-14 1.16002e-14 2.14031e-14 1.21305e-14 2.2088e-14 1.26523e-14
136.067 1.34948e-17 1.34948e-17 2.02166e-27 1.4981e-10 1.71259e-08 9.14244e-16 3.45179e-16 1.9029e-15 6.85159e-16 3.62263e-15 1.34943e-15 5.09249e-15 1.99355e-15 6.3923e-15 2.61872e-15 7.56262e-15 3.22615e-15 8.64808e-15 3.81701e-15 9.63829e-15 4.39236e-15 1.05786e-14 4.95317e-15 1.14544e-14 5.50032e-15 1.22847e-14 6.03461e-15 1.30773e-14 6.55677e-15 1.38263e-14 7.06747e-15 1.45433e-14 7.56725e-15 1.52419e-14 8.05679e-15 1.59021e-14 8.53654e-15 1.65386e-14 9.00689e-15 1.71496e-14 9.46844e-15 1.77515e-14 9.92151e-15 1.83435e-14 1.03664e-14 1.89057e-14 1.08036e-14
143.051 1.26396e-17 1.26396e-17 1.65243e-27 1.30734e-10 1.37029e-08 8.91578e-16 3.0128e-16 1.792e-15 5.9721e-16 3.31014e-15 1.1733e-15 4.58092e-15 1.7295e-15 5.69125e-15 2.26726e-15 6.68275e-15 2.78799e-15 7.59667e-15 3.29295e-15 8.42632e-15 3.78328e-15 9.21098e-15 4.26e-15 9.93944e-15 4.724e-15 1.06279e-14 5.17611e-15 1.12836e-14 5.61705e-15 1.19017e-14 6.04749e-15 1.24924e-14 6.46798e-15 1.30667e-14 6.87915e-15 1.36086e-14 7.28147e-15 1.41304e-14 7.67531e-15 1.46305e-14 8.06124e-15 1.51225e-14 8.43957e-15 1.56059e-14 8.81057e-15 1.60644e-14 9.17475e-15
150.394 1.18469e-17 1.18469e-17 1.34827e-27 1.13808e-10 2.45195e-08 8.58065e-16 2.6216e-16 1.66852e-15 5.18915e-16 2.99542e-15 1.01681e-15 4.08461e-15 1.49531e-15 5.02561e-15 1.95612e-15 5.85947e-15 2.40075e-15 6.62365e-15 2.83055e-15 7.31422e-15 3.24671e-15 7.96492e-15 3.65024e-15 8.56712e-15 4.04208e-15 9.13476e-15 4.42302e-15 9.67401e-15 4.79379e-15 1.01814e-14 5.15503e-15 1.06653e-14 5.50729e-15 1.11351e-14 5.85117e-15 1.15777e-14 6.18711e-15 1.20032e-14 6.51548e-15 1.24106e-14 6.8368e-15 1.28109e-14 7.15137e-15 1.32037e-14 7.45946e-15 1.3576e-14 7.76152e-15
158.114 1.11125e-17 1.11125e-17 1.1123e-27 1.00094e-10 2.3371e-08 8.15633e-16 2.27475e-16 1.53713e-15 4.49566e-16 2.68626e-15 8.78476e-16 3.61235e-15 1.28871e-15 4.4041e-15 1.68213e-15 5.10069e-15 2.06035e-15 5.73565e-15 2.42477e-15 6.30703e-15 2.77658e-15 6.84356e-15 3.11682e-15 7.33866e-15 3.44639e-15 7.80419e-15 3.76607e-15 8.24548e-15 4.07657e-15 8.65992e-15 4.37852e-15 9.05447e-15 4.67243e-15 9.43693e-15 4.95887e-15 9.79675e-15 5.23825e-15 1.01422e-14 5.51093e-15 1.04726e-14 5.77739e-15 1.07969e-14 6.0379e-15 1.11148e-14 6.29273e-15 1.14159e-14 6.54227e-15
166.23 1.04244e-17 1.04244e-17 9.14564e-28 8.77331e-11 1.21703e-08 7.65739e-16 1.9671e-16 1.40102e-15 3.88126e-16 2.38698e-15 7.56191e-16 3.16804e-15 1.10646e-15 3.8293e-15 1.44092e-15 4.40722e-15 1.76126e-15 4.9314e-15 2.06887e-15 5.40124e-15 2.36495e-15 5.84102e-15 2.65051e-15 6.24575e-15 2.92644e-15 6.62543e-15 3.19349e-15 6.98462e-15 3.45233e-15 7.32135e-15 3.70356e-15 7.64143e-15 3.94765e-15 7.95125e-15 4.18515e-15 8.24235e-15 4.41644e-15 8.52155e-15 4.64184e-15 8.78822e-15 4.8618e-15 9.04977e-15 5.07658e-15 9.30589e-15 5.2864e-15 9.5482e-15 5.49163e-15
174.763 9.77482e-18 9.77482e-18 7.49785e-28 7.67058e-11 1.0554e-08 7.10165e-16 1.69469e-16 1.26351e-15 3.33793e-16 2.10175e-15 6.48313e-16 2.75523e-15 9.46048e-16 3.30345e-15 1.22908e-15 3.77963e-15 1.4991e-15 4.20955e-15 1.75751e-15 4.5935e-15 2.00547e-15 4.95183e-15 2.24398e-15 5.28078e-15 2.47386e-15 5.58871e-15 2.69584e-15 5.87949e-15 2.91056e-15 6.15165e-15 3.11855e-15 6.40996e-15 3.32029e-15 6.65968e-15 3.51624e-15 6.89402e-15 3.70678e-15 7.11854e-15 3.8922e-15 7.33278e-15 4.0729e-15 7.54271e-15 4.24911e-15 7.7481e-15 4.42105e-15 7.94227e-15 4.58903e-15
183.733 9.16067e-18 9.16067e-18 6.13073e-28 6.69245e-11 1.45499e-08 6.50959e-16 1.45455e-16 1.128e-15 2.85959e-16 1.83446e-15 5.53585e-16 2.37703e-15 8.0553e-16 2.82838e-15 1.04392e-15 3.21819e-15 1.27045e-15 3.56861e-15 1.48648e-15 3.88053e-15 1.69314e-15 4.17084e-15 1.89136e-15 4.43673e-15 2.08194e-15 4.68516e-15 2.26556e-15 4.91934e-15 2.4428e-15 5.13819e-15 2.61416e-15 5.34564e-15 2.78007e-15 5.54594e-15 2.94096e-15 5.73371e-15 3.09717e-15 5.91342e-15 3.24897e-15 6.08475e-15 3.3967e-15 6.25249e-15 3.54058e-15 6.41648e-15 3.68081e-15 6.57139e-15 3.81766e-15
193.164 8.58364e-18 8.58364e-18 5.00104e-28 5.82625e-11 0 5.90331e-16 1.2444e-16 9.97778e-16 2.44157e-16 1.58856e-15 4.71021e-16 2.03602e-15 6.83363e-16 2.40535e-15 8.83318e-16 2.72263e-15 1.07254e-15 3.00673e-15 1.25236e-15 3.25884e-15 1.42384e-15 3.49289e-15 1.58787e-15 3.7068e-15 1.74517e-15 3.9063e-15 1.89639e-15 4.09407e-15 2.04205e-15 4.2693e-15 2.18261e-15 4.4352e-15 2.31847e-15 4.59521e-15 2.45001e-15 4.74505e-15 2.57752e-15 4.88834e-15 2.70126e-15 5.02483e-15 2.82153e-15 5.15835e-15 2.93853e-15 5.2888e-15 3.05241e-15 5.41194e-15 3.16344e-15
203.079 8.05507e-18 8.05507e-18 4.11748e-28 5.11166e-11 0 5.30849e-16 1.06307e-16 8.76422e-16 2.08137e-16 1.36772e-15 4.00062e-16 1.73505e-15 5.78623e-16 2.03605e-15 7.45935e-16 2.29337e-15 9.03608e-16 2.52295e-15 1.0529e-15 2.7261e-15 1.19483e-15 2.91425e-15 1.3302e-15 3.08589e-15 1.45971e-15 3.24569e-15 1.58392e-15 3.39588e-15 1.70332e-15 3.53587e-15 1.81833e-15 3.66825e-15 1.9293e-15 3.7958e-15 2.03657e-15 3.91514e-15 2.14041e-15 4.02916e-15 2.24103e-15 4.13769e-15 2.33871e-15 4.24379e-15 2.43362e-15 4.34737e-15 2.5259e-15 4.44509e-15 2.61577e-15
213.503 7.55718e-18 7.55718e-18 3.38747e-28 4.48246e-11 0 4.72784e-16 9.05359e-17 7.63484e-16 1.76859e-16 1.16927e-15 3.3863e-16 1.46905e-15 4.88194e-16 1.71306e-15 6.27624e-16 1.92072e-15 7.58461e-16 2.10537e-15 8.81894e-16 2.26834e-15 9.98861e-16 2.41896e-15 1.11012e-15 2.55611e-15 1.21629e-15 2.68361e-15 1.31789e-15 2.80329e-15 1.41537e-15 2.9147e-15 1.50908e-15 3.01995e-15 1.59935e-15 3.12127e-15 1.68648e-15 3.21598e-15 1.7707e-15 3.30641e-15 1.8522e-15 3.39241e-15 1.93122e-15 3.47644e-15 2.0079e-15 3.55843e-15 2.08239e-15 3.63573e-15 2.15485e-15
224.463 7.08865e-18 7.08865e-18 2.77859e-28 3.91977e-11 0 4.1728e-16 7.6879e-17 6.59967e-16 1.49819e-16 9.93025e-16 2.85691e-16 1.23636e-15 4.10494e-16 1.4332e-15 5.26232e-16 1.60003e-15 6.34367e-16 1.74792e-15 7.36008e-16 1.87812e-15 8.32019e-16 1.99823e-15 9.2309e-16 2.10742e-15 1.00978e-15 2.20878e-15 1.09256e-15 2.30381e-15 1.17182e-15 2.39218e-15 1.24789e-15 2.47559e-15 1.32103e-15 2.5558e-15 1.39152e-15 2.63073e-15 1.45957e-15 2.70222e-15 1.52533e-15 2.77018e-15 1.58902e-15 2.83653e-15 1.65075e-15 2.90123e-15 1.71065e-15 2.9622e-15 1.76887e-15
235.984 6.64668e-18 6.64668e-18 2.273e-28 3.41976e-11 0 3.65099e-16 6.50857e-17 5.66237e-16 1.26511e-16 8.37958e-16 2.40215e-16 1.03445e-15 3.43951e-16 1.1925e-15 4.39638e-16 1.32594e-15 5.28647e-16 1.4439e-15 6.12001e-16 1.54753e-15 6.90487e-16 1.64294e-15 7.6473e-16 1.72955e-15 8.35232e-16 1.80986e-15 9.02406e-16 1.88506e-15 9.66595e-16 1.95492e-15 1.02809e-15 2.0208e-15 1.08713e-15 2.08412e-15 1.14395e-15 2.14322e-15 1.19871e-15 2.19957e-15 1.25158e-15 2.2531e-15 1.30271e-15 2.30534e-15 1.35223e-15 2.35625e-15 1.40023e-15 2.40421e-15 1.44683e-15
248.097 6.22739e-18 6.22739e-18 1.85497e-28 2.97873e-11 0 3.167e-16 5.49186e-17 4.82212e-16 1.06458e-16 7.02568e-16 2.01231e-16 8.60415e-16 2.87093e-16 9.86719e-16 3.6586e-16 1.09298e-15 4.38806e-16 1.18667e-15 5.06864e-16 1.26881e-15 5.70745e-16 1.34432e-15 6.31007e-16 1.41277e-15 6.88095e-16 1.47615e-15 7.42371e-16 1.53545e-15 7.94138e-16 1.5905e-15 8.43648e-16 1.64236e-15 8.91104e-16 1.69217e-15 9.36709e-16 1.73863e-15 9.80612e-16 1.7829e-15 1.02294e-15 1.82494e-15 1.06384e-15 1.86594e-15 1.1034e-15 1.90588e-15 1.1417e-15 1.94349e-15 1.17887e-15
260.832 5.84544e-18 5.84544e-18 1.52304e-28 2.60553e-11 0 2.73207e-16 4.63122e-17 4.0885e-16 8.95145e-17 5.87024e-16 1.68408e-16 7.13546e-16 2.39369e-16 8.143e-16 3.04104e-16 8.98794e-16 3.63788e-16 9.73114e-16 4.19265e-16 1.03815e-15 4.71176e-16 1.09785e-15 5.20012e-16 1.15189e-15 5.66168e-16 1.20189e-15 6.09959e-16 1.24862e-15 6.51647e-16 1.29196e-15 6.91451e-16 1.33277e-15 7.29546e-16 1.37193e-15 7.66104e-16 1.40844e-15 8.01254e-16 1.44321e-15 8.35103e-16 1.47622e-15 8.67773e-16 1.50839e-15 8.99344e-16 1.53972e-15 9.29887e-16 1.56921e-15 9.59493e-16
274.221 5.48488e-18 5.48488e-18 1.25383e-28 2.28598e-11 0 2.33971e-16 3.89473e-17 3.44488e-16 7.50477e-17 4.87864e-16 1.40496e-16 5.88862e-16 1.98927e-16 6.68935e-16 2.51932e-16 7.35889e-16 3.0058e-16 7.94653e-16 3.45634e-16 8.45989e-16 3.8766e-16 8.93046e-16 4.27092e-16 9.35599e-16 4.64274e-16 9.74927e-16 4.99479e-16 1.01165e-15 5.32933e-16 1.04569e-15 5.64823e-16 1.07772e-15 5.95299e-16 1.10843e-15 6.24508e-16 1.13706e-15 6.52557e-16 1.1643e-15 6.79537e-16 1.19015e-15 7.05551e-16 1.21534e-15 7.30667e-16 1.23986e-15 7.54942e-16 1.26292e-15 7.78454e-16
288.297 5.14656e-18 5.14656e-18 1.02903e-28 1.99946e-11 0 1.99069e-16 3.26783e-17 2.88659e-16 6.27627e-17 4.03564e-16 1.16893e-16 4.83911e-16 1.64852e-16 5.47355e-16 2.08109e-16 6.0026e-16 2.47633e-16 6.46602e-16 2.84103e-16 6.87024e-16 3.18017e-16 7.2403e-16 3.49756e-16 7.57459e-16 3.79615e-16 7.88327e-16 4.07831e-16 8.17129e-16 4.34597e-16 8.43806e-16 4.60072e-16 8.68891e-16 4.84383e-16 8.92939e-16 5.07653e-16 9.15335e-16 5.29973e-16 9.36645e-16 5.5142e-16 9.56851e-16 5.72079e-16 9.76536e-16 5.92007e-16 9.95691e-16 6.11251e-16 1.01371e-15 6.29875e-16
303.095 4.82776e-18 4.82776e-18 8.42209e-29 1.74451e-11 0 1.68293e-16 2.73496e-17 2.40561e-16 5.23467e-17 3.32277e-16 9.69713e-17 3.95977e-16 1.362e-16 4.4609e-16 1.7138e-16 4.87776e-16 2.03379e-16 5.24224e-16 2.32799e-16 5.55971e-16 2.60075e-16 5.85002e-16 2.85537e-16 6.11201e-16 3.09438e-16 6.35374e-16 3.3198e-16 6.57913e-16 3.53328e-16 6.78776e-16 3.73616e-16 6.98384e-16 3.92951e-16 7.17171e-16 4.11435e-16 7.3466e-16 4.29145e-16 7.51294e-16 4.46145e-16 7.67062e-16 4.62505e-16 7.82417e-16 4.78272e-16 7.97353e-16 4.93487e-16 8.11397e-16 5.082e-16
318.653 4.52508e-18 4.52508e-18 6.87621e-29 1.51958e-11 0 1.41346e-16 2.28219e-17 1.99345e-16 4.35213e-17 2.72243e-16 8.0173e-17 3.22559e-16 1.12137e-16 3.6201e-16 1.40636e-16 3.94752e-16 1.66443e-16 4.23333e-16 1.90085e-16 4.48196e-16 2.1194e-16 4.70907e-16 2.3229e-16 4.91386e-16 2.51353e-16 5.10267e-16 2.69299e-16 5.2786e-16 2.86266e-16 5.44135e-16 3.02367e-16 5.59424e-16 3.17693e-16 5.74067e-16 3.32326e-16 5.87692e-16 3.46333e-16 6.00646e-16 3.59765e-16 6.12921e-16 3.72679e-16 6.24872e-16 3.85116e-16 6.36493e-16 3.97107e-16 6.47417e-16 4.08696e-16
335.009 4.2457e-18 4.2457e-18 5.63035e-29 1.32613e-11 0 1.18196e-16 1.90229e-17 1.64606e-16 3.61367e-17 2.22423e-16 6.61844e-17 2.62104e-16 9.2177e-17 2.93119e-16 1.15218e-16 3.18808e-16 1.3599e-16 3.41198e-16 1.54954e-16 3.60652e-16 1.72433e-16 3.78406e-16 1.8867e-16 3.94402e-16 2.03848e-16 4.09139e-16 2.18111e-16 4.22864e-16 2.31576e-16 4.35554e-16 2.44336e-16 4.4747e-16 2.56466e-16 4.58877e-16 2.68036e-16 4.69487e-16 2.79098e-16 4.79572e-16 2.89697e-16 4.89125e-16 2.9988e-16 4.98423e-16 3.09678e-16 5.07463e-16 3.19119e-16 5.15957e-16 3.28236e-16
352.205 3.98628e-18 3.98628e-18 4.63805e-29 1.1635e-11 0 9.84054e-17 1.58345e-17 1.35434e-16 2.99577e-17 1.81188e-16 5.45389e-17 2.12428e-16 7.56282e-17 2.36776e-16 9.42147e-17 2.56905e-16 1.10898e-16 2.74425e-16 1.26077e-16 2.89631e-16 1.40028e-16 3.03497e-16 1.52958e-16 3.1598e-16 1.6502e-16 3.27474e-16 1.76337e-16 3.38173e-16 1.87003e-16 3.4806e-16 1.97098e-16 3.57341e-16 2.06684e-16 3.66221e-16 2.15817e-16 3.74479e-16 2.24542e-16 3.82326e-16 2.32893e-16 3.89757e-16 2.40911e-16 3.96987e-16 2.4862e-16 4.04014e-16 2.56042e-16 4.10617e-16 2.63207e-16
370.284 3.74152e-18 3.74152e-18 3.80859e-29 1.01793e-11 0 8.15147e-17 1.31498e-17 1.1095e-16 2.47721e-17 1.47052e-16 4.48195e-17 1.71583e-16 6.18764e-17 1.90654e-16 7.68225e-17 2.06394e-16 9.01812e-17 2.20076e-16 1.02294e-16 2.31939e-16 1.13397e-16 2.42748e-16 1.23664e-16 2.52473e-16 1.33224e-16 2.61423e-16 1.42179e-16 2.69749e-16 1.50607e-16 2.77441e-16 1.58573e-16 2.84657e-16 1.66129e-16 2.91561e-16 1.73322e-16 2.97978e-16 1.80186e-16 3.04074e-16 1.86752e-16 3.09846e-16 1.9305e-16 3.1546e-16 1.99102e-16 3.20916e-16 2.04925e-16 3.26041e-16 2.10543e-16
389.291 3.51091e-18 3.51091e-18 3.11853e-29 8.8824e-12 0 6.72067e-17 1.08961e-17 9.05285e-17 2.04346e-17 1.18938e-16 3.67361e-17 1.38159e-16 5.04899e-17 1.53067e-16 6.24731e-17 1.65351e-16 7.31385e-17 1.76017e-16 8.27774e-17 1.85257e-16 9.15902e-17 1.9367e-16 9.97215e-17 2.01235e-16 1.0728e-16 2.08193e-16 1.14348e-16 2.14663e-16 1.20991e-16 2.20638e-16 1.27264e-16 2.26242e-16 1.33206e-16 2.31601e-16 1.38858e-16 2.36582e-16 1.44247e-16 2.41312e-16 1.49398e-16 2.45789e-16 1.54336e-16 2.50143e-16 1.59077e-16 2.54374e-16 1.63637e-16 2.58347e-16 1.68033e-16
409.273 3.29347e-18 3.29347e-18 2.54699e-29 7.73346e-12 0 5.51617e-17 9.00849e-18 7.35826e-17 1.68151e-17 9.58827e-17 3.00314e-17 1.10911e-16 4.10884e-17 1.22541e-16 5.06677e-17 1.32111e-16 5.91587e-17 1.40412e-16 6.68082e-17 1.47597e-16 7.37845e-17 1.54135e-16 8.0208e-17 1.6001e-16 8.61683e-17 1.65412e-16 9.17339e-17 1.70433e-16 9.69587e-17 1.75068e-16 1.01886e-16 1.79414e-16 1.0655e-16 1.83569e-16 1.10981e-16 1.8743e-16 1.15203e-16 1.91095e-16 1.19236e-16 1.94564e-16 1.23099e-16 1.97937e-16 1.26806e-16 2.01213e-16 1.3037e-16 2.0429e-16 1.33804e-16
430.281 3.08844e-18 3.08844e-18 2.07968e-29 6.73375e-12 0 4.50832e-17 7.43126e-18 5.95909e-17 1.3803e-17 7.70541e-17 2.44864e-17 8.878e-17 3.33492e-17 9.78372e-17 4.0985e-17 1.0528e-16 4.77262e-17 1.1173e-16 5.37808e-17 1.17309e-16 5.92892e-17 1.22382e-16 6.43512e-17 1.26939e-16 6.90404e-17 1.31127e-16 7.3413e-17 1.35018e-16 7.75128e-17 1.38609e-16 8.13751e-17 1.41975e-16 8.50274e-17 1.45193e-16 8.84949e-17 1.48181e-16 9.17964e-17 1.51018e-16 9.49473e-17 1.53702e-16 9.7964e-17 1.56312e-16 1.00857e-16 1.58847e-16 1.03637e-16 1.61226e-16 1.06315e-16
452.368 2.90158e-18 2.90158e-18 1.71426e-29 5.90801e-12 0 3.67796e-17 6.13022e-18 4.82001e-17 1.13282e-17 6.18758e-17 1.99582e-17 7.10284e-17 2.70574e-17 7.80854e-17 3.31406e-17 8.38779e-17 3.84903e-17 8.88932e-17 4.3281e-17 9.32284e-17 4.76295e-17 9.71684e-17 5.1618e-17 1.00706e-16 5.5307e-17 1.03956e-16 5.87424e-17 1.06974e-16 6.19599e-17 1.09759e-16 6.49879e-17 1.12369e-16 6.78488e-17 1.14863e-16 7.05628e-17 1.17179e-16 7.31451e-17 1.19377e-16 7.56081e-17 1.21456e-16 7.79648e-17 1.23478e-16 8.02241e-17 1.25441e-16 8.23936e-17 1.27283e-16 8.44823e-17
475.588 2.72352e-18 2.72352e-18 1.40856e-29 5.17184e-12 0 2.9875e-17 5.04311e-18 3.88378e-17 9.26968e-18 4.95198e-17 1.62173e-17 5.66474e-17 2.18849e-17 6.21343e-17 2.67156e-17 6.66332e-17 3.09477e-17 7.05253e-17 3.47271e-17 7.38877e-17 3.815e-17 7.69421e-17 4.1284e-17 7.96833e-17 4.41784e-17 8.22006e-17 4.68704e-17 8.45382e-17 4.93889e-17 8.66943e-17 5.1757e-17 8.87142e-17 5.39925e-17 9.06441e-17 5.61117e-17 9.24361e-17 5.81268e-17 9.41365e-17 6.00476e-17 9.57448e-17 6.18846e-17 9.73081e-17 6.36449e-17 9.88259e-17 6.53343e-17 1.00251e-16 6.69602e-17
500 2.55575e-18 2.55575e-18 1.15406e-29 4.51553e-12 0 2.41822e-17 4.14028e-18 3.12008e-17 7.56818e-18 3.95297e-17 1.31464e-17 4.5072e-17 1.76593e-17 4.93322e-17 2.14858e-17 5.2822e-17 2.48262e-17 5.58389e-17 2.78011e-17 5.84438e-17 3.04899e-17 6.0809e-17 3.29475e-17 6.29309e-17 3.5214e-17 6.48789e-17 3.73196e-17 6.66874e-17 3.92875e-17 6.8355e-17 4.11363e-17 6.9917e-17 4.28802e-17 7.1409e-17 4.45323e-17 7.27942e-17 4.61023e-17 7.41084e-17 4.7598e-17 7.53513e-17 4.90278e-17 7.65592e-17 5.03972e-17 7.77318e-17 5.1711e-17 7.88323e-17 5.29749e-17
525.665 2.39892e-18 2.39892e-18 9.43095e-30 3.93132e-12 0 1.95201e-17 3.39391e-18 2.50078e-17 6.16843e-18 3.14946e-17 1.06378e-17 3.58004e-17 1.4224e-17 3.91057e-17 1.72495e-17 4.18109e-17 1.98814e-17 4.4148e-17 2.22194e-17 4.6165e-17 2.43283e-17 4.79956e-17 2.62528e-17 4.96374e-17 2.80254e-17 5.11441e-17 2.96703e-17 5.25426e-17 3.12063e-17 5.38319e-17 3.2648e-17 5.50393e-17 3.4007e-17 5.61925e-17 3.52937e-17 5.72628e-17 3.65157e-17 5.82782e-17 3.76794e-17 5.92384e-17 3.87912e-17 6.01714e-17 3.98557e-17 6.10771e-17 4.08765e-17 6.1927e-17 4.18583e-17
552.648 2.25234e-18 2.25234e-18 7.68889e-30 3.41372e-12 0 1.57164e-17 2.77798e-18 2.00015e-17 5.01922e-18 2.50486e-17 8.59282e-18 2.83912e-17 1.14373e-17 3.0954e-17 1.38253e-17 3.30498e-17 1.58958e-17 3.48595e-17 1.77306e-17 3.64205e-17 1.93824e-17 3.78367e-17 2.08876e-17 3.91065e-17 2.22723e-17 4.02716e-17 2.35559e-17 4.13527e-17 2.47534e-17 4.23492e-17 2.58766e-17 4.32822e-17 2.69347e-17 4.41732e-17 2.79359e-17 4.50001e-17 2.88863e-17 4.57844e-17 2.97909e-17 4.6526e-17 3.06548e-17 4.72465e-17 3.14816e-17 4.79459e-17 3.22742e-17 4.86021e-17 3.30362e-17
581.015 2.11782e-18 2.11782e-18 6.33381e-30 2.99072e-12 0 1.26388e-17 2.27323e-18 1.59847e-17 4.08232e-18 1.99129e-17 6.93752e-18 2.25092e-17 9.19223e-18 2.44976e-17 1.10763e-17 2.61224e-17 1.27046e-17 2.75247e-17 1.41443e-17 2.87338e-17 1.54381e-17 2.98304e-17 1.66154e-17 3.08133e-17 1.76971e-17 3.1715e-17 1.8699e-17 3.25515e-17 1.96329e-17 3.33224e-17 2.05082e-17 3.40441e-17 2.13323e-17 3.47332e-17 2.21116e-17 3.53726e-17 2.28511e-17 3.5979e-17 2.35546e-17 3.65524e-17 2.42262e-17 3.71094e-17 2.48687e-17 3.76499e-17 2.54845e-17 3.81572e-17 2.60764e-17
610.839 1.99087e-18 1.99087e-18 5.20714e-30 2.61551e-12 0 1.0136e-17 1.85656e-18 1.27446e-17 3.31331e-18 1.5798e-17 5.58906e-18 1.78124e-17 7.37235e-18 1.93536e-17 8.85575e-18 2.06122e-17 1.0134e-17 2.16978e-17 1.12616e-17 2.26335e-17 1.22733e-17 2.3482e-17 1.31926e-17 2.42423e-17 1.40365e-17 2.49396e-17 1.48173e-17 2.55863e-17 1.55447e-17 2.61823e-17 1.6226e-17 2.67401e-17 1.6867e-17 2.72727e-17 1.74729e-17 2.77668e-17 1.80475e-17 2.82354e-17 1.8594e-17 2.86784e-17 1.91156e-17 2.91087e-17 1.96144e-17 2.95262e-17 2.00923e-17 2.9918e-17 2.05515e-17
642.193 1.87077e-18 1.87077e-18 4.26801e-30 2.28142e-12 0 8.10659e-18 1.51309e-18 1.0137e-17 2.68313e-18 1.25073e-17 4.49251e-18 1.40683e-17 5.8997e-18 1.52615e-17 7.06521e-18 1.62354e-17 8.06662e-18 1.70751e-17 8.94822e-18 1.77986e-17 9.73797e-18 1.84545e-17 1.04548e-17 1.9042e-17 1.1112e-17 1.95808e-17 1.17197e-17 2.00804e-17 1.22853e-17 2.05407e-17 1.28148e-17 2.09716e-17 1.33128e-17 2.13828e-17 1.37833e-17 2.17643e-17 1.42293e-17 2.21261e-17 1.46532e-17 2.24681e-17 1.50578e-17 2.28003e-17 1.54445e-17 2.31226e-17 1.5815e-17 2.3425e-17 1.61708e-17
675.157 1.75725e-18 1.75725e-18 3.48868e-30 1.98531e-12 0 6.46673e-18 1.23062e-18 8.04475e-18 2.16804e-18 9.88243e-18 3.60317e-18 1.10908e-17 4.71118e-18 1.20138e-17 5.62509e-18 1.27667e-17 6.40821e-18 1.34155e-17 7.0963e-18 1.39744e-17 7.71179e-18 1.4481e-17 8.26979e-18 1.49346e-17 8.78098e-18 1.53506e-17 9.25323e-18 1.57363e-17 9.69253e-18 1.60915e-17 1.01035e-17 1.6424e-17 1.04899e-17 1.67414e-17 1.08547e-17 1.70357e-17 1.12005e-17 1.73148e-17 1.1529e-17 1.75787e-17 1.18424e-17 1.78349e-17 1.2142e-17 1.80835e-17 1.24288e-17 1.83167e-17 1.27043e-17
709.813 1.65003e-18 1.65003e-18 2.84475e-30 1.72406e-12 0 5.14613e-18 9.98874e-19 6.37091e-18 1.74811e-18 7.79405e-18 2.8838e-18 8.72856e-18 3.75443e-18 9.4418e-18 4.46973e-18 1.00233e-17 5.0811e-18 1.05243e-17 5.6173e-18 1.09557e-17 6.09629e-18 1.13466e-17 6.53006e-18 1.16967e-17 6.92711e-18 1.20176e-17 7.29365e-18 1.23151e-17 7.6344e-18 1.25891e-17 7.95306e-18 1.28455e-17 8.25244e-18 1.30902e-17 8.53507e-18 1.33171e-17 8.80281e-18 1.35323e-17 9.05718e-18 1.37357e-17 9.29971e-18 1.39332e-17 9.53148e-18 1.41249e-17 9.75337e-18 1.43046e-17 9.96643e-18
746.248 1.55092e-18 1.55092e-18 2.33763e-30 1.50725e-12 0 4.09136e-18 8.10246e-19 5.04205e-18 1.40848e-18 6.14449e-18 2.30642e-18 6.8675e-18 2.99011e-18 7.41894e-18 3.54974e-18 7.86834e-18 4.0269e-18 8.25539e-18 4.44469e-18 8.5886e-18 4.81742e-18 8.89045e-18 5.15463e-18 9.16072e-18 5.46305e-18 9.40843e-18 5.74758e-18 9.63806e-18 6.01196e-18 9.84953e-18 6.25906e-18 1.00474e-17 6.49113e-18 1.02362e-17 6.71014e-18 1.04114e-17 6.91754e-18 1.05774e-17 7.11452e-18 1.07343e-17 7.3023e-18 1.08867e-17 7.4817e-18 1.10345e-17 7.65341e-18 1.11731e-17 7.81827e-18
784.553 1.45807e-18 1.45807e-18 1.92389e-30 1.31948e-12 0 3.24755e-18 6.5631e-19 3.98503e-18 1.13313e-18 4.83868e-18 1.84198e-18 5.39788e-18 2.37818e-18 5.82412e-18 2.81552e-18 6.17135e-18 3.18758e-18 6.47031e-18 3.51283e-18 6.72763e-18 3.80265e-18 6.96069e-18 4.06463e-18 7.16934e-18 4.30405e-18 7.36054e-18 4.5248e-18 7.53776e-18 4.7298e-18 7.70096e-18 4.92133e-18 7.85365e-18 5.10114e-18 7.99934e-18 5.27077e-18 8.13446e-18 5.43137e-18 8.26255e-18 5.58386e-18 8.38359e-18 5.72919e-18 8.50113e-18 5.868e-18 8.61517e-18 6.00085e-18 8.72212e-18 6.12837e-18
824.824 1.37024e-18 1.37024e-18 1.57862e-30 1.15207e-12 0 2.57233e-18 5.30555e-19 3.14377e-18 9.09727e-19 3.80412e-18 1.46813e-18 4.23625e-18 1.88788e-18 4.56545e-18 2.22911e-18 4.83352e-18 2.51878e-18 5.06428e-18 2.77164e-18 5.26285e-18 2.99671e-18 5.44267e-18 3.19999e-18 5.60362e-18 3.38563e-18 5.75111e-18 3.5567e-18 5.8878e-18 3.7155e-18 6.01366e-18 3.8638e-18 6.13141e-18 4.00298e-18 6.24375e-18 4.13424e-18 6.34793e-18 4.25847e-18 6.44669e-18 4.37641e-18 6.54001e-18 4.48878e-18 6.63062e-18 4.5961e-18 6.71853e-18 4.69878e-18 6.80098e-18 4.79733e-18
867.163 1.28721e-18 1.28721e-18 1.29159e-30 1.0034e-12 0 2.03343e-18 4.28049e-19 2.47574e-18 7.28896e-19 2.9861e-18 1.1679e-18 3.31977e-18 1.49593e-18 3.57383e-18 1.76175e-18 3.78065e-18 1.98697e-18 3.95863e-18 2.1833e-18 4.11176e-18 2.35787e-18 4.2504e-18 2.51542e-18 4.37449e-18 2.65921e-18 4.48818e-18 2.79165e-18 4.59354e-18 2.91453e-18 4.69055e-18 3.02924e-18 4.78129e-18 3.13687e-18 4.86787e-18 3.23834e-18 4.94815e-18 3.33436e-18 5.02425e-18 3.42549e-18 5.09615e-18 3.51231e-18 5.16596e-18 3.59521e-18 5.23369e-18 3.67451e-18 5.29721e-18 3.75061e-18
911.674 1.20877e-18 1.20877e-18 1.05386e-30 8.7185e-13 0 1.6044e-18 3.44676e-19 1.94642e-18 5.82858e-19 2.34053e-18 9.27332e-19 2.59796e-18 1.18326e-18 2.79389e-18 1.39004e-18 2.95334e-18 1.56492e-18 3.09053e-18 1.71717e-18 3.20854e-18 1.85243e-18 3.31537e-18 1.9744e-18 3.41098e-18 2.08566e-18 3.49857e-18 2.18809e-18 3.57973e-18 2.28309e-18 3.65445e-18 2.37174e-18 3.72434e-18 2.45489e-18 3.79102e-18 2.53327e-18 3.85285e-18 2.60743e-18 3.91145e-18 2.67779e-18 3.96682e-18 2.74481e-18 4.02058e-18 2.80879e-18 4.07273e-18 2.86999e-18 4.12164e-18 2.92871e-18
958.471 1.13574e-18 1.13574e-18 8.63625e-31 7.6041e-13 0 1.26479e-18 2.77266e-19 1.52926e-18 4.65612e-19 1.83363e-18 7.35664e-19 2.03229e-18 9.35212e-19 2.18343e-18 1.096e-18 2.30639e-18 1.23175e-18 2.41217e-18 1.34979e-18 2.50314e-18 1.45457e-18 2.58549e-18 1.549e-18 2.65918e-18 1.63508e-18 2.72668e-18 1.7143e-18 2.78922e-18 1.78774e-18 2.8468e-18 1.85627e-18 2.90065e-18 1.92052e-18 2.95202e-18 1.98106e-18 2.99966e-18 2.03834e-18 3.04481e-18 2.09267e-18 3.08746e-18 2.14442e-18 3.12887e-18 2.19381e-18 3.16905e-18 2.24105e-18 3.20672e-18 2.28637e-18
1007.67 1.06784e-18 1.06784e-18 7.10801e-31 6.65642e-13 0 9.96402e-19 2.22849e-19 1.20094e-18 3.71637e-19 1.43607e-18 5.83195e-19 1.58944e-18 7.38721e-19 1.70607e-18 8.63715e-19 1.80094e-18 9.69075e-19 1.88253e-18 1.06059e-18 1.95269e-18 1.14177e-18 2.0162e-18 1.21487e-18 2.07302e-18 1.28149e-18 2.12506e-18 1.34277e-18 2.17328e-18 1.39956e-18 2.21767e-18 1.45253e-18 2.25919e-18 1.50219e-18 2.29879e-18 1.54898e-18 2.33551e-18 1.59322e-18 2.3703e-18 1.63519e-18 2.40318e-18 1.67516e-18 2.4351e-18 1.7133e-18 2.46606e-18 1.74977e-18 2.4951e-18 1.78476e-18
1059.39 1.00359e-18 1.00359e-18 5.83166e-31 5.81082e-13 0 7.83641e-19 1.78767e-19 9.41689e-19 2.96064e-19 1.12319e-18 4.61511e-19 1.2415e-18 5.8255e-19 1.33145e-18 6.79594e-19 1.40459e-18 7.61274e-19 1.46749e-18 8.32154e-19 1.52157e-18 8.94974e-19 1.57051e-18 9.51519e-19 1.6143e-18 1.00302e-18 1.6544e-18 1.05038e-18 1.69156e-18 1.09426e-18 1.72576e-18 1.13518e-18 1.75774e-18 1.17353e-18 1.78825e-18 1.20965e-18 1.81654e-18 1.24381e-18 1.84335e-18 1.2762e-18 1.86867e-18 1.30705e-18 1.89326e-18 1.33648e-18 1.91711e-18 1.36462e-18 1.93948e-18 1.39162e-18
1113.77 9.42844e-19 9.42844e-19 4.77147e-31 5.06072e-13 0 6.15346e-19 1.43137e-19 7.37374e-19 2.35431e-19 8.77383e-19 3.64609e-19 9.68594e-19 4.58683e-19 1.03791e-18 5.33939e-19 1.09427e-18 5.97195e-19 1.14273e-18 6.52037e-19 1.18439e-18 7.00609e-19 1.22209e-18 7.44308e-19 1.25582e-18 7.84095e-19 1.28671e-18 8.20667e-19 1.31532e-18 8.54543e-19 1.34166e-18 8.86125e-19 1.36629e-18 9.15717e-19 1.38978e-18 9.43589e-19 1.41156e-18 9.69939e-19 1.4322e-18 9.94926e-19 1.4517e-18 1.01871e-18 1.47063e-18 1.04141e-18 1.489e-18 1.06311e-18 1.50621e-18 1.08392e-18
1170.94 8.85453e-19 8.85453e-19 3.89382e-31 4.39755e-13 0 4.82474e-19 1.144e-19 5.7662e-19 1.86885e-19 6.8455e-19 2.87589e-19 7.54826e-19 3.60614e-19 8.0822e-19 4.18911e-19 8.51623e-19 4.6785e-19 8.88936e-19 5.10244e-19 9.21013e-19 5.47768e-19 9.50037e-19 5.81511e-19 9.76e-19 6.12222e-19 9.99776e-19 6.40443e-19 1.0218e-18 6.66577e-19 1.04207e-18 6.90936e-19 1.06103e-18 7.13757e-19 1.07911e-18 7.35247e-19 1.09587e-18 7.5556e-19 1.11176e-18 7.74821e-19 1.12677e-18 7.93155e-19 1.14134e-18 8.10647e-19 1.15547e-18 8.2737e-19 1.16872e-18 8.43406e-19
1231.05 8.31659e-19 8.31659e-19 3.18109e-31 3.825e-13 0 3.7794e-19 9.13123e-20 4.5056e-19 1.48166e-19 5.33749e-19 2.26598e-19 5.87889e-19 2.83243e-19 6.29014e-19 3.28378e-19 6.62438e-19 3.66224e-19 6.91169e-19 3.98983e-19 7.15866e-19 4.27962e-19 7.3821e-19 4.5401e-19 7.58197e-19 4.7771e-19 7.76499e-19 4.99482e-19 7.93452e-19 5.1964e-19 8.09056e-19 5.38424e-19 8.23646e-19 5.5602e-19 8.37563e-19 5.72587e-19 8.50464e-19 5.88245e-19 8.6269e-19 6.0309e-19 8.74239e-19 6.17219e-19 8.85451e-19 6.30698e-19 8.96325e-19 6.43583e-19 9.06521e-19 6.55939e-19
1294.24 7.82049e-19 7.82049e-19 2.62002e-31 3.3502e-13 0 2.96105e-19 7.28669e-20 3.52169e-19 1.17451e-19 4.16348e-19 1.78546e-19 4.58099e-19 2.22504e-19 4.89805e-19 2.57468e-19 5.1557e-19 2.86754e-19 5.37715e-19 3.12086e-19 5.56749e-19 3.34483e-19 5.73969e-19 3.54607e-19 5.89371e-19 3.72912e-19 6.03475e-19 3.89723e-19 6.16538e-19 4.05284e-19 6.28561e-19 4.19782e-19 6.39803e-19 4.33361e-19 6.50525e-19 4.46145e-19 6.60465e-19 4.58226e-19 6.69884e-19 4.69678e-19 6.78782e-19 4.80577e-19 6.87419e-19 4.90973e-19 6.95797e-19 5.00911e-19 7.03652e-19 5.1044e-19
1360.67 7.35056e-19 7.35056e-19 2.15103e-31 2.92635e-13 0 2.31664e-19 5.80406e-20 2.74913e-19 9.29421e-20 3.24393e-19 1.40464e-19 3.56569e-19 1.74537e-19 3.80998e-19 2.01594e-19 4.00848e-19 2.24235e-19 4.17907e-19 2.43806e-19 4.32568e-19 2.61102e-19 4.45831e-19 2.76637e-19 4.57694e-19 2.90763e-19 4.68555e-19 3.03734e-19 4.78615e-19 3.15738e-19 4.87874e-19 3.26921e-19 4.96531e-19 3.37392e-19 5.04788e-19 3.4725e-19 5.12442e-19 3.56564e-19 5.19695e-19 3.65393e-19 5.26546e-19 3.73794e-19 5.33196e-19 3.81808e-19 5.39647e-19 3.89468e-19 5.45695e-19 3.96812e-19
1430.51 6.90618e-19 6.90618e-19 1.76099e-31 2.54988e-13 0 1.81015e-19 4.61508e-20 2.14358e-19 7.34282e-20 2.52482e-19 1.10346e-19 2.77265e-19 1.36729e-19 2.96078e-19 1.57648e-19 3.11363e-19 1.75137e-19 3.24497e-19 1.90246e-19 3.35784e-19 2.03593e-19 3.45994e-19 2.15577e-19 3.55126e-19 2.26471e-19 3.63487e-19 2.36472e-19 3.71231e-19 2.45726e-19 3.78357e-19 2.54346e-19 3.85021e-19 2.62416e-19 3.91376e-19 2.70013e-19 3.97267e-19 2.7719e-19 4.02849e-19 2.83992e-19 4.08122e-19 2.90465e-19 4.1324e-19 2.96639e-19 4.18204e-19 3.02539e-19 4.22859e-19 3.08196e-19
1503.94 6.48642e-19 6.48642e-19 1.43794e-31 2.21685e-13 0 1.41272e-19 3.66358e-20 1.66963e-19 5.79224e-20 1.96323e-19 8.6568e-20 2.15402e-19 1.06978e-19 2.29883e-19 1.23138e-19 2.41646e-19 1.36638e-19 2.51754e-19 1.48294e-19 2.6044e-19 1.58586e-19 2.68297e-19 1.67825e-19 2.75323e-19 1.76222e-19 2.81756e-19 1.83929e-19 2.87715e-19 1.91059e-19 2.93198e-19 1.97699e-19 2.98324e-19 2.03916e-19 3.03214e-19 2.09767e-19 3.07746e-19 2.15294e-19 3.1204e-19 2.20533e-19 3.16097e-19 2.25517e-19 3.20034e-19 2.3027e-19 3.23853e-19 2.34813e-19 3.27434e-19 2.39169e-19
1581.14 6.08984e-19 6.08984e-19 1.17137e-31 1.92349e-13 0 1.10126e-19 2.90341e-20 1.29908e-19 4.5621e-20 1.52506e-19 6.78225e-20 1.67187e-19 8.35969e-20 1.78328e-19 9.60706e-20 1.87377e-19 1.06483e-19 1.95152e-19 1.15469e-19 2.01833e-19 1.23401e-19 2.07876e-19 1.30518e-19 2.1328e-19 1.36986e-19 2.18227e-19 1.42921e-19 2.2281e-19 1.48412e-19 2.27026e-19 1.53524e-19 2.30969e-19 1.5831e-19 2.34729e-19 1.62814e-19 2.38214e-19 1.67069e-19 2.41516e-19 1.71101e-19 2.44635e-19 1.74937e-19 2.47663e-19 1.78595e-19 2.506e-19 1.82091e-19 2.53353e-19 1.85442e-19
1662.3 5.72702e-19 5.72702e-19 9.65582e-32 1.68601e-13 0 8.59246e-20 2.30193e-20 1.0118e-19 3.59522e-20 1.186e-19 5.31758e-20 1.29914e-19 6.53816e-20 1.38498e-19 7.5022e-20 1.45471e-19 8.30639e-20 1.51461e-19 9.00007e-20 1.56608e-19 9.61219e-20 1.61263e-19 1.01614e-19 1.65426e-19 1.06603e-19 1.69237e-19 1.1118e-19 1.72766e-19 1.15414e-19 1.76014e-19 1.19357e-19 1.79051e-19 1.23047e-19 1.81947e-19 1.26519e-19 1.84631e-19 1.29799e-19 1.87175e-19 1.32907e-19 1.89577e-19 1.35863e-19 1.9191e-19 1.38683e-19 1.94171e-19 1.41377e-19 1.96292e-19 1.4396e-19
1747.63 5.38352e-19 5.38352e-19 7.93291e-32 1.47356e-13 0 6.69658e-20 1.82206e-20 7.87237e-20 2.82903e-20 9.21441e-20 4.16375e-20 1.00858e-19 5.10736e-20 1.0747e-19 5.85184e-20 1.12839e-19 6.47249e-20 1.17451e-19 7.00763e-20 1.21415e-19 7.4797e-20 1.24999e-19 7.90313e-20 1.28204e-19 8.28774e-20 1.31138e-19 8.64059e-20 1.33856e-19 8.96691e-20 1.36356e-19 9.27071e-20 1.38694e-19 9.55504e-20 1.40924e-19 9.82257e-20 1.4299e-19 1.00753e-19 1.44949e-19 1.03147e-19 1.46798e-19 1.05425e-19 1.48593e-19 1.07597e-19 1.50334e-19 1.09673e-19 1.51967e-19 1.11662e-19
1837.33 5.05861e-19 5.05861e-19 6.4984e-32 1.28462e-13 0 5.21348e-20 1.43995e-20 6.11917e-20 2.22297e-20 7.15257e-20 3.25626e-20 7.82346e-20 3.98515e-20 8.33238e-20 4.55966e-20 8.74565e-20 5.03833e-20 9.10067e-20 5.4509e-20 9.40568e-20 5.81475e-20 9.68154e-20 6.14104e-20 9.9282e-20 6.43737e-20 1.0154e-19 6.70919e-20 1.03631e-19 6.96055e-20 1.05556e-19 7.19453e-20 1.07355e-19 7.41352e-20 1.0907e-19 7.61954e-20 1.10661e-19 7.81413e-20 1.12168e-19 7.99851e-20 1.13591e-19 8.17389e-20 1.14972e-19 8.34113e-20 1.16312e-19 8.50093e-20 1.17568e-19 8.6541e-20
1931.64 4.75148e-19 4.75148e-19 5.30924e-32 1.11739e-13 0 4.05472e-20 1.13624e-20 4.752e-20 1.74436e-20 5.54734e-20 2.54354e-20 6.06359e-20 3.10613e-20 6.45516e-20 3.54917e-20 6.77312e-20 3.91811e-20 7.04624e-20 4.23598e-20 7.28089e-20 4.51626e-20 7.4931e-20 4.76755e-20 7.68285e-20 4.99574e-20 7.85655e-20 5.20503e-20 8.01741e-20 5.39854e-20 8.16543e-20 5.57867e-20 8.30382e-20 5.74724e-20 8.43578e-20 5.90582e-20 8.55811e-20 6.05559e-20 8.674e-20 6.19749e-20 8.78347e-20 6.33247e-20 8.88973e-20 6.46117e-20 8.99277e-20 6.58414e-20 9.08938e-20 6.70201e-20
2030.79 4.46137e-19 4.46137e-19 4.32729e-32 9.69947e-14 0 3.15048e-20 8.95272e-21 3.68703e-20 1.367e-20 4.29888e-20 1.98456e-20 4.69595e-20 2.41849e-20 4.99711e-20 2.75992e-20 5.24162e-20 3.04412e-20 5.45165e-20 3.2889e-20 5.63209e-20 3.50468e-20 5.79527e-20 3.69811e-20 5.94118e-20 3.87374e-20 6.07474e-20 4.0348e-20 6.19843e-20 4.18371e-20 6.31224e-20 4.32231e-20 6.41864e-20 4.452e-20 6.52011e-20 4.57401e-20 6.61416e-20 4.68923e-20 6.70326e-20 4.79839e-20 6.78743e-20 4.90222e-20 6.86912e-20 5.00122e-20 6.94835e-20 5.09581e-20 7.02263e-20 5.18647e-20
2135.03 4.19398e-19 4.19398e-19 3.55781e-32 8.48314e-14 0 2.44943e-20 7.05491e-21 2.86276e-20 1.07159e-20 3.33397e-20 1.54915e-20 3.63972e-20 1.88413e-20 3.87159e-20 2.14751e-20 4.05985e-20 2.36664e-20 4.22154e-20 2.55532e-20 4.36046e-20 2.72162e-20 4.48608e-20 2.87067e-20 4.5984e-20 3.00599e-20 4.70121e-20 3.13007e-20 4.79643e-20 3.24478e-20 4.88404e-20 3.35154e-20 4.96594e-20 3.45143e-20 5.04405e-20 3.5454e-20 5.11644e-20 3.63414e-20 5.18503e-20 3.71821e-20 5.24982e-20 3.79817e-20 5.3127e-20 3.87441e-20 5.37369e-20 3.94725e-20 5.43086e-20 4.01706e-20
2244.63 3.94279e-19 3.94279e-19 2.9251e-32 7.41885e-14 0 1.90345e-20 5.5539e-21 2.22183e-20 8.39321e-21 2.58471e-20 1.20848e-20 2.82014e-20 1.46701e-20 2.99867e-20 1.67014e-20 3.14361e-20 1.83907e-20 3.2681e-20 1.9845e-20 3.37504e-20 2.11265e-20 3.47175e-20 2.2275e-20 3.55821e-20 2.33174e-20 3.63736e-20 2.42733e-20 3.71066e-20 2.51569e-20 3.7781e-20 2.59792e-20 3.84115e-20 2.67486e-20 3.90127e-20 2.74723e-20 3.957e-20 2.81557e-20 4.0098e-20 2.88031e-20 4.05967e-20 2.94189e-20 4.10807e-20 3.00059e-20 4.15501e-20 3.05668e-20 4.19902e-20 3.11044e-20
2359.84 3.70517e-19 3.70517e-19 2.39766e-32 6.47114e-14 0 1.47784e-20 4.36614e-21 1.72296e-20 6.56592e-21 2.00229e-20 9.41721e-21 2.18349e-20 1.14112e-20 2.32088e-20 1.29768e-20 2.43242e-20 1.42785e-20 2.52822e-20 1.53988e-20 2.61051e-20 1.63858e-20 2.68493e-20 1.72702e-20 2.75146e-20 1.80729e-20 2.81236e-20 1.88089e-20 2.86876e-20 1.94892e-20 2.92066e-20 2.01222e-20 2.96917e-20 2.07145e-20 3.01543e-20 2.12716e-20 3.05831e-20 2.17977e-20 3.09893e-20 2.2296e-20 3.1373e-20 2.277e-20 3.17455e-20 2.32219e-20 3.21066e-20 2.36536e-20 3.24453e-20 2.40674e-20
2480.97 3.48052e-19 3.48052e-19 1.96003e-32 5.63142e-14 0 1.1464e-20 3.42775e-21 1.33503e-20 5.13037e-21 1.54994e-20 7.33099e-21 1.68934e-20 8.86787e-21 1.79503e-20 1.0074e-20 1.88083e-20 1.10764e-20 1.95452e-20 1.19389e-20 2.01782e-20 1.26987e-20 2.07506e-20 1.33794e-20 2.12623e-20 1.39973e-20 2.17308e-20 1.45636e-20 2.21646e-20 1.50871e-20 2.25637e-20 1.55743e-20 2.29368e-20 1.603e-20 2.32926e-20 1.64587e-20 2.36224e-20 1.68635e-20 2.39349e-20 1.72469e-20 2.423e-20 1.76116e-20 2.45164e-20 1.79592e-20 2.47942e-20 1.82913e-20 2.50546e-20 1.86097e-20
2608.32 3.26827e-19 3.26827e-19 1.59836e-32 4.89053e-14 0 8.88559e-21 2.68755e-21 1.03365e-20 4.00414e-21 1.19894e-20 5.70138e-21 1.30613e-20 6.88527e-21 1.3874e-20 7.81387e-21 1.45338e-20 8.58541e-21 1.51003e-20 9.24916e-21 1.5587e-20 9.83377e-21 1.60271e-20 1.03575e-20 1.64206e-20 1.08328e-20 1.67807e-20 1.12685e-20 1.71142e-20 1.16711e-20 1.74211e-20 1.20458e-20 1.7708e-20 1.23964e-20 1.79815e-20 1.27261e-20 1.82351e-20 1.30373e-20 1.84753e-20 1.33322e-20 1.87022e-20 1.36127e-20 1.89224e-20 1.388e-20 1.91359e-20 1.41354e-20 1.93361e-20 1.43802e-20
2742.21 3.0712e-19 3.0712e-19 1.31065e-32 4.26753e-14 0 6.88917e-21 2.10684e-21 8.00598e-21 3.12515e-21 9.27798e-21 4.43469e-21 1.01028e-20 5.34714e-21 1.07282e-20 6.0625e-21 1.12358e-20 6.6567e-21 1.16718e-20 7.1678e-21 1.20462e-20 7.6179e-21 1.23848e-20 8.02109e-21 1.26876e-20 8.38695e-21 1.29647e-20 8.72232e-21 1.32213e-20 9.03227e-21 1.34574e-20 9.32066e-21 1.36781e-20 9.59044e-21 1.38885e-20 9.84417e-21 1.40836e-20 1.00837e-20 1.42684e-20 1.03107e-20 1.44429e-20 1.05265e-20 1.46124e-20 1.07322e-20 1.47767e-20 1.09288e-20 1.49307e-20 1.11172e-20
2882.97 2.88758e-19 2.88758e-19 1.07839e-32 3.73457e-14 0 5.34204e-21 1.65108e-21 6.20206e-21 2.43873e-21 7.18146e-21 3.44941e-21 7.81652e-21 4.15291e-21 8.29796e-21 4.70421e-21 8.68874e-21 5.16203e-21 9.02434e-21 5.55575e-21 9.3126e-21 5.90245e-21 9.57326e-21 6.21299e-21 9.8063e-21 6.49475e-21 1.00196e-20 6.75302e-21 1.02171e-20 6.9917e-21 1.03989e-20 7.21378e-21 1.05688e-20 7.42152e-21 1.07308e-20 7.61689e-21 1.08809e-20 7.80136e-21 1.10232e-20 7.97608e-21 1.11575e-20 8.14225e-21 1.12879e-20 8.30066e-21 1.14144e-20 8.45199e-21 1.1533e-20 8.59702e-21
3030.95 2.71379e-19 2.71379e-19 8.84511e-33 3.25933e-14 0 4.13902e-21 1.29229e-21 4.80097e-21 1.90102e-21 5.55472e-21 2.6805e-21 6.04343e-21 3.22258e-21 6.4139e-21 3.64721e-21 6.71461e-21 3.99976e-21 6.97284e-21 4.30291e-21 7.19465e-21 4.56983e-21 7.39521e-21 4.80889e-21 7.57452e-21 5.02578e-21 7.73865e-21 5.22458e-21 7.89063e-21 5.40829e-21 8.03046e-21 5.57922e-21 8.16118e-21 5.73911e-21 8.28582e-21 5.88947e-21 8.40135e-21 6.03144e-21 8.51081e-21 6.16591e-21 8.61418e-21 6.29379e-21 8.71452e-21 6.4157e-21 8.81183e-21 6.53216e-21 8.90305e-21 6.64377e-21
3186.53 2.54946e-19 2.54946e-19 7.23504e-33 2.83787e-14 0 3.20451e-21 1.01028e-21 3.71379e-21 1.48035e-21 4.29363e-21 2.08116e-21 4.66956e-21 2.49862e-21 4.95452e-21 2.82553e-21 5.18582e-21 3.09689e-21 5.38444e-21 3.33019e-21 5.55504e-21 3.53559e-21 5.7093e-21 3.71954e-21 5.84721e-21 3.88642e-21 5.97345e-21 4.03938e-21 6.09034e-21 4.18072e-21 6.19789e-21 4.31222e-21 6.29842e-21 4.43522e-21 6.39429e-21 4.5509e-21 6.48315e-21 4.66011e-21 6.56733e-21 4.76356e-21 6.64683e-21 4.86193e-21 6.724e-21 4.95571e-21 6.79884e-21 5.0453e-21 6.869e-21 5.13115e-21
3350.09 2.39419e-19 2.39419e-19 5.90309e-33 2.46559e-14 0 2.4792e-21 7.88912e-22 2.87086e-21 1.15164e-21 3.31673e-21 1.61445e-21 3.60578e-21 1.93579e-21 3.82489e-21 2.18734e-21 4.00272e-21 2.3961e-21 4.15543e-21 2.57557e-21 4.2866e-21 2.73356e-21 4.4052e-21 2.87504e-21 4.51123e-21 3.00339e-21 4.60829e-21 3.12102e-21 4.69815e-21 3.22972e-21 4.78084e-21 3.33084e-21 4.85813e-21 3.42543e-21 4.93183e-21 3.51439e-21 5.00015e-21 3.59837e-21 5.06486e-21 3.67792e-21 5.12599e-21 3.75356e-21 5.18532e-21 3.82567e-21 5.24285e-21 3.89455e-21 5.29679e-21 3.96057e-21
3522.05 2.24898e-19 2.24898e-19 4.8274e-33 2.14648e-14 0 1.91795e-21 6.15764e-22 2.21922e-21 8.95643e-22 2.56216e-21 1.25218e-21 2.78446e-21 1.49956e-21 2.95297e-21 1.69315e-21 3.08974e-21 1.85379e-21 3.20718e-21 1.99188e-21 3.30805e-21 2.11342e-21 3.39926e-21 2.22226e-21 3.4808e-21 2.321e-21 3.55543e-21 2.41149e-21 3.62454e-21 2.4951e-21 3.68813e-21 2.57288e-21 3.74757e-21 2.64564e-21 3.80424e-21 2.71406e-21 3.85677e-21 2.77865e-21 3.90654e-21 2.83984e-21 3.95355e-21 2.89802e-21 3.99917e-21 2.95348e-21 4.04341e-21 3.00646e-21 4.08489e-21 3.05723e-21
3702.84 2.11469e-19 2.11469e-19 3.97485e-33 1.87964e-14 0 1.48478e-21 4.80763e-22 1.71675e-21 6.96864e-22 1.98077e-21 9.7176e-22 2.15191e-21 1.16237e-21 2.28163e-21 1.3115e-21 2.38692e-21 1.43522e-21 2.47732e-21 1.54156e-21 2.55497e-21 1.63516e-21 2.62518e-21 1.71898e-21 2.68795e-21 1.795e-21 2.7454e-21 1.86467e-21 2.7986e-21 1.92905e-21 2.84755e-21 1.98894e-21 2.8933e-21 2.04496e-21 2.93693e-21 2.09763e-21 2.97737e-21 2.14737e-21 3.01568e-21 2.19447e-21 3.05186e-21 2.23926e-21 3.08698e-21 2.28196e-21 3.12103e-21 2.32274e-21 3.15296e-21 2.36183e-21
3892.91 1.9876e-19 1.9876e-19 3.26248e-33 1.64142e-14 0 1.14864e-21 3.74956e-22 1.32716e-21 5.41697e-22 1.53034e-21 7.53523e-22 1.66204e-21 9.00315e-22 1.76186e-21 1.01514e-21 1.84287e-21 1.11038e-21 1.91244e-21 1.19224e-21 1.97219e-21 1.26429e-21 2.02621e-21 1.3288e-21 2.07451e-21 1.38731e-21 2.11871e-21 1.44093e-21 2.15965e-21 1.49048e-21 2.19731e-21 1.53657e-21 2.23251e-21 1.57968e-21 2.26608e-21 1.62022e-21 2.2972e-21 1.65849e-21 2.32667e-21 1.69473e-21 2.35451e-21 1.7292e-21 2.38153e-21 1.76206e-21 2.40774e-21 1.79345e-21 2.4323e-21 1.82353e-21
4092.73 1.86741e-19 1.86741e-19 2.67012e-33 1.42985e-14 0 8.87994e-22 2.9213e-22 1.02533e-21 4.207e-22 1.18162e-21 5.83837e-22 1.28292e-21 6.9683e-22 1.35969e-21 7.85193e-22 1.42201e-21 8.58485e-22 1.47551e-21 9.21468e-22 1.52147e-21 9.76898e-22 1.56302e-21 1.02653e-21 1.60017e-21 1.07154e-21 1.63417e-21 1.11279e-21 1.66565e-21 1.15091e-21 1.69462e-21 1.18636e-21 1.7217e-21 1.21952e-21 1.74751e-21 1.25071e-21 1.77144e-21 1.28015e-21 1.79412e-21 1.30803e-21 1.81553e-21 1.33455e-21 1.83631e-21 1.35982e-21 1.85646e-21 1.38396e-21 1.87536e-21 1.4071e-21
4302.81 1.75383e-19 1.75383e-19 2.1798e-33 1.24288e-14 0 6.86058e-22 2.27376e-22 7.91663e-22 3.26453e-22 9.11838e-22 4.5203e-22 9.89726e-22 5.38966e-22 1.04876e-21 6.06938e-22 1.09667e-21 6.63312e-22 1.13781e-21 7.11752e-22 1.17314e-21 7.54381e-22 1.20509e-21 7.92546e-22 1.23365e-21 8.27164e-22 1.25979e-21 8.58885e-22 1.284e-21 8.88194e-22 1.30627e-21 9.15458e-22 1.32708e-21 9.40957e-22 1.34693e-21 9.64936e-22 1.36533e-21 9.87573e-22 1.38276e-21 1.00901e-21 1.39922e-21 1.0294e-21 1.4152e-21 1.04883e-21 1.4307e-21 1.0674e-21 1.44522e-21 1.08519e-21
4523.68 1.64687e-19 1.64687e-19 1.77765e-33 1.07941e-14 0 5.29817e-22 1.7684e-22 6.11007e-22 2.5316e-22 7.03394e-22 3.49795e-22 7.6327e-22 4.16666e-22 8.08651e-22 4.68941e-22 8.4548e-22 5.12291e-22 8.77104e-22 5.49538e-22 9.04265e-22 5.82315e-22 9.28823e-22 6.11659e-22 9.50777e-22 6.38274e-22 9.70872e-22 6.62663e-22 9.89478e-22 6.85196e-22 1.0066e-21 7.06156e-22 1.0226e-21 7.2576e-22 1.03786e-21 7.44195e-22 1.052e-21 7.61597e-22 1.0654e-21 7.78079e-22 1.07805e-21 7.93752e-22 1.09034e-21 8.08692e-22 1.10225e-21 8.22963e-22 1.11341e-21 8.36638e-22
4755.88 1.54867e-19 1.54867e-19 1.46482e-33 9.45858e-15 0 4.09654e-22 1.37659e-22 4.72163e-22 1.96522e-22 5.43289e-22 2.70985e-22 5.89385e-22 3.22493e-22 6.2432e-22 3.62751e-22 6.52672e-22 3.96134e-22 6.77017e-22 4.24814e-22 6.97926e-22 4.50052e-22 7.16831e-22 4.72646e-22 7.33731e-22 4.93138e-22 7.492e-22 5.11916e-22 7.63524e-22 5.29264e-22 7.76701e-22 5.45402e-22 7.8902e-22 5.60494e-22 8.00766e-22 5.74687e-22 8.11653e-22 5.88085e-22 8.21967e-22 6.00774e-22 8.31708e-22 6.1284e-22 8.41163e-22 6.24341e-22 8.50331e-22 6.35328e-22 8.58926e-22 6.45856e-22
5000 1.45575e-19 1.45575e-19 1.20311e-33 8.26454e-15 0 3.16547e-22 1.07059e-22 3.64653e-22 1.52431e-22 4.19388e-22 2.09781e-22 4.5486e-22 2.49437e-22 4.81743e-22 2.80428e-22 5.03561e-22 3.06123e-22 5.22294e-22 3.28198e-22 5.38383e-22 3.47622e-22 5.52931e-22 3.65011e-22 5.65936e-22 3.80783e-22 5.77839e-22 3.95233e-22 5.8886e-22 4.08584e-22 5.99001e-22 4.21004e-22 6.0848e-22 4.32619e-22 6.17518e-22 4.43541e-22 6.25895e-22 4.53851e-22 6.33831e-22 4.63616e-22 6.41327e-22 4.72901e-22 6.48602e-22 4.81752e-22 6.55657e-22 4.90207e-22 6.62271e-22 4.98308e-22
