# 6.3096e-05 0 130 : grain size, compostion index, size index
# Heating and cooling timescale: 0.000502086 3.7883e+06
# Ratio of heating to cooling to determine stochastic cutoff: 100
# Equilibrium emission is recorded even for those grains in the stochastic regime.
# Emission spectrum was computed for: 
# Type: IRSF
# Scales: 0.25 0.5 1 1.5 2 2.5 3 3.5 4 4.5 5 5.5 6 6.5 7 7.5 8 8.5 9 9.5 10
# StochasticallyHeated: 0 0 0 0 0 0 0 0 0 0 0 0 0 0 0 0 0 0 0 0 0
# Temperature: -1
# Wavelength  CExt  CAbs  CSca  Albedo G EqEm1 StEm1 EqEm2 StEm2 EqEm3 StEm3 EqEm4 StEm4 EqEm5 StEm5 EqEm6 StEm6 EqEm7 StEm7 EqEm8 StEm8 EqEm9 StEm9 EqEm10 StEm10 EqEm11 StEm11 EqEm12 StEm12 EqEm13 StEm13 EqEm14 StEm14 EqEm15 StEm15 EqEm16 StEm16 EqEm17 StEm17 EqEm18 StEm18 EqEm19 StEm19 EqEm20 StEm20 EqEm21 StEm21
0.05 6.84725e-09 2.6055e-09 4.24175e-09 0.619482 0.00576547 0 0 0 0 0 0 0 0 0 0 0 0 0 0 0 0 0 0 0 0 0 0 0 0 0 0 0 0 0 0 0 0 0 0 0 0 0 0 0 0 0 0
0.0525665 7.56823e-09 2.87985e-09 4.68839e-09 0.619482 0.00637255 0 0 0 0 0 0 0 0 0 0 0 0 0 0 0 0 0 0 0 0 0 0 0 0 0 0 0 0 0 0 0 0 0 0 0 0 0 0 0 0 0 0
0.0552647 8.36513e-09 3.18308e-09 5.18205e-09 0.619482 0.00704355 0 0 0 0 0 0 0 0 0 0 0 0 0 0 0 0 0 0 0 0 0 0 0 0 0 0 0 0 0 0 0 0 0 0 0 0 0 0 0 0 0 0
0.0581015 9.24594e-09 3.51824e-09 5.7277e-09 0.619482 0.0077852 0 0 0 0 0 0 0 0 0 0 0 0 0 0 0 0 0 0 0 0 0 0 0 0 0 0 0 0 0 0 0 0 0 0 0 0 0 0 0 0 0 0
0.0610839 1.02195e-08 3.8887e-09 6.3308e-09 0.619482 0.00860494 0 0 0 0 0 0 0 0 0 0 0 0 0 0 0 0 0 0 0 0 0 0 0 0 0 0 0 0 0 0 0 0 0 0 0 0 0 0 0 0 0 0
0.0642193 1.12956e-08 4.29816e-09 6.9974e-09 0.619482 0.009511 0 0 0 0 0 0 0 0 0 0 0 0 0 0 0 0 0 0 0 0 0 0 0 0 0 0 0 0 0 0 0 0 0 0 0 0 0 0 0 0 0 0
0.0675157 1.24849e-08 4.75073e-09 7.73419e-09 0.619482 0.0105125 0 0 0 0 0 0 0 0 0 0 0 0 0 0 0 0 0 0 0 0 0 0 0 0 0 0 0 0 0 0 0 0 0 0 0 0 0 0 0 0 0 0
0.0709813 1.37995e-08 5.25096e-09 8.54856e-09 0.619482 0.0116194 0 0 0 0 0 0 0 0 0 0 0 0 0 0 0 0 0 0 0 0 0 0 0 0 0 0 0 0 0 0 0 0 0 0 0 0 0 0 0 0 0 0
0.0746248 1.52525e-08 5.80386e-09 9.44868e-09 0.619482 0.0128428 0 0 0 0 0 0 0 0 0 0 0 0 0 0 0 0 0 0 0 0 0 0 0 0 0 0 0 0 0 0 0 0 0 0 0 0 0 0 0 0 0 0
0.0784553 1.68586e-08 6.41498e-09 1.04436e-08 0.619482 0.0141951 0 0 0 0 0 0 0 0 0 0 0 0 0 0 0 0 0 0 0 0 0 0 0 0 0 0 0 0 0 0 0 0 0 0 0 0 0 0 0 0 0 0
0.0824824 1.86337e-08 7.09045e-09 1.15432e-08 0.619482 0.0156898 0 0 0 0 0 0 0 0 0 0 0 0 0 0 0 0 0 0 0 0 0 0 0 0 0 0 0 0 0 0 0 0 0 0 0 0 0 0 0 0 0 0
0.0867162 2.05957e-08 7.83704e-09 1.27587e-08 0.619482 0.0173419 0 0 0 0 0 0 0 0 0 0 0 0 0 0 0 0 0 0 0 0 0 0 0 0 0 0 0 0 0 0 0 0 0 0 0 0 0 0 0 0 0 0
0.0911674 2.27644e-08 8.66225e-09 1.41021e-08 0.619482 0.0191679 0 0 0 0 0 0 0 0 0 0 0 0 0 0 0 0 0 0 0 0 0 0 0 0 0 0 0 0 0 0 0 0 0 0 0 0 0 0 0 0 0 0
0.095847 2.51613e-08 9.57434e-09 1.5587e-08 0.619482 0.0211862 0 0 0 0 0 0 0 0 0 0 0 0 0 0 0 0 0 0 0 0 0 0 0 0 0 0 0 0 0 0 0 0 0 0 0 0 0 0 0 0 0 0
0.100767 2.73794e-08 1.04987e-08 1.68807e-08 0.616548 0.0235692 0 0 0 0 0 0 0 0 0 0 0 0 0 0 0 0 0 0 0 0 0 0 0 0 0 0 0 0 0 0 0 0 0 0 0 0 0 0 0 0 0 0
0.105939 2.73524e-08 1.09397e-08 1.64128e-08 0.600048 0.0256046 0 0 0 0 0 0 0 0 0 0 0 0 0 0 0 0 0 0 0 0 0 0 0 0 0 0 0 0 0 0 0 0 0 0 0 0 0 0 0 0 0 0
0.111377 2.7391e-08 1.10633e-08 1.63277e-08 0.596096 0.0289403 0 0 0 0 0 0 0 0 0 0 0 0 0 0 0 0 0 0 0 0 0 0 0 0 0 0 0 0 0 0 0 0 0 0 0 0 0 0 0 0 0 0
0.117094 2.737e-08 1.14384e-08 1.59316e-08 0.582081 0.0274507 0 0 0 0 0 0 0 0 0 0 0 0 0 0 0 0 0 0 0 0 0 0 0 0 0 0 0 0 0 0 0 0 0 0 0 0 0 0 0 0 0 0
0.123105 2.73976e-08 1.18953e-08 1.55023e-08 0.565826 0.0236555 0 0 0 0 0 0 0 0 0 0 0 0 0 0 0 0 0 0 0 0 0 0 0 0 0 0 0 0 0 0 0 0 0 0 0 0 0 0 0 0 0 0
0.129424 2.74555e-08 1.2266e-08 1.51894e-08 0.553238 0.0199126 0 0 0 0 0 0 0 0 0 0 0 0 0 0 0 0 0 0 0 0 0 0 0 0 0 0 0 0 0 0 0 0 0 0 0 0 0 0 0 0 0 0
0.136067 2.75159e-08 1.25733e-08 1.49426e-08 0.543052 0.0168557 0 0 0 0 0 0 0 0 0 0 0 0 0 0 0 0 0 0 0 0 0 0 0 0 0 0 0 0 0 0 0 0 0 0 0 0 0 0 0 0 0 0
0.143051 2.75629e-08 1.2837e-08 1.47259e-08 0.534266 0.0143876 0 0 0 0 0 0 0 0 0 0 0 0 0 0 0 0 0 0 0 0 0 0 0 0 0 0 0 0 0 0 0 0 0 0 0 0 0 0 0 0 0 0
0.150394 2.75761e-08 1.30519e-08 1.45242e-08 0.526695 0.0122986 0 0 0 0 0 0 0 0 0 0 0 0 0 0 0 0 0 0 0 0 0 0 0 0 0 0 0 0 0 0 0 0 0 0 0 0 0 0 0 0 0 0
0.158114 2.75235e-08 1.31785e-08 1.4345e-08 0.521191 0.01055 0 0 0 0 0 0 0 0 0 0 0 0 0 0 0 0 0 0 0 0 0 0 0 0 0 0 0 0 0 0 0 0 0 0 0 0 0 0 0 0 0 0
0.16623 2.73928e-08 1.31438e-08 1.4249e-08 0.520173 0.00908216 0 0 0 0 0 0 0 0 0 0 0 0 0 0 0 0 0 0 0 0 0 0 0 0 0 0 0 0 0 0 0 0 0 0 0 0 0 0 0 0 0 0
0.174762 2.72749e-08 1.29174e-08 1.43575e-08 0.526401 0.00782097 0 0 0 0 0 0 0 0 0 0 0 0 0 0 0 0 0 0 0 0 0 0 0 0 0 0 0 0 0 0 0 0 0 0 0 0 0 0 0 0 0 0
0.183733 2.73022e-08 1.24822e-08 1.482e-08 0.542812 0.00667218 0 0 0 0 0 0 0 0 0 0 0 0 0 0 0 0 0 0 0 0 0 0 0 0 0 0 0 0 0 0 0 0 0 0 0 0 0 0 0 0 0 0
0.193164 2.75918e-08 1.18352e-08 1.57566e-08 0.571061 0.00556038 0 0 0 0 0 0 0 0 0 0 0 0 0 0 0 0 0 0 0 0 0 0 0 0 0 0 0 0 0 0 0 0 0 0 0 0 0 0 0 0 0 0
0.203079 2.80993e-08 1.11281e-08 1.69712e-08 0.603972 0.00446034 0 0 0 0 0 0 0 0 0 0 0 0 0 0 0 0 0 0 0 0 0 0 0 0 0 0 0 0 0 0 0 0 0 0 0 0 0 0 0 0 0 0
0.213503 2.87215e-08 1.05748e-08 1.81467e-08 0.631817 0.00342932 0 0 0 0 0 0 0 0 0 0 0 0 0 0 0 0 0 0 0 0 0 0 0 0 0 0 0 0 0 0 0 0 0 0 0 0 0 0 0 0 0 0
0.224463 2.93621e-08 1.02926e-08 1.90695e-08 0.649461 0.00254317 0 0 0 0 0 0 0 0 0 0 0 0 0 0 0 0 0 0 0 0 0 0 0 0 0 0 0 0 0 0 0 0 0 0 0 0 0 0 0 0 0 0
0.235984 2.98931e-08 1.0232e-08 1.96611e-08 0.657713 0.00182186 0 0 0 0 0 0 0 0 0 0 0 0 0 0 0 0 0 0 0 0 0 0 0 0 0 0 0 0 0 0 0 0 0 0 0 0 0 0 0 0 0 0
0.248097 3.0179e-08 1.02726e-08 1.99064e-08 0.65961 0.00138916 0 0 0 0 0 0 0 0 0 0 0 0 0 0 0 0 0 0 0 0 0 0 0 0 0 0 0 0 0 0 0 0 0 0 0 0 0 0 0 0 0 0
0.260832 3.01598e-08 1.03789e-08 1.97809e-08 0.655869 0.00141961 0 0 0 0 0 0 0 0 0 0 0 0 0 0 0 0 0 0 0 0 0 0 0 0 0 0 0 0 0 0 0 0 0 0 0 0 0 0 0 0 0 0
0.274221 2.99312e-08 1.06062e-08 1.93249e-08 0.645646 0.00187131 0 0 0 0 0 0 0 0 0 0 0 0 0 0 0 0 0 0 0 0 0 0 0 0 0 0 0 0 0 0 0 0 0 0 0 0 0 0 0 0 0 0
0.288297 2.96961e-08 1.09852e-08 1.87109e-08 0.63008 0.00251556 0 0 0 0 0 0 0 0 0 0 0 0 0 0 0 0 0 0 0 0 0 0 0 0 0 0 0 0 0 0 0 0 0 0 0 0 0 0 0 0 0 0
0.303095 2.9591e-08 1.14345e-08 1.81565e-08 0.613583 0.0028362 0 0 0 0 0 0 0 0 0 0 0 0 0 0 0 0 0 0 0 0 0 0 0 0 0 0 0 0 0 0 0 0 0 0 0 0 0 0 0 0 0 0
0.318653 2.96072e-08 1.18571e-08 1.775e-08 0.599519 0.00297223 0 0 0 0 0 0 0 0 0 0 0 0 0 0 0 0 0 0 0 0 0 0 0 0 0 0 0 0 0 0 0 0 0 0 0 0 0 0 0 0 0 0
0.335009 2.96965e-08 1.22084e-08 1.74881e-08 0.588895 0.00293231 0 0 0 0 0 0 0 0 0 0 0 0 0 0 0 0 0 0 0 0 0 0 0 0 0 0 0 0 0 0 0 0 0 0 0 0 0 0 0 0 0 0
0.352205 2.98246e-08 1.24844e-08 1.73402e-08 0.581406 0.00278811 0 0 0 0 0 0 0 0 0 0 0 0 0 0 0 0 0 0 0 0 0 0 0 0 0 0 0 0 0 0 0 0 0 0 0 0 0 0 0 0 0 0
0.370284 2.99739e-08 1.26947e-08 1.72792e-08 0.576474 0.00261033 0 0 0 0 0 0 0 0 0 0 0 0 0 0 0 0 0 0 0 0 0 0 0 0 0 0 0 0 0 0 0 0 0 0 0 0 0 0 0 0 0 0
0.389291 3.01315e-08 1.28541e-08 1.72774e-08 0.573399 0.00243645 0 0 0 0 0 0 0 0 0 0 0 0 0 0 0 0 0 0 0 0 0 0 0 0 0 0 0 0 0 0 0 0 0 0 0 0 0 0 0 0 0 0
0.409273 3.02937e-08 1.29812e-08 1.73125e-08 0.571488 0.00226652 0 0 0 0 0 0 0 0 0 0 0 0 0 0 0 0 0 0 0 0 0 0 0 0 0 0 0 0 0 0 0 0 0 0 0 0 0 0 0 0 0 0
0.430281 3.04588e-08 1.30935e-08 1.73653e-08 0.570123 0.00210471 0 0 0 0 0 0 0 0 0 0 0 0 0 0 0 0 0 0 0 0 0 0 0 0 0 0 0 0 0 0 0 0 0 0 0 0 0 0 0 0 0 0
0.452368 3.06214e-08 1.32011e-08 1.74204e-08 0.568895 0.00193723 0 0 0 0 0 0 0 0 0 0 0 0 0 0 0 0 0 0 0 0 0 0 0 0 0 0 0 0 0 0 0 0 0 0 0 0 0 0 0 0 0 0
0.475588 3.07849e-08 1.33121e-08 1.74728e-08 0.567577 0.00177642 0 0 0 0 0 0 0 0 0 0 0 0 0 0 0 0 0 0 0 0 0 0 0 0 0 0 0 0 0 0 0 0 0 0 0 0 0 0 0 0 0 0
0.5 3.09504e-08 1.34301e-08 1.75203e-08 0.566076 0.00162159 0 0 0 0 0 0 0 0 0 0 0 0 0 0 0 0 0 0 0 0 0 0 0 0 0 0 0 0 0 0 0 0 0 0 0 0 0 0 0 0 0 0
0.525665 3.11214e-08 1.35555e-08 1.75659e-08 0.564433 0.0014751 0 0 0 0 0 0 0 0 0 0 0 0 0 0 0 0 0 0 0 0 0 0 0 0 0 0 0 0 0 0 0 0 0 0 0 0 0 0 0 0 0 0
0.552648 3.12972e-08 1.36862e-08 1.7611e-08 0.562702 0.00134175 0 0 0 0 0 0 0 0 0 0 0 0 0 0 0 0 0 0 0 0 0 0 0 0 0 0 0 0 0 0 0 0 0 0 0 0 0 0 0 0 0 0
0.581015 3.148e-08 1.38186e-08 1.76614e-08 0.561035 0.00121775 0 0 0 0 0 0 0 0 0 0 0 0 0 0 0 0 0 0 0 0 0 0 0 0 0 0 0 0 0 0 0 0 0 0 0 0 0 0 0 0 0 0
0.610839 3.16714e-08 1.39531e-08 1.77183e-08 0.559441 0.00110516 0 0 0 0 0 0 0 0 0 0 0 0 0 0 0 0 0 0 0 0 0 0 0 0 0 0 0 0 0 0 0 0 0 0 0 0 0 0 0 0 0 0
0.642193 3.18686e-08 1.4086e-08 1.77826e-08 0.557997 0.00100302 0 0 0 0 0 0 0 0 0 0 0 0 0 0 0 0 0 0 0 0 0 0 0 0 0 0 0 0 0 0 0 0 0 0 0 0 0 0 0 0 0 0
0.675157 3.20724e-08 1.42139e-08 1.78586e-08 0.55682 0.000910957 0 0 0 0 0 0 0 0 0 0 0 0 0 0 0 0 0 0 0 0 0 0 0 0 0 0 0 0 0 0 0 0 0 0 0 0 0 0 0 0 0 0
0.709813 3.22864e-08 1.43416e-08 1.79449e-08 0.555802 0.00082817 0 0 0 0 0 0 0 0 0 0 0 0 0 0 0 0 0 0 0 0 0 0 0 0 0 0 0 0 0 0 0 0 0 0 0 0 0 0 0 0 0 0
0.746248 3.25022e-08 1.44618e-08 1.80404e-08 0.555051 0.000754183 0 0 0 0 0 0 0 0 0 0 0 0 0 0 0 0 0 0 0 0 0 0 0 0 0 0 0 0 0 0 0 0 0 0 0 0 0 0 0 0 0 0
0.784553 3.2718e-08 1.45697e-08 1.81483e-08 0.554687 0.000686995 0 0 0 0 0 0 0 0 0 0 0 0 0 0 0 0 0 0 0 0 0 0 0 0 0 0 0 0 0 0 0 0 0 0 0 0 0 0 0 0 0 0
0.824824 3.29473e-08 1.46779e-08 1.82694e-08 0.554505 0.000626788 0 0 0 0 0 0 0 0 0 0 0 0 0 0 0 0 0 0 0 0 0 0 0 0 0 0 0 0 0 0 0 0 0 0 0 0 0 0 0 0 0 0
0.867162 3.31812e-08 1.47868e-08 1.83944e-08 0.554363 0.000572518 0 0 0 0 0 0 0 0 0 0 0 0 0 0 0 0 0 0 0 0 0 0 0 0 0 0 0 0 0 0 0 0 0 0 0 0 0 0 0 0 0 0
0.911674 3.34027e-08 1.48794e-08 1.85233e-08 0.554545 0.000523427 0 0 0 0 0 0 0 0 0 0 0 0 0 0 0 0 0 0 0 0 0 0 0 0 0 0 0 0 0 0 0 0 0 0 0 0 0 0 0 0 0 0
0.95847 3.3621e-08 1.49567e-08 1.86643e-08 0.555138 0.00047944 0 0 0 0 0 0 0 0 0 0 0 0 0 0 0 0 0 0 0 0 0 0 0 0 0 0 0 0 0 0 0 0 0 0 0 0 0 0 0 0 0 0
1.00767 3.38609e-08 1.5042e-08 1.8819e-08 0.555772 0.0004395 0 0 0 0 0 0 0 0 0 0 0 0 0 0 0 0 0 0 0 0 0 0 0 0 0 0 0 0 0 0 0 0 0 0 0 0 0 0 0 0 0 0
1.05939 3.41097e-08 1.5141e-08 1.89686e-08 0.556107 0.000403275 0 0 0 0 0 0 0 0 0 0 0 0 0 0 0 0 0 0 0 0 0 0 0 0 0 0 0 0 0 0 0 0 0 0 0 0 0 0 0 0 0 0
1.11377 3.43286e-08 1.52258e-08 1.91028e-08 0.556468 0.000370298 0 0 0 0 0 0 0 0 0 0 0 0 0 0 0 0 0 0 0 0 0 0 0 0 0 0 0 0 0 0 0 0 0 0 0 0 0 0 0 0 0 0
1.17094 3.45142e-08 1.52769e-08 1.92373e-08 0.557374 0.000339515 0 0 0 0 0 0 0 0 0 0 0 0 0 0 0 0 0 0 0 0 0 0 0 0 0 0 0 0 0 0 0 0 0 0 0 0 0 0 0 0 0 0
1.23105 3.47115e-08 1.53183e-08 1.93932e-08 0.558696 0.000311294 0 0 0 0 0 0 0 0 0 0 0 0 0 0 0 0 0 0 0 0 0 0 0 0 0 0 0 0 0 0 0 0 0 0 0 0 0 0 0 0 0 0
1.29424 3.49564e-08 1.53891e-08 1.95672e-08 0.559762 0.000285362 0 0 0 0 0 0 0 0 0 0 0 0 0 0 0 0 0 0 0 0 0 0 0 0 0 0 0 0 0 0 0 0 0 0 0 0 0 0 0 0 0 0
1.36067 3.5225e-08 1.54968e-08 1.97282e-08 0.560062 0.000261742 0 0 0 0 0 0 0 0 0 0 0 0 0 0 0 0 0 0 0 0 0 0 0 0 0 0 0 0 0 0 0 0 0 0 0 0 0 0 0 0 0 0
1.43051 3.54523e-08 1.56071e-08 1.98451e-08 0.559771 0.000240209 0 0 0 0 0 0 0 0 0 0 0 0 0 0 0 0 0 0 0 0 0 0 0 0 0 0 0 0 0 0 0 0 0 0 0 0 0 0 0 0 0 0
1.50394 3.55928e-08 1.56715e-08 1.99213e-08 0.5597 0.000220279 0 0 0 0 0 0 0 0 0 0 0 0 0 0 0 0 0 0 0 0 0 0 0 0 0 0 0 0 0 0 0 0 0 0 0 0 0 0 0 0 0 0
1.58114 3.56804e-08 1.56834e-08 1.9997e-08 0.560449 0.000201732 0 0 0 0 0 0 0 0 0 0 0 0 0 0 0 0 0 0 0 0 0 0 0 0 0 0 0 0 0 0 0 0 0 0 0 0 0 0 0 0 0 0
1.6623 3.57938e-08 1.56803e-08 2.01134e-08 0.561926 0.000184534 0 0 0 0 0 0 0 0 0 0 0 0 0 0 0 0 0 0 0 0 0 0 0 0 0 0 0 0 0 0 0 0 0 0 0 0 0 0 0 0 0 0
1.74763 3.60026e-08 1.57201e-08 2.02825e-08 0.563363 0.000169005 0 0 0 0 0 0 0 0 0 0 0 0 0 0 0 0 0 0 0 0 0 0 0 0 0 0 0 0 0 0 0 0 0 0 0 0 0 0 0 0 0 0
1.83733 3.63086e-08 1.5836e-08 2.04726e-08 0.56385 0.000154804 0 0 0 0 0 0 0 0 0 0 0 0 0 0 0 0 0 0 0 0 0 0 0 0 0 0 0 0 0 0 0 0 0 0 0 0 0 0 0 0 0 0
1.93164 3.6642e-08 1.60157e-08 2.06263e-08 0.562915 0.000141793 0 0 0 0 0 0 0 0 0 0 0 0 0 0 0 0 0 0 0 0 0 0 0 0 0 0 0 0 0 0 0 0 0 0 0 0 0 0 0 0 0 0
2.03079 3.69005e-08 1.6212e-08 2.06885e-08 0.560656 0.000129725 0 0 0 0 0 0 0 0 0 0 0 0 0 0 0 0 0 0 0 0 0 0 0 0 0 0 0 0 0 0 0 0 0 0 0 0 0 0 0 0 0 0
2.13503 3.7003e-08 1.63668e-08 2.06362e-08 0.557689 0.000118657 0 0 0 0 0 0 0 0 0 0 0 0 0 0 0 0 0 0 0 0 0 0 0 0 0 0 0 0 0 0 0 0 0 0 0 0 0 0 0 0 0 0
2.24463 3.69297e-08 1.64372e-08 2.04926e-08 0.554907 0.000108569 0 0 0 0 0 0 0 0 0 0 0 0 0 0 0 0 0 0 0 0 0 0 0 0 0 0 0 0 0 0 0 0 0 0 0 0 0 0 0 0 0 0
2.35984 3.67362e-08 1.64207e-08 2.03156e-08 0.553011 9.92926e-05 0 0 0 0 0 0 0 0 0 0 0 0 0 0 0 0 0 0 0 0 0 0 0 0 0 0 0 0 0 0 0 0 0 0 0 0 0 0 0 0 0 0
2.48097 3.65307e-08 1.6352e-08 2.01787e-08 0.552377 9.07218e-05 0 0 0 0 0 0 0 0 0 0 0 0 0 0 0 0 0 0 0 0 0 0 0 0 0 0 0 0 0 0 0 0 0 0 0 0 0 0 0 0 0 0
2.60832 3.64217e-08 1.62886e-08 2.0133e-08 0.552776 8.27967e-05 0 0 0 0 0 0 0 0 0 0 0 0 0 0 0 0 0 0 0 0 0 0 0 0 0 0 0 0 0 0 0 0 0 0 0 0 0 0 0 0 0 0
2.74221 3.64855e-08 1.62886e-08 2.01969e-08 0.55356 7.55862e-05 0 0 0 0 0 0 0 0 0 0 0 0 0 0 0 0 0 0 0 0 0 0 0 0 0 0 0 0 0 0 0 0 0 0 0 0 0 0 0 0 0 0
2.88297 3.67376e-08 1.63893e-08 2.03483e-08 0.553883 6.90729e-05 0 0 0 0 0 0 0 0 0 0 0 0 0 0 0 0 0 0 0 0 0 0 0 0 0 0 0 0 0 0 0 0 0 0 0 0 0 0 0 0 0 0
3.03095 3.71487e-08 1.66099e-08 2.05388e-08 0.552882 6.31538e-05 0 0 0 0 0 0 0 0 0 0 0 0 0 0 0 0 0 0 0 0 0 0 0 0 0 0 0 0 0 0 0 0 0 0 0 0 0 0 0 0 0 0
3.18653 3.76563e-08 1.69466e-08 2.07097e-08 0.549966 5.76567e-05 0 0 0 0 0 0 0 0 0 0 0 0 0 0 0 0 0 0 0 0 0 0 0 0 0 0 0 0 0 0 0 0 0 0 0 0 0 0 0 0 0 0
3.35009 3.81838e-08 1.73785e-08 2.08053e-08 0.544873 5.2603e-05 0 0 0 0 0 0 0 0 0 0 0 0 0 0 0 0 0 0 0 0 0 0 0 0 0 0 0 0 0 0 0 0 0 0 0 0 0 0 0 0 0 0
3.52205 3.8656e-08 1.78766e-08 2.07793e-08 0.537546 4.80102e-05 0 0 0 0 0 0 0 0 0 0 0 0 0 0 0 0 0 0 0 0 0 0 0 0 0 0 0 0 0 0 0 0 0 0 0 0 0 0 0 0 0 0
3.70284 3.89986e-08 1.8397e-08 2.06016e-08 0.528265 4.38066e-05 0 0 0 0 0 0 0 0 0 0 0 0 0 0 0 0 0 0 0 0 0 0 0 0 0 0 0 0 0 0 0 0 0 0 0 0 0 0 0 0 0 0
3.89291 3.91459e-08 1.88886e-08 2.02573e-08 0.517482 3.9926e-05 0 0 0 0 0 0 0 0 0 0 0 0 0 0 0 0 0 0 0 0 0 0 0 0 0 0 0 0 0 0 0 0 0 0 0 0 0 0 0 0 0 0
4.09273 3.90181e-08 1.92859e-08 1.97322e-08 0.505719 3.62643e-05 0 0 0 0 0 0 0 0 0 0 0 0 0 0 0 0 0 0 0 0 0 0 0 0 0 0 0 0 0 0 0 0 0 0 0 0 0 0 0 0 0 0
4.30281 3.85297e-08 1.95195e-08 1.90102e-08 0.493391 3.29535e-05 0 0 0 0 0 0 0 0 0 0 0 0 0 0 0 0 0 0 0 0 0 0 0 0 0 0 0 0 0 0 0 0 0 0 0 0 0 0 0 0 0 0
4.52368 3.75803e-08 1.95221e-08 1.80582e-08 0.480523 2.99416e-05 0 0 0 0 0 0 0 0 0 0 0 0 0 0 0 0 0 0 0 0 0 0 0 0 0 0 0 0 0 0 0 0 0 0 0 0 0 0 0 0 0 0
4.75588 3.61011e-08 1.92606e-08 1.68405e-08 0.466482 2.71796e-05 0 0 0 0 0 0 0 0 0 0 0 0 0 0 0 0 0 0 0 0 0 0 0 0 0 0 0 0 0 0 0 0 0 0 0 0 0 0 0 0 0 0
5 3.4125e-08 1.87724e-08 1.53526e-08 0.449893 2.45398e-05 0 0 0 0 0 0 0 0 0 0 0 0 0 0 0 0 0 0 0 0 0 0 0 0 0 0 0 0 0 0 0 0 0 0 0 0 0 0 0 0 0 0
5.25665 3.17954e-08 1.81562e-08 1.36392e-08 0.428968 2.21678e-05 0 0 0 0 0 0 0 0 0 0 0 0 0 0 0 0 0 0 0 0 0 0 0 0 0 0 0 0 0 0 0 0 0 0 0 0 0 0 0 0 0 0
5.52648 2.93695e-08 1.75584e-08 1.18111e-08 0.402156 2.00489e-05 0 0 0 0 0 0 0 0 0 0 0 0 0 0 0 0 0 0 0 0 0 0 0 0 0 0 0 0 0 0 0 0 0 0 0 0 0 0 1.4013e-45 0 4.2039e-45 0
5.81015 2.70758e-08 1.70758e-08 9.99997e-09 0.369333 1.8115e-05 0 0 0 0 0 0 0 0 0 0 0 0 0 0 0 0 0 0 0 0 0 0 0 0 0 0 0 0 1.4013e-45 0 2.8026e-45 0 9.80909e-45 0 3.36312e-44 0 1.00893e-43 0 2.88667e-43 0 7.48293e-43 0
6.10839 2.50114e-08 1.67009e-08 8.31052e-09 0.33227 1.63023e-05 0 0 0 0 0 0 0 0 0 0 0 0 0 0 0 0 0 0 0 0 0 0 1.4013e-45 0 7.00649e-45 0 3.36312e-44 0 1.35926e-43 0 5.01665e-43 0 1.65493e-42 0 5.05588e-42 0 1.43395e-41 0 3.8858e-41 0 9.6045e-41 0
6.42193 2.32774e-08 1.64609e-08 6.81653e-09 0.292839 1.48144e-05 0 0 0 0 0 0 0 0 0 0 0 0 0 0 0 0 0 0 5.60519e-45 0 3.78351e-44 0 2.32616e-43 0 1.14906e-42 0 5.00964e-42 0 1.88671e-41 0 6.52823e-41 0 2.03387e-40 0 5.88234e-40 0 1.58559e-39 0 4.09258e-39 0 9.67836e-39 0
6.75157 2.12971e-08 1.57961e-08 5.50104e-09 0.2583 1.32279e-05 0 0 0 0 0 0 0 0 0 0 0 0 0 0 7.00649e-45 0 8.96831e-44 0 7.81925e-43 0 5.45666e-42 0 3.01601e-41 0 1.38183e-40 0 5.60367e-40 0 1.97839e-39 0 6.44284e-39 0 1.89892e-38 0 5.21452e-38 0 1.33915e-37 0 3.30012e-37 0 7.48313e-37 0
7.09813 1.9186e-08 1.47899e-08 4.39613e-09 0.229132 1.18448e-05 0 0 0 0 0 0 0 0 0 0 1.4013e-45 0 6.16571e-44 0 1.03556e-42 0 1.1691e-41 0 9.21073e-41 0 5.84805e-40 0 2.97326e-39 0 1.26466e-38 0 4.78964e-38 0 1.59e-37 0 4.88793e-37 0 1.36658e-36 0 3.5721e-36 0 8.76071e-36 0 2.06593e-35 0 4.50101e-35 0
7.46248 1.68123e-08 1.33336e-08 3.47869e-09 0.206914 1.05694e-05 0 0 0 0 0 0 0 0 4.2039e-45 0 2.87266e-43 0 7.73937e-42 0 1.14148e-40 0 1.14452e-39 0 8.15223e-39 0 4.72935e-38 0 2.22097e-37 0 8.80207e-37 0 3.12377e-36 0 9.77981e-36 0 2.84608e-35 0 7.56757e-35 0 1.88743e-34 0 4.43062e-34 0 1.00196e-33 0 2.10151e-33 0
7.84553 1.42918e-08 1.15578e-08 2.73407e-09 0.191303 9.34187e-06 0 0 0 0 0 0 2.8026e-45 0 6.19374e-43 0 3.18431e-41 0 7.30564e-40 0 9.44806e-39 0 8.46486e-38 0 5.47825e-37 0 2.91668e-36 0 1.27008e-35 0 4.70626e-35 0 1.57004e-34 0 4.64904e-34 0 1.28419e-33 0 3.25539e-33 0 7.76494e-33 0 1.74839e-32 0 3.79945e-32 0 7.68594e-32 0
8.24824 1.18473e-08 9.70448e-09 2.14278e-09 0.180867 8.19911e-06 0 0 0 0 0 0 3.97969e-43 0 6.28496e-41 0 2.66556e-39 0 5.24815e-38 0 5.98981e-37 0 4.82166e-36 0 2.84853e-35 0 1.39768e-34 0 5.66444e-34 0 1.96892e-33 0 6.19323e-33 0 1.7392e-32 0 4.57164e-32 0 1.10745e-31 0 2.53177e-31 0 5.47916e-31 0 1.14641e-30 0 2.24066e-30 0
8.67162 9.65951e-09 7.9785e-09 1.68101e-09 0.174027 7.20916e-06 0 0 0 0 2.94273e-44 0 3.95559e-41 0 4.88092e-39 0 1.72397e-37 0 2.93466e-36 0 2.97398e-35 0 2.1622e-34 0 1.17127e-33 0 5.31763e-33 0 2.01277e-32 0 6.58334e-32 0 1.95811e-31 0 5.22849e-31 0 1.31101e-30 0 3.04155e-30 0 6.67827e-30 0 1.39182e-29 0 2.80901e-29 0 5.31351e-29 0
9.11674 7.81474e-09 6.49155e-09 1.32319e-09 0.16932 6.32492e-06 0 0 0 0 3.27483e-42 0 3.04261e-39 0 2.96778e-37 0 8.808e-36 0 1.30558e-34 0 1.18162e-33 0 7.79778e-33 0 3.88961e-32 0 1.64016e-31 0 5.81752e-31 0 1.79582e-30 0 5.06456e-30 0 1.28901e-29 0 3.09024e-29 0 6.88077e-29 0 1.45388e-28 0 2.92333e-28 0 5.7011e-28 0 1.04537e-27 0
9.5847 6.31807e-09 5.27196e-09 1.04611e-09 0.165575 5.52644e-06 0 0 1.4013e-45 0 2.77666e-40 0 1.84806e-37 0 1.44139e-35 0 3.62524e-34 0 4.71078e-33 0 3.82876e-32 0 2.30431e-31 0 1.06268e-30 0 4.17703e-30 0 1.39275e-29 0 4.06909e-29 0 1.09092e-28 0 2.65275e-28 0 6.09387e-28 0 1.30486e-27 0 2.65824e-27 0 5.16573e-27 0 9.75101e-27 0 1.73582e-26 0
10.0767 5.12894e-09 4.29797e-09 8.30965e-10 0.162015 4.78203e-06 0 0 1.82169e-43 0 1.86081e-38 0 9.01689e-36 0 5.68518e-34 0 1.22157e-32 0 1.40054e-31 0 1.02762e-30 0 5.66577e-30 0 2.42497e-29 0 8.91556e-29 0 2.80297e-28 0 7.77159e-28 0 1.9856e-27 0 4.62334e-27 0 1.01981e-26 0 2.10399e-26 0 4.13986e-26 0 7.78818e-26 0 1.42522e-25 0 2.46667e-25 0
10.5939 4.18879e-09 3.52626e-09 6.62534e-10 0.158168 4.06995e-06 0 0 1.71939e-41 0 9.99633e-37 0 3.58167e-34 0 1.84461e-32 0 3.41223e-31 0 3.4729e-30 0 2.31191e-29 0 1.17273e-28 0 4.67535e-28 0 1.61306e-27 0 4.79547e-27 0 1.26502e-26 0 3.08739e-26 0 6.89815e-26 0 1.46393e-25 0 2.91535e-25 0 5.54985e-25 0 1.01235e-24 0 1.79872e-24 0 3.03082e-24 0
11.1377 3.43286e-09 2.90351e-09 5.29353e-10 0.154202 3.40803e-06 9.80909e-45 0 1.27563e-39 0 4.34072e-35 0 1.16707e-32 0 4.95838e-31 0 7.95437e-30 0 7.22874e-29 0 4.38677e-28 0 2.0556e-27 0 7.66006e-27 0 2.48776e-26 0 7.01273e-26 0 1.76436e-25 0 4.1225e-25 0 8.85637e-25 0 1.81171e-24 0 3.48861e-24 0 6.43564e-24 0 1.13998e-23 0 1.96943e-23 0 3.235e-23 0
11.7094 3.01146e-09 2.58012e-09 4.31344e-10 0.143234 2.82232e-06 1.17849e-42 0 8.09899e-38 0 1.65578e-33 0 3.38782e-31 0 1.19857e-29 0 1.67913e-28 0 1.37008e-27 0 7.61369e-27 0 3.30856e-26 0 1.15621e-25 0 3.54517e-25 0 9.50039e-25 0 2.28495e-24 0 5.12219e-24 0 1.06008e-23 0 2.09408e-23 0 3.90538e-23 0 6.99229e-23 0 1.20448e-22 0 2.02606e-22 0 3.24835e-22 0
12.3105 2.44927e-09 2.10485e-09 3.44425e-10 0.140623 2.20615e-06 9.48469e-41 0 3.78595e-36 0 4.76746e-32 0 7.52275e-30 0 2.23617e-28 0 2.75392e-27 0 2.02816e-26 0 1.03654e-25 0 4.19253e-25 0 1.3783e-24 0 4.00116e-24 0 1.02185e-23 0 2.35459e-23 0 5.07432e-23 0 1.01353e-22 0 1.93668e-22 0 3.50358e-22 0 6.09702e-22 0 1.02275e-21 0 1.67723e-21 0 2.62781e-21 0
12.9424 2.07346e-09 1.79567e-09 2.77789e-10 0.133974 1.60871e-06 6.3051e-39 0 1.50036e-34 0 1.19159e-30 0 1.46857e-28 0 3.69913e-27 0 4.03001e-26 0 2.69227e-25 0 1.2706e-24 0 4.80033e-24 0 1.48903e-23 0 4.10343e-23 0 1.00108e-22 0 2.2146e-22 0 4.59702e-22 0 8.87699e-22 0 1.64345e-21 0 2.88829e-21 0 4.89215e-21 0 8.00168e-21 0 1.28091e-20 0 1.96335e-20 0
13.6067 1.77533e-09 1.55066e-09 2.24671e-10 0.126552 1.1081e-06 3.38826e-37 0 4.9295e-33 0 2.52535e-29 0 2.46043e-27 0 5.29422e-26 0 5.13297e-25 0 3.12544e-24 0 1.36741e-23 0 4.84146e-23 0 1.42104e-22 0 3.72697e-22 0 8.70494e-22 0 1.8525e-21 0 3.71067e-21 0 6.93885e-21 0 1.24658e-20 0 2.13131e-20 0 3.51829e-20 0 5.61798e-20 0 8.78901e-20 0 1.31936e-19 0
14.3051 1.53407e-09 1.35206e-09 1.82005e-10 0.118643 6.74396e-07 1.48441e-35 0 1.35249e-31 0 4.56605e-28 0 3.55741e-26 0 6.58952e-25 0 5.7181e-24 0 3.18779e-23 0 1.29773e-22 0 4.31968e-22 0 1.20296e-21 0 3.00991e-21 0 6.74492e-21 0 1.38342e-20 0 2.67867e-20 0 4.85828e-20 0 8.48187e-20 0 1.41269e-19 0 2.27564e-19 0 3.55164e-19 0 5.43624e-19 0 8.00036e-19 0
15.0394 1.33748e-09 1.18983e-09 1.47648e-10 0.110393 2.84373e-07 5.35525e-34 0 3.12635e-30 0 7.09859e-27 0 4.47106e-25 0 7.18183e-24 0 5.60811e-23 0 2.87488e-22 0 1.09281e-21 0 3.43017e-21 0 9.0865e-21 0 2.17397e-20 0 4.68347e-20 0 9.27499e-20 0 1.73887e-19 0 3.06342e-19 0 5.20475e-19 0 8.45549e-19 0 1.33072e-18 0 2.03222e-18 0 3.0466e-18 0 4.3998e-18 0
15.8114 1.17579e-09 1.05584e-09 1.19951e-10 0.102018 -8.11128e-08 1.6054e-32 0 6.137e-29 0 9.555e-26 0 4.91613e-24 0 6.89564e-23 0 4.87054e-22 0 2.30528e-21 0 8.20987e-21 0 2.43698e-20 0 6.15568e-20 0 1.41135e-19 0 2.92871e-19 0 5.60962e-19 0 1.01991e-18 0 1.7478e-18 0 2.89365e-18 0 4.59088e-18 0 7.06687e-18 0 1.05715e-17 0 1.5538e-17 0 2.20403e-17 0
16.623 1.04178e-09 9.44227e-10 9.75527e-11 0.0936404 -4.4917e-07 4.03467e-31 0 1.03104e-27 0 1.12122e-24 0 4.75912e-23 0 5.86785e-22 0 3.76729e-21 0 1.65277e-20 0 5.53215e-20 0 1.55718e-19 0 3.75937e-19 0 8.27715e-19 0 1.65746e-18 0 3.07552e-18 0 5.43087e-18 0 9.06525e-18 0 1.46435e-17 0 2.27147e-17 0 3.42367e-17 0 5.02181e-17 0 7.24357e-17 0 1.0101e-16 0
17.4762 9.3006e-10 8.50636e-10 7.94245e-11 0.0853972 -8.02956e-07 8.57393e-30 0 1.49376e-26 0 1.15464e-23 0 4.08136e-22 0 4.45136e-21 0 2.60985e-20 0 1.06524e-19 0 3.36131e-19 0 8.99518e-19 0 2.08017e-18 0 4.40685e-18 0 8.53034e-18 0 1.5358e-17 0 2.63772e-17 0 4.29413e-17 0 6.77595e-17 0 1.02878e-16 0 1.51988e-16 0 2.18804e-16 0 3.10013e-16 0 4.25344e-16 0
18.3733 8.36089e-10 7.71372e-10 6.47172e-11 0.0774047 -1.13801e-06 1.55269e-28 0 1.87907e-25 0 1.04977e-22 0 3.11785e-21 0 3.02607e-20 0 1.62742e-19 0 6.20162e-19 0 1.85013e-18 0 4.71879e-18 0 1.04747e-17 0 2.13922e-17 0 4.00948e-17 0 7.01436e-17 0 1.17331e-16 0 1.8652e-16 0 2.87839e-16 0 4.28203e-16 0 6.20668e-16 0 8.77767e-16 0 1.22269e-15 0 1.65185e-15 0
19.3164 7.56609e-10 7.03832e-10 5.27775e-11 0.0697553 -1.47999e-06 2.41474e-27 0 2.06638e-24 0 8.47688e-22 0 2.13349e-20 0 1.8532e-19 0 9.18061e-19 0 3.27726e-18 0 9.26896e-18 0 2.25843e-17 0 4.82181e-17 0 9.51002e-17 0 1.7286e-16 0 2.94262e-16 0 4.80011e-16 0 7.45994e-16 0 1.12709e-15 0 1.64451e-15 0 2.34086e-15 0 3.25497e-15 0 4.46124e-15 0 5.93924e-15 0
20.3079 6.88871e-10 6.45802e-10 4.30696e-11 0.062522 -1.86705e-06 3.2482e-26 0 1.99901e-23 0 6.1131e-21 0 1.31438e-19 0 1.02734e-18 0 4.70689e-18 0 1.57904e-17 0 4.24489e-17 0 9.90281e-17 0 2.03741e-16 0 3.8873e-16 0 6.86263e-16 0 1.13829e-15 0 1.81298e-15 0 2.75757e-15 0 4.0832e-15 0 5.8488e-15 0 8.18313e-15 0 1.1197e-14 0 1.51121e-14 0 1.98396e-14 0
21.3503 6.30766e-10 5.95596e-10 3.51705e-11 0.0557584 -2.15061e-06 3.80537e-25 0 1.71155e-22 0 3.95811e-20 0 7.3264e-19 0 5.17948e-18 0 2.20308e-17 0 6.96664e-17 0 1.78455e-16 0 3.99447e-16 0 7.93382e-16 0 1.46674e-15 0 2.51851e-15 0 4.07544e-15 0 6.34521e-15 0 9.45559e-15 0 1.37353e-14 0 1.93324e-14 0 2.66083e-14 0 3.58549e-14 0 4.76886e-14 0 6.17804e-14 0
22.4463 5.80596e-10 5.51862e-10 2.87343e-11 0.0494911 -2.37695e-06 3.90817e-24 0 1.30448e-21 0 2.31264e-19 0 3.7122e-18 0 2.38537e-17 0 9.45373e-17 0 2.82608e-16 0 6.91426e-16 0 1.48796e-15 0 2.858e-15 0 5.12748e-15 0 8.57493e-15 0 1.35536e-14 0 2.06509e-14 0 3.01803e-14 0 4.30485e-14 0 5.95877e-14 0 8.07448e-14 0 1.07231e-13 0 1.4065e-13 0 1.79923e-13 0
23.5984 5.36987e-10 5.13495e-10 2.34916e-11 0.0437472 -2.58374e-06 3.54048e-23 0 8.89855e-21 0 1.22519e-18 0 1.71738e-17 0 1.00773e-16 0 3.73417e-16 0 1.05817e-15 0 2.47825e-15 0 5.13735e-15 0 9.55809e-15 0 1.66655e-14 0 2.71795e-14 0 4.20107e-14 0 6.27068e-14 0 8.99608e-14 0 1.26112e-13 0 1.71815e-13 0 2.29391e-13 0 3.00447e-13 0 3.88897e-13 0 4.91541e-13 0
24.8097 4.98811e-10 4.79594e-10 1.92168e-11 0.0385251 -2.86643e-06 2.8459e-22 0 5.46118e-20 0 5.91208e-18 0 7.28485e-17 0 3.92084e-16 0 1.36287e-15 0 3.67053e-15 0 8.24658e-15 0 1.64972e-14 0 2.97768e-14 0 5.05286e-14 0 8.04617e-14 0 1.21751e-13 0 1.78211e-13 0 2.51201e-13 0 3.46387e-13 0 4.64846e-13 0 6.11923e-13 0 7.90982e-13 0 1.01102e-12 0 1.26334e-12 0
26.0832 4.65121e-10 4.49397e-10 1.57241e-11 0.0338065 -3.05466e-06 2.04101e-21 0 3.03001e-19 0 2.60957e-17 0 2.84445e-16 0 1.41016e-15 0 4.61237e-15 0 1.18356e-14 0 2.55607e-14 0 4.94319e-14 0 8.66868e-14 0 1.43351e-13 0 2.23145e-13 0 3.30893e-13 0 4.75413e-13 0 6.58989e-13 0 8.94552e-13 0 1.18336e-12 0 1.537e-12 0 1.96201e-12 0 2.47795e-12 0 3.06286e-12 0
27.4221 4.35215e-10 4.2234e-10 1.28745e-11 0.0295819 -3.20272e-06 1.31307e-20 0 1.52708e-18 0 1.05805e-16 0 1.02632e-15 0 4.70551e-15 0 1.45256e-14 0 3.55976e-14 0 7.40417e-14 0 1.38652e-13 0 2.36571e-13 0 3.81717e-13 0 5.81494e-13 0 8.45849e-13 0 1.19397e-12 0 1.62883e-12 0 2.17833e-12 0 2.8425e-12 0 3.64514e-12 0 4.59796e-12 0 5.74124e-12 0 7.02338e-12 0
28.8297 4.08433e-10 3.97889e-10 1.05443e-11 0.0258164 -3.26258e-06 7.61558e-20 0 7.02143e-18 0 3.9555e-16 0 3.434e-15 0 1.46163e-14 0 4.27036e-14 0 1.00171e-13 0 2.01034e-13 0 3.65104e-13 0 6.06909e-13 0 9.56665e-13 0 1.4277e-12 0 2.03911e-12 0 2.83028e-12 0 3.80301e-12 0 5.01431e-12 0 6.45872e-12 0 8.18251e-12 0 1.0205e-11 0 1.26051e-11 0 1.5269e-11 0
30.3095 3.84286e-10 3.75647e-10 8.6395e-12 0.0224819 -3.28645e-06 4.0012e-19 0 2.95793e-17 0 1.36862e-15 0 1.06919e-14 0 4.24014e-14 0 1.17564e-13 0 2.6453e-13 0 5.13134e-13 0 9.0516e-13 0 1.46776e-12 0 2.26278e-12 0 3.31155e-12 0 4.6481e-12 0 6.34912e-12 0 8.40906e-12 0 1.09388e-11 0 1.39167e-11 0 1.74285e-11 0 2.15032e-11 0 2.62879e-11 0 3.15469e-11 0
31.8653 3.62349e-10 3.55267e-10 7.08165e-12 0.0195437 -3.23407e-06 1.91308e-18 0 1.14627e-16 0 4.39822e-15 0 3.10786e-14 0 1.15232e-13 0 3.03978e-13 0 6.57426e-13 0 1.23468e-12 0 2.11843e-12 0 3.35502e-12 0 5.06411e-12 0 7.27473e-12 0 1.00432e-11 0 1.35113e-11 0 1.76511e-11 0 2.26682e-11 0 2.85022e-11 0 3.53046e-11 0 4.31142e-11 0 5.21931e-11 0 6.20793e-11 0
33.5009 3.42263e-10 3.36456e-10 5.80678e-12 0.0169659 -3.17253e-06 8.35995e-18 0 4.10177e-16 0 1.31712e-14 0 8.45956e-14 0 2.9422e-13 0 7.40244e-13 0 1.54178e-12 0 2.80781e-12 0 4.69223e-12 0 7.26626e-12 0 1.07495e-11 0 1.51713e-11 0 2.06176e-11 0 2.73385e-11 0 3.5252e-11 0 4.47222e-11 0 5.56069e-11 0 6.81621e-11 0 8.24317e-11 0 9.88633e-11 0 1.16598e-10 0
35.2205 3.23731e-10 3.18968e-10 4.76293e-12 0.0147126 -2.99477e-06 3.35268e-17 0 1.36022e-15 0 3.68724e-14 0 2.16266e-13 0 7.07757e-13 0 1.70225e-12 0 3.42068e-12 0 6.04986e-12 0 9.85983e-12 0 1.49461e-11 0 2.16921e-11 0 3.01044e-11 0 4.03035e-11 0 5.27103e-11 0 6.71295e-11 0 8.41796e-11 0 1.0356e-10 0 1.25687e-10 0 1.50596e-10 0 1.79019e-10 0 2.09439e-10 0
37.0284 3.0651e-10 3.02602e-10 3.90788e-12 0.0127496 -2.81568e-06 1.23878e-16 0 4.19462e-15 0 9.67866e-14 0 5.20705e-13 0 1.60823e-12 0 3.70576e-12 0 7.1973e-12 0 1.23797e-11 0 1.97006e-11 0 2.92629e-11 0 4.17055e-11 0 5.69602e-11 0 7.51791e-11 0 9.7042e-11 0 1.22138e-10 0 1.51476e-10 0 1.84475e-10 0 2.21784e-10 0 2.63401e-10 0 3.10483e-10 0 3.60469e-10 0
38.9291 2.90401e-10 2.87193e-10 3.20739e-12 0.0110447 -2.57283e-06 4.23292e-16 0 1.20685e-14 0 2.38903e-13 0 1.18391e-12 0 3.46069e-12 0 7.65582e-12 0 1.43949e-11 0 2.4113e-11 0 3.75117e-11 0 5.46531e-11 0 7.65558e-11 0 1.02979e-10 0 1.34087e-10 0 1.70938e-10 0 2.12741e-10 0 2.61085e-10 0 3.14917e-10 0 3.75216e-10 0 4.41898e-10 0 5.16721e-10 0 5.95553e-10 0
40.9273 2.75238e-10 2.72605e-10 2.63309e-12 0.00956659 -2.31134e-06 1.34237e-15 0 3.24971e-14 0 5.56045e-13 0 2.54841e-12 0 7.06918e-12 0 1.5044e-11 0 2.74278e-11 0 4.48017e-11 0 6.82088e-11 0 9.75683e-11 0 1.34439e-10 0 1.78241e-10 0 2.29114e-10 0 2.88638e-10 0 3.55408e-10 0 4.31833e-10 0 5.16125e-10 0 6.09714e-10 0 7.12358e-10 0 8.26637e-10 0 9.46169e-10 0
43.0281 2.60863e-10 2.58701e-10 2.16207e-12 0.00828815 -1.96729e-06 3.96392e-15 0 8.21346e-14 0 1.22343e-12 0 5.20545e-12 0 1.3738e-11 0 2.81776e-11 0 4.98882e-11 0 7.95603e-11 0 1.18667e-10 0 1.66804e-10 0 2.2627e-10 0 2.95889e-10 0 3.75707e-10 0 4.68008e-10 0 5.70447e-10 0 6.86552e-10 0 8.13452e-10 0 9.53168e-10 0 1.1052e-09 0 1.27322e-09 0 1.44775e-09 0
45.2368 2.47196e-10 2.4542e-10 1.77573e-12 0.00718349 -1.58386e-06 1.09357e-14 0 1.95424e-13 0 2.55127e-12 0 1.01142e-11 0 2.54577e-11 0 5.04159e-11 0 8.68057e-11 0 1.35316e-10 0 1.97927e-10 0 2.7363e-10 0 3.65694e-10 0 4.71989e-10 0 5.92363e-10 0 7.30019e-10 0 8.8125e-10 0 1.05106e-09 0 1.23507e-09 0 1.43605e-09 0 1.65312e-09 0 1.89132e-09 0 2.13713e-09 0
47.5588 2.34119e-10 2.3266e-10 1.45884e-12 0.00623117 -9.5563e-07 2.82703e-14 0 4.3886e-13 0 5.05392e-12 0 1.87326e-11 0 4.50726e-11 0 8.63321e-11 0 1.44754e-10 0 2.20811e-10 0 3.17039e-10 0 4.31422e-10 0 5.6847e-10 0 7.24621e-10 0 8.99395e-10 0 1.09715e-09 0 1.31232e-09 0 1.55179e-09 0 1.80915e-09 0 2.08811e-09 0 2.38729e-09 0 2.71338e-09 0 3.0478e-09 0
50 2.21586e-10 2.20388e-10 1.19848e-12 0.00540864 -3.42364e-07 6.86888e-14 0 9.32679e-13 0 9.53274e-12 0 3.31442e-11 0 7.64022e-11 0 1.4177e-10 0 2.31784e-10 0 3.46353e-10 0 4.88587e-10 0 6.54937e-10 0 8.51443e-10 0 1.07254e-09 0 1.31726e-09 0 1.59137e-09 0 1.8869e-09 0 2.21303e-09 0 2.5608e-09 0 2.93504e-09 0 3.33369e-09 0 3.76546e-09 0 4.20561e-09 0
52.5665 2.09524e-10 2.08539e-10 9.84847e-13 0.00470041 3.3123e-07 1.57289e-13 0 1.88033e-12 0 1.71567e-11 0 5.61306e-11 0 1.24219e-10 0 2.23645e-10 0 3.56973e-10 0 5.23063e-10 0 7.25573e-10 0 9.58796e-10 0 1.2306e-09 0 1.53278e-09 0 1.86372e-09 0 2.23087e-09 0 2.62324e-09 0 3.05279e-09 0 3.50744e-09 0 3.99335e-09 0 4.50763e-09 0 5.06125e-09 0 5.62244e-09 0
55.2648 1.97908e-10 1.97098e-10 8.09331e-13 0.00408943 9.40075e-07 3.40376e-13 0 3.60483e-12 0 2.95259e-11 0 9.11668e-11 0 1.94081e-10 0 3.39535e-10 0 5.29719e-10 0 7.61839e-10 0 1.04004e-09 0 1.35577e-09 0 1.71904e-09 0 2.11833e-09 0 2.55122e-09 0 3.02711e-09 0 3.53148e-09 0 4.07945e-09 0 4.65533e-09 0 5.2668e-09 0 5.91003e-09 0 6.59847e-09 0 7.29258e-09 0
58.1015 1.86692e-10 1.86027e-10 6.65172e-13 0.00356294 1.47083e-06 6.9782e-13 0 6.58611e-12 0 4.86804e-11 0 1.4226e-10 0 2.91882e-10 0 4.96878e-10 0 7.58543e-10 0 1.07175e-09 0 1.44106e-09 0 1.85436e-09 0 2.32414e-09 0 2.83491e-09 0 3.38339e-09 0 3.98113e-09 0 4.60965e-09 0 5.28753e-09 0 5.9952e-09 0 6.74192e-09 0 7.52286e-09 0 8.35412e-09 0 9.18794e-09 0
61.0839 1.7587e-10 1.75324e-10 5.46714e-13 0.00310862 1.90194e-06 1.35877e-12 0 1.1493e-11 0 7.7045e-11 0 2.13665e-10 0 4.23272e-10 0 7.02072e-10 0 1.04989e-09 0 1.45857e-09 0 1.93302e-09 0 2.45699e-09 0 3.04567e-09 0 3.67916e-09 0 4.35323e-09 0 5.08179e-09 0 5.84212e-09 0 6.65653e-09 0 7.50127e-09 0 8.38739e-09 0 9.309e-09 0 1.02849e-08 0 1.1259e-08 0
64.2193 1.65425e-10 1.64976e-10 4.49353e-13 0.00271635 2.23813e-06 2.51866e-12 0 1.91948e-11 0 1.1726e-10 0 3.09394e-10 0 5.92792e-10 0 9.59258e-10 0 1.40658e-09 0 1.92299e-09 0 2.51372e-09 0 3.1579e-09 0 3.87368e-09 0 4.63644e-09 0 5.44102e-09 0 6.30384e-09 0 7.19786e-09 0 8.14919e-09 0 9.12997e-09 0 1.0153e-08 0 1.12114e-08 0 1.23266e-08 0 1.34347e-08 0
67.5157 1.55347e-10 1.54978e-10 3.69315e-13 0.00237734 2.45994e-06 4.45431e-12 0 3.07419e-11 0 1.71919e-10 0 4.32627e-10 0 8.03002e-10 0 1.26924e-09 0 1.82666e-09 0 2.45947e-09 0 3.17323e-09 0 3.94228e-09 0 4.78786e-09 0 5.68057e-09 0 6.61449e-09 0 7.60854e-09 0 8.63155e-09 0 9.71334e-09 0 1.08222e-08 0 1.19726e-08 0 1.3157e-08 0 1.43989e-08 0 1.56275e-08 0
70.9813 1.45652e-10 1.45348e-10 3.03541e-13 0.00208402 2.59306e-06 7.53283e-12 0 4.73094e-11 0 2.43243e-10 0 5.85144e-10 0 1.05379e-09 0 1.62882e-09 0 2.30287e-09 0 3.05595e-09 0 3.89408e-09 0 4.78686e-09 0 5.75874e-09 0 6.77569e-09 0 7.83128e-09 0 8.94686e-09 0 1.00875e-08 0 1.12866e-08 0 1.25089e-08 0 1.37707e-08 0 1.50634e-08 0 1.64129e-08 0 1.77423e-08 0
74.6248 1.3633e-10 1.36081e-10 2.49453e-13 0.00182977 2.64385e-06 1.22061e-11 0 7.00817e-11 0 3.32645e-10 0 7.66639e-10 0 1.34156e-09 0 2.03001e-09 0 2.82197e-09 0 3.69345e-09 0 4.65108e-09 0 5.66012e-09 0 6.74815e-09 0 7.87709e-09 0 9.04019e-09 0 1.02611e-08 0 1.15018e-08 0 1.27987e-08 0 1.41139e-08 0 1.54648e-08 0 1.68428e-08 0 1.82752e-08 0 1.96806e-08 0
78.4553 1.27383e-10 1.27178e-10 2.05016e-13 0.00160945 2.62444e-06 1.89882e-11 0 1.00105e-10 0 4.40361e-10 0 9.74353e-10 0 1.6591e-09 0 2.46026e-09 0 3.36553e-09 0 4.34741e-09 0 5.41337e-09 0 6.52498e-09 0 7.71283e-09 0 8.9355e-09 0 1.01862e-08 0 1.14908e-08 0 1.28087e-08 0 1.41789e-08 0 1.55615e-08 0 1.69753e-08 0 1.84111e-08 0 1.98976e-08 0 2.13506e-08 0
82.4824 1.18807e-10 1.18639e-10 1.68479e-13 0.00141808 2.53124e-06 2.84107e-11 0 1.38103e-10 0 5.65129e-10 0 1.20287e-09 0 1.99568e-09 0 2.90303e-09 0 3.91097e-09 0 4.98928e-09 0 6.14653e-09 0 7.34153e-09 0 8.60756e-09 0 9.90079e-09 0 1.12148e-08 0 1.2577e-08 0 1.39456e-08 0 1.53612e-08 0 1.67829e-08 0 1.82303e-08 0 1.96943e-08 0 2.12041e-08 0 2.26747e-08 0
86.7162 1.10621e-10 1.10483e-10 1.38437e-13 0.00125145 2.35108e-06 4.09644e-11 0 1.84332e-10 0 7.0416e-10 0 1.44454e-09 0 2.33816e-09 0 3.33958e-09 0 4.43418e-09 0 5.58997e-09 0 6.81688e-09 0 8.07201e-09 0 9.39095e-09 0 1.07285e-08 0 1.20789e-08 0 1.34706e-08 0 1.48615e-08 0 1.62933e-08 0 1.77248e-08 0 1.91762e-08 0 2.06385e-08 0 2.21411e-08 0 2.35997e-08 0
91.1674 1.02824e-10 1.02711e-10 1.13735e-13 0.00110611 2.12537e-06 5.70175e-11 0 2.38403e-10 0 8.53042e-10 0 1.68966e-09 0 2.67141e-09 0 3.74981e-09 0 4.91052e-09 0 6.121e-09 0 7.39265e-09 0 8.68205e-09 0 1.00265e-08 0 1.13806e-08 0 1.27394e-08 0 1.41321e-08 0 1.55171e-08 0 1.69362e-08 0 1.8349e-08 0 1.97757e-08 0 2.1208e-08 0 2.26746e-08 0 2.40937e-08 0
95.847 9.54201e-11 9.53267e-11 9.34329e-14 0.000979174 1.89022e-06 7.67403e-11 0 2.99224e-10 0 1.00608e-09 0 1.92743e-09 0 2.98001e-09 0 4.11442e-09 0 5.31767e-09 0 6.55777e-09 0 7.84774e-09 0 9.14472e-09 0 1.04872e-08 0 1.18304e-08 0 1.31706e-08 0 1.4537e-08 0 1.58894e-08 0 1.72691e-08 0 1.86372e-08 0 2.00136e-08 0 2.13906e-08 0 2.27959e-08 0 2.41515e-08 0
100.767 8.83967e-11 8.83199e-11 7.67288e-14 0.000868006 1.6551e-06 1.00022e-10 0 3.64939e-10 0 1.15653e-09 0 2.14652e-09 0 3.249e-09 0 4.41588e-09 0 5.63648e-09 0 6.88042e-09 0 8.1623e-09 0 9.44087e-09 0 1.07551e-08 0 1.20619e-08 0 1.33586e-08 0 1.46742e-08 0 1.59704e-08 0 1.72874e-08 0 1.85882e-08 0 1.98924e-08 0 2.11928e-08 0 2.25159e-08 0 2.37885e-08 0
105.939 8.17688e-11 8.17057e-11 6.30209e-14 0.00077072 1.37427e-06 1.26467e-10 0 4.33176e-10 0 1.29766e-09 0 2.33694e-09 0 3.46654e-09 0 4.64173e-09 0 5.85487e-09 0 7.07812e-09 0 8.3275e-09 0 9.56423e-09 0 1.0827e-08 0 1.20754e-08 0 1.33076e-08 0 1.45521e-08 0 1.57729e-08 0 1.70084e-08 0 1.82244e-08 0 1.94394e-08 0 2.06472e-08 0 2.18724e-08 0 2.30476e-08 0
111.377 7.55157e-11 7.54639e-11 5.17409e-14 0.000685167 1.10267e-06 1.55318e-10 0 5.00972e-10 0 1.42257e-09 0 2.48952e-09 0 3.62271e-09 0 4.78251e-09 0 5.96485e-09 0 7.14505e-09 0 8.34034e-09 0 9.51502e-09 0 1.0707e-08 0 1.18788e-08 0 1.30297e-08 0 1.41869e-08 0 1.53176e-08 0 1.64577e-08 0 1.75759e-08 0 1.86898e-08 0 1.97936e-08 0 2.09104e-08 0 2.19788e-08 0
117.094 6.96391e-11 6.95966e-11 4.24737e-14 0.000609912 8.33532e-07 1.85559e-10 0 5.65274e-10 0 1.52555e-09 0 2.59802e-09 0 3.71232e-09 0 4.83522e-09 0 5.96641e-09 0 7.08478e-09 0 8.20843e-09 0 9.30521e-09 0 1.04115e-08 0 1.14934e-08 0 1.25511e-08 0 1.36102e-08 0 1.4641e-08 0 1.56767e-08 0 1.66893e-08 0 1.76949e-08 0 1.86888e-08 0 1.96916e-08 0 2.06486e-08 0
123.105 6.41332e-11 6.40983e-11 3.48657e-14 0.000543646 5.82899e-07 2.15954e-10 0 6.23078e-10 0 1.60218e-09 0 2.65882e-09 0 3.73401e-09 0 4.80166e-09 0 5.86512e-09 0 6.90705e-09 0 7.94599e-09 0 8.95358e-09 0 9.96421e-09 0 1.09476e-08 0 1.19049e-08 0 1.28595e-08 0 1.37854e-08 0 1.47126e-08 0 1.56164e-08 0 1.65114e-08 0 1.73936e-08 0 1.82816e-08 0 1.91271e-08 0
129.424 5.89793e-11 5.89507e-11 2.86084e-14 0.000485059 3.6334e-07 2.45112e-10 0 6.716e-10 0 1.64939e-09 0 2.67072e-09 0 3.68959e-09 0 4.68729e-09 0 5.67053e-09 0 6.62562e-09 0 7.57119e-09 0 8.48265e-09 0 9.39202e-09 0 1.02728e-08 0 1.11266e-08 0 1.19748e-08 0 1.27947e-08 0 1.36133e-08 0 1.44088e-08 0 1.51946e-08 0 1.59672e-08 0 1.67431e-08 0 1.74803e-08 0
136.067 5.41763e-11 5.41528e-11 2.34754e-14 0.000433315 1.7447e-07 2.71707e-10 0 7.08794e-10 0 1.66637e-09 0 2.636e-09 0 3.58527e-09 0 4.50263e-09 0 5.39759e-09 0 6.25992e-09 0 7.10791e-09 0 7.92061e-09 0 8.72741e-09 0 9.50537e-09 0 1.02566e-08 0 1.10003e-08 0 1.17168e-08 0 1.24301e-08 0 1.31215e-08 0 1.38027e-08 0 1.44709e-08 0 1.51405e-08 0 1.57754e-08 0
143.051 4.97027e-11 4.96834e-11 1.92585e-14 0.000387474 1.30088e-08 2.94455e-10 0 7.33111e-10 0 1.65354e-09 0 2.55841e-09 0 3.42865e-09 0 4.25919e-09 0 5.06177e-09 0 5.82918e-09 0 6.57903e-09 0 7.29379e-09 0 8.00004e-09 0 8.67821e-09 0 9.33065e-09 0 9.97444e-09 0 1.05929e-08 0 1.12068e-08 0 1.18004e-08 0 1.23838e-08 0 1.29549e-08 0 1.3526e-08 0 1.40665e-08 0
150.394 4.55486e-11 4.55328e-11 1.57965e-14 0.000346805 -1.27557e-07 3.12351e-10 0 7.43933e-10 0 1.61318e-09 0 2.44409e-09 0 3.22984e-09 0 3.97094e-09 0 4.68067e-09 0 5.35443e-09 0 6.00883e-09 0 6.62945e-09 0 7.23995e-09 0 7.82389e-09 0 8.38375e-09 0 8.93448e-09 0 9.46202e-09 0 9.98437e-09 0 1.04882e-08 0 1.09823e-08 0 1.14651e-08 0 1.19468e-08 0 1.2402e-08 0
158.114 4.16994e-11 4.16864e-11 1.29556e-14 0.000310691 -2.26762e-07 3.24671e-10 0 7.4138e-10 0 1.54869e-09 0 2.30012e-09 0 2.99949e-09 0 3.65181e-09 0 4.27124e-09 0 4.85529e-09 0 5.41938e-09 0 5.95178e-09 0 6.47333e-09 0 6.97037e-09 0 7.44537e-09 0 7.91127e-09 0 8.35637e-09 0 8.79603e-09 0 9.21915e-09 0 9.63331e-09 0 1.00371e-08 0 1.04394e-08 0 1.08188e-08 0
166.23 3.8139e-11 3.81284e-11 1.06248e-14 0.000278582 -3.29291e-07 3.3103e-10 0 7.26261e-10 0 1.46429e-09 0 2.13412e-09 0 2.74824e-09 0 3.31507e-09 0 3.84904e-09 0 4.34932e-09 0 4.82994e-09 0 5.28153e-09 0 5.7222e-09 0 6.14072e-09 0 6.53947e-09 0 6.9295e-09 0 7.30122e-09 0 7.66757e-09 0 8.0194e-09 0 8.36312e-09 0 8.69764e-09 0 9.03036e-09 0 9.34365e-09 0
174.763 3.4849e-11 3.48403e-11 8.71079e-15 0.000249958 -4.22877e-07 3.31367e-10 0 6.99917e-10 0 1.36456e-09 0 1.95356e-09 0 2.48597e-09 0 2.97255e-09 0 3.42751e-09 0 3.85121e-09 0 4.25626e-09 0 4.63524e-09 0 5.00371e-09 0 5.35253e-09 0 5.68394e-09 0 6.00729e-09 0 6.31473e-09 0 6.6171e-09 0 6.90693e-09 0 7.18956e-09 0 7.46419e-09 0 7.7369e-09 0 7.99332e-09 0
183.733 3.1816e-11 3.18088e-11 7.14051e-15 0.000224432 -4.92039e-07 3.25989e-10 0 6.64198e-10 0 1.25436e-09 0 1.76569e-09 0 2.22178e-09 0 2.63476e-09 0 3.0182e-09 0 3.3733e-09 0 3.71119e-09 0 4.0261e-09 0 4.33123e-09 0 4.61922e-09 0 4.89212e-09 0 5.15775e-09 0 5.40977e-09 0 5.65715e-09 0 5.89384e-09 0 6.12427e-09 0 6.34783e-09 0 6.5695e-09 0 6.77766e-09 0
193.164 2.90248e-11 2.9019e-11 5.85274e-15 0.000201646 -5.39364e-07 3.15465e-10 0 6.21177e-10 0 1.13829e-09 0 1.5769e-09 0 1.96325e-09 0 2.31006e-09 0 2.62996e-09 0 2.92466e-09 0 3.20387e-09 0 3.46313e-09 0 3.71355e-09 0 3.94924e-09 0 4.17203e-09 0 4.38841e-09 0 4.59329e-09 0 4.79403e-09 0 4.98578e-09 0 5.17217e-09 0 5.35274e-09 0 5.53154e-09 0 5.69924e-09 0
203.079 2.64614e-11 2.64566e-11 4.79744e-15 0.000181299 -5.85724e-07 3.00578e-10 0 5.73013e-10 0 1.02052e-09 0 1.39256e-09 0 1.71645e-09 0 2.00483e-09 0 2.2692e-09 0 2.51157e-09 0 2.74027e-09 0 2.9519e-09 0 3.15571e-09 0 3.34704e-09 0 3.52748e-09 0 3.70237e-09 0 3.86767e-09 0 4.02934e-09 0 4.18353e-09 0 4.3332e-09 0 4.47801e-09 0 4.62122e-09 0 4.75538e-09 0
213.503 2.41061e-11 2.41022e-11 3.93104e-15 0.000163073 -6.05336e-07 2.82165e-10 0 5.21675e-10 0 9.04379e-10 0 1.21661e-09 0 1.48545e-09 0 1.72302e-09 0 1.93956e-09 0 2.13717e-09 0 2.32293e-09 0 2.4943e-09 0 2.65887e-09 0 2.81299e-09 0 2.95804e-09 0 3.09835e-09 0 3.23074e-09 0 3.36003e-09 0 3.48315e-09 0 3.60251e-09 0 3.71784e-09 0 3.83177e-09 0 3.93839e-09 0
224.463 2.19484e-11 2.19452e-11 3.22153e-15 0.000146777 -6.38683e-07 2.6122e-10 0 4.69144e-10 0 7.9286e-10 0 1.05234e-09 0 1.27348e-09 0 1.46751e-09 0 1.64342e-09 0 1.80328e-09 0 1.95304e-09 0 2.09077e-09 0 2.22271e-09 0 2.346e-09 0 2.4618e-09 0 2.57362e-09 0 2.67896e-09 0 2.78168e-09 0 2.87938e-09 0 2.97397e-09 0 3.06526e-09 0 3.15536e-09 0 3.23958e-09 0
235.984 1.99722e-11 1.99696e-11 2.63948e-15 0.000132158 -6.56459e-07 2.38649e-10 0 4.17008e-10 0 6.88008e-10 0 9.01669e-10 0 1.08202e-09 0 1.23922e-09 0 1.38103e-09 0 1.50941e-09 0 1.62927e-09 0 1.73922e-09 0 1.84429e-09 0 1.94226e-09 0 2.03412e-09 0 2.12268e-09 0 2.20598e-09 0 2.28711e-09 0 2.36417e-09 0 2.43869e-09 0 2.51055e-09 0 2.58138e-09 0 2.64755e-09 0
248.097 1.81643e-11 1.81622e-11 2.16234e-15 0.000119043 -6.80426e-07 2.15319e-10 0 3.66613e-10 0 5.91299e-10 0 7.65724e-10 0 9.11643e-10 0 1.03806e-09 0 1.15158e-09 0 1.25396e-09 0 1.34927e-09 0 1.43648e-09 0 1.51964e-09 0 1.59703e-09 0 1.66946e-09 0 1.7392e-09 0 1.8047e-09 0 1.86841e-09 0 1.92886e-09 0 1.98726e-09 0 2.04352e-09 0 2.09893e-09 0 2.15063e-09 0
260.832 1.65124e-11 1.65106e-11 1.77135e-15 0.000107274 -6.75331e-07 1.91992e-10 0 3.1899e-10 0 5.03606e-10 0 6.44869e-10 0 7.62069e-10 0 8.63025e-10 0 9.53301e-10 0 1.03445e-09 0 1.10978e-09 0 1.17854e-09 0 1.24397e-09 0 1.30477e-09 0 1.36158e-09 0 1.4162e-09 0 1.46744e-09 0 1.51722e-09 0 1.5644e-09 0 1.60994e-09 0 1.65377e-09 0 1.69691e-09 0 1.73713e-09 0
274.221 1.50044e-11 1.50029e-11 1.45101e-15 9.67057e-05 -6.79421e-07 1.69299e-10 0 2.74863e-10 0 4.25287e-10 0 5.38849e-10 0 6.32343e-10 0 7.12457e-10 0 7.83813e-10 0 8.47751e-10 0 9.06956e-10 0 9.60882e-10 0 1.01211e-09 0 1.05962e-09 0 1.10396e-09 0 1.14652e-09 0 1.18642e-09 0 1.22513e-09 0 1.26179e-09 0 1.29714e-09 0 1.33114e-09 0 1.36457e-09 0 1.39572e-09 0
288.297 1.36287e-11 1.36275e-11 1.1886e-15 8.72129e-05 -6.73336e-07 1.4773e-10 0 2.34676e-10 0 3.56287e-10 0 4.46956e-10 0 5.2107e-10 0 5.84269e-10 0 6.40355e-10 0 6.90466e-10 0 7.36758e-10 0 7.78838e-10 0 8.18743e-10 0 8.557e-10 0 8.90142e-10 0 9.23171e-10 0 9.5409e-10 0 9.84069e-10 0 1.01243e-09 0 1.03976e-09 0 1.06602e-09 0 1.09182e-09 0 1.11585e-09 0
303.095 1.23744e-11 1.23734e-11 9.73463e-16 7.86676e-05 -6.48052e-07 1.27637e-10 0 1.98638e-10 0 2.96242e-10 0 3.68171e-10 0 4.26581e-10 0 4.76164e-10 0 5.20019e-10 0 5.59099e-10 0 5.95123e-10 0 6.27808e-10 0 6.58756e-10 0 6.87377e-10 0 7.14019e-10 0 7.39541e-10 0 7.63409e-10 0 7.8653e-10 0 8.08387e-10 0 8.29432e-10 0 8.49639e-10 0 8.69484e-10 0 8.87952e-10 0
318.653 1.12321e-11 1.12313e-11 7.97245e-16 7.09793e-05 -6.70421e-07 1.09258e-10 0 1.66779e-10 0 2.44591e-10 0 3.01322e-10 0 3.47109e-10 0 3.85816e-10 0 4.19946e-10 0 4.50285e-10 0 4.78196e-10 0 5.03478e-10 0 5.27381e-10 0 5.4946e-10 0 5.69989e-10 0 5.89635e-10 0 6.07992e-10 0 6.25761e-10 0 6.42545e-10 0 6.58695e-10 0 6.74192e-10 0 6.89402e-10 0 7.03549e-10 0
335.009 1.01927e-11 1.01921e-11 6.52983e-16 6.40637e-05 -6.18088e-07 9.27136e-11 0 1.38974e-10 0 2.00626e-10 0 2.4513e-10 0 2.80846e-10 0 3.10926e-10 0 3.37372e-10 0 3.60829e-10 0 3.82369e-10 0 4.0185e-10 0 4.20244e-10 0 4.37215e-10 0 4.52978e-10 0 4.6805e-10 0 4.82121e-10 0 4.95731e-10 0 5.08579e-10 0 5.20933e-10 0 5.32781e-10 0 5.44403e-10 0 5.55208e-10 0
352.205 9.24678e-12 9.24624e-12 5.3477e-16 5.78331e-05 -6.16815e-07 7.80273e-11 0 1.14976e-10 0 1.63543e-10 0 1.9828e-10 0 2.26014e-10 0 2.49289e-10 0 2.697e-10 0 2.87766e-10 0 3.04328e-10 0 3.19285e-10 0 3.33391e-10 0 3.46391e-10 0 3.58456e-10 0 3.69982e-10 0 3.80734e-10 0 3.91127e-10 0 4.00932e-10 0 4.10354e-10 0 4.19386e-10 0 4.28241e-10 0 4.3647e-10 0
370.284 8.38643e-12 8.38599e-12 4.37941e-16 5.22202e-05 -5.93318e-07 6.51599e-11 0 9.4484e-11 0 1.32539e-10 0 1.59528e-10 0 1.80974e-10 0 1.98913e-10 0 2.14607e-10 0 2.28473e-10 0 2.41164e-10 0 2.52611e-10 0 2.63394e-10 0 2.73323e-10 0 2.82529e-10 0 2.91317e-10 0 2.9951e-10 0 3.07424e-10 0 3.14886e-10 0 3.22053e-10 0 3.2892e-10 0 3.3565e-10 0 3.41901e-10 0
389.291 7.60452e-12 7.60417e-12 3.58642e-16 4.71617e-05 -5.89899e-07 5.40209e-11 0 7.71577e-11 0 1.06832e-10 0 1.27712e-10 0 1.44232e-10 0 1.5801e-10 0 1.70037e-10 0 1.80645e-10 0 1.9034e-10 0 1.99075e-10 0 2.07294e-10 0 2.14856e-10 0 2.21862e-10 0 2.28545e-10 0 2.34772e-10 0 2.40783e-10 0 2.46448e-10 0 2.51887e-10 0 2.57095e-10 0 2.62197e-10 0 2.66935e-10 0
409.273 6.89397e-12 6.89368e-12 2.93681e-16 4.25997e-05 -5.61303e-07 4.44804e-11 0 6.26363e-11 0 8.56701e-11 0 1.01762e-10 0 1.14443e-10 0 1.2499e-10 0 1.34178e-10 0 1.42269e-10 0 1.49655e-10 0 1.56302e-10 0 1.62551e-10 0 1.68295e-10 0 1.73613e-10 0 1.78683e-10 0 1.83404e-10 0 1.87959e-10 0 1.9225e-10 0 1.96368e-10 0 2.0031e-10 0 2.0417e-10 0 2.07753e-10 0
430.281 6.24882e-12 6.24858e-12 2.4048e-16 3.84841e-05 -5.00672e-07 3.6392e-11 0 5.05685e-11 0 6.83748e-11 0 8.07331e-11 0 9.04352e-11 0 9.84854e-11 0 1.05486e-10 0 1.11641e-10 0 1.17253e-10 0 1.22298e-10 0 1.27038e-10 0 1.31391e-10 0 1.35419e-10 0 1.39257e-10 0 1.42829e-10 0 1.46274e-10 0 1.49517e-10 0 1.52629e-10 0 1.55606e-10 0 1.58521e-10 0 1.61225e-10 0
452.368 5.66276e-12 5.66256e-12 1.96895e-16 3.47702e-05 -5.08152e-07 2.95942e-11 0 4.06119e-11 0 5.4324e-11 0 6.37833e-11 0 7.11845e-11 0 7.73116e-11 0 8.26307e-11 0 8.73014e-11 0 9.15555e-11 0 9.53767e-11 0 9.89635e-11 0 1.02256e-10 0 1.053e-10 0 1.08199e-10 0 1.10896e-10 0 1.13496e-10 0 1.15943e-10 0 1.18289e-10 0 1.20534e-10 0 1.22731e-10 0 1.24768e-10 0
475.588 5.13112e-12 5.13096e-12 1.61224e-16 3.14209e-05 -5.00825e-07 2.39321e-11 0 3.24592e-11 0 4.29822e-11 0 5.02014e-11 0 5.58325e-11 0 6.04845e-11 0 6.45169e-11 0 6.80535e-11 0 7.12715e-11 0 7.41596e-11 0 7.68687e-11 0 7.93537e-11 0 8.16504e-11 0 8.38365e-11 0 8.58693e-11 0 8.78282e-11 0 8.96712e-11 0 9.14379e-11 0 9.31274e-11 0 9.47803e-11 0 9.63132e-11 0
500 4.64859e-12 4.64846e-12 1.32004e-16 2.83966e-05 -4.52101e-07 1.92507e-11 0 2.58242e-11 0 3.38739e-11 0 3.93682e-11 0 4.36419e-11 0 4.71658e-11 0 5.02161e-11 0 5.28884e-11 0 5.53178e-11 0 5.74965e-11 0 5.95389e-11 0 6.14113e-11 0 6.31409e-11 0 6.47866e-11 0 6.63162e-11 0 6.77897e-11 0 6.91756e-11 0 7.05037e-11 0 7.17734e-11 0 7.30153e-11 0 7.41668e-11 0
525.665 4.21104e-12 4.21093e-12 1.08081e-16 2.56662e-05 -5.0172e-07 1.5409e-11 0 2.04587e-11 0 2.65985e-11 0 3.07699e-11 0 3.40062e-11 0 3.66702e-11 0 3.89731e-11 0 4.09887e-11 0 4.28195e-11 0 4.44604e-11 0 4.59976e-11 0 4.74062e-11 0 4.87069e-11 0 4.99438e-11 0 5.10932e-11 0 5.22e-11 0 5.32407e-11 0 5.42377e-11 0 5.51907e-11 0 5.61226e-11 0 5.69864e-11 0
552.648 3.81417e-12 3.81409e-12 8.84883e-17 2.31999e-05 -4.27581e-07 1.22766e-11 0 1.6143e-11 0 2.08136e-11 0 2.39733e-11 0 2.6419e-11 0 2.8429e-11 0 3.01646e-11 0 3.16822e-11 0 3.30597e-11 0 3.42935e-11 0 3.54488e-11 0 3.65069e-11 0 3.74836e-11 0 3.8412e-11 0 3.92745e-11 0 4.01048e-11 0 4.08852e-11 0 4.16328e-11 0 4.23471e-11 0 4.30455e-11 0 4.36927e-11 0
581.015 3.45422e-12 3.45415e-12 7.24423e-17 2.09721e-05 -3.88278e-07 9.73826e-12 0 1.26896e-11 0 1.62337e-11 0 1.86221e-11 0 2.04668e-11 0 2.19807e-11 0 2.32866e-11 0 2.44275e-11 0 2.54624e-11 0 2.63888e-11 0 2.72558e-11 0 2.80496e-11 0 2.87819e-11 0 2.9478e-11 0 3.01243e-11 0 3.07464e-11 0 3.13309e-11 0 3.18908e-11 0 3.24256e-11 0 3.29484e-11 0 3.34328e-11 0
610.839 3.12808e-12 3.12802e-12 5.93088e-17 1.89602e-05 -3.48085e-07 7.69362e-12 0 9.9404e-12 0 1.26239e-11 0 1.44259e-11 0 1.5815e-11 0 1.69536e-11 0 1.79347e-11 0 1.87912e-11 0 1.95677e-11 0 2.02624e-11 0 2.09123e-11 0 2.15071e-11 0 2.20556e-11 0 2.25768e-11 0 2.30607e-11 0 2.35263e-11 0 2.39637e-11 0 2.43825e-11 0 2.47825e-11 0 2.51735e-11 0 2.55357e-11 0
642.193 2.8324e-12 2.83235e-12 4.85547e-17 1.71426e-05 -3.77441e-07 6.05494e-12 0 7.76104e-12 0 9.78871e-12 0 1.1146e-11 0 1.21903e-11 0 1.30453e-11 0 1.37814e-11 0 1.44237e-11 0 1.50055e-11 0 1.55259e-11 0 1.60124e-11 0 1.64576e-11 0 1.6868e-11 0 1.72579e-11 0 1.76198e-11 0 1.79679e-11 0 1.82949e-11 0 1.86079e-11 0 1.89068e-11 0 1.91989e-11 0 1.94695e-11 0
675.157 2.56454e-12 2.5645e-12 3.97501e-17 1.54999e-05 -3.25834e-07 4.74839e-12 0 6.04101e-12 0 7.57033e-12 0 8.591e-12 0 9.37512e-12 0 1.00164e-11 0 1.0568e-11 0 1.1049e-11 0 1.14845e-11 0 1.18739e-11 0 1.22378e-11 0 1.25707e-11 0 1.28775e-11 0 1.31689e-11 0 1.34392e-11 0 1.36993e-11 0 1.39435e-11 0 1.41772e-11 0 1.44005e-11 0 1.46185e-11 0 1.48205e-11 0
709.813 2.32174e-12 2.32171e-12 3.25401e-17 1.40154e-05 -1.62157e-07 3.71115e-12 0 4.68841e-12 0 5.83988e-12 0 6.60631e-12 0 7.19426e-12 0 7.67459e-12 0 8.08752e-12 0 8.44735e-12 0 8.77305e-12 0 9.06407e-12 0 9.33603e-12 0 9.58468e-12 0 9.81382e-12 0 1.00314e-11 0 1.02332e-11 0 1.04273e-11 0 1.06096e-11 0 1.0784e-11 0 1.09505e-11 0 1.11132e-11 0 1.12638e-11 0
746.248 2.10195e-12 2.10192e-12 2.66393e-17 1.26736e-05 -2.52075e-07 2.89159e-12 0 3.62907e-12 0 4.49477e-12 0 5.06959e-12 0 5.50996e-12 0 5.86941e-12 0 6.17821e-12 0 6.44717e-12 0 6.69051e-12 0 6.90787e-12 0 7.11093e-12 0 7.29654e-12 0 7.46755e-12 0 7.62988e-12 0 7.78044e-12 0 7.92522e-12 0 8.06114e-12 0 8.19119e-12 0 8.31534e-12 0 8.43661e-12 0 8.5489e-12 0
784.553 1.90271e-12 1.90269e-12 2.18075e-17 1.14613e-05 -2.33451e-07 2.24622e-12 0 2.80176e-12 0 3.45166e-12 0 3.88223e-12 0 4.2117e-12 0 4.4804e-12 0 4.71111e-12 0 4.91195e-12 0 5.0936e-12 0 5.2558e-12 0 5.40729e-12 0 5.54573e-12 0 5.67325e-12 0 5.79428e-12 0 5.90652e-12 0 6.01442e-12 0 6.11571e-12 0 6.21262e-12 0 6.30512e-12 0 6.39546e-12 0 6.47911e-12 0
824.824 1.72231e-12 1.72229e-12 1.78512e-17 1.03647e-05 -3.13421e-07 1.74013e-12 0 2.15795e-12 0 2.64524e-12 0 2.96743e-12 0 3.21369e-12 0 3.41438e-12 0 3.58661e-12 0 3.73648e-12 0 3.87197e-12 0 3.99293e-12 0 4.10587e-12 0 4.20906e-12 0 4.30409e-12 0 4.39427e-12 0 4.47789e-12 0 4.55826e-12 0 4.63371e-12 0 4.70588e-12 0 4.77476e-12 0 4.84202e-12 0 4.9043e-12 0
867.163 1.55898e-12 1.55896e-12 1.46131e-17 9.37353e-06 -3.55983e-07 1.34461e-12 0 1.65842e-12 0 2.02337e-12 0 2.26423e-12 0 2.44814e-12 0 2.59793e-12 0 2.7264e-12 0 2.83815e-12 0 2.93916e-12 0 3.0293e-12 0 3.11345e-12 0 3.19032e-12 0 3.2611e-12 0 3.32826e-12 0 3.39052e-12 0 3.45036e-12 0 3.50652e-12 0 3.56024e-12 0 3.61151e-12 0 3.66157e-12 0 3.70791e-12 0
911.674 1.41104e-12 1.41103e-12 1.19624e-17 8.47767e-06 -2.95786e-07 1.03645e-12 0 1.27182e-12 0 1.54486e-12 0 1.72475e-12 0 1.86199e-12 0 1.9737e-12 0 2.06947e-12 0 2.15274e-12 0 2.22799e-12 0 2.29513e-12 0 2.35779e-12 0 2.41502e-12 0 2.46771e-12 0 2.51769e-12 0 2.56403e-12 0 2.60856e-12 0 2.65034e-12 0 2.69031e-12 0 2.72845e-12 0 2.76568e-12 0 2.80015e-12 0
958.471 1.27701e-12 1.27701e-12 9.792e-18 7.66788e-06 -1.54118e-07 7.9704e-13 0 9.73366e-13 0 1.17742e-12 0 1.31167e-12 0 1.41401e-12 0 1.49725e-12 0 1.56859e-12 0 1.63061e-12 0 1.68663e-12 0 1.7366e-12 0 1.78323e-12 0 1.82582e-12 0 1.86502e-12 0 1.9022e-12 0 1.93667e-12 0 1.96978e-12 0 2.00086e-12 0 2.03058e-12 0 2.05894e-12 0 2.08662e-12 0 2.11225e-12 0
1007.67 1.15576e-12 1.15575e-12 8.0151e-18 6.93493e-06 -7.16995e-08 6.11668e-13 0 7.43625e-13 0 8.96012e-13 0 9.96132e-13 0 1.07239e-12 0 1.13439e-12 0 1.18751e-12 0 1.23367e-12 0 1.27536e-12 0 1.31255e-12 0 1.34724e-12 0 1.37891e-12 0 1.40806e-12 0 1.43571e-12 0 1.46134e-12 0 1.48596e-12 0 1.50907e-12 0 1.53116e-12 0 1.55224e-12 0 1.57281e-12 0 1.59186e-12 0
1059.39 1.04602e-12 1.04602e-12 6.56149e-18 6.27279e-06 -1.80885e-07 4.68485e-13 0 5.67145e-13 0 6.8086e-13 0 7.5548e-13 0 8.12277e-13 0 8.58437e-13 0 8.97968e-13 0 9.32313e-13 0 9.63324e-13 0 9.90978e-13 0 1.01678e-12 0 1.04033e-12 0 1.062e-12 0 1.08255e-12 0 1.1016e-12 0 1.1199e-12 0 1.13707e-12 0 1.15349e-12 0 1.16915e-12 0 1.18444e-12 0 1.19859e-12 0
1113.77 9.46527e-13 9.46522e-13 5.3699e-18 5.67327e-06 -2.71832e-07 3.58085e-13 0 4.31772e-13 0 5.16556e-13 0 5.72128e-13 0 6.14401e-13 0 6.48743e-13 0 6.78145e-13 0 7.03683e-13 0 7.26738e-13 0 7.47293e-13 0 7.66466e-13 0 7.83967e-13 0 8.00072e-13 0 8.15344e-13 0 8.29495e-13 0 8.4309e-13 0 8.55843e-13 0 8.68037e-13 0 8.79671e-13 0 8.91026e-13 0 9.01535e-13 0
1170.94 8.56555e-13 8.5655e-13 4.39549e-18 5.13159e-06 -3.43772e-07 2.73243e-13 0 3.28239e-13 0 3.91418e-13 0 4.32786e-13 0 4.64237e-13 0 4.89778e-13 0 5.11638e-13 0 5.30622e-13 0 5.47757e-13 0 5.63032e-13 0 5.77278e-13 0 5.90281e-13 0 6.02245e-13 0 6.13589e-13 0 6.241e-13 0 6.34197e-13 0 6.43668e-13 0 6.52724e-13 0 6.61363e-13 0 6.69795e-13 0 6.77598e-13 0
1231.05 7.75146e-13 7.75142e-13 3.59806e-18 4.64179e-06 -3.76555e-08 2.08165e-13 0 2.49183e-13 0 2.96235e-13 0 3.27016e-13 0 3.50406e-13 0 3.69395e-13 0 3.85642e-13 0 3.9975e-13 0 4.12481e-13 0 4.23829e-13 0 4.34412e-13 0 4.44069e-13 0 4.52955e-13 0 4.61379e-13 0 4.69184e-13 0 4.76682e-13 0 4.83714e-13 0 4.90438e-13 0 4.96851e-13 0 5.03111e-13 0 5.08904e-13 0
1294.24 7.01517e-13 7.01514e-13 2.9458e-18 4.19918e-06 -2.65852e-07 1.58351e-13 0 1.88925e-13 0 2.23953e-13 0 2.46848e-13 0 2.64237e-13 0 2.7835e-13 0 2.90423e-13 0 3.00904e-13 0 3.10362e-13 0 3.1879e-13 0 3.26649e-13 0 3.33821e-13 0 3.40419e-13 0 3.46674e-13 0 3.52469e-13 0 3.58035e-13 0 3.63256e-13 0 3.68247e-13 0 3.73008e-13 0 3.77655e-13 0 3.81954e-13 0
1360.67 6.34781e-13 6.34779e-13 2.41124e-18 3.79854e-06 -1.46449e-07 1.20263e-13 0 1.43037e-13 0 1.69096e-13 0 1.86116e-13 0 1.99038e-13 0 2.09522e-13 0 2.1849e-13 0 2.26273e-13 0 2.33295e-13 0 2.39553e-13 0 2.45388e-13 0 2.50711e-13 0 2.55609e-13 0 2.60251e-13 0 2.64552e-13 0 2.68683e-13 0 2.72558e-13 0 2.76261e-13 0 2.79794e-13 0 2.83242e-13 0 2.86432e-13 0
1430.51 5.74417e-13 5.74415e-13 1.97386e-18 3.43629e-06 8.06988e-08 9.12159e-14 0 1.0817e-13 0 1.2755e-13 0 1.40199e-13 0 1.49798e-13 0 1.57585e-13 0 1.64244e-13 0 1.70023e-13 0 1.75236e-13 0 1.79881e-13 0 1.84212e-13 0 1.88163e-13 0 1.91798e-13 0 1.95243e-13 0 1.98435e-13 0 2.015e-13 0 2.04375e-13 0 2.07123e-13 0 2.09744e-13 0 2.12302e-13 0 2.14669e-13 0
1503.94 5.19754e-13 5.19753e-13 1.61564e-18 3.10848e-06 -7.18512e-08 6.90903e-14 0 8.17055e-14 0 9.61114e-14 0 1.05508e-13 0 1.12637e-13 0 1.18418e-13 0 1.23362e-13 0 1.27651e-13 0 1.3152e-13 0 1.34967e-13 0 1.38181e-13 0 1.41112e-13 0 1.43809e-13 0 1.46365e-13 0 1.48733e-13 0 1.51007e-13 0 1.5314e-13 0 1.55178e-13 0 1.57122e-13 0 1.5902e-13 0 1.60775e-13 0
1581.14 4.70322e-13 4.70321e-13 1.32256e-18 2.81204e-06 3.97363e-07 5.22712e-14 0 6.16543e-14 0 7.23598e-14 0 7.93388e-14 0 8.4632e-14 0 8.89237e-14 0 9.25926e-14 0 9.57759e-14 0 9.86469e-14 0 1.01205e-13 0 1.03589e-13 0 1.05764e-13 0 1.07765e-13 0 1.09661e-13 0 1.11417e-13 0 1.13104e-13 0 1.14686e-13 0 1.16198e-13 0 1.1764e-13 0 1.19047e-13 0 1.2035e-13 0
1662.3 4.25562e-13 4.25561e-13 1.08265e-18 2.54404e-06 3.42415e-09 3.94988e-14 0 4.64745e-14 0 5.44272e-14 0 5.96089e-14 0 6.35379e-14 0 6.67229e-14 0 6.94453e-14 0 7.18072e-14 0 7.39372e-14 0 7.58347e-14 0 7.76033e-14 0 7.92166e-14 0 8.07006e-14 0 8.21069e-14 0 8.34096e-14 0 8.46606e-14 0 8.58337e-14 0 8.6955e-14 0 8.80244e-14 0 8.90679e-14 0 9.00334e-14 0
1747.63 3.85077e-13 3.85077e-13 8.86284e-19 2.30157e-06 -7.9774e-08 2.98163e-14 0 3.50008e-14 0 4.09071e-14 0 4.47536e-14 0 4.76695e-14 0 5.00328e-14 0 5.20526e-14 0 5.38048e-14 0 5.53848e-14 0 5.67923e-14 0 5.8104e-14 0 5.93006e-14 0 6.04012e-14 0 6.14441e-14 0 6.24102e-14 0 6.33379e-14 0 6.42078e-14 0 6.50392e-14 0 6.58322e-14 0 6.6606e-14 0 6.73219e-14 0
1837.33 3.48418e-13 3.48417e-13 7.25448e-19 2.08212e-06 8.24733e-07 2.24829e-14 0 2.63345e-14 0 3.07195e-14 0 3.35741e-14 0 3.57375e-14 0 3.74907e-14 0 3.89889e-14 0 4.02885e-14 0 4.14603e-14 0 4.25041e-14 0 4.34768e-14 0 4.43641e-14 0 4.51801e-14 0 4.59535e-14 0 4.66697e-14 0 4.73575e-14 0 4.80025e-14 0 4.86189e-14 0 4.92068e-14 0 4.97805e-14 0 5.03112e-14 0
1931.64 3.1528e-13 3.15279e-13 5.93915e-19 1.88377e-06 -3.19468e-07 1.69386e-14 0 1.97995e-14 0 2.30546e-14 0 2.51728e-14 0 2.67778e-14 0 2.80783e-14 0 2.91896e-14 0 3.01534e-14 0 3.10224e-14 0 3.17965e-14 0 3.25178e-14 0 3.31758e-14 0 3.37808e-14 0 3.43542e-14 0 3.48853e-14 0 3.53952e-14 0 3.58734e-14 0 3.63304e-14 0 3.67663e-14 0 3.71916e-14 0 3.7585e-14 0
2030.79 2.85268e-13 2.85268e-13 4.8617e-19 1.70425e-06 4.32233e-07 1.27489e-14 0 1.48731e-14 0 1.72888e-14 0 1.88602e-14 0 2.00507e-14 0 2.10152e-14 0 2.18392e-14 0 2.25539e-14 0 2.31982e-14 0 2.37721e-14 0 2.43069e-14 0 2.47947e-14 0 2.52433e-14 0 2.56683e-14 0 2.6062e-14 0 2.644e-14 0 2.67945e-14 0 2.71333e-14 0 2.74563e-14 0 2.77716e-14 0 2.80632e-14 0
2135.03 2.58118e-13 2.58118e-13 3.9798e-19 1.54185e-06 -6.09317e-07 9.58747e-15 0 1.11644e-14 0 1.29568e-14 0 1.41224e-14 0 1.50052e-14 0 1.57205e-14 0 1.63315e-14 0 1.68614e-14 0 1.73391e-14 0 1.77645e-14 0 1.8161e-14 0 1.85226e-14 0 1.88551e-14 0 1.91702e-14 0 1.9462e-14 0 1.97422e-14 0 2.0005e-14 0 2.02561e-14 0 2.04955e-14 0 2.07292e-14 0 2.09453e-14 0
2244.63 2.33538e-13 2.33538e-13 3.25737e-19 1.39479e-06 -1.74812e-07 7.20379e-15 0 8.37407e-15 0 9.70367e-15 0 1.05681e-14 0 1.12227e-14 0 1.1753e-14 0 1.2206e-14 0 1.25988e-14 0 1.29529e-14 0 1.32683e-14 0 1.35622e-14 0 1.38302e-14 0 1.40766e-14 0 1.43102e-14 0 1.45264e-14 0 1.47341e-14 0 1.49288e-14 0 1.51149e-14 0 1.52924e-14 0 1.54655e-14 0 1.56257e-14 0
2359.84 2.11306e-13 2.11306e-13 2.66654e-19 1.26193e-06 -1.48946e-07 5.40883e-15 0 6.2772e-15 0 7.2634e-15 0 7.90439e-15 0 8.38977e-15 0 8.78288e-15 0 9.11869e-15 0 9.40986e-15 0 9.67235e-15 0 9.90611e-15 0 1.01239e-14 0 1.03226e-14 0 1.05052e-14 0 1.06783e-14 0 1.08386e-14 0 1.09925e-14 0 1.11368e-14 0 1.12747e-14 0 1.14062e-14 0 1.15345e-14 0 1.16533e-14 0
2480.97 1.91193e-13 1.91193e-13 2.18276e-19 1.14165e-06 -5.57623e-07 4.05827e-15 0 4.70251e-15 0 5.4339e-15 0 5.90917e-15 0 6.26901e-15 0 6.56042e-15 0 6.80934e-15 0 7.02517e-15 0 7.21972e-15 0 7.39297e-15 0 7.5544e-15 0 7.70162e-15 0 7.83699e-15 0 7.96527e-15 0 8.08405e-15 0 8.19811e-15 0 8.30505e-15 0 8.40725e-15 0 8.5047e-15 0 8.59979e-15 0 8.68776e-15 0
2608.32 1.72985e-13 1.72985e-13 1.78671e-19 1.03287e-06 -6.9818e-07 3.04271e-15 0 3.52057e-15 0 4.06289e-15 0 4.41522e-15 0 4.68195e-15 0 4.89795e-15 0 5.08244e-15 0 5.24239e-15 0 5.38657e-15 0 5.51497e-15 0 5.6346e-15 0 5.74369e-15 0 5.84401e-15 0 5.93906e-15 0 6.02708e-15 0 6.11159e-15 0 6.19084e-15 0 6.26656e-15 0 6.33877e-15 0 6.40923e-15 0 6.47441e-15 0
2742.21 1.56511e-13 1.56511e-13 1.4625e-19 9.34434e-07 4.25973e-09 2.27983e-15 0 2.63422e-15 0 3.0363e-15 0 3.29747e-15 0 3.49517e-15 0 3.65525e-15 0 3.79198e-15 0 3.91051e-15 0 4.01736e-15 0 4.1125e-15 0 4.20115e-15 0 4.28199e-15 0 4.35632e-15 0 4.42675e-15 0 4.49197e-15 0 4.55459e-15 0 4.61331e-15 0 4.66942e-15 0 4.72292e-15 0 4.77512e-15 0 4.82342e-15 0
2882.97 1.41605e-13 1.41605e-13 1.19702e-19 8.45324e-07 -3.77804e-08 1.70717e-15 0 1.96996e-15 0 2.26803e-15 0 2.46161e-15 0 2.60813e-15 0 2.72677e-15 0 2.82809e-15 0 2.91593e-15 0 2.9951e-15 0 3.0656e-15 0 3.13128e-15 0 3.19118e-15 0 3.24626e-15 0 3.29844e-15 0 3.34676e-15 0 3.39316e-15 0 3.43666e-15 0 3.47823e-15 0 3.51787e-15 0 3.55655e-15 0 3.59233e-15 0
3030.95 1.28125e-13 1.28125e-13 9.79881e-20 7.64787e-07 1.44354e-06 1.27769e-15 0 1.47254e-15 0 1.69349e-15 0 1.83697e-15 0 1.94556e-15 0 2.03348e-15 0 2.10856e-15 0 2.17365e-15 0 2.23231e-15 0 2.28455e-15 0 2.33322e-15 0 2.3776e-15 0 2.41841e-15 0 2.45708e-15 0 2.49288e-15 0 2.52726e-15 0 2.55949e-15 0 2.59029e-15 0 2.61966e-15 0 2.64831e-15 0 2.67482e-15 0
3186.53 1.15917e-13 1.15917e-13 8.02082e-20 6.91947e-07 1.29194e-06 9.55643e-16 0 1.10009e-15 0 1.26385e-15 0 1.37018e-15 0 1.45064e-15 0 1.51578e-15 0 1.57141e-15 0 1.61964e-15 0 1.6631e-15 0 1.70181e-15 0 1.73786e-15 0 1.77074e-15 0 1.80098e-15 0 1.82962e-15 0 1.85615e-15 0 1.88161e-15 0 1.90549e-15 0 1.92831e-15 0 1.95006e-15 0 1.97129e-15 0 1.99093e-15 0
3350.09 1.04879e-13 1.04879e-13 6.56535e-20 6.25995e-07 -2.45696e-07 7.14451e-16 0 8.21527e-16 0 9.429e-16 0 1.02169e-15 0 1.08131e-15 0 1.12958e-15 0 1.1708e-15 0 1.20653e-15 0 1.23874e-15 0 1.26741e-15 0 1.29413e-15 0 1.31849e-15 0 1.34088e-15 0 1.36211e-15 0 1.38176e-15 0 1.40062e-15 0 1.41831e-15 0 1.43522e-15 0 1.45133e-15 0 1.46706e-15 0 1.48161e-15 0
3522.05 9.48915e-14 9.48915e-14 5.37411e-20 5.66342e-07 1.49069e-06 5.33874e-16 0 6.13242e-16 0 7.03191e-16 0 7.61577e-16 0 8.05755e-16 0 8.41519e-16 0 8.72058e-16 0 8.98531e-16 0 9.22391e-16 0 9.43635e-16 0 9.63426e-16 0 9.81473e-16 0 9.98067e-16 0 1.01379e-15 0 1.02835e-15 0 1.04232e-15 0 1.05543e-15 0 1.06795e-15 0 1.07989e-15 0 1.09154e-15 0 1.10232e-15 0
3702.84 8.5853e-14 8.5853e-14 4.39887e-20 5.12372e-07 -1.751e-06 3.98743e-16 0 4.57566e-16 0 5.24221e-16 0 5.67481e-16 0 6.00214e-16 0 6.2671e-16 0 6.49335e-16 0 6.68948e-16 0 6.86624e-16 0 7.02361e-16 0 7.17023e-16 0 7.30392e-16 0 7.42685e-16 0 7.54331e-16 0 7.65115e-16 0 7.75469e-16 0 7.85176e-16 0 7.94452e-16 0 8.03298e-16 0 8.11927e-16 0 8.1991e-16 0
3892.91 7.76757e-14 7.76757e-14 3.60064e-20 4.63548e-07 5.96458e-07 2.97688e-16 0 3.41282e-16 0 3.90672e-16 0 4.22724e-16 0 4.46975e-16 0 4.66605e-16 0 4.83367e-16 0 4.97896e-16 0 5.1099e-16 0 5.22649e-16 0 5.3351e-16 0 5.43414e-16 0 5.5252e-16 0 5.61147e-16 0 5.69136e-16 0 5.76805e-16 0 5.83996e-16 0 5.90867e-16 0 5.97419e-16 0 6.03812e-16 0 6.09725e-16 0
4092.73 7.02761e-14 7.0276e-14 2.94711e-20 4.19363e-07 -6.48458e-07 2.22148e-16 0 2.54452e-16 0 2.91047e-16 0 3.14794e-16 0 3.3276e-16 0 3.47302e-16 0 3.59719e-16 0 3.70482e-16 0 3.80182e-16 0 3.88818e-16 0 3.96864e-16 0 4.042e-16 0 4.10945e-16 0 4.17335e-16 0 4.23253e-16 0 4.28934e-16 0 4.3426e-16 0 4.3935e-16 0 4.44203e-16 0 4.48938e-16 0 4.53319e-16 0
4302.81 6.35812e-14 6.35812e-14 2.41231e-20 3.79405e-07 -3.4202e-07 1.65713e-16 0 1.8965e-16 0 2.16763e-16 0 2.34355e-16 0 2.47665e-16 0 2.58437e-16 0 2.67635e-16 0 2.75608e-16 0 2.82794e-16 0 2.89191e-16 0 2.95151e-16 0 3.00585e-16 0 3.05581e-16 0 3.10315e-16 0 3.14698e-16 0 3.18906e-16 0 3.22851e-16 0 3.26621e-16 0 3.30216e-16 0 3.33723e-16 0 3.36968e-16 0
4523.68 5.7526e-14 5.7526e-14 1.97454e-20 3.43243e-07 5.57705e-06 1.23572e-16 0 1.41309e-16 0 1.61397e-16 0 1.7443e-16 0 1.84289e-16 0 1.9227e-16 0 1.99084e-16 0 2.0499e-16 0 2.10312e-16 0 2.15051e-16 0 2.19466e-16 0 2.23491e-16 0 2.27192e-16 0 2.30698e-16 0 2.33945e-16 0 2.37062e-16 0 2.39984e-16 0 2.42777e-16 0 2.45439e-16 0 2.48037e-16 0 2.5044e-16 0
4755.88 5.20438e-14 5.20437e-14 1.61608e-20 3.10524e-07 2.33096e-06 9.21095e-17 0 1.0525e-16 0 1.20132e-16 0 1.29786e-16 0 1.3709e-16 0 1.43001e-16 0 1.48048e-16 0 1.52422e-16 0 1.56365e-16 0 1.59875e-16 0 1.63144e-16 0 1.66126e-16 0 1.68867e-16 0 1.71464e-16 0 1.73869e-16 0 1.76178e-16 0 1.78342e-16 0 1.8041e-16 0 1.82382e-16 0 1.84307e-16 0 1.86086e-16 0
5000 4.70865e-14 4.70865e-14 1.32276e-20 2.80922e-07 -5.87882e-07 6.86383e-17 0 7.83742e-17 0 8.93985e-17 0 9.65505e-17 0 1.01961e-16 0 1.06339e-16 0 1.10078e-16 0 1.13318e-16 0 1.16238e-16 0 1.18838e-16 0 1.2126e-16 0 1.23468e-16 0 1.25499e-16 0 1.27422e-16 0 1.29204e-16 0 1.30914e-16 0 1.32517e-16 0 1.34049e-16 0 1.35509e-16 0 1.36935e-16 0 1.38253e-16 0
