# 2.58886e-07 2 19 : grain size, compostion index, size index
# Heating and cooling timescale: 4485.86 249.614
# Ratio of heating to cooling to determine stochastic cutoff: 100
# Equilibrium emission is recorded even for those grains in the stochastic regime.
# Emission spectrum was computed for: 
# Type: IRSF
# Scales: 0.5 1 2 5 10
StochasticallyHeated: 1 1 1 1 1
# Temperature: -1
# Wavelength  CExt  CAbs  CSca  Albedo G EqEm1 StEm1 EqEm2 StEm2 EqEm3 StEm3 EqEm4 StEm4 EqEm5 StEm5
0.05 7.06129e-14 6.97251e-14 8.87788e-16 0.0125726 0.015058 0 0 0 0 0 0 0 0 0 0
0.0525665 8.17433e-14 8.0788e-14 9.55261e-16 0.0116861 0.0134085 0 0 0 0 0 0 0 0 0 0
0.0552647 9.43457e-14 9.33189e-14 1.02681e-15 0.0108835 0.0119321 0 0 0 0 0 0 0 0 0 0
0.0581015 1.13493e-13 1.12406e-13 1.08653e-15 0.00957357 0.010609 0 0 0 0 0 0 0 0 0 0
0.0610839 1.614e-13 1.60239e-13 1.16087e-15 0.00719254 0.00933848 0 0 0 0 0 0 0 0 0 0
0.0642193 2.03703e-13 2.02399e-13 1.30306e-15 0.00639685 0.00807821 0 0 0 0 0 0 0 0 0 0
0.0675157 2.43698e-13 2.42147e-13 1.55088e-15 0.00636393 0.00680369 0 0 0 0 0 0 0 0 0 0
0.0709813 2.79821e-13 2.78185e-13 1.63628e-15 0.0058476 0.00568176 0 0 0 0 0 0 0 0 0 0
0.0746248 2.61434e-13 2.59971e-13 1.46267e-15 0.00559478 0.00487239 0 0 0 0 0 0 0 0 0 0
0.0784553 2.05598e-13 2.04443e-13 1.15474e-15 0.00561648 0.00433251 0 0 0 0 0 0 0 0 0 0
0.0824824 1.63123e-13 1.62305e-13 8.18862e-16 0.00501989 0.00402666 0 0 0 0 0 0 0 0 0 0
0.0867162 1.36641e-13 1.36011e-13 6.30833e-16 0.0046167 0.0038463 0 0 0 0 0 0 0 0 0 0
0.0911674 1.19221e-13 1.18691e-13 5.30136e-16 0.00444665 0.00371667 0 0 0 0 0 0 0 0 0 0
0.095847 1.06536e-13 1.06114e-13 4.22507e-16 0.00396585 0.00390243 0 0 0 0 0 0 0 0 0 0
0.100767 9.32895e-14 9.3001e-14 2.88482e-16 0.00309233 0.00455248 0 0 0 0 0 0 0 0 0 0
0.105939 8.11632e-14 8.09634e-14 1.99759e-16 0.0024612 0.00492278 0 0 0 0 0 0 0 0 0 0
0.111377 6.95117e-14 6.93899e-14 1.2178e-16 0.00175194 0.00563641 0 0 0 0 0 0 0 0 0 0
0.117094 5.88711e-14 5.87955e-14 7.56457e-17 0.00128494 0.00518858 0 0 0 0 0 0 0 0 0 0
0.123105 4.94638e-14 4.94147e-14 4.91712e-17 0.000994084 0.00445594 0 0 0 0 0 0 0 0 0 0
0.129424 4.15999e-14 4.15683e-14 3.15692e-17 0.000758878 0.00374841 0 0 0 0 0 0 0 0 0 0
0.136067 3.77259e-14 3.77055e-14 2.04244e-17 0.000541389 0.00317215 0 0 0 0 0 0 0 0 0 0
0.143051 3.42531e-14 3.42397e-14 1.34015e-17 0.000391251 0.00270663 0 0 0 0 0 0 0 0 0 0
0.150394 3.23805e-14 3.23713e-14 9.12089e-18 0.000281679 0.00231113 0 0 0 0 0 0 0 0 0 0
0.158114 3.20377e-14 3.20308e-14 6.88983e-18 0.000215054 0.00197964 0 0 0 0 0 0 0 0 0 0
0.16623 3.33496e-14 3.33432e-14 6.35491e-18 0.000190555 0.00170233 0 0 0 0 0 0 0 0 0 0
0.174762 3.6586e-14 3.65783e-14 7.64312e-18 0.000208909 0.00146416 0 0 0 0 0 0 0 0 0 0
0.183733 4.23264e-14 4.23155e-14 1.08972e-17 0.000257457 0.00124738 0 0 0 0 0 0 0 0 0 0
0.193164 5.24482e-14 5.24309e-14 1.7303e-17 0.000329906 0.00103823 0 0 0 0 0 0 0 0 0 0
0.203079 6.87037e-14 6.86773e-14 2.64637e-17 0.000385185 0.000832568 0 0 0 0 0 0 0 0 0 0
0.213503 8.45468e-14 8.45142e-14 3.26211e-17 0.000385835 0.000640276 0 0 0 0 0 0 0 0 0 0
0.224463 8.10891e-14 8.10619e-14 2.71968e-17 0.000335394 0.000474183 0 0 0 0 0 0 0 0 0 0
0.235984 6.26625e-14 6.26441e-14 1.84517e-17 0.000294462 0.000338619 0 0 0 0 0 0 0 0 0 0
0.248097 4.7368e-14 4.73561e-14 1.19298e-17 0.000251852 0.000259122 0 0 0 0 0 0 0 0 0 0
0.260832 3.79612e-14 3.7953e-14 8.18409e-18 0.000215591 0.000268676 0 0 0 0 0 0 0 0 0 0
0.274221 3.23327e-14 3.23268e-14 5.89818e-18 0.000182422 0.000358428 0 0 0 0 0 0 0 0 0 0
0.288297 2.88244e-14 2.882e-14 4.39357e-18 0.000152425 0.000481292 0 0 0 0 0 0 0 0 0 0
0.303095 2.61521e-14 2.61487e-14 3.38425e-18 0.000129406 0.000540205 0 0 0 0 0 0 0 0 0 0
0.318653 2.29083e-14 2.29056e-14 2.63434e-18 0.000114995 0.000564117 0 0 0 0 0 0 0 0 0 0
0.335009 2.01741e-14 2.0172e-14 2.07438e-18 0.000102824 0.00055507 0 0 0 0 0 0 0 0 0 0
0.352205 1.76574e-14 1.76558e-14 1.65368e-18 9.36537e-05 0.00052689 0 0 0 0 0 0 0 0 0 0
0.370284 1.53523e-14 1.5351e-14 1.33002e-18 8.66328e-05 0.000492713 0 0 0 0 0 0 0 0 0 0
0.389291 1.32547e-14 1.32536e-14 1.07796e-18 8.13265e-05 0.000459457 0 0 0 0 0 0 0 0 0 0
0.409273 1.13641e-14 1.13632e-14 8.76292e-19 7.71108e-05 0.000427145 0 0 0 0 0 0 0 0 0 0
0.430281 9.66967e-15 9.66896e-15 7.13072e-19 7.37431e-05 0.000396432 0 0 0 0 0 0 0 0 0 0
0.452368 8.16289e-15 8.16231e-15 5.80175e-19 7.10746e-05 0.000364686 0 0 0 0 0 0 0 0 0 0
0.475588 6.83467e-15 6.8342e-15 4.72365e-19 6.91131e-05 0.000334271 0 0 0 0 0 0 0 0 0 0
0.5 5.67706e-15 5.67667e-15 3.85606e-19 6.79236e-05 0.000305083 0 0 0 0 0 0 0 0 0 0
0.525665 4.67415e-15 4.67383e-15 3.15122e-19 6.7418e-05 0.00027748 0 0 0 0 0 0 0 0 0 0
0.552647 3.81322e-15 3.81296e-15 2.57619e-19 6.75593e-05 0.00025233 0 0 0 0 0 0 0 0 0 0
0.581015 3.08336e-15 3.08315e-15 2.11638e-19 6.86385e-05 0.000228955 0 0 0 0 0 0 0 0 0 0
0.610839 2.47047e-15 2.4703e-15 1.73915e-19 7.03974e-05 0.00020778 0 0 0 0 0 0 0 0 0 0
0.642193 1.95998e-15 1.95984e-15 1.42893e-19 7.29051e-05 0.00018857 0 0 0 0 0 0 0 0 0 0
0.675157 1.53922e-15 1.5391e-15 1.17539e-19 7.63627e-05 0.000171217 0 0 0 0 0 0 0 0 0 0
0.709813 1.19705e-15 1.19695e-15 9.68482e-20 8.09058e-05 0.000155652 0 0 0 0 0 0 0 0 0 0
0.746248 9.19192e-16 9.19112e-16 7.98137e-20 8.68303e-05 0.000141744 0 0 0 0 0 0 0 0 0 0
0.784553 6.91044e-16 6.90978e-16 6.57553e-20 9.51536e-05 0.000129114 0 0 0 0 0 0 0 0 0 0
0.824824 4.99158e-16 4.99104e-16 5.41613e-20 0.000108505 0.000117779 0 0 0 0 0 0 0 0 0 0
0.867162 3.64316e-16 3.64272e-16 4.4628e-20 0.000122498 0.000107579 0 0 0 0 0 0 0 0 0 0
0.911674 2.71164e-16 2.71128e-16 3.67533e-20 0.000135539 9.8352e-05 0 0 0 0 0 0 0 0 0 0
0.95847 1.91073e-16 1.91043e-16 3.0243e-20 0.000158279 9.00822e-05 0 0 0 0 0 0 0 0 0 0
1.00767 1.24407e-16 1.24382e-16 2.48878e-20 0.000200052 8.25728e-05 0 0 0 0 0 0 0 0 0 2.8026e-45
1.05939 9.21129e-17 9.20925e-17 2.04722e-20 0.000222251 7.57613e-05 0 0 0 0 0 0 0 8.40779e-45 0 7.9874e-44
1.11377 7.31147e-17 7.30979e-17 1.68349e-20 0.000230254 6.95601e-05 0 0 0 2.8026e-45 0 1.68156e-44 0 2.22806e-43 0 1.87213e-42
1.17094 5.61955e-17 5.61817e-17 1.38379e-20 0.000246245 6.37711e-05 0 1.4013e-44 0 7.00649e-44 0 3.89561e-43 0 4.70136e-42 0 3.70335e-41
1.23105 4.38702e-17 4.38588e-17 1.13796e-20 0.000259394 5.84712e-05 0 3.19496e-43 0 1.51761e-42 0 8.01683e-42 0 8.86644e-41 0 6.53957e-40
1.29424 3.61194e-17 3.611e-17 9.36111e-21 0.000259171 5.35956e-05 0 6.53145e-42 0 3.00663e-41 0 1.51542e-40 0 1.55243e-39 0 1.07586e-38
1.36067 3.01701e-17 3.01624e-17 7.69614e-21 0.000255092 4.91544e-05 0 1.16515e-40 0 5.22749e-40 0 2.53783e-39 0 2.43401e-38 0 1.5922e-37
1.43051 2.52459e-17 2.52396e-17 6.32439e-21 0.000250511 4.5108e-05 0 1.80832e-39 0 7.9315e-39 0 3.73268e-38 0 3.38334e-37 0 2.09981e-36
1.50394 2.11359e-17 2.11307e-17 5.19902e-21 0.00024598 4.1368e-05 0 2.46354e-38 0 1.05666e-37 0 4.83947e-37 0 4.17691e-36 0 2.47209e-35
1.58114 1.77025e-17 1.76982e-17 4.27397e-21 0.000241433 3.7881e-05 0 2.97944e-37 0 1.24638e-36 0 5.56306e-36 0 4.59653e-35 0 2.60626e-34
1.6623 1.48486e-17 1.48451e-17 3.51388e-21 0.000236647 3.46467e-05 0 3.2424e-36 0 1.31526e-35 0 5.71447e-35 0 4.53366e-34 0 2.472e-33
1.74762 1.24918e-17 1.24889e-17 2.88927e-21 0.000231294 3.17322e-05 0 3.22096e-35 0 1.25618e-34 0 5.29315e-34 0 4.0343e-33 0 2.12098e-32
1.83733 1.05671e-17 1.05648e-17 2.37545e-21 0.000224796 2.90683e-05 0 2.96287e-34 0 1.09985e-33 0 4.46823e-33 0 3.26533e-32 0 1.65763e-31
1.93164 9.00233e-18 9.00038e-18 1.95225e-21 0.00021686 2.66224e-05 0 2.55001e-33 0 8.92591e-33 0 3.47089e-32 0 2.42204e-31 0 1.18743e-30
2.03079 7.74284e-18 7.74123e-18 1.60408e-21 0.000207169 2.43527e-05 0 2.06749e-32 0 6.78173e-32 0 2.50605e-31 0 1.66043e-30 0 7.8537e-30
2.13503 6.73297e-18 6.73165e-18 1.31903e-21 0.000195906 2.22765e-05 0 1.58115e-31 0 4.85291e-31 0 1.69478e-30 0 1.05961e-29 0 4.82604e-29
2.24463 5.92181e-18 5.92073e-18 1.08414e-21 0.000183076 2.03845e-05 0 1.13733e-30 0 3.27673e-30 0 1.07867e-29 0 6.32905e-29 0 2.76892e-28
2.35984 5.27754e-18 5.27665e-18 8.90748e-22 0.000168781 1.86404e-05 0 7.67537e-30 0 2.08942e-29 0 6.48828e-29 0 3.55963e-28 0 1.49218e-27
2.48097 4.76715e-18 4.76642e-18 7.31721e-22 0.000153492 1.70296e-05 0 4.84259e-29 0 1.25578e-28 0 3.69175e-28 0 1.89151e-27 0 7.58213e-27
2.60832 4.36425e-18 4.36365e-18 6.01592e-22 0.000137845 1.55432e-05 0 2.84926e-28 0 7.09669e-28 0 1.98586e-27 0 9.51516e-27 1.68156e-44 3.64298e-26
2.74221 4.05158e-18 4.05109e-18 4.94437e-22 0.000122035 1.41905e-05 0 1.5628e-27 0 3.76664e-27 0 1.00956e-26 0 4.53942e-26 1.04957e-42 1.65979e-25
2.88297 3.83971e-18 3.8393e-18 4.06055e-22 0.000105751 1.29664e-05 0 8.04761e-27 0 1.88878e-26 0 4.87913e-26 2.8026e-45 2.06898e-25 5.23343e-41 7.23169e-25
3.03095 3.81475e-18 3.81442e-18 3.33528e-22 8.74311e-05 1.18548e-05 0 4.00104e-26 0 9.19127e-26 0 2.30144e-25 2.31214e-43 9.25598e-25 2.22568e-39 3.09852e-24
3.18653 5.322e-18 5.32173e-18 2.74004e-22 5.14851e-05 1.08234e-05 0 2.57807e-25 0 5.82042e-25 0 1.41972e-24 1.77334e-41 5.44717e-24 1.093e-37 1.75088e-23
3.35009 1.43902e-17 1.43899e-17 2.25029e-22 1.56377e-05 9.87511e-06 0 2.97912e-24 0 6.63119e-24 9.80909e-45 1.58231e-23 2.14568e-39 5.82424e-23 8.63677e-36 1.80286e-22
3.52205 3.66699e-18 3.66681e-18 1.84718e-22 5.03732e-05 9.0122e-06 0 3.01036e-24 0 6.62302e-24 1.68156e-43 1.55138e-23 2.00745e-38 5.5066e-23 5.38805e-35 1.64667e-22
3.70284 3.27489e-18 3.27474e-18 1.51695e-22 4.63207e-05 8.22325e-06 0 9.92248e-24 0 2.16195e-23 8.06167e-42 4.98552e-23 5.45349e-37 1.7143e-22 9.9553e-34 4.96789e-22
3.89291 3.21162e-18 3.21149e-18 1.2453e-22 3.8775e-05 7.49497e-06 0 3.35266e-23 4.2039e-44 7.24563e-23 3.46094e-40 1.64877e-22 1.36028e-35 5.51431e-22 1.72097e-32 1.55326e-21
4.09273 3.27248e-18 3.27237e-18 1.02216e-22 3.12351e-05 6.80762e-06 0 1.10209e-22 2.39062e-42 2.3654e-22 1.26814e-38 5.32157e-22 2.97359e-34 1.73713e-21 2.65441e-31 4.7695e-21
4.30281 3.44653e-18 3.44645e-18 8.38831e-23 2.43384e-05 6.18611e-06 1.26117e-44 3.51662e-22 1.14132e-40 7.50315e-22 3.9831e-37 1.67152e-21 5.7144e-33 5.34146e-21 3.66094e-30 1.4332e-20
4.52368 3.78382e-18 3.78375e-18 6.88592e-23 1.81983e-05 5.62059e-06 8.4218e-43 1.1017e-21 4.65779e-39 2.33863e-21 1.09149e-35 5.16567e-21 9.81344e-32 1.6201e-20 4.58578e-29 4.25801e-20
4.75588 4.43114e-18 4.43108e-18 5.65043e-23 1.27516e-05 5.10204e-06 4.62723e-41 3.4773e-21 1.67887e-37 7.34872e-21 2.69358e-34 1.61117e-20 1.55271e-30 4.97022e-20 5.37453e-28 1.28223e-19
5 6.09239e-18 6.09235e-18 4.63526e-23 7.60827e-06 4.60603e-06 2.44163e-39 1.2204e-20 5.93711e-36 2.56909e-20 6.64341e-33 5.5959e-20 2.5092e-29 1.70113e-19 6.52844e-27 4.31582e-19
5.25665 1.77526e-17 1.77526e-17 3.80335e-23 2.14241e-06 4.16129e-06 2.25733e-37 8.61979e-20 3.75126e-34 1.80835e-19 2.97946e-31 3.91619e-19 7.52714e-28 1.17509e-18 1.49273e-25 2.93664e-18
5.52648 1.48698e-17 1.48698e-17 3.12054e-23 2.09857e-06 3.76337e-06 5.00553e-36 1.66602e-19 5.7915e-33 3.48452e-19 3.3202e-30 7.50757e-19 5.72182e-27 2.22667e-18 8.76435e-25 5.48943e-18
5.81015 2.58557e-17 2.58556e-17 2.55868e-23 9.89602e-07 3.40015e-06 1.93977e-34 6.37902e-19 1.59047e-31 1.33058e-18 6.68688e-29 2.85372e-18 8.00904e-26 8.37616e-18 9.59569e-24 2.03974e-17
6.10839 8.82406e-17 8.82406e-17 2.09743e-23 2.37694e-07 3.0595e-06 1.2525e-32 4.58539e-18 7.40102e-30 9.54131e-18 2.31681e-27 2.03801e-17 1.96313e-24 5.92621e-17 1.86194e-22 1.42715e-16
6.42193 5.82329e-17 5.82329e-17 1.71932e-23 2.95249e-07 2.78088e-06 1.3383e-31 6.11005e-18 5.79097e-29 1.26862e-17 1.36932e-26 2.69983e-17 8.3484e-24 7.78478e-17 6.34004e-22 1.85586e-16
6.75157 4.79192e-17 4.79192e-17 1.40957e-23 2.94155e-07 2.48279e-06 1.53748e-30 9.7528e-18 4.94648e-28 2.02099e-17 8.95681e-26 4.28681e-17 3.99277e-23 1.2267e-16 2.45443e-21 2.8976e-16
7.09813 5.57817e-17 5.57817e-17 1.15497e-23 2.07052e-07 2.22305e-06 2.17026e-29 2.11992e-17 5.26711e-27 4.38515e-17 7.39931e-25 9.27383e-17 2.4489e-22 2.63552e-16 1.23116e-20 6.17328e-16
7.46248 1.36085e-16 1.36085e-16 9.46074e-24 6.95206e-08 1.98376e-06 5.61463e-28 9.31425e-17 1.04216e-25 1.92361e-16 1.15e-23 4.05711e-16 2.86716e-21 1.14577e-15 1.19051e-19 2.66322e-15
7.84553 1.73653e-16 1.73653e-16 7.75245e-24 4.46434e-08 1.75355e-06 6.68831e-27 2.0684e-16 9.61982e-25 4.26551e-16 8.43713e-23 8.97436e-16 1.60668e-20 2.51999e-15 5.56156e-19 5.81621e-15
8.24824 7.8735e-17 7.8735e-17 6.35051e-24 8.06568e-08 1.53903e-06 2.50752e-26 1.5798e-16 2.8297e-24 3.25359e-16 1.99482e-22 6.83002e-16 2.93989e-20 1.90784e-15 8.55947e-19 4.37474e-15
8.67162 6.38676e-17 6.38676e-17 5.19862e-24 8.13968e-08 1.35291e-06 1.49868e-25 2.09311e-16 1.34275e-23 4.30552e-16 7.68989e-22 9.01973e-16 8.88132e-20 2.50739e-15 2.19335e-18 5.71491e-15
9.11674 1.8082e-17 1.8082e-17 4.25565e-24 2.35352e-07 1.18706e-06 2.80133e-25 9.39971e-17 2.01526e-23 1.93136e-16 9.47173e-22 4.03842e-16 8.6753e-20 1.11765e-15 1.83199e-18 2.53311e-15
9.5847 1.07725e-17 1.07725e-17 3.48231e-24 3.23259e-07 1.03745e-06 9.92667e-25 8.63914e-17 5.79569e-23 1.77327e-16 2.25717e-21 3.7014e-16 1.65819e-19 1.02015e-15 3.01714e-18 2.29999e-15
10.0767 8.47382e-18 8.47381e-18 2.84824e-24 3.36123e-07 8.97512e-07 4.20545e-24 1.02109e-16 2.01315e-22 2.0939e-16 6.55667e-21 4.36358e-16 3.90521e-19 1.19802e-15 6.16724e-18 2.68764e-15
10.5939 8.55076e-18 8.55075e-18 2.3279e-24 2.72245e-07 7.63563e-07 2.07962e-23 1.5099e-16 8.24176e-22 3.09354e-16 2.26446e-20 6.43702e-16 1.10475e-18 1.76087e-15 1.52475e-17 3.9318e-15
11.1377 2.8752e-17 2.8752e-17 1.90115e-24 6.61225e-08 6.39373e-07 3.13244e-22 7.26516e-16 1.03728e-20 1.48727e-15 2.4243e-19 3.0903e-15 9.78263e-18 8.42456e-15 1.18777e-16 1.87266e-14
11.7094 1.55937e-17 1.55937e-17 1.56712e-24 1.00497e-07 5.29853e-07 6.98704e-22 5.51248e-16 1.95026e-20 1.12759e-15 3.90804e-19 2.33977e-15 1.31651e-17 6.35757e-15 1.41502e-16 1.40709e-14
12.3105 1.54994e-17 1.54994e-17 1.27423e-24 8.2212e-08 4.14484e-07 2.6333e-21 7.50252e-16 6.24756e-20 1.53351e-15 1.08147e-18 3.17793e-15 3.06832e-17 8.60769e-15 2.93687e-16 1.89711e-14
12.9424 1.28802e-17 1.28802e-17 1.04047e-24 8.07808e-08 3.02124e-07 7.68031e-21 8.36451e-16 1.56116e-19 1.70846e-15 2.3512e-18 3.53607e-15 5.66555e-17 9.54832e-15 4.85658e-16 2.09579e-14
13.6067 1.01272e-17 1.01272e-17 8.49623e-25 8.3895e-08 2.08197e-07 1.9692e-20 8.65343e-16 3.45535e-19 1.76624e-15 4.55857e-18 3.6512e-15 9.40389e-17 9.82953e-15 7.25837e-16 2.14881e-14
14.3051 7.91332e-18 7.91332e-18 6.93224e-25 8.76021e-08 1.26775e-07 4.67873e-20 8.73364e-16 7.13811e-19 1.78139e-15 8.30273e-18 3.67811e-15 1.47748e-16 9.87257e-15 1.0321e-15 2.14957e-14
15.0394 6.54819e-18 6.54819e-18 5.65284e-25 8.63268e-08 5.31808e-08 1.10148e-19 9.17131e-16 1.47113e-18 1.86939e-15 1.51796e-17 3.85523e-15 2.34701e-16 1.03175e-14 1.49107e-15 2.23746e-14
15.8114 6.64067e-18 6.64067e-18 4.60943e-25 6.9412e-08 -1.48388e-08 2.98313e-19 1.1606e-15 3.51064e-18 2.36406e-15 3.23226e-17 4.86962e-15 4.37219e-16 1.29937e-14 2.53791e-15 2.80652e-14
16.623 8.88922e-18 8.88922e-18 3.75793e-25 4.22752e-08 -8.406e-08 1.00415e-18 1.90774e-15 1.04769e-17 3.88329e-15 8.65531e-17 7.98948e-15 1.03097e-15 2.1255e-14 5.49201e-15 4.57231e-14
17.4762 7.68303e-18 7.68303e-18 3.06212e-25 3.98556e-08 -1.5082e-07 2.06099e-18 1.99391e-15 1.91774e-17 4.05591e-15 1.4291e-16 8.33459e-15 1.50832e-15 2.21062e-14 7.40475e-15 4.73593e-14
18.3733 5.27284e-18 5.27284e-18 2.4938e-25 4.72951e-08 -2.13307e-07 3.18094e-18 1.63067e-15 2.65444e-17 3.31472e-15 1.79332e-16 6.80315e-15 1.68702e-15 1.7989e-14 7.66301e-15 3.8378e-14
19.3164 4.52159e-18 4.52159e-18 2.03358e-25 4.49749e-08 -2.77702e-07 5.82472e-18 1.64312e-15 4.38233e-17 3.33766e-15 2.69701e-16 6.84168e-15 2.27414e-15 1.80342e-14 9.59413e-15 3.83106e-14
20.3079 3.93311e-18 3.93311e-18 1.65934e-25 4.2189e-08 -3.50129e-07 1.02992e-17 1.6571e-15 7.02169e-17 3.3636e-15 3.95447e-16 6.88602e-15 3.0048e-15 1.80929e-14 1.18163e-14 3.82676e-14
21.3503 3.49352e-18 3.49352e-18 1.35542e-25 3.87982e-08 -4.03044e-07 1.77444e-17 1.68475e-15 1.10154e-16 3.41716e-15 5.70159e-16 6.98645e-15 3.92394e-15 1.82962e-14 1.4433e-14 3.85247e-14
22.4463 3.14847e-18 3.14847e-18 1.11075e-25 3.5279e-08 -4.46365e-07 2.96672e-17 1.71673e-15 1.68461e-16 3.47933e-15 8.04706e-16 7.10389e-15 5.04039e-15 1.85406e-14 1.73974e-14 3.88596e-14
23.5984 2.87843e-18 2.87843e-18 9.15686e-26 3.1812e-08 -4.85054e-07 4.82278e-17 1.75381e-15 2.51592e-16 3.55164e-15 1.11346e-15 7.24135e-15 6.37678e-15 1.8833e-14 2.07186e-14 3.92856e-14
24.8097 2.67342e-18 2.67342e-18 7.61397e-26 2.84803e-08 -5.38174e-07 7.6501e-17 1.79986e-15 3.68163e-16 3.64189e-15 1.51524e-15 7.41454e-15 7.969e-15 1.92134e-14 2.44447e-14 3.98831e-14
26.0832 2.52583e-18 2.52583e-18 6.41301e-26 2.53897e-08 -5.73387e-07 1.18796e-16 1.85888e-15 5.29492e-16 3.75807e-15 2.03377e-15 7.63953e-15 9.86354e-15 1.97219e-14 2.86457e-14 4.07315e-14
27.4221 2.42262e-18 2.42262e-18 5.47617e-26 2.26043e-08 -6.0093e-07 1.80568e-16 1.92905e-15 7.48184e-16 3.89645e-15 2.69103e-15 7.90838e-15 1.20831e-14 2.0336e-14 3.33132e-14 4.17799e-14
28.8297 2.34075e-18 2.34075e-18 4.75496e-26 2.03138e-08 -6.12399e-07 2.67053e-16 1.9969e-15 1.03234e-15 4.02976e-15 3.48815e-15 8.16555e-15 1.45554e-14 2.09117e-14 3.8193e-14 4.27293e-14
30.3095 2.26316e-18 2.26316e-18 4.17967e-26 1.84682e-08 -6.17162e-07 3.82395e-16 2.04922e-15 1.38379e-15 4.13131e-15 4.40585e-15 8.35697e-15 1.71469e-14 2.13107e-14 4.29266e-14 4.32991e-14
31.8653 2.14702e-18 2.14702e-18 3.67232e-26 1.71043e-08 -6.07294e-07 5.20658e-16 2.04498e-15 1.76947e-15 4.11855e-15 5.32419e-15 8.3162e-15 1.9392e-14 2.11123e-14 4.64254e-14 4.26442e-14
33.5009 2.00327e-18 2.00327e-18 3.22104e-26 1.60789e-08 -5.94123e-07 6.76721e-16 1.99005e-15 2.16653e-15 4.00365e-15 6.17774e-15 8.06889e-15 2.11267e-14 2.03887e-14 4.84753e-14 4.09311e-14
35.2206 1.8077e-18 1.8077e-18 2.75847e-26 1.52595e-08 -5.61121e-07 8.26829e-16 1.85775e-15 2.50095e-15 3.73326e-15 6.77593e-15 7.50895e-15 2.1825e-14 1.88806e-14 4.80972e-14 3.76623e-14
37.0284 1.6005e-18 1.6005e-18 2.33329e-26 1.45785e-08 -5.27302e-07 9.64787e-16 1.68844e-15 2.76479e-15 3.38896e-15 7.13538e-15 6.80205e-15 2.17108e-14 1.70146e-14 4.60467e-14 3.37149e-14
38.9291 1.39384e-18 1.39384e-18 1.93834e-26 1.39065e-08 -4.81598e-07 1.07925e-15 1.49835e-15 2.93796e-15 3.00359e-15 7.23988e-15 6.01505e-15 2.08686e-14 1.49638e-14 4.26793e-14 2.94458e-14
40.9273 1.20382e-18 1.20382e-18 1.59471e-26 1.32471e-08 -4.33494e-07 1.1684e-15 1.30943e-15 3.02904e-15 2.62133e-15 7.14356e-15 5.237e-15 1.95595e-14 1.29529e-14 3.86446e-14 2.53047e-14
43.0282 1.03752e-18 1.03752e-18 1.30099e-26 1.25395e-08 -3.69226e-07 1.23327e-15 1.13434e-15 3.05214e-15 2.26753e-15 6.90376e-15 4.5186e-15 1.80026e-14 1.11077e-14 3.44227e-14 2.15362e-14
45.2368 8.94012e-19 8.94012e-19 1.0578e-26 1.18321e-08 -2.9882e-07 1.27306e-15 9.76282e-16 3.01456e-15 1.94852e-15 6.55362e-15 3.87227e-15 1.6316e-14 9.45716e-15 3.02444e-14 1.81919e-14
47.5588 7.74182e-19 7.74182e-19 8.57935e-27 1.10818e-08 -1.78111e-07 1.29321e-15 8.39359e-16 2.93648e-15 1.67241e-15 6.14788e-15 3.3138e-15 1.46478e-14 8.03757e-15 2.63653e-14 1.53345e-14
50 6.71501e-19 6.71501e-19 6.9595e-27 1.03641e-08 -6.33198e-08 1.28981e-15 7.187e-16 2.81432e-15 1.42939e-15 5.68513e-15 2.8233e-15 1.29924e-14 6.7979e-15 2.27437e-14 1.28589e-14
52.5665 5.85384e-19 5.85384e-19 5.64211e-27 9.63832e-09 6.3258e-08 1.26863e-15 6.1516e-16 2.66527e-15 1.22103e-15 5.2044e-15 2.40354e-15 1.14332e-14 5.74242e-15 1.94941e-14 1.07662e-14
55.2648 5.12269e-19 5.12269e-19 4.575e-27 8.93086e-09 1.75127e-07 1.23022e-15 5.25848e-16 2.49332e-15 1.0415e-15 4.71442e-15 2.0426e-15 9.97663e-15 4.84005e-15 1.65922e-14 8.99106e-15
58.1015 4.5007e-19 4.5007e-19 3.71483e-27 8.2539e-09 2.76974e-07 1.17739e-15 4.49093e-16 2.30623e-15 8.8738e-16 4.22961e-15 1.73342e-15 8.63939e-15 4.07179e-15 1.40342e-14 7.49207e-15
61.0839 3.96675e-19 3.96675e-19 3.0176e-27 7.60721e-09 3.59596e-07 1.11219e-15 3.82973e-16 2.10916e-15 7.54781e-16 3.75795e-15 1.46808e-15 7.42324e-15 3.41687e-15 1.17938e-14 6.2254e-15
64.2193 3.50566e-19 3.50566e-19 2.45222e-27 6.99504e-09 4.19278e-07 1.03735e-15 3.26029e-16 1.90778e-15 6.40742e-16 3.30737e-15 1.24051e-15 6.32971e-15 2.85929e-15 9.84798e-15 5.15696e-15
67.5157 3.10704e-19 3.10704e-19 1.99434e-27 6.41877e-09 4.62518e-07 9.56228e-16 2.77175e-16 1.70821e-15 5.43049e-16 2.88569e-15 1.04614e-15 5.3601e-15 2.38675e-15 8.17638e-15 4.26013e-15
70.9813 2.76051e-19 2.76051e-19 1.62354e-27 5.8813e-09 4.87357e-07 8.71459e-16 2.35267e-16 1.51452e-15 4.59388e-16 2.49659e-15 8.80234e-16 4.50841e-15 1.98682e-15 6.75048e-15 3.50874e-15
74.6248 2.4575e-19 2.4575e-19 1.32205e-27 5.37964e-09 5.0098e-07 7.85406e-16 1.99319e-16 1.32987e-15 3.87762e-16 2.14209e-15 7.38726e-16 3.76673e-15 1.64882e-15 5.54207e-15 2.88038e-15
78.4553 2.19159e-19 2.19159e-19 1.07678e-27 4.91323e-09 4.98893e-07 7.00339e-16 1.6853e-16 1.15699e-15 3.26548e-16 1.82335e-15 6.18289e-16 3.1269e-15 1.36397e-15 4.52553e-15 2.35662e-15
82.4824 1.95806e-19 1.95806e-19 8.77804e-28 4.48303e-09 4.79028e-07 6.18325e-16 1.42246e-16 9.98e-16 2.74417e-16 1.54073e-15 5.16184e-16 2.5806e-15 1.12498e-15 3.67749e-15 1.9221e-15
86.7162 1.7525e-19 1.7525e-19 7.1588e-28 4.0849e-09 4.4326e-07 5.40839e-16 1.19855e-16 8.53963e-16 2.30126e-16 1.29301e-15 4.29862e-16 2.11812e-15 9.2515e-16 2.97482e-15 1.56295e-15
91.1674 1.57068e-19 1.57068e-19 5.83882e-28 3.71737e-09 3.94784e-07 4.68768e-16 1.00784e-16 7.2498e-16 1.92519e-16 1.07781e-15 3.56968e-16 1.7291e-15 7.58384e-16 2.3955e-15 1.26675e-15
95.847 1.40949e-19 1.40949e-19 4.76272e-28 3.37904e-09 3.5796e-07 4.028e-16 8.45738e-17 6.10901e-16 1.60662e-16 8.92704e-16 2.95587e-16 1.4043e-15 6.19686e-16 1.92071e-15 1.02337e-15
100.767 1.26679e-19 1.26679e-19 3.88847e-28 3.06953e-09 3.05679e-07 3.43427e-16 7.08495e-17 5.11351e-16 1.33793e-16 7.35224e-16 2.44149e-16 1.13543e-15 5.04934e-16 1.53437e-15 8.24441e-16
105.939 1.14119e-19 1.14119e-19 3.17441e-28 2.78167e-09 2.61154e-07 2.90913e-16 5.93003e-17 4.25716e-16 1.11273e-16 6.02842e-16 2.01326e-16 9.14999e-16 4.10643e-16 1.2226e-15 6.62939e-16
111.377 1.02985e-19 1.02985e-19 2.59112e-28 2.51602e-09 1.93622e-07 2.44825e-16 4.95643e-17 3.52474e-16 9.23764e-17 4.92032e-16 1.65655e-16 7.34765e-16 3.3317e-16 9.71423e-16 5.31858e-16
117.094 9.32687e-20 9.32687e-20 2.11592e-28 2.26863e-09 1.62413e-07 2.05165e-16 4.14448e-17 2.9088e-16 7.66904e-17 4.00627e-16 1.36263e-16 5.89207e-16 2.70191e-16 7.71277e-16 4.26553e-16
123.105 8.48775e-20 8.48775e-20 1.72928e-28 2.03739e-09 9.17254e-08 1.71497e-16 3.47149e-17 2.39667e-16 6.37517e-17 3.2595e-16 1.122e-16 4.72564e-16 2.19319e-16 6.1285e-16 3.42465e-16
129.424 7.75541e-20 7.75541e-20 1.41453e-28 1.82393e-09 5.30506e-08 1.42945e-16 2.91055e-17 1.97079e-16 5.30256e-17 2.64872e-16 9.24142e-17 3.7889e-16 1.7807e-16 4.87091e-16 2.75073e-16
136.067 7.08495e-20 7.08495e-20 1.158e-28 1.63445e-09 3.42708e-08 1.18354e-16 2.43228e-17 1.61114e-16 4.39439e-17 2.14141e-16 7.58238e-17 3.02487e-16 1.44023e-16 3.85695e-16 2.20138e-16
143.051 6.41073e-20 6.41073e-20 9.49362e-29 1.48089e-09 -1.84314e-08 9.64699e-17 2.00703e-17 1.29765e-16 3.5947e-17 1.70685e-16 6.13965e-17 2.38272e-16 1.14966e-16 3.01489e-16 1.73916e-16
150.394 5.75694e-20 5.75694e-20 7.78092e-29 1.35157e-09 9.71024e-09 7.75944e-17 1.63859e-17 1.03213e-16 2.90847e-17 1.34438e-16 4.91649e-17 1.85605e-16 9.07665e-17 2.33162e-16 1.35929e-16
158.114 5.14119e-20 5.14119e-20 6.36779e-29 1.23858e-09 -7.39833e-08 6.17342e-17 1.32629e-17 8.12581e-17 2.33234e-17 1.04875e-16 3.90164e-17 1.43295e-16 7.1028e-17 1.78797e-16 1.0533e-16
166.23 4.59008e-20 4.59008e-20 5.20797e-29 1.13461e-09 -6.8855e-08 4.8856e-17 1.06993e-17 6.36766e-17 1.86362e-17 8.14795e-17 3.08495e-17 1.1025e-16 5.53893e-17 1.36696e-16 8.13589e-17
174.763 4.10202e-20 4.10202e-20 4.26115e-29 1.03879e-09 -7.1501e-08 3.85196e-17 8.61313e-18 4.97428e-17 1.48564e-17 6.31387e-17 2.43351e-17 8.46563e-17 4.31028e-17 1.0434e-16 6.27295e-17
183.733 3.68122e-20 3.68122e-20 3.48479e-29 9.46641e-10 -7.22704e-08 3.03625e-17 6.94145e-18 3.88708e-17 1.18544e-17 4.8967e-17 1.92145e-17 6.50948e-17 3.35825e-17 7.97836e-17 4.84394e-17
193.164 3.306e-20 3.306e-20 2.84918e-29 8.61822e-10 -1.19638e-07 2.3851e-17 5.58122e-18 3.02876e-17 9.43562e-18 3.78847e-17 1.51348e-17 4.99594e-17 2.61097e-17 6.09127e-17 3.73371e-17
203.079 2.97341e-20 2.97341e-20 2.33001e-29 7.83617e-10 -1.35583e-07 1.86907e-17 4.48051e-18 2.35545e-17 7.49786e-18 2.92673e-17 1.19025e-17 3.83055e-17 2.02741e-17 4.64745e-17 2.87523e-17
213.503 2.68096e-20 2.68096e-20 1.90618e-29 7.11008e-10 -1.20118e-07 1.46299e-17 3.59498e-18 1.83058e-17 5.95457e-18 2.26041e-17 9.35613e-18 2.93759e-17 1.57409e-17 3.54763e-17 2.21457e-17
224.463 2.41683e-20 2.41683e-20 1.55914e-29 6.45116e-10 -1.7483e-07 1.14102e-17 2.87531e-18 1.41817e-17 4.7138e-18 1.74094e-17 7.33211e-18 2.24752e-17 1.21884e-17 2.70249e-17 1.70166e-17
235.984 2.17822e-20 2.17822e-20 1.27501e-29 5.85347e-10 -1.04516e-07 8.8684e-18 2.29235e-18 1.09535e-17 3.7197e-18 1.33728e-17 5.72869e-18 1.71566e-17 9.41292e-18 2.05457e-17 1.30453e-17
248.097 1.96314e-20 1.96314e-20 1.04323e-29 5.31408e-10 -1.09582e-07 6.87203e-18 1.8222e-18 8.43782e-18 2.92677e-18 1.02485e-17 4.46389e-18 1.30715e-17 7.2527e-18 1.55937e-17 9.98078e-18
260.832 1.77292e-20 1.77292e-20 8.53633e-30 4.81483e-10 -7.20367e-08 5.32092e-18 1.44726e-18 6.49724e-18 2.30112e-18 7.85337e-18 3.47648e-18 9.96163e-18 5.58745e-18 1.1841e-17 7.63745e-18
274.221 1.60114e-20 1.60114e-20 6.98332e-30 4.36147e-10 -1.11992e-07 4.10902e-18 1.1462e-18 4.99143e-18 1.8043e-18 6.00589e-18 2.70078e-18 7.57887e-18 4.29561e-18 8.97818e-18 5.83388e-18
288.297 1.44543e-20 1.44543e-20 5.71209e-30 3.95183e-10 -7.04573e-08 3.16399e-18 9.04882e-19 3.82476e-18 1.41045e-18 4.58249e-18 2.09232e-18 5.75462e-18 3.29456e-18 6.79538e-18 4.44689e-18
303.095 1.30519e-20 1.30519e-20 4.67542e-30 3.58217e-10 -1.24469e-07 2.43125e-18 7.12599e-19 2.92557e-18 1.10003e-18 3.49111e-18 1.61765e-18 4.36407e-18 2.52267e-18 5.13789e-18 3.38507e-18
318.653 1.17987e-20 1.17987e-20 3.82602e-30 3.24274e-10 -1.53153e-07 1.86619e-18 5.60302e-19 2.23598e-18 8.56768e-19 2.65817e-18 1.24931e-18 3.30859e-18 1.9303e-18 3.88424e-18 2.57573e-18
335.009 1.06608e-20 1.06608e-20 3.13015e-30 2.93613e-10 -2.12764e-07 1.42883e-18 4.39199e-19 1.70505e-18 6.65393e-19 2.01982e-18 9.62365e-19 2.50388e-18 1.47381e-18 2.9317e-18 1.95613e-18
352.206 9.62938e-21 9.62938e-21 2.56138e-30 2.65997e-10 -1.17638e-07 1.09148e-18 3.43282e-19 1.29755e-18 5.15401e-19 1.53197e-18 7.39582e-19 1.89188e-18 1.12305e-18 2.20959e-18 1.48303e-18
370.284 8.70781e-21 8.70781e-21 2.09661e-30 2.40773e-10 -9.3222e-08 8.33234e-19 2.67963e-19 9.87016e-19 3.98801e-19 1.16168e-18 5.67941e-19 1.42946e-18 8.55447e-19 1.66556e-18 1.1242e-18
389.291 7.87211e-21 7.87211e-21 1.71574e-30 2.17952e-10 1.03548e-07 6.34814e-19 2.08609e-19 7.49454e-19 3.07833e-19 8.79474e-19 4.35205e-19 1.07855e-18 6.50457e-19 1.25389e-18 8.50887e-19
409.273 7.11319e-21 7.11319e-21 1.40371e-30 1.9734e-10 -2.08485e-07 4.82636e-19 1.61949e-19 5.67996e-19 2.37017e-19 6.64684e-19 3.3275e-19 8.12545e-19 4.93662e-19 9.42658e-19 6.42961e-19
430.282 6.43438e-21 6.43438e-21 1.14904e-30 1.78578e-10 -2.8915e-07 3.66778e-19 1.25581e-19 4.30365e-19 1.82332e-19 5.02306e-19 2.54264e-19 6.12204e-19 3.7457e-19 7.08828e-19 4.8583e-19
452.368 5.81978e-21 5.81978e-21 9.40526e-31 1.61609e-10 -1.78645e-07 2.78309e-19 9.71609e-20 3.25646e-19 1.39988e-19 3.79144e-19 1.93964e-19 4.60789e-19 2.83825e-19 5.32516e-19 3.66681e-19
475.588 5.2613e-21 5.2613e-21 7.69657e-31 1.46286e-10 -1.83317e-07 2.10794e-19 7.49803e-20 2.45997e-19 1.07234e-19 2.85745e-19 1.47668e-19 3.4635e-19 2.14703e-19 3.99557e-19 2.76343e-19
500 4.75436e-21 4.75436e-21 6.29746e-31 1.32457e-10 -9.0558e-08 1.59387e-19 5.7723e-20 1.85543e-19 8.19674e-20 2.15051e-19 1.12213e-19 2.60006e-19 1.62161e-19 2.99447e-19 2.07975e-19
525.665 4.30549e-21 4.30549e-21 5.15593e-31 1.19752e-10 -3.26184e-08 1.20632e-19 4.44479e-20 1.401e-19 6.26864e-20 1.62045e-19 8.53363e-20 1.95454e-19 1.22609e-19 2.24749e-19 1.56718e-19
552.648 3.89713e-21 3.89713e-21 4.22014e-31 1.08288e-10 9.12031e-09 9.11542e-20 3.41465e-20 1.05632e-19 4.78432e-20 1.21939e-19 6.47816e-20 1.46749e-19 9.25649e-20 1.68493e-19 1.17937e-19
581.015 3.52576e-21 3.52576e-21 3.45333e-31 9.79457e-11 -1.87671e-07 6.87732e-20 2.61736e-20 7.95302e-20 3.64425e-20 9.16392e-20 4.90931e-20 1.10051e-19 6.97813e-20 1.26179e-19 8.86383e-20
610.838 3.18863e-21 3.18863e-21 2.82641e-31 8.86404e-11 5.31289e-08 5.18172e-20 2.00214e-20 5.98045e-20 2.77094e-20 6.87904e-20 3.71469e-20 8.24458e-20 5.25387e-20 9.44028e-20 6.65438e-20
642.193 2.88275e-21 2.88275e-21 2.31389e-31 8.02667e-11 -1.71024e-07 3.89917e-20 1.52854e-20 4.49187e-20 2.10336e-20 5.15832e-20 2.80668e-20 6.17058e-20 3.95089e-20 7.05661e-20 4.99037e-20
675.157 2.60492e-21 2.60492e-21 1.8938e-31 7.27008e-11 -9.1033e-09 2.93001e-20 1.1646e-20 3.36949e-20 1.59377e-20 3.86342e-20 2.11733e-20 4.61331e-20 2.96714e-20 5.26945e-20 3.73806e-20
709.813 2.35468e-21 2.35468e-21 1.54959e-31 6.58089e-11 -1.70079e-07 2.20068e-20 8.86323e-21 2.52659e-20 1.2066e-20 2.89271e-20 1.59625e-20 3.44835e-20 2.22739e-20 3.93436e-20 2.79919e-20
746.247 2.13261e-21 2.13261e-21 1.26863e-31 5.94874e-11 -7.27283e-08 1.65478e-20 6.74898e-21 1.89688e-20 9.14194e-21 2.16875e-20 1.20458e-20 2.58119e-20 1.67407e-20 2.94185e-20 2.09891e-20
784.553 1.93065e-21 1.93065e-21 1.03852e-31 5.37913e-11 -4.09424e-07 1.24283e-20 5.13001e-21 1.42257e-20 6.91588e-21 1.62433e-20 9.07809e-21 1.93031e-20 1.25678e-20 2.19781e-20 1.57223e-20
824.824 1.74695e-21 1.74695e-21 8.49928e-32 4.86521e-11 6.25714e-07 9.32326e-21 3.89254e-21 1.06567e-20 5.22384e-21 1.21531e-20 6.8323e-21 1.44218e-20 9.42422e-21 1.64046e-20 1.17649e-20
867.162 1.58002e-21 1.58002e-21 6.95504e-32 4.40187e-11 -7.22747e-07 6.98615e-21 2.94868e-21 7.97482e-21 3.94008e-21 9.08398e-21 5.13559e-21 1.07651e-20 7.05932e-21 1.22342e-20 8.79501e-21
911.674 1.42868e-21 1.42868e-21 5.69463e-32 3.98593e-11 -1.37814e-07 5.2303e-21 2.23056e-21 5.96306e-21 2.96827e-21 6.7849e-21 3.8563e-21 8.03025e-21 5.2834e-21 9.11828e-21 6.56997e-21
958.471 1.2912e-21 1.2912e-21 4.66132e-32 3.61005e-11 -7.2899e-08 3.91148e-21 1.68464e-21 4.45423e-21 2.23304e-21 5.06281e-21 2.89212e-21 5.98481e-21 3.95005e-21 6.79018e-21 4.90311e-21
1007.67 1.1668e-21 1.1668e-21 3.81449e-32 3.2692e-11 7.27683e-07 2.92317e-21 1.27085e-21 3.32508e-21 1.67827e-21 3.77564e-21 2.16722e-21 4.4581e-21 2.95123e-21 5.05414e-21 3.65704e-21
1059.39 1.05605e-21 1.05605e-21 3.12231e-32 2.95659e-11 9.67808e-07 2.18689e-21 9.59263e-22 2.48495e-21 1.26232e-21 2.81902e-21 1.62553e-21 3.32494e-21 2.20735e-21 3.76674e-21 2.73083e-21
1113.77 9.55485e-22 9.55485e-22 2.55627e-32 2.67537e-11 -2.19832e-06 1.63467e-21 7.23144e-22 1.85562e-21 9.484e-22 2.10321e-21 1.21805e-21 2.47811e-21 1.64961e-21 2.80545e-21 2.03769e-21
1170.94 8.64067e-22 8.64067e-22 2.09223e-32 2.42138e-11 1.01098e-06 1.22071e-21 5.44384e-22 1.38439e-21 7.11675e-22 1.56779e-21 9.11717e-22 1.84544e-21 1.23162e-21 2.08784e-21 1.51914e-21
1231.05 7.81402e-22 7.81402e-22 1.71205e-32 2.19099e-11 8.70594e-08 9.11173e-22 4.09471e-22 1.03243e-21 5.33677e-22 1.16827e-21 6.82051e-22 1.37389e-21 9.19154e-22 1.5534e-21 1.13216e-21
1294.24 7.07324e-22 7.07324e-22 1.40172e-32 1.98172e-11 9.97904e-08 6.8049e-22 3.0804e-22 7.70395e-22 4.0032e-22 8.711e-22 5.10456e-22 1.02352e-21 6.86338e-22 1.15657e-21 8.44285e-22
1360.67 6.40066e-22 6.40066e-22 1.14749e-32 1.79276e-11 1.95174e-06 5.07844e-22 2.31485e-22 5.74479e-22 3.00006e-22 6.4911e-22 3.81719e-22 7.62054e-22 5.12133e-22 8.60631e-22 6.29204e-22
1430.51 5.78921e-22 5.78921e-22 9.39115e-33 1.62218e-11 -1.39907e-06 3.78669e-22 1.73743e-22 4.28029e-22 2.24586e-22 4.83307e-22 2.85172e-22 5.66954e-22 3.81814e-22 6.39955e-22 4.6854e-22
1503.94 5.23454e-22 5.23454e-22 7.68524e-33 1.46818e-11 2.67861e-06 2.82161e-22 1.30275e-22 3.18712e-22 1.6798e-22 3.59641e-22 2.12881e-22 4.21569e-22 2.8447e-22 4.75612e-22 3.48693e-22
1581.14 4.74055e-22 4.74055e-22 6.29271e-33 1.32742e-11 -3.06044e-07 2.10513e-22 9.77732e-23 2.3762e-22 1.25776e-22 2.67971e-22 1.59101e-22 3.13892e-22 2.1221e-22 3.53963e-22 2.59843e-22
1662.3 4.29118e-22 4.29118e-22 5.15103e-33 1.20038e-11 1.3911e-06 1.56933e-22 7.33005e-23 1.77027e-22 9.40834e-23 1.99523e-22 1.18803e-22 2.33557e-22 1.58182e-22 2.63254e-22 1.93492e-22
1747.63 3.88248e-22 3.88248e-22 4.2153e-33 1.08572e-11 1.32207e-06 1.16897e-22 5.48936e-23 1.31783e-22 7.03082e-23 1.48449e-22 8.86338e-23 1.7366e-22 1.17816e-22 1.95656e-22 1.43976e-22
1837.33 3.51153e-22 3.51153e-22 3.45044e-33 9.82602e-12 -9.65467e-07 8.70196e-23 4.10722e-23 9.80444e-23 5.24998e-23 1.10386e-22 6.60792e-23 1.29054e-22 8.7696e-23 1.45342e-22 1.07071e-22
1931.64 3.17493e-22 3.17493e-22 2.82496e-33 8.89771e-12 -1.35319e-06 6.47385e-23 3.0704e-23 7.29003e-23 3.91718e-23 8.20362e-23 4.92299e-23 9.58551e-23 6.52364e-23 1.07911e-22 7.95799e-23
2030.79 2.8763e-22 2.8763e-22 2.31222e-33 8.03886e-12 4.54122e-06 4.82456e-23 2.29872e-23 5.42997e-23 2.92736e-23 6.10761e-23 3.67378e-23 7.13254e-23 4.86131e-23 8.02668e-23 5.92528e-23
2135.03 2.61972e-22 2.61972e-22 1.89203e-33 7.22227e-12 -1.53747e-06 3.61379e-23 1.72937e-23 4.06525e-23 2.19851e-23 4.57055e-23 2.75535e-23 5.33478e-23 3.64106e-23 6.00146e-23 4.4345e-23
2244.63 2.38576e-22 2.38576e-22 1.54914e-33 6.49328e-12 4.94449e-06 2.70594e-23 1.3003e-23 3.04255e-23 1.65034e-23 3.41929e-23 2.06569e-23 3.98906e-23 2.72619e-23 4.48609e-23 3.3178e-23
2359.84 2.17201e-22 2.17201e-22 1.26818e-33 5.83876e-12 -3.83798e-06 2.02507e-23 9.76959e-24 2.27597e-23 1.23803e-23 2.55677e-23 1.54772e-23 2.98142e-23 2.0401e-23 3.35185e-23 2.48108e-23
2480.97 1.97667e-22 1.97667e-22 1.03791e-33 5.25077e-12 -4.35648e-06 1.51463e-23 7.33444e-24 1.70156e-23 9.28068e-24 1.91077e-23 1.15888e-23 2.22714e-23 1.52579e-23 2.50311e-23 1.85435e-23
2608.32 1.7983e-22 1.7983e-22 8.49403e-34 4.72336e-12 6.2576e-06 1.13224e-23 5.50232e-24 1.27148e-23 6.95263e-24 1.42729e-23 8.67223e-24 1.66291e-23 1.14053e-23 1.86843e-23 1.38525e-23
2742.21 1.6357e-22 1.6357e-22 6.95482e-34 4.25189e-12 6.48656e-07 8.46068e-24 4.12551e-24 9.49746e-24 5.20599e-24 1.06577e-23 6.48682e-24 1.24121e-23 8.5222e-24 1.39425e-23 1.03445e-23
2882.96 1.48717e-22 1.48717e-22 5.69301e-34 3.82809e-12 -3.50472e-07 6.31839e-24 3.09082e-24 7.09009e-24 3.89537e-24 7.95363e-24 4.84894e-24 9.25944e-24 6.36406e-24 1.03984e-23 7.72046e-24
3030.95 1.35152e-22 1.35152e-22 4.65883e-34 3.44711e-12 -1.06378e-05 4.7156e-24 2.31381e-24 5.28972e-24 2.91261e-24 5.93216e-24 3.62218e-24 6.9036e-24 4.74949e-24 7.75092e-24 5.75863e-24
3186.53 1.22786e-22 1.22786e-22 3.81358e-34 3.10589e-12 -7.44406e-06 3.51772e-24 1.73105e-24 3.94471e-24 2.17655e-24 4.42251e-24 2.70439e-24 5.14497e-24 3.54287e-24 5.77511e-24 4.29341e-24
3350.09 1.11512e-22 1.11512e-22 3.1223e-34 2.79997e-12 4.48225e-06 2.62281e-24 1.29423e-24 2.94027e-24 1.62555e-24 3.29549e-24 2.01805e-24 3.8326e-24 2.64148e-24 4.30106e-24 3.19949e-24
3522.05 1.01224e-22 1.01224e-22 2.55559e-34 2.52468e-12 1.44277e-06 1.95433e-24 9.66893e-25 2.19023e-24 1.21316e-24 2.45419e-24 1.50487e-24 2.8533e-24 1.96817e-24 3.2014e-24 2.38283e-24
3702.84 9.18391e-23 9.18391e-23 2.09119e-34 2.27701e-12 7.95436e-06 1.45528e-24 7.21782e-25 1.63049e-24 9.04737e-25 1.82653e-24 1.12142e-24 2.12294e-24 1.46554e-24 2.38147e-24 1.77352e-24
3892.91 8.33018e-23 8.33018e-23 1.71216e-34 2.05537e-12 -1.39277e-05 1.08323e-24 5.38528e-25 1.21333e-24 6.74405e-25 1.35889e-24 8.35319e-25 1.57897e-24 1.09084e-24 1.77093e-24 1.31952e-24
4092.73 7.55215e-23 7.55215e-23 1.40165e-34 1.85596e-12 -1.47902e-05 8.05809e-25 4.01507e-25 9.02358e-25 5.02369e-25 1.01038e-24 6.21804e-25 1.17372e-24 8.11451e-25 1.31617e-24 9.81163e-25
4302.81 6.84316e-23 6.84316e-23 1.14715e-34 1.67635e-12 -6.55623e-06 5.99047e-25 2.99122e-25 6.70662e-25 3.7395e-25 7.50789e-25 4.6255e-25 8.71938e-25 6.03227e-25 9.77597e-25 7.29111e-25
4523.68 6.19778e-23 6.19778e-23 9.38827e-35 1.51478e-12 1.45785e-05 4.45072e-25 2.22689e-25 4.98167e-25 2.78175e-25 5.57572e-25 3.43868e-25 6.47388e-25 4.48168e-25 7.2572e-25 5.41498e-25
4755.88 5.6115e-23 5.6115e-23 7.68694e-35 1.36985e-12 -1.18217e-06 3.30537e-25 1.657e-25 3.69888e-25 2.06831e-25 4.13916e-25 2.55524e-25 4.80482e-25 3.32829e-25 5.38537e-25 4.02001e-25
5000 5.07792e-23 5.07792e-23 6.29212e-35 1.23911e-12 -2.35202e-05 2.45317e-25 1.23205e-25 2.74467e-25 1.53676e-25 3.0708e-25 1.89748e-25 3.56388e-25 2.47014e-25 3.99391e-25 2.98253e-25
