# 2.8184e-07 1 36 : grain size, compostion index, size index
# Heating and cooling timescale: 10570.1 78.9378
# Ratio of heating to cooling to determine stochastic cutoff: 100
# Equilibrium emission is recorded even for those grains in the stochastic regime.
# Emission spectrum was computed for: 
# Type: IRSF
# Scales: 0.25 0.5 1 1.5 2 2.5 3 3.5 4 4.5 5 5.5 6 6.5 7 7.5 8 8.5 9 9.5 10
# StochasticallyHeated: 1 1 1 1 1 1 1 1 1 1 1 1 1 1 1 1 1 1 1 1 1
# Temperature: -1
# Wavelength  CExt  CAbs  CSca  Albedo G EqEm1 StEm1 EqEm2 StEm2 EqEm3 StEm3 EqEm4 StEm4 EqEm5 StEm5 EqEm6 StEm6 EqEm7 StEm7 EqEm8 StEm8 EqEm9 StEm9 EqEm10 StEm10 EqEm11 StEm11 EqEm12 StEm12 EqEm13 StEm13 EqEm14 StEm14 EqEm15 StEm15 EqEm16 StEm16 EqEm17 StEm17 EqEm18 StEm18 EqEm19 StEm19 EqEm20 StEm20 EqEm21 StEm21
0.05 1.6753e-14 1.671e-14 4.30175e-17 0.00256774 0.00137981 0 0 0 0 0 0 0 0 0 0 0 0 0 0 0 0 0 0 0 0 0 0 0 0 0 0 0 0 0 0 0 0 0 0 0 0 0 0 0 0 0 0
0.0525665 1.8517e-14 1.84695e-14 4.7547e-17 0.00256774 0.0015251 0 0 0 0 0 0 0 0 0 0 0 0 0 0 0 0 0 0 0 0 0 0 0 0 0 0 0 0 0 0 0 0 0 0 0 0 0 0 0 0 0 0
0.0552647 2.04668e-14 2.04143e-14 5.25535e-17 0.00256774 0.00168569 0 0 0 0 0 0 0 0 0 0 0 0 0 0 0 0 0 0 0 0 0 0 0 0 0 0 0 0 0 0 0 0 0 0 0 0 0 0 0 0 0 0
0.0581015 2.26219e-14 2.25638e-14 5.80871e-17 0.00256774 0.00186318 0 0 0 0 0 0 0 0 0 0 0 0 0 0 0 0 0 0 0 0 0 0 0 0 0 0 0 0 0 0 0 0 0 0 0 0 0 0 0 0 0 0
0.0610839 2.50038e-14 2.49396e-14 6.42034e-17 0.00256774 0.00205936 0 0 0 0 0 0 0 0 0 0 0 0 0 0 0 0 0 0 0 0 0 0 0 0 0 0 0 0 0 0 0 0 0 0 0 0 0 0 0 0 0 0
0.0642193 2.76366e-14 2.75656e-14 7.09637e-17 0.00256774 0.0022762 0 0 0 0 0 0 0 0 0 0 0 0 0 0 0 0 0 0 0 0 0 0 0 0 0 0 0 0 0 0 0 0 0 0 0 0 0 0 0 0 0 0
0.0675157 3.05466e-14 3.04682e-14 7.84358e-17 0.00256774 0.00251588 0 0 0 0 0 0 0 0 0 0 0 0 0 0 0 0 0 0 0 0 0 0 0 0 0 0 0 0 0 0 0 0 0 0 0 0 0 0 0 0 0 0
0.0709813 3.3763e-14 3.36763e-14 8.66947e-17 0.00256774 0.00278079 0 0 0 0 0 0 0 0 0 0 0 0 0 0 0 0 0 0 0 0 0 0 0 0 0 0 0 0 0 0 0 0 0 0 0 0 0 0 0 0 0 0
0.0746248 3.73181e-14 3.72223e-14 9.58233e-17 0.00256774 0.00307359 0 0 0 0 0 0 0 0 0 0 0 0 0 0 0 0 0 0 0 0 0 0 0 0 0 0 0 0 0 0 0 0 0 0 0 0 0 0 0 0 0 0
0.0784553 4.12475e-14 4.11416e-14 1.05913e-16 0.00256774 0.00339722 0 0 0 0 0 0 0 0 0 0 0 0 0 0 0 0 0 0 0 0 0 0 0 0 0 0 0 0 0 0 0 0 0 0 0 0 0 0 0 0 0 0
0.0824824 4.55907e-14 4.54736e-14 1.17065e-16 0.00256774 0.00375494 0 0 0 0 0 0 0 0 0 0 0 0 0 0 0 0 0 0 0 0 0 0 0 0 0 0 0 0 0 0 0 0 0 0 0 0 0 0 0 0 0 0
0.0867162 5.03912e-14 5.02618e-14 1.29392e-16 0.00256774 0.00415031 0 0 0 0 0 0 0 0 0 0 0 0 0 0 0 0 0 0 0 0 0 0 0 0 0 0 0 0 0 0 0 0 0 0 0 0 0 0 0 0 0 0
0.0911674 5.56971e-14 5.55541e-14 1.43016e-16 0.00256774 0.00458732 0 0 0 0 0 0 0 0 0 0 0 0 0 0 0 0 0 0 0 0 0 0 0 0 0 0 0 0 0 0 0 0 0 0 0 0 0 0 0 0 0 0
0.095847 6.15618e-14 6.14037e-14 1.58075e-16 0.00256774 0.00507035 0 0 0 0 0 0 0 0 0 0 0 0 0 0 0 0 0 0 0 0 0 0 0 0 0 0 0 0 0 0 0 0 0 0 0 0 0 0 0 0 0 0
0.100767 6.6003e-14 6.58353e-14 1.6765e-16 0.00254004 0.00550344 0 0 0 0 0 0 0 0 0 0 0 0 0 0 0 0 0 0 0 0 0 0 0 0 0 0 0 0 0 0 0 0 0 0 0 0 0 0 0 0 0 0
0.105939 5.93146e-14 5.91735e-14 1.41143e-16 0.00237956 0.00542716 0 0 0 0 0 0 0 0 0 0 0 0 0 0 0 0 0 0 0 0 0 0 0 0 0 0 0 0 0 0 0 0 0 0 0 0 0 0 0 0 0 0
0.111377 5.24232e-14 5.23055e-14 1.17641e-16 0.00224407 0.00519337 0 0 0 0 0 0 0 0 0 0 0 0 0 0 0 0 0 0 0 0 0 0 0 0 0 0 0 0 0 0 0 0 0 0 0 0 0 0 0 0 0 0
0.117094 4.56847e-14 4.55869e-14 9.77847e-17 0.00214043 0.0049046 0 0 0 0 0 0 0 0 0 0 0 0 0 0 0 0 0 0 0 0 0 0 0 0 0 0 0 0 0 0 0 0 0 0 0 0 0 0 0 0 0 0
0.123105 3.87624e-14 3.86823e-14 8.00846e-17 0.00206604 0.0046032 0 0 0 0 0 0 0 0 0 0 0 0 0 0 0 0 0 0 0 0 0 0 0 0 0 0 0 0 0 0 0 0 0 0 0 0 0 0 0 0 0 0
0.129424 3.24103e-14 3.23457e-14 6.46627e-17 0.00199513 0.00430994 0 0 0 0 0 0 0 0 0 0 0 0 0 0 0 0 0 0 0 0 0 0 0 0 0 0 0 0 0 0 0 0 0 0 0 0 0 0 0 0 0 0
0.136067 2.65413e-14 2.64883e-14 5.29481e-17 0.00199494 0.00404067 0 0 0 0 0 0 0 0 0 0 0 0 0 0 0 0 0 0 0 0 0 0 0 0 0 0 0 0 0 0 0 0 0 0 0 0 0 0 0 0 0 0
0.143051 2.02647e-14 2.02224e-14 4.23065e-17 0.0020877 0.00383255 0 0 0 0 0 0 0 0 0 0 0 0 0 0 0 0 0 0 0 0 0 0 0 0 0 0 0 0 0 0 0 0 0 0 0 0 0 0 0 0 0 0
0.150394 1.4324e-14 1.42913e-14 3.2619e-17 0.00227724 0.00364969 0 0 0 0 0 0 0 0 0 0 0 0 0 0 0 0 0 0 0 0 0 0 0 0 0 0 0 0 0 0 0 0 0 0 0 0 0 0 0 0 0 0
0.158114 9.53527e-15 9.5109e-15 2.43669e-17 0.00255545 0.00333962 0 0 0 0 0 0 0 0 0 0 0 0 0 0 0 0 0 0 0 0 0 0 0 0 0 0 0 0 0 0 0 0 0 0 0 0 0 0 0 0 0 0
0.16623 6.25118e-15 6.23328e-15 1.78939e-17 0.00286249 0.0029714 0 0 0 0 0 0 0 0 0 0 0 0 0 0 0 0 0 0 0 0 0 0 0 0 0 0 0 0 0 0 0 0 0 0 0 0 0 0 0 0 0 0
0.174762 4.46923e-15 4.45598e-15 1.32514e-17 0.00296503 0.00262271 0 0 0 0 0 0 0 0 0 0 0 0 0 0 0 0 0 0 0 0 0 0 0 0 0 0 0 0 0 0 0 0 0 0 0 0 0 0 0 0 0 0
0.183733 3.19258e-15 3.18272e-15 9.85185e-18 0.00308586 0.00231412 0 0 0 0 0 0 0 0 0 0 0 0 0 0 0 0 0 0 0 0 0 0 0 0 0 0 0 0 0 0 0 0 0 0 0 0 0 0 0 0 0 0
0.193164 2.41906e-15 2.41167e-15 7.39319e-18 0.00305622 0.0020473 0 0 0 0 0 0 0 0 0 0 0 0 0 0 0 0 0 0 0 0 0 0 0 0 0 0 0 0 0 0 0 0 0 0 0 0 0 0 0 0 0 0
0.203079 2.23778e-15 2.23216e-15 5.62319e-18 0.00251284 0.00181641 0 0 0 0 0 0 0 0 0 0 0 0 0 0 0 0 0 0 0 0 0 0 0 0 0 0 0 0 0 0 0 0 0 0 0 0 0 0 0 0 0 0
0.213503 2.14604e-15 2.14169e-15 4.34884e-18 0.00202645 0.00161493 0 0 0 0 0 0 0 0 0 0 0 0 0 0 0 0 0 0 0 0 0 0 0 0 0 0 0 0 0 0 0 0 0 0 0 0 0 0 0 0 0 0
0.224463 2.02996e-15 2.02654e-15 3.42096e-18 0.00168524 0.00143993 0 0 0 0 0 0 0 0 0 0 0 0 0 0 0 0 0 0 0 0 0 0 0 0 0 0 0 0 0 0 0 0 0 0 0 0 0 0 0 0 0 0
0.235984 1.93927e-15 1.93656e-15 2.70785e-18 0.00139633 0.00128832 0 0 0 0 0 0 0 0 0 0 0 0 0 0 0 0 0 0 0 0 0 0 0 0 0 0 0 0 0 0 0 0 0 0 0 0 0 0 0 0 0 0
0.248097 1.85801e-15 1.85585e-15 2.15426e-18 0.00115944 0.00115584 0 0 0 0 0 0 0 0 0 0 0 0 0 0 0 0 0 0 0 0 0 0 0 0 0 0 0 0 0 0 0 0 0 0 0 0 0 0 0 0 0 0
0.260832 1.78694e-15 1.78522e-15 1.72447e-18 0.000965042 0.00103874 0 0 0 0 0 0 0 0 0 0 0 0 0 0 0 0 0 0 0 0 0 0 0 0 0 0 0 0 0 0 0 0 0 0 0 0 0 0 0 0 0 0
0.274221 1.71652e-15 1.71513e-15 1.38542e-18 0.000807109 0.000934503 0 0 0 0 0 0 0 0 0 0 0 0 0 0 0 0 0 0 0 0 0 0 0 0 0 0 0 0 0 0 0 0 0 0 0 0 0 0 0 0 0 0
0.288297 1.64588e-15 1.64476e-15 1.1168e-18 0.00067854 0.000841643 0 0 0 0 0 0 0 0 0 0 0 0 0 0 0 0 0 0 0 0 0 0 0 0 0 0 0 0 0 0 0 0 0 0 0 0 0 0 0 0 0 0
0.303095 1.57587e-15 1.57497e-15 9.02368e-19 0.000572614 0.000758608 0 0 0 0 0 0 0 0 0 0 0 0 0 0 0 0 0 0 0 0 0 0 0 0 0 0 0 0 0 0 0 0 0 0 0 0 0 0 0 0 0 0
0.318653 1.50673e-15 1.506e-15 7.30854e-19 0.00048506 0.000684085 0 0 0 0 0 0 0 0 0 0 0 0 0 0 0 0 0 0 0 0 0 0 0 0 0 0 0 0 0 0 0 0 0 0 0 0 0 0 0 0 0 0
0.335009 1.43911e-15 1.43851e-15 5.9307e-19 0.00041211 0.000617164 0 0 0 0 0 0 0 0 0 0 0 0 0 0 0 0 0 0 0 0 0 0 0 0 0 0 0 0 0 0 0 0 0 0 0 0 0 0 0 0 0 0
0.352205 1.37344e-15 1.37296e-15 4.81985e-19 0.000350933 0.000557031 0 0 0 0 0 0 0 0 0 0 0 0 0 0 0 0 0 0 0 0 0 0 0 0 0 0 0 0 0 0 0 0 0 0 0 0 0 0 0 0 0 0
0.370284 1.30976e-15 1.30937e-15 3.9243e-19 0.00029962 0.000502939 0 0 0 0 0 0 0 0 0 0 0 0 0 0 0 0 0 0 0 0 0 0 0 0 0 0 0 0 0 0 0 0 0 0 0 0 0 0 0 0 0 0
0.389291 1.24833e-15 1.24801e-15 3.19757e-19 0.000256147 0.000454242 0 0 0 0 0 0 0 0 0 0 0 0 0 0 0 0 0 0 0 0 0 0 0 0 0 0 0 0 0 0 0 0 0 0 0 0 0 0 0 0 0 0
0.409273 1.18915e-15 1.18889e-15 2.60893e-19 0.000219395 0.000410346 0 0 0 0 0 0 0 0 0 0 0 0 0 0 0 0 0 0 0 0 0 0 0 0 0 0 0 0 0 0 0 0 0 0 0 0 0 0 0 0 0 0
0.430281 1.13243e-15 1.13222e-15 2.13002e-19 0.000188092 0.000370741 0 0 0 0 0 0 0 0 0 0 0 0 0 0 0 0 0 0 0 0 0 0 0 0 0 0 0 0 0 0 0 0 0 0 0 0 0 0 0 0 0 0
0.452368 1.07802e-15 1.07784e-15 1.74027e-19 0.000161432 0.000335107 0 0 0 0 0 0 0 0 0 0 0 0 0 0 0 0 0 0 0 0 0 0 0 0 0 0 0 0 0 0 0 0 0 0 0 0 0 0 0 0 0 0
0.475588 1.02591e-15 1.02576e-15 1.4226e-19 0.000138667 0.00030291 0 0 0 0 0 0 0 0 0 0 0 0 0 0 0 0 0 0 0 0 0 0 0 0 0 0 0 0 0 0 0 0 0 0 0 0 0 0 0 0 0 0
0.5 9.76076e-16 9.7596e-16 1.16359e-19 0.000119211 0.000273822 0 0 0 0 0 0 0 0 0 0 0 0 0 0 0 0 0 0 0 0 0 0 0 0 0 0 0 0 0 0 0 0 0 0 0 0 0 0 0 0 0 0
0.525665 9.28478e-16 9.28383e-16 9.52366e-20 0.000102573 0.000247546 0 0 0 0 0 0 0 0 0 0 0 0 0 0 0 0 0 0 0 0 0 0 0 0 0 0 0 0 0 0 0 0 0 0 0 0 0 0 0 0 0 0
0.552648 8.82974e-16 8.82896e-16 7.79922e-20 8.83289e-05 0.000223829 0 0 0 0 0 0 0 0 0 0 0 0 0 0 0 0 0 0 0 0 0 0 0 0 0 0 0 0 0 0 0 0 0 0 0 0 0 0 0 0 0 0
0.581015 8.39764e-16 8.397e-16 6.38506e-20 7.6034e-05 0.000202439 0 0 0 0 0 0 0 0 0 0 0 0 0 0 0 0 0 0 0 0 0 0 0 0 0 0 0 0 0 0 0 0 0 0 0 0 0 0 0 0 0 0
0.610839 7.98622e-16 7.98569e-16 5.22816e-20 6.54648e-05 0.000183081 0 0 0 0 0 0 0 0 0 0 0 0 0 0 0 0 0 0 0 0 0 0 0 0 0 0 0 0 0 0 0 0 0 0 0 0 0 0 0 0 0 0
0.642193 7.59076e-16 7.59033e-16 4.28338e-20 5.64288e-05 0.000165563 0 0 0 0 0 0 0 0 0 0 0 0 0 0 0 0 0 0 0 0 0 0 0 0 0 0 0 0 0 0 0 0 0 0 0 0 0 0 0 0 0 0
0.675157 7.21622e-16 7.21587e-16 3.50913e-20 4.86283e-05 0.000149762 0 0 0 0 0 0 0 0 0 0 0 0 0 0 0 0 0 0 0 0 0 0 0 0 0 0 0 0 0 0 0 0 0 0 0 0 0 0 0 0 0 0
0.709813 6.86239e-16 6.8621e-16 2.87441e-20 4.18865e-05 0.000135474 0 0 0 0 0 0 0 0 0 0 0 0 0 0 0 0 0 0 0 0 0 0 0 0 0 0 0 0 0 0 0 0 0 0 0 0 0 0 0 0 0 0
0.746248 6.52655e-16 6.52631e-16 2.35498e-20 3.60831e-05 0.000122542 0 0 0 0 0 0 0 0 0 0 0 0 0 0 0 0 0 0 0 0 0 0 0 0 0 0 0 0 0 0 0 0 0 0 0 0 0 0 0 0 0 0
0.784553 6.20732e-16 6.20713e-16 1.92875e-20 3.10722e-05 0.000110838 0 0 0 0 0 0 0 0 0 0 0 0 0 0 0 0 0 0 0 0 0 0 0 0 0 0 0 0 0 0 0 0 0 0 0 0 0 0 0 0 0 0
0.824824 5.90428e-16 5.90412e-16 1.57986e-20 2.67579e-05 0.000100274 0 0 0 0 0 0 0 0 0 0 0 0 0 0 0 0 0 0 0 0 0 0 0 0 0 0 0 0 0 0 0 0 0 0 0 0 0 0 0 0 0 0
0.867162 5.61489e-16 5.61476e-16 1.29392e-20 2.30445e-05 9.07239e-05 0 0 0 0 0 0 0 0 0 0 0 0 0 0 0 0 0 0 0 0 0 0 0 0 0 0 0 0 0 0 0 0 0 0 0 0 0 0 0 0 0 0
0.911674 5.34392e-16 5.34381e-16 1.05927e-20 1.98219e-05 8.20783e-05 0 0 0 0 0 0 0 0 0 0 0 0 0 0 0 0 0 0 0 0 0 0 0 0 0 0 0 0 0 0 0 0 0 0 0 0 0 0 0 0 0 0
0.95847 5.08939e-16 5.08931e-16 8.66485e-21 1.70253e-05 7.42545e-05 0 0 0 0 0 0 0 0 0 0 0 0 0 0 0 0 0 0 0 0 0 0 0 0 0 0 0 0 0 0 0 0 0 0 0 0 0 0 0 0 0 0
1.00767 4.84789e-16 4.84782e-16 7.07033e-21 1.45844e-05 6.71826e-05 0 0 0 0 0 0 0 0 0 0 0 0 0 0 0 0 0 0 0 0 0 0 0 0 0 0 0 0 0 0 0 0 0 0 0 0 0 0 0 0 0 0
1.05939 4.7217e-16 4.72164e-16 5.77027e-21 1.22207e-05 6.07873e-05 0 0 0 0 0 0 0 0 0 0 0 0 0 0 0 0 0 0 0 0 0 0 0 0 0 0 0 0 0 0 0 0 0 0 0 0 0 0 0 0 0 0
1.11377 4.6162e-16 4.61615e-16 4.7161e-21 1.02164e-05 5.49969e-05 0 0 0 0 0 0 0 0 0 0 0 0 0 0 0 0 0 0 0 0 0 0 0 0 0 0 0 0 0 0 0 0 0 0 0 0 0 0 0 0 0 0
1.17094 4.53028e-16 4.53024e-16 3.86241e-21 8.52578e-06 4.9754e-05 0 0 0 0 0 0 0 0 0 0 0 0 0 0 0 0 0 0 0 0 0 0 0 0 0 0 0 0 0 0 0 0 0 0 0 0 0 0 0 0 0 0
1.23105 4.454e-16 4.45396e-16 3.16219e-21 7.09968e-06 4.50116e-05 0 0 0 0 0 0 0 0 0 0 0 0 0 0 0 0 0 0 0 0 0 0 0 0 0 0 0 0 0 0 0 0 0 0 0 0 0 0 0 0 0 0
1.29424 4.37076e-16 4.37074e-16 2.59029e-21 5.9264e-06 4.07228e-05 0 0 0 0 0 0 0 0 0 0 0 0 0 0 0 0 0 0 0 0 0 0 0 0 0 0 0 0 0 0 0 0 0 0 0 0 0 0 0 0 0 0
1.36067 4.27732e-16 4.2773e-16 2.13088e-21 4.98182e-06 3.68454e-05 0 0 0 0 0 0 0 0 0 0 0 0 0 0 0 0 0 0 0 0 0 0 0 0 0 0 0 0 0 0 0 0 0 0 0 0 0 0 0 0 0 0
1.43051 4.17731e-16 4.17729e-16 1.73386e-21 4.15066e-06 3.33301e-05 0 0 0 0 0 0 0 0 0 0 0 0 0 0 0 0 0 0 0 0 0 0 0 0 0 0 0 0 0 0 0 0 0 0 0 0 0 0 0 0 0 0
1.50394 4.07419e-16 4.07417e-16 1.41727e-21 3.47866e-06 3.01513e-05 0 0 0 0 0 0 0 0 0 0 0 0 0 0 0 0 0 0 0 0 0 0 0 0 0 0 0 0 0 0 0 0 0 0 0 0 0 0 0 0 0 0
1.58114 3.97442e-16 3.97441e-16 1.15973e-21 2.91798e-06 2.72793e-05 0 0 0 0 0 0 0 0 0 0 0 0 0 0 0 0 0 0 0 0 0 0 0 0 0 0 0 0 0 0 0 0 0 0 0 0 0 0 0 0 0 0
1.6623 3.88331e-16 3.8833e-16 9.48925e-22 2.4436e-06 2.46763e-05 0 0 0 0 0 0 0 0 0 0 0 0 0 0 0 0 0 0 0 0 0 0 0 0 0 0 0 0 0 0 0 0 0 0 0 0 0 0 0 0 0 0
1.74763 3.80625e-16 3.80624e-16 7.76335e-22 2.03963e-06 2.232e-05 0 0 0 0 0 0 0 0 0 0 0 0 0 0 0 0 0 1.4013e-45 0 1.4013e-45 0 1.4013e-45 0 1.4013e-45 0 2.8026e-45 0 2.8026e-45 0 2.8026e-45 0 4.2039e-45 0 4.2039e-45 0 5.60519e-45 0 7.00649e-45 0 7.00649e-45 0 8.40779e-45
1.83733 3.74862e-16 3.74861e-16 6.34878e-22 1.69363e-06 2.01862e-05 0 0 0 0 0 1.4013e-45 0 2.8026e-45 0 5.60519e-45 0 8.40779e-45 0 1.26117e-44 0 1.82169e-44 0 2.52234e-44 0 3.22299e-44 0 4.2039e-44 0 5.1848e-44 0 6.44597e-44 0 7.9874e-44 0 9.52883e-44 0 1.12104e-43 0 1.35926e-43 0 1.56945e-43 0 1.80768e-43 0 2.07392e-43 0 2.35418e-43
1.93164 3.71318e-16 3.71318e-16 5.18994e-22 1.39771e-06 1.82585e-05 0 2.8026e-45 0 8.40779e-45 0 3.50325e-44 0 7.84727e-44 0 1.44334e-43 0 2.32616e-43 0 3.47522e-43 0 4.90454e-43 0 6.68419e-43 0 8.66002e-43 0 1.11683e-42 0 1.38448e-42 0 1.68716e-42 0 2.06832e-42 0 2.45648e-42 0 2.88667e-42 0 3.42057e-42 0 3.95026e-42 0 4.5304e-42 0 5.16098e-42 0 5.84201e-42
2.03079 3.6996e-16 3.6996e-16 4.2451e-22 1.14745e-06 1.65146e-05 0 5.32493e-44 0 2.12997e-43 0 8.53391e-43 0 1.9394e-42 0 3.52987e-42 0 5.64443e-42 0 8.34753e-42 0 1.16994e-41 0 1.57604e-41 0 2.03314e-41 0 2.59198e-41 0 3.19804e-41 0 3.87949e-41 0 4.70108e-41 0 5.55755e-41 0 6.50118e-41 0 7.62334e-41 0 8.76849e-41 0 1.00135e-40 0 1.13612e-40 0 1.28124e-40
2.13503 3.70266e-16 3.70266e-16 3.47556e-22 9.38665e-07 1.49344e-05 0 1.15187e-42 0 4.54721e-42 0 1.8116e-41 0 4.10468e-41 0 7.42954e-41 0 1.18181e-40 0 1.73683e-40 0 2.41709e-40 0 3.23107e-40 0 4.15297e-40 0 5.25142e-40 0 6.45493e-40 0 7.80172e-40 0 9.37673e-40 0 1.10447e-39 0 1.28742e-39 0 1.49814e-39 0 1.71716e-39 0 1.95427e-39 0 2.20993e-39 0 2.48434e-39
2.24463 3.71014e-16 3.71014e-16 2.84807e-22 7.67646e-07 1.35031e-05 0 2.21727e-41 0 8.51807e-41 0 3.34591e-40 0 7.53816e-40 0 1.35645e-39 0 2.14717e-39 0 3.13919e-39 0 4.34443e-39 0 5.77368e-39 0 7.39793e-39 0 9.2986e-39 0 1.13943e-38 0 1.37307e-38 0 1.64048e-38 0 1.92658e-38 0 2.23925e-38 0 2.59139e-38 0 2.9618e-38 0 3.36137e-38 0 3.79079e-38 0 4.25039e-38
2.35984 3.71875e-16 3.71875e-16 2.33519e-22 6.2795e-07 1.22103e-05 0 3.85981e-40 0 1.41803e-39 0 5.43513e-39 0 1.21304e-38 0 2.16734e-38 0 3.41258e-38 0 4.96455e-38 0 6.83719e-38 0 9.04287e-38 0 1.15536e-37 0 1.44542e-37 0 1.76643e-37 0 2.12315e-37 0 2.52539e-37 0 2.95844e-37 0 3.43027e-37 0 3.95353e-37 0 4.508e-37 0 5.10438e-37 0 5.74352e-37 0 6.42595e-37
2.48097 3.73306e-16 3.73306e-16 1.91534e-22 5.13076e-07 1.10389e-05 0 6.2327e-39 0 2.14259e-38 0 7.89015e-38 0 1.73404e-37 0 3.06806e-37 0 4.79834e-37 0 6.94174e-37 0 9.51295e-37 0 1.25248e-36 0 1.59541e-36 0 1.98794e-36 0 2.42308e-36 0 2.90531e-36 0 3.44342e-36 0 4.02479e-36 0 4.6566e-36 0 5.34988e-36 0 6.08762e-36 0 6.87919e-36 0 7.72554e-36 0 8.62733e-36
2.60832 3.75385e-16 3.75385e-16 1.57195e-22 4.18755e-07 9.97866e-06 0 9.51311e-38 0 2.9997e-37 0 1.04124e-36 0 2.2344e-36 0 3.89782e-36 0 6.03921e-36 0 8.67472e-36 0 1.18184e-35 0 1.54823e-35 0 1.96501e-35 0 2.43867e-35 0 2.96391e-35 0 3.54447e-35 0 4.18743e-35 0 4.88321e-35 0 5.63762e-35 0 6.45929e-35 0 7.33555e-35 0 8.27372e-35 0 9.27481e-35 0 1.03395e-34
2.74221 3.7859e-16 3.7859e-16 1.29114e-22 3.4104e-07 9.01932e-06 0 1.38225e-36 0 3.95971e-36 0 1.2725e-35 0 2.63967e-35 0 4.51359e-35 0 6.90158e-35 0 9.81763e-35 0 1.32739e-34 0 1.72808e-34 0 2.18287e-34 0 2.69662e-34 0 3.26575e-34 0 3.89313e-34 0 4.58389e-34 0 5.33158e-34 0 6.14048e-34 0 7.01666e-34 0 7.95172e-34 0 8.95087e-34 0 1.0015e-33 0 1.11448e-33
2.88297 3.82996e-16 3.82996e-16 1.06227e-22 2.77359e-07 8.15061e-06 0 1.89736e-35 0 4.96114e-35 0 1.46084e-34 0 2.90261e-34 0 4.83404e-34 0 7.26136e-34 0 1.01955e-33 0 1.36462e-33 0 1.76214e-33 0 2.21168e-33 0 2.71653e-33 0 3.27459e-33 0 3.88783e-33 0 4.55966e-33 0 5.28621e-33 0 6.07034e-33 0 6.91595e-33 0 7.81809e-33 0 8.7801e-33 0 9.80276e-33 0 1.08866e-32
3.03095 3.88497e-16 3.88497e-16 8.7733e-23 2.25827e-07 7.36506e-06 0 2.42318e-34 0 5.87229e-34 0 1.58615e-33 0 3.00286e-33 0 4.84617e-33 0 7.1208e-33 0 9.83451e-33 0 1.29942e-32 0 1.66057e-32 0 2.06677e-32 0 2.52006e-32 0 3.01935e-32 0 3.56591e-32 0 4.16179e-32 0 4.80493e-32 0 5.49708e-32 0 6.24056e-32 0 7.03273e-32 0 7.87559e-32 0 8.76971e-32 0 9.71548e-32
3.18653 3.90362e-16 3.90362e-16 7.2631e-23 1.86061e-07 6.65389e-06 0 2.80407e-33 0 6.41673e-33 0 1.60729e-32 0 2.9005e-32 0 4.52668e-32 0 6.48893e-32 0 8.79216e-32 0 1.14408e-31 0 1.44386e-31 0 1.77856e-31 0 2.14932e-31 0 2.55569e-31 0 2.99837e-31 0 3.4785e-31 0 3.99512e-31 0 4.54921e-31 0 5.14202e-31 0 5.7723e-31 0 6.44114e-31 0 7.14893e-31 0 7.89592e-31
3.35009 4.00243e-16 4.00243e-16 5.93846e-23 1.48371e-07 6.00973e-06 0 2.99912e-32 0 6.59013e-32 0 1.55463e-31 0 2.68858e-31 0 4.06375e-31 0 5.68191e-31 0 7.54589e-31 0 9.65832e-31 0 1.20213e-30 0 1.46353e-30 0 1.75065e-30 0 2.06329e-30 0 2.40186e-30 0 2.76694e-30 0 3.15811e-30 0 3.57591e-30 0 4.02096e-30 0 4.49273e-30 0 4.99177e-30 0 5.51833e-30 0 6.07256e-30
3.52205 3.98825e-16 3.98825e-16 5.16708e-23 1.29558e-07 5.42665e-06 0 2.80984e-31 0 6.0052e-31 0 1.35472e-30 0 2.263e-30 0 3.3266e-30 0 4.54631e-30 0 5.92353e-30 0 7.4596e-30 0 9.15549e-30 0 1.10117e-29 0 1.3031e-29 0 1.5213e-29 0 1.75593e-29 0 2.00729e-29 0 2.27521e-29 0 2.55995e-29 0 2.86179e-29 0 3.18054e-29 0 3.51645e-29 0 3.86966e-29 0 4.24024e-29
3.70284 3.72297e-16 3.72297e-16 4.20346e-23 1.12906e-07 4.8993e-06 0 2.22016e-30 0 4.65688e-30 0 1.0174e-29 0 1.65491e-29 0 2.37854e-29 0 3.18851e-29 0 4.08538e-29 0 5.0697e-29 0 6.14181e-29 0 7.30197e-29 0 8.55131e-29 0 9.88974e-29 0 1.1318e-28 0 1.28371e-28 0 1.44467e-28 0 1.61477e-28 0 1.79413e-28 0 1.9827e-28 0 2.18056e-28 0 2.38779e-28 0 2.6044e-28
3.89291 3.64722e-16 3.64722e-16 3.44448e-23 9.44412e-08 4.42138e-06 0 1.65943e-29 0 3.43697e-29 0 7.3411e-29 0 1.17084e-28 0 1.65386e-28 0 2.18316e-28 0 2.75892e-28 0 3.38132e-28 0 4.05045e-28 0 4.76642e-28 0 5.52964e-28 0 6.34012e-28 0 7.19811e-28 0 8.10402e-28 0 9.05772e-28 0 1.00596e-27 0 1.11101e-27 0 1.22091e-27 0 1.33569e-27 0 1.45538e-27 0 1.57999e-27
4.09273 3.58771e-16 3.58771e-16 2.82443e-23 7.87253e-08 3.98795e-06 0 1.12559e-28 0 2.31126e-28 0 4.85904e-28 0 7.63978e-28 0 1.06523e-27 0 1.38957e-27 0 1.73704e-27 0 2.10768e-27 0 2.50146e-27 0 2.91843e-27 0 3.35872e-27 0 3.82233e-27 0 4.30933e-27 0 4.81986e-27 0 5.35388e-27 0 5.91154e-27 0 6.49297e-27 0 7.09814e-27 0 7.72716e-27 0 8.38016e-27 0 9.05714e-27
4.30281 3.54469e-16 3.54469e-16 2.31699e-23 6.5365e-08 3.59526e-06 0 6.95436e-28 0 1.4195e-27 0 2.95107e-27 0 4.59224e-27 0 6.3419e-27 0 8.19932e-27 0 1.01643e-26 0 1.22369e-26 0 1.44167e-26 0 1.67037e-26 0 1.90983e-26 0 2.16004e-26 0 2.421e-26 0 2.69277e-26 0 2.97532e-26 0 3.2687e-26 0 3.57296e-26 0 3.88807e-26 0 4.21406e-26 0 4.55099e-26 0 4.89885e-26
4.52368 3.51951e-16 3.51951e-16 1.90274e-23 5.40626e-08 3.23987e-06 0 3.93089e-27 0 7.98989e-27 0 1.64786e-26 0 2.54512e-26 0 3.49007e-26 0 4.48219e-26 0 5.52129e-26 0 6.60725e-26 0 7.73978e-26 0 8.91881e-26 0 1.01444e-25 0 1.14165e-25 0 1.2735e-25 0 1.41e-25 0 1.55114e-25 0 1.69694e-25 0 1.8474e-25 0 2.00252e-25 0 2.1623e-25 0 2.32675e-25 0 2.49588e-25
4.75588 3.50749e-16 3.50749e-16 1.56514e-23 4.46229e-08 2.91746e-06 0 2.03828e-26 0 4.13048e-26 0 8.46965e-26 0 1.30097e-25 0 1.77468e-25 0 2.26779e-25 0 2.78017e-25 0 3.31174e-25 0 3.86232e-25 0 4.43185e-25 0 5.02031e-25 0 5.62765e-25 0 6.25382e-25 0 6.8988e-25 0 7.56254e-25 0 8.24509e-25 0 8.94643e-25 0 9.66653e-25 0 1.04054e-24 0 1.1163e-24 0 1.19394e-24
5 3.49879e-16 3.49879e-16 1.29002e-23 3.68704e-08 2.62434e-06 0 9.7071e-26 0 1.96273e-25 0 4.00749e-25 0 6.13058e-25 0 8.33007e-25 0 1.06046e-24 0 1.29533e-24 0 1.53759e-24 0 1.78713e-24 0 2.04392e-24 0 2.30794e-24 0 2.57917e-24 0 2.85756e-24 0 3.14311e-24 0 3.43577e-24 0 3.73557e-24 0 4.04248e-24 0 4.35649e-24 0 4.67758e-24 0 5.00577e-24 0 5.34102e-24
5.25665 3.48505e-16 3.48505e-16 1.06447e-23 3.05438e-08 2.35791e-06 0 4.25224e-25 0 8.58354e-25 0 1.74696e-24 0 2.66424e-24 0 3.60934e-24 0 4.58165e-24 0 5.58083e-24 0 6.60664e-24 0 7.65866e-24 0 8.73675e-24 0 9.84077e-24 0 1.09706e-23 0 1.2126e-23 0 1.3307e-23 0 1.45133e-23 0 1.5745e-23 0 1.7002e-23 0 1.82843e-23 0 1.95916e-23 0 2.09241e-23 0 2.22816e-23
5.52648 3.4666e-16 3.4666e-16 8.78316e-24 2.53365e-08 2.1168e-06 0 1.71996e-24 0 3.46748e-24 0 7.03983e-24 0 1.07108e-23 0 1.44771e-23 0 1.83362e-23 0 2.22867e-23 0 2.63275e-23 0 3.04572e-23 0 3.46749e-23 0 3.89801e-23 0 4.33722e-23 0 4.78504e-23 0 5.24142e-23 0 5.70632e-23 0 6.17973e-23 0 6.66159e-23 0 7.15188e-23 0 7.65055e-23 0 8.15761e-23 0 8.67299e-23
5.81015 3.44098e-16 3.44098e-16 7.239e-24 2.10376e-08 1.89693e-06 0 6.44247e-24 0 1.29752e-23 0 2.62922e-23 0 3.99285e-23 0 5.38716e-23 0 6.81128e-23 0 8.26467e-23 0 9.74693e-23 0 1.12575e-22 0 1.2796e-22 0 1.43624e-22 0 1.59563e-22 0 1.75774e-22 0 1.92257e-22 0 2.09008e-22 0 2.26028e-22 0 2.43314e-22 0 2.60865e-22 0 2.7868e-22 0 2.96757e-22 0 3.15096e-22
6.10839 3.41223e-16 3.41223e-16 5.95392e-24 1.74488e-08 1.6972e-06 0 2.24505e-23 0 4.51795e-23 0 9.1409e-23 0 1.38613e-22 0 1.8675e-22 0 2.35789e-22 0 2.85712e-22 0 3.36506e-22 0 3.8815e-22 0 4.40636e-22 0 4.93955e-22 0 5.48099e-22 0 6.03058e-22 0 6.58825e-22 0 7.15393e-22 0 7.7276e-22 0 8.30921e-22 1.4013e-45 8.89869e-22 1.4013e-45 9.49598e-22 4.2039e-45 1.01011e-21 8.40779e-45 1.07139e-21
6.42193 3.37924e-16 3.37924e-16 4.87924e-24 1.44389e-08 1.51501e-06 0 7.3002e-23 0 1.46815e-22 0 2.96673e-22 0 4.49338e-22 0 6.0468e-22 0 7.62604e-22 0 9.23051e-22 0 1.08598e-21 0 1.25132e-21 0 1.41905e-21 0 1.58914e-21 0 1.76157e-21 0 1.9363e-21 1.4013e-45 2.1133e-21 2.8026e-45 2.29257e-21 8.40779e-45 2.47409e-21 2.24208e-44 2.65783e-21 5.46506e-44 2.84379e-21 1.27518e-43 3.03194e-21 2.83062e-43 3.22229e-21 5.92749e-43 3.4148e-21
6.75157 3.35546e-16 3.35546e-16 3.96706e-24 1.18227e-08 1.3471e-06 0 2.23094e-22 0 4.48427e-22 0 9.05222e-22 0 1.36969e-21 0 1.84145e-21 0 2.32023e-21 0 2.80584e-21 0 3.29817e-21 0 3.79701e-21 0 4.3023e-21 1.4013e-45 4.81394e-21 5.60519e-45 5.33185e-21 2.10195e-44 5.85595e-21 6.86636e-44 6.38616e-21 2.0459e-43 6.92242e-21 5.59118e-43 7.4647e-21 1.4041e-42 8.01294e-21 3.32668e-42 8.5671e-21 7.45911e-42 9.12711e-21 1.58711e-41 9.69296e-21 3.21136e-41 1.02646e-20
7.09813 3.30134e-16 3.30134e-16 3.22356e-24 9.76439e-09 1.18906e-06 0 6.35131e-22 0 1.27606e-21 0 2.57373e-21 0 3.8911e-21 0 5.22715e-21 0 6.58109e-21 0 7.95246e-21 0 9.3409e-21 2.8026e-45 1.07459e-20 1.96182e-44 1.21672e-20 9.24857e-44 1.36046e-20 3.72745e-43 1.50579e-20 1.31582e-42 1.65268e-20 4.05536e-42 1.80111e-20 1.1436e-41 1.95107e-20 2.96893e-41 2.10254e-20 7.12897e-41 2.25551e-20 1.61972e-40 2.40997e-20 3.4917e-40 2.56589e-20 7.15996e-40 2.72329e-20 1.39977e-39 2.88212e-20
7.46248 3.25764e-16 3.25764e-16 2.55483e-24 7.84258e-09 1.035e-06 0 1.70997e-21 0 3.43423e-21 0 6.92154e-21 0 1.04571e-20 0 1.40381e-20 0 1.76627e-20 2.8026e-45 2.13296e-20 3.08286e-44 2.50379e-20 2.22806e-43 2.87862e-20 1.20091e-42 3.2574e-20 5.34175e-42 3.64006e-20 1.99923e-41 4.02655e-20 6.63963e-41 4.4168e-20 1.93585e-40 4.81076e-20 5.18999e-40 5.20838e-20 1.28603e-39 5.60965e-20 2.95874e-39 6.01451e-20 6.45829e-39 6.42294e-20 1.34099e-38 6.83488e-20 2.65505e-38 7.25034e-20 5.02346e-38 7.66925e-20
7.84553 3.21204e-16 3.21204e-16 1.93379e-24 6.02042e-09 8.8816e-07 0 4.34967e-21 0 8.73281e-21 0 1.75895e-20 0 2.65583e-20 0 3.56326e-20 1.4013e-44 4.48076e-20 2.00386e-43 5.40804e-20 1.8343e-42 6.34485e-20 1.21156e-41 7.29088e-20 5.99938e-41 8.24599e-20 2.48164e-40 9.21e-20 8.7092e-40 1.01828e-19 2.72778e-39 1.11642e-19 7.54827e-39 1.21541e-19 1.92855e-38 1.31524e-19 4.57169e-38 1.4159e-19 1.00987e-37 1.51739e-19 2.12189e-37 1.61969e-19 4.25148e-37 1.72279e-19 8.14146e-37 1.82668e-19 1.49318e-36 1.93137e-19
8.24824 3.58038e-16 3.58038e-16 1.42278e-24 3.97382e-09 7.63302e-07 0 1.18581e-20 0 2.38006e-20 0 4.79126e-20 0 7.23051e-20 3.64338e-44 9.69613e-20 9.55686e-43 1.21868e-19 1.22263e-41 1.47018e-19 1.00198e-40 1.72406e-19 6.03571e-40 1.98022e-19 2.7643e-39 2.23863e-19 1.06687e-38 2.49924e-19 3.52151e-38 2.76203e-19 1.04317e-37 3.02695e-19 2.74668e-37 3.29397e-19 6.70352e-37 3.56305e-19 1.52351e-36 3.83418e-19 3.23764e-36 4.10735e-19 6.56061e-36 4.38251e-19 1.27065e-35 4.65964e-19 2.35728e-35 4.93874e-19 4.1972e-35 5.21978e-19
8.67162 4.34871e-16 4.34871e-16 1.23364e-24 2.8368e-09 6.64331e-07 0 3.34791e-20 0 6.71791e-20 0 1.35172e-19 4.06377e-44 2.03895e-19 2.65266e-42 2.73303e-19 5.82996e-41 3.43361e-19 6.58826e-40 4.14049e-19 4.87237e-39 4.8535e-19 2.68865e-38 5.57242e-19 1.14321e-37 6.29714e-19 4.13061e-37 7.02754e-19 1.28621e-36 7.76355e-19 3.61334e-36 8.50502e-19 9.07477e-36 9.25189e-19 2.12037e-35 1.00041e-18 4.62963e-35 1.07615e-18 9.48299e-35 1.15242e-18 1.85646e-34 1.22919e-18 3.48136e-34 1.30648e-18 6.2666e-34 1.38426e-18 1.0848e-33 1.46255e-18
9.11674 5.96912e-16 5.96912e-16 1.46749e-24 2.45847e-09 5.66836e-07 0 1.01767e-19 0 2.04159e-19 8.40779e-45 4.10613e-19 3.31127e-42 6.19122e-19 1.73586e-40 8.29553e-19 3.28068e-39 1.04181e-18 3.29344e-38 1.25582e-18 2.20899e-37 1.47155e-18 1.12142e-36 1.68893e-18 4.44294e-36 1.90793e-18 1.50772e-35 2.12851e-18 4.44155e-35 2.35065e-18 1.18639e-34 2.57431e-18 2.84859e-34 2.79948e-18 6.38572e-34 3.02612e-18 1.34211e-33 3.25422e-18 2.6545e-33 3.48376e-18 5.02896e-33 3.71473e-18 9.14557e-33 3.94709e-18 1.59967e-32 4.18086e-18 2.69594e-32 4.41599e-18
9.5847 7.2762e-16 7.2762e-16 2.03535e-24 2.79727e-09 5.07228e-07 0 2.62323e-19 0 5.26146e-19 6.78228e-43 1.0578e-18 1.9097e-40 1.59437e-18 8.25151e-39 2.13553e-18 1.35101e-37 2.68103e-18 1.21183e-36 3.23073e-18 7.40676e-36 3.78451e-18 3.47341e-35 4.34221e-18 1.28666e-34 4.90374e-18 4.11346e-34 5.46904e-18 1.1495e-33 6.03804e-18 2.92666e-33 6.61063e-18 6.73287e-33 7.18678e-18 1.45099e-32 7.76642e-18 2.94098e-32 8.34952e-18 5.62633e-32 8.93602e-18 1.03317e-31 9.52588e-18 1.82484e-31 1.01191e-17 3.1059e-31 1.07155e-17 5.1027e-31 1.13152e-17
10.0767 7.04301e-16 7.04301e-16 2.23925e-24 3.17939e-09 4.81553e-07 0 5.13833e-19 1.4013e-45 1.03041e-18 3.34588e-41 2.07089e-18 7.15662e-39 3.12033e-18 2.57289e-37 4.17811e-18 3.6751e-36 5.24379e-18 2.96163e-35 6.31709e-18 1.65705e-34 7.39777e-18 7.20601e-34 8.48555e-18 2.50401e-33 9.58029e-18 7.56372e-33 1.06818e-17 2.01024e-32 1.179e-17 4.88984e-32 1.29048e-17 1.08008e-31 1.40259e-17 2.24202e-31 1.51533e-17 4.39023e-31 1.6287e-17 8.13701e-31 1.74268e-17 1.45053e-30 1.85726e-17 2.49181e-30 1.97244e-17 4.13239e-30 2.08821e-17 6.62654e-30 2.20456e-17
10.5939 5.99645e-16 5.99645e-16 1.98769e-24 3.31478e-09 4.73619e-07 0 8.48973e-19 7.9874e-44 1.70219e-18 1.18432e-39 3.41993e-18 1.94939e-37 5.15146e-18 5.88377e-36 6.89584e-18 7.38107e-35 8.65234e-18 5.37197e-34 1.04205e-17 2.76329e-33 1.22e-17 1.11846e-32 1.39904e-17 3.65721e-32 1.57915e-17 1.04667e-31 1.76029e-17 2.65213e-31 1.94245e-17 6.17722e-31 2.12561e-17 1.31266e-30 2.30975e-17 2.62935e-30 2.49485e-17 4.98249e-30 2.68089e-17 8.96068e-30 2.86788e-17 1.5529e-29 3.05578e-17 2.59812e-29 3.24459e-17 4.20359e-29 3.4343e-17 6.58708e-29 3.6249e-17
11.1377 5.00983e-16 5.00983e-16 1.67048e-24 3.33441e-09 4.8497e-07 0 1.32259e-18 3.63497e-42 2.65138e-18 3.38747e-38 5.32542e-18 4.34601e-36 8.01955e-18 1.11071e-34 1.07323e-17 1.23149e-33 1.34627e-17 8.13505e-33 1.621e-17 3.863e-32 1.89738e-17 1.4604e-31 2.17532e-17 4.50693e-31 2.45481e-17 1.2253e-30 2.7358e-17 2.96699e-30 3.01827e-17 6.6311e-30 3.30217e-17 1.35819e-29 3.58748e-17 2.62983e-29 3.87418e-17 4.83029e-29 4.16225e-17 8.44155e-29 4.45167e-17 1.42418e-28 4.74241e-17 2.32364e-28 5.03446e-17 3.67221e-28 5.3278e-17 5.62957e-28 5.62242e-17
11.7094 4.02317e-16 4.02317e-16 1.30625e-24 3.24683e-09 4.88052e-07 7.00649e-45 1.90663e-18 1.29785e-40 3.82165e-18 7.74236e-37 7.67391e-18 7.83714e-35 1.15533e-17 1.70981e-33 1.54577e-17 1.68565e-32 1.93859e-17 1.01546e-31 2.33368e-17 4.46883e-31 2.73098e-17 1.58322e-30 3.13039e-17 4.62442e-30 3.53186e-17 1.19733e-29 3.93535e-17 2.77673e-29 4.34082e-17 5.96691e-29 4.7482e-17 1.18011e-28 5.15748e-17 2.21247e-28 5.56862e-17 3.94486e-28 5.98158e-17 6.70878e-28 6.39634e-17 1.10331e-27 6.81288e-17 1.7576e-27 7.23116e-17 2.71628e-27 7.65118e-17 4.07815e-27 8.07288e-17
12.3105 3.23179e-16 3.23179e-16 9.73339e-25 3.01176e-09 4.85314e-07 3.46121e-43 2.65166e-18 3.80529e-39 5.31429e-18 1.48489e-35 1.06685e-17 1.1997e-33 1.60581e-17 2.25163e-32 2.14803e-17 1.98515e-31 2.69333e-17 1.0955e-30 3.24159e-17 4.4846e-30 3.79271e-17 1.49366e-29 4.34657e-17 4.14035e-29 4.9031e-17 1.02334e-28 5.46225e-17 2.27774e-28 6.02396e-17 4.71521e-28 6.58815e-17 9.02016e-28 7.15479e-17 1.64e-27 7.72383e-17 2.84272e-27 8.29523e-17 4.71071e-27 8.86897e-17 7.56121e-27 9.44499e-17 1.17744e-26 1.00233e-16 1.78141e-26 1.06038e-16 2.62202e-26 1.11865e-16
12.9424 2.93866e-16 2.93866e-16 7.07836e-25 2.4087e-09 4.64183e-07 1.50009e-41 4.03305e-18 1.04664e-37 8.0818e-18 2.72748e-34 1.62207e-17 1.77833e-32 2.44099e-17 2.89244e-31 3.26457e-17 2.29302e-30 4.09254e-17 1.16415e-29 4.9247e-17 4.4487e-29 5.76094e-17 1.39717e-28 6.60107e-17 3.68482e-28 7.445e-17 8.71391e-28 8.29264e-17 1.86523e-27 9.14391e-17 3.72649e-27 9.9987e-17 6.90651e-27 1.0857e-16 1.21958e-26 1.17186e-16 2.05797e-26 1.25836e-16 3.32722e-26 1.34519e-16 5.21858e-26 1.43235e-16 7.95262e-26 1.51982e-16 1.17911e-25 1.60761e-16 1.70306e-25 1.69571e-16
13.6067 2.85216e-16 2.85216e-16 5.50347e-25 1.92958e-09 4.22141e-07 5.67428e-40 6.33614e-18 2.56994e-36 1.26955e-17 4.56149e-33 2.54753e-17 2.42538e-31 3.83294e-17 3.44264e-30 5.12521e-17 2.46681e-29 6.42393e-17 1.15687e-28 7.72884e-17 4.14081e-28 9.03974e-17 1.2298e-27 1.03564e-16 3.09342e-27 1.16786e-16 7.01431e-27 1.30062e-16 1.44666e-26 1.43392e-16 2.79421e-26 1.56773e-16 5.02499e-26 1.70205e-16 8.63039e-26 1.83687e-16 1.41959e-25 1.97218e-16 2.24192e-25 2.10798e-16 3.43991e-25 2.24425e-16 5.13538e-25 2.38098e-16 7.46906e-25 2.51818e-16 1.05961e-24 2.65583e-16
14.3051 2.83753e-16 2.83753e-16 4.31791e-25 1.52171e-09 3.62194e-07 1.81747e-38 9.89014e-18 5.45733e-35 1.98144e-17 6.72242e-32 3.97527e-17 2.94404e-30 5.97999e-17 3.67118e-29 7.99477e-17 2.38942e-28 1.0019e-16 1.03914e-27 1.20523e-16 3.4949e-27 1.40943e-16 9.84244e-27 1.61447e-16 2.36673e-26 1.82033e-16 5.15626e-26 2.02698e-16 1.02652e-25 2.23441e-16 1.92e-25 2.44259e-16 3.35532e-25 2.65152e-16 5.61255e-25 2.86117e-16 9.01034e-25 3.07154e-16 1.39158e-24 3.28261e-16 2.09102e-24 3.49437e-16 3.06116e-24 3.70681e-16 4.37156e-24 3.91993e-16 6.09678e-24 4.1337e-16
15.0394 2.97598e-16 2.97598e-16 3.48458e-25 1.1709e-09 3.06253e-07 5.11709e-37 1.57982e-17 1.03932e-33 3.16477e-17 9.04485e-31 6.34818e-17 3.29367e-29 9.54796e-17 3.63109e-28 1.27629e-16 2.15678e-27 1.59919e-16 8.7301e-27 1.92346e-16 2.76733e-26 2.24903e-16 7.40926e-26 2.57586e-16 1.70693e-25 2.90391e-16 3.58007e-25 3.23315e-16 6.89165e-25 3.56356e-16 1.25021e-24 3.89509e-16 2.12607e-24 4.22773e-16 3.46813e-24 4.56146e-16 5.44049e-24 4.89626e-16 8.226e-24 5.23211e-16 1.21172e-23 5.56899e-16 1.74121e-23 5.90688e-16 2.44369e-23 6.24579e-16 3.35318e-23 6.58567e-16
15.8114 3.27008e-16 3.27008e-16 3.0382e-25 9.29092e-10 2.63024e-07 1.26984e-35 2.57032e-17 1.77819e-32 5.14853e-17 1.112e-29 1.03257e-16 3.39747e-28 1.55279e-16 3.33135e-27 2.07532e-16 1.81389e-26 2.60002e-16 6.85769e-26 3.1268e-16 2.05474e-25 3.65559e-16 5.2431e-25 4.18628e-16 1.15967e-24 4.71885e-16 2.34587e-24 5.25323e-16 4.37369e-24 5.78938e-16 7.70686e-24 6.32726e-16 1.27707e-23 6.86683e-16 2.03402e-23 7.40806e-16 3.12142e-23 7.95091e-16 4.62526e-23 8.49537e-16 6.68557e-23 9.0414e-16 9.4384e-23 9.58898e-16 1.30289e-22 1.01381e-15 1.76039e-22 1.06887e-15
16.623 3.597e-16 3.597e-16 2.87948e-25 8.00522e-10 2.27244e-07 2.67624e-34 4.07537e-17 2.63113e-31 8.16255e-17 1.20158e-28 1.63679e-16 3.10667e-27 2.46107e-16 2.72492e-26 3.28881e-16 1.36587e-25 4.11978e-16 4.83924e-25 4.95386e-16 1.37432e-24 5.79092e-16 3.35009e-24 6.63084e-16 7.12803e-24 7.47354e-16 1.39316e-23 8.31894e-16 2.51963e-23 9.16699e-16 4.31871e-23 1.00176e-15 6.98202e-23 1.08707e-15 1.08706e-22 1.17263e-15 1.63369e-22 1.25843e-15 2.37473e-22 1.34448e-15 3.37136e-22 1.43075e-15 4.68008e-22 1.51725e-15 6.35953e-22 1.60398e-15 8.46732e-22 1.69094e-15
17.4762 3.79006e-16 3.79006e-16 2.8241e-25 7.45133e-10 1.98675e-07 4.62066e-33 6.03384e-17 3.24497e-30 1.20842e-16 1.09892e-27 2.42283e-16 2.42406e-26 3.64247e-16 1.91231e-25 4.86694e-16 8.86004e-25 6.09593e-16 2.95108e-24 7.32925e-16 7.9645e-24 8.56673e-16 1.8588e-23 9.80819e-16 3.81186e-23 1.10535e-15 7.21038e-23 1.23026e-15 1.26686e-22 1.35554e-15 2.11505e-22 1.48118e-15 3.34013e-22 1.60716e-15 5.08919e-22 1.73349e-15 7.49766e-22 1.86016e-15 1.07014e-21 1.98716e-15 1.49348e-21 2.11448e-15 2.0403e-21 2.24212e-15 2.73126e-21 2.37008e-15 3.58603e-21 2.49835e-15
18.3733 3.77667e-16 3.77667e-16 2.71758e-25 7.1957e-10 1.76634e-07 6.50197e-32 8.24637e-17 3.31568e-29 1.65141e-16 8.44919e-27 3.31056e-16 1.60249e-25 4.97648e-16 1.14291e-24 6.64863e-16 4.91336e-24 8.32661e-16 1.54316e-23 1.00102e-15 3.96768e-23 1.16991e-15 8.88464e-23 1.33932e-15 1.7592e-22 1.50922e-15 3.22568e-22 1.67961e-15 5.51369e-22 1.85047e-15 8.97771e-22 2.0218e-15 1.3865e-21 2.19357e-15 2.06954e-21 2.36579e-15 2.99182e-21 2.53844e-15 4.19668e-21 2.71152e-15 5.76233e-21 2.88501e-15 7.75311e-21 3.05892e-15 1.0232e-20 3.23323e-15 1.32568e-20 3.40794e-15
19.3164 3.55828e-16 3.55828e-16 2.50148e-25 7.03002e-10 1.62717e-07 7.50929e-31 1.0414e-16 2.82445e-28 2.08536e-16 5.49154e-26 4.17998e-16 9.02146e-25 6.28269e-16 5.84571e-24 8.39285e-16 2.34035e-23 1.051e-15 6.95097e-23 1.26337e-15 1.70666e-22 1.47639e-15 3.67415e-22 1.69002e-15 7.03635e-22 1.90425e-15 1.25256e-21 2.11905e-15 2.0857e-21 2.33442e-15 3.31618e-21 2.55034e-15 5.0139e-21 2.76679e-15 7.33902e-21 2.98377e-15 1.04204e-20 3.20127e-15 1.43774e-20 3.41927e-15 1.94379e-20 3.63778e-15 2.57771e-20 3.85677e-15 3.35612e-20 4.07624e-15 4.29361e-20 4.29619e-15
20.3079 3.24399e-16 3.24399e-16 2.17858e-25 6.71576e-10 1.54283e-07 7.3352e-30 1.24514e-16 2.06542e-27 2.49318e-16 3.10472e-25 4.99686e-16 4.44893e-24 7.50972e-16 2.63144e-23 1.0031e-15 9.84515e-23 1.25602e-15 2.77271e-22 1.50969e-15 6.51569e-22 1.76409e-15 1.35117e-21 2.01918e-15 2.50683e-21 2.27494e-15 4.33857e-21 2.53136e-15 7.04674e-21 2.78841e-15 1.09532e-20 3.04609e-15 1.62298e-20 3.30437e-15 2.33183e-20 3.56325e-15 3.2547e-20 3.82271e-15 4.42059e-20 4.08274e-15 5.88918e-20 4.34334e-15 7.70292e-20 4.60448e-15 9.90063e-20 4.86617e-15 1.25148e-19 5.1284e-15
21.3503 2.98767e-16 2.98767e-16 1.87841e-25 6.2872e-10 1.4612e-07 6.36864e-29 1.4732e-16 1.36158e-26 2.94967e-16 1.60239e-24 5.91115e-16 2.01627e-23 8.88295e-16 1.09344e-22 1.18642e-15 3.83573e-22 1.48544e-15 1.02701e-21 1.7853e-15 2.31481e-21 2.08597e-15 4.63234e-21 2.38742e-15 8.33889e-21 2.68963e-15 1.40508e-20 2.99257e-15 2.22873e-20 3.29623e-15 3.39046e-20 3.60058e-15 4.92824e-20 3.90561e-15 6.95652e-20 4.21131e-15 9.55289e-20 4.51766e-15 1.27824e-19 4.82466e-15 1.67921e-19 5.13228e-15 2.16776e-19 5.44052e-15 2.75231e-19 5.74937e-15 3.43947e-19 6.05882e-15
22.4463 2.722e-16 2.722e-16 1.6222e-25 5.95957e-10 1.38519e-07 4.84289e-28 1.6909e-16 7.96787e-26 3.38538e-16 7.42958e-24 6.78369e-16 8.26132e-23 1.01933e-15 4.12523e-22 1.36132e-15 1.3611e-21 1.70429e-15 3.47322e-21 2.04817e-15 7.52385e-21 2.39295e-15 1.45551e-20 2.73857e-15 2.546e-20 3.08502e-15 4.18203e-20 3.43227e-15 6.48577e-20 3.7803e-15 9.66645e-20 4.12909e-15 1.37965e-19 4.47861e-15 1.91497e-19 4.82887e-15 2.58928e-19 5.17983e-15 3.41571e-19 5.5315e-15 4.4278e-19 5.88385e-15 5.64522e-19 6.23687e-15 7.08441e-19 6.59056e-15 8.75734e-19 6.94489e-15
23.5984 2.42182e-16 2.42182e-16 1.37107e-25 5.66131e-10 1.31029e-07 3.20302e-27 1.86054e-16 4.10764e-25 3.72485e-16 3.06937e-23 7.46331e-16 3.03431e-22 1.12136e-15 1.40075e-21 1.49748e-15 4.36002e-21 1.87462e-15 1.06284e-20 2.25272e-15 2.2171e-20 2.63176e-15 4.15307e-20 3.01169e-15 7.06896e-20 3.39249e-15 1.13334e-19 3.77412e-15 1.72041e-19 4.15657e-15 2.51464e-19 4.53981e-15 3.52724e-19 4.92384e-15 4.81808e-19 5.30862e-15 6.4194e-19 5.69414e-15 8.35455e-19 6.0804e-15 1.06937e-18 6.46738e-15 1.34732e-18 6.85506e-15 1.67216e-18 7.24344e-15 2.04574e-18 7.63249e-15
24.8097 2.15006e-16 2.15006e-16 1.14107e-25 5.30713e-10 1.22663e-07 1.89334e-26 2.00738e-16 1.91574e-24 4.01866e-16 1.15964e-22 8.05139e-16 1.02508e-21 1.20964e-15 4.39159e-21 1.61526e-15 1.29322e-20 2.02194e-15 3.01828e-20 2.42961e-15 6.07416e-20 2.83825e-15 1.10347e-19 3.24781e-15 1.83008e-19 3.65826e-15 2.86725e-19 4.06957e-15 4.26468e-19 4.48173e-15 6.11902e-19 4.8947e-15 8.44241e-19 5.30848e-15 1.13578e-18 5.72304e-15 1.49221e-18 6.13837e-15 1.91721e-18 6.55445e-15 2.42461e-18 6.97127e-15 3.02053e-18 7.38881e-15 3.70947e-18 7.80707e-15 4.49375e-18 8.22603e-15
26.0832 1.91419e-16 1.91419e-16 9.44959e-26 4.93659e-10 1.16938e-07 1.01068e-25 2.1364e-16 8.16257e-24 4.27681e-16 4.044e-22 8.56804e-16 3.21391e-21 1.28718e-15 1.28248e-20 1.71871e-15 3.58261e-20 2.15131e-15 8.02258e-20 2.58494e-15 1.56031e-19 3.01955e-15 2.75314e-19 3.4551e-15 4.45461e-19 3.89155e-15 6.82787e-19 4.32889e-15 9.96063e-19 4.7671e-15 1.40419e-18 5.20613e-15 1.90716e-18 5.64598e-15 2.52885e-18 6.08664e-15 3.27848e-18 6.52807e-15 4.16102e-18 6.97027e-15 5.20226e-18 7.41323e-15 6.41172e-18 7.85692e-15 7.79553e-18 8.30134e-15 9.3557e-18 8.74648e-15
27.4221 1.70669e-16 1.70669e-16 7.81044e-26 4.57636e-10 1.1025e-07 4.8905e-25 2.24194e-16 3.18748e-23 4.48794e-16 1.30519e-21 8.9905e-16 9.37443e-21 1.35058e-15 3.49637e-20 1.80327e-15 9.28933e-20 2.25705e-15 1.99989e-19 2.71187e-15 3.76528e-19 3.16768e-15 6.4621e-19 3.62444e-15 1.02129e-18 4.08211e-15 1.5331e-18 4.54069e-15 2.19566e-18 5.00013e-15 3.04386e-18 5.46041e-15 4.0728e-18 5.92151e-15 5.32655e-18 6.38343e-15 6.81852e-18 6.84613e-15 8.55388e-18 7.3096e-15 1.05784e-17 7.77384e-15 1.29054e-17 8.23881e-15 1.55417e-17 8.70452e-15 1.84867e-17 9.17096e-15
28.8297 1.52191e-16 1.52191e-16 6.43588e-26 4.22882e-10 1.03886e-07 2.1527e-24 2.31886e-16 1.14421e-22 4.6418e-16 3.90857e-21 9.29829e-16 2.54965e-20 1.39675e-15 8.91748e-20 1.86485e-15 2.25886e-19 2.33403e-15 4.68437e-19 2.80425e-15 8.5512e-19 3.27546e-15 1.42939e-18 3.74762e-15 2.20914e-18 4.2207e-15 3.25109e-18 4.69468e-15 4.57517e-18 5.16952e-15 6.24224e-18 5.6452e-15 8.23443e-18 6.12171e-15 1.06291e-17 6.59902e-15 1.34433e-17 7.07711e-15 1.6679e-17 7.55598e-15 2.04137e-17 8.03561e-15 2.46636e-17 8.51597e-15 2.94335e-17 8.99707e-15 3.47156e-17 9.47888e-15
30.3095 1.35839e-16 1.35839e-16 5.29528e-26 3.89822e-10 9.69217e-08 8.66667e-24 2.36786e-16 3.79427e-22 4.7398e-16 1.09086e-20 9.49422e-16 6.49331e-20 1.42613e-15 2.13638e-19 1.90401e-15 5.17153e-19 2.38296e-15 1.03494e-18 2.86294e-15 1.83455e-18 3.34391e-15 2.9906e-18 3.82583e-15 4.5248e-18 4.30865e-15 6.53451e-18 4.79235e-15 9.04371e-18 5.27692e-15 1.21532e-17 5.76231e-15 1.58165e-17 6.24852e-15 2.01633e-17 6.73553e-15 2.5211e-17 7.22331e-15 3.09515e-17 7.71186e-15 3.75102e-17 8.20115e-15 4.49028e-17 8.69118e-15 5.31264e-17 9.18192e-15 6.21575e-17 9.67337e-15
31.8653 1.21253e-16 1.21253e-16 4.34956e-26 3.58719e-10 9.1176e-08 3.20263e-23 2.38708e-16 1.16587e-21 4.77819e-16 2.84493e-20 9.57083e-16 1.55219e-19 1.4376e-15 4.81843e-19 1.91926e-15 1.11712e-18 2.40199e-15 2.16115e-18 2.88573e-15 3.72531e-18 3.37044e-15 5.92965e-18 3.85607e-15 8.79204e-18 4.3426e-15 1.24713e-17 4.82999e-15 1.69884e-17 5.31823e-15 2.25026e-17 5.80729e-15 2.89112e-17 6.29714e-15 3.64223e-17 6.78777e-15 4.50462e-17 7.27916e-15 5.4752e-17 7.7713e-15 6.57343e-17 8.26417e-15 7.80014e-17 8.75775e-15 9.15321e-17 9.25204e-15 1.06274e-16 9.74702e-15
33.5009 1.08292e-16 1.08292e-16 3.57016e-26 3.29679e-10 8.59482e-08 1.09135e-22 2.37882e-16 3.33339e-21 4.7616e-16 6.95938e-20 9.53739e-16 3.49516e-19 1.43254e-15 1.02661e-18 1.91247e-15 2.2844e-18 2.39344e-15 4.27923e-18 2.87539e-15 7.18283e-18 3.3583e-15 1.11765e-17 3.84211e-15 1.62561e-17 4.32678e-15 2.26686e-17 4.8123e-15 3.04167e-17 5.29865e-15 3.97403e-17 5.78578e-15 5.04372e-17 6.27369e-15 6.28283e-17 6.76236e-15 7.69024e-17 7.25176e-15 9.25858e-17 7.74189e-15 1.10169e-16 8.23273e-15 1.29641e-16 8.72426e-15 1.50946e-16 9.21647e-15 1.73984e-16 9.70936e-15
35.2205 9.67452e-17 9.67452e-17 2.9276e-26 3.0261e-10 8.02938e-08 3.44234e-22 2.3446e-16 8.89765e-21 4.69306e-16 1.6015e-19 9.39997e-16 7.43366e-19 1.41188e-15 2.07156e-18 1.88486e-15 4.43304e-18 2.35884e-15 8.05351e-18 2.83379e-15 1.31806e-17 3.30965e-15 2.00711e-17 3.78639e-15 2.86639e-17 4.26396e-15 3.93272e-17 4.74236e-15 5.20172e-17 5.22154e-15 6.70804e-17 5.70149e-15 8.41514e-17 6.18219e-15 1.03707e-16 6.66362e-15 1.25692e-16 7.14575e-15 1.4996e-16 7.62859e-15 1.76931e-16 8.1121e-15 2.06555e-16 8.59628e-15 2.3872e-16 9.08112e-15 2.73253e-16 9.5666e-15
37.0284 8.65153e-17 8.65153e-17 2.39903e-26 2.77295e-10 7.42462e-08 1.00952e-21 2.28881e-16 2.22627e-20 4.58137e-16 3.47971e-19 9.17617e-16 1.49854e-18 1.37825e-15 3.9722e-18 1.83994e-15 8.19039e-18 2.30261e-15 1.4452e-17 2.7662e-15 2.30904e-17 3.23067e-15 3.4447e-17 3.69599e-15 4.83459e-17 4.1621e-15 6.53147e-17 4.62901e-15 8.52188e-17 5.09667e-15 1.0854e-16 5.56507e-15 1.34664e-16 6.03418e-15 1.64273e-16 6.50399e-15 1.97237e-16 6.97447e-15 2.33299e-16 7.44562e-15 2.73046e-16 7.91742e-15 3.16362e-16 8.38985e-15 3.63052e-16 8.86291e-15 4.12838e-16 9.33658e-15
38.9291 7.73796e-17 7.73796e-17 1.96464e-26 2.53897e-10 7.10167e-08 2.76031e-21 2.21272e-16 5.23391e-20 4.42907e-16 7.15315e-19 8.87112e-16 2.86855e-18 1.33243e-15 7.25029e-18 1.77876e-15 1.44306e-17 2.22602e-15 2.47667e-17 2.67417e-15 3.86754e-17 3.12316e-15 5.65812e-17 3.57295e-15 7.81077e-17 4.02351e-15 1.03984e-16 4.47482e-15 1.33921e-16 4.92685e-15 1.68569e-16 5.37957e-15 2.06949e-16 5.83297e-15 2.50014e-16 6.28704e-15 2.97515e-16 6.74174e-15 3.49039e-16 7.19707e-15 4.05378e-16 7.65302e-15 4.66322e-16 8.10956e-15 5.31559e-16 8.56669e-15 6.00672e-16 9.0244e-15
40.9273 6.92428e-17 6.92428e-17 1.60883e-26 2.32346e-10 6.53541e-08 7.06339e-21 2.12057e-16 1.16009e-19 4.24464e-16 1.39545e-18 8.50172e-16 5.22914e-18 1.27694e-15 1.26317e-17 1.70468e-15 2.43106e-17 2.13331e-15 4.06374e-17 2.56278e-15 6.20929e-17 2.99304e-15 8.91686e-17 3.42407e-15 1.21171e-16 3.85582e-15 1.59075e-16 4.28828e-15 2.02358e-16 4.72142e-15 2.51866e-16 5.15521e-15 3.06129e-16 5.58964e-15 3.66436e-16 6.02469e-15 4.32368e-16 6.46034e-15 5.03307e-16 6.89658e-15 5.80291e-16 7.3334e-15 6.62983e-16 7.77077e-15 7.50917e-16 8.20869e-15 8.43501e-16 8.64716e-15
43.0281 6.19931e-17 6.19931e-17 1.31651e-26 2.12364e-10 6.16262e-08 1.69708e-20 2.01588e-16 2.43128e-19 4.0351e-16 2.59011e-18 8.08207e-16 9.09963e-18 1.21392e-15 2.10549e-17 1.62054e-15 3.92469e-17 2.028e-15 6.39796e-17 2.43626e-15 9.57565e-17 2.84527e-15 1.35103e-16 3.25499e-15 1.80862e-16 3.66539e-15 2.34305e-16 4.07645e-15 2.94576e-16 4.48815e-15 3.62747e-16 4.90046e-15 4.3672e-16 5.31336e-15 5.18184e-16 5.72684e-15 6.065e-16 6.14087e-15 7.00791e-16 6.55546e-15 8.02387e-16 6.97057e-15 9.10785e-16 7.38621e-15 1.02533e-15 7.80235e-15 1.14523e-15 8.21898e-15
45.2368 5.55387e-17 5.55387e-17 1.0772e-26 1.93955e-10 5.50803e-08 3.84094e-20 1.90228e-16 4.83196e-19 3.80775e-16 4.58606e-18 7.62676e-16 1.51531e-17 1.14553e-15 3.36546e-17 1.52925e-15 6.08543e-17 1.91375e-15 9.68646e-17 2.299e-15 1.42148e-16 2.68494e-15 1.97215e-16 3.07155e-15 2.60277e-16 3.4588e-15 3.32951e-16 3.84665e-15 4.13945e-16 4.2351e-15 5.04587e-16 4.6241e-15 6.02005e-16 5.01365e-15 7.0836e-16 5.40374e-15 8.22744e-16 5.79434e-15 9.43969e-16 6.18544e-15 1.0737e-15 6.57702e-15 1.21123e-15 6.96908e-15 1.3557e-15 7.3616e-15 1.50608e-15 7.75458e-15
47.5588 4.98077e-17 4.98077e-17 8.81262e-27 1.76933e-10 5.34828e-08 8.21606e-20 1.78354e-16 9.13394e-19 3.57009e-16 7.76708e-18 7.15081e-16 2.4209e-17 1.07405e-15 5.1713e-17 1.43381e-15 9.08421e-17 1.79432e-15 1.41353e-16 2.1555e-15 2.03586e-16 2.51734e-15 2.77973e-16 2.87979e-15 3.61924e-16 3.24282e-15 4.57447e-16 3.60642e-15 5.62711e-16 3.97055e-15 6.7933e-16 4.33519e-15 8.03529e-16 4.70034e-15 9.38007e-16 5.06597e-15 1.08154e-15 5.43206e-15 1.2326e-15 5.7986e-15 1.39321e-15 6.16559e-15 1.56245e-15 6.533e-15 1.73921e-15 6.90083e-15 1.92223e-15 7.26907e-15
50 4.46507e-17 4.46507e-17 7.20728e-27 1.61415e-10 5.01441e-08 1.66334e-19 1.65992e-16 1.64401e-18 3.32267e-16 1.25927e-17 6.65526e-16 3.71307e-17 9.99616e-16 7.64296e-17 1.33445e-15 1.30618e-16 1.66995e-15 1.98905e-16 2.00609e-15 2.81419e-16 2.34282e-15 3.78446e-16 2.6801e-15 4.86433e-16 3.01792e-15 6.07826e-16 3.35624e-15 7.40173e-16 3.69505e-15 8.85391e-16 4.03432e-15 1.03871e-15 4.37404e-15 1.20343e-15 4.71419e-15 1.37796e-15 5.05476e-15 1.56043e-15 5.39573e-15 1.75324e-15 5.73709e-15 1.95524e-15 6.07883e-15 2.16509e-15 6.42094e-15 2.38126e-15 6.76341e-15
52.5665 4.00585e-17 4.00585e-17 5.89451e-27 1.47147e-10 4.47889e-08 3.19929e-19 1.53599e-16 2.8275e-18 3.0746e-16 1.96085e-17 6.1584e-16 5.48441e-17 9.24983e-16 1.08981e-16 1.2348e-15 1.81438e-16 1.54524e-15 2.70679e-16 1.85625e-15 3.76534e-16 2.16779e-15 4.99085e-16 2.47983e-15 6.3368e-16 2.79235e-15 7.83254e-16 3.10532e-15 9.44669e-16 3.41872e-15 1.12017e-15 3.73253e-15 1.30394e-15 4.04673e-15 1.49989e-15 4.36132e-15 1.70611e-15 4.67627e-15 1.92034e-15 4.99158e-15 2.14538e-15 5.30722e-15 2.37986e-15 5.6232e-15 2.6222e-15 5.93949e-15 2.87065e-15 6.2561e-15
55.2648 3.59653e-17 3.59653e-17 4.82007e-27 1.3402e-10 4.31663e-08 5.86097e-19 1.41367e-16 4.65708e-18 2.82977e-16 2.93827e-17 5.66798e-16 7.81572e-17 8.51314e-16 1.50186e-16 1.13644e-15 2.43893e-16 1.42212e-15 3.56815e-16 1.70832e-15 4.88421e-16 1.99498e-15 6.38544e-16 2.28209e-15 8.01353e-16 2.56962e-15 9.8031e-16 2.85755e-15 1.17157e-15 3.14585e-15 1.37771e-15 3.43451e-15 1.59189e-15 3.72351e-15 1.81864e-15 4.01284e-15 2.05571e-15 4.30248e-15 2.30052e-15 4.59242e-15 2.55625e-15 4.88266e-15 2.82132e-15 5.17318e-15 3.09393e-15 5.46396e-15 3.37214e-15 5.75501e-15
58.1015 3.22913e-17 3.22913e-17 3.94183e-27 1.22071e-10 3.9822e-08 1.0244e-18 1.29367e-16 7.35641e-18 2.58956e-16 4.24216e-17 5.18678e-16 1.07577e-16 7.79025e-16 2.00231e-16 1.03992e-15 3.17556e-16 1.3013e-15 4.56034e-16 1.56313e-15 6.1474e-16 1.82538e-15 7.93241e-16 2.08801e-15 9.84517e-16 2.351e-15 1.19259e-15 2.61433e-15 1.41291e-15 2.87798e-15 1.64843e-15 3.14193e-15 1.8913e-15 3.40618e-15 2.14671e-15 3.6707e-15 2.41207e-15 3.93548e-15 2.68453e-15 4.20051e-15 2.96765e-15 4.46579e-15 3.25964e-15 4.73129e-15 3.55855e-15 4.99701e-15 3.86228e-15 5.26295e-15
61.0839 2.9019e-17 2.9019e-17 3.22329e-27 1.11075e-10 3.91996e-08 1.71369e-18 1.17852e-16 1.1177e-17 2.35904e-16 5.91692e-17 4.72496e-16 1.43383e-16 7.09642e-16 2.58903e-16 9.47265e-16 4.01465e-16 1.18531e-15 5.66436e-16 1.42375e-15 7.52513e-16 1.66254e-15 9.5901e-16 1.90166e-15 1.17777e-15 2.14108e-15 1.4134e-15 2.38078e-15 1.66072e-15 2.62075e-15 1.92302e-15 2.86097e-15 2.1916e-15 3.10143e-15 2.47222e-15 3.34211e-15 2.76207e-15 3.583e-15 3.05805e-15 3.82409e-15 3.36407e-15 4.06538e-15 3.67818e-15 4.30684e-15 3.99831e-15 4.54848e-15 4.32227e-15 4.79028e-15
64.2193 2.6084e-17 2.6084e-17 2.63562e-27 1.01043e-10 3.44949e-08 2.74795e-18 1.06835e-16 1.63546e-17 2.1385e-16 7.98128e-17 4.28309e-16 1.85228e-16 6.43249e-16 3.2495e-16 8.586e-16 4.93205e-16 1.07431e-15 6.84277e-16 1.29035e-15 8.96548e-16 1.50668e-15 1.12913e-15 1.72328e-15 1.37286e-15 1.94013e-15 1.63291e-15 2.15721e-15 1.90361e-15 2.3745e-15 2.18855e-15 2.59199e-15 2.47835e-15 2.80966e-15 2.77931e-15 3.02751e-15 3.08842e-15 3.24551e-15 3.40243e-15 3.46367e-15 3.72553e-15 3.68197e-15 4.0557e-15 3.90041e-15 4.39078e-15 4.11897e-15 4.72854e-15 4.33765e-15
67.5157 2.34631e-17 2.34631e-17 2.15495e-27 9.18441e-11 2.80786e-08 4.2347e-18 9.64495e-17 2.31011e-17 1.93057e-16 1.04341e-16 3.86643e-16 2.32402e-16 5.8064e-16 3.96673e-16 7.74982e-16 5.89925e-16 9.69622e-16 8.05492e-16 1.16453e-15 1.04154e-15 1.35967e-15 1.29705e-15 1.55502e-15 1.56206e-15 1.75057e-15 1.84229e-15 1.94629e-15 2.13168e-15 2.14218e-15 2.43414e-15 2.33821e-15 2.7398e-15 2.53437e-15 3.05538e-15 2.73066e-15 3.37777e-15 2.92706e-15 3.70368e-15 3.12357e-15 4.03749e-15 3.32018e-15 4.37714e-15 3.51687e-15 4.72048e-15 3.71364e-15 5.06527e-15 3.91049e-15
70.9813 2.1111e-17 2.1111e-17 1.76226e-27 8.34761e-11 2.51233e-08 6.28098e-18 8.66925e-17 3.15402e-17 1.73521e-16 1.32348e-16 3.47495e-16 2.8348e-16 5.21809e-16 4.71391e-16 6.96404e-16 6.87596e-16 8.71237e-16 9.24689e-16 1.04628e-15 1.18077e-15 1.22149e-15 1.45477e-15 1.39687e-15 1.73619e-15 1.57239e-15 2.03125e-15 1.74803e-15 2.33366e-15 1.92379e-15 2.64759e-15 2.09964e-15 2.96292e-15 2.27558e-15 3.28668e-15 2.45159e-15 3.61576e-15 2.62768e-15 3.94687e-15 2.80383e-15 4.28454e-15 2.98002e-15 4.62673e-15 3.15627e-15 4.97133e-15 3.33255e-15 5.31615e-15 3.50887e-15
74.6248 1.90081e-17 1.90081e-17 1.44102e-27 7.58107e-11 2.90875e-08 8.98739e-18 7.76324e-17 4.17112e-17 1.55381e-16 1.63192e-16 3.11138e-16 3.36787e-16 4.67169e-16 5.46305e-16 6.23419e-16 7.82323e-16 7.79847e-16 1.03698e-15 9.36427e-16 1.30846e-15 1.09313e-15 1.59578e-15 1.24995e-15 1.88812e-15 1.40685e-15 2.19215e-15 1.56383e-15 2.50154e-15 1.72087e-15 2.82065e-15 1.87797e-15 3.13933e-15 2.03511e-15 3.46482e-15 2.19229e-15 3.79406e-15 2.34949e-15 4.12386e-15 2.50671e-15 4.45882e-15 2.66394e-15 4.79695e-15 2.82119e-15 5.13624e-15 2.97843e-15 5.47461e-15 3.13566e-15
78.4553 1.71262e-17 1.71262e-17 1.17846e-27 6.88103e-11 2.45112e-08 1.2428e-17 6.92702e-17 5.35149e-17 1.38636e-16 1.95884e-16 2.77576e-16 3.9021e-16 4.16727e-16 6.18196e-16 5.56037e-16 8.699e-16 6.95471e-16 1.13733e-15 8.35003e-16 1.41889e-15 9.74612e-16 1.71379e-15 1.11428e-15 2.0112e-15 1.25399e-15 2.31813e-15 1.39374e-15 2.62834e-15 1.5335e-15 2.94635e-15 1.67328e-15 3.26218e-15 1.81305e-15 3.58317e-15 1.95283e-15 3.90636e-15 2.09259e-15 4.22874e-15 2.23233e-15 4.55489e-15 2.37205e-15 4.88293e-15 2.51174e-15 5.21095e-15 2.6514e-15 5.53705e-15 2.79101e-15
82.4824 1.54336e-17 1.54336e-17 9.63854e-28 6.24518e-11 2.99484e-08 1.66289e-17 6.15677e-17 6.66778e-17 1.23212e-16 2.29085e-16 2.4666e-16 4.41256e-16 3.70257e-16 6.83551e-16 4.93959e-16 9.45975e-16 6.17734e-16 1.22073e-15 7.41558e-16 1.50662e-15 8.65412e-16 1.80309e-15 9.8928e-16 2.09957e-15 1.11315e-15 2.40331e-15 1.23701e-15 2.70831e-15 1.36085e-15 3.01918e-15 1.48467e-15 3.32631e-15 1.60845e-15 3.63697e-15 1.73219e-15 3.94841e-15 1.85589e-15 4.25783e-15 1.97953e-15 4.56971e-15 2.10311e-15 4.8823e-15 2.22664e-15 5.19387e-15 2.3501e-15 5.50267e-15 2.47349e-15
86.7162 1.39156e-17 1.39156e-17 7.88367e-28 5.66536e-11 1.61039e-08 2.15708e-17 5.45343e-17 8.08242e-17 1.09127e-16 2.61454e-16 2.18426e-16 4.87755e-16 3.27818e-16 7.39626e-16 4.37264e-16 1.0075e-15 5.46736e-16 1.28407e-15 6.56211e-16 1.56864e-15 7.65675e-16 1.86097e-15 8.75114e-16 2.15098e-15 9.84516e-16 2.44604e-15 1.09387e-15 2.7405e-15 1.20317e-15 3.03899e-15 1.31242e-15 3.33241e-15 1.42159e-15 3.62789e-15 1.53069e-15 3.92289e-15 1.63972e-15 4.21486e-15 1.74866e-15 4.50811e-15 1.85752e-15 4.80108e-15 1.96628e-15 5.09219e-15 2.07496e-15 5.37988e-15 2.18354e-15
91.1674 1.25547e-17 1.25547e-17 6.44829e-28 5.13615e-11 2.56546e-08 2.71721e-17 4.81495e-17 9.54539e-17 9.63413e-17 2.91587e-16 1.92794e-16 5.27677e-16 2.8929e-16 7.84092e-16 3.85793e-16 1.05211e-15 4.82278e-16 1.32519e-15 5.78728e-16 1.60319e-15 6.75128e-16 1.88623e-15 7.71467e-16 2.16489e-15 8.67735e-16 2.44654e-15 9.63926e-16 2.72599e-15 1.06003e-15 3.00777e-15 1.15605e-15 3.28349e-15 1.25196e-15 3.55995e-15 1.34779e-15 3.83488e-15 1.4435e-15 4.10602e-15 1.53911e-15 4.37744e-15 1.63461e-15 4.64775e-15 1.73e-15 4.91556e-15 1.82527e-15 5.17952e-15 1.92043e-15
95.847 1.13334e-17 1.13334e-17 5.2745e-28 4.65396e-11 1.79034e-08 3.32846e-17 4.23785e-17 1.09971e-16 8.47841e-17 3.18124e-16 1.69625e-16 5.59294e-16 2.54464e-16 8.15199e-16 3.39267e-16 1.07831e-15 4.24015e-16 1.34305e-15 5.08692e-16 1.60983e-15 5.93287e-16 1.87916e-15 6.77788e-16 2.14241e-15 7.6219e-16 2.40683e-15 8.46487e-16 2.66774e-15 9.30671e-16 2.92953e-15 1.01474e-15 3.18454e-15 1.09869e-15 3.43921e-15 1.18252e-15 3.69154e-15 1.26622e-15 3.93953e-15 1.34979e-15 4.18701e-15 1.43324e-15 4.43275e-15 1.51655e-15 4.67554e-15 1.59973e-15 4.91423e-15 1.68277e-15
100.767 1.02348e-17 1.02348e-17 4.3142e-28 4.21524e-11 1.31947e-08 3.96966e-17 3.7179e-17 1.23726e-16 7.43714e-17 3.39846e-16 1.48751e-16 5.81289e-16 2.23087e-16 8.31871e-16 2.97351e-16 1.08551e-15 3.71527e-16 1.33769e-15 4.456e-16 1.58938e-15 5.19563e-16 1.84144e-15 5.93407e-16 2.08613e-15 6.67126e-16 2.33046e-15 7.40715e-16 2.57028e-15 8.14171e-16 2.80979e-15 8.87491e-16 3.04212e-15 9.60672e-16 3.27325e-15 1.03371e-15 3.50146e-15 1.10661e-15 3.72502e-15 1.17936e-15 3.94745e-15 1.25197e-15 4.16771e-15 1.32443e-15 4.38476e-15 1.39674e-15 4.59762e-15 1.46891e-15
105.939 9.24716e-18 9.24716e-18 3.52986e-28 3.81724e-11 2.18703e-08 4.6161e-17 3.25189e-17 1.36112e-16 6.5039e-17 3.55903e-16 1.30043e-16 5.93061e-16 1.94967e-16 8.34069e-16 2.59788e-16 1.07442e-15 3.24492e-16 1.31069e-15 3.89069e-16 1.54437e-15 4.5351e-16 1.77661e-15 5.1781e-16 2.00062e-15 5.81965e-16 2.22304e-15 6.45972e-16 2.44028e-15 7.09827e-16 2.65627e-15 7.7353e-16 2.86495e-15 8.37079e-16 3.07182e-15 9.00472e-16 3.27538e-15 9.63708e-16 3.47421e-15 1.02679e-15 3.67146e-15 1.08971e-15 3.86628e-15 1.15248e-15 4.05779e-15 1.21508e-15 4.24517e-15 1.27753e-15
111.377 8.35875e-18 8.35875e-18 2.88762e-28 3.45461e-11 7.25839e-09 5.24017e-17 2.8359e-17 1.46576e-16 5.67085e-17 3.6574e-16 1.13344e-16 5.94517e-16 1.6987e-16 8.22405e-16 2.26265e-16 1.04649e-15 2.82519e-16 1.26442e-15 3.38625e-16 1.47811e-15 3.94575e-16 1.68896e-15 4.50368e-16 1.89108e-15 5.05999e-16 2.09072e-15 5.61467e-16 2.2848e-15 6.16771e-16 2.47695e-15 6.71909e-16 2.66191e-15 7.26882e-16 2.84463e-15 7.81689e-16 3.02387e-15 8.3633e-16 3.19844e-15 8.90805e-16 3.37117e-15 9.45115e-16 3.54134e-15 9.99261e-16 3.70824e-15 1.05324e-15 3.87118e-15 1.10706e-15
117.094 7.55935e-18 7.55935e-18 2.36238e-28 3.12511e-11 1.3201e-08 5.81432e-17 2.46611e-17 1.54682e-16 4.93033e-17 3.69176e-16 9.85018e-17 5.86127e-16 1.47564e-16 7.9817e-16 1.96474e-16 1.00391e-15 2.45223e-16 1.20197e-15 2.93807e-16 1.39461e-15 3.42221e-16 1.58338e-15 3.90463e-16 1.76331e-15 4.38532e-16 1.94013e-15 4.86428e-16 2.11127e-15 5.34149e-16 2.28004e-15 5.81697e-16 2.44192e-15 6.29072e-16 2.60133e-15 6.76274e-16 2.75724e-15 7.23304e-16 2.90868e-15 7.70164e-16 3.05815e-15 8.16854e-16 3.20506e-15 8.63376e-16 3.34883e-15 9.0973e-16 3.4889e-15 9.5592e-16
123.105 6.84063e-18 6.84063e-18 1.93306e-28 2.82586e-11 1.14578e-08 6.31377e-17 2.13893e-17 1.60152e-16 4.27517e-17 3.66415e-16 8.53714e-17 5.68874e-16 1.27833e-16 7.63221e-16 1.70126e-16 9.49423e-16 2.12243e-16 1.12696e-15 2.54181e-16 1.2983e-15 2.95938e-16 1.46514e-15 3.37515e-16 1.62329e-15 3.7891e-16 1.77797e-15 4.20124e-16 1.92707e-15 4.61159e-16 2.07356e-15 5.02014e-16 2.21359e-15 5.42693e-16 2.35107e-15 5.83196e-16 2.48516e-15 6.23524e-16 2.61507e-15 6.6368e-16 2.743e-15 7.03665e-16 2.86845e-15 7.43482e-16 2.99098e-15 7.83131e-16 3.11012e-15 8.22615e-16
129.424 6.19341e-18 6.19341e-18 1.58133e-28 2.55325e-11 5.52836e-09 6.71653e-17 1.85026e-17 1.62823e-16 3.69716e-17 3.57874e-16 7.37891e-17 5.43941e-16 1.10432e-16 7.19533e-16 1.46891e-16 8.85767e-16 1.83165e-16 1.04283e-15 2.19251e-16 1.19332e-15 2.55148e-16 1.33896e-15 2.90859e-16 1.4763e-15 3.26383e-16 1.61005e-15 3.61724e-16 1.73845e-15 3.96881e-16 1.86417e-15 4.31859e-16 1.98397e-15 4.66658e-16 2.10126e-15 5.01281e-16 2.21536e-15 5.3573e-16 2.32563e-15 5.70008e-16 2.43398e-15 6.04116e-16 2.54002e-15 6.38058e-16 2.64338e-15 6.71835e-16 2.74371e-15 7.0545e-16
136.067 5.60954e-18 5.60954e-18 1.29406e-28 2.3069e-11 1.56329e-09 7.00585e-17 1.59625e-17 1.62683e-16 3.1886e-17 3.442e-16 6.36001e-17 5.12728e-16 9.51266e-17 6.69223e-16 1.26461e-16 8.15712e-16 1.57601e-16 9.5294e-16 1.88548e-16 1.08352e-15 2.19304e-16 1.20918e-15 2.49869e-16 1.32711e-15 2.80247e-16 1.44147e-15 3.10441e-16 1.55085e-15 3.40451e-16 1.6576e-15 3.70283e-16 1.75902e-15 3.99939e-16 1.85805e-15 4.29421e-16 1.95415e-15 4.58732e-16 2.04683e-15 4.87874e-16 2.13769e-15 5.16852e-16 2.22645e-15 5.45667e-16 2.31281e-15 5.74322e-16 2.3965e-15 6.0282e-16
143.051 5.08451e-18 5.08451e-18 1.05882e-28 2.08245e-11 1.20534e-08 7.17517e-17 1.37404e-17 1.59942e-16 2.74375e-17 3.26385e-16 5.46895e-17 4.76997e-16 8.17448e-17 6.14739e-16 1.08602e-16 7.42307e-16 1.35261e-16 8.60849e-16 1.61724e-16 9.72927e-16 1.87995e-16 1.0802e-15 2.14076e-16 1.18041e-15 2.3997e-16 1.27721e-15 2.65682e-16 1.36949e-15 2.91215e-16 1.45926e-15 3.16572e-16 1.54431e-15 3.41757e-16 1.62715e-15 3.66772e-16 1.70736e-15 3.91623e-16 1.78454e-15 4.1631e-16 1.86008e-15 4.40838e-16 1.93372e-15 4.6521e-16 2.00526e-15 4.89428e-16 2.07448e-15 5.13496e-16
150.394 4.60945e-18 4.60945e-18 8.66486e-29 1.8798e-11 2.52526e-08 7.21811e-17 1.17955e-17 1.54774e-16 2.35445e-17 3.05194e-16 4.68935e-17 4.38034e-16 7.00405e-17 5.57785e-16 9.29858e-17 6.67585e-16 1.15732e-16 7.68844e-16 1.38284e-16 8.64003e-16 1.60644e-16 9.54621e-16 1.82817e-16 1.03892e-15 2.04808e-16 1.12004e-15 2.26621e-16 1.19713e-15 2.48259e-16 1.2719e-15 2.69727e-16 1.34256e-15 2.9103e-16 1.41123e-15 3.12169e-16 1.47757e-15 3.3315e-16 1.54128e-15 3.53976e-16 1.60352e-15 3.7465e-16 1.6641e-15 3.95175e-16 1.72285e-15 4.15556e-16 1.77961e-15 4.35794e-16
158.114 4.18096e-18 4.18096e-18 7.09175e-29 1.6962e-11 -1.36439e-08 7.14135e-17 1.01028e-17 1.4759e-16 2.01566e-17 2.81723e-16 4.01113e-17 3.97482e-16 5.98613e-17 5.0043e-16 7.94094e-17 5.93936e-16 9.87602e-17 6.79556e-16 1.17919e-16 7.59562e-16 1.3689e-16 8.3539e-16 1.5568e-16 9.05647e-16 1.74292e-16 9.7303e-16 1.92733e-16 1.03686e-15 2.11006e-16 1.09861e-15 2.29117e-16 1.15683e-15 2.47069e-16 1.21327e-15 2.64867e-16 1.2677e-15 2.82514e-16 1.31987e-15 3.00015e-16 1.37075e-15 3.17373e-16 1.4202e-15 3.34591e-16 1.46809e-15 3.51673e-16 1.51429e-15 3.68623e-16
166.23 3.7946e-18 3.7946e-18 5.80409e-29 1.52957e-11 6.29054e-09 6.95529e-17 8.63455e-18 1.3881e-16 1.72186e-17 2.56929e-16 3.42319e-17 3.56676e-16 5.10403e-17 4.44258e-16 6.7649e-17 5.23106e-16 8.40641e-17 5.94823e-16 1.00292e-16 6.61482e-16 1.16339e-16 7.24381e-16 1.3221e-16 7.82442e-16 1.47912e-16 8.37948e-16 1.63449e-16 8.90379e-16 1.78828e-16 9.40975e-16 1.94052e-16 9.88567e-16 2.09127e-16 1.03462e-15 2.24057e-16 1.07894e-15 2.38846e-16 1.12135e-15 2.53497e-16 1.16265e-15 2.68015e-16 1.20273e-15 2.82404e-16 1.24149e-15 2.96666e-16 1.27883e-15 3.10806e-16
174.763 3.44541e-18 3.44541e-18 4.74998e-29 1.37864e-11 8.86815e-11 6.67289e-17 7.36332e-18 1.28834e-16 1.46753e-17 2.31616e-16 2.91443e-17 3.16648e-16 4.34107e-17 3.90421e-16 5.74817e-17 4.56288e-16 7.13645e-17 5.15823e-16 8.50668e-17 5.70885e-16 9.85952e-17 6.22627e-16 1.11957e-16 6.70222e-16 1.25157e-16 7.15588e-16 1.38202e-16 7.58327e-16 1.51098e-16 7.99473e-16 1.63849e-16 8.38096e-16 1.7646e-16 8.75396e-16 1.88936e-16 9.11233e-16 2.01282e-16 9.45476e-16 2.135e-16 9.78768e-16 2.25595e-16 1.01103e-15 2.37571e-16 1.04219e-15 2.49431e-16 1.07218e-15 2.61179e-16
183.733 3.13095e-18 3.13095e-18 3.88704e-29 1.24149e-11 4.38774e-09 6.3139e-17 6.26835e-18 1.18137e-16 1.24852e-17 2.06608e-16 2.47652e-17 2.78402e-16 3.68467e-17 3.39993e-16 4.87386e-17 3.94558e-16 6.04495e-17 4.4359e-16 7.19877e-17 4.88728e-16 8.33608e-17 5.30981e-16 9.45759e-17 5.69722e-16 1.0564e-16 6.06544e-16 1.16558e-16 6.4115e-16 1.27337e-16 6.74395e-16 1.37982e-16 7.05538e-16 1.48497e-16 7.35563e-16 1.58887e-16 7.64363e-16 1.69157e-16 7.91843e-16 1.79311e-16 8.18522e-16 1.89352e-16 8.44345e-16 1.99284e-16 8.69257e-16 2.09111e-16 8.93207e-16 2.18835e-16
193.164 2.8455e-18 2.8455e-18 3.18138e-29 1.11804e-11 2.18585e-08 5.89231e-17 5.32351e-18 1.0702e-16 1.05958e-17 1.82351e-16 2.09896e-17 2.42382e-16 3.11907e-17 2.93344e-16 4.12094e-17 3.38164e-16 5.10555e-17 3.78222e-16 6.07381e-17 4.14938e-16 7.02652e-17 4.49185e-16 7.96443e-17 4.80491e-16 8.88824e-17 5.10169e-16 9.79857e-17 5.37997e-16 1.0696e-16 5.64676e-16 1.15811e-16 5.89624e-16 1.24543e-16 6.13637e-16 1.33161e-16 6.36636e-16 1.41669e-16 6.5855e-16 1.50071e-16 6.798e-16 1.58372e-16 7.00343e-16 1.66574e-16 7.2014e-16 1.74681e-16 7.39154e-16 1.82695e-16
203.079 2.58745e-18 2.58745e-18 2.60426e-29 1.0065e-11 3.48782e-08 5.42974e-17 4.51258e-18 9.5884e-17 8.97467e-18 1.59403e-16 1.77521e-17 2.09167e-16 2.63439e-17 2.50998e-16 3.47617e-17 2.87542e-16 4.30163e-17 3.20036e-16 5.11172e-17 3.497e-16 5.90728e-17 3.77277e-16 6.68911e-17 4.02415e-16 7.4579e-17 4.26189e-16 8.2143e-17 4.48434e-16 8.95887e-17 4.69721e-16 9.69216e-17 4.89593e-16 1.04147e-16 5.0869e-16 1.11268e-16 5.26957e-16 1.18291e-16 5.4434e-16 1.25218e-16 5.61177e-16 1.32053e-16 5.77436e-16 1.38801e-16 5.93088e-16 1.45463e-16 6.08108e-16 1.52043e-16
213.503 2.35466e-18 2.35466e-18 2.13122e-29 9.05111e-12 -7.36842e-09 4.94534e-17 3.81925e-18 8.50384e-17 7.58911e-18 1.38125e-16 1.4987e-17 1.79057e-16 2.22072e-17 2.13152e-16 2.92628e-17 2.42749e-16 3.6165e-17 2.68942e-16 4.29239e-17 2.92765e-16 4.95482e-17 3.14844e-16 5.60459e-17 3.34918e-16 6.24241e-17 3.5386e-16 6.86891e-17 3.71549e-16 7.48467e-17 3.88447e-16 8.09021e-17 4.04197e-16 8.68602e-17 4.19313e-16 9.27254e-17 4.33752e-16 9.85017e-17 4.47477e-16 1.04193e-16 4.60756e-16 1.09802e-16 4.73567e-16 1.15333e-16 4.85889e-16 1.20789e-16 4.97702e-16 1.26172e-16
224.463 2.14303e-18 2.14303e-18 1.74489e-29 8.14213e-12 5.96617e-09 4.45177e-17 3.22547e-18 7.46516e-17 6.40296e-18 1.18625e-16 1.26218e-17 1.52029e-16 1.86719e-17 1.79616e-16 2.45672e-17 2.03425e-16 3.03196e-17 2.24403e-16 3.59395e-17 2.43417e-16 4.14356e-17 2.60989e-16 4.6816e-17 2.76926e-16 5.20877e-17 2.91934e-16 5.7257e-17 3.05924e-16 6.23294e-17 3.19267e-16 6.73102e-17 3.31685e-16 7.22038e-17 3.43589e-16 7.70146e-17 3.54946e-16 8.17464e-17 3.65729e-16 8.64026e-17 3.76152e-16 9.09868e-17 3.86198e-16 9.55018e-17 3.95853e-16 9.99505e-17 4.05101e-16 1.04336e-16
235.984 1.95199e-18 1.95199e-18 1.42812e-29 7.31625e-12 3.94525e-08 3.96614e-17 2.72018e-18 6.4949e-17 5.39402e-18 1.01096e-16 1.06117e-17 1.28177e-16 1.56702e-17 1.50364e-16 2.05842e-17 1.69409e-16 2.53659e-17 1.86122e-16 3.00257e-17 2.01222e-16 3.45727e-17 2.15139e-16 3.90147e-17 2.27734e-16 4.33585e-17 2.39572e-16 4.76104e-17 2.50588e-16 5.17755e-17 2.61079e-16 5.5859e-17 2.70831e-16 5.98651e-17 2.80167e-16 6.37979e-17 2.89065e-16 6.76611e-17 2.97505e-16 7.14578e-17 3.05656e-16 7.51912e-17 3.13505e-16 7.88642e-17 3.21042e-16 8.24793e-17 3.28257e-16 8.6039e-17
248.097 1.77896e-18 1.77896e-18 1.16895e-29 6.57094e-12 -2.25765e-08 3.49838e-17 2.29043e-18 5.60211e-17 4.53634e-18 8.55186e-17 8.90482e-18 1.07333e-16 1.3124e-17 1.25075e-16 1.7209e-17 1.40228e-16 2.11724e-17 1.53475e-16 2.50247e-17 1.65409e-16 2.87747e-17 1.76381e-16 3.24302e-17 1.8629e-16 3.59977e-17 1.95587e-16 3.94831e-17 2.04226e-16 4.28916e-17 2.12441e-16 4.62278e-17 2.20069e-16 4.94959e-17 2.27363e-16 5.26996e-17 2.34308e-16 5.58423e-17 2.4089e-16 5.8927e-17 2.4724e-16 6.19566e-17 2.53351e-16 6.49338e-17 2.59215e-16 6.78608e-17 2.64825e-16 7.074e-17
260.832 1.62169e-18 1.62169e-18 9.56836e-30 5.90024e-12 1.77411e-08 3.05603e-17 1.92507e-18 4.79156e-17 3.80759e-18 7.18173e-17 7.45625e-18 8.92823e-17 1.09657e-17 1.0339e-16 1.43515e-17 1.15383e-16 1.76263e-17 1.25832e-16 2.08005e-17 1.35218e-16 2.38827e-17 1.43829e-16 2.68803e-17 1.51591e-16 2.97997e-17 1.58862e-16 3.26465e-17 1.65609e-16 3.54255e-17 1.72017e-16 3.81411e-17 1.7796e-16 4.0797e-17 1.83637e-16 4.33969e-17 1.89038e-16 4.59437e-17 1.94151e-16 4.84404e-17 1.99082e-16 5.08894e-17 2.03823e-16 5.32933e-17 2.08369e-16 5.5654e-17 2.12715e-16 5.79737e-17
274.221 1.47927e-18 1.47927e-18 7.83251e-30 5.29487e-12 8.14821e-08 2.64635e-17 1.61576e-18 4.06755e-17 3.19103e-18 5.9924e-17 6.23232e-18 7.38327e-17 9.14453e-18 8.49972e-17 1.19436e-17 9.44472e-17 1.46419e-17 1.02654e-16 1.72497e-17 1.10009e-16 1.97753e-17 1.16741e-16 2.22258e-17 1.228e-16 2.46072e-17 1.28466e-16 2.69249e-17 1.33718e-16 2.91832e-17 1.38699e-16 3.13862e-17 1.43315e-16 3.35375e-17 1.4772e-16 3.56402e-17 1.51907e-16 3.76972e-17 1.55868e-16 3.9711e-17 1.59685e-16 4.1684e-17 1.63353e-16 4.36183e-17 1.66868e-16 4.55158e-17 1.70226e-16 4.73784e-17
288.297 1.35003e-18 1.35003e-18 6.41227e-30 4.74974e-12 1.16565e-07 2.27255e-17 1.35416e-18 3.42824e-17 2.66997e-18 4.96938e-17 5.19953e-18 6.07153e-17 7.61011e-18 6.95108e-17 9.91766e-18 7.69262e-17 1.21345e-17 8.33475e-17 1.42704e-17 8.90882e-17 1.63334e-17 9.43336e-17 1.83302e-17 9.90461e-17 2.02664e-17 1.03448e-16 2.21469e-17 1.07522e-16 2.39758e-17 1.11383e-16 2.5757e-17 1.14957e-16 2.74935e-17 1.18365e-16 2.91883e-17 1.21602e-16 3.08439e-17 1.24662e-16 3.24627e-17 1.27609e-16 3.40467e-17 1.30439e-16 3.55978e-17 1.3315e-16 3.71177e-17 1.35738e-16 3.86081e-17
303.095 1.23268e-18 1.23268e-18 5.24928e-30 4.25842e-12 -6.10553e-08 1.93631e-17 1.13329e-18 2.87001e-17 2.23041e-18 4.09734e-17 4.32977e-18 4.96671e-17 6.32008e-18 5.65678e-17 8.21717e-18 6.23646e-17 1.0033e-17 6.73706e-17 1.17771e-17 7.18366e-17 1.34569e-17 7.59101e-17 1.50787e-17 7.95644e-17 1.66477e-17 8.29736e-17 1.81685e-17 8.61256e-17 1.96448e-17 8.91098e-17 2.108e-17 9.18695e-17 2.2477e-17 9.44992e-17 2.38383e-17 9.6995e-17 2.51664e-17 9.93533e-17 2.64632e-17 1.01623e-16 2.77305e-17 1.03801e-16 2.89701e-17 1.05886e-16 3.01835e-17 1.07876e-16 3.1372e-17
318.653 1.1259e-18 1.1259e-18 4.29733e-30 3.81678e-12 1.67732e-08 1.63746e-17 9.46978e-19 2.38719e-17 1.85997e-18 3.35966e-17 3.59821e-18 4.04244e-17 5.23706e-18 4.58173e-17 6.79211e-18 5.03324e-17 8.27491e-18 5.42219e-17 9.69439e-18 5.7685e-17 1.10576e-17 6.08386e-17 1.23704e-17 6.3664e-17 1.36376e-17 6.62968e-17 1.48632e-17 6.87285e-17 1.60507e-17 7.10288e-17 1.72032e-17 7.31543e-17 1.83231e-17 7.51783e-17 1.94128e-17 7.7098e-17 2.04744e-17 7.89109e-17 2.15097e-17 8.06544e-17 2.25202e-17 8.2327e-17 2.35074e-17 8.39275e-17 2.44727e-17 8.54546e-17 2.54172e-17
335.009 1.02933e-18 1.02933e-18 3.51863e-30 3.41837e-12 -1.22642e-08 1.37583e-17 7.90571e-19 1.97479e-17 1.54932e-18 2.7422e-17 2.98603e-18 3.27664e-17 4.33261e-18 3.69684e-17 5.60428e-18 4.04756e-17 6.81207e-18 4.34901e-17 7.96436e-18 4.61692e-17 9.06772e-18 4.86054e-17 1.01275e-17 5.07853e-17 1.1148e-17 5.28145e-17 1.2133e-17 5.4687e-17 1.30856e-17 5.64569e-17 1.40083e-17 5.80911e-17 1.49037e-17 5.96462e-17 1.57735e-17 6.11203e-17 1.66198e-17 6.25117e-17 1.74439e-17 6.38491e-17 1.82474e-17 6.51316e-17 1.90315e-17 6.63583e-17 1.97973e-17 6.75282e-17 2.05459e-17
352.205 9.41368e-19 9.41368e-19 2.88075e-30 3.06017e-12 -3.18662e-08 1.14841e-17 6.59034e-19 1.62445e-17 1.28839e-18 2.22747e-17 2.47308e-18 2.64429e-17 3.57651e-18 2.97065e-17 4.61339e-18 3.24227e-17 5.59413e-18 3.47525e-17 6.52656e-18 3.68197e-17 7.4167e-18 3.86969e-17 8.26941e-18 4.03748e-17 9.08862e-18 4.19352e-17 9.87763e-18 4.33738e-17 1.06392e-17 4.47326e-17 1.13756e-17 4.59864e-17 1.2089e-17 4.71789e-17 1.27811e-17 4.83086e-17 1.34534e-17 4.93743e-17 1.41074e-17 5.03983e-17 1.47442e-17 5.13799e-17 1.53649e-17 5.23183e-17 1.59706e-17 5.3213e-17 1.6562e-17
370.284 8.61347e-19 8.61347e-19 2.35847e-30 2.73812e-12 8.56243e-08 9.52828e-18 5.48674e-19 1.32942e-17 1.06977e-18 1.8015e-17 2.04447e-18 2.12556e-17 2.94631e-18 2.37833e-17 3.78936e-18 2.58816e-17 4.58341e-18 2.76778e-17 5.33566e-18 2.92694e-17 6.05159e-18 3.07128e-17 6.73558e-18 3.20016e-17 7.39114e-18 3.31991e-17 8.0212e-18 3.43024e-17 8.62816e-18 3.53437e-17 9.2141e-18 3.6304e-17 9.78078e-18 3.72168e-17 1.03297e-17 3.80811e-17 1.08623e-17 3.88962e-17 1.13797e-17 3.9679e-17 1.18829e-17 4.0429e-17 1.23728e-17 4.11459e-17 1.28504e-17 4.18291e-17 1.33163e-17
389.291 7.88004e-19 7.88004e-19 1.93128e-30 2.45085e-12 -7.40102e-09 7.85606e-18 4.55917e-19 1.08207e-17 8.86318e-19 1.45015e-17 1.68592e-18 1.70122e-17 2.42059e-18 1.89637e-17 3.1037e-18 2.05798e-17 3.7443e-18 2.1961e-17 4.34898e-18 2.3183e-17 4.92269e-18 2.42901e-17 5.46933e-18 2.52776e-17 5.99201e-18 2.61945e-17 6.4933e-18 2.70386e-17 6.97528e-18 2.78348e-17 7.43978e-18 2.85687e-17 7.88831e-18 2.92659e-17 8.32219e-18 2.99258e-17 8.74255e-18 3.05478e-17 9.1504e-18 3.1145e-17 9.54663e-18 3.1717e-17 9.93203e-18 3.22635e-17 1.03073e-17 3.27842e-17 1.0673e-17
409.273 7.21873e-19 7.21873e-19 1.5813e-30 2.19055e-12 1.72137e-07 6.44883e-18 3.78686e-19 8.77568e-18 7.33834e-19 1.16391e-17 1.38885e-18 1.35811e-17 1.98629e-18 1.50856e-17 2.5387e-18 1.63289e-17 3.05445e-18 1.73897e-17 3.5395e-18 1.83271e-17 3.99827e-18 1.91755e-17 4.43422e-18 1.99316e-17 4.85008e-18 2.06331e-17 5.24807e-18 2.12785e-17 5.63003e-18 2.1887e-17 5.99751e-18 2.24475e-17 6.3518e-18 2.29798e-17 6.69404e-18 2.34834e-17 7.02519e-18 2.39579e-17 7.34609e-18 2.44133e-17 7.65749e-18 2.48494e-17 7.96008e-18 2.52659e-17 8.25441e-18 2.56627e-17 8.54104e-18
430.281 6.61596e-19 6.61596e-19 1.29458e-30 1.95676e-12 -1.8331e-07 5.26762e-18 3.14136e-19 7.08743e-18 6.06639e-19 9.3088e-18 1.14197e-18 1.08073e-17 1.6265e-18 1.19648e-17 2.07198e-18 1.29195e-17 2.48601e-18 1.37328e-17 2.87395e-18 1.44508e-17 3.23973e-18 1.50999e-17 3.58639e-18 1.5678e-17 3.9163e-18 1.6214e-17 4.23139e-18 1.67068e-17 4.53322e-18 1.71712e-17 4.82312e-18 1.75988e-17 5.1022e-18 1.80047e-17 5.37141e-18 1.83886e-17 5.63157e-18 1.87502e-17 5.88339e-18 1.90971e-17 6.12749e-18 1.94292e-17 6.36444e-18 1.97463e-17 6.5947e-18 2.00483e-17 6.81874e-18
452.368 6.06406e-19 6.06406e-19 1.06003e-30 1.74805e-12 -2.4262e-07 4.28143e-18 2.6016e-19 5.69958e-18 5.00521e-19 7.41781e-18 9.36834e-19 8.57124e-18 1.32861e-18 9.45985e-18 1.68671e-18 1.01914e-17 2.01801e-18 1.08139e-17 2.32728e-18 1.13627e-17 2.61798e-18 1.18585e-17 2.89276e-18 1.22998e-17 3.15365e-18 1.27086e-17 3.40231e-18 1.30844e-17 3.64008e-18 1.34383e-17 3.86808e-18 1.3764e-17 4.08725e-18 1.40731e-17 4.29839e-18 1.43653e-17 4.50217e-18 1.46405e-17 4.6992e-18 1.49044e-17 4.88999e-18 1.5157e-17 5.07501e-18 1.53981e-17 5.25465e-18 1.56276e-17 5.42929e-18
475.588 5.56112e-19 5.56112e-19 8.67949e-31 1.56075e-12 -1.74085e-07 3.46522e-18 2.15198e-19 4.56722e-18 4.12344e-19 5.89332e-18 7.67133e-19 6.77956e-18 1.08309e-18 7.46066e-18 1.37016e-18 8.02047e-18 1.63454e-18 8.4962e-18 1.88042e-18 8.91527e-18 2.11083e-18 9.29357e-18 2.32804e-18 9.63002e-18 2.5338e-18 9.94158e-18 2.72954e-18 1.02278e-17 2.91636e-18 1.04972e-17 3.09523e-18 1.07451e-17 3.26693e-18 1.09803e-17 3.43211e-18 1.12025e-17 3.59136e-18 1.14118e-17 3.74516e-18 1.16124e-17 3.89394e-18 1.18043e-17 4.03808e-18 1.19875e-17 4.17792e-18 1.21619e-17 4.31375e-18
500 5.10397e-19 5.10397e-19 7.10644e-31 1.39233e-12 8.72733e-09 2.79438e-18 1.7784e-19 3.64875e-18 3.39278e-19 4.67046e-18 6.2718e-19 5.35051e-18 8.81397e-19 5.87197e-18 1.11099e-18 6.29992e-18 1.32145e-18 6.6632e-18 1.51647e-18 6.98295e-18 1.69865e-18 7.27137e-18 1.86996e-18 7.52774e-18 2.03188e-18 7.76503e-18 2.18561e-18 7.98291e-18 2.33209e-18 8.18794e-18 2.47211e-18 8.37652e-18 2.60634e-18 8.55535e-18 2.73531e-18 8.72432e-18 2.85951e-18 8.88334e-18 2.97933e-18 9.0358e-18 3.09513e-18 9.18163e-18 3.20722e-18 9.32079e-18 3.31587e-18 9.45323e-18 3.42133e-18
525.665 4.68463e-19 4.68463e-19 5.81914e-31 1.24218e-12 -2.74308e-07 2.24414e-18 1.46717e-19 2.90468e-18 2.78597e-19 3.69011e-18 5.11563e-19 4.21094e-18 7.15483e-19 4.6095e-18 8.98528e-19 4.93616e-18 1.06555e-18 5.21316e-18 1.21975e-18 5.45678e-18 1.36337e-18 5.67639e-18 1.49808e-18 5.87149e-18 1.62513e-18 6.05199e-18 1.74552e-18 6.21766e-18 1.86005e-18 6.37351e-18 1.96937e-18 6.5168e-18 2.07402e-18 6.65265e-18 2.17445e-18 6.78097e-18 2.27106e-18 6.90172e-18 2.36417e-18 7.01745e-18 2.45408e-18 7.12813e-18 2.54103e-18 7.23373e-18 2.62524e-18 7.33421e-18 2.70692e-18
552.648 4.30363e-19 4.30363e-19 4.76488e-31 1.10718e-12 -2.83883e-07 1.79682e-18 1.20937e-19 2.30664e-18 2.28499e-19 2.90971e-18 4.16638e-19 3.30826e-18 5.79856e-19 3.61268e-18 7.25471e-19 3.86187e-18 8.57732e-19 4.07299e-18 9.794e-19 4.25853e-18 1.09239e-18 4.42569e-18 1.1981e-18 4.57412e-18 1.29759e-18 4.71139e-18 1.3917e-18 4.83733e-18 1.48108e-18 4.95576e-18 1.56628e-18 5.06463e-18 1.64773e-18 5.16781e-18 1.72581e-18 5.26526e-18 1.80084e-18 5.35693e-18 1.87308e-18 5.44478e-18 1.94278e-18 5.52878e-18 2.01013e-18 5.6089e-18 2.07531e-18 5.68514e-18 2.13848e-18
581.015 3.95557e-19 3.95557e-19 3.9012e-31 9.86254e-13 -1.51658e-07 1.4341e-18 9.95585e-20 1.82687e-18 1.87111e-19 2.28926e-18 3.38684e-19 2.5939e-18 4.68993e-19 2.82619e-18 5.84536e-19 3.01613e-18 6.89009e-19 3.17691e-18 7.84773e-19 3.31812e-18 8.7345e-19 3.44528e-18 9.56218e-19 3.55814e-18 1.03396e-18 3.66247e-18 1.10736e-18 3.75816e-18 1.17697e-18 3.84812e-18 1.24323e-18 3.93079e-18 1.3065e-18 4.00913e-18 1.36709e-18 4.0831e-18 1.42525e-18 4.15267e-18 1.4812e-18 4.21932e-18 1.53513e-18 4.28305e-18 1.5872e-18 4.34383e-18 1.63757e-18 4.40165e-18 1.68635e-18
610.839 3.6375e-19 3.6375e-19 3.1942e-31 8.78132e-13 1.19654e-07 1.14125e-18 8.18532e-20 1.44333e-18 1.52971e-19 1.79741e-18 2.74795e-19 2.03005e-18 3.78569e-19 2.20716e-18 4.70024e-19 2.35183e-18 5.52348e-19 2.4742e-18 6.27548e-19 2.58161e-18 6.96989e-19 2.67829e-18 7.61652e-19 2.76406e-18 8.22269e-19 2.84332e-18 8.79408e-19 2.91599e-18 9.33513e-19 2.9843e-18 9.84946e-19 3.04706e-18 1.034e-18 3.10651e-18 1.08093e-18 3.16264e-18 1.12593e-18 3.21542e-18 1.16919e-18 3.26598e-18 1.21085e-18 3.31431e-18 1.25106e-18 3.36041e-18 1.28991e-18 3.40425e-18 1.32752e-18
642.193 3.34596e-19 3.34596e-19 2.61552e-31 7.81696e-13 1.02491e-07 9.05532e-19 6.71936e-20 1.13747e-18 1.24831e-19 1.40827e-18 2.2249e-19 1.58573e-18 3.04913e-19 1.72065e-18 3.77113e-19 1.83075e-18 4.41819e-19 1.92382e-18 5.00727e-19 2.00547e-18 5.54976e-19 2.07892e-18 6.0538e-19 2.14406e-18 6.52542e-19 2.20424e-18 6.96925e-19 2.25941e-18 7.38893e-19 2.31124e-18 7.78739e-19 2.35886e-18 8.16702e-19 2.40396e-18 8.52981e-19 2.44653e-18 8.87742e-19 2.48656e-18 9.21127e-19 2.52489e-18 9.53257e-19 2.56154e-18 9.84239e-19 2.59647e-18 1.01416e-18 2.6297e-18 1.04311e-18
675.157 3.07934e-19 3.07934e-19 2.14171e-31 6.95509e-13 4.36401e-07 7.1669e-19 5.50856e-20 8.94547e-19 1.01699e-19 1.10146e-18 1.79803e-19 1.23673e-18 2.45111e-19 1.33945e-18 3.01977e-19 1.4232e-18 3.52724e-19 1.49395e-18 3.98772e-19 1.55599e-18 4.41067e-19 1.61178e-18 4.8028e-19 1.66124e-18 5.16905e-19 1.70692e-18 5.5132e-19 1.74878e-18 5.83817e-19 1.78811e-18 6.14635e-19 1.82423e-18 6.43967e-19 1.85844e-18 6.71971e-19 1.89072e-18 6.98781e-19 1.92106e-18 7.24509e-19 1.95013e-18 7.49253e-19 1.9779e-18 7.73098e-19 2.00438e-18 7.96116e-19 2.02957e-18 8.1837e-19
709.813 2.8355e-19 2.8355e-19 1.75347e-31 6.184e-13 -3.86269e-08 5.65926e-19 4.50995e-20 7.02162e-19 8.27194e-20 8.60133e-19 1.45041e-19 9.63193e-19 1.96669e-19 1.04136e-18 2.4136e-19 1.10504e-18 2.81075e-19 1.15881e-18 3.16999e-19 1.20594e-18 3.49913e-19 1.2483e-18 3.80367e-19 1.28585e-18 4.08761e-19 1.32051e-18 4.35402e-19 1.35228e-18 4.60527e-19 1.38211e-18 4.84328e-19 1.40951e-18 5.06958e-19 1.43545e-18 5.28545e-19 1.45993e-18 5.49195e-19 1.48294e-18 5.68998e-19 1.50497e-18 5.88031e-19 1.52602e-18 6.06361e-19 1.54609e-18 6.24045e-19 1.56517e-18 6.41134e-19
746.248 2.61325e-19 2.61325e-19 1.43577e-31 5.49419e-13 -4.28405e-07 4.46077e-19 3.68861e-20 5.50367e-19 6.71943e-20 6.70935e-19 1.16826e-19 7.49442e-19 1.57563e-19 8.08924e-19 1.92623e-19 8.5735e-19 2.23654e-19 8.98216e-19 2.51638e-19 9.34018e-19 2.77215e-19 9.66193e-19 3.00834e-19 9.94702e-19 3.2282e-19 1.02102e-18 3.4342e-19 1.04513e-18 3.62825e-19 1.06777e-18 3.81187e-19 1.08855e-18 3.9863e-19 1.10823e-18 4.15255e-19 1.12679e-18 4.31147e-19 1.14424e-18 4.46376e-19 1.16095e-18 4.61004e-19 1.17691e-18 4.75085e-19 1.19213e-18 4.88662e-19 1.2066e-18 5.01776e-19
784.553 2.40847e-19 2.40847e-19 1.1756e-31 4.88112e-13 5.56491e-08 3.50739e-19 3.01115e-20 4.30467e-19 5.44652e-20 5.22391e-19 9.38824e-20 5.82141e-19 1.2594e-19 6.27369e-19 1.53376e-19 6.64167e-19 1.77564e-19 6.95205e-19 1.99313e-19 7.22388e-19 2.19147e-19 7.46809e-19 2.37427e-19 7.68442e-19 2.54418e-19 7.88408e-19 2.70317e-19 8.06694e-19 2.85276e-19 8.23865e-19 2.99417e-19 8.39626e-19 3.12839e-19 8.54546e-19 3.25622e-19 8.68621e-19 3.37832e-19 8.81847e-19 3.49526e-19 8.94511e-19 3.60752e-19 9.06609e-19 3.71552e-19 9.18141e-19 3.81961e-19 9.29104e-19 3.92011e-19
824.824 2.22165e-19 2.22165e-19 9.62545e-32 4.33257e-13 -6.6592e-08 2.75368e-19 2.45546e-20 3.36296e-19 4.40889e-20 4.06371e-19 7.53358e-20 4.51848e-19 1.0052e-19 4.86242e-19 1.21956e-19 5.14209e-19 1.40783e-19 5.37788e-19 1.57664e-19 5.58432e-19 1.73025e-19 5.76974e-19 1.87159e-19 5.93395e-19 2.00276e-19 6.08547e-19 2.12535e-19 6.22423e-19 2.24057e-19 6.3545e-19 2.34939e-19 6.47406e-19 2.45259e-19 6.58722e-19 2.55081e-19 6.69397e-19 2.64457e-19 6.79427e-19 2.73431e-19 6.8903e-19 2.82041e-19 6.98203e-19 2.9032e-19 7.06946e-19 2.98296e-19 7.15257e-19 3.05994e-19
867.163 2.04974e-19 2.04974e-19 7.88169e-32 3.84521e-13 1.51595e-07 2.15761e-19 1.9988e-20 2.6228e-19 3.56186e-20 3.15663e-19 6.03279e-20 3.50257e-19 8.00662e-20 3.76399e-19 9.67784e-20 3.97646e-19 1.11404e-19 4.15552e-19 1.24483e-19 4.31225e-19 1.3636e-19 4.45298e-19 1.47269e-19 4.57758e-19 1.5738e-19 4.69255e-19 1.66818e-19 4.79781e-19 1.75681e-19 4.89662e-19 1.84044e-19 4.98729e-19 1.91969e-19 5.07311e-19 1.99506e-19 5.15405e-19 2.06696e-19 5.2301e-19 2.13575e-19 5.3029e-19 2.20172e-19 5.37244e-19 2.26512e-19 5.43871e-19 2.32617e-19 5.5017e-19 2.38507e-19
911.674 1.89264e-19 1.89264e-19 6.45306e-32 3.40955e-13 -7.02413e-07 1.68842e-19 1.62515e-20 2.04352e-19 2.87358e-20 2.45018e-19 4.82402e-20 2.71337e-19 6.36855e-20 2.91211e-19 7.66964e-20 3.07356e-19 8.80436e-20 3.20958e-19 9.81655e-20 3.3286e-19 1.07339e-19 3.43545e-19 1.15752e-19 3.53004e-19 1.23539e-19 3.6173e-19 1.308e-19 3.69718e-19 1.37612e-19 3.77215e-19 1.44035e-19 3.84095e-19 1.50117e-19 3.90605e-19 1.55898e-19 3.96745e-19 1.6141e-19 4.02514e-19 1.6668e-19 4.08035e-19 1.71732e-19 4.13309e-19 1.76585e-19 4.18335e-19 1.81257e-19 4.23112e-19 1.85762e-19
958.471 1.74778e-19 1.74778e-19 5.28425e-32 3.0234e-13 -5.07009e-07 1.31884e-19 1.31886e-20 1.58968e-19 2.31351e-20 1.89927e-19 3.84937e-20 2.0994e-19 5.0553e-20 2.25043e-19 6.0662e-20 2.37306e-19 6.94496e-20 2.47635e-19 7.72694e-20 2.5667e-19 8.43433e-20 2.6478e-19 9.08215e-20 2.71958e-19 9.68104e-20 2.78579e-19 1.02389e-19 2.84639e-19 1.07618e-19 2.90327e-19 1.12545e-19 2.95545e-19 1.17207e-19 3.00483e-19 1.21636e-19 3.05139e-19 1.25857e-19 3.09514e-19 1.2989e-19 3.13701e-19 1.33755e-19 3.177e-19 1.37466e-19 3.2151e-19 1.41038e-19 3.25132e-19 1.44481e-19
1007.67 1.61556e-19 1.61556e-19 4.32612e-32 2.67779e-13 -4.40618e-07 1.02927e-19 1.06918e-20 1.23586e-19 1.86036e-20 1.47163e-19 3.06795e-20 1.62386e-19 4.00834e-20 1.73868e-19 4.79295e-20 1.83188e-19 5.47288e-20 1.91035e-19 6.07657e-20 1.97898e-19 6.62173e-20 2.04057e-19 7.12029e-20 2.09508e-19 7.58067e-20 2.14535e-19 8.00914e-20 2.19135e-19 8.41041e-20 2.23452e-19 8.78822e-20 2.27413e-19 9.14553e-20 2.31161e-19 9.48475e-20 2.34694e-19 9.80787e-20 2.38014e-19 1.01165e-19 2.41191e-19 1.04122e-19 2.44225e-19 1.0696e-19 2.47116e-19 1.0969e-19 2.49864e-19 1.12321e-19
1059.39 1.49337e-19 1.49337e-19 3.54277e-32 2.37233e-13 -2.94379e-07 8.01915e-20 8.65035e-21 9.59386e-20 1.4928e-20 1.13882e-19 2.44004e-20 1.25457e-19 3.17182e-20 1.34183e-19 3.77967e-20 1.41263e-19 4.30485e-20 1.47223e-19 4.77016e-20 1.52434e-19 5.18968e-20 1.5711e-19 5.57284e-20 1.61247e-19 5.9263e-20 1.65062e-19 6.25496e-20 1.68554e-19 6.56253e-20 1.7183e-19 6.85193e-20 1.74835e-19 7.12546e-20 1.77679e-19 7.38503e-20 1.8036e-19 7.63216e-20 1.82878e-19 7.86814e-20 1.85288e-19 8.09408e-20 1.87589e-19 8.31092e-20 1.89782e-19 8.51943e-20 1.91867e-19 8.72034e-20
1113.77 1.38146e-19 1.38146e-19 2.90001e-32 2.09924e-13 -5.77088e-07 6.24238e-20 6.98975e-21 7.44276e-20 1.1962e-20 8.80867e-20 1.93809e-20 9.68902e-20 2.50682e-20 1.03523e-19 2.97722e-20 1.08904e-19 3.38253e-20 1.13432e-19 3.74092e-20 1.1739e-19 4.06354e-20 1.20942e-19 4.35786e-20 1.24084e-19 4.62909e-20 1.26981e-19 4.88108e-20 1.29632e-19 5.11674e-20 1.32119e-19 5.33835e-20 1.344e-19 5.54771e-20 1.36559e-19 5.74627e-20 1.38594e-19 5.93525e-20 1.40505e-19 6.11564e-20 1.42335e-19 6.28829e-20 1.44081e-19 6.45393e-20 1.45746e-19 6.61317e-20 1.47327e-19 6.76657e-20
1170.94 1.27844e-19 1.27844e-19 2.37463e-32 1.85744e-13 5.46798e-07 4.85385e-20 5.63876e-21 5.76866e-20 9.56911e-21 6.80833e-20 1.53691e-20 7.47787e-20 1.97825e-20 7.98213e-20 2.34183e-20 8.39103e-20 2.65427e-20 8.73508e-20 2.93003e-20 9.03581e-20 3.17792e-20 9.30557e-20 3.40381e-20 9.54422e-20 3.61179e-20 9.76422e-20 3.80488e-20 9.96554e-20 3.98533e-20 1.01544e-19 4.15493e-20 1.03276e-19 4.31507e-20 1.04915e-19 4.4669e-20 1.0646e-19 4.61134e-20 1.07911e-19 4.74917e-20 1.093e-19 4.88104e-20 1.10626e-19 5.00753e-20 1.11889e-19 5.1291e-20 1.13089e-19 5.24618e-20
1231.05 1.18393e-19 1.18393e-19 1.94434e-32 1.64227e-13 -1.2216e-06 3.7714e-20 4.54285e-21 4.46867e-20 7.64435e-21 5.26021e-20 1.21723e-20 5.76959e-20 1.55934e-20 6.15307e-20 1.8401e-20 6.46394e-20 2.08079e-20 6.72547e-20 2.29284e-20 6.95403e-20 2.48321e-20 7.15903e-20 2.65651e-20 7.34037e-20 2.81593e-20 7.50752e-20 2.96384e-20 7.66047e-20 3.10198e-20 7.80394e-20 3.23175e-20 7.93553e-20 3.35423e-20 8.06001e-20 3.4703e-20 8.17736e-20 3.58069e-20 8.28757e-20 3.686e-20 8.39303e-20 3.78672e-20 8.49373e-20 3.88331e-20 8.58966e-20 3.97612e-20 8.68083e-20 4.06548e-20
1294.24 1.09692e-19 1.09692e-19 1.59235e-32 1.45165e-13 -1.60322e-07 2.9278e-20 3.65429e-21 3.45923e-20 6.09723e-21 4.0619e-20 9.62662e-21 4.44947e-20 1.22753e-20 4.74115e-20 1.44412e-20 4.97755e-20 1.62937e-20 5.17638e-20 1.79232e-20 5.35014e-20 1.93843e-20 5.50596e-20 2.0713e-20 5.64378e-20 2.19345e-20 5.77082e-20 2.30669e-20 5.88704e-20 2.41241e-20 5.99606e-20 2.51166e-20 6.09605e-20 2.60531e-20 6.19063e-20 2.69402e-20 6.27979e-20 2.77837e-20 6.36352e-20 2.8588e-20 6.44364e-20 2.93572e-20 6.52014e-20 3.00946e-20 6.59302e-20 3.0803e-20 6.66228e-20 3.1485e-20
1360.67 1.01659e-19 1.01659e-19 1.3038e-32 1.28252e-13 6.55188e-07 2.27064e-20 2.93445e-21 2.67561e-20 4.85486e-21 3.13442e-20 7.6014e-21 3.42931e-20 9.64937e-21 3.65116e-20 1.13184e-20 3.83093e-20 1.27428e-20 3.98211e-20 1.39939e-20 4.1142e-20 1.51145e-20 4.23265e-20 1.61326e-20 4.33741e-20 1.70678e-20 4.43396e-20 1.79344e-20 4.52229e-20 1.8743e-20 4.60514e-20 1.95018e-20 4.68113e-20 2.02175e-20 4.75299e-20 2.08953e-20 4.82074e-20 2.15394e-20 4.88436e-20 2.21536e-20 4.94523e-20 2.27408e-20 5.00336e-20 2.33036e-20 5.05873e-20 2.38441e-20 5.11134e-20 2.43644e-20
1430.51 9.42909e-20 9.42909e-20 1.06762e-32 1.13226e-13 -1.21844e-06 1.76031e-20 2.35363e-21 2.06902e-20 3.86122e-21 2.41849e-20 5.99637e-21 2.64297e-20 7.57876e-21 2.81181e-20 8.86428e-21 2.94859e-20 9.95924e-21 3.06361e-20 1.09196e-20 3.16409e-20 1.17788e-20 3.25418e-20 1.25589e-20 3.33386e-20 1.3275e-20 3.40729e-20 1.39382e-20 3.47446e-20 1.45567e-20 3.53746e-20 1.51369e-20 3.59524e-20 1.56839e-20 3.64989e-20 1.62018e-20 3.7014e-20 1.66939e-20 3.74977e-20 1.71629e-20 3.79605e-20 1.76113e-20 3.84024e-20 1.80409e-20 3.88234e-20 1.84535e-20 3.92234e-20 1.88506e-20
1503.94 8.74663e-20 8.74663e-20 8.7418e-33 9.99448e-14 2.83174e-07 1.3633e-20 1.88428e-21 1.59857e-20 3.06543e-21 1.86469e-20 4.72261e-21 2.03556e-20 5.94369e-21 2.16404e-20 6.93276e-21 2.26811e-20 7.77366e-21 2.3556e-20 8.51022e-21 2.43203e-20 9.1686e-21 2.50055e-20 9.76588e-21 2.56115e-20 1.03138e-20 2.61699e-20 1.0821e-20 2.66807e-20 1.12938e-20 2.71598e-20 1.17373e-20 2.75991e-20 1.21552e-20 2.80146e-20 1.25507e-20 2.84063e-20 1.29264e-20 2.8774e-20 1.32845e-20 2.91259e-20 1.36267e-20 2.94619e-20 1.39546e-20 2.97819e-20 1.42694e-20 3.0086e-20 1.45723e-20
1581.14 8.12179e-20 8.12179e-20 7.1578e-33 8.81308e-14 -2.04792e-06 1.05578e-20 1.50712e-21 1.23519e-20 2.43157e-21 1.438e-20 3.71698e-21 1.56816e-20 4.65897e-21 1.66601e-20 5.41988e-21 1.74525e-20 6.06569e-21 1.81186e-20 6.63069e-21 1.87004e-20 7.13527e-21 1.92221e-20 7.59271e-21 1.96833e-20 8.01213e-21 2.01083e-20 8.40018e-21 2.04971e-20 8.76178e-21 2.08617e-20 9.10079e-21 2.1196e-20 9.4202e-21 2.15123e-20 9.72244e-21 2.18103e-20 1.00095e-20 2.20902e-20 1.0283e-20 2.23579e-20 1.05443e-20 2.26136e-20 1.07946e-20 2.28571e-20 1.1035e-20 2.30885e-20 1.12662e-20
1662.3 7.54027e-20 7.54027e-20 5.86171e-33 7.77387e-14 -6.52339e-07 8.16664e-21 1.20294e-21 9.53424e-21 1.92496e-21 1.10792e-20 2.92028e-21 1.20703e-20 3.64596e-21 1.28151e-20 4.23065e-21 1.34183e-20 4.7261e-21 1.39253e-20 5.15908e-21 1.43681e-20 5.54544e-21 1.4765e-20 5.89548e-21 1.5116e-20 6.21626e-21 1.54394e-20 6.51292e-21 1.57352e-20 6.78927e-21 1.60126e-20 7.04827e-21 1.6267e-20 7.29223e-21 1.65076e-20 7.52303e-21 1.67343e-20 7.74218e-21 1.69472e-20 7.95094e-21 1.71509e-20 8.15039e-21 1.73454e-20 8.34141e-21 1.75307e-20 8.52478e-21 1.77067e-20 8.70116e-21
1747.63 7.00843e-20 7.00843e-20 4.79982e-33 6.84864e-14 -1.07647e-06 6.31834e-21 9.5944e-22 7.36168e-21 1.52296e-21 8.53963e-21 2.29343e-21 9.29502e-21 2.85248e-21 9.86263e-21 3.30184e-21 1.03222e-20 3.68206e-21 1.07085e-20 4.014e-21 1.10458e-20 4.30998e-21 1.13482e-20 4.57798e-21 1.16155e-20 4.82346e-21 1.18618e-20 5.0504e-21 1.20871e-20 5.26172e-21 1.22984e-20 5.45973e-21 1.24922e-20 5.64619e-21 1.26754e-20 5.82256e-21 1.28481e-20 5.98999e-21 1.30102e-20 6.14946e-21 1.31653e-20 6.30179e-21 1.33134e-20 6.44767e-21 1.34545e-20 6.58769e-21 1.35885e-20 6.72235e-21
1837.33 6.51428e-20 6.51428e-20 3.93041e-33 6.03353e-14 1.66648e-06 4.88416e-21 7.63842e-22 5.67993e-21 1.20289e-21 6.57791e-21 1.79851e-21 7.15358e-21 2.22876e-21 7.58607e-21 2.57382e-21 7.93619e-21 2.8654e-21 8.23043e-21 3.11971e-21 8.48739e-21 3.34632e-21 8.7177e-21 3.55139e-21 8.92132e-21 3.73916e-21 9.10894e-21 3.91267e-21 9.28053e-21 4.07421e-21 9.44144e-21 4.22552e-21 9.58898e-21 4.36798e-21 9.7285e-21 4.5027e-21 9.86001e-21 4.63058e-21 9.98348e-21 4.75235e-21 1.01016e-20 4.86866e-21 1.02144e-20 4.98003e-21 1.03218e-20 5.08691e-21 1.04239e-20 5.18969e-21
1931.64 6.06108e-20 6.06108e-20 3.21868e-33 5.3104e-14 -1.73143e-06 3.77615e-21 6.07631e-22 4.38356e-21 9.49469e-22 5.06868e-21 1.4098e-21 5.50776e-21 1.74093e-21 5.83757e-21 2.00596e-21 6.10455e-21 2.22963e-21 6.32889e-21 2.42454e-21 6.5248e-21 2.59811e-21 6.70039e-21 2.75511e-21 6.85562e-21 2.8988e-21 6.99864e-21 3.03155e-21 7.12944e-21 3.15509e-21 7.2521e-21 3.27079e-21 7.36456e-21 3.37971e-21 7.47091e-21 3.48268e-21 7.57114e-21 3.58041e-21 7.66526e-21 3.67346e-21 7.75529e-21 3.76232e-21 7.84124e-21 3.8474e-21 7.92312e-21 3.92905e-21 8.00091e-21 4.00755e-21
2030.79 5.63178e-20 5.63178e-20 2.63596e-33 4.6805e-14 6.42676e-07 2.91324e-21 4.81861e-22 3.37616e-21 7.47229e-22 3.89808e-21 1.1021e-21 4.23248e-21 1.35637e-21 4.48363e-21 1.5595e-21 4.6869e-21 1.73074e-21 4.85771e-21 1.87984e-21 5.00685e-21 2.01254e-21 5.14052e-21 2.13251e-21 5.25869e-21 2.24228e-21 5.36756e-21 2.34366e-21 5.46712e-21 2.43798e-21 5.56049e-21 2.5263e-21 5.64609e-21 2.60942e-21 5.72704e-21 2.688e-21 5.80333e-21 2.76256e-21 5.87496e-21 2.83355e-21 5.94349e-21 2.90133e-21 6.00891e-21 2.96622e-21 6.07122e-21 3.02849e-21 6.13042e-21 3.08835e-21
2135.03 5.22087e-20 5.22087e-20 2.15848e-33 4.13433e-14 3.28195e-07 2.24068e-21 3.80587e-22 2.5926e-21 5.85809e-22 2.98922e-21 8.58451e-22 3.24328e-21 1.05309e-21 3.43406e-21 1.20832e-21 3.58846e-21 1.33903e-21 3.71819e-21 1.45277e-21 3.83146e-21 1.55394e-21 3.93298e-21 1.64537e-21 4.02272e-21 1.729e-21 4.10539e-21 1.80621e-21 4.181e-21 1.87804e-21 4.2519e-21 1.94528e-21 4.3169e-21 2.00855e-21 4.37837e-21 2.06835e-21 4.4363e-21 2.12509e-21 4.49069e-21 2.17911e-21 4.54272e-21 2.23068e-21 4.5924e-21 2.28004e-21 4.63971e-21 2.3274e-21 4.68466e-21 2.37294e-21
2244.63 4.83739e-20 4.83739e-20 1.76734e-33 3.6535e-14 3.11121e-06 1.72126e-21 2.99936e-22 1.98861e-21 4.58334e-22 2.28981e-21 6.67474e-22 2.4827e-21 8.1628e-22 2.62754e-21 9.34762e-22 2.74474e-21 1.03444e-21 2.84322e-21 1.12111e-21 2.92919e-21 1.19817e-21 3.00624e-21 1.26779e-21 3.07435e-21 1.33144e-21 3.1371e-21 1.3902e-21 3.19448e-21 1.44484e-21 3.24829e-21 1.49599e-21 3.29762e-21 1.54411e-21 3.34427e-21 1.58959e-21 3.38823e-21 1.63274e-21 3.4295e-21 1.6738e-21 3.46899e-21 1.71301e-21 3.50668e-21 1.75054e-21 3.54259e-21 1.78654e-21 3.5767e-21 1.82115e-21
2359.84 4.48386e-20 4.48386e-20 1.44714e-33 3.22745e-14 6.77035e-07 1.3219e-21 2.36085e-22 1.52505e-21 3.58228e-22 1.75385e-21 5.18568e-22 1.90035e-21 6.32297e-22 2.01033e-21 7.22718e-22 2.09933e-21 7.98717e-22 2.1741e-21 8.64765e-22 2.23938e-21 9.23459e-22 2.29788e-21 9.76466e-22 2.34959e-21 1.02492e-21 2.39723e-21 1.06964e-21 2.4408e-21 1.11122e-21 2.48164e-21 1.15013e-21 2.51909e-21 1.18674e-21 2.55451e-21 1.22133e-21 2.58788e-21 1.25414e-21 2.61921e-21 1.28537e-21 2.64919e-21 1.31518e-21 2.6778e-21 1.34371e-21 2.70506e-21 1.37108e-21 2.73095e-21 1.39739e-21
2480.97 4.15499e-20 4.15499e-20 1.18511e-33 2.85224e-14 1.02255e-06 1.01427e-21 1.85479e-22 1.16857e-21 2.79521e-22 1.3423e-21 4.02305e-22 1.45352e-21 4.89144e-22 1.53701e-21 5.58093e-22 1.60457e-21 6.15999e-22 1.66132e-21 6.66295e-22 1.71087e-21 7.10972e-22 1.75527e-21 7.51309e-22 1.79452e-21 7.88171e-22 1.83067e-21 8.22183e-22 1.86373e-21 8.53805e-22 1.89473e-21 8.83393e-22 1.92315e-21 9.11223e-22 1.95003e-21 9.37519e-22 1.97536e-21 9.6246e-22 1.99913e-21 9.86196e-22 2.02188e-21 1.00885e-21 2.0436e-21 1.03053e-21 2.06428e-21 1.05133e-21 2.08393e-21 1.07132e-21
2608.32 3.8506e-20 3.8506e-20 9.70337e-34 2.51996e-14 3.45498e-06 7.77836e-22 1.45511e-22 8.9503e-22 2.17838e-22 1.02695e-21 3.11795e-22 1.11139e-21 3.7807e-22 1.17477e-21 4.30626e-22 1.22605e-21 4.74731e-22 1.26913e-21 5.13021e-22 1.30674e-21 5.47022e-22 1.34044e-21 5.77709e-22 1.37022e-21 6.05748e-22 1.39766e-21 6.31614e-22 1.42276e-21 6.55658e-22 1.44628e-21 6.78153e-22 1.46785e-21 6.9931e-22 1.48825e-21 7.19297e-22 1.50747e-21 7.38254e-22 1.52552e-21 7.56292e-22 1.54278e-21 7.73509e-22 1.55926e-21 7.89985e-22 1.57495e-21 8.05788e-22 1.58987e-21 8.20979e-22
2742.21 3.5681e-20 3.5681e-20 7.94546e-34 2.22681e-14 1.47645e-06 5.96112e-22 1.13973e-22 6.85101e-22 1.69531e-22 7.85251e-22 2.41366e-22 8.49342e-22 2.91913e-22 8.97448e-22 3.31951e-22 9.36368e-22 3.65529e-22 9.69061e-22 3.94666e-22 9.97601e-22 4.2053e-22 1.02317e-21 4.43869e-22 1.04578e-21 4.65188e-22 1.0666e-21 4.84852e-22 1.08564e-21 5.03128e-22 1.1035e-21 5.20225e-22 1.11986e-21 5.36303e-22 1.13534e-21 5.51491e-22 1.14993e-21 5.65894e-22 1.16362e-21 5.79599e-22 1.17672e-21 5.92679e-22 1.18922e-21 6.05196e-22 1.20113e-21 6.172e-22 1.21244e-21 6.28738e-22
2882.97 3.30674e-20 3.30674e-20 6.50511e-34 1.96723e-14 3.30374e-06 4.56658e-22 8.91539e-23 5.24233e-22 1.31793e-22 6.00266e-22 1.86684e-22 6.48917e-22 2.25221e-22 6.85431e-22 2.55715e-22 7.14971e-22 2.81272e-22 7.39785e-22 3.0344e-22 7.61445e-22 3.23113e-22 7.80854e-22 3.40859e-22 7.98009e-22 3.57068e-22 8.13812e-22 3.72015e-22 8.28262e-22 3.85907e-22 8.41811e-22 3.989e-22 8.54232e-22 4.11117e-22 8.65976e-22 4.22658e-22 8.77044e-22 4.33601e-22 8.87435e-22 4.44014e-22 8.97375e-22 4.5395e-22 9.06864e-22 4.63459e-22 9.15902e-22 4.72577e-22 9.24488e-22 4.81342e-22
3030.95 3.06467e-20 3.06467e-20 5.32666e-34 1.73809e-14 4.28607e-06 3.49667e-22 6.96461e-23 4.00978e-22 1.02341e-22 4.587e-22 1.44259e-22 4.9563e-22 1.73628e-22 5.23346e-22 1.96845e-22 5.45767e-22 2.16293e-22 5.64599e-22 2.33155e-22 5.81039e-22 2.48114e-22 5.95769e-22 2.61607e-22 6.08788e-22 2.73928e-22 6.20781e-22 2.85289e-22 6.31747e-22 2.95845e-22 6.42029e-22 3.05719e-22 6.51455e-22 3.15002e-22 6.60368e-22 3.2377e-22 6.68767e-22 3.32084e-22 6.76653e-22 3.39994e-22 6.84196e-22 3.47542e-22 6.91397e-22 3.54764e-22 6.98255e-22 3.61691e-22 7.0477e-22 3.68347e-22
3186.53 2.84036e-20 2.84036e-20 4.36135e-34 1.5355e-14 -7.9807e-07 2.6762e-22 5.43352e-23 3.06578e-22 7.93825e-23 3.50397e-22 1.11376e-22 3.78429e-22 1.33749e-22 3.99465e-22 1.5142e-22 4.16482e-22 1.66215e-22 4.30775e-22 1.79038e-22 4.43251e-22 1.90412e-22 4.5443e-22 2.00668e-22 4.6431e-22 2.10032e-22 4.73412e-22 2.18665e-22 4.81734e-22 2.26687e-22 4.89537e-22 2.34188e-22 4.9669e-22 2.41241e-22 5.03454e-22 2.47902e-22 5.09828e-22 2.54217e-22 5.15812e-22 2.60225e-22 5.21536e-22 2.65958e-22 5.27e-22 2.71444e-22 5.32204e-22 2.76704e-22 5.37149e-22 2.8176e-22
3350.09 2.63236e-20 2.63236e-20 3.57091e-34 1.35654e-14 -3.5199e-06 2.04724e-22 4.23341e-23 2.343e-22 6.15064e-23 2.67561e-22 8.59108e-23 2.88836e-22 1.02947e-22 3.04801e-22 1.16393e-22 3.17715e-22 1.27644e-22 3.28562e-22 1.37393e-22 3.3803e-22 1.46038e-22 3.46514e-22 1.53833e-22 3.54011e-22 1.60948e-22 3.60918e-22 1.67507e-22 3.67233e-22 1.73601e-22 3.73154e-22 1.793e-22 3.78582e-22 1.84657e-22 3.83715e-22 1.89716e-22 3.88551e-22 1.94513e-22 3.93092e-22 1.99075e-22 3.97435e-22 2.03429e-22 4.01581e-22 2.07595e-22 4.0553e-22 2.1159e-22 4.09282e-22 2.15429e-22
3522.05 2.43858e-20 2.43858e-20 2.92425e-34 1.19916e-14 -5.74842e-06 1.56478e-22 3.29293e-23 1.7892e-22 4.75874e-23 2.04155e-22 6.61861e-23 2.20295e-22 7.91488e-23 2.32406e-22 8.9372e-23 2.42202e-22 9.79235e-23 2.5043e-22 1.05331e-22 2.57612e-22 1.11898e-22 2.64047e-22 1.17818e-22 2.69734e-22 1.23222e-22 2.74973e-22 1.28203e-22 2.79763e-22 1.3283e-22 2.84254e-22 1.37156e-22 2.88371e-22 1.41223e-22 2.92264e-22 1.45063e-22 2.95932e-22 1.48704e-22 2.99376e-22 1.52168e-22 3.02671e-22 1.55473e-22 3.05815e-22 1.58635e-22 3.08811e-22 1.61666e-22 3.11656e-22 1.6458e-22
3702.84 2.26006e-20 2.26006e-20 2.39412e-34 1.05932e-14 -9.37814e-06 1.19605e-22 2.55947e-23 1.36641e-22 3.67985e-23 1.55794e-22 5.09724e-23 1.68043e-22 6.08368e-23 1.77234e-22 6.86114e-23 1.84668e-22 7.51122e-23 1.90912e-22 8.07418e-23 1.96362e-22 8.57318e-23 2.01245e-22 9.02295e-23 2.0556e-22 9.43343e-23 2.09536e-22 9.81177e-23 2.1317e-22 1.01632e-22 2.16578e-22 1.04918e-22 2.19702e-22 1.08006e-22 2.22656e-22 1.10923e-22 2.2544e-22 1.13688e-22 2.28053e-22 1.16318e-22 2.30553e-22 1.18827e-22 2.32939e-22 1.21228e-22 2.35212e-22 1.23529e-22 2.37371e-22 1.25742e-22
3892.91 2.09456e-20 2.09456e-20 1.9601e-34 9.35805e-15 -5.87033e-06 9.1384e-23 1.98707e-23 1.04315e-22 2.84285e-23 1.18851e-22 3.92256e-23 1.28146e-22 4.67299e-23 1.35121e-22 5.26409e-23 1.40762e-22 5.75816e-23 1.455e-22 6.18593e-23 1.49635e-22 6.56503e-23 1.53341e-22 6.90668e-23 1.56615e-22 7.21846e-23 1.59631e-22 7.50579e-23 1.62389e-22 7.77268e-23 1.64975e-22 8.02219e-23 1.67346e-22 8.25671e-23 1.69587e-22 8.47816e-23 1.71699e-22 8.68808e-23 1.73682e-22 8.88776e-23 1.75578e-22 9.07827e-23 1.77389e-22 9.26053e-23 1.79113e-22 9.43528e-23 1.80751e-22 9.60321e-23
4092.73 1.94119e-20 1.94119e-20 1.60476e-34 8.26688e-15 4.73745e-06 6.97971e-23 1.54102e-23 7.96113e-23 2.1943e-23 9.06428e-23 3.01648e-23 9.7697e-23 3.58722e-23 1.0299e-22 4.03654e-23 1.0727e-22 4.41199e-23 1.10865e-22 4.73698e-23 1.14003e-22 5.02495e-23 1.16815e-22 5.28444e-23 1.19299e-22 5.52123e-23 1.21588e-22 5.73943e-23 1.23681e-22 5.94209e-23 1.25643e-22 6.13154e-23 1.27441e-22 6.3096e-23 1.29142e-22 6.47774e-23 1.30744e-22 6.63712e-23 1.32249e-22 6.78871e-23 1.33688e-22 6.93334e-23 1.35062e-22 7.0717e-23 1.3637e-22 7.20436e-23 1.37613e-22 7.33184e-23
4302.81 1.79904e-20 1.79904e-20 1.31382e-34 7.30288e-15 -5.58059e-06 5.32907e-23 1.19384e-23 6.07392e-23 1.69226e-23 6.91108e-23 2.31811e-23 7.44638e-23 2.75209e-23 7.84798e-23 3.09357e-23 8.1728e-23 3.37883e-23 8.44559e-23 3.6257e-23 8.68368e-23 3.84442e-23 8.897e-23 4.04149e-23 9.08553e-23 4.22129e-23 9.25918e-23 4.38698e-23 9.41796e-23 4.54085e-23 9.56683e-23 4.68469e-23 9.70329e-23 4.81988e-23 9.83232e-23 4.94752e-23 9.95391e-23 5.06851e-23 1.00681e-22 5.18359e-23 1.01772e-22 5.29338e-23 1.02815e-22 5.3984e-23 1.03807e-22 5.4991e-23 1.0475e-22 5.59587e-23
4523.68 1.66738e-20 1.66738e-20 1.07567e-34 6.45125e-15 -1.74146e-06 4.06766e-23 9.23993e-24 4.63296e-23 1.30409e-23 5.26827e-23 1.78037e-23 5.67448e-23 2.1103e-23 5.97922e-23 2.36979e-23 6.2257e-23 2.5865e-23 6.43269e-23 2.77401e-23 6.61335e-23 2.94012e-23 6.77521e-23 3.08977e-23 6.91826e-23 3.22631e-23 7.05003e-23 3.35211e-23 7.17051e-23 3.46894e-23 7.28346e-23 3.57814e-23 7.387e-23 3.68077e-23 7.4849e-23 3.77767e-23 7.57716e-23 3.86952e-23 7.66377e-23 3.95688e-23 7.74661e-23 4.04022e-23 7.8257e-23 4.11994e-23 7.90101e-23 4.19638e-23 7.97257e-23 4.26983e-23
4755.88 1.54503e-20 1.54503e-20 8.80626e-35 5.69973e-15 1.15688e-05 3.10322e-23 7.14309e-24 3.53215e-23 1.00398e-23 4.01417e-23 1.36625e-23 4.32235e-23 1.61697e-23 4.55354e-23 1.81409e-23 4.74052e-23 1.97867e-23 4.89755e-23 2.12105e-23 5.03461e-23 2.24717e-23 5.1574e-23 2.36078e-23 5.26591e-23 2.46442e-23 5.36587e-23 2.55991e-23 5.45726e-23 2.64859e-23 5.54295e-23 2.73148e-23 5.6215e-23 2.80937e-23 5.69576e-23 2.88291e-23 5.76575e-23 2.95262e-23 5.83145e-23 3.01892e-23 5.89429e-23 3.08216e-23 5.95428e-23 3.14266e-23 6.01142e-23 3.20067e-23 6.0657e-23 3.2564e-23
5000 1.43193e-20 1.43193e-20 7.2097e-35 5.03496e-15 -6.61093e-06 2.36719e-23 5.51806e-24 2.6927e-23 7.72506e-24 3.05846e-23 1.04804e-23 3.2923e-23 1.23858e-23 3.46773e-23 1.38832e-23 3.6096e-23 1.51331e-23 3.72875e-23 1.62144e-23 3.83274e-23 1.7172e-23 3.9259e-23 1.80345e-23 4.00824e-23 1.88214e-23 4.08408e-23 1.95463e-23 4.15342e-23 2.02195e-23 4.21844e-23 2.08486e-23 4.27803e-23 2.14399e-23 4.33438e-23 2.19981e-23 4.38748e-23 2.25272e-23 4.43732e-23 2.30304e-23 4.48501e-23 2.35105e-23 4.53052e-23 2.39696e-23 4.57387e-23 2.44099e-23 4.61505e-23 2.48329e-23
