# 4.9636e-07 0 28 : grain size, compostion index, size index
# Heating and cooling timescale: 465.36 98.8774
# Ratio of heating to cooling to determine stochastic cutoff: 100
# Equilibrium emission is recorded even for those grains in the stochastic regime.
# Emission spectrum was computed for: 
# Type: ISRF
# Scales: 0.25 0.5 1 1.5 2 2.5 3 3.5 4 4.5 5 5.5 6 6.5 7 7.5 8 8.5 9 9.5 10
# StochasticallyHeated: 1 1 1 1 1 1 1 1 1 1 1 1 1 1 1 1 1 1 1 1 1
# Temperature: -1
# Wavelength  CExt  CAbs  CSca  Albedo G EqEm1 StEm1 EqEm2 StEm2 EqEm3 StEm3 EqEm4 StEm4 EqEm5 StEm5 EqEm6 StEm6 EqEm7 StEm7 EqEm8 StEm8 EqEm9 StEm9 EqEm10 StEm10 EqEm11 StEm11 EqEm12 StEm12 EqEm13 StEm13 EqEm14 StEm14 EqEm15 StEm15 EqEm16 StEm16 EqEm17 StEm17 EqEm18 StEm18 EqEm19 StEm19 EqEm20 StEm20 EqEm21 StEm21
0.05 2.29586e-13 2.22593e-13 6.99323e-15 0.0304601 0.0617607 0 0 0 0 0 0 0 0 0 0 0 0 0 0 0 0 0 0 0 0 0 0 0 0 0 0 0 0 0 0 0 0 0 0 0 0 0 0 0 0 0 0
0.0525665 2.48432e-13 2.41381e-13 7.05045e-15 0.0283798 0.0554945 0 0 0 0 0 0 0 0 0 0 0 0 0 0 0 0 0 0 0 0 0 0 0 0 0 0 0 0 0 0 0 0 0 0 0 0 0 0 0 0 0 0
0.0552647 2.69145e-13 2.62025e-13 7.11937e-15 0.0264518 0.0498435 0 0 0 0 0 0 0 0 0 0 0 0 0 0 0 0 0 0 0 0 0 0 0 0 0 0 0 0 0 0 0 0 0 0 0 0 0 0 0 0 0 0
0.0581015 2.92281e-13 2.85072e-13 7.20949e-15 0.0246663 0.044748 0 0 0 0 0 0 0 0 0 0 0 0 0 0 0 0 0 0 0 0 0 0 0 0 0 0 0 0 0 0 0 0 0 0 0 0 0 0 0 0 0 0
0.0610839 3.18025e-13 3.10701e-13 7.32405e-15 0.0230298 0.0401497 0 0 0 0 0 0 0 0 0 0 0 0 0 0 0 0 0 0 0 0 0 0 0 0 0 0 0 0 0 0 0 0 0 0 0 0 0 0 0 0 0 0
0.0642193 3.47036e-13 3.39562e-13 7.47405e-15 0.0215368 0.0360037 0 0 0 0 0 0 0 0 0 0 0 0 0 0 0 0 0 0 0 0 0 0 0 0 0 0 0 0 0 0 0 0 0 0 0 0 0 0 0 0 0 0
0.0675157 3.80082e-13 3.72412e-13 7.67069e-15 0.0201817 0.0322604 0 0 0 0 0 0 0 0 0 0 0 0 0 0 0 0 0 0 0 0 0 0 0 0 0 0 0 0 0 0 0 0 0 0 0 0 0 0 0 0 0 0
0.0709813 4.17651e-13 4.0973e-13 7.92162e-15 0.0189671 0.0288795 0 0 0 0 0 0 0 0 0 0 0 0 0 0 0 0 0 0 0 0 0 0 0 0 0 0 0 0 0 0 0 0 0 0 0 0 0 0 0 0 0 0
0.0746248 4.60481e-13 4.52248e-13 8.23303e-15 0.0178792 0.0258319 0 0 0 0 0 0 0 0 0 0 0 0 0 0 0 0 0 0 0 0 0 0 0 0 0 0 0 0 0 0 0 0 0 0 0 0 0 0 0 0 0 0
0.0784553 5.02774e-13 4.94354e-13 8.4201e-15 0.0167473 0.023149 0 0 0 0 0 0 0 0 0 0 0 0 0 0 0 0 0 0 0 0 0 0 0 0 0 0 0 0 0 0 0 0 0 0 0 0 0 0 0 0 0 0
0.0824824 5.2647e-13 5.18343e-13 8.12734e-15 0.0154374 0.0208705 0 0 0 0 0 0 0 0 0 0 0 0 0 0 0 0 0 0 0 0 0 0 0 0 0 0 0 0 0 0 0 0 0 0 0 0 0 0 0 0 0 0
0.0867162 5.27084e-13 5.19654e-13 7.4301e-15 0.0140966 0.0189727 0 0 0 0 0 0 0 0 0 0 0 0 0 0 0 0 0 0 0 0 0 0 0 0 0 0 0 0 0 0 0 0 0 0 0 0 0 0 0 0 0 0
0.0911674 5.05775e-13 4.99305e-13 6.47022e-15 0.0127927 0.0174134 0 0 0 0 0 0 0 0 0 0 0 0 0 0 0 0 0 0 0 0 0 0 0 0 0 0 0 0 0 0 0 0 0 0 0 0 0 0 0 0 0 0
0.095847 4.6755e-13 4.62155e-13 5.39584e-15 0.0115407 0.0161348 0 0 0 0 0 0 0 0 0 0 0 0 0 0 0 0 0 0 0 0 0 0 0 0 0 0 0 0 0 0 0 0 0 0 0 0 0 0 0 0 0 0
0.100767 4.1998e-13 4.15629e-13 4.35139e-15 0.0103609 0.0150582 0 0 0 0 0 0 0 0 0 0 0 0 0 0 0 0 0 0 0 0 0 0 0 0 0 0 0 0 0 0 0 0 0 0 0 0 0 0 0 0 0 0
0.105939 3.69467e-13 3.66052e-13 3.4157e-15 0.00924494 0.0141009 0 0 0 0 0 0 0 0 0 0 0 0 0 0 0 0 0 0 0 0 0 0 0 0 0 0 0 0 0 0 0 0 0 0 0 0 0 0 0 0 0 0
0.111377 3.20945e-13 3.18313e-13 2.63256e-15 0.00820252 0.0131965 0 0 0 0 0 0 0 0 0 0 0 0 0 0 0 0 0 0 0 0 0 0 0 0 0 0 0 0 0 0 0 0 0 0 0 0 0 0 0 0 0 0
0.117094 2.76948e-13 2.74945e-13 2.00238e-15 0.00723017 0.0123038 0 0 0 0 0 0 0 0 0 0 0 0 0 0 0 0 0 0 0 0 0 0 0 0 0 0 0 0 0 0 0 0 0 0 0 0 0 0 0 0 0 0
0.123105 2.38925e-13 2.37418e-13 1.50715e-15 0.00630806 0.0113948 0 0 0 0 0 0 0 0 0 0 0 0 0 0 0 0 0 0 0 0 0 0 0 0 0 0 0 0 0 0 0 0 0 0 0 0 0 0 0 0 0 0
0.129424 2.06949e-13 2.0582e-13 1.1283e-15 0.00545205 0.0104814 0 0 0 0 0 0 0 0 0 0 0 0 0 0 0 0 0 0 0 0 0 0 0 0 0 0 0 0 0 0 0 0 0 0 0 0 0 0 0 0 0 0
0.136067 1.80881e-13 1.8004e-13 8.40926e-16 0.00464906 0.00957184 0 0 0 0 0 0 0 0 0 0 0 0 0 0 0 0 0 0 0 0 0 0 0 0 0 0 0 0 0 0 0 0 0 0 0 0 0 0 0 0 0 0
0.143051 1.60138e-13 1.59512e-13 6.25387e-16 0.00390531 0.00868597 0 0 0 0 0 0 0 0 0 0 0 0 0 0 0 0 0 0 0 0 0 0 0 0 0 0 0 0 0 0 0 0 0 0 0 0 0 0 0 0 0 0
0.150394 1.43939e-13 1.43475e-13 4.64165e-16 0.00322473 0.00784014 0 0 0 0 0 0 0 0 0 0 0 0 0 0 0 0 0 0 0 0 0 0 0 0 0 0 0 0 0 0 0 0 0 0 0 0 0 0 0 0 0 0
0.158114 1.32015e-13 1.31671e-13 3.4393e-16 0.00260523 0.00703973 0 0 0 0 0 0 0 0 0 0 0 0 0 0 0 0 0 0 0 0 0 0 0 0 0 0 0 0 0 0 0 0 0 0 0 0 0 0 0 0 0 0
0.16623 1.24486e-13 1.2423e-13 2.55518e-16 0.00205259 0.00628675 0 0 0 0 0 0 0 0 0 0 0 0 0 0 0 0 0 0 0 0 0 0 0 0 0 0 0 0 0 0 0 0 0 0 0 0 0 0 0 0 0 0
0.174762 1.22633e-13 1.22438e-13 1.95006e-16 0.00159016 0.00558142 0 0 0 0 0 0 0 0 0 0 0 0 0 0 0 0 0 0 0 0 0 0 0 0 0 0 0 0 0 0 0 0 0 0 0 0 0 0 0 0 0 0
0.183733 1.27814e-13 1.27653e-13 1.61248e-16 0.00126158 0.00493201 0 0 0 0 0 0 0 0 0 0 0 0 0 0 0 0 0 0 0 0 0 0 0 0 0 0 0 0 0 0 0 0 0 0 0 0 0 0 0 0 0 0
0.193164 1.3942e-13 1.39269e-13 1.50799e-16 0.00108162 0.00435284 0 0 0 0 0 0 0 0 0 0 0 0 0 0 0 0 0 0 0 0 0 0 0 0 0 0 0 0 0 0 0 0 0 0 0 0 0 0 0 0 0 0
0.203079 1.54089e-13 1.53934e-13 1.55477e-16 0.00100901 0.00385339 0 0 0 0 0 0 0 0 0 0 0 0 0 0 0 0 0 0 0 0 0 0 0 0 0 0 0 0 0 0 0 0 0 0 0 0 0 0 0 0 0 0
0.213503 1.66889e-13 1.66725e-13 1.64095e-16 0.000983258 0.00343279 0 0 0 0 0 0 0 0 0 0 0 0 0 0 0 0 0 0 0 0 0 0 0 0 0 0 0 0 0 0 0 0 0 0 0 0 0 0 0 0 0 0
0.224463 1.73385e-13 1.73218e-13 1.67284e-16 0.000964809 0.0030872 0 0 0 0 0 0 0 0 0 0 0 0 0 0 0 0 0 0 0 0 0 0 0 0 0 0 0 0 0 0 0 0 0 0 0 0 0 0 0 0 0 0
0.235984 1.7293e-13 1.72768e-13 1.61959e-16 0.000936556 0.00280156 0 0 0 0 0 0 0 0 0 0 0 0 0 0 0 0 0 0 0 0 0 0 0 0 0 0 0 0 0 0 0 0 0 0 0 0 0 0 0 0 0 0
0.248097 1.66922e-13 1.66772e-13 1.4971e-16 0.000896888 0.002563 0 0 0 0 0 0 0 0 0 0 0 0 0 0 0 0 0 0 0 0 0 0 0 0 0 0 0 0 0 0 0 0 0 0 0 0 0 0 0 0 0 0
0.260832 1.57367e-13 1.57233e-13 1.33493e-16 0.000848293 0.00236038 0 0 0 0 0 0 0 0 0 0 0 0 0 0 0 0 0 0 0 0 0 0 0 0 0 0 0 0 0 0 0 0 0 0 0 0 0 0 0 0 0 0
0.274221 1.46191e-13 1.46075e-13 1.16386e-16 0.000796122 0.00218396 0 0 0 0 0 0 0 0 0 0 0 0 0 0 0 0 0 0 0 0 0 0 0 0 0 0 0 0 0 0 0 0 0 0 0 0 0 0 0 0 0 0
0.288297 1.34255e-13 1.34156e-13 9.97307e-17 0.000742844 0.00202925 0 0 0 0 0 0 0 0 0 0 0 0 0 0 0 0 0 0 0 0 0 0 0 0 0 0 0 0 0 0 0 0 0 0 0 0 0 0 0 0 0 0
0.303095 1.22136e-13 1.22051e-13 8.43345e-17 0.000690499 0.00189285 0 0 0 0 0 0 0 0 0 0 0 0 0 0 0 0 0 0 0 0 0 0 0 0 0 0 0 0 0 0 0 0 0 0 0 0 0 0 0 0 0 0
0.318653 1.1014e-13 1.1007e-13 7.05361e-17 0.00064042 0.0017721 0 0 0 0 0 0 0 0 0 0 0 0 0 0 0 0 0 0 0 0 0 0 0 0 0 0 0 0 0 0 0 0 0 0 0 0 0 0 0 0 0 0
0.335009 9.78166e-14 9.77588e-14 5.77681e-17 0.000590575 0.00166767 0 0 0 0 0 0 0 0 0 0 0 0 0 0 0 0 0 0 0 0 0 0 0 0 0 0 0 0 0 0 0 0 0 0 0 0 0 0 0 0 0 0
0.352205 8.76803e-14 8.76335e-14 4.68042e-17 0.000533805 0.00155639 0 0 0 0 0 0 0 0 0 0 0 0 0 0 0 0 0 0 0 0 0 0 0 0 0 0 0 0 0 0 0 0 0 0 0 0 0 0 0 0 0 0
0.370284 7.93841e-14 7.9346e-14 3.80805e-17 0.0004797 0.00144407 0 0 0 0 0 0 0 0 0 0 0 0 0 0 0 0 0 0 0 0 0 0 0 0 0 0 0 0 0 0 0 0 0 0 0 0 0 0 0 0 0 0
0.389291 7.23333e-14 7.23022e-14 3.10948e-17 0.000429882 0.00133518 0 0 0 0 0 0 0 0 0 0 0 0 0 0 0 0 0 0 0 0 0 0 0 0 0 0 0 0 0 0 0 0 0 0 0 0 0 0 0 0 0 0
0.409273 6.62089e-14 6.61834e-14 2.54662e-17 0.000384634 0.00123173 0 0 0 0 0 0 0 0 0 0 0 0 0 0 0 0 0 0 0 0 0 0 0 0 0 0 0 0 0 0 0 0 0 0 0 0 0 0 0 0 0 0
0.430281 6.07967e-14 6.07758e-14 2.0906e-17 0.000343867 0.00113464 0 0 0 0 0 0 0 0 0 0 0 0 0 0 0 0 0 0 0 0 0 0 0 0 0 0 0 0 0 0 0 0 0 0 0 0 0 0 0 0 0 0
0.452368 5.59457e-14 5.59285e-14 1.71928e-17 0.000307312 0.00104423 0 0 0 0 0 0 0 0 0 0 0 0 0 0 0 0 0 0 0 0 0 0 0 0 0 0 0 0 0 0 0 0 0 0 0 0 0 0 0 0 0 0
0.475588 5.15765e-14 5.15623e-14 1.41584e-17 0.000274512 0.000960257 0 0 0 0 0 0 0 0 0 0 0 0 0 0 0 0 0 0 0 0 0 0 0 0 0 0 0 0 0 0 0 0 0 0 0 0 0 0 0 0 0 0
0.5 4.75987e-14 4.7587e-14 1.16717e-17 0.000245211 0.000882686 0 0 0 0 0 0 0 0 0 0 0 0 0 0 0 0 0 0 0 0 0 0 0 0 0 0 0 0 0 0 0 0 0 0 0 0 0 0 0 0 0 0
0.525665 4.39657e-14 4.39561e-14 9.6313e-18 0.000219064 0.000811113 0 0 0 0 0 0 0 0 0 0 0 0 0 0 0 0 0 0 0 0 0 0 0 0 0 0 0 0 0 0 0 0 0 0 0 0 0 0 0 0 0 0
0.552648 4.06395e-14 4.06316e-14 7.95068e-18 0.000195639 0.000745094 0 0 0 0 0 0 0 0 0 0 0 0 0 0 0 0 0 0 0 0 0 0 0 0 0 0 0 0 0 0 0 0 0 0 0 0 0 0 0 0 0 0
0.581015 3.75815e-14 3.75749e-14 6.56552e-18 0.000174701 0.000684283 0 0 0 0 0 0 0 0 0 0 0 0 0 0 0 0 0 0 0 0 0 0 0 0 0 0 0 0 0 0 0 0 0 0 0 0 0 0 0 0 0 0
0.610839 3.47689e-14 3.47635e-14 5.42263e-18 0.000155962 0.000628263 0 0 0 0 0 0 0 0 0 0 0 0 0 0 0 0 0 0 0 0 0 0 0 0 0 0 0 0 0 0 0 0 0 0 0 0 0 0 0 0 0 0
0.642193 3.21785e-14 3.2174e-14 4.47914e-18 0.000139197 0.000576695 0 0 0 0 0 0 0 0 0 0 0 0 0 0 0 0 0 0 0 0 0 0 0 0 0 0 0 0 0 0 0 0 0 0 0 0 0 0 0 0 0 0
0.675157 2.97911e-14 2.97874e-14 3.70001e-18 0.000124199 0.000529236 0 0 0 0 0 0 0 0 0 0 0 0 0 0 0 0 0 0 0 0 0 0 0 0 0 0 0 0 0 0 0 0 0 0 0 0 0 0 0 0 0 0
0.709813 2.75898e-14 2.75867e-14 3.05639e-18 0.00011078 0.000485565 0 0 0 0 0 0 0 0 0 0 0 0 0 0 0 0 0 0 0 0 0 0 0 0 0 0 0 0 0 0 0 0 0 0 0 0 0 0 0 0 0 0
0.746248 2.55583e-14 2.55558e-14 2.52468e-18 9.87813e-05 0.00044541 0 0 0 0 0 0 0 0 0 0 0 0 0 0 0 0 0 0 0 0 0 0 0 0 0 0 0 0 0 0 0 0 0 0 0 0 0 0 0 0 0 0
0.784553 2.36836e-14 2.36815e-14 2.08536e-18 8.80507e-05 0.00040848 0 0 0 0 0 0 0 0 0 0 0 0 0 0 0 0 0 0 0 0 0 0 0 0 0 0 0 0 0 0 0 0 0 0 0 0 0 0 0 0 0 0
0.824824 2.19518e-14 2.19501e-14 1.72244e-18 7.84643e-05 0.000374533 0 0 0 0 0 0 0 0 0 0 0 0 0 0 0 0 0 0 0 0 0 0 0 0 0 0 0 0 0 0 0 0 0 0 0 0 0 0 0 0 0 0
0.867162 2.03527e-14 2.03513e-14 1.42245e-18 6.989e-05 0.000343332 0 0 0 0 0 0 0 0 0 0 0 0 0 0 0 0 0 0 0 0 0 0 0 0 0 0 0 0 0 0 0 0 0 0 0 0 0 0 0 0 0 0
0.911674 1.88743e-14 1.88732e-14 1.17471e-18 6.22384e-05 0.000314671 0 0 0 0 0 0 0 0 0 0 0 0 0 0 0 0 0 0 0 0 0 0 0 0 0 0 0 0 0 0 0 0 0 0 0 0 0 0 0 0 0 0
0.95847 1.75063e-14 1.75053e-14 9.69979e-19 5.54075e-05 0.000288359 0 0 0 0 0 0 0 0 0 0 0 0 0 0 0 0 0 0 0 0 0 0 0 0 0 0 0 0 0 0 0 0 0 0 0 0 0 0 0 0 0 0
1.00767 1.62437e-14 1.62429e-14 8.0099e-19 4.93107e-05 0.000264189 0 0 0 0 0 0 0 0 0 0 0 0 0 0 0 0 0 0 0 0 0 0 0 0 0 0 0 0 0 0 0 0 0 0 0 0 0 0 0 0 0 0
1.05939 1.50752e-14 1.50746e-14 6.61468e-19 4.38778e-05 0.000242016 0 0 0 0 0 0 0 0 0 0 0 0 0 0 0 0 0 0 0 0 0 0 0 0 0 0 0 0 0 0 0 0 0 0 0 0 0 0 0 0 0 0
1.11377 1.3994e-14 1.39935e-14 5.46199e-19 3.90309e-05 0.000221671 0 0 0 0 0 0 0 0 0 0 0 0 0 0 0 0 0 0 0 0 0 0 0 0 0 0 0 0 0 0 0 0 0 0 0 0 0 0 0 0 0 0
1.17094 1.2993e-14 1.29925e-14 4.50961e-19 3.47081e-05 0.000203 0 0 0 0 0 0 0 0 0 0 0 0 0 0 0 0 0 0 0 0 0 0 0 0 0 0 0 0 0 0 0 0 0 0 0 0 0 0 0 0 0 0
1.23105 1.2066e-14 1.20656e-14 3.72289e-19 3.08545e-05 0.000185871 0 0 0 0 0 0 0 0 0 0 0 0 0 0 0 0 0 0 0 0 0 0 0 0 0 0 0 0 0 0 0 0 0 0 0 0 0 0 0 0 0 0
1.29424 1.12075e-14 1.12072e-14 3.07302e-19 2.74193e-05 0.000170156 0 0 0 0 0 0 0 0 0 0 0 0 0 0 0 0 0 0 0 0 0 0 0 0 0 0 0 0 0 0 0 0 0 0 0 0 0 0 0 0 0 0
1.36067 1.04123e-14 1.0412e-14 2.53623e-19 2.4358e-05 0.000155747 0 0 0 0 0 0 0 0 0 0 0 0 0 0 0 0 0 0 0 0 0 0 0 0 0 0 0 0 0 0 0 0 0 0 0 0 0 0 0 0 0 0
1.43051 9.67502e-15 9.67481e-15 2.09294e-19 2.16324e-05 0.000142534 0 0 0 0 0 0 0 0 0 0 0 0 0 0 0 0 0 0 0 0 0 0 0 0 0 0 0 0 0 0 0 0 0 0 0 0 0 0 0 0 0 0
1.50394 8.99126e-15 8.99109e-15 1.72693e-19 1.92067e-05 0.000130423 0 0 0 0 0 0 0 0 0 0 0 0 0 0 0 0 0 0 0 0 0 0 0 0 0 0 0 0 0 0 0 0 0 0 0 0 0 0 0 0 0 0
1.58114 8.35778e-15 8.35764e-15 1.42469e-19 1.70463e-05 0.000119322 0 0 0 0 0 0 0 0 0 0 0 0 0 0 0 0 0 0 0 0 0 0 0 0 0 0 0 0 0 0 0 0 0 0 0 0 0 0 0 0 0 0
1.6623 7.77042e-15 7.7703e-15 1.17518e-19 1.51237e-05 0.00010915 0 0 0 0 0 0 0 0 0 0 0 0 0 0 0 0 0 0 0 0 0 0 0 0 0 0 0 0 0 0 0 0 0 0 0 0 0 0 0 0 0 0
1.74763 7.22509e-15 7.22499e-15 9.69286e-20 1.34156e-05 9.98351e-05 0 0 0 0 0 0 0 0 0 0 0 0 0 0 0 0 0 1.4013e-45 0 1.4013e-45 0 1.4013e-45 0 2.8026e-45 0 2.8026e-45 0 4.2039e-45 0 5.60519e-45 0 7.00649e-45 0 8.40779e-45 0 9.80909e-45 0 1.26117e-44 0 1.54143e-44 0 1.82169e-44
1.83733 6.71948e-15 6.7194e-15 7.99307e-20 1.18954e-05 9.12964e-05 0 0 0 0 0 0 0 1.4013e-45 0 4.2039e-45 0 7.00649e-45 0 1.26117e-44 0 1.96182e-44 0 2.94273e-44 0 4.34403e-44 0 5.88545e-44 0 8.12753e-44 0 1.06499e-43 0 1.38729e-43 0 1.76564e-43 0 2.22806e-43 0 2.74654e-43 0 3.39114e-43 0 4.1058e-43 0 4.93257e-43 0 5.88545e-43
1.93164 6.25019e-15 6.25012e-15 6.59058e-20 1.05446e-05 8.3478e-05 0 1.4013e-45 0 4.2039e-45 0 2.10195e-44 0 6.16571e-44 0 1.30321e-43 0 2.41023e-43 0 4.03574e-43 0 6.30584e-43 0 9.31863e-43 0 1.32983e-42 0 1.82869e-42 0 2.46068e-42 0 3.22159e-42 0 4.14084e-42 0 5.25767e-42 0 6.55527e-42 0 8.07148e-42 0 9.86234e-42 0 1.18956e-41 0 1.42204e-41 0 1.68632e-41
2.03079 5.81465e-15 5.8146e-15 5.43484e-20 9.3468e-06 7.63262e-05 0 2.94273e-44 0 1.34525e-43 0 6.72623e-43 0 1.82589e-42 0 3.81013e-42 0 6.90139e-42 0 1.13281e-41 0 1.74448e-41 0 2.5477e-41 0 3.58985e-41 0 4.88801e-41 0 6.50609e-41 0 8.45291e-41 0 1.07827e-40 0 1.35759e-40 0 1.68188e-40 0 2.05863e-40 0 2.49822e-40 0 2.99711e-40 0 3.56483e-40 0 4.20738e-40
2.13503 5.41087e-15 5.41082e-15 4.48157e-20 8.28253e-06 6.97762e-05 0 8.33773e-43 0 3.73446e-42 0 1.79703e-41 0 4.73401e-41 0 9.6656e-41 0 1.71641e-40 0 2.7739e-40 0 4.20991e-40 0 6.07569e-40 0 8.46119e-40 0 1.14118e-39 0 1.50418e-39 0 1.93875e-39 0 2.45508e-39 0 3.06704e-39 0 3.77553e-39 0 4.59388e-39 0 5.53924e-39 0 6.61018e-39 0 7.82297e-39 0 9.18922e-39
2.24463 5.03566e-15 5.03563e-15 3.69496e-20 7.33758e-06 6.37812e-05 0 2.03833e-41 0 8.89993e-41 0 4.14426e-40 0 1.06532e-39 0 2.13367e-39 0 3.72439e-39 0 5.93473e-39 0 8.88916e-39 0 1.26877e-38 0 1.7481e-38 0 2.33645e-38 0 3.05209e-38 0 3.90382e-38 0 4.90863e-38 0 6.08803e-38 0 7.44811e-38 0 9.01007e-38 0 1.07996e-37 0 1.28208e-37 0 1.50987e-37 0 1.7653e-37
2.35984 4.68723e-15 4.6872e-15 3.04605e-20 6.49862e-06 5.82933e-05 0 4.27886e-40 0 1.82821e-39 0 8.28418e-39 0 2.08652e-38 0 4.11049e-38 0 7.06956e-38 0 1.11249e-37 0 1.64702e-37 0 2.32729e-37 0 3.17582e-37 0 4.20922e-37 0 5.45377e-37 0 6.92575e-37 0 8.65042e-37 0 1.06579e-36 0 1.29624e-36 0 1.55941e-36 0 1.85881e-36 0 2.19573e-36 0 2.57366e-36 0 2.99554e-36
2.48097 4.36365e-15 4.36362e-15 2.51074e-20 5.75377e-06 5.32704e-05 0 7.8027e-39 0 3.26155e-38 0 1.44275e-37 0 3.57093e-37 0 6.93513e-37 0 1.17765e-36 0 1.83288e-36 0 2.68597e-36 0 3.76126e-36 0 5.08892e-36 0 6.69354e-36 0 8.60918e-36 0 1.08607e-35 0 1.34816e-35 0 1.65102e-35 0 1.997e-35 0 2.39001e-35 0 2.83437e-35 0 3.33246e-35 0 3.88862e-35 0 4.50679e-35
2.60832 4.06302e-15 4.063e-15 2.06919e-20 5.09275e-06 4.86742e-05 0 1.25137e-37 0 5.09871e-37 0 2.20282e-36 0 5.36709e-36 0 1.02924e-35 0 1.72834e-35 0 2.66389e-35 0 3.86884e-35 0 5.37422e-35 0 7.21623e-35 0 9.42648e-35 0 1.20448e-34 0 1.51036e-34 0 1.86426e-34 0 2.27058e-34 0 2.73253e-34 0 3.25462e-34 0 3.84173e-34 0 4.49716e-34 0 5.22586e-34 0 6.03248e-34
2.74221 3.78376e-15 3.78374e-15 1.70509e-20 4.50635e-06 4.44682e-05 0 1.78949e-36 0 7.05615e-36 0 2.97058e-35 0 7.12778e-35 0 1.35087e-34 0 2.24562e-34 0 3.43082e-34 0 4.94276e-34 0 6.81637e-34 0 9.09068e-34 0 1.18013e-33 0 1.49904e-33 0 1.86945e-33 0 2.29562e-33 0 2.7821e-33 0 3.33262e-33 0 3.95188e-33 0 4.64487e-33 0 5.41543e-33 0 6.26866e-33 0 7.20947e-33
2.88297 3.5243e-15 3.52429e-15 1.40481e-20 3.98608e-06 4.06202e-05 0 2.31444e-35 0 8.74202e-35 0 3.56798e-34 0 8.42333e-34 0 1.5778e-33 0 2.59765e-33 0 3.93596e-33 0 5.6285e-33 0 7.71029e-33 0 1.02191e-32 0 1.31907e-32 0 1.66651e-32 0 2.06789e-32 0 2.5273e-32 0 3.04902e-32 0 3.63679e-32 0 4.29506e-32 0 5.02845e-32 0 5.84085e-32 0 6.73698e-32 0 7.72149e-32
3.03095 3.28302e-15 3.28301e-15 1.15654e-20 3.52279e-06 3.70934e-05 0 2.74226e-34 0 9.80821e-34 0 3.85182e-33 0 8.92669e-33 0 1.65131e-32 0 2.69214e-32 0 4.04587e-32 0 5.74426e-32 0 7.81864e-32 0 1.03021e-31 0 1.32264e-31 0 1.66262e-31 0 2.05341e-31 0 2.49853e-31 0 3.00164e-31 0 3.56607e-31 0 4.19561e-31 0 4.89416e-31 0 5.66517e-31 0 6.51262e-31 0 7.44047e-31
3.18653 3.06095e-15 3.06094e-15 9.52578e-21 3.11203e-06 3.38662e-05 0 3.00662e-33 0 1.00807e-32 0 3.77558e-32 0 8.56034e-32 0 1.5614e-31 0 2.51884e-31 0 3.75324e-31 0 5.29003e-31 0 7.15444e-31 0 9.37266e-31 0 1.19701e-30 0 1.4974e-30 0 1.84102e-30 0 2.23065e-30 0 2.66909e-30 0 3.15902e-30 0 3.70337e-30 0 4.30512e-30 0 4.967e-30 0 5.69206e-30 0 6.48337e-30
3.35009 2.85462e-15 2.85461e-15 7.84765e-21 2.7491e-06 3.09265e-05 0 3.06079e-32 0 9.56488e-32 0 3.38795e-31 0 7.48463e-31 0 1.34319e-30 0 2.1414e-30 0 3.16129e-30 0 4.42131e-30 0 5.93977e-30 0 7.73547e-30 0 9.82681e-30 0 1.22331e-29 0 1.4973e-29 0 1.80662e-29 0 2.15325e-29 0 2.5391e-29 0 2.96623e-29 0 3.43674e-29 0 3.95256e-29 0 4.51581e-29 0 5.12865e-29
3.52205 2.65764e-15 2.65764e-15 6.47301e-21 2.43562e-06 2.8279e-05 0 2.88467e-31 0 8.40256e-31 0 2.7981e-30 0 5.99952e-30 0 1.05675e-29 0 1.66239e-29 0 2.42889e-29 0 3.36835e-29 0 4.49282e-29 0 5.81453e-29 0 7.34551e-29 0 9.09824e-29 0 1.10849e-28 0 1.33181e-28 0 1.58107e-28 0 1.85749e-28 0 2.1624e-28 0 2.49712e-28 0 2.86291e-28 0 3.26111e-28 0 3.69309e-28
3.70284 2.47321e-15 2.47321e-15 5.32521e-21 2.15315e-06 2.58052e-05 0 2.50985e-30 0 6.85113e-30 0 2.14059e-29 0 4.44144e-29 0 7.6614e-29 0 1.18736e-28 0 1.71499e-28 0 2.35627e-28 0 3.11837e-28 0 4.00858e-28 0 5.03402e-28 0 6.20206e-28 0 7.51992e-28 0 8.99502e-28 0 1.06349e-27 0 1.24467e-27 0 1.44382e-27 0 1.66171e-27 0 1.89908e-27 0 2.1567e-27 0 2.43537e-27
3.89291 2.30606e-15 2.30606e-15 4.38389e-21 1.90103e-06 2.35526e-05 0 2.011e-29 0 5.18896e-29 0 1.52435e-28 0 3.05656e-28 0 5.15564e-28 0 7.86148e-28 0 1.12134e-27 0 1.52508e-27 0 2.00128e-27 0 2.55389e-27 0 3.1868e-27 0 3.90398e-27 0 4.70934e-27 0 5.60689e-27 0 6.60065e-27 0 7.69453e-27 0 8.89266e-27 0 1.01992e-26 0 1.1618e-26 0 1.31533e-26 0 1.48093e-26
4.09273 2.15048e-15 2.15048e-15 3.60906e-21 1.67826e-06 2.14954e-05 0 1.4754e-28 0 3.63373e-28 0 1.00902e-27 0 1.95622e-27 0 3.22474e-27 0 4.83439e-27 0 6.80473e-27 0 9.15537e-27 0 1.19059e-26 0 1.50758e-26 0 1.86846e-26 0 2.27518e-26 0 2.7297e-26 0 3.23399e-26 0 3.79003e-26 0 4.39977e-26 0 5.06523e-26 0 5.78846e-26 0 6.57136e-26 0 7.41598e-26 0 8.32439e-26
4.30281 2.00571e-15 2.00571e-15 2.97068e-21 1.48111e-06 1.96154e-05 0 9.88979e-28 0 2.34643e-27 0 6.20275e-27 0 1.16511e-26 0 1.87795e-26 0 2.76775e-26 0 3.84339e-26 0 5.11381e-26 0 6.58793e-26 0 8.2747e-26 0 1.01829e-25 0 1.23216e-25 0 1.46996e-25 0 1.73259e-25 0 2.02095e-25 0 2.33592e-25 0 2.67843e-25 0 3.04939e-25 1.4013e-45 3.44968e-25 4.2039e-45 3.88021e-25 1.12104e-44 4.34191e-25
4.52368 1.87109e-15 1.87109e-15 2.44512e-21 1.30679e-06 1.78981e-05 0 6.05419e-27 0 1.39473e-26 0 3.53658e-26 0 6.45611e-26 0 1.01887e-25 0 1.4771e-25 0 2.024e-25 0 2.66329e-25 0 3.3987e-25 0 4.23399e-25 0 5.17284e-25 0 6.21904e-25 0 7.37629e-25 0 8.64838e-25 1.4013e-45 1.00391e-24 5.60519e-45 1.15521e-24 1.68156e-44 1.31912e-24 5.04467e-44 1.49603e-24 1.37327e-43 1.68631e-24 3.47522e-43 1.89033e-24 8.4218e-43 2.10849e-24
4.75588 1.74593e-15 1.74592e-15 2.01211e-21 1.15246e-06 1.63275e-05 0 3.38772e-26 0 7.6266e-26 0 1.86827e-25 0 3.32641e-25 0 5.14975e-25 0 7.35197e-25 0 9.94701e-25 0 1.29491e-24 0 1.63726e-24 0 2.02319e-24 0 2.45413e-24 1.4013e-45 2.93155e-24 8.40779e-45 3.45686e-24 3.50325e-44 4.03155e-24 1.26117e-43 4.65708e-24 4.17587e-43 5.33484e-24 1.21913e-42 6.06636e-24 3.47102e-42 6.85313e-24 8.8464e-42 7.69653e-24 2.14903e-41 8.59804e-24 4.98834e-41 9.55918e-24
5 1.62985e-15 1.62985e-15 1.65562e-21 1.01581e-06 1.48924e-05 0 1.73637e-25 0 3.83909e-25 0 9.14244e-25 0 1.59327e-24 0 2.42499e-24 0 3.41399e-24 0 4.56505e-24 0 5.88315e-24 0 7.37336e-24 4.2039e-45 9.0408e-24 2.66247e-44 1.08905e-23 1.35926e-43 1.29277e-23 6.10966e-43 1.51576e-23 2.3738e-42 1.75853e-23 8.09951e-42 2.02162e-23 2.51925e-41 2.30552e-23 6.98127e-41 2.61078e-23 1.88908e-40 2.93794e-23 4.59989e-40 3.28748e-23 1.07015e-39 3.65994e-23 2.38394e-39 4.05587e-23
5.25665 1.52234e-15 1.52233e-15 1.36192e-21 8.94626e-07 1.35788e-05 0 8.17364e-25 0 1.78167e-24 0 4.14618e-24 0 7.09568e-24 0 1.06408e-23 0 1.47953e-23 0 1.95741e-23 4.2039e-45 2.4993e-23 3.92364e-44 3.10683e-23 3.0268e-43 3.78168e-23 1.77404e-42 4.52551e-23 8.55353e-42 5.34003e-23 3.56294e-41 6.22693e-23 1.2969e-40 7.18797e-23 4.16711e-40 8.22488e-23 1.22619e-39 9.33932e-23 3.23308e-39 1.05331e-22 8.33339e-39 1.1808e-22 1.9429e-38 1.31657e-22 4.33754e-38 1.46079e-22 9.29203e-38 1.61365e-22
5.52648 1.42358e-15 1.42358e-15 1.11998e-21 7.86738e-07 1.23751e-05 0 3.54629e-24 0 7.64329e-24 0 1.74551e-23 0 2.94195e-23 0 4.35581e-23 1.4013e-45 5.99065e-23 1.96182e-44 7.85061e-23 2.78858e-43 9.94025e-23 2.56157e-42 1.22644e-22 1.80417e-41 1.48282e-22 9.6883e-41 1.76364e-22 4.32631e-40 2.06945e-22 1.68075e-39 2.40074e-22 5.7439e-39 2.75807e-22 1.74335e-38 3.14197e-22 4.86656e-38 3.55294e-22 1.22383e-37 3.99155e-22 3.01198e-37 4.45837e-22 6.73799e-37 4.95386e-22 1.44642e-36 5.47861e-22 2.98544e-36 6.03316e-22
5.81015 1.33549e-15 1.33549e-15 9.20483e-22 6.89245e-07 1.12662e-05 0 1.42554e-23 0 3.04469e-23 0 6.84662e-23 0 1.13924e-22 1.4013e-45 1.66837e-22 5.88545e-44 2.27282e-22 1.292e-42 2.95359e-22 1.64302e-41 3.71186e-22 1.35765e-40 4.54895e-22 8.69123e-40 5.46622e-22 4.29927e-39 6.46506e-22 1.78458e-38 7.54696e-22 6.48853e-38 8.71335e-22 2.08829e-37 9.9658e-22 6.00381e-37 1.13058e-21 1.59403e-36 1.27349e-21 3.83216e-36 1.42546e-21 9.02561e-36 1.58666e-21 1.94125e-35 1.75722e-21 4.01466e-35 1.93732e-21 7.99827e-35 2.12711e-21
6.10839 1.28009e-15 1.28009e-15 7.56377e-22 5.90876e-07 1.02187e-05 0 5.42489e-23 0 1.15014e-22 0 2.55352e-22 0 4.20321e-22 8.82818e-44 6.09807e-22 3.79752e-42 8.23912e-22 7.12084e-41 1.06284e-21 7.9998e-40 1.32687e-21 5.96287e-39 1.61632e-21 3.48645e-38 1.93153e-21 1.59513e-37 2.27288e-21 6.17673e-37 2.64075e-21 2.10861e-36 3.03552e-21 6.40999e-36 3.45762e-21 1.75025e-35 3.90746e-21 4.43064e-35 4.38542e-21 1.0205e-34 4.89197e-21 2.30506e-34 5.42755e-21 4.77583e-34 5.99253e-21 9.53252e-34 6.58736e-21 1.83628e-33 7.21249e-21
6.42193 1.16798e-15 1.16798e-15 6.28404e-22 5.38026e-07 9.44784e-06 0 1.8268e-22 0 3.84957e-22 0 8.45627e-22 4.2039e-44 1.37927e-21 5.23385e-42 1.98507e-21 1.86404e-40 2.66292e-21 3.02882e-39 3.4131e-21 3.02365e-38 4.23608e-21 2.04322e-37 5.13254e-21 1.09597e-36 6.10324e-21 4.65551e-36 7.14896e-21 1.68741e-35 8.27062e-21 5.42533e-35 9.4691e-21 1.56211e-34 1.07454e-20 4.0612e-34 1.21005e-20 9.82486e-34 1.35353e-20 2.17261e-33 1.5051e-20 4.716e-33 1.66486e-20 9.42962e-33 1.83291e-20 1.81969e-32 2.00934e-20 3.39491e-32 2.19428e-20
6.75157 1.08626e-15 1.08626e-15 5.14293e-22 4.73453e-07 8.577e-06 0 5.84779e-22 0 1.22607e-21 2.8026e-45 2.66927e-21 2.60081e-42 4.32001e-21 2.53523e-40 6.17467e-21 7.58305e-39 8.23195e-21 1.07534e-37 1.04917e-20 9.59438e-37 1.29545e-20 5.90591e-36 1.56215e-20 2.91846e-35 1.84941e-20 1.15519e-34 2.1574e-20 3.93191e-34 2.4863e-20 1.19411e-33 2.8363e-20 3.26516e-33 3.20764e-20 8.10194e-33 3.60052e-20 1.87728e-32 4.01516e-20 3.99353e-32 4.45181e-20 8.34668e-32 4.91072e-20 1.6134e-31 5.3921e-20 3.01514e-31 5.89619e-20 5.4565e-31 6.42327e-20
7.09813 1.02736e-15 1.02736e-15 4.22049e-22 4.10807e-07 7.78704e-06 0 1.78096e-21 0 3.7181e-21 1.86373e-43 8.03343e-21 1.30457e-40 1.29151e-20 1.01703e-38 1.83501e-20 2.57694e-37 2.43323e-20 3.21053e-36 3.08591e-20 2.5742e-35 3.793e-20 1.45003e-34 4.55463e-20 6.62774e-34 5.37103e-20 2.45298e-33 6.24246e-20 7.86449e-33 7.16929e-20 2.26233e-32 8.1519e-20 5.88963e-32 9.19073e-20 1.39798e-31 1.02863e-19 3.10902e-31 1.14389e-19 6.37451e-31 1.26492e-19 1.28521e-30 1.39178e-19 2.40562e-30 1.5245e-19 4.36046e-30 1.66314e-19 7.66587e-30 1.80776e-19
7.46248 9.99587e-16 9.99587e-16 3.4713e-22 3.47273e-07 7.05529e-06 0 5.23623e-21 0 1.0892e-20 1.07564e-41 2.33809e-20 5.47881e-39 3.73733e-20 3.45293e-37 5.28268e-20 7.47171e-36 6.97191e-20 8.23012e-35 8.80376e-20 5.96116e-34 1.07777e-19 3.08611e-33 1.28935e-19 1.30972e-32 1.51515e-19 4.54734e-32 1.75519e-19 1.37731e-31 2.00954e-19 3.76281e-31 2.27826e-19 9.3488e-31 2.56143e-19 2.12736e-30 2.85915e-19 4.55004e-30 3.1715e-19 9.00768e-30 3.49859e-19 1.75497e-29 3.84054e-19 3.1859e-29 4.19742e-19 5.60953e-29 4.56937e-19 9.59384e-29 4.95651e-19
7.84553 9.41545e-16 9.41545e-16 2.91163e-22 3.0924e-07 6.56049e-06 0 1.4028e-20 5.60519e-45 2.90886e-20 4.87332e-40 6.2092e-20 1.83102e-37 9.87569e-20 9.42618e-36 1.38963e-19 1.7554e-34 1.82641e-19 1.71985e-33 2.2975e-19 1.13091e-32 2.80265e-19 5.40313e-32 3.34174e-19 2.13679e-31 3.91473e-19 6.98149e-31 4.5216e-19 2.0032e-30 5.16243e-19 5.21068e-30 5.8373e-19 1.23834e-29 6.54635e-19 2.70702e-29 7.28971e-19 5.57885e-29 8.06752e-19 1.06822e-28 8.88e-19 2.01454e-28 9.72736e-19 3.55218e-28 1.06097e-18 6.08405e-28 1.15273e-18 1.01363e-27 1.24804e-18
8.24824 8.2355e-16 8.2355e-16 2.37805e-22 2.88756e-07 5.99988e-06 0 3.29397e-20 3.69943e-43 6.8119e-20 1.67646e-38 1.44695e-19 4.7157e-36 2.29135e-19 2.00271e-34 3.21144e-19 3.23334e-33 4.2055e-19 2.83383e-32 5.27238e-19 1.69972e-31 6.41137e-19 7.52371e-31 7.62201e-19 2.78224e-30 8.90405e-19 8.57979e-30 1.02573e-18 2.33831e-29 1.16818e-18 5.80499e-29 1.31775e-18 1.32249e-28 1.47446e-18 2.78266e-28 1.63833e-18 5.5358e-28 1.80936e-18 1.02689e-27 1.98761e-18 1.87753e-27 2.1731e-18 3.22017e-27 2.36584e-18 5.37238e-27 2.56587e-18 8.73032e-27 2.77323e-18
8.67162 7.77096e-16 7.77095e-16 1.9627e-22 2.52569e-07 5.48517e-06 0 7.89754e-20 1.91586e-41 1.62932e-19 5.13722e-37 3.44611e-19 1.09725e-34 5.43623e-19 3.8805e-33 7.59254e-19 5.46939e-32 9.91068e-19 4.31155e-31 1.23877e-18 2.36948e-30 1.50215e-18 9.75359e-30 1.78109e-18 3.38374e-29 2.07549e-18 9.87641e-29 2.38528e-18 2.5631e-28 2.71043e-18 6.08674e-28 3.05091e-18 1.33204e-27 3.40674e-18 2.70278e-27 3.77793e-18 5.19932e-27 4.16447e-18 9.3581e-27 4.56644e-18 1.66133e-26 4.98386e-18 2.77529e-26 5.41677e-18 4.5159e-26 5.8652e-18 7.16658e-26 6.32925e-18
9.11674 7.03503e-16 7.03503e-16 1.60577e-22 2.28254e-07 4.99437e-06 1.26117e-44 1.72393e-19 7.72331e-40 3.54914e-19 1.25882e-35 7.47827e-19 2.06918e-33 1.1757e-18 6.14857e-32 1.63696e-18 7.61596e-31 2.13063e-18 5.42799e-30 2.65604e-18 2.74491e-29 3.2127e-18 1.05447e-28 3.80028e-18 3.44264e-28 4.41853e-18 9.53633e-28 5.06726e-18 2.36225e-27 5.74635e-18 5.37782e-27 6.4557e-18 1.13274e-26 7.19528e-18 2.22036e-26 7.96508e-18 4.137e-26 8.76505e-18 7.23544e-26 9.59525e-18 1.249e-25 1.04558e-17 2.03486e-25 1.13465e-17 3.23331e-25 1.22677e-17 5.01676e-25 1.32193e-17
9.5847 6.56719e-16 6.56719e-16 1.3172e-22 2.00572e-07 4.54116e-06 7.03452e-43 3.69158e-19 2.63495e-38 7.58593e-19 2.67471e-34 1.59305e-18 3.4271e-32 2.49696e-18 8.6295e-31 3.46701e-18 9.45309e-30 4.50107e-18 6.12133e-29 5.59762e-18 2.86001e-28 6.75561e-18 1.02882e-27 7.97423e-18 3.17033e-27 9.25289e-18 8.35585e-27 1.05911e-17 1.98016e-26 1.19886e-17 4.3305e-26 1.3445e-17 8.79563e-26 1.49601e-17 1.66835e-25 1.6534e-17 3.01547e-25 1.81664e-17 5.13193e-25 1.98574e-17 8.62587e-25 2.1607e-17 1.37222e-24 2.3415e-17 2.13166e-24 2.52817e-17 3.23727e-24 2.72071e-17
10.0767 6.13966e-16 6.13966e-16 1.08168e-22 1.76179e-07 4.13302e-06 3.33075e-41 7.54995e-19 7.46069e-37 1.54889e-18 4.8269e-33 3.24295e-18 4.87995e-31 5.06938e-18 1.04971e-29 7.02145e-18 1.02306e-28 9.09479e-18 6.0473e-28 1.12863e-17 2.62056e-27 1.35937e-17 8.85565e-27 1.60152e-17 2.583e-26 1.85496e-17 6.49322e-26 2.11958e-17 1.47529e-25 2.39529e-17 3.10542e-25 2.68204e-17 6.09292e-25 2.97977e-17 1.12014e-24 3.28845e-17 1.96692e-24 3.60803e-17 3.26166e-24 3.93853e-17 5.34503e-24 4.27991e-17 8.31244e-24 4.63217e-17 1.26381e-23 4.99529e-17 1.88054e-23 5.3693e-17
10.5939 5.74447e-16 5.74447e-16 8.88409e-23 1.54655e-07 3.76229e-06 1.28723e-39 1.47709e-18 1.76806e-35 3.02579e-18 7.4529e-32 6.31823e-18 6.01439e-30 9.85292e-18 1.11373e-28 1.36168e-17 9.71252e-28 1.76015e-17 5.26403e-27 2.18008e-17 2.12353e-26 2.62103e-17 6.76184e-26 3.08263e-17 1.87185e-25 3.56464e-17 4.49843e-25 4.0668e-17 9.81917e-25 4.58897e-17 1.99314e-24 5.13098e-17 3.784e-24 5.69273e-17 6.75283e-24 6.27414e-17 1.15362e-23 6.8751e-17 1.86634e-23 7.49559e-17 2.98558e-23 8.13558e-17 4.54405e-23 8.79499e-17 6.76882e-23 9.4738e-17 9.87843e-23 1.0172e-16
11.1377 5.4091e-16 5.4091e-16 7.2996e-23 1.3495e-07 3.42337e-06 4.12414e-38 2.78602e-18 3.55753e-34 5.69956e-18 9.97694e-31 1.18728e-17 6.49775e-29 1.84751e-17 1.04343e-27 2.54821e-17 8.1864e-27 3.28781e-17 4.08549e-26 4.06517e-17 1.53961e-25 4.87941e-17 4.63294e-25 5.72988e-17 1.22031e-24 6.61604e-17 2.80977e-24 7.53746e-17 5.90381e-24 8.49378e-17 1.15767e-23 9.48471e-17 2.13012e-23 1.051e-16 3.69537e-23 1.15695e-16 6.15007e-23 1.2663e-16 9.71866e-23 1.37904e-16 1.51944e-22 1.49516e-16 2.26564e-22 1.61464e-16 3.30987e-22 1.73749e-16 4.74209e-22 1.86369e-16
11.7094 5.02072e-16 5.02072e-16 6.00499e-23 1.19604e-07 3.12542e-06 1.08313e-36 4.97276e-18 6.00253e-33 1.0161e-17 1.14247e-29 2.11209e-17 6.06814e-28 3.28019e-17 8.50919e-27 4.5162e-17 6.03725e-26 5.81733e-17 2.7855e-25 7.18154e-17 9.83872e-25 8.6073e-17 2.8056e-24 1.00934e-16 7.04863e-24 1.16389e-16 1.55819e-23 1.3243e-16 3.15746e-23 1.4905e-16 5.99114e-23 1.66244e-16 1.07004e-22 1.84007e-16 1.80706e-22 2.02336e-16 2.93356e-22 2.21227e-16 4.53334e-22 2.40677e-16 6.93456e-22 2.60686e-16 1.01404e-21 2.81248e-16 1.45425e-21 3.02364e-16 2.04726e-21 3.24033e-16
12.3105 4.69901e-16 4.69901e-16 4.93221e-23 1.04963e-07 2.84492e-06 2.40683e-35 8.60907e-18 8.75624e-32 1.75722e-17 1.15268e-28 3.64553e-17 5.04299e-27 5.65183e-17 6.21624e-26 7.76899e-17 4.00804e-25 9.9923e-17 1.71622e-24 1.23182e-16 5.69969e-24 1.47442e-16 1.54426e-23 1.72681e-16 3.70907e-23 1.98883e-16 7.88786e-23 2.26032e-16 1.5442e-22 2.54119e-16 2.83983e-22 2.83132e-16 4.93044e-22 3.13065e-16 8.11609e-22 3.43909e-16 1.28675e-21 3.75658e-16 1.94666e-21 4.08308e-16 2.9166e-21 4.41855e-16 4.18656e-21 4.76293e-16 5.89921e-21 5.11619e-16 8.16727e-21 5.47831e-16
12.9424 4.38705e-16 4.38705e-16 4.05566e-23 9.24463e-08 2.59417e-06 4.51512e-34 1.43294e-17 1.10074e-30 2.92199e-17 1.02041e-27 6.05137e-17 3.71223e-26 9.36697e-17 4.04776e-25 1.28572e-16 2.38287e-24 1.65144e-16 9.50393e-24 2.03327e-16 2.97667e-23 2.43079e-16 7.68182e-23 2.84365e-16 1.76779e-22 3.27157e-16 3.62347e-22 3.71431e-16 6.86473e-22 4.17168e-16 1.22545e-21 4.64351e-16 2.07105e-21 5.12966e-16 3.32723e-21 5.63e-16 5.15773e-21 6.14443e-16 7.64673e-21 6.67285e-16 1.12329e-20 7.21521e-16 1.58418e-20 7.77139e-16 2.19518e-20 8.34135e-16 2.99127e-20 8.92504e-16
13.6067 4.08952e-16 4.08952e-16 3.33123e-23 8.14576e-08 2.36262e-06 7.21603e-33 2.29947e-17 1.20212e-29 4.68491e-17 7.9831e-27 9.68713e-17 2.43682e-25 1.49736e-16 2.36453e-24 2.05262e-16 1.27656e-23 2.63329e-16 4.75895e-23 3.23844e-16 1.40971e-22 3.8674e-16 3.47345e-22 4.51962e-16 7.67457e-22 5.19465e-16 1.5189e-21 5.8921e-16 2.78921e-21 6.61167e-16 4.84022e-21 7.35307e-16 7.97321e-21 8.11607e-16 1.25162e-20 8.90049e-16 1.89913e-20 9.70611e-16 2.76199e-20 1.05328e-15 3.98182e-20 1.13805e-15 5.52213e-20 1.22489e-15 7.53105e-20 1.3138e-15 1.01083e-19 1.40478e-15
14.3051 3.82388e-16 3.82388e-16 2.73641e-23 7.15613e-08 2.15122e-06 9.9471e-32 3.58037e-17 1.15359e-28 7.2889e-17 5.57807e-26 1.50503e-16 1.44095e-24 2.3234e-16 1.25137e-23 3.18127e-16 6.22197e-23 4.07676e-16 2.17518e-22 5.0085e-16 6.11066e-22 5.97543e-16 1.44078e-21 6.9767e-16 3.06254e-21 8.01163e-16 5.8625e-21 9.0796e-16 1.04507e-20 1.01801e-15 1.7654e-20 1.13128e-15 2.8381e-20 1.24772e-15 4.35819e-20 1.36731e-15 6.47957e-20 1.49001e-15 9.25275e-20 1.6158e-15 1.31031e-19 1.74466e-15 1.7884e-19 1.87657e-15 2.40235e-19 2.01151e-15 3.17847e-19 2.14946e-15
15.0394 3.57653e-16 3.57653e-16 2.24777e-23 6.28477e-08 1.95868e-06 1.18812e-30 5.40335e-17 9.76338e-28 1.09924e-16 3.49115e-25 2.26688e-16 7.6946e-24 3.49555e-16 6.01297e-23 4.78119e-16 2.76455e-22 6.12106e-16 9.09186e-22 7.5131e-16 2.42853e-21 8.95574e-16 5.49118e-21 1.04477e-15 1.12502e-20 1.1988e-15 2.08638e-20 1.35757e-15 3.61575e-20 1.521e-15 5.95358e-20 1.68903e-15 9.35182e-20 1.8616e-15 1.40631e-19 2.03868e-15 2.05074e-19 2.22019e-15 2.87793e-19 2.40612e-15 4.00689e-19 2.59643e-15 5.38645e-19 2.79108e-15 7.13206e-19 2.99005e-15 9.3081e-19 3.19331e-15
15.8114 3.34218e-16 3.34218e-16 1.84678e-23 5.52567e-08 1.78401e-06 1.23685e-29 7.90726e-17 7.32401e-27 1.60763e-16 1.9654e-24 3.31155e-16 3.72467e-23 5.10127e-16 2.63266e-22 6.97096e-16 1.12353e-21 8.91669e-16 3.48633e-21 1.09355e-15 8.87617e-21 1.30251e-15 1.92863e-20 1.51837e-15 3.81535e-20 1.74097e-15 6.86549e-20 1.97019e-15 1.15829e-19 2.20592e-15 1.86133e-19 2.44805e-15 2.86e-19 2.69651e-15 4.21598e-19 2.95122e-15 6.03573e-19 3.21212e-15 8.33134e-19 3.47915e-15 1.14136e-18 3.75226e-15 1.51233e-18 4.03139e-15 1.97518e-18 4.3165e-15 2.54452e-18 4.60756e-15
16.623 3.12611e-16 3.12611e-16 1.51693e-23 4.85245e-08 1.62452e-06 1.13178e-28 1.12588e-16 4.90717e-26 2.28776e-16 1.0022e-23 4.70786e-16 1.64517e-22 7.24568e-16 1.05695e-21 9.89309e-16 4.20216e-21 1.26446e-15 1.2338e-20 1.5496e-15 3.00115e-20 1.84442e-15 6.27851e-20 2.14865e-15 1.20137e-19 2.46208e-15 2.10066e-19 2.78452e-15 3.45472e-19 3.11582e-15 5.4245e-19 3.45584e-15 8.16196e-19 3.80447e-15 1.18059e-18 4.16159e-15 1.66082e-18 4.5271e-15 2.25669e-18 4.90093e-15 3.04444e-18 5.28301e-15 3.97889e-18 5.67325e-15 5.12932e-18 6.07158e-15 6.52663e-18 6.47796e-15
17.4762 2.92391e-16 2.92391e-16 1.24617e-23 4.26202e-08 1.47922e-06 9.15215e-28 1.56059e-16 2.95013e-25 3.16954e-16 4.64702e-23 6.51669e-16 6.65423e-22 1.00216e-15 3.90389e-21 1.36732e-15 1.45094e-20 1.74639e-15 4.0419e-20 2.13881e-15 9.41412e-20 2.54414e-15 1.89975e-19 2.96202e-15 3.52174e-19 3.39215e-15 5.99223e-19 3.83428e-15 9.61824e-19 4.28819e-15 1.47733e-18 4.75369e-15 2.17895e-18 5.23061e-15 3.09546e-18 5.71881e-15 4.28265e-18 6.21813e-15 5.73273e-18 6.72848e-15 7.62162e-18 7.24974e-15 9.83163e-18 7.7818e-15 1.25181e-17 8.32457e-15 1.5742e-17 8.87797e-15
18.3733 2.73219e-16 2.73219e-16 1.02375e-23 3.74699e-08 1.34732e-06 6.57407e-27 2.10692e-16 1.5984e-24 4.27731e-16 1.96669e-22 8.78749e-16 2.47299e-21 1.35042e-15 1.33078e-20 1.84128e-15 4.63896e-20 2.35031e-15 1.22923e-19 2.87676e-15 2.74725e-19 3.42004e-15 5.35708e-19 3.97968e-15 9.63609e-19 4.55526e-15 1.59758e-18 5.14644e-15 2.50574e-18 5.75293e-15 3.76891e-18 6.37446e-15 5.4544e-18 7.01081e-15 7.61694e-18 7.66178e-15 1.03725e-17 8.32716e-15 1.36883e-17 9.0068e-15 1.79472e-17 9.70057e-15 2.28652e-17 1.04083e-14 2.87717e-17 1.11298e-14 3.5779e-17 1.18651e-14
19.3164 2.55746e-16 2.55746e-16 8.40797e-24 3.28763e-08 1.2263e-06 4.22995e-26 2.78177e-16 7.86501e-24 5.64523e-16 7.65077e-22 1.159e-15 8.50179e-21 1.78001e-15 4.21413e-20 2.42562e-15 1.38212e-19 3.09452e-15 3.49217e-19 3.78573e-15 7.50427e-19 4.49846e-15 1.41637e-18 5.23207e-15 2.47572e-18 5.98605e-15 4.00445e-18 6.75992e-15 6.1443e-18 7.55329e-15 9.05936e-18 8.36582e-15 1.28763e-17 9.19719e-15 1.76906e-17 1.00471e-14 2.37301e-17 1.09154e-14 3.08946e-17 1.18018e-14 3.99748e-17 1.2706e-14 5.03304e-17 1.3628e-14 6.26251e-17 1.45675e-14 7.70529e-17 1.55243e-14
20.3079 2.39192e-16 2.39192e-16 6.90599e-24 2.88722e-08 1.11647e-06 2.44509e-25 3.58731e-16 3.52258e-23 7.27766e-16 2.74034e-21 1.49328e-15 2.70738e-20 2.29217e-15 1.24109e-19 3.12198e-15 3.84111e-19 3.98103e-15 9.27581e-19 4.86804e-15 1.92019e-18 5.78199e-15 3.51354e-18 6.72209e-15 5.97624e-18 7.68763e-15 9.4422e-18 8.67802e-15 1.41881e-17 9.69274e-15 2.05266e-17 1.07313e-14 2.86784e-17 1.17934e-14 3.87947e-17 1.28786e-14 5.12979e-17 1.39865e-14 6.5931e-17 1.5117e-14 8.42421e-17 1.62696e-14 1.04879e-16 1.74442e-14 1.29114e-16 1.86405e-14 1.57259e-16 1.98583e-14
21.3503 2.23659e-16 2.23659e-16 5.67248e-24 2.53622e-08 1.01657e-06 1.27711e-24 4.52683e-16 1.44346e-22 9.18119e-16 9.07872e-21 1.88292e-15 8.0205e-20 2.88892e-15 3.41328e-19 3.93305e-15 9.99699e-19 5.01318e-15 2.31243e-18 6.12769e-15 4.61992e-18 7.27532e-15 8.20774e-18 8.45502e-15 1.36033e-17 9.6659e-15 2.10179e-17 1.09072e-14 3.09604e-17 1.21783e-14 4.39914e-17 1.34785e-14 6.04666e-17 1.48075e-14 8.05982e-17 1.61646e-14 1.05131e-16 1.75494e-14 1.33474e-16 1.89616e-14 1.68516e-16 2.04009e-14 2.07565e-16 2.18668e-14 2.52947e-16 2.33591e-14 3.05135e-16 2.48774e-14
22.4463 2.09354e-16 2.09354e-16 4.65823e-24 2.22505e-08 9.25343e-07 6.06508e-24 5.60359e-16 5.44211e-22 1.13625e-15 2.79622e-20 2.32927e-15 2.22102e-19 3.57233e-15 8.80671e-19 4.8616e-15 2.44751e-18 6.19446e-15 5.4343e-18 7.56889e-15 1.04962e-17 8.98329e-15 1.81316e-17 1.04364e-14 2.93186e-17 1.1927e-14 4.43471e-17 1.34543e-14 6.41016e-17 1.50173e-14 8.95326e-17 1.66154e-14 1.21167e-16 1.82479e-14 1.59258e-16 1.99141e-14 2.05055e-16 2.16135e-14 2.57322e-16 2.33456e-14 3.21201e-16 2.51101e-14 3.91625e-16 2.69063e-14 4.72666e-16 2.8734e-14 5.64988e-16 3.05927e-14
23.5984 1.95794e-16 1.95794e-16 3.8257e-24 1.95394e-08 8.42575e-07 2.62617e-23 6.79894e-16 1.89192e-21 1.37837e-15 8.02008e-20 2.8246e-15 5.7573e-19 4.3305e-15 2.13438e-18 5.89144e-15 5.64298e-18 7.50418e-15 1.20507e-17 9.16627e-15 2.25396e-17 1.08758e-14 3.79103e-17 1.2631e-14 5.9879e-17 1.44307e-14 8.87607e-17 1.62736e-14 1.26012e-16 1.81587e-14 1.73157e-16 2.00851e-14 2.30902e-16 2.20519e-14 2.99466e-16 2.40584e-14 3.80853e-16 2.61039e-14 4.72661e-16 2.81877e-14 5.83644e-16 3.03094e-14 7.04756e-16 3.24683e-14 8.42818e-16 3.46639e-14 9.98702e-16 3.68957e-14
24.8097 1.83205e-16 1.83205e-16 3.14176e-24 1.71489e-08 7.66927e-07 1.04286e-22 8.10556e-16 6.09695e-21 1.64301e-15 2.15248e-19 3.36587e-15 1.40341e-18 5.1588e-15 4.88036e-18 7.01623e-15 1.23048e-17 8.93425e-15 2.53216e-17 1.09099e-14 4.59353e-17 1.29408e-14 7.53241e-17 1.50251e-14 1.16348e-16 1.71609e-14 1.69184e-16 1.9347e-14 2.36113e-16 2.15819e-14 3.19454e-16 2.38647e-14 4.20042e-16 2.61942e-14 5.37898e-16 2.85695e-14 6.76102e-16 3.09898e-14 8.30282e-16 3.34543e-14 1.01473e-15 3.59623e-14 1.21407e-15 3.8513e-14 1.43928e-15 4.11059e-14 1.69141e-15 4.37404e-14
26.0832 1.7168e-16 1.7168e-16 2.6011e-24 1.51508e-08 6.99653e-07 3.81783e-22 9.51368e-16 1.82994e-20 1.92819e-15 5.42864e-19 3.94906e-15 3.22984e-18 6.05105e-15 1.05687e-17 8.22753e-15 2.54704e-17 1.04739e-14 5.06001e-17 1.27865e-14 8.91616e-17 1.51627e-14 1.42718e-16 1.75999e-14 2.15816e-16 2.00963e-14 3.08138e-16 2.265e-14 4.23095e-16 2.52596e-14 5.64049e-16 2.79236e-14 7.31808e-16 3.06408e-14 9.25891e-16 3.34101e-14 1.15086e-15 3.62304e-14 1.3992e-15 3.91008e-14 1.69337e-15 4.20205e-14 2.00836e-15 4.49884e-14 2.36122e-15 4.8004e-14 2.75307e-15 5.10664e-14
27.4221 1.60672e-16 1.60672e-16 2.138e-24 1.33066e-08 6.36932e-07 1.29016e-21 1.09735e-15 5.11927e-20 2.22382e-15 1.28701e-18 4.5535e-15 7.01872e-18 6.97555e-15 2.16752e-17 9.48222e-15 5.00409e-17 1.20681e-14 9.61358e-17 1.47289e-14 1.64778e-16 1.74614e-14 2.57766e-16 2.02628e-14 3.81998e-16 2.31306e-14 5.36008e-16 2.60629e-14 7.24673e-16 2.90577e-14 9.52629e-16 3.21134e-14 1.22035e-15 3.52286e-14 1.52636e-15 3.84018e-14 1.87719e-15 4.16319e-14 2.2606e-15 4.49176e-14 2.7105e-15 4.82581e-14 3.18802e-15 5.16521e-14 3.71863e-15 5.50988e-14 4.30337e-15 5.85974e-14
28.8297 1.50322e-16 1.50322e-16 1.75248e-24 1.16582e-08 5.79421e-07 4.04392e-21 1.24619e-15 1.34066e-19 2.52522e-15 2.87952e-18 5.16959e-15 1.44554e-17 7.91758e-15 4.22498e-17 1.07602e-14 9.36366e-17 1.36912e-14 1.74245e-16 1.67056e-14 2.90904e-16 1.97997e-14 4.45234e-16 2.297e-14 6.47267e-16 2.62139e-14 8.93328e-16 2.95289e-14 1.19011e-15 3.29128e-14 1.54372e-15 3.63638e-14 1.95379e-15 3.98799e-14 2.41717e-15 4.34598e-14 2.94288e-15 4.71018e-14 3.51193e-15 5.08046e-14 4.17371e-15 5.45671e-14 4.87028e-15 5.83879e-14 5.63834e-15 6.2266e-14 6.47858e-15 6.62004e-14
30.3095 1.40628e-16 1.40628e-16 1.43292e-24 1.01894e-08 5.26831e-07 1.18028e-20 1.39486e-15 3.29809e-19 2.82624e-15 6.0986e-18 5.7847e-15 2.82962e-17 8.85772e-15 7.8484e-17 1.2035e-14 1.67312e-16 1.53094e-14 3.02047e-16 1.86753e-14 4.91809e-16 2.21282e-14 7.37241e-16 2.56644e-14 1.05238e-15 2.92805e-14 1.42977e-15 3.29739e-14 1.87828e-15 3.6742e-14 2.40562e-15 4.05825e-14 3.00981e-15 4.44934e-14 3.68517e-15 4.8473e-14 4.44374e-15 5.25194e-14 5.25744e-15 5.66311e-14 6.1957e-15 6.08067e-14 7.17545e-15 6.50447e-14 8.24786e-15 6.93438e-14 9.41293e-15 7.37029e-14
31.8653 1.31556e-16 1.31556e-16 1.17598e-24 8.93903e-09 4.78781e-07 3.21901e-20 1.54006e-15 7.64518e-19 3.1202e-15 1.22602e-17 6.38512e-15 5.2778e-17 9.77488e-15 1.39276e-16 1.32779e-14 2.86135e-16 1.6886e-14 5.01871e-16 2.05929e-14 7.97952e-16 2.43934e-14 1.17275e-15 2.82833e-14 1.64521e-15 3.22589e-14 2.20201e-15 3.6317e-14 2.85448e-15 4.04547e-14 3.61199e-15 4.46694e-14 4.47001e-15 4.89589e-14 5.41918e-15 5.3321e-14 6.47524e-15 5.77538e-14 7.59829e-15 6.22554e-14 8.88282e-15 6.68243e-14 1.0214e-14 7.14587e-14 1.1661e-14 7.61572e-14 1.32226e-14 8.09186e-14
33.5009 1.23286e-16 1.23286e-16 9.6993e-25 7.8673e-09 4.36662e-07 8.24573e-20 1.6815e-15 1.67776e-18 3.40645e-15 2.34964e-17 6.96945e-15 9.419e-17 1.06668e-14 2.37056e-16 1.44857e-14 4.70197e-16 1.84167e-14 8.02393e-16 2.2453e-14 1.24721e-15 2.65887e-14 1.79889e-15 3.08189e-14 2.48223e-15 3.51397e-14 3.27535e-15 3.95472e-14 4.19241e-15 4.40384e-14 5.24435e-15 4.86103e-14 6.42295e-15 5.32603e-14 7.71395e-15 5.79861e-14 9.13744e-15 6.27853e-14 1.06388e-14 6.7656e-14 1.23429e-14 7.25963e-14 1.40962e-14 7.76044e-14 1.59893e-14 8.26786e-14 1.80197e-14 8.78174e-14
35.2205 1.15421e-16 1.15421e-16 7.97584e-25 6.9102e-09 3.97814e-07 1.98462e-19 1.81172e-15 3.4857e-18 3.66992e-15 4.29137e-17 7.50671e-15 1.60753e-16 1.1486e-14 3.86754e-16 1.55935e-14 7.41893e-16 1.9819e-14 1.23343e-15 2.41547e-14 1.87636e-15 2.85943e-14 2.65836e-15 3.31322e-14 3.61098e-15 3.77641e-14 4.70069e-15 4.24857e-14 5.94475e-15 4.72937e-14 7.35555e-15 5.21846e-14 8.91988e-15 5.71557e-14 1.06174e-14 6.22043e-14 1.24731e-14 6.7328e-14 1.44151e-14 7.25244e-14 1.66032e-14 7.77915e-14 1.88391e-14 8.31274e-14 2.12382e-14 8.85301e-14 2.37957e-14 9.3998e-14
37.0284 1.0803e-16 1.0803e-16 6.54049e-25 6.05435e-09 3.62063e-07 4.50485e-19 1.92888e-15 6.87904e-18 3.9068e-15 7.49204e-17 7.98909e-15 2.63123e-16 1.22203e-14 6.06484e-16 1.65849e-14 1.12697e-15 2.10717e-14 1.82772e-15 2.56721e-14 2.72404e-15 3.03792e-14 3.79425e-15 3.51871e-14 5.07741e-15 4.00908e-14 6.5251e-15 4.50858e-14 8.15794e-15 5.01683e-14 9.98957e-15 5.53347e-14 1.20006e-14 6.05819e-14 1.41634e-14 6.59069e-14 1.65086e-14 7.13072e-14 1.89445e-14 7.67802e-14 2.16701e-14 8.23237e-14 2.44372e-14 8.79355e-14 2.73884e-14 9.36136e-14 3.05168e-14 9.93561e-14
38.9291 1.01139e-16 1.01139e-16 5.34919e-25 5.28896e-09 3.29119e-07 9.67634e-19 2.03148e-15 1.29347e-17 4.11404e-15 1.25371e-16 8.41019e-15 4.14113e-16 1.28599e-14 9.16375e-16 1.74462e-14 1.65207e-15 2.21573e-14 2.61681e-15 2.69838e-14 3.82486e-15 3.19181e-14 5.24204e-15 3.69541e-14 6.91577e-15 4.20861e-14 8.77944e-15 4.73095e-14 1.08574e-14 5.262e-14 1.31643e-14 5.80139e-14 1.56734e-14 6.34877e-14 1.83491e-14 6.90384e-14 2.1228e-14 7.4663e-14 2.41972e-14 8.0359e-14 2.74974e-14 8.61239e-14 3.08272e-14 9.19554e-14 3.43585e-14 9.78514e-14 3.80814e-14 1.0381e-13
40.9273 9.46118e-17 9.46118e-17 4.37723e-25 4.62651e-09 2.98179e-07 1.97005e-18 2.11527e-15 2.32031e-17 4.28301e-15 2.0129e-16 8.75231e-15 6.27206e-16 1.33775e-14 1.33513e-15 1.81406e-14 2.33874e-15 2.30289e-14 3.6222e-15 2.80325e-14 5.19718e-15 3.31433e-14 7.01408e-15 3.83547e-14 9.12925e-15 4.36607e-14 1.14552e-14 4.90565e-14 1.40203e-14 5.45374e-14 1.68401e-14 6.00995e-14 1.98798e-14 6.57392e-14 2.30952e-14 7.14532e-14 2.65293e-14 7.72385e-14 3.00474e-14 8.30923e-14 3.39331e-14 8.90121e-14 3.78306e-14 9.49953e-14 4.19415e-14 1.0104e-13 4.62532e-14 1.07144e-13
43.0281 8.87013e-17 8.87013e-17 3.61234e-25 4.07248e-09 2.72242e-07 3.82301e-18 2.1851e-15 3.9919e-17 4.42352e-15 3.11635e-16 9.03543e-15 9.18617e-16 1.38037e-14 1.88463e-15 1.87094e-14 3.21219e-15 2.3739e-14 4.86985e-15 2.88821e-14 6.86525e-15 3.41302e-14 9.13066e-15 3.94764e-14 1.17322e-14 4.49144e-14 1.45591e-14 5.0439e-14 1.76443e-14 5.60455e-14 2.10042e-14 6.17297e-14 2.45956e-14 6.74879e-14 2.83655e-14 7.33167e-14 3.23635e-14 7.92128e-14 3.64332e-14 8.51734e-14 4.09012e-14 9.1196e-14 4.53577e-14 9.72779e-14 5.0034e-14 1.03417e-13 5.49148e-14 1.09611e-13
45.2368 8.30996e-17 8.30996e-17 2.9718e-25 3.57619e-09 2.4755e-07 7.06781e-18 2.23379e-15 6.58141e-17 4.52099e-15 4.64741e-16 9.22974e-15 1.29951e-15 1.40929e-14 2.57415e-15 1.90907e-14 4.27466e-15 2.42091e-14 6.3503e-15 2.94373e-14 8.80346e-15 3.47666e-14 1.15466e-14 4.01895e-14 1.4656e-14 4.56998e-14 1.79968e-14 5.1292e-14 2.16068e-14 5.69613e-14 2.55034e-14 6.27035e-14 2.96349e-14 6.85146e-14 3.39401e-14 7.43911e-14 3.84755e-14 8.03299e-14 4.30642e-14 8.63281e-14 4.80733e-14 9.23829e-14 5.30429e-14 9.84918e-14 5.82321e-14 1.04652e-13 6.36231e-14 1.10863e-13
47.5588 7.78189e-17 7.78189e-17 2.43784e-25 3.13271e-09 2.24888e-07 1.24813e-17 2.2614e-15 1.04228e-16 4.57558e-15 6.69005e-16 9.33557e-15 1.77907e-15 1.42456e-14 3.40844e-15 1.92855e-14 5.52167e-15 2.44407e-14 8.04586e-15 2.97002e-14 1.09776e-14 3.5055e-14 1.42088e-14 4.04976e-14 1.78264e-14 4.60216e-14 2.16716e-14 5.16214e-14 2.57877e-14 5.72922e-14 3.0193e-14 6.30296e-14 3.48281e-14 6.88298e-14 3.96247e-14 7.46893e-14 4.46457e-14 8.06048e-14 4.96963e-14 8.65734e-14 5.51799e-14 9.25925e-14 6.05928e-14 9.86595e-14 6.62185e-14 1.04772e-13 7.20372e-14 1.10928e-13
50 7.28596e-17 7.28596e-17 1.99461e-25 2.73761e-09 2.04231e-07 2.11055e-17 2.26847e-15 1.58897e-16 4.58833e-15 9.31407e-16 9.35515e-15 2.36138e-15 1.42655e-14 4.38272e-15 1.92988e-14 6.93474e-15 2.44405e-14 9.9209e-15 2.96793e-14 1.33321e-14 3.50062e-14 1.70405e-14 4.04136e-14 2.11438e-14 4.58951e-14 2.54607e-14 5.14453e-14 3.00405e-14 5.70592e-14 3.49027e-14 6.27325e-14 3.99813e-14 6.84614e-14 4.52023e-14 7.42425e-14 5.06346e-14 8.00725e-14 5.6069e-14 8.59487e-14 6.19389e-14 9.18685e-14 6.77052e-14 9.78293e-14 7.36718e-14 1.03829e-13 7.98171e-14 1.09866e-13
52.5665 6.81944e-17 6.81944e-17 1.62812e-25 2.38747e-09 1.84251e-07 3.42412e-17 2.25523e-15 2.33595e-16 4.5598e-15 1.256e-15 9.28972e-15 3.04293e-15 1.41546e-14 5.47974e-15 1.91339e-14 8.4785e-15 2.4213e-14 1.19193e-14 2.93806e-14 1.57883e-14 3.46278e-14 1.99396e-14 3.99471e-14 2.44819e-14 4.53322e-14 2.92145e-14 5.07777e-14 3.41925e-14 5.62789e-14 3.94372e-14 6.18315e-14 4.48774e-14 6.74319e-14 5.04351e-14 7.30767e-14 5.61846e-14 7.87628e-14 6.19064e-14 8.44875e-14 6.80564e-14 9.02484e-14 7.40704e-14 9.60432e-14 8.02671e-14 1.0187e-13 8.66239e-14 1.07726e-13
55.2648 6.39241e-17 6.39241e-17 1.34383e-25 2.10222e-09 1.69445e-07 5.35038e-17 2.22679e-15 3.32342e-16 4.50033e-15 1.64606e-15 9.1605e-15 3.81934e-15 1.39456e-14 6.68322e-15 1.88351e-14 1.01226e-14 2.38147e-14 1.39961e-14 2.88733e-14 1.82867e-14 3.40022e-14 2.28335e-14 3.9194e-14 2.77559e-14 4.44426e-14 3.28371e-14 4.97429e-14 3.81389e-14 5.50902e-14 4.3684e-14 6.04806e-14 4.93981e-14 6.59104e-14 5.52007e-14 7.13766e-14 6.11711e-14 7.68763e-14 6.70832e-14 8.24068e-14 7.34083e-14 8.7966e-14 7.95666e-14 9.35515e-14 8.58867e-14 9.91615e-14 9.23456e-14 1.04794e-13
58.1015 5.99252e-17 5.99252e-17 1.10603e-25 1.84568e-09 1.53974e-07 8.05579e-17 2.1812e-15 4.57701e-16 4.40602e-15 2.09662e-15 8.95975e-15 4.66895e-15 1.36269e-14 7.94983e-15 1.83874e-14 1.17996e-14 2.32272e-14 1.60589e-14 2.81356e-14 2.07101e-14 3.31043e-14 2.5581e-14 3.81261e-14 3.08013e-14 4.31954e-14 3.61428e-14 4.83071e-14 4.16733e-14 5.34569e-14 4.74179e-14 5.86411e-14 5.33004e-14 6.38564e-14 5.92404e-14 6.90998e-14 6.53205e-14 7.43687e-14 7.13129e-14 7.96607e-14 7.76957e-14 8.49738e-14 8.38847e-14 9.0306e-14 9.02121e-14 9.56554e-14 9.66552e-14 1.01021e-13
61.0839 5.61416e-17 5.61416e-17 9.07694e-26 1.61679e-09 1.3974e-07 1.17006e-16 2.11863e-15 6.10727e-16 4.27728e-15 2.59729e-15 8.68856e-15 5.56224e-15 1.32005e-14 9.22807e-15 1.77938e-14 1.34356e-14 2.2455e-14 1.80127e-14 2.7174e-14 2.29436e-14 3.19426e-14 2.80496e-14 3.67544e-14 3.34695e-14 4.16039e-14 3.89692e-14 4.64865e-14 4.4622e-14 5.13982e-14 5.04551e-14 5.63357e-14 5.63928e-14 6.12959e-14 6.23564e-14 6.62761e-14 6.84307e-14 7.1274e-14 7.43907e-14 7.62874e-14 8.07124e-14 8.13146e-14 8.68182e-14 8.63537e-14 9.30381e-14 9.14033e-14 9.93502e-14 9.64619e-14
64.2193 5.25725e-17 5.25725e-17 7.43004e-26 1.41329e-09 1.2723e-07 1.64249e-16 2.04144e-15 7.90871e-16 4.11893e-15 3.13395e-15 8.35698e-15 6.46671e-15 1.26822e-14 1.0467e-14 1.70763e-14 1.49628e-14 2.15264e-14 1.97757e-14 2.60231e-14 2.48941e-14 3.05589e-14 3.0138e-14 3.51278e-14 3.56537e-14 3.97249e-14 4.12063e-14 4.43458e-14 4.6874e-14 4.89871e-14 5.26861e-14 5.36458e-14 5.85692e-14 5.8319e-14 6.44478e-14 6.30046e-14 7.04077e-14 6.77003e-14 7.62307e-14 7.24045e-14 8.23826e-14 7.71155e-14 8.83024e-14 8.18319e-14 9.43123e-14 8.65523e-14 1.00392e-13 9.12756e-14
67.5157 4.9246e-17 4.9246e-17 6.06621e-26 1.23182e-09 1.15807e-07 2.2338e-16 1.95337e-15 9.96148e-16 3.93859e-15 3.69084e-15 7.98076e-15 7.35141e-15 1.20963e-14 1.16229e-14 1.62679e-14 1.63284e-14 2.04838e-14 2.12895e-14 2.47353e-14 2.65013e-14 2.90155e-14 3.1787e-14 3.33191e-14 3.72987e-14 3.76415e-14 4.28056e-14 4.19791e-14 4.83897e-14 4.63287e-14 5.40824e-14 5.06877e-14 5.98139e-14 5.50538e-14 6.55133e-14 5.94249e-14 7.12661e-14 6.37995e-14 7.68642e-14 6.81759e-14 8.27562e-14 7.25528e-14 8.84061e-14 7.69291e-14 9.41235e-14 8.13037e-14 9.98892e-14 8.56757e-14
70.9813 4.61429e-17 4.61429e-17 4.99351e-26 1.08218e-09 1.05333e-07 2.94779e-16 1.85644e-15 1.22203e-15 3.74043e-15 4.24745e-15 7.5686e-15 8.18056e-15 1.14563e-14 1.26483e-14 1.53876e-14 1.74775e-14 1.93516e-14 2.24956e-14 2.33406e-14 2.77063e-14 2.73484e-14 3.29402e-14 3.13703e-14 3.83533e-14 3.54023e-14 4.37232e-14 3.94414e-14 4.91345e-14 4.34848e-14 5.46201e-14 4.75303e-14 6.01152e-14 5.15761e-14 6.55545e-14 5.56204e-14 7.10219e-14 5.9662e-14 7.63221e-14 6.36996e-14 8.18807e-14 6.77322e-14 8.71932e-14 7.17589e-14 9.25527e-14 7.57788e-14 9.79419e-14 7.97914e-14
74.6248 4.3283e-17 4.3283e-17 4.1121e-26 9.50051e-10 9.66697e-08 3.78321e-16 1.7542e-15 1.46319e-15 3.53163e-15 4.7858e-15 7.13533e-15 8.92769e-15 1.0785e-14 1.35138e-14 1.44663e-14 1.83822e-14 1.81693e-14 2.33718e-14 2.18873e-14 2.8496e-14 2.56149e-14 3.35963e-14 2.93479e-14 3.88303e-14 3.30833e-14 4.39874e-14 3.68182e-14 4.91537e-14 4.05505e-14 5.43633e-14 4.42786e-14 5.95568e-14 4.80007e-14 6.46755e-14 5.17158e-14 6.98002e-14 5.54228e-14 7.47502e-14 5.91208e-14 7.99243e-14 6.2809e-14 8.48537e-14 6.64867e-14 8.98124e-14 7.01536e-14 9.4785e-14 7.3809e-14
78.4553 4.05734e-17 4.05734e-17 3.3762e-26 8.3212e-10 8.72829e-08 4.72046e-16 1.64554e-15 1.70905e-15 3.31004e-15 5.27614e-15 6.67681e-15 9.5481e-15 1.00766e-14 1.41646e-14 1.34965e-14 1.89818e-14 1.6928e-14 2.38549e-14 2.03651e-14 2.88074e-14 2.38035e-14 3.36943e-14 2.72396e-14 3.86724e-14 3.06709e-14 4.35461e-14 3.40953e-14 4.84012e-14 3.75111e-14 5.32725e-14 4.0917e-14 5.81067e-14 4.43118e-14 6.28518e-14 4.76948e-14 6.75848e-14 5.10651e-14 7.21409e-14 5.44222e-14 7.68882e-14 5.77657e-14 8.13975e-14 6.10951e-14 8.59214e-14 6.44102e-14 9.04462e-14 6.77107e-14
82.4824 3.80128e-17 3.80128e-17 2.76461e-26 7.27285e-10 7.75043e-08 5.73461e-16 1.53289e-15 1.9499e-15 3.08062e-15 5.69794e-15 6.20327e-15 1.00182e-14 9.34675e-15 1.45803e-14 1.24998e-14 1.92637e-14 1.56551e-14 2.39432e-14 1.88078e-14 2.8652e-14 2.19542e-14 3.32605e-14 2.50917e-14 3.79224e-14 2.82183e-14 4.2459e-14 3.13323e-14 4.69544e-14 3.44327e-14 5.14434e-14 3.75185e-14 5.58793e-14 4.05891e-14 6.02165e-14 4.36438e-14 6.45274e-14 4.66823e-14 6.8664e-14 4.97043e-14 7.29612e-14 5.27096e-14 7.70317e-14 5.56981e-14 8.11048e-14 5.86696e-14 8.51688e-14 6.16242e-14
86.7162 3.56162e-17 3.56162e-17 2.25806e-26 6.33997e-10 6.87829e-08 6.79583e-16 1.4192e-15 2.17685e-15 2.84935e-15 6.03753e-15 5.72698e-15 1.03284e-14 8.61426e-15 1.47609e-14 1.15016e-14 1.92416e-14 1.4383e-14 2.36665e-14 1.72544e-14 2.80773e-14 2.01132e-14 3.2361e-14 2.29574e-14 3.66657e-14 2.57855e-14 4.08308e-14 2.85966e-14 4.49376e-14 3.13898e-14 4.90203e-14 3.41649e-14 5.30383e-14 3.69212e-14 5.69527e-14 3.96588e-14 6.08305e-14 4.23774e-14 6.45402e-14 4.50771e-14 6.8383e-14 4.77579e-14 7.20136e-14 5.04198e-14 7.56377e-14 5.3063e-14 7.92455e-14 5.56875e-14
91.1674 3.33835e-17 3.33835e-17 1.85351e-26 5.55217e-10 6.22542e-08 7.86804e-16 1.30658e-15 2.38125e-15 2.62047e-15 6.28478e-15 5.25662e-15 1.04752e-14 7.89238e-15 1.47147e-14 1.05198e-14 1.8938e-14 1.31342e-14 2.30627e-14 1.57325e-14 2.7138e-14 1.83128e-14 3.10668e-14 2.08738e-14 3.49906e-14 2.34146e-14 3.87667e-14 2.59348e-14 4.24723e-14 2.84341e-14 4.61408e-14 3.09123e-14 4.97374e-14 3.33694e-14 5.32292e-14 3.58056e-14 5.66776e-14 3.82209e-14 5.99672e-14 4.06156e-14 6.33659e-14 4.29899e-14 6.65688e-14 4.5344e-14 6.97588e-14 4.76784e-14 7.29276e-14 4.99932e-14
95.847 3.13178e-17 3.13178e-17 1.52727e-26 4.8767e-10 5.9707e-08 8.91437e-16 1.19695e-15 2.55624e-15 2.39793e-15 6.43601e-15 4.80019e-15 1.04655e-14 7.19325e-15 1.44624e-14 9.57079e-15 1.83895e-14 1.19293e-14 2.21846e-14 1.42667e-14 2.59032e-14 1.65817e-14 2.94634e-14 1.88739e-14 3.29982e-14 2.11427e-14 3.63827e-14 2.33883e-14 3.96895e-14 2.56106e-14 4.295e-14 2.78099e-14 4.61353e-14 2.99865e-14 4.92179e-14 3.21408e-14 5.22531e-14 3.4273e-14 5.51409e-14 3.63837e-14 5.81169e-14 3.84731e-14 6.09151e-14 4.05418e-14 6.36961e-14 4.25902e-14 6.64531e-14 4.46188e-14
100.767 2.93698e-17 2.93698e-17 1.25455e-26 4.27156e-10 5.51013e-08 9.88262e-16 1.09002e-15 2.69225e-15 2.18111e-15 6.48176e-15 4.35653e-15 1.02958e-14 6.51521e-15 1.40088e-14 8.65237e-15 1.76095e-14 1.07656e-14 2.10549e-14 1.28539e-14 2.44043e-14 1.49165e-14 2.75903e-14 1.69536e-14 3.07362e-14 1.89652e-14 3.37339e-14 2.09517e-14 3.66505e-14 2.29136e-14 3.95157e-14 2.48513e-14 4.23054e-14 2.67654e-14 4.4997e-14 2.86564e-14 4.76399e-14 3.0525e-14 5.01482e-14 3.23716e-14 5.27271e-14 3.41969e-14 5.51466e-14 3.60014e-14 5.75465e-14 3.77856e-14 5.99211e-14 3.95501e-14
105.939 2.75307e-17 2.75307e-17 1.0277e-26 3.73294e-10 4.83346e-08 1.07307e-15 9.8684e-16 2.78428e-15 1.97215e-15 6.42447e-15 3.92998e-15 9.98045e-15 5.8648e-15 1.33816e-14 7.77333e-15 1.66393e-14 9.65424e-15 1.97276e-14 1.15072e-14 2.27076e-14 1.33324e-14 2.5525e-14 1.51301e-14 2.82924e-14 1.69012e-14 3.09177e-14 1.86461e-14 3.3462e-14 2.03657e-14 3.59528e-14 2.20607e-14 3.83703e-14 2.37319e-14 4.06961e-14 2.538e-14 4.29741e-14 2.70057e-14 4.51309e-14 2.86097e-14 4.73436e-14 3.01926e-14 4.94153e-14 3.17553e-14 5.14664e-14 3.32981e-14 5.34924e-14 3.48219e-14
111.377 2.57957e-17 2.57957e-17 8.39773e-27 3.25548e-10 4.14366e-08 1.14234e-15 8.88391e-16 2.83e-15 1.77303e-15 6.27195e-15 3.52448e-15 9.54043e-15 5.24791e-15 1.26147e-14 6.9414e-15 1.55253e-14 8.60463e-15 1.82605e-14 1.0238e-14 2.08813e-14 1.18422e-14 2.33449e-14 1.34181e-14 2.5753e-14 1.49666e-14 2.80279e-14 1.64889e-14 3.02246e-14 1.79858e-14 3.2368e-14 1.94582e-14 3.44423e-14 2.09072e-14 3.64326e-14 2.23335e-14 3.83772e-14 2.3738e-14 4.02144e-14 2.51215e-14 4.20954e-14 2.64848e-14 4.38532e-14 2.78285e-14 4.55905e-14 2.91533e-14 4.73037e-14 3.04599e-14
117.094 2.41863e-17 2.41863e-17 6.8734e-27 2.84185e-10 3.88927e-08 1.19477e-15 7.96286e-16 2.83265e-15 1.58695e-15 6.04234e-15 3.14639e-15 9.00959e-15 4.67395e-15 1.17569e-14 6.16899e-15 1.43296e-14 7.63203e-15 1.67273e-14 9.06412e-15 1.90098e-14 1.04665e-14 2.11438e-14 1.18403e-14 2.32203e-14 1.31869e-14 2.51743e-14 1.45075e-14 2.70545e-14 1.58032e-14 2.88836e-14 1.70751e-14 3.06488e-14 1.83243e-14 3.23384e-14 1.95517e-14 3.39855e-14 2.07583e-14 3.55384e-14 2.19448e-14 3.71253e-14 2.31122e-14 3.86057e-14 2.42611e-14 4.00664e-14 2.53922e-14 4.15047e-14 2.65063e-14
123.105 2.26893e-17 2.26893e-17 5.66735e-27 2.49781e-10 4.14501e-08 1.22863e-15 7.1065e-16 2.79395e-15 1.41415e-15 5.7477e-15 2.7961e-15 8.40994e-15 4.14339e-15 1.08385e-14 5.4565e-15 1.30894e-14 6.73675e-15 1.51711e-14 7.9857e-15 1.71405e-14 9.20498e-15 1.89726e-14 1.03961e-14 2.07478e-14 1.15606e-14 2.2412e-14 1.26999e-14 2.40084e-14 1.38153e-14 2.55569e-14 1.49078e-14 2.70475e-14 1.59788e-14 2.84709e-14 1.70291e-14 2.98557e-14 1.80598e-14 3.11588e-14 1.90718e-14 3.24881e-14 2.00657e-14 3.3726e-14 2.10426e-14 3.49457e-14 2.2003e-14 3.61449e-14 2.29476e-14
129.424 2.12889e-17 2.12889e-17 4.65786e-27 2.18793e-10 3.79503e-08 1.24294e-15 6.31388e-16 2.71684e-15 1.25442e-15 5.40049e-15 2.47312e-15 7.76201e-15 3.65535e-15 9.88637e-15 4.8026e-15 1.18364e-14 5.91684e-15 1.36268e-14 7.0001e-15 1.5311e-14 8.05431e-15 1.68703e-14 9.08126e-15 1.83753e-14 1.00826e-14 1.97813e-14 1.10599e-14 2.1126e-14 1.20145e-14 2.24269e-14 1.29476e-14 2.36761e-14 1.38605e-14 2.48665e-14 1.47542e-14 2.60223e-14 1.56296e-14 2.71081e-14 1.64877e-14 2.82138e-14 1.73292e-14 2.9242e-14 1.81551e-14 3.02536e-14 1.89658e-14 3.12469e-14 1.97623e-14
136.067 1.99653e-17 1.99653e-17 3.81732e-27 1.91198e-10 3.44981e-08 1.2372e-15 5.58183e-16 2.60474e-15 1.1071e-15 5.01213e-15 2.17604e-15 7.08322e-15 3.20761e-15 8.92206e-15 4.20415e-15 1.05948e-14 5.16818e-15 1.21202e-14 6.10209e-15 1.35475e-14 7.00805e-15 1.48632e-14 7.88803e-15 1.61283e-14 8.7438e-15 1.73064e-14 9.57695e-15 1.84301e-14 1.03889e-14 1.95144e-14 1.1181e-14 2.05534e-14 1.19543e-14 2.15415e-14 1.27099e-14 2.24992e-14 1.34489e-14 2.33973e-14 1.4172e-14 2.43105e-14 1.48801e-14 2.51586e-14 1.5574e-14 2.59918e-14 1.62542e-14 2.6809e-14 1.69216e-14
143.051 1.87107e-17 1.87107e-17 3.12061e-27 1.66782e-10 3.4697e-08 1.2124e-15 4.90989e-16 2.46339e-15 9.72083e-16 4.59668e-15 1.90454e-15 6.39333e-15 2.79951e-15 7.96903e-15 3.66006e-15 9.39034e-15 4.48913e-15 1.06783e-14 5.28939e-15 1.18774e-14 6.06318e-15 1.29782e-14 6.81257e-15 1.4033e-14 7.53938e-15 1.50125e-14 8.24523e-15 1.59442e-14 8.93157e-15 1.68413e-14 9.59967e-15 1.76991e-14 1.02507e-14 1.85133e-14 1.08857e-14 1.93012e-14 1.15055e-14 2.00389e-14 1.21112e-14 2.07881e-14 1.27033e-14 2.14828e-14 1.32827e-14 2.21646e-14 1.385e-14 2.28325e-14 1.44057e-14
150.394 1.75464e-17 1.75464e-17 2.54661e-27 1.45136e-10 3.51556e-08 1.17218e-15 4.30371e-16 2.30284e-15 8.5045e-16 4.17404e-15 1.66062e-15 5.71879e-15 2.43381e-15 7.05808e-15 3.17367e-15 8.25665e-15 3.88347e-15 9.33639e-15 4.56608e-15 1.03369e-14 5.22392e-15 1.1252e-14 5.85912e-15 1.21261e-14 6.47352e-15 1.29354e-14 7.06873e-15 1.37035e-14 7.64616e-15 1.44415e-14 8.20707e-15 1.51458e-14 8.75257e-15 1.58132e-14 9.28365e-15 1.6458e-14 9.80123e-15 1.70609e-14 1.03061e-14 1.76723e-14 1.0799e-14 1.82386e-14 1.12806e-14 1.87938e-14 1.17515e-14 1.9337e-14 1.22122e-14
158.114 1.64684e-17 1.64684e-17 2.10114e-27 1.27586e-10 2.18727e-08 1.11916e-15 3.76051e-16 2.12975e-15 7.41613e-16 3.75583e-15 1.44297e-15 5.07328e-15 2.10835e-15 6.20332e-15 2.74188e-15 7.20722e-15 3.34705e-15 8.10664e-15 3.92684e-15 8.9365e-15 4.48372e-15 9.69283e-15 5.01982e-15 1.04131e-14 5.53696e-15 1.10783e-14 6.0367e-15 1.17082e-14 6.52042e-15 1.23123e-14 6.98931e-15 1.28877e-14 7.44444e-15 1.34322e-14 7.88675e-15 1.39574e-14 8.31708e-15 1.44479e-14 8.73619e-15 1.49447e-14 9.14474e-15 1.54044e-14 9.54338e-15 1.58546e-14 9.93265e-15 1.62946e-14 1.03131e-14
166.23 1.54569e-17 1.54569e-17 1.72786e-27 1.11786e-10 1.38936e-08 1.05509e-15 3.27329e-16 1.94824e-15 6.44152e-16 3.34788e-15 1.24867e-15 4.46216e-15 1.81865e-15 5.4084e-15 2.35854e-15 6.2433e-15 2.87201e-15 6.98751e-15 3.36204e-15 7.67143e-15 3.83113e-15 8.2927e-15 4.28134e-15 8.88272e-15 4.71444e-15 9.42639e-15 5.13195e-15 9.94015e-15 5.53515e-15 1.04319e-14 5.92519e-15 1.08996e-14 6.30305e-15 1.13415e-14 6.66961e-15 1.17672e-14 7.02567e-15 1.21643e-14 7.3719e-15 1.25661e-14 7.70892e-15 1.29374e-14 8.03732e-15 1.33007e-14 8.35758e-15 1.36555e-14 8.67019e-15
174.763 1.45017e-17 1.45017e-17 1.41677e-27 9.76964e-11 1.60076e-08 9.82432e-16 2.83758e-16 1.76317e-15 5.57145e-16 2.95674e-15 1.07579e-15 3.8915e-15 1.56166e-15 4.67794e-15 2.01945e-15 5.36746e-15 2.45287e-15 5.97919e-15 2.86491e-15 6.53927e-15 3.25799e-15 7.04653e-15 3.63411e-15 7.52703e-15 3.99495e-15 7.96883e-15 4.34193e-15 8.38554e-15 4.67629e-15 8.78373e-15 4.99906e-15 9.16189e-15 5.31117e-15 9.51868e-15 5.61341e-15 9.862e-15 5.90652e-15 1.01819e-14 6.1911e-15 1.05052e-14 6.46773e-15 1.08037e-14 6.73692e-15 1.10955e-14 6.99912e-15 1.13804e-14 7.25474e-15
183.733 1.35986e-17 1.35986e-17 1.15861e-27 8.52007e-11 1.95388e-08 9.03991e-16 2.44986e-16 1.57936e-15 4.79867e-16 2.58822e-15 9.22771e-16 3.36633e-15 1.33493e-15 4.01535e-15 1.72115e-15 4.58103e-15 2.08514e-15 5.08072e-15 2.42981e-15 5.53665e-15 2.75749e-15 5.94843e-15 3.07008e-15 6.33758e-15 3.36916e-15 6.69466e-15 3.65606e-15 7.03088e-15 3.93191e-15 7.35167e-15 4.19766e-15 7.6559e-15 4.45415e-15 7.94258e-15 4.70211e-15 8.21812e-15 4.9422e-15 8.47459e-15 5.17496e-15 8.73357e-15 5.4009e-15 8.9725e-15 5.62048e-15 9.20587e-15 5.8341e-15 9.43347e-15 6.04213e-15
193.164 1.27486e-17 1.27486e-17 9.45223e-28 7.4143e-11 5.59343e-09 8.22744e-16 2.10739e-16 1.40141e-15 4.11738e-16 2.24734e-15 7.88354e-16 2.89056e-15 1.13641e-15 3.42278e-15 1.46074e-15 3.88415e-15 1.76498e-15 4.29005e-15 2.05193e-15 4.65924e-15 2.3238e-15 4.99182e-15 2.58236e-15 5.30544e-15 2.82909e-15 5.59269e-15 3.0652e-15 5.86272e-15 3.29171e-15 6.11999e-15 3.5095e-15 6.36368e-15 3.71932e-15 6.59304e-15 3.92183e-15 6.81327e-15 4.11759e-15 7.01807e-15 4.30712e-15 7.22469e-15 4.49084e-15 7.41516e-15 4.66917e-15 7.60106e-15 4.84246e-15 7.78224e-15 5.01102e-15
203.079 1.19706e-17 1.19706e-17 7.78345e-28 6.50213e-11 9.35259e-10 7.42424e-16 1.80969e-16 1.23472e-15 3.52621e-16 1.94003e-15 6.72121e-16 2.46927e-15 9.65281e-16 2.90394e-15 1.2369e-15 3.27886e-15 1.4905e-15 3.60748e-15 1.72873e-15 3.9055e-15 1.95367e-15 4.17334e-15 2.16695e-15 4.42542e-15 2.36993e-15 4.6559e-15 2.56371e-15 4.87225e-15 2.74922e-15 5.0781e-15 2.92723e-15 5.27286e-15 3.09843e-15 5.45598e-15 3.26339e-15 5.63164e-15 3.42263e-15 5.79485e-15 3.57657e-15 5.95939e-15 3.7256e-15 6.11095e-15 3.87009e-15 6.25878e-15 4.01033e-15 6.40277e-15 4.14661e-15
213.503 1.1237e-17 1.1237e-17 6.40445e-28 5.69945e-11 0 6.63395e-16 1.54868e-16 1.0787e-15 3.00905e-16 1.66266e-15 5.70843e-16 2.0955e-15 8.167e-16 2.44856e-15 1.04317e-15 2.75168e-15 1.25361e-15 3.01646e-15 1.4505e-15 3.25594e-15 1.63577e-15 3.4707e-15 1.81092e-15 3.67245e-15 1.97717e-15 3.85663e-15 2.13552e-15 4.02928e-15 2.28678e-15 4.19337e-15 2.43167e-15 4.34844e-15 2.57076e-15 4.4941e-15 2.70458e-15 4.63371e-15 2.83355e-15 4.76333e-15 2.95808e-15 4.8939e-15 3.07849e-15 5.0141e-15 3.19508e-15 5.13126e-15 3.30813e-15 5.24531e-15 3.41787e-15
224.463 1.05462e-17 1.05462e-17 5.25402e-28 4.98191e-11 0 5.87352e-16 1.32103e-16 9.35e-16 2.55899e-16 1.41539e-15 4.8307e-16 1.76744e-15 6.88404e-16 2.05279e-15 8.7643e-16 2.29673e-15 1.05031e-15 2.50914e-15 1.21234e-15 2.70079e-15 1.36429e-15 2.8723e-15 1.50752e-15 3.03316e-15 1.64312e-15 3.1798e-15 1.77198e-15 3.31709e-15 1.89482e-15 3.44743e-15 2.01227e-15 3.57048e-15 2.12483e-15 3.68597e-15 2.23295e-15 3.79657e-15 2.33702e-15 3.89918e-15 2.43737e-15 4.00248e-15 2.53428e-15 4.09751e-15 2.62802e-15 4.1901e-15 2.71882e-15 4.28017e-15 2.80687e-15
235.984 9.89435e-18 9.89435e-18 4.29861e-28 4.34451e-11 0 5.15447e-16 1.12311e-16 8.04316e-16 2.16867e-16 1.19709e-15 4.07285e-16 1.48192e-15 5.78054e-16 1.71144e-15 7.33491e-16 1.90688e-15 8.76538e-16 2.07657e-15 1.00932e-15 2.22933e-15 1.13341e-15 2.36579e-15 1.25004e-15 2.49358e-15 1.36018e-15 2.60991e-15 1.46461e-15 2.71871e-15 1.56397e-15 2.82189e-15 1.65879e-15 2.91922e-15 1.74952e-15 3.01049e-15 1.83655e-15 3.09784e-15 1.9202e-15 3.17882e-15 2.00075e-15 3.26029e-15 2.07846e-15 3.33521e-15 2.15355e-15 3.40815e-15 2.2262e-15 3.47909e-15 2.29659e-15
248.097 9.27574e-18 9.27574e-18 3.50858e-28 3.78254e-11 0 4.48407e-16 9.51413e-17 6.8669e-16 1.83094e-16 1.00588e-15 3.42018e-16 1.2351e-15 4.83401e-16 1.41883e-15 6.11309e-16 1.57472e-15 7.28456e-16 1.7097e-15 8.36763e-16 1.83096e-15 9.3765e-16 1.93911e-15 1.0322e-15 2.04024e-15 1.12127e-15 2.13219e-15 1.20553e-15 2.2181e-15 1.28555e-15 2.29949e-15 1.36178e-15 2.37621e-15 1.43462e-15 2.44811e-15 1.50437e-15 2.51686e-15 1.57134e-15 2.58056e-15 1.63575e-15 2.64462e-15 1.69781e-15 2.70349e-15 1.75772e-15 2.76079e-15 1.81564e-15 2.81648e-15 1.8717e-15
260.832 8.71195e-18 8.71195e-18 2.88116e-28 3.30714e-11 0 3.87886e-16 8.05241e-17 5.83617e-16 1.54414e-16 8.42208e-16 2.86837e-16 1.02626e-15 4.0368e-16 1.17305e-15 5.0874e-16 1.29719e-15 6.04499e-16 1.40442e-15 6.92685e-16 1.50057e-15 7.74562e-16 1.58618e-15 8.51083e-16 1.66614e-15 9.22993e-16 1.73876e-15 9.90882e-16 1.80655e-15 1.05523e-15 1.87072e-15 1.11643e-15 1.93116e-15 1.17481e-15 1.98775e-15 1.23065e-15 2.04185e-15 1.28419e-15 2.09194e-15 1.33563e-15 2.14229e-15 1.38514e-15 2.18853e-15 1.43289e-15 2.23353e-15 1.47901e-15 2.27724e-15 1.52361e-15
274.221 8.17952e-18 8.17952e-18 2.37221e-28 2.90018e-11 0 3.33053e-16 6.79474e-17 4.92874e-16 1.29808e-16 7.0135e-16 2.39737e-16 8.48512e-16 3.35921e-16 9.65354e-16 4.21875e-16 1.06386e-15 4.99843e-16 1.14877e-15 5.71369e-16 1.22476e-15 6.37565e-16 1.29234e-15 6.99263e-16 1.35537e-15 7.57107e-16 1.41257e-15 8.11606e-16 1.46591e-15 8.63168e-16 1.51636e-15 9.12131e-16 1.56385e-15 9.58771e-16 1.6083e-15 1.00332e-15 1.65075e-15 1.04599e-15 1.69005e-15 1.08693e-15 1.72952e-15 1.12631e-15 1.76577e-15 1.16425e-15 1.80102e-15 1.20086e-15 1.83525e-15 1.23624e-15
288.297 7.67938e-18 7.67938e-18 1.94711e-28 2.5355e-11 0 2.8407e-16 5.71856e-17 4.13892e-16 1.08817e-16 5.81257e-16 1.99767e-16 6.98508e-16 2.78669e-16 7.91215e-16 3.48744e-16 8.69159e-16 4.12007e-16 9.36201e-16 4.69823e-16 9.96114e-16 5.23163e-16 1.04932e-15 5.72747e-16 1.0989e-15 6.1913e-16 1.14384e-15 6.62743e-16 1.18572e-15 7.03936e-16 1.22531e-15 7.42991e-16 1.26255e-15 7.80143e-16 1.29738e-15 8.15588e-16 1.33063e-15 8.49493e-16 1.3614e-15 8.81999e-16 1.39229e-15 9.13229e-16 1.42065e-15 9.43291e-16 1.44822e-15 9.72277e-16 1.47498e-15 1.00027e-15
303.095 7.20782e-18 7.20782e-18 1.59378e-28 2.21117e-11 0 2.40718e-16 4.79947e-17 3.4564e-16 9.09494e-17 4.79449e-16 1.65932e-16 5.72541e-16 2.30421e-16 6.45867e-16 2.87342e-16 7.0736e-16 3.3849e-16 7.60153e-16 3.8506e-16 8.07264e-16 4.27893e-16 8.49052e-16 4.67609e-16 8.87952e-16 5.04679e-16 9.23187e-16 5.39471e-16 9.55996e-16 5.72277e-16 9.86991e-16 6.03335e-16 1.01613e-15 6.3284e-16 1.04337e-15 6.60957e-16 1.06936e-15 6.87824e-16 1.0934e-15 7.13557e-16 1.11753e-15 7.38258e-16 1.13967e-15 7.62015e-16 1.16119e-15 7.84905e-16 1.18207e-15 8.06995e-16
318.653 6.76018e-18 6.76018e-18 1.30145e-28 1.92517e-11 0 2.0264e-16 4.01534e-17 2.87002e-16 7.57587e-17 3.93527e-16 1.37336e-16 4.67166e-16 1.89832e-16 5.24967e-16 2.35885e-16 5.73328e-16 2.77076e-16 6.14776e-16 3.14443e-16 6.51715e-16 3.48711e-16 6.84444e-16 3.80406e-16 7.14884e-16 4.09928e-16 7.42436e-16 4.37585e-16 7.68074e-16 4.63622e-16 7.9228e-16 4.88238e-16 8.15023e-16 5.11594e-16 8.36276e-16 5.33826e-16 8.56549e-16 5.55048e-16 8.7529e-16 5.75356e-16 8.94096e-16 5.94833e-16 9.11344e-16 6.13552e-16 9.28102e-16 6.31574e-16 9.44363e-16 6.48955e-16
335.009 6.34647e-18 6.34647e-18 1.06579e-28 1.67935e-11 0 1.69815e-16 3.35463e-17 2.37437e-16 6.3004e-17 3.22048e-16 1.13464e-16 3.80197e-16 1.56104e-16 4.25696e-16 1.93283e-16 4.63682e-16 2.26386e-16 4.96188e-16 2.56309e-16 5.25123e-16 2.83673e-16 5.50735e-16 3.08922e-16 5.74537e-16 3.32392e-16 5.96065e-16 3.54342e-16 6.16085e-16 3.74975e-16 6.34978e-16 3.94456e-16 6.5272e-16 4.12918e-16 6.69293e-16 4.30473e-16 6.85095e-16 4.47215e-16 6.99699e-16 4.63222e-16 7.14349e-16 4.78561e-16 7.27781e-16 4.93293e-16 7.40827e-16 5.07467e-16 7.53484e-16 5.21128e-16
352.205 5.96218e-18 5.96218e-18 8.78051e-29 1.4727e-11 0 1.41673e-16 2.79812e-17 1.95712e-16 5.23012e-17 2.62765e-16 9.35538e-17 3.08601e-16 1.28105e-16 3.44361e-16 1.5805e-16 3.7416e-16 1.84594e-16 3.99623e-16 2.08507e-16 4.22263e-16 2.30312e-16 4.42286e-16 2.50388e-16 4.6088e-16 2.69013e-16 4.77687e-16 2.86403e-16 4.93309e-16 3.02726e-16 5.08043e-16 3.18118e-16 5.21874e-16 3.3269e-16 5.34789e-16 3.46531e-16 5.47099e-16 3.5972e-16 5.58472e-16 3.72319e-16 5.69877e-16 3.84384e-16 5.80332e-16 3.95963e-16 5.90484e-16 4.07097e-16 6.0033e-16 4.17822e-16
370.284 5.59942e-18 5.59942e-18 7.21112e-29 1.28783e-11 0 1.17587e-16 2.32798e-17 1.60612e-16 4.32965e-17 2.13589e-16 7.69118e-17 2.49627e-16 1.04817e-16 2.77668e-16 1.28858e-16 3.00993e-16 1.50077e-16 3.209e-16 1.69129e-16 3.38581e-16 1.86456e-16 3.54206e-16 2.02373e-16 3.68705e-16 2.17113e-16 3.81804e-16 2.30855e-16 3.93973e-16 2.43736e-16 4.05446e-16 2.55868e-16 4.16211e-16 2.67341e-16 4.26259e-16 2.78229e-16 4.35835e-16 2.88595e-16 4.44678e-16 2.9849e-16 4.53544e-16 3.07959e-16 4.6167e-16 3.17041e-16 4.69558e-16 3.25768e-16 4.77208e-16 3.34171e-16
389.291 5.25738e-18 5.25738e-18 5.90538e-29 1.12326e-11 0 9.71297e-17 1.93209e-17 1.31269e-16 3.57471e-17 1.73011e-16 6.30528e-17 2.0128e-16 8.55196e-17 2.23223e-16 1.04763e-16 2.41446e-16 1.21675e-16 2.56979e-16 1.36812e-16 2.70764e-16 1.50543e-16 2.82937e-16 1.63131e-16 2.94226e-16 1.74768e-16 3.04419e-16 1.856e-16 3.13884e-16 1.95742e-16 3.22805e-16 2.05283e-16 3.31172e-16 2.14296e-16 3.38979e-16 2.22843e-16 3.46417e-16 2.30973e-16 3.53285e-16 2.38728e-16 3.60168e-16 2.46145e-16 3.66475e-16 2.53255e-16 3.72597e-16 2.60083e-16 3.78532e-16 2.66654e-16
409.273 4.93463e-18 4.93463e-18 4.82378e-29 9.77536e-12 0 7.98648e-17 1.59958e-17 1.06867e-16 2.94352e-17 1.39672e-16 5.15461e-17 1.61797e-16 6.95782e-17 1.78934e-16 8.49349e-17 1.93145e-16 9.83768e-17 2.05245e-16 1.1037e-16 2.15975e-16 1.21224e-16 2.25443e-16 1.31154e-16 2.34219e-16 1.40318e-16 2.42139e-16 1.48838e-16 2.49491e-16 1.56804e-16 2.56417e-16 1.6429e-16 2.62911e-16 1.71357e-16 2.68969e-16 1.78052e-16 2.74739e-16 1.84415e-16 2.80065e-16 1.90482e-16 2.85403e-16 1.9628e-16 2.90292e-16 2.01835e-16 2.95037e-16 2.07167e-16 2.99637e-16 2.12296e-16
430.281 4.6303e-18 4.6303e-18 3.93918e-29 8.5074e-12 0 6.53876e-17 1.32111e-17 8.66823e-17 2.41747e-17 1.12402e-16 4.20246e-17 1.29685e-16 5.64544e-17 1.43044e-16 6.86749e-17 1.54107e-16 7.93296e-17 1.63519e-16 8.8808e-17 1.71857e-16 9.73658e-17 1.79211e-16 1.05181e-16 1.86024e-16 1.12382e-16 1.9217e-16 1.19068e-16 1.97872e-16 1.25312e-16 2.03243e-16 1.31175e-16 2.08277e-16 1.36704e-16 2.12972e-16 1.41938e-16 2.17443e-16 1.4691e-16 2.21569e-16 1.51647e-16 2.25702e-16 1.56171e-16 2.29489e-16 1.60504e-16 2.33162e-16 1.64661e-16 2.36723e-16 1.68658e-16
452.368 4.35271e-18 4.35271e-18 3.24748e-29 7.46081e-12 0 5.34327e-17 1.09088e-17 7.02169e-17 1.98461e-17 9.03811e-17 3.4244e-17 1.03885e-16 4.57826e-17 1.14303e-16 5.55016e-17 1.22921e-16 6.39434e-17 1.30246e-16 7.1432e-17 1.36731e-16 7.81784e-17 1.42447e-16 8.43283e-17 1.47741e-16 8.99871e-17 1.52514e-16 9.52339e-17 1.56941e-16 1.00129e-16 1.61109e-16 1.04722e-16 1.65016e-16 1.09049e-16 1.68658e-16 1.13142e-16 1.72125e-16 1.17028e-16 1.75325e-16 1.20728e-16 1.7853e-16 1.24261e-16 1.81465e-16 1.27642e-16 1.84312e-16 1.30885e-16 1.87071e-16 1.34001e-16
475.588 4.0882e-18 4.0882e-18 2.66871e-29 6.52784e-12 0 4.34727e-17 8.98168e-18 5.66614e-17 1.62424e-17 7.24289e-17 2.78158e-17 8.29557e-17 3.70117e-17 9.1064e-17 4.47169e-17 9.77635e-17 5.13852e-17 1.03453e-16 5.72847e-17 1.08487e-16 6.25884e-17 1.12923e-16 6.74152e-17 1.17028e-16 7.18504e-17 1.20729e-16 7.59579e-17 1.2416e-16 7.97866e-17 1.2739e-16 8.3375e-17 1.30416e-16 8.67538e-17 1.33237e-16 8.99481e-17 1.35922e-16 9.29786e-17 1.38399e-16 9.58627e-17 1.4088e-16 9.86148e-17 1.43151e-16 1.01248e-16 1.45355e-16 1.03772e-16 1.4749e-16 1.06197e-16
500 3.83884e-18 3.83884e-18 2.18674e-29 5.69636e-12 0 3.52447e-17 7.37857e-18 4.55849e-17 1.32612e-17 5.78923e-17 2.25386e-17 6.60858e-17 2.98485e-17 7.23875e-17 3.59423e-17 7.7589e-17 4.11977e-17 8.20031e-17 4.58355e-17 8.59067e-17 4.99967e-17 8.93442e-17 5.37777e-17 9.25248e-17 5.72476e-17 9.53909e-17 6.04576e-17 9.80478e-17 6.3447e-17 1.00548e-16 6.62465e-17 1.0289e-16 6.88806e-17 1.05073e-16 7.13694e-17 1.0715e-16 7.37293e-17 1.09066e-16 7.59741e-17 1.10985e-16 7.81152e-17 1.12741e-16 8.01626e-17 1.14445e-16 8.21249e-17 1.16096e-16 8.40094e-17
525.665 3.60556e-18 3.60556e-18 1.78718e-29 4.95672e-12 0 2.84928e-17 6.05123e-18 3.6587e-17 1.08068e-17 4.6182e-17 1.82274e-17 5.25536e-17 2.40264e-17 5.74473e-17 2.8837e-17 6.14829e-17 3.29722e-17 6.49053e-17 3.66125e-17 6.79305e-17 3.98727e-17 7.05932e-17 4.28306e-17 7.30562e-17 4.55419e-17 7.52749e-17 4.80476e-17 7.73312e-17 5.03791e-17 7.92657e-17 5.25609e-17 8.10775e-17 5.46125e-17 8.27658e-17 5.65498e-17 8.43721e-17 5.83858e-17 8.58537e-17 6.01315e-17 8.73371e-17 6.17958e-17 8.8695e-17 6.33868e-17 9.00119e-17 6.49111e-17 9.12876e-17 6.63745e-17
552.648 3.3873e-18 3.3873e-18 1.45725e-29 4.30212e-12 0 2.29735e-17 4.95437e-18 2.93005e-17 8.79059e-18 3.67732e-17 1.47136e-17 4.17239e-17 1.93052e-17 4.55215e-17 2.30964e-17 4.86507e-17 2.6345e-17 5.13028e-17 2.91984e-17 5.3646e-17 3.17494e-17 5.57077e-17 3.40607e-17 5.7614e-17 3.61769e-17 5.93309e-17 3.81308e-17 6.09217e-17 3.99474e-17 6.24181e-17 4.16462e-17 6.38192e-17 4.32427e-17 6.51246e-17 4.47494e-17 6.63665e-17 4.61767e-17 6.75118e-17 4.75332e-17 6.86584e-17 4.8826e-17 6.97078e-17 5.00614e-17 7.07254e-17 5.12447e-17 7.17111e-17 5.23803e-17
581.015 3.18685e-18 3.18685e-18 1.20057e-29 3.76725e-12 0 1.84999e-17 4.05452e-18 2.34453e-17 7.14637e-18 2.92666e-17 1.18702e-17 3.31152e-17 1.55036e-17 3.6064e-17 1.84903e-17 3.84919e-17 2.10419e-17 4.05486e-17 2.32782e-17 4.23649e-17 2.52743e-17 4.39625e-17 2.70805e-17 4.54393e-17 2.87325e-17 4.6769e-17 3.02565e-17 4.80008e-17 3.16724e-17 4.91592e-17 3.29956e-17 5.02438e-17 3.42384e-17 5.12541e-17 3.54108e-17 5.22151e-17 3.65209e-17 5.31013e-17 3.75755e-17 5.39884e-17 3.85803e-17 5.48002e-17 3.95402e-17 5.55873e-17 4.04593e-17 5.63497e-17 4.13411e-17
610.839 2.9976e-18 2.9976e-18 9.87157e-30 3.29316e-12 0 1.48561e-17 3.31118e-18 1.87154e-17 5.79683e-18 2.32445e-17 9.55516e-18 2.62329e-17 1.24242e-17 2.85203e-17 1.47724e-17 3.04024e-17 1.67729e-17 3.19959e-17 1.85228e-17 3.34026e-17 2.00822e-17 3.46396e-17 2.14917e-17 3.57827e-17 2.27795e-17 3.68118e-17 2.39667e-17 3.77649e-17 2.50688e-17 3.86611e-17 2.60982e-17 3.95e-17 2.70646e-17 4.02814e-17 2.79758e-17 4.10246e-17 2.88382e-17 4.17098e-17 2.96573e-17 4.23956e-17 3.04374e-17 4.30232e-17 3.11824e-17 4.36317e-17 3.18955e-17 4.4221e-17 3.25797e-17
642.193 2.81843e-18 2.81843e-18 8.09239e-30 2.87124e-12 0 1.18968e-17 2.69806e-18 1.49035e-17 4.6911e-18 1.84222e-17 7.67383e-18 2.074e-17 9.93421e-18 2.25124e-17 1.17767e-17 2.39698e-17 1.33423e-17 2.52033e-17 1.47091e-17 2.62917e-17 1.59254e-17 2.72486e-17 1.70236e-17 2.81326e-17 1.80261e-17 2.89283e-17 1.89494e-17 2.96651e-17 1.98062e-17 3.03579e-17 2.0606e-17 3.10062e-17 2.13564e-17 3.16101e-17 2.20637e-17 3.21843e-17 2.2733e-17 3.27137e-17 2.33683e-17 3.32435e-17 2.39733e-17 3.37283e-17 2.45509e-17 3.41983e-17 2.51036e-17 3.46535e-17 2.56338e-17
675.157 2.64895e-18 2.64895e-18 6.61563e-30 2.49745e-12 0 9.50183e-18 2.19365e-18 1.18407e-17 3.7876e-18 1.45711e-17 6.14913e-18 1.63667e-17 7.9262e-18 1.77386e-17 9.36917e-18 1.88662e-17 1.05922e-17 1.982e-17 1.1658e-17 2.06614e-17 1.26054e-17 2.1401e-17 1.34597e-17 2.20841e-17 1.4239e-17 2.26988e-17 1.49563e-17 2.3268e-17 1.56214e-17 2.3803e-17 1.6242e-17 2.43037e-17 1.68241e-17 2.47699e-17 1.73725e-17 2.52133e-17 1.78912e-17 2.5622e-17 1.83835e-17 2.6031e-17 1.88522e-17 2.64052e-17 1.92995e-17 2.6768e-17 1.97275e-17 2.71193e-17 2.01379e-17
709.813 2.48879e-18 2.48879e-18 5.3954e-30 2.16788e-12 0 7.5704e-18 1.77973e-18 9.38732e-18 3.05136e-18 1.15035e-17 4.91685e-18 1.28931e-17 6.31119e-18 1.39541e-17 7.43926e-18 1.48257e-17 8.39314e-18 1.55626e-17 9.22308e-18 1.62126e-17 9.95981e-18 1.67837e-17 1.06236e-17 1.73112e-17 1.12286e-17 1.77857e-17 1.17851e-17 1.8225e-17 1.23009e-17 1.8638e-17 1.2782e-17 1.90244e-17 1.3233e-17 1.93841e-17 1.36577e-17 1.97262e-17 1.40594e-17 2.00415e-17 1.44405e-17 2.0357e-17 1.48032e-17 2.06457e-17 1.51493e-17 2.09255e-17 1.54804e-17 2.11965e-17 1.57978e-17
746.248 2.34069e-18 2.34069e-18 4.43401e-30 1.89432e-12 0 6.02576e-18 1.44285e-18 7.4373e-18 2.45629e-18 9.07789e-18 3.92873e-18 1.01539e-17 5.0222e-18 1.09748e-17 5.90382e-18 1.16488e-17 6.64768e-18 1.22186e-17 7.2939e-18 1.27209e-17 7.86689e-18 1.31622e-17 8.3827e-18 1.35698e-17 8.8525e-18 1.39364e-17 9.28439e-18 1.42757e-17 9.68448e-18 1.45946e-17 1.00575e-17 1.4893e-17 1.0407e-17 1.51708e-17 1.07361e-17 1.54349e-17 1.10473e-17 1.56783e-17 1.13424e-17 1.59219e-17 1.16232e-17 1.61448e-17 1.18911e-17 1.63608e-17 1.21473e-17 1.65699e-17 1.2393e-17
784.553 2.20187e-18 2.20187e-18 3.64926e-30 1.65735e-12 0 4.78837e-18 1.16795e-18 5.88426e-18 1.97418e-18 7.15559e-18 3.13461e-18 7.9884e-18 3.99108e-18 8.62339e-18 4.67939e-18 9.14453e-18 5.25896e-18 9.58494e-18 5.76174e-18 9.97316e-18 6.20708e-18 1.03141e-17 6.60764e-18 1.06289e-17 6.97224e-18 1.09121e-17 7.30725e-18 1.11742e-17 7.61744e-18 1.14204e-17 7.9065e-18 1.16508e-17 8.17732e-18 1.18653e-17 8.43223e-18 1.20693e-17 8.67315e-18 1.22572e-17 8.90161e-18 1.24452e-17 9.11895e-18 1.26172e-17 9.32628e-18 1.2784e-17 9.52454e-18 1.29454e-17 9.71455e-18
824.824 2.07045e-18 2.07045e-18 2.99436e-30 1.44624e-12 0 3.79691e-18 9.4344e-19 4.64674e-18 1.58334e-18 5.63094e-18 2.496e-18 6.27497e-18 3.16568e-18 6.76574e-18 3.70223e-18 7.16836e-18 4.15316e-18 7.50852e-18 4.54383e-18 7.80831e-18 4.88953e-18 8.07157e-18 5.20025e-18 8.31459e-18 5.48289e-18 8.53315e-18 5.74247e-18 8.73542e-18 5.98272e-18 8.92546e-18 6.20652e-18 9.10326e-18 6.41614e-18 9.26876e-18 6.6134e-18 9.42609e-18 6.79977e-18 9.57108e-18 6.97648e-18 9.71615e-18 7.14455e-18 9.84885e-18 7.30486e-18 9.97745e-18 7.45813e-18 1.0102e-17 7.605e-18
867.163 1.94615e-18 1.94615e-18 2.45004e-30 1.25892e-12 0 3.00467e-18 7.60527e-19 3.66298e-18 1.26727e-18 4.4242e-18 1.98369e-18 4.92183e-18 2.50645e-18 5.30084e-18 2.9241e-18 5.61168e-18 3.27449e-18 5.87422e-18 3.57769e-18 6.10556e-18 3.84575e-18 6.30868e-18 4.08651e-18 6.49617e-18 4.3054e-18 6.66476e-18 4.50633e-18 6.82077e-18 4.69223e-18 6.96734e-18 4.86535e-18 7.10445e-18 5.02746e-18 7.23208e-18 5.17996e-18 7.35339e-18 5.32403e-18 7.46519e-18 5.4606e-18 7.57704e-18 5.59046e-18 7.67934e-18 5.71431e-18 7.77849e-18 5.83271e-18 7.87447e-18 5.94615e-18
911.674 1.82867e-18 1.82867e-18 1.99932e-30 1.09332e-12 0 2.37322e-18 6.11851e-19 2.88267e-18 1.01229e-18 3.47093e-18 1.57363e-18 3.85515e-18 1.98109e-18 4.14765e-18 2.30576e-18 4.38746e-18 2.57769e-18 4.58997e-18 2.81274e-18 4.76838e-18 3.02037e-18 4.925e-18 3.20675e-18 5.06955e-18 3.3761e-18 5.19952e-18 3.5315e-18 5.31978e-18 3.67522e-18 5.43276e-18 3.80903e-18 5.53844e-18 3.93429e-18 5.6368e-18 4.0521e-18 5.73029e-18 4.16337e-18 5.81644e-18 4.26883e-18 5.90262e-18 4.36911e-18 5.98146e-18 4.46472e-18 6.05785e-18 4.55611e-18 6.13181e-18 4.64367e-18
958.471 1.71921e-18 1.71921e-18 1.63856e-30 9.5309e-13 0 1.87276e-18 4.91708e-19 2.26699e-18 8.07772e-19 2.72163e-18 1.24723e-18 3.01834e-18 1.56463e-18 3.24412e-18 1.81693e-18 3.42918e-18 2.02792e-18 3.58542e-18 2.21011e-18 3.72305e-18 2.37092e-18 3.84385e-18 2.51519e-18 3.95533e-18 2.64622e-18 4.05556e-18 2.76641e-18 4.1483e-18 2.87753e-18 4.23541e-18 2.98096e-18 4.31689e-18 3.07775e-18 4.39272e-18 3.16878e-18 4.46479e-18 3.25473e-18 4.53121e-18 3.33619e-18 4.59764e-18 3.41363e-18 4.65841e-18 3.48745e-18 4.71729e-18 3.55801e-18 4.7743e-18 3.62561e-18
1007.67 1.6174e-18 1.6174e-18 1.34881e-30 8.33937e-13 0 1.47682e-18 3.94799e-19 1.78194e-18 6.44025e-19 2.1334e-18 9.87848e-19 2.36262e-18 1.23503e-18 2.53697e-18 1.43105e-18 2.67984e-18 1.59475e-18 2.80044e-18 1.73597e-18 2.90666e-18 1.86054e-18 2.99988e-18 1.97223e-18 3.0859e-18 2.07362e-18 3.16323e-18 2.1666e-18 3.23477e-18 2.25254e-18 3.30197e-18 2.3325e-18 3.36482e-18 2.40733e-18 3.42331e-18 2.47768e-18 3.47891e-18 2.5441e-18 3.53013e-18 2.60704e-18 3.58137e-18 2.66686e-18 3.62824e-18 2.72389e-18 3.67365e-18 2.77839e-18 3.71761e-18 2.83059e-18
1059.39 1.52098e-18 1.52098e-18 1.1068e-30 7.27687e-13 0 1.16259e-18 3.16363e-19 1.39853e-18 5.12491e-19 1.67003e-18 7.81049e-19 1.84697e-18 9.73274e-19 1.98152e-18 1.12539e-18 2.09174e-18 1.25227e-18 2.18477e-18 1.36162e-18 2.26669e-18 1.45802e-18 2.33858e-18 1.54441e-18 2.40491e-18 1.62281e-18 2.46454e-18 1.69467e-18 2.5197e-18 1.76108e-18 2.57151e-18 1.82286e-18 2.61996e-18 1.88065e-18 2.66506e-18 1.93498e-18 2.70791e-18 1.98627e-18 2.7474e-18 2.03486e-18 2.7869e-18 2.08104e-18 2.82302e-18 2.12506e-18 2.85802e-18 2.16713e-18 2.89191e-18 2.20741e-18
1113.77 1.42978e-18 1.42978e-18 9.05733e-31 6.33475e-13 0 9.13785e-19 2.53032e-19 1.09609e-18 4.07089e-19 1.30566e-18 6.16539e-19 1.44216e-18 7.65846e-19 1.54593e-18 8.83768e-19 1.63092e-18 9.82006e-19 1.70264e-18 1.06661e-18 1.76578e-18 1.14114e-18 1.8212e-18 1.20791e-18 1.87232e-18 1.26848e-18 1.91827e-18 1.32398e-18 1.96078e-18 1.37526e-18 2.00071e-18 1.42296e-18 2.03804e-18 1.46757e-18 2.07279e-18 1.5095e-18 2.10581e-18 1.54907e-18 2.13623e-18 1.58657e-18 2.16666e-18 1.62219e-18 2.19449e-18 1.65615e-18 2.22146e-18 1.6886e-18 2.24756e-18 1.71967e-18
1170.94 1.34358e-18 1.34358e-18 7.39259e-31 5.50214e-13 0 7.17149e-19 2.02006e-19 8.57899e-19 3.228e-19 1.01957e-18 4.8592e-19 1.12481e-18 6.01756e-19 1.20479e-18 6.93076e-19 1.27029e-18 7.6907e-19 1.32555e-18 8.34467e-19 1.3742e-18 8.92051e-19 1.41689e-18 9.43612e-19 1.45627e-18 9.90374e-19 1.49167e-18 1.03321e-18 1.52441e-18 1.07278e-18 1.55516e-18 1.10958e-18 1.58392e-18 1.14399e-18 1.61068e-18 1.17633e-18 1.6361e-18 1.20685e-18 1.65953e-18 1.23576e-18 1.68297e-18 1.26323e-18 1.7044e-18 1.28941e-18 1.72516e-18 1.31442e-18 1.74526e-18 1.33838e-18
1231.05 1.26266e-18 1.26266e-18 6.04047e-31 4.78392e-13 0 5.62255e-19 1.61045e-19 6.70895e-19 2.55636e-19 7.95582e-19 3.82554e-19 8.76713e-19 4.72362e-19 9.38352e-19 5.43044e-19 9.88819e-19 6.01804e-19 1.0314e-18 6.52336e-19 1.06888e-18 6.9681e-19 1.10176e-18 7.36617e-19 1.13209e-18 7.72708e-19 1.15936e-18 8.05765e-19 1.18458e-18 8.36291e-19 1.20826e-18 8.64674e-19 1.2304e-18 8.91214e-19 1.25101e-18 9.16153e-19 1.27059e-18 9.39686e-19 1.28863e-18 9.61974e-19 1.30668e-18 9.83151e-19 1.32318e-18 1.00333e-18 1.33917e-18 1.02261e-18 1.35465e-18 1.04107e-18
1294.24 1.18803e-18 1.18803e-18 4.97586e-31 4.18834e-13 0 4.40894e-19 1.28361e-19 5.24821e-19 2.02425e-19 6.21078e-19 3.01202e-19 6.83682e-19 3.70866e-19 7.31234e-19 4.25609e-19 7.70162e-19 4.71077e-19 8.02999e-19 5.10154e-19 8.31904e-19 5.4453e-19 8.57262e-19 5.75289e-19 8.80652e-19 6.03169e-19 9.01674e-19 6.287e-19 9.21117e-19 6.52272e-19 9.39376e-19 6.74185e-19 9.56449e-19 6.94673e-19 9.72336e-19 7.13922e-19 9.87432e-19 7.32085e-19 1.00134e-18 7.49286e-19 1.01525e-18 7.65627e-19 1.02797e-18 7.81199e-19 1.0403e-18 7.96073e-19 1.05223e-18 8.10316e-19
1360.67 1.11731e-18 1.11731e-18 4.08582e-31 3.65682e-13 0 3.45246e-19 1.02124e-19 4.10034e-19 1.60021e-19 4.84294e-19 2.36796e-19 5.32572e-19 2.90776e-19 5.69235e-19 3.33134e-19 5.99244e-19 3.68286e-19 6.24555e-19 3.9848e-19 6.46834e-19 4.25031e-19 6.66378e-19 4.48781e-19 6.84404e-19 4.70303e-19 7.00603e-19 4.90007e-19 7.15586e-19 5.08196e-19 7.29656e-19 5.25103e-19 7.42812e-19 5.40909e-19 7.55053e-19 5.55758e-19 7.66685e-19 5.69767e-19 7.77401e-19 5.83033e-19 7.88119e-19 5.95635e-19 7.9792e-19 6.07642e-19 8.07416e-19 6.19112e-19 8.16607e-19 6.30094e-19
1430.51 1.05039e-18 1.05039e-18 3.3455e-31 3.18499e-13 0 2.69995e-19 8.11082e-20 3.19977e-19 1.26297e-19 3.77232e-19 1.85899e-19 4.14441e-19 2.27686e-19 4.42693e-19 2.60433e-19 4.65815e-19 2.87588e-19 4.85315e-19 3.10901e-19 5.02477e-19 3.31394e-19 5.17532e-19 3.4972e-19 5.31417e-19 3.66322e-19 5.43895e-19 3.8152e-19 5.55435e-19 3.95547e-19 5.66271e-19 4.08584e-19 5.76404e-19 4.2077e-19 5.85831e-19 4.32217e-19 5.9479e-19 4.43016e-19 6.03042e-19 4.53242e-19 6.11296e-19 4.62955e-19 6.18844e-19 4.72209e-19 6.26157e-19 4.81048e-19 6.33235e-19 4.89511e-19
1503.94 9.87119e-19 9.87119e-19 2.73225e-31 2.7679e-13 0 2.1089e-19 6.43096e-20 2.49425e-19 9.95286e-20 2.93545e-19 1.45748e-19 3.22209e-19 1.78067e-19 3.43968e-19 2.03364e-19 3.61774e-19 2.24326e-19 3.7679e-19 2.42314e-19 3.90006e-19 2.58121e-19 4.01597e-19 2.72252e-19 4.12287e-19 2.85053e-19 4.21894e-19 2.96768e-19 4.30778e-19 3.07579e-19 4.39121e-19 3.17626e-19 4.46921e-19 3.27016e-19 4.54179e-19 3.35836e-19 4.61075e-19 3.44157e-19 4.67427e-19 3.52034e-19 4.73781e-19 3.59517e-19 4.79591e-19 3.66645e-19 4.8522e-19 3.73454e-19 4.90668e-19 3.79973e-19
1581.14 9.27308e-19 9.27308e-19 2.22616e-31 2.40067e-13 0 1.64528e-19 5.09063e-20 1.94221e-19 7.83172e-20 2.28201e-19 1.1412e-19 2.5027e-19 1.39095e-19 2.67021e-19 1.58622e-19 2.80727e-19 1.74793e-19 2.92285e-19 1.88663e-19 3.02456e-19 2.00847e-19 3.11376e-19 2.11738e-19 3.19603e-19 2.21601e-19 3.26996e-19 2.30626e-19 3.33833e-19 2.38954e-19 3.40252e-19 2.46692e-19 3.46254e-19 2.53924e-19 3.51839e-19 2.60717e-19 3.57145e-19 2.67124e-19 3.62033e-19 2.7319e-19 3.66922e-19 2.78951e-19 3.71392e-19 2.84439e-19 3.75723e-19 2.89681e-19 3.79915e-19 2.947e-19
1662.3 8.72576e-19 8.72576e-19 1.83526e-31 2.10326e-13 0 1.28476e-19 4.03142e-20 1.51389e-19 6.16635e-20 1.77599e-19 8.94265e-20 1.94617e-19 1.0875e-19 2.07532e-19 1.23843e-19 2.18099e-19 1.36334e-19 2.27009e-19 1.47044e-19 2.34849e-19 1.5645e-19 2.41725e-19 1.64855e-19 2.48067e-19 1.72466e-19 2.53765e-19 1.79429e-19 2.59034e-19 1.85854e-19 2.63982e-19 1.91824e-19 2.68608e-19 1.97402e-19 2.72912e-19 2.02641e-19 2.77001e-19 2.07582e-19 2.80768e-19 2.1226e-19 2.84536e-19 2.16703e-19 2.87981e-19 2.20935e-19 2.91319e-19 2.24977e-19 2.94549e-19 2.28846e-19
1747.63 8.20736e-19 8.20736e-19 1.50802e-31 1.8374e-13 0 1.0021e-19 3.18748e-20 1.1788e-19 4.84814e-20 1.38086e-19 6.99885e-20 1.51203e-19 8.49265e-20 1.61156e-19 9.65837e-20 1.69298e-19 1.06226e-19 1.76163e-19 1.14491e-19 1.82204e-19 1.21748e-19 1.87502e-19 1.28231e-19 1.92387e-19 1.341e-19 1.96777e-19 1.3947e-19 2.00836e-19 1.44424e-19 2.04648e-19 1.49026e-19 2.08212e-19 1.53326e-19 2.11527e-19 1.57365e-19 2.14677e-19 1.61173e-19 2.17579e-19 1.64779e-19 2.20482e-19 1.68203e-19 2.23135e-19 1.71465e-19 2.25706e-19 1.7458e-19 2.28195e-19 1.77562e-19
1837.33 7.71667e-19 7.71667e-19 1.23554e-31 1.60113e-13 0 7.80782e-20 2.51631e-20 9.16987e-20 3.80647e-20 1.07267e-19 5.471e-20 1.17372e-19 6.62492e-20 1.25038e-19 7.52466e-20 1.31309e-19 8.26854e-20 1.36596e-19 8.90592e-20 1.41248e-19 9.4654e-20 1.45328e-19 9.96517e-20 1.4909e-19 1.04176e-19 1.52471e-19 1.08314e-19 1.55597e-19 1.12132e-19 1.58532e-19 1.15678e-19 1.61276e-19 1.18991e-19 1.63829e-19 1.22103e-19 1.66254e-19 1.25037e-19 1.68489e-19 1.27815e-19 1.70723e-19 1.30453e-19 1.72767e-19 1.32966e-19 1.74746e-19 1.35365e-19 1.76662e-19 1.37662e-19
1931.64 7.25249e-19 7.25249e-19 1.00961e-31 1.39209e-13 0 6.07717e-20 1.98347e-20 7.12645e-20 2.98464e-20 8.32544e-20 4.27174e-20 9.10344e-20 5.16247e-20 9.69366e-20 5.85645e-20 1.01764e-19 6.42996e-20 1.05834e-19 6.92122e-20 1.09415e-19 7.35235e-20 1.12556e-19 7.73741e-20 1.15452e-19 8.08593e-20 1.18054e-19 8.4047e-20 1.2046e-19 8.69874e-20 1.22719e-19 8.97186e-20 1.24831e-19 9.22704e-20 1.26796e-19 9.46665e-20 1.28662e-19 9.69261e-20 1.30382e-19 9.9065e-20 1.32102e-19 1.01096e-19 1.33674e-19 1.03031e-19 1.35198e-19 1.04878e-19 1.36673e-19 1.06647e-19
2030.79 6.81376e-19 6.81376e-19 8.23032e-32 1.2079e-13 0 4.72555e-20 1.56123e-20 5.5335e-20 2.33729e-20 6.45644e-20 3.33174e-20 7.05522e-20 4.01884e-20 7.50942e-20 4.5538e-20 7.88093e-20 4.99572e-20 8.19411e-20 5.37415e-20 8.46965e-20 5.70621e-20 8.71128e-20 6.00273e-20 8.93409e-20 6.27108e-20 9.13428e-20 6.51651e-20 9.31939e-20 6.74288e-20 9.49319e-20 6.95313e-20 9.65568e-20 7.14956e-20 9.80685e-20 7.334e-20 9.95047e-20 7.50792e-20 1.00828e-19 7.67254e-20 1.02151e-19 7.82887e-20 1.03361e-19 7.97777e-20 1.04533e-19 8.11996e-20 1.05667e-19 8.25606e-20
2135.03 6.40916e-19 6.40916e-19 6.76766e-32 1.05594e-13 0 3.67679e-20 1.22905e-20 4.29956e-20 1.83094e-20 5.01079e-20 2.59987e-20 5.47214e-20 3.13037e-20 5.82207e-20 3.54314e-20 6.10827e-20 3.884e-20 6.34952e-20 4.17582e-20 6.56178e-20 4.43183e-20 6.74791e-20 4.66041e-20 6.91953e-20 4.86727e-20 7.07373e-20 5.05643e-20 7.21631e-20 5.23089e-20 7.35018e-20 5.39292e-20 7.47533e-20 5.54429e-20 7.59177e-20 5.68641e-20 7.70239e-20 5.82043e-20 7.80429e-20 5.94727e-20 7.9062e-20 6.06773e-20 7.99937e-20 6.18245e-20 8.08965e-20 6.292e-20 8.17701e-20 6.39685e-20
2244.63 6.02887e-19 6.02887e-19 5.56494e-32 9.23049e-14 0 2.85937e-20 9.66628e-21 3.33938e-20 1.43317e-20 3.88744e-20 2.02752e-20 4.2429e-20 2.43703e-20 4.51249e-20 2.75548e-20 4.73296e-20 3.01835e-20 4.91881e-20 3.24336e-20 5.08232e-20 3.44073e-20 5.22569e-20 3.61693e-20 5.35789e-20 3.77636e-20 5.47667e-20 3.92215e-20 5.58649e-20 4.0566e-20 5.68961e-20 4.18147e-20 5.786e-20 4.29811e-20 5.87569e-20 4.40762e-20 5.96089e-20 4.51088e-20 6.03938e-20 4.60862e-20 6.11787e-20 4.70142e-20 6.18963e-20 4.78981e-20 6.25916e-20 4.87422e-20 6.32645e-20 4.955e-20
2359.84 5.66888e-19 5.66888e-19 4.56223e-32 8.04785e-14 0 2.22165e-20 7.59207e-21 2.59145e-20 1.12049e-20 3.01358e-20 1.57956e-20 3.28732e-20 1.89547e-20 3.49492e-20 2.141e-20 3.66469e-20 2.34363e-20 3.8078e-20 2.51703e-20 3.93369e-20 2.6691e-20 4.04408e-20 2.80486e-20 4.14587e-20 2.92768e-20 4.23732e-20 3.03999e-20 4.32188e-20 3.14355e-20 4.40127e-20 3.23973e-20 4.47549e-20 3.32957e-20 4.54453e-20 3.41392e-20 4.61013e-20 3.49345e-20 4.67056e-20 3.56872e-20 4.73098e-20 3.64019e-20 4.78624e-20 3.70826e-20 4.83977e-20 3.77326e-20 4.89157e-20 3.83547e-20
2480.97 5.32834e-19 5.32834e-19 3.73008e-32 7.00046e-14 0 1.72466e-20 5.95516e-21 2.00941e-20 8.75035e-21 2.3344e-20 1.22936e-20 2.54512e-20 1.47292e-20 2.70491e-20 1.66213e-20 2.83559e-20 1.81823e-20 2.94573e-20 1.95179e-20 3.04262e-20 2.06892e-20 3.12759e-20 2.17346e-20 3.20593e-20 2.26804e-20 3.27631e-20 2.35451e-20 3.34138e-20 2.43425e-20 3.40248e-20 2.50829e-20 3.4596e-20 2.57746e-20 3.51274e-20 2.64239e-20 3.56322e-20 2.70361e-20 3.60972e-20 2.76156e-20 3.65623e-20 2.81658e-20 3.69875e-20 2.86898e-20 3.73994e-20 2.91901e-20 3.77981e-20 2.96689e-20
2608.32 5.00644e-19 5.00644e-19 3.04226e-32 6.0767e-14 0 1.33775e-20 4.66535e-21 1.55692e-20 6.82611e-21 1.80701e-20 9.55913e-21 1.96915e-20 1.14359e-20 2.0921e-20 1.28932e-20 2.19264e-20 1.40952e-20 2.27738e-20 1.51235e-20 2.35192e-20 1.60251e-20 2.41729e-20 1.68298e-20 2.47756e-20 1.75578e-20 2.5317e-20 1.82233e-20 2.58176e-20 1.8837e-20 2.62877e-20 1.94068e-20 2.67271e-20 1.99391e-20 2.71359e-20 2.04387e-20 2.75242e-20 2.09099e-20 2.78819e-20 2.13557e-20 2.82397e-20 2.17791e-20 2.85668e-20 2.21823e-20 2.88837e-20 2.25672e-20 2.91904e-20 2.29357e-20
2742.21 4.70738e-19 4.70738e-19 2.49502e-32 5.30023e-14 0 1.03794e-20 3.65442e-21 1.20673e-20 5.3252e-21 1.39932e-20 7.43424e-21 1.52416e-20 8.88118e-21 1.61883e-20 1.00043e-20 1.69623e-20 1.09304e-20 1.76147e-20 1.17226e-20 1.81886e-20 1.24171e-20 1.86919e-20 1.30369e-20 1.91558e-20 1.35975e-20 1.95727e-20 1.41101e-20 1.99581e-20 1.45827e-20 2.03199e-20 1.50215e-20 2.06582e-20 1.54314e-20 2.09729e-20 1.58161e-20 2.12719e-20 1.61789e-20 2.15472e-20 1.65222e-20 2.18226e-20 1.68482e-20 2.20744e-20 1.71586e-20 2.23184e-20 1.7455e-20 2.25545e-20 1.77387e-20
2882.97 4.42846e-19 4.42846e-19 2.05315e-32 4.63626e-14 0 8.05398e-21 2.86169e-21 9.35459e-21 4.15374e-21 1.08383e-20 5.7817e-21 1.18e-20 6.89764e-21 1.25292e-20 7.76351e-21 1.31255e-20 8.47737e-21 1.3628e-20 9.0879e-21 1.40701e-20 9.6231e-21 1.44577e-20 1.01007e-20 1.48151e-20 1.05327e-20 1.51361e-20 1.09276e-20 1.5433e-20 1.12917e-20 1.57117e-20 1.16298e-20 1.59722e-20 1.19456e-20 1.62146e-20 1.2242e-20 1.64448e-20 1.25215e-20 1.66569e-20 1.27859e-20 1.6869e-20 1.30371e-20 1.7063e-20 1.32762e-20 1.72509e-20 1.35045e-20 1.74327e-20 1.37231e-20
3030.95 4.16441e-19 4.16441e-19 1.68428e-32 4.04445e-14 0 6.24465e-21 2.23827e-21 7.24635e-21 3.23667e-21 8.3889e-21 4.49251e-21 9.12946e-21 5.3527e-21 9.69093e-21 6.01992e-21 1.015e-20 6.5699e-21 1.05369e-20 7.04021e-21 1.08773e-20 7.45245e-21 1.11757e-20 7.82031e-21 1.14509e-20 8.15302e-21 1.1698e-20 8.45716e-21 1.19266e-20 8.73757e-21 1.21411e-20 8.99792e-21 1.23417e-20 9.24109e-21 1.25283e-20 9.46935e-21 1.27056e-20 9.68456e-21 1.28689e-20 9.88821e-21 1.30322e-20 1.00816e-20 1.31815e-20 1.02657e-20 1.33261e-20 1.04415e-20 1.34661e-20 1.06098e-20
3186.53 3.91461e-19 3.91461e-19 1.37789e-32 3.51987e-14 0 4.83815e-21 1.74869e-21 5.6093e-21 2.51961e-21 6.48878e-21 3.48783e-21 7.05878e-21 4.15055e-21 7.49092e-21 4.66444e-21 7.84425e-21 5.08796e-21 8.14203e-21 5.45009e-21 8.40397e-21 5.76749e-21 8.63365e-21 6.05069e-21 8.84539e-21 6.30682e-21 9.03562e-21 6.54095e-21 9.21151e-21 6.75681e-21 9.37663e-21 6.95722e-21 9.531e-21 7.1444e-21 9.6746e-21 7.3201e-21 9.81103e-21 7.48574e-21 9.93669e-21 7.6425e-21 1.00624e-20 7.79133e-21 1.01773e-20 7.93307e-21 1.02886e-20 8.06839e-21 1.03963e-20 8.1979e-21
3350.09 3.67836e-19 3.67836e-19 1.12438e-32 3.05673e-14 0 3.74567e-21 1.36468e-21 4.33907e-21 1.95954e-21 5.01576e-21 2.70558e-21 5.45429e-21 3.2159e-21 5.78676e-21 3.6115e-21 6.05858e-21 3.93749e-21 6.28767e-21 4.2162e-21 6.48918e-21 4.46046e-21 6.66587e-21 4.67839e-21 6.82876e-21 4.87549e-21 6.9751e-21 5.05565e-21 7.1104e-21 5.22173e-21 7.23743e-21 5.37594e-21 7.35618e-21 5.51996e-21 7.46665e-21 5.65514e-21 7.57159e-21 5.78259e-21 7.66826e-21 5.90319e-21 7.76493e-21 6.0177e-21 7.85331e-21 6.12675e-21 7.93894e-21 6.23086e-21 8.02181e-21 6.3305e-21
3522.05 3.45739e-19 3.45739e-19 9.19651e-33 2.65996e-14 0 2.89978e-21 1.06459e-21 3.35651e-21 1.52359e-21 3.8773e-21 2.09851e-21 4.21479e-21 2.49155e-21 4.47064e-21 2.79616e-21 4.67982e-21 3.04714e-21 4.85611e-21 3.26169e-21 5.01117e-21 3.44971e-21 5.14713e-21 3.61746e-21 5.27248e-21 3.76917e-21 5.38509e-21 3.90783e-21 5.4892e-21 4.03566e-21 5.58695e-21 4.15434e-21 5.67832e-21 4.26518e-21 5.76332e-21 4.36922e-21 5.84408e-21 4.4673e-21 5.91846e-21 4.56012e-21 5.99285e-21 4.64824e-21 6.06086e-21 4.73216e-21 6.12674e-21 4.81228e-21 6.19051e-21 4.88896e-21
3702.84 3.25283e-19 3.25283e-19 7.57345e-33 2.32826e-14 0 2.24637e-21 8.30739e-22 2.59824e-21 1.18517e-21 2.99943e-21 1.62857e-21 3.2594e-21 1.93155e-21 3.45647e-21 2.1663e-21 3.61759e-21 2.3597e-21 3.75338e-21 2.52501e-21 3.87281e-21 2.66988e-21 3.97754e-21 2.79912e-21 4.07408e-21 2.916e-21 4.16082e-21 3.02282e-21 4.24101e-21 3.12129e-21 4.31629e-21 3.21272e-21 4.38667e-21 3.29811e-21 4.45214e-21 3.37825e-21 4.51434e-21 3.45381e-21 4.57163e-21 3.5253e-21 4.62892e-21 3.59318e-21 4.6813e-21 3.65783e-21 4.73205e-21 3.71954e-21 4.78116e-21 3.77861e-21
3892.91 3.05916e-19 3.05916e-19 6.21698e-33 2.03225e-14 0 1.73899e-21 6.47594e-22 2.00995e-21 9.21097e-22 2.31887e-21 1.26289e-21 2.51904e-21 1.49632e-21 2.67078e-21 1.67716e-21 2.79483e-21 1.82612e-21 2.89938e-21 1.95344e-21 2.99134e-21 2.06501e-21 3.07196e-21 2.16454e-21 3.1463e-21 2.25454e-21 3.21307e-21 2.3368e-21 3.27481e-21 2.41263e-21 3.33277e-21 2.48303e-21 3.38696e-21 2.54877e-21 3.43736e-21 2.61049e-21 3.48525e-21 2.66866e-21 3.52936e-21 2.72372e-21 3.57346e-21 2.77598e-21 3.61379e-21 2.82576e-21 3.65286e-21 2.87327e-21 3.69067e-21 2.91875e-21
4092.73 2.8759e-19 2.8759e-19 5.08889e-33 1.7695e-14 0 1.3453e-21 5.04327e-22 1.55388e-21 7.15253e-22 1.79165e-21 9.78587e-22 1.94571e-21 1.15836e-21 2.0625e-21 1.2976e-21 2.15797e-21 1.41228e-21 2.23843e-21 1.51029e-21 2.3092e-21 1.59618e-21 2.37126e-21 1.67279e-21 2.42846e-21 1.74207e-21 2.47985e-21 1.80539e-21 2.52737e-21 1.86376e-21 2.57197e-21 1.91794e-21 2.61367e-21 1.96855e-21 2.65247e-21 2.01605e-21 2.68932e-21 2.06082e-21 2.72326e-21 2.1032e-21 2.75721e-21 2.14342e-21 2.78824e-21 2.18173e-21 2.81831e-21 2.21831e-21 2.84741e-21 2.25331e-21
4302.81 2.70262e-19 2.70262e-19 4.15508e-33 1.53742e-14 0 1.04008e-21 3.92387e-22 1.20057e-21 5.54961e-22 1.38351e-21 7.57748e-22 1.50204e-21 8.96129e-22 1.59189e-21 1.00329e-21 1.66534e-21 1.09155e-21 1.72724e-21 1.16698e-21 1.78169e-21 1.23306e-21 1.82943e-21 1.29201e-21 1.87344e-21 1.34532e-21 1.91297e-21 1.39404e-21 1.94952e-21 1.43895e-21 1.98384e-21 1.48064e-21 2.01592e-21 1.51958e-21 2.04576e-21 1.55612e-21 2.07411e-21 1.59057e-21 2.10023e-21 1.62317e-21 2.12634e-21 1.65412e-21 2.15022e-21 1.68359e-21 2.17334e-21 1.71173e-21 2.19573e-21 1.73866e-21
4523.68 2.53928e-19 2.53928e-19 3.38894e-33 1.33461e-14 0 8.03745e-22 3.05065e-22 9.27204e-22 4.30323e-22 1.06793e-21 5.86437e-22 1.1591e-21 6.9293e-22 1.22821e-21 7.75389e-22 1.28471e-21 8.43291e-22 1.33232e-21 9.0132e-22 1.37419e-21 9.5216e-22 1.41091e-21 9.97511e-22 1.44476e-21 1.03852e-21 1.47517e-21 1.07599e-21 1.50329e-21 1.11054e-21 1.52968e-21 1.14261e-21 1.55435e-21 1.17256e-21 1.57731e-21 1.20067e-21 1.59911e-21 1.22717e-21 1.6192e-21 1.25225e-21 1.63928e-21 1.27606e-21 1.65764e-21 1.29873e-21 1.67543e-21 1.32037e-21 1.69265e-21 1.34108e-21
4755.88 2.38925e-19 2.38925e-19 2.79297e-33 1.16898e-14 0 6.21857e-22 2.37394e-22 7.16964e-22 3.34024e-22 8.25366e-22 4.54369e-22 8.95595e-22 5.36436e-22 9.48828e-22 5.99973e-22 9.92347e-22 6.52289e-22 1.02902e-21 6.96996e-22 1.06128e-21 7.36163e-22 1.08956e-21 7.711e-22 1.11563e-21 8.0269e-22 1.13905e-21 8.31561e-22 1.16071e-21 8.58173e-22 1.18104e-21 8.82878e-22 1.20004e-21 9.05949e-22 1.21772e-21 9.27603e-22 1.23452e-21 9.48016e-22 1.24999e-21 9.67332e-22 1.26546e-21 9.85671e-22 1.2796e-21 1.00313e-21 1.29331e-21 1.0198e-21 1.30657e-21 1.03576e-21
5000 2.24719e-19 2.24719e-19 2.29429e-33 1.02096e-14 0 4.80827e-22 1.84568e-22 5.54063e-22 2.59072e-22 6.37532e-22 3.51799e-22 6.91607e-22 4.15013e-22 7.32594e-22 4.63948e-22 7.66101e-22 5.04238e-22 7.94338e-22 5.38666e-22 8.19174e-22 5.68828e-22 8.40949e-22 5.95731e-22 8.61024e-22 6.20057e-22 8.79058e-22 6.42288e-22 8.95731e-22 6.62779e-22 9.11384e-22 6.81803e-22 9.26016e-22 6.99567e-22 9.39628e-22 7.16241e-22 9.52559e-22 7.31959e-22 9.64469e-22 7.46832e-22 9.7638e-22 7.60952e-22 9.8727e-22 7.74397e-22 9.9782e-22 7.87234e-22 1.00803e-21 7.99519e-22
