# 9.04348e-05 1 75 : grain size, compostion index, size index
# Heating and cooling timescale: 0.00034535 5.39319e+06
# Ratio of heating to cooling to determine stochastic cutoff: 100
# Equilibrium emission is recorded even for those grains in the stochastic regime.
# Emission spectrum was computed for: 
# Type: IRSF
# Scales: 0.25 0.5 1 1.5 2 2.5 3 3.5 4 4.5 5 5.5 6 6.5 7 7.5 8 8.5 9 9.5 10
# StochasticallyHeated: 0 0 0 0 0 0 0 0 0 0 0 0 0 0 0 0 0 0 0 0 0
# Temperature: -1
# Wavelength  CExt  CAbs  CSca  Albedo G EqEm1 StEm1 EqEm2 StEm2 EqEm3 StEm3 EqEm4 StEm4 EqEm5 StEm5 EqEm6 StEm6 EqEm7 StEm7 EqEm8 StEm8 EqEm9 StEm9 EqEm10 StEm10 EqEm11 StEm11 EqEm12 StEm12 EqEm13 StEm13 EqEm14 StEm14 EqEm15 StEm15 EqEm16 StEm16 EqEm17 StEm17 EqEm18 StEm18 EqEm19 StEm19 EqEm20 StEm20 EqEm21 StEm21
0.05 5.30251e-08 1.85419e-08 3.44831e-08 0.650318 0.857974 0 0 0 0 0 0 0 0 0 0 0 0 0 0 0 0 0 0 0 0 0 0 0 0 0 0 0 0 0 0 0 0 0 0 0 0 0 0 0 0 0 0
0.0525665 5.31491e-08 1.83125e-08 3.48366e-08 0.65545 0.845955 0 0 0 0 0 0 0 0 0 0 0 0 0 0 0 0 0 0 0 0 0 0 0 0 0 0 0 0 0 0 0 0 0 0 0 0 0 0 0 0 0 0
0.0552647 5.32789e-08 1.81627e-08 3.51162e-08 0.659102 0.835989 0 0 0 0 0 0 0 0 0 0 0 0 0 0 0 0 0 0 0 0 0 0 0 0 0 0 0 0 0 0 0 0 0 0 0 0 0 0 0 0 0 0
0.0581015 5.34006e-08 1.81341e-08 3.52665e-08 0.660414 0.829888 0 0 0 0 0 0 0 0 0 0 0 0 0 0 0 0 0 0 0 0 0 0 0 0 0 0 0 0 0 0 0 0 0 0 0 0 0 0 0 0 0 0
0.0610839 5.35223e-08 1.79365e-08 3.55858e-08 0.664878 0.821529 0 0 0 0 0 0 0 0 0 0 0 0 0 0 0 0 0 0 0 0 0 0 0 0 0 0 0 0 0 0 0 0 0 0 0 0 0 0 0 0 0 0
0.0642193 5.36888e-08 1.73684e-08 3.63205e-08 0.676499 0.80412 0 0 0 0 0 0 0 0 0 0 0 0 0 0 0 0 0 0 0 0 0 0 0 0 0 0 0 0 0 0 0 0 0 0 0 0 0 0 0 0 0 0
0.0675157 5.39156e-08 1.68537e-08 3.7062e-08 0.687406 0.785144 0 0 0 0 0 0 0 0 0 0 0 0 0 0 0 0 0 0 0 0 0 0 0 0 0 0 0 0 0 0 0 0 0 0 0 0 0 0 0 0 0 0
0.0709813 5.41623e-08 1.6953e-08 3.72092e-08 0.686995 0.778463 0 0 0 0 0 0 0 0 0 0 0 0 0 0 0 0 0 0 0 0 0 0 0 0 0 0 0 0 0 0 0 0 0 0 0 0 0 0 0 0 0 0
0.0746248 5.4393e-08 1.73762e-08 3.70168e-08 0.680544 0.779865 0 0 0 0 0 0 0 0 0 0 0 0 0 0 0 0 0 0 0 0 0 0 0 0 0 0 0 0 0 0 0 0 0 0 0 0 0 0 0 0 0 0
0.0784553 5.45987e-08 1.7892e-08 3.67067e-08 0.6723 0.784625 0 0 0 0 0 0 0 0 0 0 0 0 0 0 0 0 0 0 0 0 0 0 0 0 0 0 0 0 0 0 0 0 0 0 0 0 0 0 0 0 0 0
0.0824824 5.47857e-08 1.84568e-08 3.63289e-08 0.663108 0.790225 0 0 0 0 0 0 0 0 0 0 0 0 0 0 0 0 0 0 0 0 0 0 0 0 0 0 0 0 0 0 0 0 0 0 0 0 0 0 0 0 0 0
0.0867162 5.49645e-08 1.86936e-08 3.62709e-08 0.659896 0.789117 0 0 0 0 0 0 0 0 0 0 0 0 0 0 0 0 0 0 0 0 0 0 0 0 0 0 0 0 0 0 0 0 0 0 0 0 0 0 0 0 0 0
0.0911674 5.5169e-08 1.87714e-08 3.63976e-08 0.659747 0.784194 0 0 0 0 0 0 0 0 0 0 0 0 0 0 0 0 0 0 0 0 0 0 0 0 0 0 0 0 0 0 0 0 0 0 0 0 0 0 0 0 0 0
0.095847 5.53562e-08 1.90185e-08 3.63377e-08 0.656435 0.782386 0 0 0 0 0 0 0 0 0 0 0 0 0 0 0 0 0 0 0 0 0 0 0 0 0 0 0 0 0 0 0 0 0 0 0 0 0 0 0 0 0 0
0.100767 5.54179e-08 1.97643e-08 3.56537e-08 0.64336 0.792843 0 0 0 0 0 0 0 0 0 0 0 0 0 0 0 0 0 0 0 0 0 0 0 0 0 0 0 0 0 0 0 0 0 0 0 0 0 0 0 0 0 0
0.105939 5.54266e-08 2.04591e-08 3.49676e-08 0.63088 0.806398 0 0 0 0 0 0 0 0 0 0 0 0 0 0 0 0 0 0 0 0 0 0 0 0 0 0 0 0 0 0 0 0 0 0 0 0 0 0 0 0 0 0
0.111377 5.52607e-08 2.15817e-08 3.3679e-08 0.609457 0.83222 0 0 0 0 0 0 0 0 0 0 0 0 0 0 0 0 0 0 0 0 0 0 0 0 0 0 0 0 0 0 0 0 0 0 0 0 0 0 0 0 0 0
0.117094 5.52149e-08 2.27674e-08 3.24475e-08 0.587658 0.862798 0 0 0 0 0 0 0 0 0 0 0 0 0 0 0 0 0 0 0 0 0 0 0 0 0 0 0 0 0 0 0 0 0 0 0 0 0 0 0 0 0 0
0.123105 5.5262e-08 2.35895e-08 3.16725e-08 0.573133 0.884282 0 0 0 0 0 0 0 0 0 0 0 0 0 0 0 0 0 0 0 0 0 0 0 0 0 0 0 0 0 0 0 0 0 0 0 0 0 0 0 0 0 0
0.129424 5.5342e-08 2.43288e-08 3.10132e-08 0.560391 0.903275 0 0 0 0 0 0 0 0 0 0 0 0 0 0 0 0 0 0 0 0 0 0 0 0 0 0 0 0 0 0 0 0 0 0 0 0 0 0 0 0 0 0
0.136067 5.54099e-08 2.49511e-08 3.04588e-08 0.549699 0.918664 0 0 0 0 0 0 0 0 0 0 0 0 0 0 0 0 0 0 0 0 0 0 0 0 0 0 0 0 0 0 0 0 0 0 0 0 0 0 0 0 0 0
0.143051 5.54024e-08 2.54331e-08 2.99692e-08 0.540938 0.930623 0 0 0 0 0 0 0 0 0 0 0 0 0 0 0 0 0 0 0 0 0 0 0 0 0 0 0 0 0 0 0 0 0 0 0 0 0 0 0 0 0 0
0.150394 5.52408e-08 2.56474e-08 2.95933e-08 0.535715 0.938207 0 0 0 0 0 0 0 0 0 0 0 0 0 0 0 0 0 0 0 0 0 0 0 0 0 0 0 0 0 0 0 0 0 0 0 0 0 0 0 0 0 0
0.158114 5.50292e-08 2.54517e-08 2.95776e-08 0.537488 0.938706 0 0 0 0 0 0 0 0 0 0 0 0 0 0 0 0 0 0 0 0 0 0 0 0 0 0 0 0 0 0 0 0 0 0 0 0 0 0 0 0 0 0
0.16623 5.50383e-08 2.47649e-08 3.02734e-08 0.550043 0.928016 0 0 0 0 0 0 0 0 0 0 0 0 0 0 0 0 0 0 0 0 0 0 0 0 0 0 0 0 0 0 0 0 0 0 0 0 0 0 0 0 0 0
0.174762 5.53924e-08 2.36602e-08 3.17322e-08 0.572862 0.90277 0 0 0 0 0 0 0 0 0 0 0 0 0 0 0 0 0 0 0 0 0 0 0 0 0 0 0 0 0 0 0 0 0 0 0 0 0 0 0 0 0 0
0.183733 5.58884e-08 2.23865e-08 3.3502e-08 0.599444 0.869312 0 0 0 0 0 0 0 0 0 0 0 0 0 0 0 0 0 0 0 0 0 0 0 0 0 0 0 0 0 0 0 0 0 0 0 0 0 0 0 0 0 0
0.193164 5.64696e-08 2.1148e-08 3.53216e-08 0.625498 0.835331 0 0 0 0 0 0 0 0 0 0 0 0 0 0 0 0 0 0 0 0 0 0 0 0 0 0 0 0 0 0 0 0 0 0 0 0 0 0 0 0 0 0
0.203079 5.71207e-08 2.01696e-08 3.69512e-08 0.646896 0.807686 0 0 0 0 0 0 0 0 0 0 0 0 0 0 0 0 0 0 0 0 0 0 0 0 0 0 0 0 0 0 0 0 0 0 0 0 0 0 0 0 0 0
0.213503 5.78694e-08 1.94365e-08 3.84328e-08 0.664131 0.785744 0 0 0 0 0 0 0 0 0 0 0 0 0 0 0 0 0 0 0 0 0 0 0 0 0 0 0 0 0 0 0 0 0 0 0 0 0 0 0 0 0 0
0.224463 5.87629e-08 1.91983e-08 3.95647e-08 0.673293 0.771268 0 0 0 0 0 0 0 0 0 0 0 0 0 0 0 0 0 0 0 0 0 0 0 0 0 0 0 0 0 0 0 0 0 0 0 0 0 0 0 0 0 0
0.235984 5.95759e-08 1.9261e-08 4.0315e-08 0.676699 0.761669 0 0 0 0 0 0 0 0 0 0 0 0 0 0 0 0 0 0 0 0 0 0 0 0 0 0 0 0 0 0 0 0 0 0 0 0 0 0 0 0 0 0
0.248097 5.99613e-08 1.96371e-08 4.03242e-08 0.672504 0.757696 0 0 0 0 0 0 0 0 0 0 0 0 0 0 0 0 0 0 0 0 0 0 0 0 0 0 0 0 0 0 0 0 0 0 0 0 0 0 0 0 0 0
0.260832 5.99072e-08 2.01253e-08 3.97819e-08 0.664058 0.757767 0 0 0 0 0 0 0 0 0 0 0 0 0 0 0 0 0 0 0 0 0 0 0 0 0 0 0 0 0 0 0 0 0 0 0 0 0 0 0 0 0 0
0.274221 5.96943e-08 2.06114e-08 3.90828e-08 0.654717 0.75933 0 0 0 0 0 0 0 0 0 0 0 0 0 0 0 0 0 0 0 0 0 0 0 0 0 0 0 0 0 0 0 0 0 0 0 0 0 0 0 0 0 0
0.288297 5.95269e-08 2.12711e-08 3.82558e-08 0.642664 0.766131 0 0 0 0 0 0 0 0 0 0 0 0 0 0 0 0 0 0 0 0 0 0 0 0 0 0 0 0 0 0 0 0 0 0 0 0 0 0 0 0 0 0
0.303095 5.95123e-08 2.17792e-08 3.77331e-08 0.634039 0.77147 0 0 0 0 0 0 0 0 0 0 0 0 0 0 0 0 0 0 0 0 0 0 0 0 0 0 0 0 0 0 0 0 0 0 0 0 0 0 0 0 0 0
0.318653 5.95524e-08 2.22257e-08 3.73267e-08 0.626788 0.776187 0 0 0 0 0 0 0 0 0 0 0 0 0 0 0 0 0 0 0 0 0 0 0 0 0 0 0 0 0 0 0 0 0 0 0 0 0 0 0 0 0 0
0.335009 5.96559e-08 2.26253e-08 3.70305e-08 0.620736 0.78025 0 0 0 0 0 0 0 0 0 0 0 0 0 0 0 0 0 0 0 0 0 0 0 0 0 0 0 0 0 0 0 0 0 0 0 0 0 0 0 0 0 0
0.352205 5.98111e-08 2.29586e-08 3.68525e-08 0.616148 0.78292 0 0 0 0 0 0 0 0 0 0 0 0 0 0 0 0 0 0 0 0 0 0 0 0 0 0 0 0 0 0 0 0 0 0 0 0 0 0 0 0 0 0
0.370284 5.99967e-08 2.32356e-08 3.67612e-08 0.612719 0.784232 0 0 0 0 0 0 0 0 0 0 0 0 0 0 0 0 0 0 0 0 0 0 0 0 0 0 0 0 0 0 0 0 0 0 0 0 0 0 0 0 0 0
0.389291 6.01976e-08 2.34572e-08 3.67404e-08 0.61033 0.784142 0 0 0 0 0 0 0 0 0 0 0 0 0 0 0 0 0 0 0 0 0 0 0 0 0 0 0 0 0 0 0 0 0 0 0 0 0 0 0 0 0 0
0.409273 6.04073e-08 2.36657e-08 3.67416e-08 0.608231 0.783657 0 0 0 0 0 0 0 0 0 0 0 0 0 0 0 0 0 0 0 0 0 0 0 0 0 0 0 0 0 0 0 0 0 0 0 0 0 0 0 0 0 0
0.430281 6.06224e-08 2.38699e-08 3.67524e-08 0.606252 0.782952 0 0 0 0 0 0 0 0 0 0 0 0 0 0 0 0 0 0 0 0 0 0 0 0 0 0 0 0 0 0 0 0 0 0 0 0 0 0 0 0 0 0
0.452368 6.08556e-08 2.40869e-08 3.67687e-08 0.604195 0.782389 0 0 0 0 0 0 0 0 0 0 0 0 0 0 0 0 0 0 0 0 0 0 0 0 0 0 0 0 0 0 0 0 0 0 0 0 0 0 0 0 0 0
0.475588 6.11016e-08 2.4308e-08 3.67936e-08 0.602171 0.781716 0 0 0 0 0 0 0 0 0 0 0 0 0 0 0 0 0 0 0 0 0 0 0 0 0 0 0 0 0 0 0 0 0 0 0 0 0 0 0 0 0 0
0.5 6.13659e-08 2.45257e-08 3.68402e-08 0.600336 0.780743 0 0 0 0 0 0 0 0 0 0 0 0 0 0 0 0 0 0 0 0 0 0 0 0 0 0 0 0 0 0 0 0 0 0 0 0 0 0 0 0 0 0
0.525665 6.16488e-08 2.47456e-08 3.69032e-08 0.598604 0.779565 0 0 0 0 0 0 0 0 0 0 0 0 0 0 0 0 0 0 0 0 0 0 0 0 0 0 0 0 0 0 0 0 0 0 0 0 0 0 0 0 0 0
0.552648 6.19265e-08 2.49668e-08 3.69597e-08 0.596832 0.778141 0 0 0 0 0 0 0 0 0 0 0 0 0 0 0 0 0 0 0 0 0 0 0 0 0 0 0 0 0 0 0 0 0 0 0 0 0 0 0 0 0 0
0.581015 6.22188e-08 2.51611e-08 3.70577e-08 0.595604 0.775865 0 0 0 0 0 0 0 0 0 0 0 0 0 0 0 0 0 0 0 0 0 0 0 0 0 0 0 0 0 0 0 0 0 0 0 0 0 0 0 0 0 0
0.610839 6.25944e-08 2.53567e-08 3.72377e-08 0.594905 0.773657 0 0 0 0 0 0 0 0 0 0 0 0 0 0 0 0 0 0 0 0 0 0 0 0 0 0 0 0 0 0 0 0 0 0 0 0 0 0 0 0 0 0
0.642193 6.29981e-08 2.55347e-08 3.74633e-08 0.594674 0.770932 0 0 0 0 0 0 0 0 0 0 0 0 0 0 0 0 0 0 0 0 0 0 0 0 0 0 0 0 0 0 0 0 0 0 0 0 0 0 0 0 0 0
0.675157 6.31756e-08 2.56734e-08 3.75022e-08 0.593618 0.766257 0 0 0 0 0 0 0 0 0 0 0 0 0 0 0 0 0 0 0 0 0 0 0 0 0 0 0 0 0 0 0 0 0 0 0 0 0 0 0 0 0 0
0.709813 6.32015e-08 2.57931e-08 3.74084e-08 0.591891 0.760717 0 0 0 0 0 0 0 0 0 0 0 0 0 0 0 0 0 0 0 0 0 0 0 0 0 0 0 0 0 0 0 0 0 0 0 0 0 0 0 0 0 0
0.746248 6.36327e-08 2.58945e-08 3.77382e-08 0.593063 0.756541 0 0 0 0 0 0 0 0 0 0 0 0 0 0 0 0 0 0 0 0 0 0 0 0 0 0 0 0 0 0 0 0 0 0 0 0 0 0 0 0 0 0
0.784553 6.45396e-08 2.58898e-08 3.86498e-08 0.598854 0.754545 0 0 0 0 0 0 0 0 0 0 0 0 0 0 0 0 0 0 0 0 0 0 0 0 0 0 0 0 0 0 0 0 0 0 0 0 0 0 0 0 0 0
0.824824 6.55034e-08 2.5935e-08 3.95684e-08 0.604066 0.750992 0 0 0 0 0 0 0 0 0 0 0 0 0 0 0 0 0 0 0 0 0 0 0 0 0 0 0 0 0 0 0 0 0 0 0 0 0 0 0 0 0 0
0.867162 6.57923e-08 2.58896e-08 3.99027e-08 0.606495 0.739799 0 0 0 0 0 0 0 0 0 0 0 0 0 0 0 0 0 0 0 0 0 0 0 0 0 0 0 0 0 0 0 0 0 0 0 0 0 0 0 0 0 0
0.911674 6.5073e-08 2.57195e-08 3.93536e-08 0.60476 0.722996 0 0 0 0 0 0 0 0 0 0 0 0 0 0 0 0 0 0 0 0 0 0 0 0 0 0 0 0 0 0 0 0 0 0 0 0 0 0 0 0 0 0
0.95847 6.40016e-08 2.53405e-08 3.86611e-08 0.604065 0.696648 0 0 0 0 0 0 0 0 0 0 0 0 0 0 0 0 0 0 0 0 0 0 0 0 0 0 0 0 0 0 0 0 0 0 0 0 0 0 0 0 0 0
1.00767 6.42104e-08 2.53596e-08 3.88508e-08 0.605055 0.677351 0 0 0 0 0 0 0 0 0 0 0 0 0 0 0 0 0 0 0 0 0 0 0 0 0 0 0 0 0 0 0 0 0 0 0 0 0 0 0 0 0 0
1.05939 6.46332e-08 2.45308e-08 4.01024e-08 0.620461 0.67765 0 0 0 0 0 0 0 0 0 0 0 0 0 0 0 0 0 0 0 0 0 0 0 0 0 0 0 0 0 0 0 0 0 0 0 0 0 0 0 0 0 0
1.11377 6.77757e-08 2.48384e-08 4.29373e-08 0.63352 0.67434 0 0 0 0 0 0 0 0 0 0 0 0 0 0 0 0 0 0 0 0 0 0 0 0 0 0 0 0 0 0 0 0 0 0 0 0 0 0 0 0 0 0
1.17094 6.84522e-08 2.36166e-08 4.48356e-08 0.654991 0.68943 0 0 0 0 0 0 0 0 0 0 0 0 0 0 0 0 0 0 0 0 0 0 0 0 0 0 0 0 0 0 0 0 0 0 0 0 0 0 0 0 0 0
1.23105 7.25485e-08 2.44724e-08 4.80761e-08 0.662675 0.690482 0 0 0 0 0 0 0 0 0 0 0 0 0 0 0 0 0 0 0 0 0 0 0 0 0 0 0 0 0 0 0 0 0 0 0 0 0 0 0 0 0 0
1.29424 7.0408e-08 2.30435e-08 4.73645e-08 0.672714 0.673604 0 0 0 0 0 0 0 0 0 0 0 0 0 0 0 0 0 0 0 0 0 0 0 0 0 0 0 0 0 0 0 0 0 0 0 0 0 0 0 0 0 0
1.36067 7.17012e-08 2.35181e-08 4.81831e-08 0.671998 0.682078 0 0 0 0 0 0 0 0 0 0 0 0 0 0 0 0 0 0 0 0 0 0 0 0 0 0 0 0 0 0 0 0 0 0 0 0 0 0 0 0 0 0
1.43051 7.15411e-08 2.48688e-08 4.66724e-08 0.652385 0.646839 0 0 0 0 0 0 0 0 0 0 0 0 0 0 0 0 0 0 0 0 0 0 0 0 0 0 0 0 0 0 0 0 0 0 0 0 0 0 0 0 0 0
1.50394 6.49239e-08 2.18934e-08 4.30305e-08 0.662784 0.613829 0 0 0 0 0 0 0 0 0 0 0 0 0 0 0 0 0 0 0 0 0 0 0 0 0 0 0 0 0 0 0 0 0 0 0 0 0 0 0 0 0 0
1.58114 6.7376e-08 2.42299e-08 4.31461e-08 0.640377 0.583092 0 0 0 0 0 0 0 0 0 0 0 0 0 0 0 0 0 0 0 0 0 0 0 0 0 0 0 0 0 0 0 0 0 0 0 0 0 0 0 0 0 0
1.6623 6.64758e-08 2.37957e-08 4.26801e-08 0.64204 0.530254 0 0 0 0 0 0 0 0 0 0 0 0 0 0 0 0 0 0 0 0 0 0 0 0 0 0 0 0 0 0 0 0 0 0 0 0 0 0 0 0 0 0
1.74763 6.05946e-08 2.15692e-08 3.90255e-08 0.644042 0.478176 0 0 0 0 0 0 0 0 0 0 0 0 0 0 0 0 0 0 0 0 0 0 0 0 0 0 0 0 0 0 0 0 0 0 0 0 0 0 0 0 0 0
1.83733 6.63556e-08 2.35054e-08 4.28502e-08 0.645766 0.461464 0 0 0 0 0 0 0 0 0 0 0 0 0 0 0 0 0 0 0 0 0 0 0 0 0 0 0 0 0 0 0 0 0 0 0 0 0 0 0 0 0 0
1.93164 6.66269e-08 2.1995e-08 4.46319e-08 0.669879 0.434621 0 0 0 0 0 0 0 0 0 0 0 0 0 0 0 0 0 0 0 0 0 0 0 0 0 0 0 0 0 0 0 0 0 0 0 0 0 0 0 0 0 0
2.03079 6.96061e-08 2.16671e-08 4.7939e-08 0.688719 0.466266 0 0 0 0 0 0 0 0 0 0 0 0 0 0 0 0 0 0 0 0 0 0 0 0 0 0 0 0 0 0 0 0 0 0 0 0 0 0 0 0 0 0
2.13503 7.04561e-08 2.12809e-08 4.91753e-08 0.697956 0.489096 0 0 0 0 0 0 0 0 0 0 0 0 0 0 0 0 0 0 0 0 0 0 0 0 0 0 0 0 0 0 0 0 0 0 0 0 0 0 0 0 0 0
2.24463 7.9946e-08 2.29641e-08 5.69819e-08 0.712754 0.47984 0 0 0 0 0 0 0 0 0 0 0 0 0 0 0 0 0 0 0 0 0 0 0 0 0 0 0 0 0 0 0 0 0 0 0 0 0 0 0 0 0 0
2.35984 7.78145e-08 2.11091e-08 5.67055e-08 0.728726 0.440206 0 0 0 0 0 0 0 0 0 0 0 0 0 0 0 0 0 0 0 0 0 0 0 0 0 0 0 0 0 0 0 0 0 0 0 0 0 0 0 0 0 0
2.48097 7.91047e-08 1.97799e-08 5.93249e-08 0.749953 0.44901 0 0 0 0 0 0 0 0 0 0 0 0 0 0 0 0 0 0 0 0 0 0 0 0 0 0 0 0 0 0 0 0 0 0 0 0 0 0 0 0 0 0
2.60832 8.34482e-08 1.98218e-08 6.36264e-08 0.762466 0.461061 0 0 0 0 0 0 0 0 0 0 0 0 0 0 0 0 0 0 0 0 0 0 0 0 0 0 0 0 0 0 0 0 0 0 0 0 0 0 0 0 0 0
2.74221 8.95143e-08 2.04461e-08 6.90683e-08 0.771589 0.474038 0 0 0 0 0 0 0 0 0 0 0 0 0 0 0 0 0 0 0 0 0 0 0 0 0 0 0 0 0 0 0 0 0 0 0 0 0 0 0 0 0 0
2.88297 9.71306e-08 2.16472e-08 7.54833e-08 0.777133 0.472602 0 0 0 0 0 0 0 0 0 0 0 0 0 0 0 0 0 0 0 0 0 0 0 0 0 0 0 0 0 0 0 0 0 0 0 0 0 0 0 0 0 0
3.03095 9.2413e-08 2.12269e-08 7.11861e-08 0.770304 0.444856 0 0 0 0 0 0 0 0 0 0 0 0 0 0 0 0 0 0 0 0 0 0 0 0 0 0 0 0 0 0 0 0 0 0 0 0 0 0 0 0 0 0
3.18653 8.41796e-08 1.97128e-08 6.44668e-08 0.765825 0.412778 0 0 0 0 0 0 0 0 0 0 0 0 0 0 0 0 0 0 0 0 0 0 0 0 0 0 0 0 0 0 0 0 0 0 0 0 0 0 0 0 0 0
3.35009 8.17731e-08 1.89099e-08 6.28632e-08 0.768752 0.382151 0 0 0 0 0 0 0 0 0 0 0 0 0 0 0 0 0 0 0 0 0 0 0 0 0 0 0 0 0 0 0 0 0 0 0 0 0 0 0 0 0 0
3.52205 8.22289e-08 1.85067e-08 6.37222e-08 0.774937 0.350738 0 0 0 0 0 0 0 0 0 0 0 0 0 0 0 0 0 0 0 0 0 0 0 0 0 0 0 0 0 0 0 0 0 0 0 0 0 0 0 0 0 0
3.70284 8.44891e-08 1.83886e-08 6.61004e-08 0.782355 0.321733 0 0 0 0 0 0 0 0 0 0 0 0 0 0 0 0 0 0 0 0 0 0 0 0 0 0 0 0 0 0 0 0 0 0 0 0 0 0 0 0 0 0
3.89291 8.76687e-08 1.85647e-08 6.9104e-08 0.78824 0.299623 0 0 0 0 0 0 0 0 0 0 0 0 0 0 0 0 0 0 0 0 0 0 0 0 0 0 0 0 0 0 0 0 0 0 0 0 0 0 0 0 0 0
4.09273 8.90404e-08 1.88847e-08 7.01557e-08 0.787908 0.285602 0 0 0 0 0 0 0 0 0 0 0 0 0 0 0 0 0 0 0 0 0 0 0 0 0 0 0 0 0 0 0 0 0 0 0 0 0 0 0 0 0 0
4.30281 8.49479e-08 1.89664e-08 6.59815e-08 0.776729 0.273177 0 0 0 0 0 0 0 0 0 0 0 0 0 0 0 0 0 0 0 0 0 0 0 0 0 0 0 0 0 0 0 0 0 0 0 0 0 0 0 0 0 0
4.52368 7.76035e-08 1.87383e-08 5.88653e-08 0.758539 0.250905 0 0 0 0 0 0 0 0 0 0 0 0 0 0 0 0 0 0 0 0 0 0 0 0 0 0 0 0 0 0 0 0 0 0 0 0 0 0 0 0 0 0
4.75588 7.16128e-08 1.85469e-08 5.3066e-08 0.741012 0.216474 0 0 0 0 0 0 0 0 0 0 0 0 0 0 0 0 0 0 0 0 0 0 0 0 0 0 0 0 0 0 0 0 0 0 0 0 0 0 0 0 0 0
5 6.75561e-08 1.85058e-08 4.90503e-08 0.726068 0.176793 0 0 0 0 0 0 0 0 0 0 0 0 0 0 0 0 0 0 0 0 0 0 0 0 0 0 0 0 0 0 0 0 0 0 0 0 0 0 0 0 0 0
5.25665 6.44791e-08 1.85264e-08 4.59528e-08 0.712677 0.138586 0 0 0 0 0 0 0 0 0 0 0 0 0 0 0 0 0 0 0 0 0 0 0 0 0 0 0 0 0 0 0 0 0 0 0 0 0 0 0 0 0 0
5.52648 6.15665e-08 1.85162e-08 4.30504e-08 0.69925 0.104758 0 0 0 0 0 0 0 0 0 0 0 0 0 0 0 0 0 0 0 0 0 0 0 0 0 0 0 0 0 0 0 0 0 0 0 0 0 0 0 0 0 0
5.81015 5.83669e-08 1.83968e-08 3.997e-08 0.684807 0.0754305 0 0 0 0 0 0 0 0 0 0 0 0 0 0 0 0 0 0 0 0 0 0 0 0 0 0 0 0 0 0 0 0 0 0 0 0 0 0 0 0 0 0
6.10839 5.47286e-08 1.81082e-08 3.66204e-08 0.669128 0.050211 0 0 0 0 0 0 0 0 0 0 0 0 0 0 0 0 0 0 0 0 0 0 0 0 0 0 0 0 0 0 0 0 0 0 0 0 0 0 0 0 0 0
6.42193 5.06077e-08 1.76309e-08 3.29768e-08 0.651617 0.0283338 0 0 0 0 0 0 0 0 0 0 0 0 0 0 0 0 0 0 0 0 0 0 0 0 0 0 0 0 0 0 0 0 0 0 0 0 0 0 0 0 0 0
6.75157 4.61613e-08 1.69549e-08 2.92064e-08 0.632703 0.00927544 0 0 0 0 0 0 0 0 0 0 0 0 0 0 0 0 0 0 0 0 0 0 0 0 0 0 0 0 0 0 0 0 0 0 0 0 1.4013e-45 0 2.8026e-45 0 7.00649e-45 0
7.09813 4.15527e-08 1.61343e-08 2.54184e-08 0.611715 -0.0074588 0 0 0 0 0 0 0 0 0 0 0 0 0 0 0 0 0 0 0 0 0 0 0 0 0 0 1.4013e-45 0 4.2039e-45 0 1.12104e-44 0 3.22299e-44 0 8.54792e-44 0 2.08793e-43 0 4.9606e-43 0 1.09582e-42 0
7.46248 3.69856e-08 1.52176e-08 2.17681e-08 0.588555 -0.0221835 0 0 0 0 0 0 0 0 0 0 0 0 0 0 0 0 0 0 0 0 2.8026e-45 0 1.12104e-44 0 4.62428e-44 0 1.70958e-43 0 5.49309e-43 0 1.6157e-42 0 4.37065e-42 0 1.12566e-41 0 2.60642e-41 0 5.95159e-41 0 1.26578e-40 0
7.84553 3.26408e-08 1.42492e-08 1.83916e-08 0.563455 -0.0350734 0 0 0 0 0 0 0 0 0 0 0 0 0 0 1.4013e-45 0 9.80909e-45 0 6.5861e-44 0 3.53127e-43 0 1.63391e-42 0 6.16291e-42 0 2.11176e-41 0 6.41136e-41 0 1.7895e-40 0 4.61228e-40 0 1.13432e-39 0 2.52084e-39 0 5.52887e-39 0 1.13335e-38 0
8.24824 2.86137e-08 1.3257e-08 1.53567e-08 0.53669 -0.0465333 0 0 0 0 0 0 0 0 0 0 0 0 1.26117e-44 0 1.54143e-43 0 1.2948e-42 0 8.3139e-42 0 4.12122e-41 0 1.76945e-40 0 6.25712e-40 0 2.01899e-39 0 5.80619e-39 0 1.54136e-38 0 3.79326e-38 0 8.92792e-38 0 1.90822e-37 0 4.02778e-37 0 7.97212e-37 0
8.67162 2.49991e-08 1.23039e-08 1.26952e-08 0.507828 -0.0566346 0 0 0 0 0 0 0 0 1.4013e-45 0 8.54792e-44 0 1.6227e-42 0 1.84285e-41 0 1.39307e-40 0 8.16879e-40 0 3.74482e-39 0 1.49744e-38 0 4.97858e-38 0 1.51713e-37 0 4.14366e-37 0 1.04881e-36 0 2.47006e-36 0 5.57565e-36 0 1.14833e-35 0 2.33703e-35 0 4.474e-35 0
9.11674 2.18353e-08 1.14162e-08 1.0419e-08 0.477165 -0.0654021 0 0 0 0 0 0 1.4013e-45 0 2.78858e-43 0 1.02897e-41 0 1.6991e-40 0 1.71381e-39 0 1.17369e-38 0 6.31294e-38 0 2.68669e-37 0 1.00404e-36 0 3.14797e-36 0 9.08495e-36 0 2.36253e-35 0 5.71475e-35 0 1.29076e-34 0 2.80008e-34 0 5.56704e-34 0 1.09434e-33 0 2.02962e-33 0
9.5847 1.9109e-08 1.06068e-08 8.50221e-09 0.444932 -0.0729213 0 0 0 0 0 0 2.95674e-43 0 3.14199e-41 0 9.7028e-40 0 1.39726e-38 0 1.25896e-37 0 7.84882e-37 0 3.88874e-36 0 1.54201e-35 0 5.40337e-35 0 1.60219e-34 0 4.3907e-34 0 1.08974e-33 0 2.52472e-33 0 5.48008e-33 0 1.1447e-32 0 2.20076e-32 0 4.18572e-32 0 7.53241e-32 0
10.0767 1.67792e-08 9.87101e-09 6.90822e-09 0.411713 -0.0792321 0 0 0 0 3.78351e-44 0 3.26264e-41 0 2.76633e-39 0 7.22532e-38 0 9.13438e-37 0 7.39269e-36 0 4.21491e-35 0 1.93135e-34 0 7.16024e-34 0 2.36003e-33 0 6.63621e-33 0 1.73126e-32 0 4.11034e-32 0 9.14012e-32 0 1.91026e-31 0 3.84926e-31 0 7.168e-31 0 1.32119e-30 0 2.31031e-30 0
10.5939 1.47903e-08 9.19718e-09 5.59313e-09 0.378162 -0.0845076 0 0 0 0 4.55983e-42 0 2.8258e-39 0 1.929e-37 0 4.29639e-36 0 4.79877e-35 0 3.50683e-34 0 1.8365e-33 0 7.81244e-33 0 2.71687e-32 0 8.4483e-32 0 2.25866e-31 0 5.62289e-31 0 1.2798e-30 0 2.73697e-30 0 5.51798e-30 0 1.0745e-29 0 1.94109e-29 0 3.47253e-29 0 5.90883e-29 0
11.1377 1.31099e-08 8.59282e-09 4.51703e-09 0.344553 -0.088867 0 0 2.8026e-45 0 4.29134e-40 0 1.94312e-37 0 1.07929e-35 0 2.06588e-34 0 2.05099e-33 0 1.36011e-32 0 6.56966e-32 0 2.60398e-31 0 8.52106e-31 0 2.5069e-30 0 6.38802e-30 0 1.52103e-29 0 3.32567e-29 0 6.85314e-29 0 1.33516e-28 0 2.51669e-28 0 4.41699e-28 0 7.68059e-28 0 1.27344e-27 0
11.7094 1.17005e-08 8.02562e-09 3.67483e-09 0.314076 -0.0915818 0 0 4.25995e-43 0 3.18442e-38 0 1.06971e-35 0 4.8834e-34 0 8.09282e-33 0 7.18269e-32 0 4.34294e-31 0 1.94249e-30 0 7.19866e-30 0 2.22316e-29 0 6.20487e-29 0 1.51053e-28 0 3.44749e-28 0 7.25533e-28 0 1.44323e-27 0 2.72168e-27 0 4.97386e-27 0 8.49305e-27 0 1.43748e-26 0 2.32522e-26 0
12.3105 1.04666e-08 7.51711e-09 2.94953e-09 0.281803 -0.0943328 0 0 4.37303e-41 0 1.89069e-36 0 4.78096e-34 0 1.81113e-32 0 2.61694e-31 0 2.08779e-30 0 1.15619e-29 0 4.8066e-29 0 1.67092e-28 0 4.88386e-28 0 1.29647e-27 0 3.02199e-27 0 6.62476e-27 0 1.34446e-26 0 2.58609e-26 0 4.72817e-26 0 8.39005e-26 0 1.39569e-25 0 2.30233e-25 0 3.63776e-25 0
12.9424 9.40616e-09 7.03045e-09 2.37571e-09 0.252569 -0.0963495 2.66247e-44 0 3.52203e-39 0 9.04242e-35 0 1.74526e-32 0 5.53643e-31 0 7.02173e-30 0 5.06177e-29 0 2.5784e-28 0 9.99881e-28 0 3.27075e-27 0 9.07219e-27 0 2.2962e-26 0 5.13565e-26 0 1.0835e-25 0 2.12422e-25 0 3.95754e-25 0 7.02556e-25 0 1.21225e-24 0 1.96709e-24 0 3.16658e-24 0 4.89279e-24 0
13.6067 8.51127e-09 6.59731e-09 1.91396e-09 0.224873 -0.0978606 2.97636e-42 0 2.26183e-37 0 3.53723e-33 0 5.28016e-31 0 1.41486e-29 0 1.58513e-28 0 1.03762e-27 0 4.88166e-27 0 1.77185e-26 0 5.47011e-26 0 1.44354e-25 0 3.49169e-25 0 7.5085e-25 0 1.52742e-24 0 2.89769e-24 0 5.23702e-24 0 9.04004e-24 0 1.51885e-23 0 2.40704e-23 0 3.78576e-23 0 5.72655e-23 0
14.3051 7.75433e-09 6.21314e-09 1.54119e-09 0.198752 -0.0988129 2.66926e-40 0 1.17159e-35 0 1.1434e-31 0 1.33672e-29 0 3.0506e-28 0 3.0374e-27 0 1.814e-26 0 7.91278e-26 0 2.69684e-25 0 7.8799e-25 0 1.98325e-24 0 4.59468e-24 0 9.51783e-24 0 1.87018e-23 0 3.43876e-23 0 6.03788e-23 0 1.01483e-22 0 1.6624e-22 0 2.57598e-22 0 3.96288e-22 0 5.87455e-22 0
15.0394 7.11087e-09 5.87011e-09 1.24076e-09 0.174487 -0.0992279 1.89879e-38 0 4.9454e-34 0 3.0821e-30 0 2.8558e-28 0 5.59437e-27 0 4.97893e-26 0 2.72507e-25 0 1.10621e-24 0 3.5511e-24 0 9.84675e-24 0 2.36907e-23 0 5.26795e-23 0 1.05313e-22 0 2.00219e-22 0 3.57362e-22 0 6.10456e-22 0 1.00036e-21 0 1.59967e-21 0 2.42633e-21 0 3.65498e-21 0 5.31499e-21 0
15.8114 6.56479e-09 5.56546e-09 9.99333e-10 0.152226 -0.0990691 1.08429e-36 0 1.71901e-32 0 6.99282e-29 0 5.19401e-27 0 8.79922e-26 0 7.03845e-25 0 3.54547e-24 0 1.34408e-23 0 4.07588e-23 0 1.07529e-22 0 2.47854e-22 0 5.30046e-22 0 1.02439e-21 0 1.88741e-21 0 3.2748e-21 0 5.44976e-21 0 8.71776e-21 0 1.36247e-20 0 2.02494e-20 0 2.98993e-20 0 4.26912e-20 0
16.623 6.09427e-09 5.28915e-09 8.05122e-10 0.132111 -0.0986359 5.01928e-35 0 4.96255e-31 0 1.34541e-27 0 8.09774e-26 0 1.19482e-24 0 8.63469e-24 0 4.01939e-23 0 1.42776e-22 0 4.10135e-22 0 1.03196e-21 0 2.28362e-21 0 4.7057e-21 0 8.80655e-21 0 1.57489e-20 0 2.66e-20 0 4.31793e-20 0 6.75058e-20 0 1.03228e-19 0 1.5048e-19 0 2.18004e-19 0 3.05907e-19 0
17.4762 5.69695e-09 5.04827e-09 6.4868e-10 0.113864 -0.0980848 1.90679e-33 0 1.20313e-29 0 2.2174e-26 0 1.09262e-24 0 1.41363e-23 0 9.2756e-23 0 4.00539e-22 0 1.33741e-21 0 3.64888e-21 0 8.77666e-21 0 1.86831e-20 0 3.71637e-20 0 6.74546e-20 0 1.17254e-19 0 1.93041e-19 0 3.06034e-19 0 4.68124e-19 0 7.01147e-19 0 1.00346e-18 0 1.42766e-18 0 1.97046e-18 0
18.3733 5.37345e-09 4.85079e-09 5.22657e-10 0.0972667 -0.0973677 6.01823e-32 0 2.47711e-28 0 3.16256e-25 0 1.28832e-23 0 1.47097e-22 0 8.80481e-22 0 3.54001e-21 0 1.11444e-20 0 2.89515e-20 0 6.67161e-20 0 1.36877e-19 0 2.6328e-19 0 4.64163e-19 0 7.85352e-19 0 1.26186e-18 0 1.95597e-18 0 2.93049e-18 0 4.30351e-18 0 6.05221e-18 0 8.46373e-18 0 1.14993e-17 0
19.3164 5.11487e-09 4.69297e-09 4.21899e-10 0.0824849 -0.0965858 1.59309e-30 0 4.36762e-27 0 3.93266e-24 0 1.33679e-22 0 1.35522e-21 0 7.43334e-21 0 2.79232e-20 0 8.31192e-20 0 2.06097e-19 0 4.55964e-19 0 9.03217e-19 0 1.68271e-18 0 2.88561e-18 0 4.75862e-18 0 7.47092e-18 0 1.13352e-17 0 1.66508e-17 0 2.39978e-17 0 3.31918e-17 0 4.56634e-17 0 6.11194e-17 0
20.3079 4.91766e-09 4.57665e-09 3.41013e-10 0.0693445 -0.0965257 3.57276e-29 0 6.65503e-26 0 4.29877e-23 0 1.23014e-21 0 1.11375e-20 0 5.62174e-20 0 1.97965e-19 0 5.58721e-19 0 1.32529e-18 0 2.82054e-18 0 5.40381e-18 0 9.76616e-18 0 1.63124e-17 0 2.62514e-17 0 4.03164e-17 0 5.99374e-17 0 8.64073e-17 0 1.2233e-16 0 1.6654e-16 0 2.25575e-16 0 2.97659e-16 0
21.3503 4.8257e-09 4.54952e-09 2.76179e-10 0.0572309 -0.0967105 6.92308e-28 0 8.92861e-25 0 4.20506e-22 0 1.02156e-20 0 8.30578e-20 0 3.8738e-19 0 1.28281e-18 0 3.44166e-18 0 7.82654e-18 0 1.60537e-17 0 2.97959e-17 0 5.23156e-17 0 8.5221e-17 0 1.33997e-16 0 2.01524e-16 0 2.93856e-16 0 4.16131e-16 0 5.79219e-16 0 7.76756e-16 0 1.03663e-15 0 1.3495e-15 0
22.4463 4.83086e-09 4.60638e-09 2.24486e-10 0.0464691 -0.0967018 1.16758e-26 0 1.06146e-23 0 3.70157e-21 0 7.69543e-20 0 5.64824e-19 0 2.44353e-18 0 7.63227e-18 0 1.95134e-17 0 4.26299e-17 0 8.4428e-17 0 1.52039e-16 0 2.59713e-16 0 4.13107e-16 0 6.35351e-16 0 9.36681e-16 0 1.34092e-15 0 1.8669e-15 0 2.55695e-15 0 3.38019e-15 0 4.44796e-15 0 5.71633e-15 0
23.5984 4.9298e-09 4.74623e-09 1.83575e-10 0.0372379 -0.0965319 1.7255e-25 0 1.12482e-22 0 2.94734e-20 0 5.28366e-19 0 3.51843e-18 0 1.41709e-17 0 4.1868e-17 0 1.02249e-16 0 2.15015e-16 0 4.11861e-16 0 7.20686e-16 0 1.19931e-15 0 1.86491e-15 0 2.80855e-15 0 4.06284e-15 0 5.71522e-15 0 7.82952e-15 0 1.05601e-14 0 1.37711e-14 0 1.788e-14 0 2.26988e-14 0
24.8097 5.10786e-09 4.95647e-09 1.51392e-10 0.0296389 -0.0967786 2.24182e-24 0 1.06505e-21 0 2.12639e-19 0 3.31091e-18 0 2.00983e-17 0 7.56252e-17 0 2.11924e-16 0 4.95476e-16 0 1.00479e-15 0 1.86455e-15 0 3.17471e-15 0 5.15336e-15 0 7.84255e-15 0 1.15771e-14 0 1.64482e-14 0 2.27554e-14 0 3.06982e-14 0 4.08038e-14 0 5.25257e-14 0 6.73339e-14 0 8.44911e-14 0
26.0832 5.40596e-09 5.27945e-09 1.26516e-10 0.0234031 -0.0977805 2.59488e-23 0 9.12419e-21 0 1.40657e-18 0 1.91536e-17 0 1.06469e-16 0 3.75519e-16 0 1.00068e-15 0 2.24456e-15 0 4.39734e-15 0 7.91736e-15 0 1.31349e-14 0 2.08229e-14 0 3.10459e-14 0 4.49663e-14 0 6.28e-14 0 8.55153e-14 0 1.1369e-13 0 1.49031e-13 0 1.89493e-13 0 2.39988e-13 0 2.9782e-13 0
27.4221 5.76388e-09 5.65669e-09 1.07193e-10 0.0185974 -0.098755 2.65643e-22 0 7.01562e-20 0 8.45682e-18 0 1.01374e-16 0 5.18234e-16 0 1.71873e-15 0 4.36607e-15 0 9.41445e-15 0 1.78482e-14 0 3.1226e-14 0 5.05393e-14 0 7.8338e-14 0 1.14542e-13 0 1.62928e-13 0 2.23864e-13 0 3.00277e-13 0 3.93697e-13 0 5.09304e-13 0 6.4003e-13 0 8.01285e-13 0 9.8395e-13 0
28.8297 6.11948e-09 6.0271e-09 9.23857e-11 0.015097 -0.0995207 2.39269e-21 0 4.81297e-19 0 4.59139e-17 0 4.87525e-16 0 2.30144e-15 0 7.1988e-15 0 1.74733e-14 0 3.62899e-14 0 6.66841e-14 0 1.13523e-13 0 1.79468e-13 0 2.72293e-13 0 3.90818e-13 0 5.46426e-13 0 7.39236e-13 0 9.7745e-13 0 1.26471e-12 0 1.61565e-12 0 2.00783e-12 0 2.48627e-12 0 3.02259e-12 0
30.3095 6.40378e-09 6.3231e-09 8.06763e-11 0.0125982 -0.100179 1.88878e-20 0 2.93251e-18 0 2.23935e-16 0 2.11875e-15 0 9.27201e-15 0 2.74318e-14 0 6.37625e-14 0 1.27785e-13 0 2.27937e-13 0 3.7809e-13 0 5.84503e-13 0 8.68956e-13 0 1.22539e-12 0 1.68548e-12 0 2.24681e-12 0 2.93059e-12 0 3.74446e-12 0 4.72663e-12 0 5.81196e-12 0 7.12218e-12 0 8.57636e-12 0
31.8653 6.45382e-09 6.38326e-09 7.05558e-11 0.0109324 -0.10069 1.2843e-19 0 1.55866e-17 0 9.6317e-16 0 8.16599e-15 0 3.32509e-14 0 9.33003e-14 0 2.08118e-13 0 4.03166e-13 0 6.99113e-13 0 1.13135e-12 0 1.71219e-12 0 2.49663e-12 0 3.46211e-12 0 4.68848e-12 0 6.16283e-12 0 7.93478e-12 0 1.00178e-11 0 1.25025e-11 0 1.52189e-11 0 1.84656e-11 0 2.2035e-11 0
33.5009 6.30563e-09 6.24394e-09 6.16863e-11 0.00978274 -0.101117 7.61561e-19 0 7.31197e-17 0 3.69441e-15 0 2.82181e-14 0 1.07288e-13 0 2.86255e-13 0 6.13999e-13 0 1.15165e-12 0 1.94407e-12 0 3.07295e-12 0 4.55747e-12 0 6.52422e-12 0 8.90397e-12 0 1.18808e-11 0 1.54097e-11 0 1.95971e-11 0 2.44616e-11 0 3.02003e-11 0 3.64108e-11 0 4.37632e-11 0 5.17741e-11 0
35.2205 5.87396e-09 5.82123e-09 5.27365e-11 0.00897801 -0.101066 3.89372e-18 0 2.99164e-16 0 1.2481e-14 0 8.63216e-14 0 3.07484e-13 0 7.82017e-13 0 1.61603e-12 0 2.93945e-12 0 4.83678e-12 0 7.47637e-12 0 1.08768e-11 0 1.53003e-11 0 2.05665e-11 0 2.70587e-11 0 3.46531e-11 0 4.35553e-11 0 5.37817e-11 0 6.5719e-11 0 7.85135e-11 0 9.35242e-11 0 1.09739e-10 0
37.0284 5.32586e-09 5.28131e-09 4.45486e-11 0.00836459 -0.10096 1.76118e-17 0 1.09468e-15 0 3.8064e-14 0 2.39541e-13 0 8.01949e-13 0 1.94871e-12 0 3.88679e-12 0 6.86629e-12 0 1.10268e-11 0 1.6686e-11 0 2.38349e-11 0 3.29744e-11 0 4.36883e-11 0 5.67144e-11 0 7.17602e-11 0 8.91938e-11 0 1.09007e-10 0 1.31905e-10 0 1.56223e-10 0 1.84507e-10 0 2.14814e-10 0
38.9291 4.73098e-09 4.69401e-09 3.6966e-11 0.0078136 -0.10056 7.12761e-17 0 3.62129e-15 0 1.05887e-13 0 6.09122e-13 0 1.92242e-12 0 4.47326e-12 0 8.62635e-12 0 1.48215e-11 0 2.32583e-11 0 3.44901e-11 0 4.84167e-11 0 6.59289e-11 0 8.61586e-11 0 1.10432e-10 0 1.38132e-10 0 1.69877e-10 0 2.0559e-10 0 2.4647e-10 0 2.89507e-10 0 3.39157e-10 0 3.91944e-10 0
40.9273 4.16509e-09 4.13471e-09 3.03782e-11 0.00729353 -0.100044 2.62261e-16 0 1.09993e-14 0 2.72752e-13 0 1.44055e-12 0 4.29838e-12 0 9.5978e-12 0 1.79246e-11 0 2.99943e-11 0 4.60436e-11 0 6.69779e-11 0 9.24786e-11 0 1.24044e-10 0 1.60001e-10 0 2.02608e-10 0 2.50675e-10 0 3.05186e-10 0 3.6592e-10 0 4.34814e-10 0 5.0674e-10 0 5.89074e-10 0 6.75968e-10 0
43.0281 3.6783e-09 3.65354e-09 2.47609e-11 0.00673162 -0.0994756 8.91807e-16 0 3.11657e-14 0 6.60694e-13 0 3.21717e-12 0 9.10058e-12 0 1.9539e-11 0 3.53946e-11 0 5.77575e-11 0 8.68264e-11 0 1.24013e-10 0 1.68553e-10 0 2.22866e-10 0 2.83919e-10 0 3.55402e-10 0 4.35173e-10 0 5.24738e-10 0 6.23613e-10 0 7.3481e-10 0 8.49985e-10 0 9.80853e-10 0 1.118e-09 0
45.2368 3.26409e-09 3.24397e-09 2.01173e-11 0.00616323 -0.0988143 2.81851e-15 0 8.28078e-14 0 1.5123e-12 0 6.81627e-12 0 1.83271e-11 0 3.79075e-11 0 6.67054e-11 0 1.06279e-10 0 1.5662e-10 0 2.19839e-10 0 2.94352e-10 0 3.8393e-10 0 4.83358e-10 0 5.98457e-10 0 7.25573e-10 0 8.66948e-10 0 1.02166e-09 0 1.19423e-09 0 1.37162e-09 0 1.57178e-09 0 1.78014e-09 0
47.5588 2.9573e-09 2.94099e-09 1.63118e-11 0.00551578 -0.0967396 8.44492e-15 0 2.10364e-13 0 3.33382e-12 0 1.39613e-11 0 3.57683e-11 0 7.14037e-11 0 1.22229e-10 0 1.90364e-10 0 2.75272e-10 0 3.8004e-10 0 5.01651e-10 0 6.45882e-10 0 8.04058e-10 0 9.85195e-10 0 1.18328e-09 0 1.4016e-09 0 1.63853e-09 0 1.90075e-09 0 2.16839e-09 0 2.46834e-09 0 2.77862e-09 0
50 2.70015e-09 2.68692e-09 1.32317e-11 0.00490036 -0.0945352 2.37607e-14 0 5.05891e-13 0 7.00554e-12 0 2.73563e-11 0 6.69395e-11 0 1.29195e-10 0 2.15427e-10 0 3.28336e-10 0 4.6631e-10 0 6.33728e-10 0 8.25257e-10 0 1.0495e-09 0 1.29262e-09 0 1.56819e-09 0 1.86671e-09 0 2.19293e-09 0 2.54416e-09 0 2.93e-09 0 3.32113e-09 0 3.7567e-09 0 4.20455e-09 0
52.5665 2.50033e-09 2.4896e-09 1.07239e-11 0.00428901 -0.0894215 6.33992e-14 0 1.16261e-12 0 1.41609e-11 0 5.17393e-11 0 1.21191e-10 0 2.26513e-10 0 3.68389e-10 0 5.50032e-10 0 7.67903e-10 0 1.02809e-09 0 1.32165e-09 0 1.66116e-09 0 2.02527e-09 0 2.43396e-09 0 2.87274e-09 0 3.34833e-09 0 3.85654e-09 0 4.4109e-09 0 4.96923e-09 0 5.58723e-09 0 6.21902e-09 0
55.2648 2.33389e-09 2.3252e-09 8.69182e-12 0.00372418 -0.0825515 1.59965e-13 0 2.54503e-12 0 2.74375e-11 0 9.41021e-11 0 2.11448e-10 0 3.83321e-10 0 6.08784e-10 0 8.91344e-10 0 1.2243e-09 0 1.61594e-09 0 2.05204e-09 0 2.55054e-09 0 3.07965e-09 0 3.66804e-09 0 4.29441e-09 0 4.96806e-09 0 5.68277e-09 0 6.45716e-09 0 7.23229e-09 0 8.08534e-09 0 8.95265e-09 0
58.1015 2.19188e-09 2.18482e-09 7.05332e-12 0.00321794 -0.0737035 3.82132e-13 0 5.31143e-12 0 5.09852e-11 0 1.64652e-10 0 3.55634e-10 0 6.26251e-10 0 9.72389e-10 0 1.39746e-09 0 1.88995e-09 0 2.46095e-09 0 3.08885e-09 0 3.79869e-09 0 4.5447e-09 0 5.36698e-09 0 6.23529e-09 0 7.16227e-09 0 8.13904e-09 0 9.19065e-09 0 1.02371e-08 0 1.13824e-08 0 1.25409e-08 0
61.0839 2.06153e-09 2.0558e-09 5.72404e-12 0.0027766 -0.0628201 8.62816e-13 0 1.05466e-11 0 9.0654e-11 0 2.76472e-10 0 5.75121e-10 0 9.8516e-10 0 1.49716e-09 0 2.11386e-09 0 2.81701e-09 0 3.62111e-09 0 4.49488e-09 0 5.47228e-09 0 6.4899e-09 0 7.60216e-09 0 8.76766e-09 0 1.00032e-08 0 1.12967e-08 0 1.26808e-08 0 1.40505e-08 0 1.55418e-08 0 1.70427e-08 0
64.2193 1.93477e-09 1.93013e-09 4.64528e-12 0.00240094 -0.0497882 1.83991e-12 0 1.99025e-11 0 1.54017e-10 0 4.44825e-10 0 8.92824e-10 0 1.48971e-09 0 2.21814e-09 0 3.07952e-09 0 4.04674e-09 0 5.13848e-09 0 6.31142e-09 0 7.61037e-09 0 8.95074e-09 0 1.04041e-08 0 1.19159e-08 0 1.35078e-08 0 1.51642e-08 0 1.69264e-08 0 1.8661e-08 0 2.05403e-08 0 2.24228e-08 0
67.5157 1.79958e-09 1.79581e-09 3.77007e-12 0.00209498 -0.0347795 3.69013e-12 0 3.55355e-11 0 2.48849e-10 0 6.82445e-10 0 1.32395e-09 0 2.15452e-09 0 3.14628e-09 0 4.29868e-09 0 5.57399e-09 0 6.9957e-09 0 8.50677e-09 0 1.01642e-08 0 1.18601e-08 0 1.3685e-08 0 1.557e-08 0 1.75425e-08 0 1.95827e-08 0 2.17414e-08 0 2.38555e-08 0 2.61351e-08 0 2.84085e-08 0
70.9813 1.65184e-09 1.64878e-09 3.06078e-12 0.00185296 -0.0185637 6.94898e-12 0 5.99127e-11 0 3.81524e-10 0 9.96007e-10 0 1.87075e-09 0 2.97283e-09 0 4.26175e-09 0 5.73466e-09 0 7.34227e-09 0 9.11335e-09 0 1.09765e-08 0 1.30017e-08 0 1.50572e-08 0 1.7253e-08 0 1.95062e-08 0 2.18497e-08 0 2.42602e-08 0 2.67974e-08 0 2.92703e-08 0 3.19248e-08 0 3.45609e-08 0
74.6248 1.48759e-09 1.48511e-09 2.48386e-12 0.00166972 -0.00197995 1.22449e-11 0 9.50329e-11 0 5.5287e-10 0 1.37726e-09 0 2.50844e-09 0 3.89706e-09 0 5.48932e-09 0 7.28023e-09 0 9.20933e-09 0 1.13108e-08 0 1.35001e-08 0 1.58593e-08 0 1.82354e-08 0 2.07563e-08 0 2.33269e-08 0 2.59851e-08 0 2.87048e-08 0 3.15533e-08 0 3.43168e-08 0 3.72708e-08 0 4.01923e-08 0
78.4553 1.30819e-09 1.30618e-09 2.01489e-12 0.00154021 0.0136398 2.0142e-11 0 1.4144e-10 0 7.55062e-10 0 1.79897e-09 0 3.18198e-09 0 4.83827e-09 0 6.70206e-09 0 8.76694e-09 0 1.09635e-08 0 1.33308e-08 0 1.57743e-08 0 1.83857e-08 0 2.09968e-08 0 2.37488e-08 0 2.65384e-08 0 2.94073e-08 0 3.23278e-08 0 3.53721e-08 0 3.83128e-08 0 4.14434e-08 0 4.45278e-08 0
82.4824 1.11577e-09 1.11414e-09 1.63506e-12 0.00146541 0.0268938 3.07865e-11 0 1.96563e-10 0 9.66935e-10 0 2.20816e-09 0 3.7985e-09 0 5.65876e-09 0 7.71491e-09 0 9.9604e-09 0 1.23207e-08 0 1.48389e-08 0 1.74151e-08 0 2.01471e-08 0 2.28596e-08 0 2.57009e-08 0 2.85645e-08 0 3.14943e-08 0 3.44625e-08 0 3.75426e-08 0 4.05057e-08 0 4.36479e-08 0 4.67324e-08 0
86.7162 9.22146e-10 9.20819e-10 1.32701e-12 0.00143905 0.0351901 4.37765e-11 0 2.55312e-10 0 1.16195e-09 0 2.54866e-09 0 4.26967e-09 0 6.2381e-09 0 8.37705e-09 0 1.06813e-08 0 1.3076e-08 0 1.56062e-08 0 1.81732e-08 0 2.08751e-08 0 2.35401e-08 0 2.63152e-08 0 2.90969e-08 0 3.19289e-08 0 3.47849e-08 0 3.77359e-08 0 4.05637e-08 0 4.35515e-08 0 4.64742e-08 0
91.1674 7.49861e-10 7.48783e-10 1.07765e-12 0.00143714 0.0383347 5.89192e-11 0 3.1528e-10 0 1.33255e-09 0 2.8129e-09 0 4.59513e-09 0 6.59051e-09 0 8.72387e-09 0 1.09924e-08 0 1.33247e-08 0 1.57664e-08 0 1.82238e-08 0 2.07921e-08 0 2.33096e-08 0 2.59163e-08 0 2.85158e-08 0 3.11498e-08 0 3.37947e-08 0 3.65165e-08 0 3.9115e-08 0 4.18508e-08 0 4.45183e-08 0
95.847 6.06514e-10 6.05638e-10 8.75967e-13 0.00144426 0.0381108 7.6025e-11 0 3.74828e-10 0 1.47658e-09 0 3.00531e-09 0 4.79325e-09 0 6.75473e-09 0 8.81974e-09 0 1.09885e-08 0 1.31956e-08 0 1.54861e-08 0 1.77738e-08 0 2.01488e-08 0 2.24629e-08 0 2.48462e-08 0 2.72114e-08 0 2.95972e-08 0 3.1983e-08 0 3.44288e-08 0 3.67554e-08 0 3.9197e-08 0 4.15701e-08 0
100.767 4.87838e-10 4.87125e-10 7.13191e-13 0.00146194 0.0358183 9.41924e-11 0 4.29599e-10 0 1.58278e-09 0 3.11164e-09 0 4.85106e-09 0 6.72274e-09 0 8.66451e-09 0 1.068e-08 0 1.27112e-08 0 1.48016e-08 0 1.68746e-08 0 1.90129e-08 0 2.10846e-08 0 2.32073e-08 0 2.53042e-08 0 2.74105e-08 0 2.95085e-08 0 3.16514e-08 0 3.3683e-08 0 3.58083e-08 0 3.78678e-08 0
105.939 3.90655e-10 3.90074e-10 5.8087e-13 0.00148691 0.0307479 1.1238e-10 0 4.75948e-10 0 1.6454e-09 0 3.12978e-09 0 4.77478e-09 0 6.51256e-09 0 8.29042e-09 0 1.01153e-08 0 1.19374e-08 0 1.37978e-08 0 1.56301e-08 0 1.75088e-08 0 1.93191e-08 0 2.11651e-08 0 2.29806e-08 0 2.47968e-08 0 2.65993e-08 0 2.84338e-08 0 3.01676e-08 0 3.1976e-08 0 3.37234e-08 0
111.377 3.1596e-10 3.15486e-10 4.73335e-13 0.00149809 0.0249287 1.31197e-10 0 5.17836e-10 0 1.68505e-09 0 3.10621e-09 0 4.64221e-09 0 6.23668e-09 0 7.84641e-09 0 9.48123e-09 0 1.10992e-08 0 1.2739e-08 0 1.43434e-08 0 1.5979e-08 0 1.7547e-08 0 1.91387e-08 0 2.06975e-08 0 2.2251e-08 0 2.37872e-08 0 2.53457e-08 0 2.68141e-08 0 2.83413e-08 0 2.98131e-08 0
117.094 2.63337e-10 2.62951e-10 3.8607e-13 0.00146607 0.018671 1.53155e-10 0 5.6532e-10 0 1.73664e-09 0 3.10724e-09 0 4.5537e-09 0 6.03041e-09 0 7.50258e-09 0 8.98267e-09 0 1.04353e-08 0 1.18971e-08 0 1.33185e-08 0 1.47597e-08 0 1.61346e-08 0 1.75242e-08 0 1.88797e-08 0 2.02257e-08 0 2.15523e-08 0 2.28939e-08 0 2.41544e-08 0 2.54618e-08 0 2.67186e-08 0
123.105 2.26796e-10 2.26481e-10 3.15269e-13 0.0013901 0.0127433 1.79537e-10 0 6.21775e-10 0 1.8083e-09 0 3.145e-09 0 4.52405e-09 0 5.90982e-09 0 7.27488e-09 0 8.63419e-09 0 9.95779e-09 0 1.12807e-08 0 1.25595e-08 0 1.38494e-08 0 1.50744e-08 0 1.63074e-08 0 1.75056e-08 0 1.86913e-08 0 1.98563e-08 0 2.10309e-08 0 2.21315e-08 0 2.32702e-08 0 2.43622e-08 0
129.424 2.02431e-10 2.02174e-10 2.57749e-13 0.00127327 0.00742097 2.12262e-10 0 6.91871e-10 0 1.91009e-09 0 3.23369e-09 0 4.57007e-09 0 5.89292e-09 0 7.18126e-09 0 8.45257e-09 0 9.68119e-09 0 1.09013e-08 0 1.20743e-08 0 1.32516e-08 0 1.43648e-08 0 1.54809e-08 0 1.65616e-08 0 1.76277e-08 0 1.86719e-08 0 1.97219e-08 0 2.07031e-08 0 2.1716e-08 0 2.2685e-08 0
136.067 1.81779e-10 1.81568e-10 2.10925e-13 0.00116034 0.00309435 2.4601e-10 0 7.56952e-10 0 1.98886e-09 0 3.28189e-09 0 4.56089e-09 0 5.809e-09 0 7.01151e-09 0 8.18794e-09 0 9.31678e-09 0 1.0431e-08 0 1.14966e-08 0 1.25612e-08 0 1.35636e-08 0 1.4565e-08 0 1.55313e-08 0 1.64817e-08 0 1.74099e-08 0 1.83408e-08 0 1.92086e-08 0 2.01023e-08 0 2.09556e-08 0
143.051 1.64718e-10 1.64545e-10 1.7288e-13 0.00104955 -0.000545255 2.80706e-10 0 8.17638e-10 0 2.04959e-09 0 3.30078e-09 0 4.51453e-09 0 5.68301e-09 0 6.79736e-09 0 7.87866e-09 0 8.90925e-09 0 9.92069e-09 0 1.08832e-08 0 1.18405e-08 0 1.27384e-08 0 1.36323e-08 0 1.44922e-08 0 1.53354e-08 0 1.61567e-08 0 1.69784e-08 0 1.77426e-08 0 1.8528e-08 0 1.92763e-08 0
150.394 1.46444e-10 1.46302e-10 1.41663e-13 0.000967355 -0.00366719 3.06964e-10 0 8.48719e-10 0 2.03449e-09 0 3.2016e-09 0 4.31303e-09 0 5.36937e-09 0 6.36705e-09 0 7.3277e-09 0 8.23748e-09 0 9.12551e-09 0 9.96658e-09 0 1.07997e-08 0 1.15783e-08 0 1.23508e-08 0 1.30917e-08 0 1.38162e-08 0 1.45202e-08 0 1.52228e-08 0 1.58749e-08 0 1.65436e-08 0 1.71796e-08 0
158.114 1.31843e-10 1.31727e-10 1.15919e-13 0.000879216 -0.00588776 3.32431e-10 0 8.74708e-10 0 2.00961e-09 0 3.0938e-09 0 4.10831e-09 0 5.06088e-09 0 5.95235e-09 0 6.8045e-09 0 7.60666e-09 0 8.38564e-09 0 9.12017e-09 0 9.84492e-09 0 1.05199e-08 0 1.11875e-08 0 1.1826e-08 0 1.24487e-08 0 1.30525e-08 0 1.36536e-08 0 1.42104e-08 0 1.47804e-08 0 1.53215e-08 0
166.23 1.18415e-10 1.18321e-10 9.47951e-14 0.000800531 -0.00799186 3.51615e-10 0 8.82634e-10 0 1.94765e-09 0 2.93663e-09 0 3.84678e-09 0 4.6916e-09 0 5.47542e-09 0 6.21952e-09 0 6.916e-09 0 7.58909e-09 0 8.22113e-09 0 8.84245e-09 0 9.41921e-09 0 9.98802e-09 0 1.05306e-08 0 1.10585e-08 0 1.15691e-08 0 1.20766e-08 0 1.25456e-08 0 1.3025e-08 0 1.34792e-08 0
174.763 1.0623e-10 1.06153e-10 7.7554e-14 0.000730056 -0.00998172 3.64056e-10 0 8.73886e-10 0 1.85591e-09 0 2.74356e-09 0 3.54773e-09 0 4.2861e-09 0 4.96559e-09 0 5.60646e-09 0 6.20312e-09 0 6.77713e-09 0 7.31401e-09 0 7.83997e-09 0 8.3267e-09 0 8.80542e-09 0 9.26092e-09 0 9.70311e-09 0 1.01299e-08 0 1.05532e-08 0 1.09438e-08 0 1.13423e-08 0 1.17194e-08 0
183.733 9.7208e-11 9.71446e-11 6.3419e-14 0.000652405 -0.0112406 3.772e-10 0 8.6777e-10 0 1.77716e-09 0 2.57841e-09 0 3.29359e-09 0 3.94356e-09 0 4.53712e-09 0 5.09353e-09 0 5.60895e-09 0 6.10269e-09 0 6.5628e-09 0 7.01208e-09 0 7.42666e-09 0 7.83336e-09 0 8.21944e-09 0 8.59343e-09 0 8.95371e-09 0 9.31038e-09 0 9.63896e-09 0 9.97363e-09 0 1.02898e-08 0
193.164 8.91745e-11 8.91226e-11 5.18483e-14 0.000581426 -0.0124176 3.84729e-10 0 8.50094e-10 0 1.68199e-09 0 2.39742e-09 0 3.0271e-09 0 3.59388e-09 0 4.10772e-09 0 4.58665e-09 0 5.0282e-09 0 5.44949e-09 0 5.84072e-09 0 6.22159e-09 0 6.57209e-09 0 6.91511e-09 0 7.24001e-09 0 7.55413e-09 0 7.85617e-09 0 8.15467e-09 0 8.42924e-09 0 8.70848e-09 0 8.97196e-09 0
203.079 8.21486e-11 8.21062e-11 4.23981e-14 0.000516115 -0.0133779 3.87306e-10 0 8.23639e-10 0 1.57728e-09 0 2.21072e-09 0 2.76092e-09 0 3.25167e-09 0 3.69359e-09 0 4.10326e-09 0 4.47929e-09 0 4.83671e-09 0 5.16756e-09 0 5.48873e-09 0 5.78355e-09 0 6.07142e-09 0 6.34354e-09 0 6.60613e-09 0 6.8582e-09 0 7.10691e-09 0 7.33535e-09 0 7.56737e-09 0 7.786e-09 0
213.503 7.6304e-11 7.62693e-11 3.46841e-14 0.000454551 -0.0139 3.86737e-10 0 7.93091e-10 0 1.4725e-09 0 2.03133e-09 0 2.51071e-09 0 2.93467e-09 0 3.31402e-09 0 3.66391e-09 0 3.98374e-09 0 4.28669e-09 0 4.56625e-09 0 4.83692e-09 0 5.0848e-09 0 5.32633e-09 0 5.55421e-09 0 5.77372e-09 0 5.9841e-09 0 6.19138e-09 0 6.3815e-09 0 6.57436e-09 0 6.75586e-09 0
224.463 7.09187e-11 7.08903e-11 2.83678e-14 0.000400004 -0.0144033 3.80434e-10 0 7.53757e-10 0 1.35907e-09 0 1.84689e-09 0 2.2605e-09 0 2.62338e-09 0 2.94614e-09 0 3.24244e-09 0 3.51223e-09 0 3.76694e-09 0 4.00134e-09 0 4.2277e-09 0 4.43456e-09 0 4.63572e-09 0 4.82518e-09 0 5.00739e-09 0 5.18176e-09 0 5.35332e-09 0 5.51048e-09 0 5.66971e-09 0 5.81941e-09 0
235.984 6.59506e-11 6.59274e-11 2.31972e-14 0.000351736 -0.0148883 3.68956e-10 0 7.07546e-10 0 1.24088e-09 0 1.66251e-09 0 2.0161e-09 0 2.32401e-09 0 2.59636e-09 0 2.84528e-09 0 3.07111e-09 0 3.28367e-09 0 3.47876e-09 0 3.66673e-09 0 3.83815e-09 0 4.00455e-09 0 4.16101e-09 0 4.31126e-09 0 4.45485e-09 0 4.59594e-09 0 4.72503e-09 0 4.85569e-09 0 4.9784e-09 0
248.097 6.13725e-11 6.13535e-11 1.89796e-14 0.000309253 -0.0153544 3.5309e-10 0 6.56517e-10 0 1.12161e-09 0 1.48271e-09 0 1.78245e-09 0 2.04165e-09 0 2.26972e-09 0 2.47732e-09 0 2.66503e-09 0 2.84121e-09 0 3.00251e-09 0 3.1576e-09 0 3.29876e-09 0 3.43556e-09 0 3.56398e-09 0 3.68714e-09 0 3.80469e-09 0 3.92005e-09 0 4.02549e-09 0 4.1321e-09 0 4.23213e-09 0
260.832 5.73867e-11 5.73711e-11 1.55295e-14 0.000270611 -0.0154293 3.35057e-10 0 6.05035e-10 0 1.00839e-09 0 1.31629e-09 0 1.56944e-09 0 1.78692e-09 0 1.97736e-09 0 2.15005e-09 0 2.3057e-09 0 2.45141e-09 0 2.58451e-09 0 2.71222e-09 0 2.82827e-09 0 2.94055e-09 0 3.04581e-09 0 3.14662e-09 0 3.24273e-09 0 3.33695e-09 0 3.42298e-09 0 3.50988e-09 0 3.59134e-09 0
274.221 5.37124e-11 5.36997e-11 1.27036e-14 0.000236512 -0.0154338 3.14285e-10 0 5.5205e-10 0 8.98836e-10 0 1.15939e-09 0 1.3717e-09 0 1.55299e-09 0 1.71103e-09 0 1.85383e-09 0 1.98217e-09 0 2.10202e-09 0 2.21126e-09 0 2.3159e-09 0 2.41081e-09 0 2.50252e-09 0 2.58838e-09 0 2.67051e-09 0 2.74873e-09 0 2.82533e-09 0 2.8952e-09 0 2.96573e-09 0 3.03178e-09 0
288.297 5.02842e-11 5.02738e-11 1.03907e-14 0.00020664 -0.0154377 2.91383e-10 0 4.98622e-10 0 7.94153e-10 0 1.01292e-09 0 1.18971e-09 0 1.33982e-09 0 1.47014e-09 0 1.58749e-09 0 1.69269e-09 0 1.79069e-09 0 1.87986e-09 0 1.96511e-09 0 2.04233e-09 0 2.11685e-09 0 2.18652e-09 0 2.2531e-09 0 2.31644e-09 0 2.37841e-09 0 2.43489e-09 0 2.49185e-09 0 2.54517e-09 0
303.095 4.71029e-11 4.70944e-11 8.50459e-15 0.000180553 -0.0153811 2.67293e-10 0 4.46252e-10 0 6.96132e-10 0 8.78568e-10 0 1.02485e-09 0 1.14842e-09 0 1.25527e-09 0 1.35121e-09 0 1.43699e-09 0 1.51674e-09 0 1.58917e-09 0 1.65832e-09 0 1.72086e-09 0 1.78113e-09 0 1.83743e-09 0 1.89117e-09 0 1.94224e-09 0 1.99217e-09 0 2.03765e-09 0 2.08347e-09 0 2.12633e-09 0
318.653 4.41654e-11 4.41585e-11 6.95922e-15 0.000157572 -0.0151009 2.42839e-10 0 3.96099e-10 0 6.05925e-10 0 7.57155e-10 0 8.77549e-10 0 9.78757e-10 0 1.06596e-09 0 1.14404e-09 0 1.21369e-09 0 1.27831e-09 0 1.33691e-09 0 1.39277e-09 0 1.44323e-09 0 1.4918e-09 0 1.53713e-09 0 1.58035e-09 0 1.6214e-09 0 1.6615e-09 0 1.69798e-09 0 1.73473e-09 0 1.76908e-09 0
335.009 4.14112e-11 4.14055e-11 5.69324e-15 0.000137481 -0.0148332 2.18425e-10 0 3.48543e-10 0 5.23447e-10 0 6.48006e-10 0 7.4651e-10 0 8.28945e-10 0 8.9974e-10 0 9.6296e-10 0 1.01924e-09 0 1.07137e-09 0 1.11856e-09 0 1.16348e-09 0 1.20402e-09 0 1.243e-09 0 1.27933e-09 0 1.31396e-09 0 1.34681e-09 0 1.37888e-09 0 1.40805e-09 0 1.4374e-09 0 1.46482e-09 0
352.205 3.88331e-11 3.88284e-11 4.65859e-15 0.000119965 -0.014578 1.9464e-10 0 3.04233e-10 0 4.49055e-10 0 5.51049e-10 0 6.31214e-10 0 6.98024e-10 0 7.55226e-10 0 8.06185e-10 0 8.51459e-10 0 8.93327e-10 0 9.31177e-10 0 9.67164e-10 0 9.99601e-10 0 1.03076e-09 0 1.05979e-09 0 1.08742e-09 0 1.11362e-09 0 1.13918e-09 0 1.16241e-09 0 1.18578e-09 0 1.20759e-09 0
370.284 3.63863e-11 3.63825e-11 3.81309e-15 0.000104795 -0.0141445 1.71769e-10 0 2.63308e-10 0 3.8237e-10 0 4.65363e-10 0 5.30223e-10 0 5.84073e-10 0 6.30048e-10 0 6.70916e-10 0 7.0716e-10 0 7.40627e-10 0 7.70842e-10 0 7.99539e-10 0 8.25378e-10 0 8.5018e-10 0 8.73262e-10 0 8.95222e-10 0 9.16032e-10 0 9.36317e-10 0 9.54745e-10 0 9.7327e-10 0 9.90558e-10 0
389.291 3.40871e-11 3.4084e-11 3.12028e-15 9.15383e-05 -0.0137085 1.50291e-10 0 2.26202e-10 0 3.23497e-10 0 3.90673e-10 0 4.42897e-10 0 4.86104e-10 0 5.22898e-10 0 5.55539e-10 0 5.84439e-10 0 6.11087e-10 0 6.35118e-10 0 6.57917e-10 0 6.78428e-10 0 6.98099e-10 0 7.16392e-10 0 7.33786e-10 0 7.50258e-10 0 7.66306e-10 0 7.80876e-10 0 7.95517e-10 0 8.09174e-10 0
409.273 3.19321e-11 3.19295e-11 2.55271e-15 7.9942e-05 -0.0132937 1.30459e-10 0 1.93e-10 0 2.72075e-10 0 3.26192e-10 0 3.68062e-10 0 4.0259e-10 0 4.31924e-10 0 4.57899e-10 0 4.80861e-10 0 5.02008e-10 0 5.21058e-10 0 5.39114e-10 0 5.55344e-10 0 5.70898e-10 0 5.85353e-10 0 5.99089e-10 0 6.12089e-10 0 6.24748e-10 0 6.36237e-10 0 6.47776e-10 0 6.58536e-10 0
430.281 2.9848e-11 2.98459e-11 2.08949e-15 7.00045e-05 -0.0127519 1.12161e-10 0 1.63265e-10 0 2.27072e-10 0 2.70387e-10 0 3.03751e-10 0 3.31183e-10 0 3.54438e-10 0 3.74994e-10 0 3.93142e-10 0 4.09836e-10 0 4.24858e-10 0 4.39085e-10 0 4.51863e-10 0 4.64101e-10 0 4.75468e-10 0 4.86262e-10 0 4.96474e-10 0 5.06413e-10 0 5.15429e-10 0 5.24481e-10 0 5.32918e-10 0
452.368 2.78825e-11 2.78808e-11 1.71024e-15 6.13374e-05 -0.0122041 9.56987e-11 0 1.372e-10 0 1.88417e-10 0 2.22928e-10 0 2.49401e-10 0 2.7111e-10 0 2.89475e-10 0 3.05684e-10 0 3.19976e-10 0 3.33109e-10 0 3.44916e-10 0 3.56089e-10 0 3.66118e-10 0 3.75716e-10 0 3.84626e-10 0 3.93083e-10 0 4.0108e-10 0 4.08861e-10 0 4.15915e-10 0 4.22996e-10 0 4.29593e-10 0
475.588 2.60453e-11 2.60439e-11 1.39948e-15 5.37325e-05 -0.0116866 8.11149e-11 0 1.14642e-10 0 1.55579e-10 0 1.82974e-10 0 2.0391e-10 0 2.21035e-10 0 2.35497e-10 0 2.48242e-10 0 2.59467e-10 0 2.69771e-10 0 2.79028e-10 0 2.87781e-10 0 2.95632e-10 0 3.03143e-10 0 3.10111e-10 0 3.16722e-10 0 3.22971e-10 0 3.29048e-10 0 3.34556e-10 0 3.40083e-10 0 3.4523e-10 0
500 2.43277e-11 2.43266e-11 1.14503e-15 4.70671e-05 -0.0111952 6.83269e-11 0 9.52829e-11 0 1.27873e-10 0 1.49545e-10 0 1.66051e-10 0 1.79522e-10 0 1.90878e-10 0 2.00874e-10 0 2.09668e-10 0 2.17733e-10 0 2.24974e-10 0 2.31815e-10 0 2.37949e-10 0 2.43813e-10 0 2.49251e-10 0 2.54408e-10 0 2.59281e-10 0 2.64018e-10 0 2.6831e-10 0 2.72615e-10 0 2.76624e-10 0
525.665 2.25763e-11 2.25753e-11 9.37433e-16 4.15229e-05 -0.0105396 5.68524e-11 0 7.82906e-11 0 1.03976e-10 0 1.20958e-10 0 1.33851e-10 0 1.44352e-10 0 1.5319e-10 0 1.60961e-10 0 1.67791e-10 0 1.74049e-10 0 1.79664e-10 0 1.84966e-10 0 1.89717e-10 0 1.94257e-10 0 1.98466e-10 0 2.02455e-10 0 2.06224e-10 0 2.09886e-10 0 2.13203e-10 0 2.16529e-10 0 2.19626e-10 0
552.648 2.09488e-11 2.0948e-11 7.67263e-16 3.66257e-05 -0.00992351 4.70439e-11 0 6.40234e-11 0 8.41988e-11 0 9.74667e-11 0 1.07512e-10 0 1.15677e-10 0 1.2254e-10 0 1.28567e-10 0 1.3386e-10 0 1.38707e-10 0 1.43052e-10 0 1.47154e-10 0 1.50827e-10 0 1.54335e-10 0 1.57586e-10 0 1.60667e-10 0 1.63576e-10 0 1.66402e-10 0 1.68962e-10 0 1.71527e-10 0 1.73915e-10 0
581.015 1.94387e-11 1.94381e-11 6.27822e-16 3.22974e-05 -0.0093462 3.873e-11 0 5.21287e-11 0 6.79284e-11 0 7.82683e-11 0 8.6076e-11 0 9.24114e-11 0 9.77302e-11 0 1.02396e-10 0 1.06491e-10 0 1.10238e-10 0 1.13595e-10 0 1.16762e-10 0 1.19597e-10 0 1.22304e-10 0 1.24811e-10 0 1.27187e-10 0 1.29429e-10 0 1.31607e-10 0 1.33579e-10 0 1.35555e-10 0 1.37394e-10 0
610.839 1.80399e-11 1.80394e-11 5.13829e-16 2.84829e-05 -0.00880565 3.17375e-11 0 4.22761e-11 0 5.46166e-11 0 6.2657e-11 0 6.87137e-11 0 7.36206e-11 0 7.77353e-11 0 8.13419e-11 0 8.45042e-11 0 8.73963e-11 0 8.99862e-11 0 9.24284e-11 0 9.46137e-11 0 9.66996e-11 0 9.86311e-11 0 1.0046e-10 0 1.02187e-10 0 1.03863e-10 0 1.0538e-10 0 1.06901e-10 0 1.08315e-10 0
642.193 1.67449e-11 1.67445e-11 4.20641e-16 2.51205e-05 -0.00829943 2.5896e-11 0 3.41608e-11 0 4.37771e-11 0 5.00171e-11 0 5.47075e-11 0 5.85018e-11 0 6.16803e-11 0 6.4464e-11 0 6.69031e-11 0 6.91326e-11 0 7.11281e-11 0 7.30091e-11 0 7.46916e-11 0 7.62971e-11 0 7.77833e-11 0 7.91905e-11 0 8.0518e-11 0 8.18069e-11 0 8.29734e-11 0 8.4142e-11 0 8.5229e-11 0
675.157 1.55448e-11 1.55445e-11 3.44265e-16 2.21466e-05 -0.0078247 2.10437e-11 0 2.75077e-11 0 3.49849e-11 0 3.98189e-11 0 4.34452e-11 0 4.63749e-11 0 4.88267e-11 0 5.09724e-11 0 5.28513e-11 0 5.45679e-11 0 5.61037e-11 0 5.75508e-11 0 5.88447e-11 0 6.00791e-11 0 6.12214e-11 0 6.23028e-11 0 6.33227e-11 0 6.43128e-11 0 6.52086e-11 0 6.61059e-11 0 6.69404e-11 0
709.813 1.43916e-11 1.43913e-11 2.81684e-16 1.95728e-05 -0.00734429 1.69871e-11 0 2.20158e-11 0 2.78018e-11 0 3.15299e-11 0 3.43214e-11 0 3.6574e-11 0 3.84576e-11 0 4.01048e-11 0 4.15464e-11 0 4.28629e-11 0 4.40403e-11 0 4.51492e-11 0 4.61406e-11 0 4.7086e-11 0 4.79607e-11 0 4.87886e-11 0 4.95693e-11 0 5.03269e-11 0 5.10123e-11 0 5.16988e-11 0 5.23372e-11 0
746.248 1.32276e-11 1.32273e-11 2.30603e-16 1.74335e-05 -0.00680902 1.35631e-11 0 1.74377e-11 0 2.18741e-11 0 2.47238e-11 0 2.68541e-11 0 2.85713e-11 0 3.00059e-11 0 3.12598e-11 0 3.23567e-11 0 3.33579e-11 0 3.4253e-11 0 3.50958e-11 0 3.5849e-11 0 3.65672e-11 0 3.72315e-11 0 3.78601e-11 0 3.84528e-11 0 3.90279e-11 0 3.95481e-11 0 4.0069e-11 0 4.05533e-11 0
784.553 1.21605e-11 1.21604e-11 1.8877e-16 1.55231e-05 -0.00631269 1.07943e-11 0 1.37739e-11 0 1.71703e-11 0 1.93459e-11 0 2.09699e-11 0 2.22776e-11 0 2.33694e-11 0 2.4323e-11 0 2.51569e-11 0 2.59177e-11 0 2.65977e-11 0 2.72378e-11 0 2.78097e-11 0 2.83549e-11 0 2.88591e-11 0 2.93361e-11 0 2.97858e-11 0 3.0222e-11 0 3.06166e-11 0 3.10116e-11 0 3.13789e-11 0
824.824 1.11821e-11 1.1182e-11 1.54485e-16 1.38154e-05 -0.00585214 8.56481e-12 0 1.08521e-11 0 1.34488e-11 0 1.51079e-11 0 1.63447e-11 0 1.73397e-11 0 1.81698e-11 0 1.88946e-11 0 1.95281e-11 0 2.01059e-11 0 2.06221e-11 0 2.11079e-11 0 2.15419e-11 0 2.19555e-11 0 2.2338e-11 0 2.26997e-11 0 2.30407e-11 0 2.33715e-11 0 2.36706e-11 0 2.397e-11 0 2.42484e-11 0
867.163 1.02854e-11 1.02853e-11 1.26413e-16 1.22906e-05 -0.00542481 6.77707e-12 0 8.53021e-12 0 1.05133e-11 0 1.17773e-11 0 1.27184e-11 0 1.3475e-11 0 1.41058e-11 0 1.46562e-11 0 1.51372e-11 0 1.55757e-11 0 1.59674e-11 0 1.6336e-11 0 1.66652e-11 0 1.69788e-11 0 1.72688e-11 0 1.7543e-11 0 1.78015e-11 0 1.80521e-11 0 1.82788e-11 0 1.85057e-11 0 1.87166e-11 0
911.674 9.46505e-12 9.46495e-12 1.03502e-16 1.09352e-05 -0.00502881 5.34972e-12 0 6.6919e-12 0 8.20503e-12 0 9.16749e-12 0 9.88324e-12 0 1.04582e-11 0 1.09373e-11 0 1.13553e-11 0 1.17203e-11 0 1.20531e-11 0 1.23502e-11 0 1.26298e-11 0 1.28794e-11 0 1.31172e-11 0 1.3337e-11 0 1.35448e-11 0 1.37407e-11 0 1.39307e-11 0 1.41024e-11 0 1.42743e-11 0 1.44341e-11 0
958.471 8.71286e-12 8.71278e-12 8.47199e-17 9.72354e-06 -0.00466092 4.21298e-12 0 5.23931e-12 0 6.39283e-12 0 7.12516e-12 0 7.6692e-12 0 8.10592e-12 0 8.4697e-12 0 8.7869e-12 0 9.06385e-12 0 9.31624e-12 0 9.54158e-12 0 9.75352e-12 0 9.94272e-12 0 1.0123e-11 0 1.02895e-11 0 1.04471e-11 0 1.05955e-11 0 1.07394e-11 0 1.08695e-11 0 1.09997e-11 0 1.11207e-11 0
1007.67 8.01345e-12 8.01338e-12 6.93272e-17 8.65136e-06 -0.00431357 3.30655e-12 0 4.08961e-12 0 4.96727e-12 0 5.52349e-12 0 5.93632e-12 0 6.26751e-12 0 6.54326e-12 0 6.78362e-12 0 6.99342e-12 0 7.18458e-12 0 7.35521e-12 0 7.51566e-12 0 7.65888e-12 0 7.79529e-12 0 7.92136e-12 0 8.04055e-12 0 8.15283e-12 0 8.2617e-12 0 8.36012e-12 0 8.45862e-12 0 8.55014e-12 0
1059.39 7.32505e-12 7.32499e-12 5.67458e-17 7.74681e-06 -0.00396403 2.57316e-12 0 3.16621e-12 0 3.82923e-12 0 4.24876e-12 0 4.55987e-12 0 4.80933e-12 0 5.01693e-12 0 5.19784e-12 0 5.3557e-12 0 5.49951e-12 0 5.62785e-12 0 5.74852e-12 0 5.85621e-12 0 5.95877e-12 0 6.05355e-12 0 6.14314e-12 0 6.22754e-12 0 6.30936e-12 0 6.38332e-12 0 6.45733e-12 0 6.5261e-12 0
1113.77 6.69926e-12 6.69922e-12 4.64577e-17 6.93474e-06 -0.003642 1.99903e-12 0 2.44791e-12 0 2.9486e-12 0 3.26495e-12 0 3.49938e-12 0 3.68724e-12 0 3.84354e-12 0 3.97969e-12 0 4.09848e-12 0 4.20666e-12 0 4.3032e-12 0 4.39395e-12 0 4.47493e-12 0 4.55205e-12 0 4.6233e-12 0 4.69065e-12 0 4.75409e-12 0 4.81559e-12 0 4.87118e-12 0 4.92681e-12 0 4.97848e-12 0
1170.94 6.12943e-12 6.12939e-12 3.80235e-17 6.20344e-06 -0.00334476 1.5504e-12 0 1.88994e-12 0 2.26789e-12 0 2.50637e-12 0 2.68297e-12 0 2.82444e-12 0 2.94209e-12 0 3.04455e-12 0 3.13392e-12 0 3.21531e-12 0 3.28792e-12 0 3.35617e-12 0 3.41706e-12 0 3.47505e-12 0 3.52861e-12 0 3.57925e-12 0 3.62693e-12 0 3.67316e-12 0 3.71494e-12 0 3.75675e-12 0 3.79558e-12 0
1231.05 5.5946e-12 5.59457e-12 3.11138e-17 5.56139e-06 -0.00306617 1.19723e-12 0 1.45321e-12 0 1.7376e-12 0 1.91685e-12 0 2.0495e-12 0 2.15571e-12 0 2.24401e-12 0 2.3209e-12 0 2.38795e-12 0 2.449e-12 0 2.50346e-12 0 2.55465e-12 0 2.60031e-12 0 2.64379e-12 0 2.68395e-12 0 2.72191e-12 0 2.75766e-12 0 2.79231e-12 0 2.82363e-12 0 2.85496e-12 0 2.88407e-12 0
1294.24 5.09762e-12 5.0976e-12 2.54736e-17 4.99715e-06 -0.00280588 9.21208e-13 0 1.1137e-12 0 1.32719e-12 0 1.4616e-12 0 1.56101e-12 0 1.64058e-12 0 1.70671e-12 0 1.76429e-12 0 1.81449e-12 0 1.86019e-12 0 1.90095e-12 0 1.93925e-12 0 1.97342e-12 0 2.00596e-12 0 2.03601e-12 0 2.0644e-12 0 2.09115e-12 0 2.11707e-12 0 2.1405e-12 0 2.16393e-12 0 2.1857e-12 0
1360.67 4.64752e-12 4.6475e-12 2.0853e-17 4.48692e-06 -0.00256655 7.08016e-13 0 8.52734e-13 0 1.01299e-12 0 1.11379e-12 0 1.1883e-12 0 1.24792e-12 0 1.29747e-12 0 1.34059e-12 0 1.37818e-12 0 1.4124e-12 0 1.44291e-12 0 1.47159e-12 0 1.49716e-12 0 1.52151e-12 0 1.544e-12 0 1.56526e-12 0 1.58527e-12 0 1.60467e-12 0 1.62219e-12 0 1.63973e-12 0 1.65602e-12 0
1430.51 4.23928e-12 4.23926e-12 1.70662e-17 4.02574e-06 -0.00234643 5.4355e-13 0 6.52332e-13 0 7.72625e-13 0 8.48219e-13 0 9.04074e-13 0 9.48752e-13 0 9.8587e-13 0 1.01817e-12 0 1.04632e-12 0 1.07195e-12 0 1.0948e-12 0 1.11627e-12 0 1.13542e-12 0 1.15365e-12 0 1.17048e-12 0 1.18639e-12 0 1.20137e-12 0 1.21589e-12 0 1.22901e-12 0 1.24213e-12 0 1.25432e-12 0
1503.94 3.86766e-12 3.86765e-12 1.39659e-17 3.61095e-06 -0.00214373 4.16734e-13 0 4.98467e-13 0 5.88734e-13 0 6.45414e-13 0 6.87276e-13 0 7.20752e-13 0 7.48557e-13 0 7.7275e-13 0 7.93835e-13 0 8.13023e-13 0 8.30133e-13 0 8.46207e-13 0 8.60544e-13 0 8.74189e-13 0 8.86791e-13 0 8.98699e-13 0 9.09911e-13 0 9.20777e-13 0 9.30596e-13 0 9.40417e-13 0 9.4954e-13 0
1581.14 3.51154e-12 3.51153e-12 1.14352e-17 3.25647e-06 -0.00195486 3.175e-13 0 3.78579e-13 0 4.45956e-13 0 4.88232e-13 0 5.19444e-13 0 5.44397e-13 0 5.65119e-13 0 5.83147e-13 0 5.98857e-13 0 6.13152e-13 0 6.25898e-13 0 6.37871e-13 0 6.48549e-13 0 6.58712e-13 0 6.68098e-13 0 6.76966e-13 0 6.85316e-13 0 6.93408e-13 0 7.00719e-13 0 7.08032e-13 0 7.14825e-13 0
1662.3 3.18979e-12 3.18978e-12 9.36044e-18 2.9345e-06 -0.00178182 2.41689e-13 0 2.87331e-13 0 3.37627e-13 0 3.69165e-13 0 3.92441e-13 0 4.11045e-13 0 4.26492e-13 0 4.39929e-13 0 4.51637e-13 0 4.62289e-13 0 4.71787e-13 0 4.80708e-13 0 4.88664e-13 0 4.96236e-13 0 5.03228e-13 0 5.09834e-13 0 5.16054e-13 0 5.22081e-13 0 5.27527e-13 0 5.32975e-13 0 5.38034e-13 0
1747.63 2.89916e-12 2.89916e-12 7.65999e-18 2.64214e-06 -0.00162325 1.83849e-13 0 2.1796e-13 0 2.55512e-13 0 2.79045e-13 0 2.96408e-13 0 3.10282e-13 0 3.21801e-13 0 3.31819e-13 0 3.40548e-13 0 3.48489e-13 0 3.55568e-13 0 3.62218e-13 0 3.68148e-13 0 3.73791e-13 0 3.79002e-13 0 3.83925e-13 0 3.8856e-13 0 3.93052e-13 0 3.9711e-13 0 4.01169e-13 0 4.04939e-13 0
1837.33 2.63694e-12 2.63693e-12 6.27005e-18 2.37778e-06 -0.00147806 1.39786e-13 0 1.65285e-13 0 1.93334e-13 0 2.10902e-13 0 2.2386e-13 0 2.34212e-13 0 2.42806e-13 0 2.50279e-13 0 2.5679e-13 0 2.62713e-13 0 2.67993e-13 0 2.72953e-13 0 2.77375e-13 0 2.81583e-13 0 2.85469e-13 0 2.8914e-13 0 2.92596e-13 0 2.95945e-13 0 2.98971e-13 0 3.01997e-13 0 3.04808e-13 0
1931.64 2.40017e-12 2.40017e-12 5.1334e-18 2.13876e-06 -0.00134498 1.06239e-13 0 1.25309e-13 0 1.46268e-13 0 1.59389e-13 0 1.69064e-13 0 1.76792e-13 0 1.83207e-13 0 1.88785e-13 0 1.93644e-13 0 1.98065e-13 0 2.02005e-13 0 2.05705e-13 0 2.09005e-13 0 2.12145e-13 0 2.15044e-13 0 2.17783e-13 0 2.20362e-13 0 2.2286e-13 0 2.25117e-13 0 2.27375e-13 0 2.29472e-13 0
2030.79 2.1736e-12 2.1736e-12 4.20162e-18 1.93302e-06 -0.00122226 8.02495e-14 0 9.44327e-14 0 1.1001e-13 0 1.19758e-13 0 1.26944e-13 0 1.32684e-13 0 1.37447e-13 0 1.41589e-13 0 1.45196e-13 0 1.48478e-13 0 1.51403e-13 0 1.5415e-13 0 1.56599e-13 0 1.5893e-13 0 1.61081e-13 0 1.63114e-13 0 1.65028e-13 0 1.66883e-13 0 1.68558e-13 0 1.70233e-13 0 1.7179e-13 0
2135.03 1.94416e-12 1.94416e-12 3.4381e-18 1.76842e-06 -0.00110962 5.98101e-14 0 7.02258e-14 0 8.16582e-14 0 8.88092e-14 0 9.40799e-14 0 9.8289e-14 0 1.01782e-13 0 1.04818e-13 0 1.07463e-13 0 1.09869e-13 0 1.12013e-13 0 1.14027e-13 0 1.15823e-13 0 1.17531e-13 0 1.19108e-13 0 1.20598e-13 0 1.22001e-13 0 1.2336e-13 0 1.24588e-13 0 1.25816e-13 0 1.26957e-13 0
2244.63 1.74075e-12 1.74074e-12 2.81495e-18 1.6171e-06 -0.00100817 4.45808e-14 0 5.22355e-14 0 6.06326e-14 0 6.5883e-14 0 6.97522e-14 0 7.28416e-14 0 7.5405e-14 0 7.76336e-14 0 7.95745e-14 0 8.13399e-14 0 8.29133e-14 0 8.43908e-14 0 8.57081e-14 0 8.69616e-14 0 8.81188e-14 0 8.9212e-14 0 9.02411e-14 0 9.12383e-14 0 9.2139e-14 0 9.304e-14 0 9.38766e-14 0
2359.84 1.55979e-12 1.55979e-12 2.30443e-18 1.4774e-06 -0.000916497 3.32245e-14 0 3.88529e-14 0 4.5024e-14 0 4.88812e-14 0 5.17232e-14 0 5.39923e-14 0 5.58748e-14 0 5.75113e-14 0 5.89366e-14 0 6.02328e-14 0 6.1388e-14 0 6.24729e-14 0 6.344e-14 0 6.43603e-14 0 6.52099e-14 0 6.60124e-14 0 6.67679e-14 0 6.75e-14 0 6.81612e-14 0 6.88226e-14 0 6.94368e-14 0
2480.97 1.39861e-12 1.39861e-12 1.88599e-18 1.34847e-06 -0.000833552 2.47574e-14 0 2.88977e-14 0 3.34351e-14 0 3.62704e-14 0 3.83591e-14 0 4.00265e-14 0 4.14098e-14 0 4.26123e-14 0 4.36594e-14 0 4.46118e-14 0 4.54605e-14 0 4.62575e-14 0 4.6968e-14 0 4.7644e-14 0 4.82681e-14 0 4.88577e-14 0 4.94127e-14 0 4.99504e-14 0 5.04361e-14 0 5.09219e-14 0 5.1373e-14 0
2608.32 1.25505e-12 1.25505e-12 1.54343e-18 1.22978e-06 -0.000758491 1.84474e-14 0 2.14948e-14 0 2.4833e-14 0 2.69184e-14 0 2.84544e-14 0 2.96805e-14 0 3.06976e-14 0 3.15817e-14 0 3.23516e-14 0 3.30518e-14 0 3.36757e-14 0 3.42616e-14 0 3.47839e-14 0 3.52809e-14 0 3.57397e-14 0 3.61731e-14 0 3.6581e-14 0 3.69763e-14 0 3.73333e-14 0 3.76904e-14 0 3.8022e-14 0
2742.21 1.12728e-12 1.12728e-12 1.26375e-18 1.12106e-06 -0.000690615 1.37482e-14 0 1.59928e-14 0 1.84507e-14 0 1.99858e-14 0 2.11163e-14 0 2.20186e-14 0 2.27671e-14 0 2.34177e-14 0 2.39842e-14 0 2.44994e-14 0 2.49585e-14 0 2.53896e-14 0 2.57739e-14 0 2.61395e-14 0 2.64771e-14 0 2.67959e-14 0 2.70961e-14 0 2.73868e-14 0 2.76495e-14 0 2.79122e-14 0 2.81562e-14 0
2882.97 1.01317e-12 1.01317e-12 1.03446e-18 1.02101e-06 -0.00062904 1.02455e-14 0 1.18996e-14 0 1.37102e-14 0 1.48408e-14 0 1.56733e-14 0 1.63378e-14 0 1.68889e-14 0 1.73679e-14 0 1.7785e-14 0 1.81643e-14 0 1.85023e-14 0 1.88197e-14 0 1.91026e-14 0 1.93718e-14 0 1.96203e-14 0 1.9855e-14 0 2.00759e-14 0 2.029e-14 0 2.04834e-14 0 2.06767e-14 0 2.08563e-14 0
3030.95 9.11197e-13 9.11196e-13 8.4655e-19 9.29053e-07 -0.000573137 7.63483e-15 0 8.85438e-15 0 1.01889e-14 0 1.1022e-14 0 1.16354e-14 0 1.2125e-14 0 1.2531e-14 0 1.28839e-14 0 1.31911e-14 0 1.34705e-14 0 1.37195e-14 0 1.39533e-14 0 1.41617e-14 0 1.436e-14 0 1.4543e-14 0 1.47159e-14 0 1.48786e-14 0 1.50363e-14 0 1.51787e-14 0 1.53212e-14 0 1.54534e-14 0
3186.53 8.20141e-13 8.2014e-13 6.92959e-19 8.44927e-07 -0.000522423 5.69037e-15 0 6.59011e-15 0 7.57435e-15 0 8.1887e-15 0 8.64101e-15 0 9.00194e-15 0 9.3013e-15 0 9.56145e-15 0 9.78797e-15 0 9.99395e-15 0 1.01775e-14 0 1.03498e-14 0 1.05035e-14 0 1.06496e-14 0 1.07845e-14 0 1.0912e-14 0 1.10319e-14 0 1.11482e-14 0 1.12531e-14 0 1.13581e-14 0 1.14556e-14 0
3350.09 7.38741e-13 7.38741e-13 5.67336e-19 7.67977e-07 -0.000476366 4.24178e-15 0 4.90598e-15 0 5.63238e-15 0 6.08571e-15 0 6.41944e-15 0 6.68573e-15 0 6.90659e-15 0 7.09851e-15 0 7.26563e-15 0 7.41758e-15 0 7.55298e-15 0 7.68011e-15 0 7.79343e-15 0 7.90124e-15 0 8.00077e-15 0 8.09478e-15 0 8.18326e-15 0 8.26899e-15 0 8.34643e-15 0 8.42387e-15 0 8.49579e-15 0
3522.05 6.65816e-13 6.65816e-13 4.64363e-19 6.97434e-07 -0.000434451 3.16204e-15 0 3.65261e-15 0 4.18898e-15 0 4.52366e-15 0 4.77003e-15 0 4.96661e-15 0 5.12964e-15 0 5.27131e-15 0 5.39466e-15 0 5.50681e-15 0 5.60675e-15 0 5.70058e-15 0 5.78423e-15 0 5.8638e-15 0 5.93726e-15 0 6.00664e-15 0 6.07195e-15 0 6.13522e-15 0 6.19237e-15 0 6.24952e-15 0 6.3026e-15 0
3702.84 6.00433e-13 6.00433e-13 3.79977e-19 6.32838e-07 -0.000396278 2.35723e-15 0 2.71971e-15 0 3.11596e-15 0 3.36318e-15 0 3.54515e-15 0 3.69034e-15 0 3.81074e-15 0 3.91536e-15 0 4.00646e-15 0 4.08929e-15 0 4.16309e-15 0 4.23238e-15 0 4.29415e-15 0 4.35291e-15 0 4.40715e-15 0 4.45839e-15 0 4.50662e-15 0 4.55334e-15 0 4.59554e-15 0 4.63774e-15 0 4.67694e-15 0
3892.91 5.41928e-13 5.41928e-13 3.11114e-19 5.74087e-07 -0.00036157 1.75786e-15 0 2.0259e-15 0 2.31886e-15 0 2.50161e-15 0 2.63612e-15 0 2.74343e-15 0 2.83243e-15 0 2.90976e-15 0 2.97709e-15 0 3.0383e-15 0 3.09285e-15 0 3.14406e-15 0 3.18971e-15 0 3.23314e-15 0 3.27323e-15 0 3.31109e-15 0 3.34673e-15 0 3.38126e-15 0 3.41245e-15 0 3.44364e-15 0 3.47261e-15 0
4092.73 4.89416e-13 4.89416e-13 2.54691e-19 5.20397e-07 -0.000329921 1.31104e-15 0 1.50935e-15 0 1.72605e-15 0 1.86122e-15 0 1.9607e-15 0 2.04007e-15 0 2.10588e-15 0 2.16307e-15 0 2.21286e-15 0 2.25813e-15 0 2.29847e-15 0 2.33634e-15 0 2.3701e-15 0 2.40221e-15 0 2.43185e-15 0 2.45985e-15 0 2.48621e-15 0 2.51174e-15 0 2.5348e-15 0 2.55787e-15 0 2.57928e-15 0
4302.81 4.42231e-13 4.42231e-13 2.08444e-19 4.71346e-07 -0.000301031 9.77875e-16 0 1.12466e-15 0 1.28504e-15 0 1.38506e-15 0 1.45868e-15 0 1.5174e-15 0 1.5661e-15 0 1.60841e-15 0 1.64525e-15 0 1.67874e-15 0 1.70859e-15 0 1.73661e-15 0 1.76158e-15 0 1.78534e-15 0 1.80727e-15 0 1.82799e-15 0 1.84749e-15 0 1.86638e-15 0 1.88344e-15 0 1.9005e-15 0 1.91635e-15 0
4523.68 3.99841e-13 3.99841e-13 1.70587e-19 4.26637e-07 -0.00027466 7.29511e-16 0 8.3822e-16 0 9.56975e-16 0 1.03104e-15 0 1.08554e-15 0 1.12901e-15 0 1.16507e-15 0 1.19639e-15 0 1.22366e-15 0 1.24846e-15 0 1.27055e-15 0 1.2913e-15 0 1.30978e-15 0 1.32737e-15 0 1.34361e-15 0 1.35894e-15 0 1.37338e-15 0 1.38736e-15 0 1.39999e-15 0 1.41262e-15 0 1.42435e-15 0
4755.88 3.61793e-13 3.61793e-13 1.39675e-19 3.86063e-07 -0.000250603 5.44427e-16 0 6.24992e-16 0 7.12992e-16 0 7.67867e-16 0 8.08248e-16 0 8.40461e-16 0 8.67172e-16 0 8.9038e-16 0 9.10586e-16 0 9.28956e-16 0 9.45324e-16 0 9.60691e-16 0 9.74388e-16 0 9.87418e-16 0 9.99446e-16 0 1.01081e-15 0 1.0215e-15 0 1.03186e-15 0 1.04122e-15 0 1.05057e-15 0 1.05926e-15 0
5000 3.27543e-13 3.27543e-13 1.14333e-19 3.49062e-07 -0.000228593 4.06361e-16 0 4.66098e-16 0 5.31339e-16 0 5.7202e-16 0 6.01954e-16 0 6.25833e-16 0 6.45632e-16 0 6.62836e-16 0 6.77813e-16 0 6.9143e-16 0 7.03562e-16 0 7.14952e-16 0 7.25105e-16 0 7.34763e-16 0 7.43679e-16 0 7.52099e-16 0 7.60025e-16 0 7.67703e-16 0 7.74638e-16 0 7.81574e-16 0 7.88014e-16 0
