# 3.19109e-07 1 21 : grain size, compostion index, size index
# Heating and cooling timescale: 2293.85 17.7187
# Ratio of heating to cooling to determine stochastic cutoff: 100
# Equilibrium emission is recorded even for those grains in the stochastic regime.
# Emission spectrum was computed for: 
# Type: IRSF
# Scales: 0.25 0.5 1 1.5 2 2.5 3 3.5 4 4.5 5 5.5 6 6.5 7 7.5 8 8.5 9 9.5 10
# StochasticallyHeated: 1 1 1 1 1 1 1 1 1 1 1 1 1 1 1 1 1 1 1 1 1
# Temperature: -1
# Wavelength  CExt  CAbs  CSca  Albedo G EqEm1 StEm1 EqEm2 StEm2 EqEm3 StEm3 EqEm4 StEm4 EqEm5 StEm5 EqEm6 StEm6 EqEm7 StEm7 EqEm8 StEm8 EqEm9 StEm9 EqEm10 StEm10 EqEm11 StEm11 EqEm12 StEm12 EqEm13 StEm13 EqEm14 StEm14 EqEm15 StEm15 EqEm16 StEm16 EqEm17 StEm17 EqEm18 StEm18 EqEm19 StEm19 EqEm20 StEm20 EqEm21 StEm21
0.05 1.29543e-13 1.2659e-13 2.95226e-15 0.0227899 0.023226 0 0 0 0 0 0 0 0 0 0 0 0 0 0 0 0 0 0 0 0 0 0 0 0 0 0 0 0 0 0 0 0 0 0 0 0 0 0 0 0 0 0
0.0525665 1.49835e-13 1.46653e-13 3.18152e-15 0.0212336 0.0206827 0 0 0 0 0 0 0 0 0 0 0 0 0 0 0 0 0 0 0 0 0 0 0 0 0 0 0 0 0 0 0 0 0 0 0 0 0 0 0 0 0 0
0.0552647 1.72844e-13 1.6942e-13 3.42461e-15 0.0198133 0.0184033 0 0 0 0 0 0 0 0 0 0 0 0 0 0 0 0 0 0 0 0 0 0 0 0 0 0 0 0 0 0 0 0 0 0 0 0 0 0 0 0 0 0
0.0581015 1.9598e-13 1.92352e-13 3.62795e-15 0.0185118 0.0163573 0 0 0 0 0 0 0 0 0 0 0 0 0 0 0 0 0 0 0 0 0 0 0 0 0 0 0 0 0 0 0 0 0 0 0 0 0 0 0 0 0 0
0.0610839 2.22086e-13 2.18202e-13 3.88348e-15 0.0174864 0.0143968 0 0 0 0 0 0 0 0 0 0 0 0 0 0 0 0 0 0 0 0 0 0 0 0 0 0 0 0 0 0 0 0 0 0 0 0 0 0 0 0 0 0
0.0642193 2.60185e-13 2.55812e-13 4.37305e-15 0.0168075 0.0124579 0 0 0 0 0 0 0 0 0 0 0 0 0 0 0 0 0 0 0 0 0 0 0 0 0 0 0 0 0 0 0 0 0 0 0 0 0 0 0 0 0 0
0.0675157 3.20703e-13 3.15469e-13 5.23429e-15 0.0163213 0.0104943 0 0 0 0 0 0 0 0 0 0 0 0 0 0 0 0 0 0 0 0 0 0 0 0 0 0 0 0 0 0 0 0 0 0 0 0 0 0 0 0 0 0
0.0709813 3.65816e-13 3.60232e-13 5.58366e-15 0.0152636 0.00874921 0 0 0 0 0 0 0 0 0 0 0 0 0 0 0 0 0 0 0 0 0 0 0 0 0 0 0 0 0 0 0 0 0 0 0 0 0 0 0 0 0 0
0.0746248 3.59133e-13 3.54077e-13 5.05683e-15 0.0140807 0.00748017 0 0 0 0 0 0 0 0 0 0 0 0 0 0 0 0 0 0 0 0 0 0 0 0 0 0 0 0 0 0 0 0 0 0 0 0 0 0 0 0 0 0
0.0784553 3.13723e-13 3.09687e-13 4.03587e-15 0.0128645 0.00663128 0 0 0 0 0 0 0 0 0 0 0 0 0 0 0 0 0 0 0 0 0 0 0 0 0 0 0 0 0 0 0 0 0 0 0 0 0 0 0 0 0 0
0.0824824 2.54662e-13 2.51782e-13 2.87951e-15 0.0113072 0.00614297 0 0 0 0 0 0 0 0 0 0 0 0 0 0 0 0 0 0 0 0 0 0 0 0 0 0 0 0 0 0 0 0 0 0 0 0 0 0 0 0 0 0
0.0867162 2.2234e-13 2.2012e-13 2.22001e-15 0.00998475 0.00585015 0 0 0 0 0 0 0 0 0 0 0 0 0 0 0 0 0 0 0 0 0 0 0 0 0 0 0 0 0 0 0 0 0 0 0 0 0 0 0 0 0 0
0.0911674 1.96754e-13 1.94885e-13 1.86821e-15 0.00949518 0.00563676 0 0 0 0 0 0 0 0 0 0 0 0 0 0 0 0 0 0 0 0 0 0 0 0 0 0 0 0 0 0 0 0 0 0 0 0 0 0 0 0 0 0
0.095847 1.55932e-13 1.54439e-13 1.4933e-15 0.00957659 0.005903 0 0 0 0 0 0 0 0 0 0 0 0 0 0 0 0 0 0 0 0 0 0 0 0 0 0 0 0 0 0 0 0 0 0 0 0 0 0 0 0 0 0
0.100767 1.07992e-13 1.06971e-13 1.02065e-15 0.00945122 0.0068838 0 0 0 0 0 0 0 0 0 0 0 0 0 0 0 0 0 0 0 0 0 0 0 0 0 0 0 0 0 0 0 0 0 0 0 0 0 0 0 0 0 0
0.105939 7.09727e-14 7.02659e-14 7.06813e-16 0.00995895 0.00745118 0 0 0 0 0 0 0 0 0 0 0 0 0 0 0 0 0 0 0 0 0 0 0 0 0 0 0 0 0 0 0 0 0 0 0 0 0 0 0 0 0 0
0.111377 4.29283e-14 4.24981e-14 4.30242e-16 0.0100223 0.00853015 0 0 0 0 0 0 0 0 0 0 0 0 0 0 0 0 0 0 0 0 0 0 0 0 0 0 0 0 0 0 0 0 0 0 0 0 0 0 0 0 0 0
0.117094 3.23432e-14 3.20764e-14 2.66726e-16 0.00824675 0.0078739 0 0 0 0 0 0 0 0 0 0 0 0 0 0 0 0 0 0 0 0 0 0 0 0 0 0 0 0 0 0 0 0 0 0 0 0 0 0 0 0 0 0
0.123105 2.50793e-14 2.49062e-14 1.73156e-16 0.00690432 0.00676535 0 0 0 0 0 0 0 0 0 0 0 0 0 0 0 0 0 0 0 0 0 0 0 0 0 0 0 0 0 0 0 0 0 0 0 0 0 0 0 0 0 0
0.129424 2.08696e-14 2.07585e-14 1.11054e-16 0.00532135 0.00569158 0 0 0 0 0 0 0 0 0 0 0 0 0 0 0 0 0 0 0 0 0 0 0 0 0 0 0 0 0 0 0 0 0 0 0 0 0 0 0 0 0 0
0.136067 1.96343e-14 1.95625e-14 7.17946e-17 0.00365659 0.00481702 0 0 0 0 0 0 0 0 0 0 0 0 0 0 0 0 0 0 0 0 0 0 0 0 0 0 0 0 0 0 0 0 0 0 0 0 0 0 0 0 0 0
0.143051 2.02508e-14 2.02037e-14 4.70824e-17 0.00232497 0.00411065 0 0 0 0 0 0 0 0 0 0 0 0 0 0 0 0 0 0 0 0 0 0 0 0 0 0 0 0 0 0 0 0 0 0 0 0 0 0 0 0 0 0
0.150394 2.32576e-14 2.32256e-14 3.20263e-17 0.00137702 0.00351048 0 0 0 0 0 0 0 0 0 0 0 0 0 0 0 0 0 0 0 0 0 0 0 0 0 0 0 0 0 0 0 0 0 0 0 0 0 0 0 0 0 0
0.158114 2.81365e-14 2.81123e-14 2.41768e-17 0.000859268 0.00300741 0 0 0 0 0 0 0 0 0 0 0 0 0 0 0 0 0 0 0 0 0 0 0 0 0 0 0 0 0 0 0 0 0 0 0 0 0 0 0 0 0 0
0.16623 3.51499e-14 3.51276e-14 2.22818e-17 0.000633907 0.00258654 0 0 0 0 0 0 0 0 0 0 0 0 0 0 0 0 0 0 0 0 0 0 0 0 0 0 0 0 0 0 0 0 0 0 0 0 0 0 0 0 0 0
0.174762 4.59091e-14 4.58823e-14 2.67714e-17 0.000583139 0.00222502 0 0 0 0 0 0 0 0 0 0 0 0 0 0 0 0 0 0 0 0 0 0 0 0 0 0 0 0 0 0 0 0 0 0 0 0 0 0 0 0 0 0
0.183733 6.15282e-14 6.14901e-14 3.81357e-17 0.000619808 0.00189589 0 0 0 0 0 0 0 0 0 0 0 0 0 0 0 0 0 0 0 0 0 0 0 0 0 0 0 0 0 0 0 0 0 0 0 0 0 0 0 0 0 0
0.193164 8.53806e-14 8.53201e-14 6.05363e-17 0.000709016 0.00157822 0 0 0 0 0 0 0 0 0 0 0 0 0 0 0 0 0 0 0 0 0 0 0 0 0 0 0 0 0 0 0 0 0 0 0 0 0 0 0 0 0 0
0.203079 1.13188e-13 1.13095e-13 9.2688e-17 0.000818887 0.00126561 0 0 0 0 0 0 0 0 0 0 0 0 0 0 0 0 0 0 0 0 0 0 0 0 0 0 0 0 0 0 0 0 0 0 0 0 0 0 0 0 0 0
0.213503 1.23017e-13 1.22902e-13 1.1454e-16 0.000931088 0.000973269 0 0 0 0 0 0 0 0 0 0 0 0 0 0 0 0 0 0 0 0 0 0 0 0 0 0 0 0 0 0 0 0 0 0 0 0 0 0 0 0 0 0
0.224463 9.49838e-14 9.48881e-14 9.5693e-17 0.00100747 0.00072091 0 0 0 0 0 0 0 0 0 0 0 0 0 0 0 0 0 0 0 0 0 0 0 0 0 0 0 0 0 0 0 0 0 0 0 0 0 0 0 0 0 0
0.235984 6.47655e-14 6.47005e-14 6.49372e-17 0.00100265 0.000514981 0 0 0 0 0 0 0 0 0 0 0 0 0 0 0 0 0 0 0 0 0 0 0 0 0 0 0 0 0 0 0 0 0 0 0 0 0 0 0 0 0 0
0.248097 4.59121e-14 4.58701e-14 4.1962e-17 0.000913964 0.000393879 0 0 0 0 0 0 0 0 0 0 0 0 0 0 0 0 0 0 0 0 0 0 0 0 0 0 0 0 0 0 0 0 0 0 0 0 0 0 0 0 0 0
0.260832 3.62511e-14 3.62223e-14 2.87713e-17 0.000793667 0.000407614 0 0 0 0 0 0 0 0 0 0 0 0 0 0 0 0 0 0 0 0 0 0 0 0 0 0 0 0 0 0 0 0 0 0 0 0 0 0 0 0 0 0
0.274221 2.9901e-14 2.98803e-14 2.07264e-17 0.000693166 0.000543062 0 0 0 0 0 0 0 0 0 0 0 0 0 0 0 0 0 0 0 0 0 0 0 0 0 0 0 0 0 0 0 0 0 0 0 0 0 0 0 0 0 0
0.288297 2.58263e-14 2.58109e-14 1.54343e-17 0.000597619 0.000729513 0 0 0 0 0 0 0 0 0 0 0 0 0 0 0 0 0 0 0 0 0 0 0 0 0 0 0 0 0 0 0 0 0 0 0 0 0 0 0 0 0 0
0.303095 2.26992e-14 2.26873e-14 1.1886e-17 0.000523632 0.000819261 0 0 0 0 0 0 0 0 0 0 0 0 0 0 0 0 0 0 0 0 0 0 0 0 0 0 0 0 0 0 0 0 0 0 0 0 0 0 0 0 0 0
0.318653 2.00247e-14 2.00154e-14 9.25058e-18 0.000461959 0.000855902 0 0 0 0 0 0 0 0 0 0 0 0 0 0 0 0 0 0 0 0 0 0 0 0 0 0 0 0 0 0 0 0 0 0 0 0 0 0 0 0 0 0
0.335009 1.79413e-14 1.7934e-14 7.28327e-18 0.00040595 0.000842442 0 0 0 0 0 0 0 0 0 0 0 0 0 0 0 0 0 0 0 0 0 0 0 0 0 0 0 0 0 0 0 0 0 0 0 0 0 0 0 0 0 0
0.352205 1.63318e-14 1.6326e-14 5.8055e-18 0.000355472 0.000799837 0 0 0 0 0 0 0 0 0 0 0 0 0 0 0 0 0 0 0 0 0 0 0 0 0 0 0 0 0 0 0 0 0 0 0 0 0 0 0 0 0 0
0.370284 1.49882e-14 1.49835e-14 4.66876e-18 0.000311495 0.000748062 0 0 0 0 0 0 0 0 0 0 0 0 0 0 0 0 0 0 0 0 0 0 0 0 0 0 0 0 0 0 0 0 0 0 0 0 0 0 0 0 0 0
0.389291 1.37267e-14 1.37229e-14 3.78362e-18 0.00027564 0.000697646 0 0 0 0 0 0 0 0 0 0 0 0 0 0 0 0 0 0 0 0 0 0 0 0 0 0 0 0 0 0 0 0 0 0 0 0 0 0 0 0 0 0
0.409273 1.25224e-14 1.25194e-14 3.07557e-18 0.000245605 0.000648639 0 0 0 0 0 0 0 0 0 0 0 0 0 0 0 0 0 0 0 0 0 0 0 0 0 0 0 0 0 0 0 0 0 0 0 0 0 0 0 0 0 0
0.430281 1.13707e-14 1.13682e-14 2.50254e-18 0.000220087 0.000602044 0 0 0 0 0 0 0 0 0 0 0 0 0 0 0 0 0 0 0 0 0 0 0 0 0 0 0 0 0 0 0 0 0 0 0 0 0 0 0 0 0 0
0.452368 1.03802e-14 1.03782e-14 2.03602e-18 0.000196144 0.000553864 0 0 0 0 0 0 0 0 0 0 0 0 0 0 0 0 0 0 0 0 0 0 0 0 0 0 0 0 0 0 0 0 0 0 0 0 0 0 0 0 0 0
0.475588 9.48409e-15 9.48243e-15 1.65759e-18 0.000174776 0.000507695 0 0 0 0 0 0 0 0 0 0 0 0 0 0 0 0 0 0 0 0 0 0 0 0 0 0 0 0 0 0 0 0 0 0 0 0 0 0 0 0 0 0
0.5 8.726e-15 8.72464e-15 1.35308e-18 0.000155063 0.00046338 0 0 0 0 0 0 0 0 0 0 0 0 0 0 0 0 0 0 0 0 0 0 0 0 0 0 0 0 0 0 0 0 0 0 0 0 0 0 0 0 0 0
0.525665 8.07178e-15 8.07068e-15 1.1057e-18 0.000136984 0.000421465 0 0 0 0 0 0 0 0 0 0 0 0 0 0 0 0 0 0 0 0 0 0 0 0 0 0 0 0 0 0 0 0 0 0 0 0 0 0 0 0 0 0
0.552648 7.45494e-15 7.45404e-15 9.03903e-19 0.000121249 0.000383276 0 0 0 0 0 0 0 0 0 0 0 0 0 0 0 0 0 0 0 0 0 0 0 0 0 0 0 0 0 0 0 0 0 0 0 0 0 0 0 0 0 0
0.581015 6.94268e-15 6.94193e-15 7.42544e-19 0.000106954 0.000347776 0 0 0 0 0 0 0 0 0 0 0 0 0 0 0 0 0 0 0 0 0 0 0 0 0 0 0 0 0 0 0 0 0 0 0 0 0 0 0 0 0 0
0.610839 6.45423e-15 6.45362e-15 6.10172e-19 9.45383e-05 0.000315617 0 0 0 0 0 0 0 0 0 0 0 0 0 0 0 0 0 0 0 0 0 0 0 0 0 0 0 0 0 0 0 0 0 0 0 0 0 0 0 0 0 0
0.642193 5.98793e-15 5.98743e-15 5.01318e-19 8.37214e-05 0.000286441 0 0 0 0 0 0 0 0 0 0 0 0 0 0 0 0 0 0 0 0 0 0 0 0 0 0 0 0 0 0 0 0 0 0 0 0 0 0 0 0 0 0
0.675157 5.55636e-15 5.55595e-15 4.12359e-19 7.42138e-05 0.000260085 0 0 0 0 0 0 0 0 0 0 0 0 0 0 0 0 0 0 0 0 0 0 0 0 0 0 0 0 0 0 0 0 0 0 0 0 0 0 0 0 0 0
0.709813 5.15768e-15 5.15734e-15 3.39761e-19 6.58747e-05 0.000236442 0 0 0 0 0 0 0 0 0 0 0 0 0 0 0 0 0 0 0 0 0 0 0 0 0 0 0 0 0 0 0 0 0 0 0 0 0 0 0 0 0 0
0.746248 4.78328e-15 4.783e-15 2.79996e-19 5.85364e-05 0.000215319 0 0 0 0 0 0 0 0 0 0 0 0 0 0 0 0 0 0 0 0 0 0 0 0 0 0 0 0 0 0 0 0 0 0 0 0 0 0 0 0 0 0
0.784553 4.42791e-15 4.42768e-15 2.30673e-19 5.20953e-05 0.000196134 0 0 0 0 0 0 0 0 0 0 0 0 0 0 0 0 0 0 0 0 0 0 0 0 0 0 0 0 0 0 0 0 0 0 0 0 0 0 0 0 0 0
0.824824 4.09588e-15 4.09569e-15 1.89997e-19 4.63875e-05 0.000178917 0 0 0 0 0 0 0 0 0 0 0 0 0 0 0 0 0 0 0 0 0 0 0 0 0 0 0 0 0 0 0 0 0 0 0 0 0 0 0 0 0 0
0.867162 3.78541e-15 3.78525e-15 1.56552e-19 4.13568e-05 0.000163424 0 0 0 0 0 0 0 0 0 0 0 0 0 0 0 0 0 0 0 0 0 0 0 0 0 0 0 0 0 0 0 0 0 0 0 0 0 0 0 0 0 0
0.911674 3.49383e-15 3.4937e-15 1.28926e-19 3.69012e-05 0.000149408 0 0 0 0 0 0 0 0 0 0 0 0 0 0 0 0 0 0 0 0 0 0 0 0 0 0 0 0 0 0 0 0 0 0 0 0 0 0 0 0 0 0
0.95847 3.2238e-15 3.2237e-15 1.06088e-19 3.29076e-05 0.000136846 0 0 0 0 0 0 0 0 0 0 0 0 0 0 0 0 0 0 0 0 0 0 0 0 0 0 0 0 0 0 0 0 0 0 0 0 0 0 0 0 0 0
1.00767 2.97146e-15 2.97137e-15 8.73013e-20 2.93799e-05 0.000125439 0 0 0 0 0 0 0 0 0 0 0 0 0 0 0 0 0 0 0 0 0 0 0 0 0 0 0 0 0 0 0 0 0 0 0 0 0 0 0 0 0 0
1.05939 2.74175e-15 2.74168e-15 7.18117e-20 2.6192e-05 0.000115093 0 0 0 0 0 0 0 0 0 0 0 0 0 0 0 0 0 0 0 0 0 0 0 0 0 0 0 0 0 0 0 0 0 0 0 0 0 0 0 0 0 0
1.11377 2.52595e-15 2.52589e-15 5.90521e-20 2.33782e-05 0.000105673 0 0 0 0 0 0 0 0 0 0 0 0 0 0 0 0 0 0 0 0 0 0 0 0 0 0 0 0 0 0 0 0 0 0 0 0 0 0 0 0 0 0
1.17094 2.33446e-15 2.33441e-15 4.85389e-20 2.07924e-05 9.68793e-05 0 0 0 0 0 0 0 0 0 0 0 0 0 0 0 0 0 0 0 0 0 0 0 0 0 0 0 0 0 0 0 0 0 0 0 0 0 0 0 0 0 0
1.23105 2.15794e-15 2.1579e-15 3.99157e-20 1.84971e-05 8.88283e-05 0 0 0 0 0 0 0 0 0 0 0 0 0 0 0 0 0 0 0 0 0 0 0 0 0 0 0 0 0 0 0 0 0 0 0 0 0 0 0 0 0 0
1.29424 1.9943e-15 1.99427e-15 3.28353e-20 1.64646e-05 8.14219e-05 0 0 0 0 0 0 0 0 0 0 0 0 0 0 0 0 0 0 0 0 0 0 0 0 0 0 0 0 0 0 0 0 0 0 0 0 0 0 0 0 0 0
1.36067 1.84302e-15 1.84299e-15 2.6995e-20 1.46472e-05 7.46753e-05 0 0 0 0 0 0 0 0 0 0 0 0 0 0 0 0 0 1.4013e-45 0 1.4013e-45 0 1.4013e-45 0 1.4013e-45 0 1.4013e-45 0 2.8026e-45 0 2.8026e-45 0 2.8026e-45 0 4.2039e-45 0 4.2039e-45 0 4.2039e-45 0 5.60519e-45 0 5.60519e-45
1.43051 1.70342e-15 1.70339e-15 2.21833e-20 1.30228e-05 6.85284e-05 0 0 0 0 0 1.4013e-45 0 2.8026e-45 0 5.60519e-45 0 9.80909e-45 0 1.4013e-44 0 1.82169e-44 0 2.52234e-44 0 3.22299e-44 0 4.06377e-44 0 4.90454e-44 0 6.02558e-44 0 7.14662e-44 0 8.54792e-44 0 9.94922e-44 0 1.16308e-43 0 1.33123e-43 0 1.5134e-43 0 1.75162e-43 0 1.96182e-43
1.50394 1.57667e-15 1.57666e-15 1.82359e-20 1.1566e-05 6.28469e-05 0 2.8026e-45 0 9.80909e-45 0 4.2039e-44 0 9.3887e-44 0 1.68156e-43 0 2.66247e-43 0 3.8816e-43 0 5.33895e-43 0 7.07656e-43 0 9.09443e-43 0 1.14346e-42 0 1.3985e-42 0 1.69837e-42 0 2.01507e-42 0 2.38781e-42 0 2.77317e-42 0 3.22859e-42 0 3.68682e-42 0 4.18147e-42 0 4.77282e-42 0 5.35156e-42
1.58114 1.46099e-15 1.46097e-15 1.49911e-20 1.02609e-05 5.75497e-05 0 6.86636e-44 0 2.60642e-43 0 1.02995e-42 0 2.31074e-42 0 4.12682e-42 0 6.50623e-42 0 9.46717e-42 0 1.29858e-41 0 1.71701e-41 0 2.20228e-41 0 2.75818e-41 0 3.36802e-41 0 4.07133e-41 0 4.82341e-41 0 5.68815e-41 0 6.59283e-41 0 7.63399e-41 0 8.70248e-41 0 9.85183e-41 0 1.11773e-40 0 1.25078e-40
1.6623 1.354e-15 1.35399e-15 1.2325e-20 9.10265e-06 5.26362e-05 0 1.55404e-42 0 5.69628e-42 0 2.19443e-41 0 4.88002e-41 0 8.67544e-41 0 1.36233e-40 0 1.97597e-40 0 2.70486e-40 0 3.56628e-40 0 4.56068e-40 0 5.69374e-40 0 6.94128e-40 0 8.36198e-40 0 9.89109e-40 0 1.16204e-39 0 1.34475e-39 0 1.55077e-39 0 1.76502e-39 0 1.995e-39 0 2.25364e-39 0 2.51785e-39
1.74763 1.25331e-15 1.2533e-15 1.01342e-20 8.08594e-06 4.82086e-05 0 3.24863e-41 0 1.11106e-40 0 4.10055e-40 0 8.97941e-40 0 1.58256e-39 0 2.47036e-39 0 3.56674e-39 0 4.86722e-39 0 6.39588e-39 0 8.15334e-39 0 1.01472e-38 0 1.23474e-38 0 1.4829e-38 0 1.75113e-38 0 2.05087e-38 0 2.36961e-38 0 2.72385e-38 0 3.09552e-38 0 3.49375e-38 0 3.93381e-38 0 4.38864e-38
1.83733 1.16036e-15 1.16035e-15 8.33184e-21 7.18038e-06 4.41616e-05 0 6.3938e-40 0 1.99135e-39 0 6.87977e-39 0 1.46821e-38 0 2.55056e-38 0 3.94352e-38 0 5.65413e-38 0 7.67771e-38 0 1.00435e-37 0 1.27524e-37 0 1.58136e-37 0 1.91943e-37 0 2.2979e-37 0 2.70795e-37 0 3.16211e-37 0 3.64702e-37 0 4.1803e-37 0 4.74305e-37 0 5.34496e-37 0 6.00191e-37 0 6.68613e-37
1.93164 1.07425e-15 1.07425e-15 6.84747e-21 6.37416e-06 4.04459e-05 0 1.19416e-38 0 3.34984e-38 0 1.06014e-37 0 2.17761e-37 0 3.70013e-37 0 5.63753e-37 0 7.99785e-37 0 1.07769e-36 0 1.40061e-36 0 1.76865e-36 0 2.18279e-36 0 2.63993e-36 0 3.14843e-36 0 3.69986e-36 0 4.30629e-36 0 4.95518e-36 0 5.66319e-36 0 6.41283e-36 0 7.21324e-36 0 8.07908e-36 0 8.98511e-36
2.03079 9.95341e-16 9.95335e-16 5.62625e-21 5.65258e-06 3.69978e-05 0 2.09311e-37 0 5.33022e-37 0 1.52916e-36 0 2.99058e-36 0 4.93034e-36 0 7.3585e-36 0 1.02831e-35 0 1.3701e-35 0 1.76418e-35 0 2.21072e-35 0 2.71063e-35 0 3.2613e-35 0 3.87015e-35 0 4.52998e-35 0 5.25117e-35 0 6.02328e-35 0 6.86034e-35 0 7.74795e-35 0 8.69383e-35 0 9.71007e-35 0 1.07762e-34
2.13503 9.219e-16 9.21895e-16 4.62646e-21 5.01839e-06 3.38437e-05 0 3.36694e-36 0 7.9429e-36 0 2.07653e-35 0 3.84826e-35 0 6.12097e-35 0 8.90383e-35 0 1.22038e-34 0 1.60186e-34 0 2.03736e-34 0 2.52703e-34 0 3.07167e-34 0 3.66927e-34 0 4.32579e-34 0 5.03568e-34 0 5.80702e-34 0 6.63194e-34 0 7.52115e-34 0 8.46394e-34 0 9.46619e-34 0 1.0537e-33 0 1.16613e-33
2.24463 8.53365e-16 8.53361e-16 3.80258e-21 4.45598e-06 3.09693e-05 0 4.87655e-35 0 1.08974e-34 0 2.63951e-34 0 4.64968e-34 0 7.12871e-34 0 1.00841e-33 0 1.35208e-33 0 1.74373e-33 0 2.18532e-33 0 2.67696e-33 0 3.21925e-33 0 3.8108e-33 0 4.45595e-33 0 5.15081e-33 0 5.90109e-33 0 6.70139e-33 0 7.55918e-33 0 8.46717e-33 0 9.42947e-33 0 1.04523e-32 0 1.15256e-32
2.35984 7.9056e-16 7.90557e-16 3.12424e-21 3.95193e-06 2.83197e-05 0 6.29469e-34 0 1.35688e-33 0 3.10549e-33 0 5.24484e-33 0 7.77984e-33 0 1.0716e-32 0 1.40562e-32 0 1.7799e-32 0 2.19585e-32 0 2.6535e-32 0 3.15327e-32 0 3.69422e-32 0 4.27932e-32 0 4.90596e-32 0 5.57793e-32 0 6.29175e-32 0 7.05228e-32 0 7.85487e-32 0 8.70218e-32 0 9.59821e-32 0 1.05366e-31
2.48097 7.32625e-16 7.32623e-16 2.56646e-21 3.5031e-06 2.58724e-05 0 7.20195e-33 0 1.51673e-32 0 3.3369e-32 0 5.45832e-32 0 7.88284e-32 0 1.0614e-31 0 1.36531e-31 0 1.69985e-31 0 2.06594e-31 0 2.46357e-31 0 2.893e-31 0 3.35357e-31 0 3.84723e-31 0 4.37228e-31 0 4.93109e-31 0 5.52153e-31 0 6.14658e-31 0 6.80339e-31 0 7.4936e-31 0 8.21966e-31 0 8.97773e-31
2.60832 6.78567e-16 6.78565e-16 2.11004e-21 3.10955e-06 2.36143e-05 0 7.2939e-32 0 1.51327e-31 0 3.24157e-31 0 5.18208e-31 0 7.33455e-31 0 9.70109e-31 0 1.22817e-30 0 1.50746e-30 0 1.80858e-30 0 2.13145e-30 0 2.47622e-30 0 2.84243e-30 0 3.2313e-30 0 3.64175e-30 0 4.07518e-30 0 4.53033e-30 0 5.00896e-30 0 5.50935e-30 0 6.03249e-30 0 6.5798e-30 0 7.14901e-30
2.74221 6.27703e-16 6.27701e-16 1.7342e-21 2.76277e-06 2.15592e-05 0 6.54878e-31 0 1.34555e-30 0 2.83114e-30 0 4.45397e-30 0 6.21278e-30 0 8.10867e-30 0 1.0141e-29 0 1.23082e-29 0 1.46138e-29 0 1.7057e-29 0 1.96383e-29 0 2.23547e-29 0 2.52134e-29 0 2.82078e-29 0 3.13459e-29 0 3.46201e-29 0 3.80406e-29 0 4.15974e-29 0 4.52958e-29 0 4.91442e-29 0 5.31292e-29
2.88297 5.80689e-16 5.80688e-16 1.4242e-21 2.45261e-06 1.96995e-05 0 5.2387e-30 0 1.06948e-29 0 2.22325e-29 0 3.45895e-29 0 4.77514e-29 0 6.17233e-29 0 7.64972e-29 0 9.20609e-29 0 1.08434e-28 0 1.25609e-28 0 1.43588e-28 0 1.62349e-28 0 1.81936e-28 0 2.02307e-28 0 2.23508e-28 0 2.45493e-28 0 2.68321e-28 0 2.91931e-28 0 3.16354e-28 0 3.41637e-28 0 3.67702e-28
3.03095 5.3669e-16 5.36689e-16 1.16982e-21 2.1797e-06 1.80108e-05 0 3.74638e-29 0 7.61502e-29 0 1.56997e-28 0 2.42369e-28 0 3.32148e-28 0 4.26353e-28 0 5.24917e-28 0 6.27754e-28 0 7.34968e-28 0 8.46504e-28 0 9.6236e-28 0 1.08241e-27 0 1.20688e-27 0 1.33554e-27 0 1.46862e-27 0 1.60588e-27 0 1.74762e-27 0 1.89351e-27 0 2.04371e-27 0 2.19847e-27 0 2.35736e-27
3.18653 4.96173e-16 4.96172e-16 9.61041e-22 1.93691e-06 1.64438e-05 0 2.40932e-28 0 4.88247e-28 0 1.00079e-27 0 1.53654e-27 0 2.09467e-27 0 2.67526e-27 0 3.27785e-27 0 3.90187e-27 0 4.54787e-27 0 5.21549e-27 0 5.90466e-27 0 6.61461e-27 0 7.34664e-27 0 8.09932e-27 0 8.87398e-27 0 9.6692e-27 0 1.04866e-26 0 1.13244e-26 0 1.21833e-26 0 1.30648e-26 0 1.39664e-26
3.35009 4.58683e-16 4.58682e-16 7.89262e-22 1.72072e-06 1.50031e-05 0 1.39949e-27 0 2.82992e-27 0 5.77661e-27 0 8.83386e-27 0 1.19968e-26 0 1.52657e-26 0 1.86376e-26 0 2.21096e-26 0 2.56842e-26 0 2.93592e-26 0 3.31342e-26 0 3.7005e-26 0 4.09781e-26 0 4.50461e-26 0 4.92154e-26 0 5.34789e-26 0 5.78445e-26 0 6.23028e-26 0 6.6858e-26 0 7.15164e-26 0 7.62662e-26
3.52205 4.23871e-16 4.23871e-16 6.47878e-22 1.52848e-06 1.3692e-05 0 7.37455e-27 0 1.48885e-26 0 3.02986e-26 0 4.61985e-26 0 6.25628e-26 0 7.93915e-26 0 9.66702e-26 0 1.14383e-25 0 1.32541e-25 0 1.51134e-25 0 1.70159e-25 0 1.89595e-25 0 2.09472e-25 0 2.29755e-25 0 2.50473e-25 0 2.71592e-25 0 2.93149e-25 0 3.15099e-25 0 3.37461e-25 0 3.60265e-25 0 3.83454e-25
3.70284 3.91716e-16 3.91715e-16 5.32053e-22 1.35826e-06 1.24934e-05 0 3.54281e-26 0 7.144e-26 0 1.45048e-25 0 2.20676e-25 0 2.98204e-25 0 3.77631e-25 0 4.58887e-25 0 5.419e-25 0 6.26717e-25 0 7.13288e-25 0 8.01598e-25 0 8.9155e-25 0 9.8328e-25 0 1.07663e-24 0 1.17172e-24 0 1.2684e-24 0 1.36684e-24 0 1.46683e-24 0 1.56845e-24 0 1.67184e-24 0 1.77675e-24
3.89291 3.62228e-16 3.62228e-16 4.36776e-22 1.2058e-06 1.1387e-05 0 1.55946e-25 0 3.14169e-25 0 6.36736e-25 0 9.6707e-25 0 1.30466e-24 0 1.6495e-24 0 2.00128e-24 0 2.35969e-24 0 2.72493e-24 0 3.09679e-24 0 3.47518e-24 0 3.85971e-24 0 4.25092e-24 0 4.64816e-24 0 5.05193e-24 0 5.46162e-24 0 5.87786e-24 0 6.29986e-24 0 6.72792e-24 0 7.16257e-24 0 7.60279e-24
4.09273 3.35023e-16 3.35023e-16 3.5851e-22 1.07011e-06 1.03427e-05 0 6.31334e-25 0 1.27094e-24 0 2.57222e-24 0 3.90138e-24 0 5.25643e-24 0 6.63729e-24 0 8.04278e-24 0 9.4717e-24 0 1.09248e-23 0 1.24011e-23 0 1.39005e-23 0 1.54213e-23 0 1.69656e-23 0 1.8531e-23 0 2.01192e-23 0 2.1728e-23 0 2.33597e-23 0 2.50113e-23 0 2.66841e-23 0 2.83798e-23 0 3.00947e-23
4.30281 3.09584e-16 3.09584e-16 2.9421e-22 9.50339e-07 9.39847e-06 0 2.35773e-24 0 4.74348e-24 0 9.58924e-24 0 1.45284e-23 0 1.95539e-23 0 2.46653e-23 0 2.98584e-23 0 3.51289e-23 0 4.04791e-23 0 4.59063e-23 0 5.1409e-23 0 5.6982e-23 0 6.26325e-23 0 6.83513e-23 0 7.41454e-23 0 8.00063e-23 0 8.59424e-23 0 9.19429e-23 0 9.80122e-23 0 1.04157e-22 0 1.10363e-22
4.52368 2.85988e-16 2.85987e-16 2.41515e-22 8.44495e-07 8.53928e-06 0 8.15862e-24 0 1.6406e-23 0 3.31345e-23 0 5.01561e-23 0 6.7447e-23 0 8.50058e-23 0 1.02818e-22 0 1.20871e-22 0 1.3917e-22 0 1.57707e-22 0 1.76478e-22 0 1.95464e-22 0 2.14689e-22 0 2.34124e-22 0 2.5379e-22 0 2.7366e-22 0 2.93761e-22 0 3.14059e-22 0 3.34566e-22 0 3.55304e-22 0 3.76229e-22
4.75588 2.64161e-16 2.64161e-16 1.98181e-22 7.50229e-07 7.7515e-06 0 2.62622e-23 0 5.27877e-23 0 1.06529e-22 0 1.61132e-22 0 2.16524e-22 0 2.72701e-22 0 3.29618e-22 0 3.87232e-22 0 4.45566e-22 0 5.0459e-22 0 5.6429e-22 0 6.24614e-22 0 6.8563e-22 0 7.47249e-22 0 8.09537e-22 0 8.72412e-22 0 9.35955e-22 0 1.00006e-21 0 1.06477e-21 0 1.13014e-21 0 1.19605e-21
5 2.4434e-16 2.4434e-16 1.62576e-22 6.65366e-07 6.99791e-06 0 7.90365e-23 0 1.58808e-22 0 3.20268e-22 0 4.84116e-22 0 6.50142e-22 0 8.18331e-22 0 9.88556e-22 0 1.16069e-21 0 1.3348e-21 0 1.5108e-21 0 1.68865e-21 0 1.8682e-21 0 2.04964e-21 0 2.23272e-21 0 2.41763e-21 1.4013e-45 2.60412e-21 2.8026e-45 2.79244e-21 5.60519e-45 2.98227e-21 1.12104e-44 3.17374e-21 2.38221e-44 3.36702e-21 4.76441e-44 3.56174e-21
5.25665 2.25403e-16 2.25403e-16 1.33397e-22 5.91816e-07 6.3222e-06 0 2.22238e-22 0 4.46403e-22 0 8.99736e-22 0 1.35929e-21 0 1.82449e-21 0 2.2953e-21 0 2.77138e-21 0 3.25239e-21 0 3.7385e-21 0 4.22948e-21 0 4.72521e-21 1.4013e-45 5.2253e-21 2.8026e-45 5.73027e-21 8.40779e-45 6.23943e-21 2.38221e-44 6.75327e-21 6.30584e-44 7.27118e-21 1.49939e-43 7.79376e-21 3.40516e-43 8.32021e-21 7.14662e-43 8.85084e-21 1.48257e-42 9.3861e-21 2.85304e-42 9.92503e-21
5.52648 2.07687e-16 2.07687e-16 1.09449e-22 5.26988e-07 5.71765e-06 0 5.86623e-22 0 1.17801e-21 0 2.37309e-21 0 3.58346e-21 0 4.80767e-21 0 6.04561e-21 0 7.29641e-21 0 8.55924e-21 0 9.83449e-21 4.2039e-45 1.11216e-20 1.54143e-44 1.24203e-20 5.74532e-44 1.37295e-20 1.89175e-43 1.50506e-20 5.60519e-43 1.63818e-20 1.46436e-42 1.77244e-20 3.63357e-42 1.90769e-20 8.30409e-42 2.04406e-20 1.81132e-41 2.18137e-20 3.66538e-41 2.31968e-20 7.33103e-41 2.45912e-20 1.3667e-40 2.59944e-20
5.81015 1.91441e-16 1.91441e-16 8.97422e-23 4.68772e-07 5.16576e-06 0 1.46046e-21 0 2.93206e-21 0 5.90399e-21 0 8.91148e-21 0 1.19511e-20 0 1.50226e-20 1.4013e-45 1.81239e-20 7.00649e-45 2.12529e-20 4.76441e-44 2.44107e-20 2.34017e-43 2.75959e-20 9.68297e-43 3.08077e-20 3.29866e-42 3.40438e-20 1.01734e-41 3.73073e-20 2.85851e-41 4.05941e-20 7.13373e-41 4.3907e-20 1.69275e-40 4.72425e-20 3.71592e-40 5.06039e-20 7.80251e-40 5.39868e-20 1.52556e-39 5.73928e-20 2.94965e-39 6.08245e-20 5.33428e-39 6.42764e-20
6.10839 1.76632e-16 1.76632e-16 7.35644e-23 4.16483e-07 4.64846e-06 0 3.4414e-21 0 6.90754e-21 0 1.39035e-20 0 2.09781e-20 0 2.81236e-20 4.2039e-45 3.53394e-20 5.60519e-44 4.26208e-20 4.52619e-43 4.99632e-20 2.67928e-42 5.73688e-20 1.22586e-41 6.48345e-20 4.73989e-41 7.23588e-20 1.52096e-40 7.99362e-20 4.43944e-40 8.75735e-20 1.186e-39 9.52618e-20 2.83058e-39 1.03007e-19 6.43918e-39 1.10802e-19 1.36029e-38 1.18654e-19 2.75467e-38 1.26552e-19 5.21252e-38 1.34501e-19 9.75908e-38 1.42506e-19 1.71455e-37 1.50555e-19
6.42193 1.62547e-16 1.62547e-16 6.03029e-23 3.70986e-07 4.22487e-06 0 7.67001e-21 0 1.53922e-20 0 3.09704e-20 0 4.67138e-20 1.26117e-44 6.26058e-20 2.74654e-43 7.86449e-20 3.10808e-42 9.48211e-20 2.25679e-41 1.11125e-19 1.22476e-40 1.27561e-19 5.20229e-40 1.44122e-19 1.88303e-39 1.60805e-19 5.70803e-39 1.77598e-19 1.58119e-38 1.94517e-19 4.02629e-38 2.11541e-19 9.20983e-38 2.28685e-19 2.0127e-37 2.45931e-19 4.09941e-37 2.63295e-19 8.02044e-37 2.80756e-19 1.47114e-36 2.98321e-19 2.67126e-36 3.16003e-19 4.56572e-36 3.33776e-19
6.75157 1.50136e-16 1.50136e-16 4.94385e-23 3.29291e-07 3.77215e-06 0 1.63144e-20 0 3.27341e-20 0 6.5843e-20 1.4013e-44 9.92838e-20 7.35682e-43 1.33023e-19 1.3849e-41 1.67057e-19 1.39293e-40 2.01366e-19 9.18023e-40 2.35931e-19 4.5871e-39 2.70759e-19 1.81557e-38 3.05838e-19 6.17163e-38 3.4116e-19 1.77221e-37 3.76703e-19 4.67099e-37 4.12495e-19 1.13634e-36 4.48499e-19 2.49638e-36 4.84739e-19 5.25124e-36 5.21184e-19 1.03305e-35 5.57864e-19 1.95599e-35 5.94736e-19 3.48304e-35 6.31816e-19 6.14289e-35 6.69129e-19 1.02282e-34 7.06622e-19
7.09813 1.38527e-16 1.38527e-16 4.05089e-23 2.92427e-07 3.37751e-06 0 3.30476e-20 0 6.62978e-20 2.8026e-45 1.33317e-19 8.16957e-43 2.00974e-19 3.47704e-41 2.69203e-19 5.67149e-40 3.37997e-19 5.09615e-39 4.07317e-19 3.06324e-38 4.77126e-19 1.41499e-37 5.47439e-19 5.2367e-37 6.18231e-19 1.67687e-36 6.89488e-19 4.57348e-36 7.61166e-19 1.14972e-35 8.33319e-19 2.67819e-35 9.05875e-19 5.6618e-35 9.78884e-19 1.14852e-34 1.05228e-18 2.18599e-34 1.12613e-18 4.01198e-34 1.20033e-18 6.94569e-34 1.27494e-18 1.19151e-33 1.34999e-18 1.93515e-33 1.42538e-18
7.46248 1.27946e-16 1.27946e-16 3.3182e-23 2.59344e-07 3.01395e-06 0 6.40444e-20 0 1.28463e-19 1.75162e-43 2.58258e-19 3.78617e-41 3.89228e-19 1.34085e-39 5.21251e-19 1.9084e-38 6.54315e-19 1.54049e-37 7.88344e-19 8.48332e-37 9.23271e-19 3.63656e-36 1.05912e-18 1.26255e-35 1.19585e-18 3.81956e-35 1.33344e-18 9.91939e-35 1.47179e-18 2.38387e-34 1.61102e-18 5.32847e-34 1.75098e-18 1.08603e-33 1.89177e-18 2.12827e-33 2.03327e-18 3.92547e-33 2.17559e-18 6.99401e-33 2.31857e-18 1.17882e-32 2.46228e-18 1.96964e-32 2.6068e-18 3.12406e-32 2.75195e-18
7.84553 1.18404e-16 1.18404e-16 2.71906e-23 2.29643e-07 2.66414e-06 0 1.19131e-19 0 2.38929e-19 8.64181e-42 4.80223e-19 1.43358e-39 7.23601e-19 4.26544e-38 9.68846e-19 5.33266e-37 1.21593e-18 3.88732e-36 1.46473e-18 1.96963e-35 1.71511e-18 7.86404e-35 1.96713e-18 2.56928e-34 2.2207e-18 7.36381e-34 2.47578e-18 1.82532e-33 2.73221e-18 4.20286e-33 2.99019e-18 9.03251e-33 3.24946e-18 1.77808e-32 3.51019e-18 3.37186e-32 3.77217e-18 6.03606e-32 4.0356e-18 1.04554e-31 4.3002e-18 1.71787e-31 4.56607e-18 2.79928e-31 4.83337e-18 4.34108e-31 5.10177e-18
8.24824 1.09435e-16 1.09435e-16 2.22735e-23 2.03532e-07 2.3381e-06 0 2.12501e-19 3.64338e-44 4.26141e-19 3.45644e-40 8.56322e-19 4.46774e-38 1.29006e-18 1.12638e-36 1.72698e-18 1.24482e-35 2.16703e-18 8.23553e-35 2.60999e-18 3.85494e-34 3.05566e-18 1.43854e-33 3.5041e-18 4.43593e-33 3.95518e-18 1.20767e-32 4.40881e-18 2.86376e-32 4.86476e-18 6.3308e-32 5.32331e-18 1.31069e-31 5.78407e-18 2.49621e-31 6.2473e-18 4.58808e-31 6.71265e-18 7.98304e-31 7.18046e-18 1.34619e-30 7.65025e-18 2.15888e-30 8.12219e-18 3.43503e-30 8.59655e-18 5.21409e-30 9.07277e-18
8.67162 1.01126e-16 1.01126e-16 1.82334e-23 1.80303e-07 2.05568e-06 0 3.64661e-19 1.87494e-42 7.31198e-19 1.13605e-38 1.46905e-18 1.15816e-36 2.21276e-18 2.49421e-35 2.96169e-18 2.45137e-34 3.71578e-18 1.47887e-33 4.47464e-18 6.4199e-33 5.23794e-18 2.24653e-32 6.00579e-18 6.55685e-32 6.77796e-18 1.6999e-31 7.55433e-18 3.86458e-31 8.33448e-18 8.2187e-31 9.1189e-18 1.64216e-30 9.90693e-18 3.03065e-30 1.0699e-17 5.40728e-30 1.14946e-17 9.15739e-30 1.22941e-17 1.50533e-29 1.30969e-17 2.35905e-29 1.39033e-17 3.66936e-29 1.47135e-17 5.45745e-29 1.55268e-17
9.11674 9.36317e-17 9.36317e-17 1.49261e-23 1.59412e-07 1.80333e-06 7.00649e-45 6.04548e-19 7.83732e-41 1.21209e-18 3.10442e-37 2.43481e-18 2.52518e-35 3.66684e-18 4.6813e-34 4.90721e-18 4.11516e-33 6.15577e-18 2.27405e-32 7.41193e-18 9.18899e-32 8.67513e-18 3.02476e-31 9.94557e-18 8.37844e-31 1.12229e-17 2.07344e-30 1.25069e-17 4.52852e-30 1.37968e-17 9.28233e-30 1.50936e-17 1.79305e-29 1.63961e-17 3.21158e-29 1.7705e-17 5.57039e-29 1.90194e-17 9.19408e-29 2.03401e-17 1.47512e-28 2.1666e-17 2.26156e-28 2.29975e-17 3.44267e-28 2.43352e-17 5.022e-28 2.56778e-17
9.5847 8.69726e-17 8.69726e-17 1.22137e-23 1.40431e-07 1.57609e-06 3.76949e-43 9.7137e-19 2.6961e-39 1.94739e-18 7.12666e-36 3.91124e-18 4.67658e-34 5.88951e-18 7.5178e-33 7.88068e-18 5.9432e-32 9.88452e-18 3.02125e-31 1.19001e-17 1.14036e-30 1.39266e-17 3.54164e-30 1.59642e-17 9.3341e-30 1.80125e-17 2.20997e-29 2.0071e-17 4.64609e-29 2.21388e-17 9.19539e-29 2.4217e-17 1.72006e-28 2.63041e-17 2.99442e-28 2.84011e-17 5.05594e-28 3.05065e-17 8.14329e-28 3.26217e-17 1.27672e-27 3.47449e-17 1.91697e-27 3.68767e-17 2.85885e-27 3.9018e-17 4.09418e-27 4.11668e-17
10.0767 8.11025e-17 8.11025e-17 9.9898e-24 1.23175e-07 1.36382e-06 1.66306e-41 1.5165e-18 7.71079e-38 3.04001e-18 1.38729e-34 6.10488e-18 7.42153e-33 9.19149e-18 1.04176e-31 1.22975e-17 7.44484e-31 1.54227e-17 3.49577e-30 1.85655e-17 1.23662e-29 2.17247e-17 3.63385e-29 2.49007e-17 9.13455e-29 2.80926e-17 2.07361e-28 3.13e-17 4.20408e-28 3.45213e-17 8.04782e-28 3.77583e-17 1.46007e-27 4.10086e-17 2.47393e-27 4.42738e-17 4.07164e-27 4.75516e-17 6.40708e-27 5.08442e-17 9.82698e-27 5.41486e-17 1.44651e-26 5.74661e-17 2.11555e-26 6.07978e-17 2.97703e-26 6.41407e-17
10.5939 7.59263e-17 7.59263e-17 8.16474e-24 1.07535e-07 1.16038e-06 6.02651e-40 2.30449e-18 1.85043e-36 4.61931e-18 2.30896e-33 9.27522e-18 1.01709e-31 1.39631e-17 1.25492e-30 1.86796e-17 8.14716e-30 2.34241e-17 3.54731e-29 2.81946e-17 1.17978e-28 3.29891e-17 3.28911e-28 3.78083e-17 7.90411e-28 4.26509e-17 1.72389e-27 4.75161e-17 3.3765e-27 5.24018e-17 6.26189e-27 5.73105e-17 1.10349e-26 6.22387e-17 1.82223e-26 6.71886e-17 2.92698e-26 7.21572e-17 4.50504e-26 7.71472e-17 6.76688e-26 8.21547e-17 9.77445e-26 8.71812e-17 1.40325e-25 9.22286e-17 1.942e-25 9.72924e-17
11.1377 7.16067e-17 7.16067e-17 6.66803e-24 9.31203e-08 9.71882e-07 1.81807e-38 3.42608e-18 3.7719e-35 6.86708e-18 3.32304e-32 1.3787e-17 1.21679e-30 2.0753e-17 1.32799e-29 2.77603e-17 7.86899e-29 3.48079e-17 3.18874e-28 4.18929e-17 1.00009e-27 4.90127e-17 2.65202e-27 5.61678e-17 6.10604e-27 6.33566e-17 1.28198e-26 7.0578e-17 2.42988e-26 7.78288e-17 4.37247e-26 8.51126e-17 7.4951e-26 9.24246e-17 1.20774e-25 9.97676e-17 1.89559e-25 1.07138e-16 2.85679e-25 1.14538e-16 4.2067e-25 1.21964e-16 5.96826e-25 1.29417e-16 8.41825e-25 1.369e-16 1.1467e-24 1.44407e-16
11.7094 6.70435e-17 6.70435e-17 5.49645e-24 8.19833e-08 8.04808e-07 4.54165e-37 4.91844e-18 6.48956e-34 9.85773e-18 4.10587e-31 1.97893e-17 1.26107e-29 2.97852e-17 1.22473e-28 3.98386e-17 6.65331e-28 4.99483e-17 2.51807e-27 6.011e-17 7.46882e-27 7.03202e-17 1.88846e-26 8.05796e-17 4.17455e-26 9.08859e-17 8.45285e-26 1.01238e-16 1.55292e-25 1.1163e-16 2.7154e-25 1.22069e-16 4.53374e-25 1.32546e-16 7.13736e-25 1.43067e-16 1.09584e-24 1.53626e-16 1.61877e-24 1.64227e-16 2.33907e-24 1.74863e-16 3.26237e-24 1.85537e-16 4.52495e-24 1.96252e-16 6.07138e-24 2.07001e-16
12.3105 6.39374e-17 6.39374e-17 4.4692e-24 6.98996e-08 6.29382e-07 9.7246e-36 7.00578e-18 9.74616e-33 1.40405e-17 4.50048e-30 2.81836e-17 1.16943e-28 4.24158e-17 1.01642e-27 5.6728e-17 5.08374e-27 7.1118e-17 1.80298e-26 8.55802e-17 5.07133e-26 1.00109e-16 1.22549e-25 1.14707e-16 2.60609e-25 1.29369e-16 5.09829e-25 1.44094e-16 9.09229e-25 1.58876e-16 1.54707e-24 1.73721e-16 2.5192e-24 1.88621e-16 3.87902e-24 2.0358e-16 5.83231e-24 2.18591e-16 8.45289e-24 2.33661e-16 1.19966e-23 2.48779e-16 1.64624e-23 2.6395e-16 2.24718e-23 2.79178e-16 2.9722e-23 2.94452e-16
12.9424 6.11219e-17 6.11219e-17 3.64933e-24 5.97057e-08 4.58646e-07 1.77131e-34 9.75749e-18 1.26688e-31 1.95544e-17 4.33584e-29 3.92482e-17 9.60988e-28 5.90633e-17 7.5156e-27 7.89869e-17 3.4749e-26 9.90161e-17 1.15853e-25 1.19143e-16 3.09819e-25 1.39362e-16 7.17112e-25 1.59673e-16 1.46984e-24 1.80071e-16 2.78275e-24 2.00555e-16 4.82455e-24 2.21116e-16 7.99875e-24 2.41762e-16 1.27185e-23 2.62483e-16 1.91753e-23 2.83283e-16 2.82628e-23 3.04155e-16 4.02263e-23 3.25105e-16 5.61229e-23 3.46122e-16 7.58341e-23 3.6721e-16 1.01955e-22 3.88375e-16 1.33021e-22 4.09601e-16
13.6067 5.88716e-17 5.88716e-17 2.97993e-24 5.06174e-08 3.16257e-07 2.78087e-33 1.33741e-17 1.44297e-30 2.68009e-17 3.71414e-28 5.37889e-17 7.07624e-27 8.09392e-17 5.00538e-26 1.08235e-16 2.14757e-25 1.35672e-16 6.75117e-25 1.6324e-16 1.72077e-24 1.9093e-16 3.82302e-24 2.18744e-16 7.56609e-24 2.46675e-16 1.38849e-23 2.7472e-16 2.34345e-23 3.02868e-16 3.79055e-23 3.3113e-16 5.89228e-23 3.59491e-16 8.7073e-23 3.8796e-16 1.2593e-22 4.16522e-16 1.76174e-22 4.45191e-16 2.41829e-22 4.73947e-16 3.21997e-22 5.02798e-16 4.26698e-22 5.31752e-16 5.4953e-22 5.60789e-16
14.3051 5.7347e-17 5.7347e-17 2.43138e-24 4.23977e-08 1.92351e-07 3.80604e-32 1.813e-17 1.45542e-29 3.63302e-17 2.8569e-27 7.29088e-17 4.71354e-26 1.09703e-16 3.03039e-25 1.4669e-16 1.21096e-24 1.83865e-16 3.59975e-24 2.21213e-16 8.76552e-24 2.58723e-16 1.87299e-23 2.96396e-16 3.58529e-23 3.34225e-16 6.38737e-23 3.72205e-16 1.05084e-22 4.10321e-16 1.6603e-22 4.48588e-16 2.52589e-22 4.86986e-16 3.66213e-22 5.25526e-16 5.20183e-22 5.64191e-16 7.15893e-22 6.02995e-16 9.67608e-22 6.41917e-16 1.27049e-21 6.80963e-16 1.66062e-21 7.20145e-16 2.11241e-21 7.59436e-16
15.0394 5.65701e-17 5.65701e-17 1.98265e-24 3.50477e-08 8.11283e-08 4.58029e-31 2.43683e-17 1.31015e-28 4.88292e-17 1.98736e-26 9.7986e-17 2.85949e-25 1.47427e-16 1.67874e-24 1.97122e-16 6.26959e-24 2.47064e-16 1.76719e-23 2.97235e-16 4.12019e-23 3.47618e-16 8.48348e-23 3.98216e-16 1.57324e-22 4.49019e-16 2.72489e-22 5.0002e-16 4.3753e-22 5.51201e-16 6.76017e-22 6.0258e-16 1.0076e-21 6.5413e-16 1.4346e-21 7.05867e-16 2.00314e-21 7.57769e-16 2.71414e-21 8.09853e-16 3.61489e-21 8.62091e-16 4.68374e-21 9.14493e-16 6.04247e-21 9.67072e-16 7.59658e-21 1.0198e-15
15.8114 5.67031e-17 5.67031e-17 1.61669e-24 2.85115e-08 -2.2972e-08 4.89681e-30 3.2621e-17 1.06269e-27 6.53638e-17 1.26148e-25 1.31159e-16 1.59351e-24 1.97327e-16 8.5806e-24 2.6383e-16 3.00493e-23 3.30657e-16 8.05201e-23 3.97783e-16 1.80131e-22 4.65189e-16 3.58041e-22 5.32878e-16 6.44256e-22 6.00834e-16 1.08634e-21 6.69049e-16 1.70444e-21 7.37502e-16 2.57814e-21 8.06213e-16 3.76855e-21 8.75149e-16 5.27383e-21 9.4433e-16 7.24483e-21 1.01373e-15 9.67181e-21 1.08336e-15 1.27026e-20 1.1532e-15 1.62517e-20 1.22325e-15 2.07071e-20 1.29353e-15 2.57436e-20 1.364e-15
16.623 5.77277e-17 5.77277e-17 1.31804e-24 2.2832e-08 -1.27917e-07 4.67941e-29 4.35192e-17 7.80925e-27 8.71986e-17 7.34173e-25 1.74964e-16 8.19394e-24 2.63218e-16 4.06404e-23 3.51912e-16 1.33875e-22 4.41029e-16 3.41876e-22 5.30539e-16 7.35327e-22 6.20416e-16 1.41338e-21 7.10662e-16 2.47131e-21 8.01258e-16 4.06214e-21 8.92193e-16 6.23479e-21 9.8344e-16 9.24212e-21 1.07502e-15 1.32614e-20 1.1669e-15 1.82564e-20 1.2591e-15 2.46936e-20 1.35158e-15 3.25041e-20 1.44437e-15 4.21254e-20 1.53742e-15 5.32505e-20 1.63076e-15 6.70513e-20 1.7244e-15 8.24786e-20 1.81828e-15
17.4762 5.97634e-17 5.97634e-17 1.07399e-24 1.79708e-08 -2.28796e-07 4.02675e-28 5.79864e-17 5.23438e-26 1.16183e-16 3.94199e-24 2.3311e-16 3.91073e-23 3.50679e-16 1.79377e-22 4.68824e-16 5.5748e-22 5.87524e-16 1.35994e-21 7.06739e-16 2.81769e-21 8.26434e-16 5.24583e-21 9.46612e-16 8.92558e-21 1.06725e-15 1.43194e-20 1.18833e-15 2.15233e-20 1.30982e-15 3.12977e-20 1.43174e-15 4.41239e-20 1.55406e-15 5.98028e-20 1.67678e-15 7.97051e-20 1.79988e-15 1.03517e-19 1.92339e-15 1.32471e-19 2.04724e-15 1.65551e-19 2.17145e-15 2.06124e-19 2.29606e-15 2.50999e-19 2.421e-15
18.3733 6.30974e-17 6.30974e-17 8.74664e-25 1.38621e-08 -3.24119e-07 3.14802e-27 7.74623e-17 3.22655e-25 1.55202e-16 1.96767e-23 3.11385e-16 1.74517e-22 4.68413e-16 7.43106e-22 6.26199e-16 2.18509e-21 7.84715e-16 5.10329e-21 9.43908e-16 1.02041e-20 1.10373e-15 1.84297e-20 1.26419e-15 3.05542e-20 1.42525e-15 4.79003e-20 1.58689e-15 7.05796e-20 1.74907e-15 1.00773e-19 1.91183e-15 1.39708e-19 2.07509e-15 1.86562e-19 2.23889e-15 2.45187e-19 2.40318e-15 3.14398e-19 2.568e-15 3.97519e-19 2.73328e-15 4.91408e-19 2.89904e-15 6.05329e-19 3.0653e-15 7.30059e-19 3.232e-15
19.3164 6.78197e-17 6.78197e-17 7.13245e-25 1.05168e-08 -4.21905e-07 2.24452e-26 1.03659e-16 1.83507e-24 2.07684e-16 9.15602e-23 4.16665e-16 7.29984e-22 6.26763e-16 2.89604e-21 8.37861e-16 8.07891e-21 1.04992e-15 1.81029e-20 1.26287e-15 3.49931e-20 1.47666e-15 6.1403e-20 1.69128e-15 9.93167e-20 1.90669e-15 1.52319e-19 2.12287e-15 2.20231e-19 2.33975e-15 3.09023e-19 2.55739e-15 4.21641e-19 2.7757e-15 5.5515e-19 2.99472e-15 7.19929e-19 3.21438e-15 9.12013e-19 3.43473e-15 1.14e-18 3.65568e-15 1.39474e-18 3.87727e-15 1.70068e-18 4.09952e-15 2.03243e-18 4.32233e-15
20.3079 7.41497e-17 7.41497e-17 5.8199e-25 7.84886e-09 -5.32545e-07 1.46619e-25 1.38958e-16 9.66815e-24 2.78403e-16 3.98557e-22 5.58524e-16 2.87129e-21 8.40125e-16 1.065e-20 1.12305e-15 2.82581e-20 1.40724e-15 6.08738e-20 1.69262e-15 1.13943e-19 1.9791e-15 1.94524e-19 2.26667e-15 3.07334e-19 2.55529e-15 4.6161e-19 2.84492e-15 6.5551e-19 3.13548e-15 9.04711e-19 3.42704e-15 1.21583e-18 3.71948e-15 1.57946e-18 4.01285e-15 2.02244e-18 4.30707e-15 2.53263e-18 4.6022e-15 3.13145e-18 4.89812e-15 3.79365e-18 5.19487e-15 4.58121e-18 5.4925e-15 5.42745e-18 5.79087e-15
21.3503 8.26058e-17 8.26058e-17 4.75393e-25 5.75496e-09 -6.12847e-07 8.83481e-25 1.87074e-16 4.74822e-23 3.74797e-16 1.63238e-21 7.51886e-16 1.06791e-20 1.13094e-15 3.71546e-20 1.51176e-15 9.39975e-20 1.89426e-15 1.95044e-19 2.27833e-15 3.54077e-19 2.66386e-15 5.88899e-19 3.05085e-15 9.0987e-19 3.43922e-15 1.33973e-18 3.82893e-15 1.87019e-18 4.21988e-15 2.54089e-18 4.61214e-15 3.36574e-18 5.00557e-15 4.31686e-18 5.40023e-15 5.46127e-18 5.79602e-15 6.76426e-18 6.193e-15 8.27738e-18 6.59104e-15 9.9343e-18 6.99017e-15 1.18867e-17 7.39045e-15 1.39663e-17 7.79171e-15
22.4463 9.37e-17 9.37e-17 3.8958e-25 4.15774e-09 -6.78213e-07 4.93096e-24 2.52937e-16 2.18164e-22 5.06743e-16 6.31052e-21 1.01655e-15 3.76664e-20 1.52899e-15 1.23309e-19 2.04379e-15 2.98137e-19 2.56083e-15 5.96971e-19 3.07996e-15 1.05263e-18 3.60105e-15 1.70778e-18 4.12406e-15 2.58312e-18 4.64893e-15 3.73233e-18 5.17556e-15 5.12596e-18 5.70385e-15 6.86081e-18 6.23388e-15 8.96416e-18 6.76547e-15 1.13585e-17 7.29869e-15 1.42056e-17 7.8334e-15 1.7412e-17 8.3697e-15 2.1098e-17 8.9074e-15 2.50967e-17 9.44655e-15 2.9767e-17 9.98722e-15 3.47006e-17 1.05292e-14
23.5984 1.07838e-16 1.07838e-16 3.21162e-25 2.97818e-09 -7.37161e-07 2.55197e-23 3.4251e-16 9.38364e-22 6.86187e-16 2.30307e-20 1.37649e-15 1.25984e-19 2.07031e-15 3.89231e-19 2.76728e-15 9.01383e-19 3.46726e-15 1.74472e-18 4.17002e-15 2.9924e-18 4.87539e-15 4.7415e-18 5.58334e-15 7.02837e-18 6.29374e-15 9.97438e-18 7.00651e-15 1.34882e-17 7.72148e-15 1.7798e-17 8.43876e-15 2.29529e-17 9.15811e-15 2.87493e-17 9.87964e-15 3.55651e-17 1.06031e-14 4.31616e-17 1.13288e-14 5.18106e-17 1.20562e-14 6.11102e-17 1.27856e-14 7.18809e-17 1.3517e-14 8.31695e-17 1.42502e-14
24.8097 1.25146e-16 1.25146e-16 2.67049e-25 2.13389e-09 -8.1687e-07 1.22249e-22 4.61961e-16 3.76971e-21 9.2548e-16 7.91374e-20 1.85646e-15 3.98434e-19 2.79213e-15 1.16502e-18 3.732e-15 2.58957e-18 4.67586e-15 4.85332e-18 5.62343e-15 8.10765e-18 6.57446e-15 1.25612e-17 7.52891e-15 1.82652e-17 8.48662e-15 2.54819e-17 9.44745e-15 3.39548e-17 1.04112e-14 4.42019e-17 1.1378e-14 5.63004e-17 1.23476e-14 6.97473e-17 1.332e-14 8.53912e-17 1.4295e-14 1.02655e-16 1.52729e-14 1.22132e-16 1.62531e-14 1.42898e-16 1.72359e-14 1.66756e-16 1.82214e-14 1.91576e-16 1.92092e-14
26.0832 1.45454e-16 1.45454e-16 2.24927e-25 1.54638e-09 -8.71241e-07 5.40644e-22 6.16799e-16 1.41017e-20 1.23566e-15 2.5515e-19 2.47859e-15 1.18713e-18 3.72771e-15 3.29398e-18 4.98237e-15 7.04173e-18 6.24227e-15 1.27989e-17 7.50704e-15 2.0852e-17 8.77637e-15 3.16227e-17 1.00502e-14 4.51497e-17 1.13282e-14 6.1973e-17 1.26104e-14 8.14299e-17 1.38964e-14 1.04648e-16 1.51864e-14 1.31726e-16 1.648e-14 1.6149e-16 1.77773e-14 1.95768e-16 1.9078e-14 2.33242e-16 2.03824e-14 2.75151e-16 2.169e-14 3.19474e-16 2.30008e-14 3.70015e-16 2.43151e-14 4.22216e-16 2.56324e-14
27.4221 1.67294e-16 1.67294e-16 1.92068e-25 1.14809e-09 -9.13225e-07 2.18969e-21 8.06021e-16 4.87068e-20 1.61471e-15 7.65097e-19 3.23883e-15 3.30231e-18 4.87092e-15 8.7177e-18 6.51015e-15 1.79577e-17 8.15611e-15 3.1701e-17 9.80834e-15 5.04312e-17 1.14664e-14 7.49414e-17 1.31302e-14 1.05154e-16 1.47995e-14 1.42121e-16 1.6474e-14 1.84268e-16 1.81534e-14 2.33926e-16 1.98379e-14 2.91165e-16 2.15269e-14 3.53423e-16 2.32208e-14 4.24432e-16 2.4919e-14 5.0137e-16 2.66218e-14 5.86704e-16 2.83287e-14 6.76266e-16 3.00398e-14 7.77655e-16 3.17553e-14 8.81666e-16 3.34746e-14
28.8297 1.8739e-16 1.8739e-16 1.66773e-25 8.8998e-10 -9.29827e-07 8.02345e-21 1.01514e-15 1.53388e-19 2.03362e-15 2.1063e-18 4.07893e-15 8.46473e-18 6.13415e-15 2.13115e-17 8.19821e-15 4.23779e-17 1.02706e-14 7.2763e-17 1.23507e-14 1.1316e-16 1.4438e-14 1.64936e-16 1.65324e-14 2.27635e-16 1.86335e-14 3.03168e-16 2.07411e-14 3.88122e-16 2.28547e-14 4.87008e-16 2.49744e-14 5.99731e-16 2.70999e-14 7.21112e-16 2.92312e-14 8.58289e-16 3.13678e-14 1.00566e-15 3.351e-14 1.16783e-15 3.56573e-14 1.3368e-15 3.78097e-14 1.52677e-15 3.99673e-14 1.7204e-15 4.21297e-14
30.3095 2.03428e-16 2.03428e-16 1.46596e-25 7.20626e-10 -9.37459e-07 2.65647e-20 1.22693e-15 4.39715e-19 2.45783e-15 5.31313e-18 4.92962e-15 1.99503e-17 7.41317e-15 4.80144e-17 9.9072e-15 9.23255e-17 1.24111e-14 1.54394e-16 1.49241e-14 2.3499e-16 1.74456e-14 3.36267e-16 1.99755e-14 4.56851e-16 2.25132e-14 5.99989e-16 2.50586e-14 7.5891e-16 2.7611e-14 9.41773e-16 3.01707e-14 1.14803e-15 3.2737e-14 1.36801e-15 3.53102e-14 1.61446e-15 3.78896e-14 1.8771e-15 4.04755e-14 2.16393e-15 4.30673e-14 2.46073e-15 4.56651e-14 2.79225e-15 4.82691e-14 3.12808e-15 5.08785e-14
31.8653 2.08107e-16 2.08107e-16 1.28802e-25 6.18921e-10 -9.22718e-07 7.75364e-20 1.38437e-15 1.11908e-18 2.77316e-15 1.19731e-17 5.56182e-15 4.21454e-17 8.36348e-15 9.71739e-17 1.11767e-14 1.80982e-16 1.40008e-14 2.9515e-16 1.68349e-14 4.40103e-16 1.96784e-14 6.18858e-16 2.2531e-14 8.28291e-16 2.53922e-14 1.07343e-15 2.82617e-14 1.34226e-15 3.11389e-14 1.64822e-15 3.4024e-14 1.98986e-15 3.69164e-14 2.35094e-15 3.98162e-14 2.75213e-15 4.27228e-14 3.17637e-15 4.56365e-14 3.63642e-15 4.85565e-14 4.10931e-15 5.14831e-14 4.63424e-15 5.44162e-14 5.16291e-15 5.73553e-14
33.5009 2.04008e-16 2.04008e-16 1.12973e-25 5.53768e-10 -9.05003e-07 2.03543e-19 1.48359e-15 2.57874e-18 2.97184e-15 2.4575e-17 5.95996e-15 8.13494e-17 8.9617e-15 1.8007e-16 1.19755e-14 3.25342e-16 1.50007e-14 5.18055e-16 1.80362e-14 7.57559e-16 2.10814e-14 1.04767e-15 2.41361e-14 1.38241e-15 2.71997e-14 1.769e-15 3.02718e-14 2.18804e-15 3.33519e-14 2.65998e-15 3.64402e-14 3.18193e-15 3.95359e-14 3.72886e-15 4.26391e-14 4.33173e-15 4.57494e-14 4.9646e-15 4.88668e-14 5.64623e-15 5.19909e-14 6.34251e-15 5.51215e-14 7.11086e-15 5.82589e-14 7.88038e-15 6.14023e-14
35.2205 1.87219e-16 1.87219e-16 9.67493e-26 5.1677e-10 -8.54073e-07 4.70927e-19 1.47588e-15 5.27066e-18 2.95631e-15 4.49933e-17 5.92845e-15 1.40484e-16 8.91376e-15 2.99133e-16 1.19107e-14 5.25076e-16 1.49186e-14 8.17323e-16 1.79364e-14 1.17321e-15 2.09635e-14 1.59702e-15 2.39996e-14 2.07894e-15 2.70442e-14 2.62849e-15 3.00969e-14 3.21754e-15 3.31572e-14 3.87442e-15 3.62252e-14 4.59431e-15 3.93002e-14 5.34246e-15 4.23824e-14 6.16097e-15 4.54712e-14 7.01424e-15 4.85668e-14 7.92733e-15 5.16686e-14 8.8545e-15 5.47765e-14 9.87189e-15 5.78908e-14 1.08855e-14 6.10107e-14
37.0284 1.65701e-16 1.65701e-16 8.18369e-26 4.93882e-10 -8.02678e-07 9.92225e-19 1.40468e-15 9.86982e-18 2.81358e-15 7.58793e-17 5.64183e-15 2.24109e-16 8.4822e-15 4.59909e-16 1.13333e-14 7.85413e-16 1.41942e-14 1.19643e-15 1.70643e-14 1.68735e-15 1.99428e-14 2.26256e-15 2.28295e-14 2.90764e-15 2.57238e-14 3.63438e-15 2.86255e-14 4.40515e-15 3.1534e-14 5.2566e-15 3.44494e-14 6.18165e-15 3.73712e-14 7.13555e-15 4.02993e-14 8.1717e-15 4.32333e-14 9.24471e-15 4.61733e-14 1.03859e-14 4.91189e-14 1.15382e-14 5.207e-14 1.27958e-14 5.50266e-14 1.40424e-14 5.79883e-14
38.9291 1.42086e-16 1.42086e-16 6.79846e-26 4.78475e-10 -7.33318e-07 1.91786e-18 1.2854e-15 1.70532e-17 2.57454e-15 1.18678e-16 5.16206e-15 3.32463e-16 7.76023e-15 6.58736e-16 1.03678e-14 1.09595e-15 1.29839e-14 1.63551e-15 1.5608e-14 2.2682e-15 1.82394e-14 2.99817e-15 2.08778e-14 3.80609e-15 2.35228e-14 4.70586e-15 2.61741e-14 5.65055e-15 2.88312e-14 6.68479e-15 3.14943e-14 7.79921e-15 3.41627e-14 8.93985e-15 3.68365e-14 1.01705e-14 3.95154e-14 1.14368e-14 4.21993e-14 1.27758e-14 4.48879e-14 1.41205e-14 4.75811e-14 1.55807e-14 5.0279e-14 1.70212e-14 5.29812e-14
40.9273 1.19688e-16 1.19688e-16 5.5932e-26 4.67313e-10 -6.60077e-07 3.45749e-18 1.14712e-15 2.76321e-17 2.29747e-15 1.74921e-16 4.60607e-15 4.65986e-16 6.92373e-15 8.92981e-16 9.24932e-15 1.4492e-15 1.15822e-14 2.12082e-15 1.39216e-14 2.89465e-15 1.62672e-14 3.77446e-15 1.86186e-14 4.73607e-15 2.09754e-14 5.79533e-15 2.33374e-14 6.89686e-15 2.57043e-14 8.09253e-15 2.8076e-14 9.37083e-15 3.04521e-14 1.067e-14 3.28326e-14 1.20626e-14 3.52172e-14 1.3487e-14 3.76058e-14 1.49849e-14 3.99983e-14 1.64813e-14 4.23945e-14 1.80985e-14 4.47944e-14 1.96866e-14 4.71977e-14
43.0281 1.00131e-16 1.00131e-16 4.56304e-26 4.55705e-10 -5.60667e-07 5.89224e-18 1.00967e-15 4.25464e-17 2.02206e-15 2.46129e-16 4.05345e-15 6.25052e-16 6.09236e-15 1.16037e-15 8.13782e-15 1.83913e-15 1.01892e-14 2.64189e-15 1.2246e-14 3.55151e-15 1.43077e-14 4.57135e-15 1.63742e-14 5.67277e-15 1.8445e-14 6.87346e-15 2.05199e-14 8.11072e-15 2.25987e-14 9.44284e-15 2.46813e-14 1.08564e-14 2.67675e-14 1.22834e-14 2.8857e-14 1.38037e-14 3.09498e-14 1.53499e-14 3.30457e-14 1.69672e-14 3.51446e-14 1.85751e-14 3.72464e-14 2.03047e-14 3.9351e-14 2.19959e-14 4.14583e-14
45.2368 8.34616e-17 8.34616e-17 3.7101e-26 4.44528e-10 -4.54258e-07 9.54561e-18 8.79543e-16 6.25846e-17 1.76134e-15 3.32313e-16 3.53034e-15 8.06381e-16 5.30545e-15 1.45245e-15 7.08583e-15 2.25089e-15 8.87093e-15 3.1767e-15 1.06603e-14 4.20921e-15 1.24536e-14 5.35155e-15 1.42505e-14 6.57134e-15 1.60509e-14 7.88795e-15 1.78544e-14 9.2329e-15 1.96609e-14 1.06698e-14 2.14703e-14 1.21838e-14 2.32824e-14 1.37025e-14 2.50971e-14 1.53109e-14 2.69141e-14 1.69379e-14 2.87336e-14 1.86312e-14 3.05552e-14 2.03069e-14 3.2379e-14 2.21015e-14 3.42049e-14 2.3849e-14 3.60327e-14
47.5588 7.00062e-17 7.00062e-17 3.00908e-26 4.29831e-10 -2.74924e-07 1.48821e-17 7.66132e-16 8.90132e-17 1.53411e-15 4.35646e-16 3.07444e-15 1.01235e-15 4.61964e-15 1.7718e-15 6.169e-15 2.68768e-15 7.72205e-15 3.72988e-15 9.27839e-15 4.87476e-15 1.08378e-14 6.1255e-15 1.23999e-14 7.44668e-15 1.39646e-14 8.85934e-15 1.55316e-14 1.02905e-14 1.71009e-14 1.18084e-14 1.86723e-14 1.33969e-14 2.02456e-14 1.49806e-14 2.18208e-14 1.66487e-14 2.33978e-14 1.83273e-14 2.49763e-14 2.00659e-14 2.65565e-14 2.17789e-14 2.81382e-14 2.36059e-14 2.97213e-14 2.53779e-14 3.13057e-14
50 5.87185e-17 5.87185e-17 2.44094e-26 4.15702e-10 -9.73313e-08 2.22362e-17 6.63264e-16 1.21878e-16 1.32801e-15 5.51992e-16 2.66095e-15 1.23098e-15 3.99768e-15 2.09636e-15 5.33759e-15 3.11599e-15 6.68028e-15 4.25565e-15 8.02541e-15 5.4897e-15 9.37276e-15 6.82174e-15 1.07221e-14 8.2144e-15 1.20733e-14 9.6902e-15 1.34261e-14 1.11737e-14 1.47805e-14 1.2736e-14 1.61363e-14 1.43606e-14 1.74935e-14 1.59709e-14 1.88519e-14 1.76579e-14 2.02114e-14 1.93474e-14 2.15721e-14 2.10894e-14 2.29337e-14 2.27984e-14 2.42963e-14 2.4614e-14 2.56597e-14 2.63685e-14 2.7024e-14
52.5665 4.96309e-17 4.96309e-17 1.97889e-26 3.98721e-10 9.3744e-08 3.2155e-17 5.75256e-16 1.62195e-16 1.15168e-15 6.82365e-16 2.3072e-15 1.46329e-15 3.46558e-15 2.42805e-15 4.62631e-15 3.53985e-15 5.78905e-15 4.76153e-15 6.95352e-15 6.06641e-15 8.11953e-15 7.45888e-15 9.28688e-15 8.90055e-15 1.04554e-14 1.04153e-14 1.16251e-14 1.19266e-14 1.27957e-14 1.35076e-14 1.39672e-14 1.51417e-14 1.51395e-14 1.67525e-14 1.63126e-14 1.84317e-14 1.74863e-14 2.01054e-14 1.86605e-14 2.18236e-14 1.98353e-14 2.35027e-14 2.10107e-14 2.52797e-14 2.21864e-14 2.69908e-14 2.33625e-14
55.2648 4.21895e-17 4.21895e-17 1.60461e-26 3.80334e-10 2.66128e-07 4.50003e-17 4.98956e-16 2.09746e-16 9.98813e-16 8.22637e-16 2.00053e-15 1.6996e-15 3.00432e-15 2.75131e-15 4.00976e-15 3.93799e-15 5.01654e-15 5.22098e-15 6.02444e-15 6.57361e-15 7.03331e-15 8.00142e-15 8.04298e-15 9.46598e-15 9.05333e-15 1.09924e-14 1.00643e-14 1.25044e-14 1.10757e-14 1.40764e-14 1.20876e-14 1.56916e-14 1.30998e-14 1.72755e-14 1.41123e-14 1.89188e-14 1.51251e-14 2.05494e-14 1.6138e-14 2.22166e-14 1.71511e-14 2.38396e-14 1.81643e-14 2.55512e-14 1.91776e-14 2.71938e-14 2.01909e-14
58.1015 3.60843e-17 3.60843e-17 1.30292e-26 3.61077e-10 4.20781e-07 6.10897e-17 4.33083e-16 2.64124e-16 8.66839e-16 9.69053e-16 1.73578e-15 1.93242e-15 2.60613e-15 3.05551e-15 3.47752e-15 4.29753e-15 4.3497e-15 5.6198e-15 5.2225e-15 6.99666e-15 6.09578e-15 8.43509e-15 6.96939e-15 9.89756e-15 7.84325e-15 1.141e-14 8.71729e-15 1.28983e-14 9.59145e-15 1.44361e-14 1.04656e-14 1.60076e-14 1.13398e-14 1.75411e-14 1.22139e-14 1.91247e-14 1.30879e-14 2.06896e-14 1.39618e-14 2.22833e-14 1.48355e-14 2.38292e-14 1.5709e-14 2.54539e-14 1.65821e-14 2.70082e-14 1.74551e-14
61.0839 3.10245e-17 3.10245e-17 1.05837e-26 3.41141e-10 5.42571e-07 8.05171e-17 3.75909e-16 3.24105e-16 7.52297e-16 1.116e-15 1.50602e-15 2.15174e-15 2.26057e-15 3.32706e-15 3.01566e-15 4.60222e-15 3.77108e-15 5.93999e-15 4.52668e-15 7.31669e-15 5.28236e-15 8.74086e-15 6.03798e-15 1.01767e-14 6.7935e-15 1.16508e-14 7.54885e-15 1.3092e-14 8.30399e-15 1.45727e-14 9.05882e-15 1.6078e-14 9.81338e-15 1.75398e-14 1.05675e-14 1.9043e-14 1.13214e-14 2.05225e-14 1.20747e-14 2.20237e-14 1.28277e-14 2.34748e-14 1.35802e-14 2.4995e-14 1.43321e-14 2.64449e-14 1.50836e-14
64.2193 2.67969e-17 2.67969e-17 8.60079e-27 3.20962e-10 6.39562e-07 1.03143e-16 3.2614e-16 3.8789e-16 6.52593e-16 1.25741e-15 1.30603e-15 2.34793e-15 1.95983e-15 3.55404e-15 2.61373e-15 4.83902e-15 3.26757e-15 6.16839e-15 3.92123e-15 7.52121e-15 4.57463e-15 8.90765e-15 5.22767e-15 1.02943e-14 5.8803e-15 1.17081e-14 6.53247e-15 1.30818e-14 7.18417e-15 1.44857e-14 7.83531e-15 1.59057e-14 8.48592e-15 1.72786e-14 9.1359e-15 1.86845e-14 9.78531e-15 2.0063e-14 1.0434e-14 2.14568e-14 1.10822e-14 2.27997e-14 1.17296e-14 2.42023e-14 1.23764e-14 2.55362e-14 1.30225e-14
67.5157 2.32651e-17 2.32651e-17 6.99485e-27 3.00658e-10 6.9856e-07 1.28696e-16 2.83048e-16 4.53683e-16 5.6627e-16 1.38864e-15 1.1329e-15 2.51517e-15 1.69948e-15 3.73099e-15 2.26581e-15 5.00408e-15 2.83176e-15 6.3038e-15 3.39723e-15 7.61243e-15 3.96216e-15 8.94172e-15 4.52647e-15 1.02612e-14 5.09013e-15 1.15975e-14 5.6531e-15 1.28886e-14 6.21539e-15 1.42011e-14 6.7769e-15 1.55225e-14 7.33769e-15 1.67946e-14 7.89766e-15 1.80923e-14 8.45689e-15 1.93601e-14 9.01526e-15 2.06377e-14 9.57287e-15 2.18649e-14 1.01297e-14 2.31428e-14 1.06856e-14 2.43549e-14 1.12407e-14
70.9813 2.0287e-17 2.0287e-17 5.69431e-27 2.80687e-10 7.42876e-07 1.56527e-16 2.4557e-16 5.18878e-16 4.91198e-16 1.50382e-15 9.82346e-16 2.646e-15 1.47311e-15 3.85033e-15 1.96333e-15 5.09081e-15 2.4529e-15 6.34135e-15 2.94174e-15 7.5878e-15 3.42983e-15 8.84329e-15 3.91708e-15 1.00806e-14 4.40349e-15 1.13258e-14 4.88903e-15 1.25223e-14 5.37371e-15 1.37327e-14 5.85745e-15 1.49458e-14 6.34032e-15 1.6109e-14 6.82223e-15 1.72912e-14 7.30325e-15 1.84423e-14 7.78329e-15 1.95985e-14 8.26244e-15 2.07059e-14 8.74065e-15 2.18559e-14 9.21787e-15 2.29438e-14 9.6942e-15
74.6248 1.77578e-17 1.77578e-17 4.63688e-27 2.61118e-10 7.57366e-07 1.85742e-16 2.12908e-16 5.80739e-16 4.25774e-16 1.59796e-15 8.51158e-16 2.73526e-15 1.27588e-15 3.90816e-15 1.69981e-15 5.0975e-15 2.12288e-15 6.28221e-15 2.54503e-15 7.45176e-15 2.96624e-15 8.62039e-15 3.38646e-15 9.7642e-15 3.80567e-15 1.09086e-14 4.22387e-15 1.20024e-14 4.64108e-15 1.31038e-14 5.05724e-15 1.42031e-14 5.4724e-15 1.5253e-14 5.8865e-15 1.63164e-14 6.2996e-15 1.73485e-14 6.71163e-15 1.8382e-14 7.12268e-15 1.93692e-14 7.53271e-15 2.03918e-14 7.94167e-15 2.13567e-14 8.34967e-15
78.4553 1.55977e-17 1.55977e-17 3.77664e-27 2.42129e-10 7.47105e-07 2.15264e-16 1.84424e-16 6.36625e-16 3.68724e-16 1.66737e-15 7.36776e-16 2.78031e-15 1.10394e-15 3.90414e-15 1.47012e-15 5.02691e-15 1.83526e-15 6.13266e-15 2.19933e-15 7.21435e-15 2.56232e-15 8.28701e-15 2.92419e-15 9.33011e-15 3.28494e-15 1.03678e-14 3.64457e-15 1.13548e-14 4.00312e-15 1.23444e-14 4.36052e-15 1.3328e-14 4.71684e-15 1.42641e-14 5.07203e-15 1.5209e-14 5.42615e-15 1.61232e-14 5.77914e-15 1.70363e-14 6.13108e-15 1.7906e-14 6.48195e-15 1.88047e-14 6.83171e-15 1.96508e-14 7.18045e-15
82.4824 1.37486e-17 1.37486e-17 3.07877e-27 2.23933e-10 7.18559e-07 2.43996e-16 1.59643e-16 6.84415e-16 3.19095e-16 1.71036e-15 6.37286e-16 2.7819e-15 9.54403e-16 3.84246e-15 1.27039e-15 4.88716e-15 1.5852e-15 5.90498e-15 1.89881e-15 6.89209e-15 2.21125e-15 7.86393e-15 2.52247e-15 8.8032e-15 2.83249e-15 9.73265e-15 3.14132e-15 1.06125e-14 3.44899e-15 1.1491e-14 3.75546e-15 1.23609e-14 4.06079e-15 1.3186e-14 4.36494e-15 1.40162e-14 4.66798e-15 1.48172e-14 4.96986e-15 1.5615e-14 5.27065e-15 1.6373e-14 5.57035e-15 1.71545e-14 5.8689e-15 1.78886e-14 6.16642e-15
86.7162 1.21643e-17 1.21643e-17 2.51085e-27 2.06412e-10 6.72287e-07 2.70887e-16 1.3815e-16 7.22569e-16 2.76055e-16 1.72693e-15 5.51019e-16 2.74323e-15 8.24764e-16 3.73012e-15 1.09726e-15 4.68934e-15 1.36847e-15 5.61435e-15 1.63841e-15 6.50414e-15 1.90709e-15 7.37421e-15 2.17448e-15 8.21025e-15 2.44063e-15 9.03337e-15 2.70553e-15 9.80915e-15 2.96923e-15 1.05807e-14 3.2317e-15 1.13419e-14 3.493e-15 1.20616e-14 3.75309e-15 1.27836e-14 4.01206e-15 1.34783e-14 4.26984e-15 1.41685e-14 4.52653e-15 1.48227e-14 4.78211e-15 1.54957e-14 5.03655e-15 1.61267e-14 5.28995e-15
91.1674 1.07952e-17 1.07952e-17 2.04788e-27 1.89703e-10 6.11931e-07 2.94713e-16 1.19448e-16 7.4941e-16 2.38605e-16 1.71675e-15 4.75969e-16 2.66649e-15 7.12003e-16 3.57223e-15 9.46697e-16 4.44146e-15 1.18004e-15 5.27161e-15 1.41204e-15 6.06399e-15 1.64273e-15 6.83382e-15 1.87211e-15 7.5695e-15 2.10019e-15 8.29034e-15 2.32702e-15 8.9669e-15 2.55262e-15 9.63728e-15 2.77697e-15 1.02964e-14 3.00015e-15 1.09177e-14 3.22211e-15 1.15393e-14 3.44295e-15 1.21358e-14 3.66261e-15 1.2727e-14 3.88119e-15 1.32862e-14 4.09866e-15 1.38603e-14 4.31501e-15 1.43974e-14 4.53033e-15
95.847 9.60696e-18 9.60696e-18 1.67045e-27 1.73879e-10 5.38501e-07 3.14491e-16 1.03177e-16 7.64163e-16 2.06028e-16 1.68144e-15 4.10699e-16 2.55655e-15 6.13957e-16 3.37693e-15 8.15812e-16 4.15483e-15 1.01626e-15 4.89098e-15 1.21534e-15 5.58849e-15 1.41308e-15 6.26205e-15 1.60949e-15 6.90239e-15 1.8046e-15 7.52699e-15 1.99843e-15 8.11091e-15 2.19105e-15 8.68749e-15 2.38242e-15 9.2526e-15 2.57263e-15 9.78369e-15 2.76164e-15 1.03137e-14 2.94954e-15 1.0821e-14 3.13628e-15 1.13227e-14 3.32196e-15 1.17963e-14 3.50656e-15 1.22815e-14 3.69007e-15 1.27346e-14 3.87258e-15
100.767 8.57732e-18 8.57732e-18 1.36382e-27 1.59003e-10 4.79281e-07 3.29676e-16 8.9088e-17 7.67186e-16 1.77823e-16 1.62475e-15 3.54201e-16 2.42086e-15 5.29107e-16 3.15515e-15 7.02567e-16 3.84355e-15 8.74599e-16 4.48936e-15 1.04524e-15 5.09708e-15 1.21453e-15 5.68055e-15 1.38249e-15 6.23254e-15 1.54916e-15 6.76868e-15 1.71457e-15 7.26804e-15 1.87877e-15 7.7595e-15 2.04175e-15 8.23974e-15 2.20359e-15 8.68985e-15 2.36426e-15 9.1379e-15 2.52385e-15 9.56583e-15 2.68231e-15 9.98811e-15 2.83975e-15 1.0386e-14 2.99614e-15 1.07928e-14 3.15148e-15 1.11722e-14 3.30586e-15
105.939 7.70435e-18 7.70435e-18 1.11337e-27 1.44512e-10 3.98657e-07 3.40798e-16 7.71184e-17 7.61172e-16 1.53862e-16 1.55452e-15 3.06208e-16 2.27218e-15 4.5704e-16 2.92401e-15 6.064e-16 3.52857e-15 7.54317e-16 4.09111e-15 9.00838e-16 4.61702e-15 1.04602e-15 5.11922e-15 1.18987e-15 5.59214e-15 1.33245e-15 6.04964e-15 1.4738e-15 6.47428e-15 1.61396e-15 6.8909e-15 1.75293e-15 7.29686e-15 1.89079e-15 7.67638e-15 2.02752e-15 8.05329e-15 2.1632e-15 8.41251e-15 2.2978e-15 8.76628e-15 2.43141e-15 9.09898e-15 2.56403e-15 9.43862e-15 2.69564e-15 9.75478e-15 2.82633e-15
111.377 6.95202e-18 6.95202e-18 9.08803e-28 1.30725e-10 3.21229e-07 3.47249e-16 6.68382e-17 7.45923e-16 1.33284e-16 1.47178e-15 2.65e-16 2.11244e-15 3.95173e-16 2.68593e-15 5.2386e-16 3.21246e-15 6.51105e-16 3.69864e-15 7.76962e-16 4.15037e-15 9.01492e-16 4.57955e-15 1.02472e-15 4.98195e-15 1.1467e-15 5.36978e-15 1.26748e-15 5.72856e-15 1.3871e-15 6.07955e-15 1.50558e-15 6.42066e-15 1.62298e-15 6.73878e-15 1.7393e-15 7.05403e-15 1.85461e-15 7.35388e-15 1.96889e-15 7.64863e-15 2.08223e-15 7.92536e-15 2.19462e-15 8.20741e-15 2.30606e-15 8.46955e-15 2.41662e-15
117.094 6.33213e-18 6.33213e-18 7.42129e-28 1.17201e-10 2.4443e-07 3.50757e-16 5.82834e-17 7.26074e-16 1.16158e-16 1.38655e-15 2.30703e-16 1.95608e-15 3.4368e-16 2.45895e-15 4.55164e-16 2.91625e-15 5.65207e-16 3.33545e-15 6.73874e-16 3.72271e-15 7.81233e-16 4.08887e-15 8.87316e-16 4.43079e-15 9.9218e-16 4.75917e-15 1.09587e-15 5.06203e-15 1.19845e-15 5.3575e-15 1.29992e-15 5.64393e-15 1.40035e-15 5.91047e-15 1.49975e-15 6.17407e-15 1.59818e-15 6.42431e-15 1.69564e-15 6.66988e-15 1.79219e-15 6.90006e-15 1.88785e-15 7.13431e-15 1.98261e-15 7.35172e-15 2.07654e-15
123.105 5.84062e-18 5.84062e-18 6.0652e-28 1.03845e-10 1.69982e-07 3.5269e-16 5.13071e-17 7.0487e-16 1.0219e-16 1.30499e-15 2.02716e-16 1.8112e-15 3.01649e-16 2.25241e-15 3.99077e-16 2.65005e-15 4.95065e-16 3.01208e-15 5.89687e-16 3.34472e-15 6.83015e-16 3.65783e-15 7.7509e-16 3.9491e-15 8.65973e-16 4.2279e-15 9.55714e-16 4.4843e-15 1.04437e-15 4.73381e-15 1.13196e-15 4.97512e-15 1.21856e-15 5.19921e-15 1.30416e-15 5.4204e-15 1.38883e-15 5.63001e-15 1.47257e-15 5.83538e-15 1.55545e-15 6.02759e-15 1.63748e-15 6.22293e-15 1.71866e-15 6.40398e-15 1.79906e-15
129.424 5.44338e-18 5.44338e-18 4.96126e-28 9.11429e-11 1.07563e-07 3.52541e-16 4.54989e-17 6.81477e-16 9.05567e-17 1.22518e-15 1.79399e-16 1.67436e-15 2.66621e-16 2.06113e-15 3.52325e-16 2.40676e-15 4.3659e-16 2.71944e-15 5.19496e-16 3.00527e-15 6.01125e-16 3.27319e-15 6.81522e-16 3.52154e-15 7.60754e-16 3.75853e-15 8.38873e-16 3.97589e-15 9.15943e-16 4.1869e-15 9.91981e-16 4.39054e-15 1.06706e-15 4.57927e-15 1.14118e-15 4.76523e-15 1.21442e-15 4.94118e-15 1.28676e-15 5.11329e-15 1.35829e-15 5.27416e-15 1.42901e-15 5.43743e-15 1.49893e-15 5.58858e-15 1.56811e-15
136.067 5.06693e-18 5.06693e-18 4.06152e-28 8.01575e-11 3.8829e-08 3.46563e-16 4.01816e-17 6.49085e-16 7.99098e-17 1.13496e-15 1.58071e-16 1.52856e-15 2.346e-16 1.86362e-15 3.09615e-16 2.16067e-15 3.83205e-16 2.4278e-15 4.5546e-16 2.67084e-15 5.26465e-16 2.89776e-15 5.96275e-16 3.10739e-15 6.64957e-16 3.30686e-15 7.32568e-16 3.48935e-15 7.99172e-16 3.66612e-15 8.6479e-16 3.83637e-15 9.29492e-16 3.99386e-15 9.9329e-16 4.14879e-15 1.05625e-15 4.29515e-15 1.11837e-15 4.43813e-15 1.17972e-15 4.57159e-15 1.24031e-15 4.70687e-15 1.30015e-15 4.83197e-15 1.3593e-15
143.051 4.59612e-18 4.59612e-18 3.32974e-28 7.24468e-11 4.53354e-09 3.27161e-16 3.44831e-17 5.94673e-16 6.85155e-17 1.01283e-15 1.35306e-16 1.34538e-15 2.00509e-16 1.62543e-15 2.64252e-16 1.87189e-15 3.26632e-16 2.09229e-15 3.87746e-16 2.29191e-15 4.4768e-16 2.47761e-15 5.06493e-16 2.64864e-15 5.64253e-16 2.81094e-15 6.21017e-16 2.95908e-15 6.76849e-16 3.10227e-15 7.31772e-16 3.23992e-15 7.85853e-16 3.36705e-15 8.39106e-16 3.49192e-15 8.91592e-16 3.60971e-15 9.43317e-16 3.72462e-15 9.94341e-16 3.83176e-15 1.04468e-15 3.94024e-15 1.09434e-15 4.04045e-15 1.14337e-15
150.394 4.08619e-18 4.08619e-18 2.72904e-28 6.67869e-11 -3.46638e-08 2.98531e-16 2.89261e-17 5.27466e-16 5.74163e-17 8.76312e-16 1.13178e-16 1.14895e-15 1.67436e-16 1.37626e-15 2.20325e-16 1.57493e-15 2.7195e-16 1.75165e-15 3.22405e-16 1.91106e-15 3.7178e-16 2.05884e-15 4.20132e-16 2.19456e-15 4.6753e-16 2.32303e-15 5.1403e-16 2.44002e-15 5.5969e-16 2.5529e-15 6.04538e-16 2.66123e-15 6.48634e-16 2.76111e-15 6.91995e-16 2.85908e-15 7.34675e-16 2.95137e-15 7.76683e-16 3.0413e-15 8.18072e-16 3.12506e-15 8.58858e-16 3.20977e-15 8.99049e-16 3.28795e-15 9.38697e-16
158.114 3.57833e-18 3.57833e-18 2.2334e-28 6.24146e-11 -5.17932e-08 2.64813e-16 2.38383e-17 4.55505e-16 4.72638e-17 7.39194e-16 9.29738e-17 9.57326e-16 1.37292e-16 1.13749e-15 1.80357e-16 1.29393e-15 2.22274e-16 1.43242e-15 2.63138e-16 1.55686e-15 3.03034e-16 1.67186e-15 3.42021e-16 1.77719e-15 3.80163e-16 1.87665e-15 4.17513e-16 1.96706e-15 4.54127e-16 2.05413e-15 4.90031e-16 2.13755e-15 5.2528e-16 2.21435e-15 5.59892e-16 2.28959e-15 5.93914e-16 2.36038e-15 6.27357e-16 2.42928e-15 6.60268e-16 2.49338e-15 6.9266e-16 2.55816e-15 7.24545e-16 2.61788e-15 7.55965e-16
166.23 3.12902e-18 3.12902e-18 1.82662e-28 5.83768e-11 -7.13462e-08 2.31657e-16 1.95671e-17 3.88493e-16 3.87463e-17 6.16623e-16 7.60449e-17 7.89377e-16 1.12066e-16 9.30816e-16 1.4695e-16 1.05289e-15 1.80802e-16 1.16047e-15 2.13714e-16 1.25679e-15 2.45769e-16 1.34555e-15 2.77022e-16 1.42663e-15 3.07536e-16 1.50304e-15 3.37359e-16 1.57236e-15 3.66542e-16 1.63901e-15 3.95112e-16 1.70277e-15 4.23117e-16 1.76139e-15 4.50574e-16 1.81875e-15 4.77528e-16 1.87266e-15 5.03987e-16 1.92507e-15 5.29992e-16 1.97379e-15 5.55558e-16 2.02297e-15 5.80694e-16 2.06829e-15 6.05438e-16
174.763 2.74018e-18 2.74018e-18 1.49454e-28 5.45415e-11 -1.34516e-07 2.00576e-16 1.60456e-17 3.28402e-16 3.17281e-17 5.10458e-16 6.21136e-17 6.46367e-16 9.13331e-17 7.56734e-16 1.19527e-16 8.51462e-16 1.46798e-16 9.34589e-16 1.73236e-16 1.00877e-15 1.9892e-16 1.07694e-15 2.23903e-16 1.13907e-15 2.48242e-16 1.1975e-15 2.71984e-16 1.25042e-15 2.95173e-16 1.30123e-15 3.17836e-16 1.34976e-15 3.40016e-16 1.39433e-15 3.61729e-16 1.43789e-15 3.83014e-16 1.47878e-15 4.0388e-16 1.51851e-15 4.24363e-16 1.5554e-15 4.44475e-16 1.59261e-15 4.64225e-16 1.62686e-15 4.83647e-16
183.733 2.42679e-18 2.42679e-18 1.22224e-28 5.03643e-11 -1.56616e-07 1.73682e-16 1.32751e-17 2.78006e-16 2.62081e-17 4.23688e-16 5.11641e-17 5.31004e-16 7.5051e-17 6.17492e-16 9.80085e-17 6.91339e-16 1.20139e-16 7.55891e-16 1.4153e-16 8.1332e-16 1.62254e-16 8.65958e-16 1.82363e-16 9.13833e-16 2.01911e-16 9.58777e-16 2.20939e-16 9.99414e-16 2.39491e-16 1.03837e-15 2.57589e-16 1.07554e-15 2.75273e-16 1.10964e-15 2.92558e-16 1.14292e-15 3.09477e-16 1.17414e-15 3.26041e-16 1.20445e-15 3.4228e-16 1.23256e-15 3.58206e-16 1.2609e-15 3.73827e-16 1.28697e-15 3.89171e-16
193.164 2.15318e-18 2.15318e-18 9.99306e-29 4.64108e-11 -1.74366e-07 1.49094e-16 1.09777e-17 2.33607e-16 2.16342e-17 3.4947e-16 4.2105e-17 4.33769e-16 6.16002e-17 5.0123e-16 8.02584e-17 5.58553e-16 9.81796e-17 6.08481e-16 1.15447e-16 6.52773e-16 1.32129e-16 6.93276e-16 1.48275e-16 7.30041e-16 1.63935e-16 7.64497e-16 1.79147e-16 7.95605e-16 1.93949e-16 8.2539e-16 2.08363e-16 8.53773e-16 2.22424e-16 8.79782e-16 2.36146e-16 9.05147e-16 2.49559e-16 9.28919e-16 2.62672e-16 9.51972e-16 2.75511e-16 9.73346e-16 2.88087e-16 9.94875e-16 3.00408e-16 1.01467e-15 3.12498e-16
203.079 1.91775e-18 1.91775e-18 8.17215e-29 4.26132e-11 -1.74398e-07 1.27208e-16 9.09226e-18 1.95343e-16 1.78833e-17 2.87165e-16 3.46874e-17 3.53205e-16 5.06037e-17 4.05709e-16 6.57687e-17 4.50126e-16 8.02793e-17 4.88683e-16 9.42143e-17 5.22798e-16 1.07638e-16 5.53928e-16 1.20597e-16 5.82134e-16 1.33135e-16 6.08526e-16 1.45289e-16 6.32322e-16 1.57092e-16 6.55079e-16 1.68565e-16 6.76741e-16 1.79739e-16 6.96571e-16 1.90626e-16 7.15894e-16 2.01252e-16 7.33989e-16 2.11626e-16 7.51523e-16 2.2177e-16 7.67768e-16 2.31695e-16 7.84122e-16 2.41406e-16 7.99147e-16 2.50925e-16
213.503 1.71978e-18 1.71978e-18 6.68567e-29 3.88751e-11 -1.89806e-07 1.08261e-16 7.56568e-18 1.63124e-16 1.48481e-17 2.35889e-16 2.86938e-17 2.87665e-16 4.17315e-17 3.28581e-16 5.40949e-17 3.63053e-16 6.58779e-17 3.92885e-16 7.71546e-17 4.19216e-16 8.79849e-17 4.43195e-16 9.84122e-17 4.64886e-16 1.08477e-16 4.85153e-16 1.18212e-16 5.03404e-16 1.27647e-16 5.20838e-16 1.36802e-16 5.37417e-16 1.45702e-16 5.52581e-16 1.5436e-16 5.67344e-16 1.62799e-16 5.81159e-16 1.71026e-16 5.94537e-16 1.79061e-16 6.06924e-16 1.86912e-16 6.19386e-16 1.94586e-16 6.30828e-16 2.021e-16
224.463 1.5414e-18 1.5414e-18 5.46844e-29 3.54771e-11 -1.46977e-07 9.12753e-17 6.27845e-18 1.35097e-16 1.22919e-17 1.92362e-16 2.36582e-17 2.32707e-16 3.42943e-17 2.64412e-16 4.43302e-17 2.91022e-16 5.38551e-17 3.13985e-16 6.29384e-17 3.34209e-16 7.16354e-17 3.52592e-16 7.99858e-17 3.69196e-16 8.80262e-17 3.84689e-16 9.57858e-17 3.98625e-16 1.03292e-16 4.11923e-16 1.10561e-16 4.24558e-16 1.17616e-16 4.36105e-16 1.24469e-16 4.47339e-16 1.31138e-16 4.57844e-16 1.37631e-16 4.6801e-16 1.43964e-16 4.77417e-16 1.50145e-16 4.86877e-16 1.5618e-16 4.95558e-16 1.62082e-16
235.984 1.3806e-18 1.3806e-18 4.4719e-29 3.23911e-11 -1.95486e-07 7.62667e-17 5.19577e-18 1.11002e-16 1.01449e-17 1.55773e-16 1.94403e-17 1.87028e-16 2.80807e-17 2.11463e-16 3.61908e-17 2.31899e-16 4.38548e-17 2.49489e-16 5.11369e-17 2.64949e-16 5.80873e-17 2.78979e-16 6.47422e-17 2.91632e-16 7.11342e-17 3.03425e-16 7.72893e-17 3.14021e-16 8.32313e-17 3.24124e-16 8.89751e-17 3.33714e-16 9.45406e-17 3.42471e-16 9.99379e-17 3.50986e-16 1.05183e-16 3.58943e-16 1.10283e-16 3.66639e-16 1.1525e-16 3.73757e-16 1.20093e-16 3.8091e-16 1.24816e-16 3.87473e-16 1.2943e-16
248.097 1.23595e-18 1.23595e-18 3.65898e-29 2.96047e-11 -1.54962e-07 6.31972e-17 4.28869e-18 9.05381e-17 8.34905e-18 1.25333e-16 1.59229e-17 1.49418e-16 2.29135e-17 1.68159e-16 2.94392e-17 1.83783e-16 3.55785e-17 1.97198e-16 4.13901e-17 2.08967e-16 4.69193e-17 2.1963e-16 5.21984e-17 2.29235e-16 5.72564e-17 2.38177e-16 6.21161e-17 2.46204e-16 6.67982e-17 2.5385e-16 7.13158e-17 2.61103e-16 7.56858e-17 2.67721e-16 7.99172e-17 2.74152e-16 8.40233e-17 2.80159e-16 8.80102e-17 2.85965e-16 9.18893e-17 2.91333e-16 9.56662e-17 2.96725e-16 9.93455e-17 3.01669e-16 1.02937e-16
260.832 1.11308e-18 1.11308e-18 2.99399e-29 2.68982e-11 -1.97858e-07 5.22947e-17 3.55388e-18 7.38147e-17 6.89602e-18 1.00882e-16 1.30844e-17 1.19471e-16 1.87536e-17 1.33873e-16 2.40158e-17 1.45844e-16 2.89439e-17 1.561e-16 3.35911e-17 1.65082e-16 3.79981e-17 1.73209e-16 4.2194e-17 1.80521e-16 4.6204e-17 1.8732e-16 5.00484e-17 1.93419e-16 5.37448e-17 1.99224e-16 5.73048e-17 2.04726e-16 6.07429e-17 2.09744e-16 6.40668e-17 2.14617e-16 6.72878e-17 2.19166e-16 7.04111e-17 2.23561e-16 7.34463e-17 2.27623e-16 7.63982e-17 2.31701e-16 7.92706e-17 2.35439e-16 8.20714e-17
274.221 1.00251e-18 1.00251e-18 2.44929e-29 2.44316e-11 -1.33401e-07 4.29781e-17 2.93921e-18 5.98238e-17 5.68296e-18 8.07829e-17 1.07234e-17 9.50745e-17 1.53049e-17 1.06102e-16 1.95325e-17 1.15243e-16 2.34732e-17 1.2306e-16 2.71749e-17 1.29894e-16 3.06739e-17 1.3607e-16 3.39957e-17 1.4162e-16 3.71626e-17 1.46777e-16 4.01919e-17 1.51398e-16 4.30989e-17 1.55793e-16 4.58936e-17 1.59957e-16 4.85882e-17 1.63753e-16 5.11893e-17 1.67436e-16 5.37065e-17 1.70873e-16 5.61442e-17 1.74192e-16 5.85103e-17 1.77259e-16 6.0809e-17 1.80336e-16 6.30434e-17 1.83156e-16 6.522e-17
288.297 9.01865e-19 9.01865e-19 2.00344e-29 2.22144e-11 -1.18633e-07 3.50513e-17 2.4231e-18 4.81552e-17 4.66682e-18 6.42965e-17 8.75411e-18 7.52303e-17 1.24389e-17 8.36358e-17 1.58186e-17 9.05865e-17 1.89539e-17 9.65186e-17 2.18876e-17 1.01698e-16 2.46515e-17 1.06373e-16 2.72682e-17 1.1057e-16 2.97566e-17 1.14466e-16 3.21316e-17 1.17955e-16 3.44064e-17 1.21272e-16 3.65894e-17 1.24411e-16 3.86909e-17 1.27272e-16 4.07165e-17 1.30047e-16 4.26741e-17 1.32635e-16 4.45675e-17 1.35133e-16 4.64032e-17 1.3744e-16 4.81847e-17 1.39755e-16 4.99145e-17 1.41875e-16 5.15981e-17
303.095 8.11557e-19 8.11557e-19 1.63983e-29 2.0206e-11 -2.6102e-07 2.84205e-17 1.99415e-18 3.85685e-17 3.82441e-18 5.0954e-17 7.12888e-18 5.92928e-17 1.00826e-17 6.56819e-17 1.27751e-17 7.09531e-17 1.52608e-17 7.54443e-17 1.75776e-17 7.93604e-17 1.97532e-17 8.28911e-17 2.1807e-17 8.60581e-17 2.37554e-17 8.89959e-17 2.56112e-17 9.16249e-17 2.73851e-17 9.41224e-17 2.90846e-17 9.64856e-17 3.0718e-17 9.86375e-17 3.22902e-17 1.00724e-16 3.38076e-17 1.02669e-16 3.52735e-17 1.04547e-16 3.66932e-17 1.06279e-16 3.80694e-17 1.08018e-16 3.94045e-17 1.09609e-16 4.07027e-17
318.653 7.32822e-19 7.32822e-19 1.34192e-29 1.83117e-11 -1.49118e-07 2.29918e-17 1.6435e-18 3.08435e-17 3.13746e-18 4.03457e-17 5.80945e-18 4.67076e-17 8.17681e-18 5.1567e-17 1.03212e-17 5.55678e-17 1.22913e-17 5.89713e-17 1.41203e-17 6.19355e-17 1.58323e-17 6.46053e-17 1.7444e-17 6.69981e-17 1.89694e-17 6.92162e-17 2.04191e-17 7.11998e-17 2.18023e-17 7.30833e-17 2.31252e-17 7.48646e-17 2.43948e-17 7.64859e-17 2.5615e-17 7.80574e-17 2.67914e-17 7.95219e-17 2.79264e-17 8.09348e-17 2.90244e-17 8.22385e-17 3.00878e-17 8.35459e-17 3.11184e-17 8.47427e-17 3.21197e-17
335.009 6.60847e-19 6.60847e-19 1.09785e-29 1.66128e-11 -2.42529e-07 1.84755e-17 1.34996e-18 2.45182e-17 2.56433e-18 3.17745e-17 4.71485e-18 3.66079e-17 6.60291e-18 4.02894e-17 8.30222e-18 4.33147e-17 9.85583e-18 4.58847e-17 1.12926e-17 4.81204e-17 1.26331e-17 5.01324e-17 1.38917e-17 5.19342e-17 1.50799e-17 5.36034e-17 1.6207e-17 5.50953e-17 1.72804e-17 5.65112e-17 1.83053e-17 5.78497e-17 1.92875e-17 5.90674e-17 2.02302e-17 6.02474e-17 2.11379e-17 6.13466e-17 2.20127e-17 6.24068e-17 2.28582e-17 6.33848e-17 2.36762e-17 6.43652e-17 2.44683e-17 6.52626e-17 2.52371e-17
352.205 5.95234e-19 5.95234e-19 8.98369e-30 1.50927e-11 -2.74576e-07 1.47542e-17 1.10527e-18 1.9382e-17 2.08835e-18 2.48998e-17 3.81135e-18 2.85581e-17 5.31e-18 3.13373e-17 6.65015e-18 3.36171e-17 7.86944e-18 3.55514e-17 8.9927e-18 3.72325e-17 1.00374e-17 3.8744e-17 1.10156e-17 4.00967e-17 1.1937e-17 4.13491e-17 1.28092e-17 4.24679e-17 1.36385e-17 4.35293e-17 1.4429e-17 4.45322e-17 1.51855e-17 4.54443e-17 1.59107e-17 4.63278e-17 1.66081e-17 4.71506e-17 1.72795e-17 4.79439e-17 1.79278e-17 4.86756e-17 1.85544e-17 4.9409e-17 1.91606e-17 5.00801e-17 1.97486e-17
370.284 5.37898e-19 5.37898e-19 7.35354e-30 1.36709e-11 -2.05646e-07 1.17652e-17 9.06038e-19 1.53091e-17 1.70217e-18 1.9507e-17 3.08253e-18 2.22784e-17 4.27177e-18 2.43788e-17 5.32836e-18 2.60991e-17 6.28503e-18 2.7557e-17 7.163e-18 2.88228e-17 7.97702e-18 2.99601e-17 8.73722e-18 3.09773e-17 9.45175e-18 3.19185e-17 1.01268e-17 3.2759e-17 1.07675e-17 3.3556e-17 1.13773e-17 3.43088e-17 1.19601e-17 3.49932e-17 1.25181e-17 3.5656e-17 1.30541e-17 3.6273e-17 1.35696e-17 3.68678e-17 1.40669e-17 3.74163e-17 1.45471e-17 3.79659e-17 1.50114e-17 3.84687e-17 1.54613e-17
389.291 4.85707e-19 4.85707e-19 6.0177e-30 1.23896e-11 -2.63176e-07 9.33294e-18 7.40599e-19 1.20363e-17 1.38292e-18 1.52195e-17 2.48422e-18 1.73127e-17 3.4239e-18 1.88958e-17 4.25337e-18 2.01905e-17 5.00081e-18 2.12865e-17 5.68421e-18 2.22374e-17 6.31591e-18 2.30911e-17 6.90436e-18 2.38542e-17 7.45625e-18 2.456e-17 7.97666e-18 2.519e-17 8.4698e-18 2.57872e-17 8.9385e-18 2.6351e-17 9.38584e-18 2.68635e-17 9.81363e-18 2.73597e-17 1.02241e-17 2.78215e-17 1.06185e-17 2.82665e-17 1.09986e-17 2.86768e-17 1.13654e-17 2.90879e-17 1.17197e-17 2.94639e-17 1.20629e-17
409.273 4.37993e-19 4.37993e-19 4.92331e-30 1.12406e-11 -1.93949e-07 7.36286e-18 6.03285e-19 9.41641e-18 1.11926e-18 1.18213e-17 1.99381e-18 1.33971e-17 2.73274e-18 1.45865e-17 3.38083e-18 1.5558e-17 3.96207e-18 1.63796e-17 4.49157e-18 1.70918e-17 4.97958e-18 1.77309e-17 5.43305e-18 1.83019e-17 5.85747e-18 1.88297e-17 6.25696e-18 1.93007e-17 6.63493e-18 1.97469e-17 6.99366e-18 2.01682e-17 7.33562e-18 2.0551e-17 7.66226e-18 2.09215e-17 7.97539e-18 2.12662e-17 8.27596e-18 2.15984e-17 8.56538e-18 2.19046e-17 8.84445e-18 2.22113e-17 9.1138e-18 2.24918e-17 9.3745e-18
430.281 3.96132e-19 3.96132e-19 4.03009e-30 1.01736e-11 -6.51389e-08 5.80308e-18 4.9183e-19 7.36358e-18 9.06276e-19 9.18199e-18 1.60049e-18 1.03696e-17 2.1813e-18 1.12644e-17 2.68747e-18 1.19944e-17 3.13934e-18 1.26112e-17 3.54952e-18 1.31456e-17 3.92648e-18 1.36248e-17 4.27594e-18 1.40527e-17 4.60235e-18 1.44481e-17 4.90907e-18 1.48008e-17 5.19882e-18 1.51349e-17 5.47346e-18 1.54502e-17 5.73495e-18 1.57366e-17 5.98447e-18 1.60138e-17 6.22343e-18 1.62717e-17 6.4526e-18 1.65201e-17 6.6731e-18 1.6749e-17 6.88555e-18 1.69783e-17 7.09046e-18 1.71879e-17 7.28867e-18
452.368 3.58167e-19 3.58167e-19 3.29875e-30 9.2101e-12 -3.6397e-08 4.55567e-18 3.99982e-19 5.73834e-18 7.31762e-19 7.11022e-18 1.28084e-18 8.00356e-18 1.73573e-18 8.67554e-18 2.12966e-18 9.22316e-18 2.47975e-18 9.68549e-18 2.79645e-18 1.00858e-17 3.0867e-18 1.04445e-17 3.35517e-18 1.07648e-17 3.60545e-18 1.10606e-17 3.84023e-18 1.13244e-17 4.06172e-18 1.15742e-17 4.2714e-18 1.18099e-17 4.47081e-18 1.20239e-17 4.66089e-18 1.2231e-17 4.84277e-18 1.24236e-17 5.01705e-18 1.26091e-17 5.18461e-18 1.27801e-17 5.34594e-18 1.29513e-17 5.50145e-18 1.31078e-17 5.65178e-18
475.588 3.23397e-19 3.23397e-19 2.69946e-30 8.3472e-12 -1.98783e-07 3.55926e-18 3.24129e-19 4.45242e-18 5.88553e-19 5.48418e-18 1.02083e-18 6.15422e-18 1.37544e-18 6.6575e-18 1.68066e-18 7.06722e-18 1.95071e-18 7.41288e-18 2.19419e-18 7.71197e-18 2.41675e-18 7.97993e-18 2.62216e-18 8.21902e-18 2.8133e-18 8.43981e-18 2.99234e-18 8.63661e-18 3.161e-18 8.82294e-18 3.32048e-18 8.9987e-18 3.47199e-18 9.15829e-18 3.61627e-18 9.31266e-18 3.75421e-18 9.45623e-18 3.88629e-18 9.5945e-18 4.01318e-18 9.72187e-18 4.13527e-18 9.84941e-18 4.25288e-18 9.966e-18 4.36652e-18
500 2.91637e-19 2.91637e-19 2.20874e-30 7.57359e-12 6.00188e-08 2.76837e-18 2.61749e-19 3.44071e-18 4.71578e-19 4.21446e-18 8.10373e-19 4.71571e-18 1.0856e-18 5.09169e-18 1.32107e-18 5.39751e-18 1.52852e-18 5.65534e-18 1.71497e-18 5.87832e-18 1.88496e-18 6.07801e-18 2.04153e-18 6.25612e-18 2.18697e-18 6.42054e-18 2.32299e-18 6.56706e-18 2.45098e-18 6.70576e-18 2.57185e-18 6.83655e-18 2.68657e-18 6.9553e-18 2.79572e-18 7.07014e-18 2.89999e-18 7.17693e-18 2.99976e-18 7.27976e-18 3.09554e-18 7.37448e-18 3.18765e-18 7.46931e-18 3.27632e-18 7.55599e-18 3.36195e-18
525.665 2.64616e-19 2.64616e-19 1.80836e-30 6.83389e-12 6.76603e-09 2.15995e-18 2.12199e-19 2.66828e-18 3.79213e-19 3.25126e-18 6.45532e-19 3.62808e-18 8.59809e-19 3.91038e-18 1.04205e-18 4.13982e-18 1.20196e-18 4.33313e-18 1.34523e-18 4.50024e-18 1.47555e-18 4.64983e-18 1.59534e-18 4.78321e-18 1.70643e-18 4.90631e-18 1.81018e-18 5.01599e-18 1.90768e-18 5.11978e-18 1.99967e-18 5.21764e-18 2.0869e-18 5.30648e-18 2.16982e-18 5.39237e-18 2.24897e-18 5.47224e-18 2.32465e-18 5.54913e-18 2.39726e-18 5.61995e-18 2.46705e-18 5.69085e-18 2.5342e-18 5.75564e-18 2.59902e-18
552.648 2.39788e-19 2.39788e-19 1.48015e-30 6.17277e-12 -1.52116e-08 1.6783e-18 1.71413e-19 2.06149e-18 3.03767e-19 2.49958e-18 5.1219e-19 2.78217e-18 6.78304e-19 2.99364e-18 8.18781e-19 3.16538e-18 9.41559e-19 3.31001e-18 1.05124e-18 3.43497e-18 1.15077e-18 3.5468e-18 1.24209e-18 3.64649e-18 1.32665e-18 3.73846e-18 1.40552e-18 3.82039e-18 1.47956e-18 3.8979e-18 1.54934e-18 3.97098e-18 1.61544e-18 4.0373e-18 1.67824e-18 4.10142e-18 1.73814e-18 4.16104e-18 1.79537e-18 4.21842e-18 1.85026e-18 4.27127e-18 1.90298e-18 4.32417e-18 1.95368e-18 4.37251e-18 2.0026e-18
581.015 2.16992e-19 2.16992e-19 1.2112e-30 5.58178e-12 -1.80879e-07 1.29882e-18 1.3796e-19 1.58685e-18 2.42381e-19 1.91521e-18 4.04778e-19 2.12663e-18 5.33012e-19 2.28468e-18 6.4086e-19 2.41296e-18 7.34765e-19 2.52092e-18 8.18419e-19 2.61417e-18 8.94169e-19 2.69759e-18 9.63544e-19 2.77194e-18 1.02769e-18 2.84052e-18 1.08745e-18 2.90159e-18 1.14348e-18 2.95937e-18 1.19624e-18 3.01383e-18 1.24619e-18 3.06325e-18 1.2936e-18 3.11102e-18 1.33879e-18 3.15543e-18 1.38195e-18 3.19817e-18 1.42331e-18 3.23753e-18 1.46302e-18 3.27693e-18 1.5012e-18 3.31293e-18 1.53801e-18
610.839 1.9612e-19 1.9612e-19 9.91319e-31 5.05465e-12 -9.14518e-08 1.00139e-18 1.10639e-19 1.21733e-18 1.92671e-19 1.46288e-18 3.18673e-19 1.6207e-18 4.17272e-19 1.73859e-18 4.99759e-19 1.8342e-18 5.71322e-19 1.91464e-18 6.34905e-19 1.98409e-18 6.92363e-19 2.0462e-18 7.44897e-19 2.10154e-18 7.93406e-19 2.15258e-18 8.38542e-19 2.19803e-18 8.80824e-19 2.24101e-18 9.20603e-19 2.28152e-18 9.5823e-19 2.31828e-18 9.93921e-19 2.35381e-18 1.02792e-18 2.38683e-18 1.06037e-18 2.41861e-18 1.09146e-18 2.44788e-18 1.12129e-18 2.47717e-18 1.14996e-18 2.50393e-18 1.17759e-18
642.193 1.7704e-19 1.7704e-19 8.11561e-31 4.58405e-12 -1.86644e-09 7.69331e-19 8.84141e-20 9.30832e-19 1.52585e-19 1.11404e-18 2.49949e-19 1.23162e-18 3.25471e-19 1.31936e-18 3.88332e-19 1.39049e-18 4.42683e-19 1.45031e-18 4.90851e-19 1.50194e-18 5.34295e-19 1.54811e-18 5.73954e-19 1.58923e-18 6.10527e-19 1.62715e-18 6.44521e-19 1.6609e-18 6.76336e-19 1.69283e-18 7.06243e-19 1.72291e-18 7.34511e-19 1.7502e-18 7.61309e-19 1.77658e-18 7.86824e-19 1.8011e-18 8.11162e-19 1.82469e-18 8.34467e-19 1.84641e-18 8.56822e-19 1.86815e-18 8.78294e-19 1.88801e-18 8.98986e-19
675.157 1.596e-19 1.596e-19 6.6422e-31 4.16178e-12 -2.15169e-07 5.8895e-19 7.03912e-20 7.09435e-19 1.20373e-19 8.45819e-19 1.95297e-19 9.33228e-19 2.5292e-19 9.9841e-19 3.00651e-19 1.05122e-18 3.41786e-19 1.09562e-18 3.78157e-19 1.13393e-18 4.109e-19 1.16817e-18 4.40747e-19 1.19867e-18 4.68238e-19 1.22679e-18 4.93765e-19 1.25181e-18 5.17635e-19 1.27548e-18 5.40056e-19 1.29778e-18 5.61236e-19 1.31801e-18 5.81301e-19 1.33756e-18 6.00396e-19 1.35572e-18 6.18602e-19 1.3732e-18 6.36027e-19 1.3893e-18 6.52735e-19 1.4054e-18 6.68778e-19 1.42012e-18 6.84233e-19
709.813 1.44051e-19 1.44051e-19 5.43495e-31 3.77294e-12 -6.60745e-08 4.50474e-19 5.59771e-20 5.40375e-19 9.48411e-20 6.41943e-19 1.52411e-19 7.06956e-19 1.96325e-19 7.55404e-19 2.32534e-19 7.9464e-19 2.63643e-19 8.27612e-19 2.91088e-19 8.56055e-19 3.15753e-19 8.81476e-19 3.38206e-19 9.04111e-19 3.58865e-19 9.24975e-19 3.78028e-19 9.43546e-19 3.95934e-19 9.61104e-19 4.12741e-19 9.77645e-19 4.28607e-19 9.9265e-19 4.43631e-19 1.00715e-18 4.57921e-19 1.02062e-18 4.7154e-19 1.03359e-18 4.84569e-19 1.04552e-18 4.97059e-19 1.05746e-18 5.09046e-19 1.06837e-18 5.20591e-19
746.248 1.30746e-19 1.30746e-19 4.44952e-31 3.40317e-12 -5.29372e-07 3.45818e-19 4.46585e-20 4.13214e-19 7.49604e-20 4.89221e-19 1.1933e-19 5.37816e-19 1.52908e-19 5.74008e-19 1.80474e-19 6.03305e-19 2.04089e-19 6.27918e-19 2.24879e-19 6.49146e-19 2.43534e-19 6.68113e-19 2.60495e-19 6.85e-19 2.76083e-19 7.00563e-19 2.90531e-19 7.14414e-19 3.0402e-19 7.27508e-19 3.16673e-19 7.39843e-19 3.28612e-19 7.51031e-19 3.39911e-19 7.6184e-19 3.50653e-19 7.71885e-19 3.60886e-19 7.81549e-19 3.70674e-19 7.90445e-19 3.80052e-19 7.99346e-19 3.89051e-19 8.07477e-19 3.97714e-19
784.553 1.18517e-19 1.18517e-19 3.64246e-31 3.07337e-12 4.32614e-07 2.6465e-19 3.54982e-20 3.15066e-19 5.90281e-20 3.71832e-19 9.30948e-20 4.08089e-19 1.18682e-19 4.35076e-19 1.39601e-19 4.56913e-19 1.57474e-19 4.75255e-19 1.73178e-19 4.91069e-19 1.87248e-19 5.05198e-19 2.00024e-19 5.17775e-19 2.11756e-19 5.29365e-19 2.22621e-19 5.39678e-19 2.32758e-19 5.49427e-19 2.42261e-19 5.5861e-19 2.51222e-19 5.66938e-19 2.597e-19 5.74984e-19 2.67756e-19 5.8246e-19 2.75428e-19 5.89653e-19 2.82763e-19 5.96274e-19 2.8979e-19 6.02898e-19 2.9653e-19 6.08948e-19 3.03017e-19
824.824 1.07287e-19 1.07287e-19 2.98099e-31 2.77852e-12 -3.67808e-07 2.01915e-19 2.81125e-20 2.39549e-19 4.63099e-20 2.81862e-19 7.23693e-20 3.08862e-19 9.18022e-20 3.28949e-19 1.07628e-19 3.45197e-19 1.21114e-19 3.58841e-19 1.32942e-19 3.70603e-19 1.43525e-19 3.81109e-19 1.53125e-19 3.9046e-19 1.61932e-19 3.99076e-19 1.70081e-19 4.06742e-19 1.7768e-19 4.13988e-19 1.848e-19 4.20814e-19 1.91511e-19 4.27003e-19 1.97857e-19 4.32982e-19 2.03885e-19 4.38538e-19 2.09624e-19 4.43882e-19 2.15109e-19 4.48802e-19 2.20362e-19 4.53723e-19 2.25399e-19 4.58218e-19 2.30247e-19
867.163 9.69934e-20 9.69934e-20 2.43937e-31 2.51498e-12 -5.79179e-07 1.536e-19 2.21821e-20 1.81637e-19 3.62001e-20 2.13118e-19 5.60634e-20 2.33189e-19 7.07745e-20 2.48114e-19 8.27109e-20 2.60183e-19 9.28589e-20 2.70315e-19 1.01744e-19 2.79048e-19 1.09684e-19 2.86847e-19 1.16879e-19 2.93788e-19 1.23473e-19 3.00184e-19 1.29572e-19 3.05873e-19 1.35255e-19 3.11251e-19 1.40578e-19 3.16315e-19 1.45592e-19 3.20907e-19 1.50331e-19 3.25344e-19 1.54832e-19 3.29466e-19 1.59116e-19 3.33431e-19 1.63209e-19 3.3708e-19 1.67127e-19 3.40731e-19 1.70884e-19 3.44065e-19 1.74498e-19
911.674 8.75898e-20 8.75898e-20 1.9973e-31 2.28028e-12 -4.01971e-07 1.1654e-19 1.74427e-20 1.3739e-19 2.82019e-20 1.60774e-19 4.32931e-20 1.75671e-19 5.43977e-20 1.86744e-19 6.33767e-20 1.95696e-19 7.09936e-20 2.03209e-19 7.76522e-20 2.09684e-19 8.35952e-20 2.15466e-19 8.89755e-20 2.20611e-19 9.39034e-20 2.25351e-19 9.84578e-20 2.29568e-19 1.027e-19 2.33553e-19 1.0667e-19 2.37306e-19 1.10409e-19 2.40709e-19 1.13942e-19 2.43996e-19 1.17296e-19 2.4705e-19 1.20488e-19 2.49987e-19 1.23536e-19 2.52691e-19 1.26454e-19 2.55396e-19 1.2925e-19 2.57866e-19 1.31941e-19
958.471 7.89912e-20 7.89912e-20 1.63489e-31 2.06971e-12 -3.63099e-07 8.81759e-20 1.36659e-20 1.03652e-19 2.18926e-20 1.2099e-19 3.33195e-20 1.32028e-19 4.16764e-20 1.40229e-19 4.8412e-20 1.46857e-19 5.4114e-20 1.5242e-19 5.90914e-20 1.57213e-19 6.3529e-20 1.61492e-19 6.75429e-20 1.653e-19 7.12168e-20 1.68807e-19 7.46101e-20 1.71927e-19 7.7769e-20 1.74876e-19 8.07246e-20 1.77652e-19 8.35071e-20 1.8017e-19 8.61352e-20 1.82602e-19 8.86296e-20 1.84861e-19 9.1002e-20 1.87034e-19 9.32677e-20 1.89033e-19 9.54359e-20 1.91034e-19 9.75139e-20 1.92861e-19 9.95124e-20
1007.67 7.12172e-20 7.12172e-20 1.33788e-31 1.87858e-12 9.73891e-07 6.66077e-20 1.06797e-20 7.8086e-20 1.69536e-20 9.09325e-20 2.55871e-20 9.91056e-20 3.18647e-20 1.05176e-19 3.69093e-20 1.10081e-19 4.11716e-20 1.14197e-19 4.48871e-20 1.17743e-19 4.81965e-20 1.20909e-19 5.11874e-20 1.23725e-19 5.39232e-20 1.26319e-19 5.64488e-20 1.28627e-19 5.87988e-20 1.30807e-19 6.09966e-20 1.32861e-19 6.30651e-20 1.34722e-19 6.50181e-20 1.3652e-19 6.68714e-20 1.38191e-19 6.86335e-20 1.39797e-19 7.03161e-20 1.41276e-19 7.19259e-20 1.42755e-19 7.34685e-20 1.44106e-19 7.49518e-20
1059.39 6.45132e-20 6.45132e-20 1.0951e-31 1.69748e-12 5.92413e-08 5.04901e-20 8.36692e-21 5.90396e-20 1.31635e-20 6.85997e-20 1.97057e-20 7.46784e-20 2.44368e-20 7.91919e-20 2.82281e-20 8.28384e-20 3.14258e-20 8.58973e-20 3.42098e-20 8.85325e-20 3.66872e-20 9.08849e-20 3.89245e-20 9.29776e-20 4.09698e-20 9.4905e-20 4.2857e-20 9.66193e-20 4.46122e-20 9.82392e-20 4.62533e-20 9.97645e-20 4.77972e-20 1.01147e-19 4.92546e-20 1.02483e-19 5.06372e-20 1.03724e-19 5.19515e-20 1.04917e-19 5.32062e-20 1.06015e-19 5.44065e-20 1.07113e-19 5.55564e-20 1.08117e-19 5.6662e-20
1113.77 5.83696e-20 5.83696e-20 8.96574e-32 1.53603e-12 -3.09396e-09 3.81808e-20 6.53273e-21 4.45385e-20 1.01876e-20 5.16418e-20 1.51306e-20 5.61561e-20 1.86872e-20 5.9507e-20 2.15299e-20 6.22137e-20 2.39235e-20 6.44841e-20 2.60052e-20 6.64396e-20 2.78559e-20 6.81852e-20 2.95262e-20 6.97379e-20 3.10523e-20 7.1168e-20 3.24597e-20 7.24398e-20 3.37683e-20 7.36415e-20 3.49913e-20 7.4773e-20 3.61417e-20 7.57988e-20 3.72273e-20 7.67895e-20 3.82569e-20 7.77098e-20 3.92354e-20 7.85949e-20 4.01695e-20 7.94094e-20 4.10629e-20 8.02241e-20 4.19186e-20 8.09681e-20 4.27413e-20
1170.94 5.27393e-20 5.27393e-20 7.33819e-32 1.39141e-12 -3.76358e-07 2.8801e-20 5.08277e-21 3.35204e-20 7.85823e-21 3.87895e-20 1.15821e-20 4.21366e-20 1.42487e-20 4.46205e-20 1.63749e-20 4.66264e-20 1.81626e-20 4.83088e-20 1.97156e-20 4.97578e-20 2.10953e-20 5.10511e-20 2.23397e-20 5.22014e-20 2.3476e-20 5.32608e-20 2.45236e-20 5.42029e-20 2.54973e-20 5.50931e-20 2.64071e-20 5.59312e-20 2.72625e-20 5.66909e-20 2.80696e-20 5.74247e-20 2.88349e-20 5.81063e-20 2.95622e-20 5.87618e-20 3.02563e-20 5.93651e-20 3.092e-20 5.99684e-20 3.15557e-20 6.05194e-20 3.21667e-20
1231.05 4.76605e-20 4.76605e-20 6.00476e-32 1.2599e-12 1.14248e-06 2.17063e-20 3.94702e-21 2.5209e-20 6.051e-21 2.91172e-20 8.8527e-21 3.15986e-20 1.08501e-20 3.34397e-20 1.24392e-20 3.49264e-20 1.37734e-20 3.6173e-20 1.49313e-20 3.72466e-20 1.59593e-20 3.82048e-20 1.68859e-20 3.90571e-20 1.77317e-20 3.98419e-20 1.85111e-20 4.05398e-20 1.92353e-20 4.11992e-20 1.99118e-20 4.182e-20 2.05477e-20 4.23828e-20 2.11476e-20 4.29263e-20 2.17163e-20 4.34311e-20 2.22567e-20 4.39166e-20 2.27723e-20 4.43634e-20 2.32653e-20 4.48102e-20 2.37374e-20 4.52183e-20 2.41911e-20
1294.24 4.31832e-20 4.31832e-20 4.91633e-32 1.13848e-12 1.93255e-06 1.63856e-20 3.06676e-21 1.89913e-20 4.66297e-21 2.18968e-20 6.77346e-21 2.3741e-20 8.27189e-21 2.51089e-20 9.46155e-21 2.62133e-20 1.04591e-20 2.71394e-20 1.13241e-20 2.79368e-20 1.20915e-20 2.86485e-20 1.27829e-20 2.92814e-20 1.34137e-20 2.98643e-20 1.39948e-20 3.03826e-20 1.45346e-20 3.08722e-20 1.50387e-20 3.13332e-20 1.55125e-20 3.17511e-20 1.59593e-20 3.21547e-20 1.63828e-20 3.25295e-20 1.67852e-20 3.289e-20 1.71691e-20 3.32217e-20 1.75361e-20 3.35535e-20 1.78875e-20 3.38564e-20 1.82252e-20
1360.67 3.90907e-20 3.90907e-20 4.02462e-32 1.02956e-12 -8.56531e-07 1.23462e-20 2.37589e-21 1.42823e-20 3.58369e-21 1.64399e-20 5.17001e-21 1.78089e-20 6.29198e-21 1.88242e-20 7.18107e-21 1.96438e-20 7.92572e-21 2.0331e-20 8.57089e-21 2.09227e-20 9.14289e-21 2.14507e-20 9.65801e-21 2.19203e-20 1.01278e-20 2.23527e-20 1.05605e-20 2.27372e-20 1.09623e-20 2.31004e-20 1.13374e-20 2.34424e-20 1.16899e-20 2.37523e-20 1.20223e-20 2.40517e-20 1.23373e-20 2.43297e-20 1.26365e-20 2.45971e-20 1.29219e-20 2.48431e-20 1.31948e-20 2.50892e-20 1.3456e-20 2.53139e-20 1.37071e-20
1430.51 3.53392e-20 3.53392e-20 3.2938e-32 9.32054e-13 -1.14154e-07 9.28206e-21 1.83466e-21 1.07183e-20 2.74587e-21 1.23181e-20 3.93521e-21 1.33328e-20 4.77342e-21 1.40853e-20 5.43649e-21 1.46926e-20 5.99124e-21 1.52018e-20 6.47151e-21 1.56401e-20 6.89709e-21 1.60313e-20 7.28018e-21 1.63792e-20 7.62945e-21 1.66995e-20 7.95102e-21 1.69843e-20 8.24955e-21 1.72534e-20 8.52822e-21 1.75067e-20 8.79003e-21 1.77363e-20 9.03687e-21 1.79581e-20 9.27078e-21 1.8164e-20 9.49292e-21 1.8362e-20 9.70482e-21 1.85443e-20 9.90735e-21 1.87265e-20 1.01012e-20 1.8893e-20 1.02875e-20
1503.94 3.19186e-20 3.19186e-20 2.69548e-32 8.44486e-13 1.31774e-06 6.9662e-21 1.41278e-21 8.03041e-21 2.09857e-21 9.21532e-21 2.98847e-21 9.96666e-21 3.6136e-21 1.05237e-20 4.10731e-21 1.09733e-20 4.51996e-21 1.13502e-20 4.87698e-21 1.16746e-20 5.19316e-21 1.19642e-20 5.47767e-21 1.22216e-20 5.73699e-21 1.24587e-20 5.97567e-21 1.26694e-20 6.1972e-21 1.28686e-20 6.40395e-21 1.3056e-20 6.59817e-21 1.32259e-20 6.78125e-21 1.339e-20 6.95472e-21 1.35424e-20 7.11945e-21 1.36889e-20 7.27656e-21 1.38237e-20 7.42671e-21 1.39586e-20 7.57045e-21 1.40817e-20 7.70854e-21
1581.14 2.89607e-20 2.89607e-20 2.20706e-32 7.62088e-13 -2.59627e-06 5.24784e-21 1.09088e-21 6.03982e-21 1.60864e-21 6.92128e-21 2.27685e-21 7.48005e-21 2.74482e-21 7.89428e-21 3.11388e-21 8.22856e-21 3.42206e-21 8.50875e-21 3.68852e-21 8.74998e-21 3.9244e-21 8.96521e-21 4.13657e-21 9.1566e-21 4.3299e-21 9.33282e-21 4.5078e-21 9.48949e-21 4.67289e-21 9.6375e-21 4.82694e-21 9.77682e-21 4.97162e-21 9.90311e-21 5.10799e-21 1.00251e-20 5.23719e-21 1.01383e-20 5.35986e-21 1.02472e-20 5.47685e-21 1.03475e-20 5.58865e-21 1.04477e-20 5.69566e-21 1.05392e-20 5.79847e-21
1662.3 2.62434e-20 2.62434e-20 1.80664e-32 6.88417e-13 8.74664e-07 3.94538e-21 8.39774e-22 4.53391e-21 1.22966e-21 5.18869e-21 1.73029e-21 5.60367e-21 2.07993e-21 5.91126e-21 2.35529e-21 6.15947e-21 2.58504e-21 6.3675e-21 2.78358e-21 6.54659e-21 2.95925e-21 6.70638e-21 3.11722e-21 6.84846e-21 3.26111e-21 6.97928e-21 3.3935e-21 7.09558e-21 3.51633e-21 7.20545e-21 3.63093e-21 7.30887e-21 3.73854e-21 7.40261e-21 3.83996e-21 7.49314e-21 3.93604e-21 7.57721e-21 4.02725e-21 7.65805e-21 4.11424e-21 7.73244e-21 4.19735e-21 7.80683e-21 4.2769e-21 7.87477e-21 4.35332e-21
1747.63 2.37493e-20 2.37493e-20 1.47845e-32 6.22523e-13 -1.15288e-06 2.96011e-21 6.4451e-22 3.3968e-21 9.37345e-22 3.88248e-21 1.3116e-21 4.19022e-21 1.57231e-21 4.4183e-21 1.77738e-21 4.60233e-21 1.94835e-21 4.75656e-21 2.09601e-21 4.88934e-21 2.22663e-21 5.00779e-21 2.34404e-21 5.11312e-21 2.45096e-21 5.21009e-21 2.54932e-21 5.29631e-21 2.64056e-21 5.37775e-21 2.72567e-21 5.45441e-21 2.80559e-21 5.5239e-21 2.8809e-21 5.591e-21 2.95223e-21 5.65331e-21 3.01995e-21 5.71324e-21 3.08452e-21 5.76837e-21 3.14621e-21 5.82351e-21 3.20526e-21 5.87386e-21 3.26198e-21
1837.33 2.14667e-20 2.14667e-20 1.21019e-32 5.63751e-13 -2.13168e-06 2.21678e-21 4.93253e-22 2.54036e-21 7.12684e-22 2.90013e-21 9.91911e-22 3.12806e-21 1.18596e-21 3.29696e-21 1.33842e-21 3.43323e-21 1.46545e-21 3.54744e-21 1.57511e-21 3.64575e-21 1.67207e-21 3.73345e-21 1.7592e-21 3.81143e-21 1.83854e-21 3.88323e-21 1.91151e-21 3.94706e-21 1.97918e-21 4.00735e-21 2.0423e-21 4.06411e-21 2.10157e-21 4.11555e-21 2.15741e-21 4.16522e-21 2.2103e-21 4.21135e-21 2.2605e-21 4.25572e-21 2.30837e-21 4.29653e-21 2.3541e-21 4.33735e-21 2.39787e-21 4.37463e-21 2.43991e-21
1931.64 1.93803e-20 1.93803e-20 9.90809e-33 5.11245e-13 -1.73759e-06 1.65708e-21 3.7645e-22 1.89653e-21 5.40506e-22 2.16269e-21 7.4843e-22 2.33128e-21 8.92613e-22 2.4562e-21 1.00578e-21 2.55698e-21 1.10001e-21 2.64144e-21 1.18132e-21 2.71414e-21 1.25319e-21 2.77899e-21 1.31776e-21 2.83666e-21 1.37654e-21 2.88975e-21 1.43059e-21 2.93694e-21 1.48072e-21 2.98152e-21 1.52747e-21 3.02349e-21 1.57135e-21 3.06152e-21 1.6127e-21 3.09825e-21 1.65186e-21 3.13236e-21 1.68903e-21 3.16516e-21 1.72446e-21 3.19534e-21 1.75831e-21 3.22552e-21 1.79071e-21 3.25308e-21 1.82183e-21
2030.79 1.76066e-20 1.76066e-20 8.10972e-33 4.60607e-13 -9.33149e-08 1.24574e-21 2.88674e-22 1.42402e-21 4.11979e-22 1.62215e-21 5.67675e-22 1.74762e-21 6.75427e-22 1.84058e-21 7.5992e-22 1.91558e-21 8.30231e-22 1.97842e-21 8.90878e-22 2.03252e-21 9.44471e-22 2.08077e-21 9.9261e-22 2.12368e-21 1.03643e-21 2.16318e-21 1.07671e-21 2.19829e-21 1.11406e-21 2.23146e-21 1.14889e-21 2.26269e-21 1.18159e-21 2.29099e-21 1.21239e-21 2.31831e-21 1.24156e-21 2.34369e-21 1.26925e-21 2.36809e-21 1.29564e-21 2.39054e-21 1.32085e-21 2.41299e-21 1.34498e-21 2.43349e-21 1.36815e-21
2135.03 1.62589e-20 1.62589e-20 6.63604e-33 4.08149e-13 2.86972e-06 9.51405e-22 2.24686e-22 1.08632e-21 3.18803e-22 1.23621e-21 4.37238e-22 1.33112e-21 5.19053e-22 1.40144e-21 5.83154e-22 1.45816e-21 6.36467e-22 1.5057e-21 6.82436e-22 1.54661e-21 7.23047e-22 1.5831e-21 7.59519e-22 1.61555e-21 7.92708e-22 1.64542e-21 8.23218e-22 1.67198e-21 8.51506e-22 1.69706e-21 8.77882e-22 1.72068e-21 9.02638e-22 1.74208e-21 9.25959e-22 1.76274e-21 9.48042e-22 1.78193e-21 9.69e-22 1.80038e-21 9.88979e-22 1.81736e-21 1.00806e-21 1.83434e-21 1.02633e-21 1.84984e-21 1.04387e-21
2244.63 1.50002e-20 1.50002e-20 5.43333e-33 3.62217e-13 6.85657e-09 7.25544e-22 1.74474e-22 8.27529e-22 2.46184e-22 9.40816e-22 3.3614e-22 1.01254e-21 3.98178e-22 1.06568e-21 4.46746e-22 1.10854e-21 4.87121e-22 1.14445e-21 5.21923e-22 1.17536e-21 5.52661e-22 1.20294e-21 5.8026e-22 1.22745e-21 6.05373e-22 1.25002e-21 6.28454e-22 1.27008e-21 6.49853e-22 1.28904e-21 6.69804e-22 1.30687e-21 6.88528e-22 1.32304e-21 7.06165e-22 1.33865e-21 7.22865e-22 1.35315e-21 7.38714e-22 1.36709e-21 7.53821e-22 1.37991e-21 7.68252e-22 1.39274e-21 7.8206e-22 1.40445e-21 7.95321e-22
2359.84 1.38237e-20 1.38237e-20 4.44796e-33 3.21764e-13 -2.56168e-06 5.52415e-22 1.35153e-22 6.29417e-22 1.8969e-22 7.14938e-22 2.57903e-22 7.69077e-22 3.04876e-22 8.09181e-22 3.41623e-22 8.41529e-22 3.72158e-22 8.68634e-22 3.9847e-22 8.91963e-22 4.21705e-22 9.12773e-22 4.42564e-22 9.31273e-22 4.6154e-22 9.48305e-22 4.7898e-22 9.63446e-22 4.95147e-22 9.77747e-22 5.10219e-22 9.91208e-22 5.24363e-22 1.00341e-21 5.37685e-22 1.01519e-21 5.50299e-22 1.02613e-21 5.62269e-22 1.03665e-21 5.73679e-22 1.04633e-21 5.84577e-22 1.056e-21 5.95005e-22 1.06484e-21 6.05019e-22
2480.97 1.27249e-20 1.27249e-20 3.64032e-33 2.8608e-13 -9.40976e-07 4.19914e-22 1.0444e-22 4.77981e-22 1.45838e-22 5.42462e-22 1.97481e-22 5.83278e-22 2.32994e-22 6.1351e-22 2.60757e-22 6.37895e-22 2.83818e-22 6.58327e-22 3.03684e-22 6.75912e-22 3.21224e-22 6.91598e-22 3.36967e-22 7.05543e-22 3.51288e-22 7.18381e-22 3.64449e-22 7.29793e-22 3.76647e-22 7.40572e-22 3.88018e-22 7.50718e-22 3.98689e-22 7.59914e-22 4.08739e-22 7.68793e-22 4.18254e-22 7.77038e-22 4.27284e-22 7.84967e-22 4.3589e-22 7.92262e-22 4.4411e-22 7.99557e-22 4.51975e-22 8.06218e-22 4.59528e-22
2608.32 1.17002e-20 1.17002e-20 2.97914e-33 2.54623e-13 2.28079e-06 3.18692e-22 8.0518e-23 3.62429e-22 1.11887e-22 4.10988e-22 1.50924e-22 4.41723e-22 1.77733e-22 4.64488e-22 1.98681e-22 4.82848e-22 2.16074e-22 4.98232e-22 2.31054e-22 5.11472e-22 2.44277e-22 5.23282e-22 2.56144e-22 5.33781e-22 2.66938e-22 5.43446e-22 2.76856e-22 5.52038e-22 2.86049e-22 5.60154e-22 2.94617e-22 5.67792e-22 3.02658e-22 5.74715e-22 3.1023e-22 5.814e-22 3.17399e-22 5.87608e-22 3.24202e-22 5.93577e-22 3.30685e-22 5.99068e-22 3.36878e-22 6.0456e-22 3.42803e-22 6.09575e-22 3.48492e-22
2742.21 1.0747e-20 1.0747e-20 2.4393e-33 2.26975e-13 3.36648e-06 2.41519e-22 6.19388e-23 2.74425e-22 8.56697e-23 3.10955e-22 1.15135e-22 3.34073e-22 1.35349e-22 3.51196e-22 1.51133e-22 3.65006e-22 1.64235e-22 3.76577e-22 1.75517e-22 3.86534e-22 1.85474e-22 3.95417e-22 1.9441e-22 4.03313e-22 2.02536e-22 4.10582e-22 2.10002e-22 4.17044e-22 2.16921e-22 4.23148e-22 2.23371e-22 4.28892e-22 2.29422e-22 4.34099e-22 2.35121e-22 4.39126e-22 2.40516e-22 4.43795e-22 2.45636e-22 4.48284e-22 2.50515e-22 4.52414e-22 2.55175e-22 4.56544e-22 2.59633e-22 4.60315e-22 2.63914e-22
2882.97 9.85962e-21 9.85962e-21 1.99674e-33 2.02517e-13 -3.07743e-07 1.8274e-22 4.75365e-23 2.07466e-22 6.54576e-23 2.34912e-22 8.76642e-23 2.5228e-22 1.02882e-22 2.65143e-22 1.14759e-22 2.75518e-22 1.24616e-22 2.84209e-22 1.33101e-22 2.91689e-22 1.40589e-22 2.98362e-22 1.47307e-22 3.04293e-22 1.53416e-22 3.09754e-22 1.59029e-22 3.14607e-22 1.64231e-22 3.19192e-22 1.69079e-22 3.23507e-22 1.73628e-22 3.27418e-22 1.77911e-22 3.31194e-22 1.81966e-22 3.34701e-22 1.85814e-22 3.38073e-22 1.89481e-22 3.41175e-22 1.92983e-22 3.44277e-22 1.96333e-22 3.4711e-22 1.99551e-22
3030.95 9.0344e-21 9.0344e-21 1.63404e-33 1.80869e-13 7.6789e-06 1.38043e-22 3.63995e-23 1.56599e-22 4.99098e-23 1.77193e-22 6.66196e-23 1.90225e-22 7.80594e-23 1.99876e-22 8.69845e-23 2.0766e-22 9.43886e-23 2.14181e-22 1.00762e-22 2.19793e-22 1.06385e-22 2.24799e-22 1.11429e-22 2.29249e-22 1.16017e-22 2.33345e-22 1.20231e-22 2.36987e-22 1.24136e-22 2.40426e-22 1.27775e-22 2.43663e-22 1.3119e-22 2.46597e-22 1.34405e-22 2.4943e-22 1.37449e-22 2.52061e-22 1.40337e-22 2.5459e-22 1.43089e-22 2.56917e-22 1.45718e-22 2.59245e-22 1.48233e-22 2.6137e-22 1.50647e-22
3186.53 8.269e-21 8.269e-21 1.33756e-33 1.61756e-13 -4.66805e-06 1.04125e-22 2.78124e-23 1.18034e-22 3.79814e-23 1.33469e-22 5.05372e-23 1.43236e-22 5.91257e-23 1.50469e-22 6.58235e-23 1.56302e-22 7.13785e-23 1.61189e-22 7.61592e-23 1.65394e-22 8.03768e-23 1.69146e-22 8.41603e-23 1.7248e-22 8.76003e-23 1.7555e-22 9.07604e-23 1.78279e-22 9.36885e-23 1.80856e-22 9.64173e-23 1.83282e-22 9.89775e-23 1.8548e-22 1.01388e-22 1.87603e-22 1.0367e-22 1.89574e-22 1.05835e-22 1.9147e-22 1.07899e-22 1.93214e-22 1.09869e-22 1.94958e-22 1.11754e-22 1.9655e-22 1.13565e-22
3350.09 7.55972e-21 7.55972e-21 1.09509e-33 1.44858e-13 -1.62348e-06 7.84228e-23 2.1206e-23 8.88361e-23 2.8848e-23 1.00391e-22 3.82691e-23 1.07702e-22 4.47081e-23 1.13116e-22 4.97279e-23 1.17483e-22 5.38903e-23 1.2114e-22 5.74719e-23 1.24288e-22 6.06313e-23 1.27096e-22 6.34653e-23 1.29592e-22 6.60418e-23 1.3189e-22 6.84085e-23 1.33932e-22 7.06015e-23 1.35861e-22 7.2645e-23 1.37677e-22 7.45622e-23 1.39322e-22 7.63674e-23 1.40911e-22 7.80762e-23 1.42387e-22 7.96974e-23 1.43805e-22 8.12424e-23 1.4511e-22 8.27179e-23 1.46416e-22 8.41294e-23 1.47608e-22 8.54847e-23
3522.05 6.90256e-21 6.90256e-21 8.96338e-34 1.29856e-13 7.14041e-06 5.89715e-23 1.61336e-23 6.67575e-23 2.18671e-23 7.53967e-23 2.89254e-23 8.08624e-23 3.37461e-23 8.49098e-23 3.7503e-23 8.81737e-23 4.06176e-23 9.09082e-23 4.32972e-23 9.32613e-23 4.56607e-23 9.53602e-23 4.77806e-23 9.72261e-23 4.97078e-23 9.89436e-23 5.14779e-23 1.0047e-22 5.31181e-23 1.01912e-22 5.46464e-23 1.0327e-22 5.60802e-23 1.045e-22 5.74302e-23 1.05687e-22 5.87081e-23 1.0679e-22 5.99204e-23 1.07851e-22 6.10758e-23 1.08826e-22 6.21791e-23 1.09802e-22 6.32346e-23 1.10693e-22 6.4248e-23
3702.84 6.29443e-21 6.29443e-21 7.33452e-34 1.16524e-13 7.0919e-06 4.42739e-23 1.2248e-23 5.00878e-23 1.65426e-23 5.65383e-23 2.18227e-23 6.0619e-23 2.54265e-23 6.36408e-23 2.82342e-23 6.60776e-23 3.05615e-23 6.81191e-23 3.25635e-23 6.98759e-23 3.43292e-23 7.14429e-23 3.59127e-23 7.28358e-23 3.73523e-23 7.4118e-23 3.86745e-23 7.52579e-23 3.98995e-23 7.63344e-23 4.1041e-23 7.73476e-23 4.21118e-23 7.82659e-23 4.31201e-23 7.91525e-23 4.40744e-23 7.99759e-23 4.49798e-23 8.07676e-23 4.58426e-23 8.14959e-23 4.66665e-23 8.22243e-23 4.74547e-23 8.28894e-23 4.82115e-23
3892.91 5.73364e-21 5.73364e-21 6.0053e-34 1.04738e-13 9.12441e-06 3.31937e-23 9.28031e-24 3.75302e-23 1.24926e-23 4.2341e-23 1.64374e-23 4.53844e-23 1.91283e-23 4.7638e-23 2.12241e-23 4.94553e-23 2.2961e-23 5.09777e-23 2.4455e-23 5.22878e-23 2.57725e-23 5.34564e-23 2.69541e-23 5.44952e-23 2.80282e-23 5.54514e-23 2.90146e-23 5.63013e-23 2.99285e-23 5.71041e-23 3.07801e-23 5.78597e-23 3.15789e-23 5.85445e-23 3.23311e-23 5.92057e-23 3.3043e-23 5.98197e-23 3.37184e-23 6.04101e-23 3.43619e-23 6.09532e-23 3.49766e-23 6.14964e-23 3.55645e-23 6.19923e-23 3.6129e-23
4092.73 5.21621e-21 5.21621e-21 4.91612e-34 9.42471e-14 -4.86081e-06 2.48481e-23 7.01721e-24 2.80783e-23 9.41622e-24 3.16617e-23 1.23591e-23 3.39286e-23 1.43655e-23 3.5607e-23 1.59278e-23 3.69606e-23 1.72223e-23 3.80945e-23 1.83357e-23 3.90702e-23 1.93175e-23 3.99405e-23 2.0198e-23 4.07142e-23 2.09983e-23 4.14264e-23 2.17332e-23 4.20594e-23 2.24142e-23 4.26573e-23 2.30486e-23 4.322e-23 2.36438e-23 4.373e-23 2.42041e-23 4.42225e-23 2.47345e-23 4.46797e-23 2.52376e-23 4.51194e-23 2.57171e-23 4.55239e-23 2.6175e-23 4.59285e-23 2.6613e-23 4.62978e-23 2.70335e-23
4302.81 4.73925e-21 4.73925e-21 4.02352e-34 8.48979e-14 1.17523e-05 1.85715e-23 5.29503e-24 2.09745e-23 7.08384e-24 2.36401e-23 9.27605e-24 2.53262e-23 1.07699e-23 2.65747e-23 1.19328e-23 2.75815e-23 1.28964e-23 2.84249e-23 1.3725e-23 2.91507e-23 1.44556e-23 2.9798e-23 1.51107e-23 3.03735e-23 1.57062e-23 3.09031e-23 1.62531e-23 3.1374e-23 1.67598e-23 3.18187e-23 1.72318e-23 3.22373e-23 1.76746e-23 3.26166e-23 1.80915e-23 3.29829e-23 1.84861e-23 3.3323e-23 1.88604e-23 3.365e-23 1.92171e-23 3.39509e-23 1.95578e-23 3.42517e-23 1.98836e-23 3.45265e-23 2.01965e-23
4523.68 4.30049e-21 4.30049e-21 3.29273e-34 7.65666e-14 -6.84525e-06 1.38594e-23 3.98761e-24 1.56447e-23 5.31942e-24 1.7625e-23 6.95013e-24 1.88776e-23 8.06085e-24 1.98051e-23 8.92537e-24 2.0553e-23 9.64154e-24 2.11795e-23 1.02574e-23 2.17187e-23 1.08004e-23 2.21996e-23 1.12872e-23 2.2627e-23 1.17298e-23 2.30205e-23 1.21362e-23 2.33703e-23 1.25126e-23 2.37006e-23 1.28634e-23 2.40116e-23 1.31924e-23 2.42933e-23 1.35022e-23 2.45654e-23 1.37954e-23 2.4818e-23 1.40735e-23 2.5061e-23 1.43385e-23 2.52845e-23 1.45916e-23 2.5508e-23 1.48337e-23 2.5712e-23 1.50662e-23
4755.88 3.89797e-21 3.89797e-21 2.69605e-34 6.91655e-14 -9.95527e-06 1.03289e-23 2.9976e-24 1.16538e-23 3.98783e-24 1.31233e-23 5.19934e-24 1.40528e-23 6.02419e-24 1.4741e-23 6.66609e-24 1.5296e-23 7.19779e-24 1.57609e-23 7.65496e-24 1.61609e-23 8.05802e-24 1.65178e-23 8.41943e-24 1.68349e-23 8.7479e-24 1.71269e-23 9.04953e-24 1.73864e-23 9.32896e-24 1.76316e-23 9.58929e-24 1.78623e-23 9.8335e-24 1.80713e-23 1.00634e-23 1.82732e-23 1.0281e-23 1.84607e-23 1.04874e-23 1.86409e-23 1.06841e-23 1.88068e-23 1.08719e-23 1.89726e-23 1.10516e-23 1.9124e-23 1.12241e-23
5000 3.52846e-21 3.52846e-21 2.20689e-34 6.25454e-14 -1.11998e-05 7.68583e-24 2.24893e-24 8.6677e-24 2.98407e-24 9.75671e-24 3.88283e-24 1.04455e-23 4.49452e-24 1.09555e-23 4.97046e-24 1.13668e-23 5.36465e-24 1.17113e-23 5.70357e-24 1.20077e-23 6.00236e-24 1.22721e-23 6.27025e-24 1.25072e-23 6.51373e-24 1.27235e-23 6.73731e-24 1.29158e-23 6.94442e-24 1.30975e-23 7.13738e-24 1.32684e-23 7.31838e-24 1.34234e-23 7.48878e-24 1.3573e-23 7.65005e-24 1.37119e-23 7.80304e-24 1.38454e-23 7.94882e-24 1.39683e-23 8.08803e-24 1.40912e-23 8.22119e-24 1.42034e-23 8.34903e-24
