# 5.3088e-05 0 127 : grain size, compostion index, size index
# Heating and cooling timescale: 0.000690617 2.46789e+06
# Ratio of heating to cooling to determine stochastic cutoff: 100
# Equilibrium emission is recorded even for those grains in the stochastic regime.
# Emission spectrum was computed for: 
# Type: IRSF
# Scales: 0.25 0.5 1 1.5 2 2.5 3 3.5 4 4.5 5 5.5 6 6.5 7 7.5 8 8.5 9 9.5 10
# StochasticallyHeated: 0 0 0 0 0 0 0 0 0 0 0 0 0 0 0 0 0 0 0 0 0
# Temperature: -1
# Wavelength  CExt  CAbs  CSca  Albedo G EqEm1 StEm1 EqEm2 StEm2 EqEm3 StEm3 EqEm4 StEm4 EqEm5 StEm5 EqEm6 StEm6 EqEm7 StEm7 EqEm8 StEm8 EqEm9 StEm9 EqEm10 StEm10 EqEm11 StEm11 EqEm12 StEm12 EqEm13 StEm13 EqEm14 StEm14 EqEm15 StEm15 EqEm16 StEm16 EqEm17 StEm17 EqEm18 StEm18 EqEm19 StEm19 EqEm20 StEm20 EqEm21 StEm21
0.05 4.89674e-09 1.8795e-09 3.01724e-09 0.616173 0.00576547 0 0 0 0 0 0 0 0 0 0 0 0 0 0 0 0 0 0 0 0 0 0 0 0 0 0 0 0 0 0 0 0 0 0 0 0 0 0 0 0 0 0
0.0525665 5.41235e-09 2.0774e-09 3.33494e-09 0.616173 0.00637255 0 0 0 0 0 0 0 0 0 0 0 0 0 0 0 0 0 0 0 0 0 0 0 0 0 0 0 0 0 0 0 0 0 0 0 0 0 0 0 0 0 0
0.0552647 5.98224e-09 2.29614e-09 3.6861e-09 0.616173 0.00704355 0 0 0 0 0 0 0 0 0 0 0 0 0 0 0 0 0 0 0 0 0 0 0 0 0 0 0 0 0 0 0 0 0 0 0 0 0 0 0 0 0 0
0.0581015 6.61214e-09 2.53792e-09 4.07422e-09 0.616173 0.0077852 0 0 0 0 0 0 0 0 0 0 0 0 0 0 0 0 0 0 0 0 0 0 0 0 0 0 0 0 0 0 0 0 0 0 0 0 0 0 0 0 0 0
0.0610839 7.30837e-09 2.80515e-09 4.50322e-09 0.616173 0.00860494 0 0 0 0 0 0 0 0 0 0 0 0 0 0 0 0 0 0 0 0 0 0 0 0 0 0 0 0 0 0 0 0 0 0 0 0 0 0 0 0 0 0
0.0642193 8.0779e-09 3.10051e-09 4.97739e-09 0.616173 0.009511 0 0 0 0 0 0 0 0 0 0 0 0 0 0 0 0 0 0 0 0 0 0 0 0 0 0 0 0 0 0 0 0 0 0 0 0 0 0 0 0 0 0
0.0675157 8.92847e-09 3.42698e-09 5.50148e-09 0.616173 0.0105125 0 0 0 0 0 0 0 0 0 0 0 0 0 0 0 0 0 0 0 0 0 0 0 0 0 0 0 0 0 0 0 0 0 0 0 0 0 0 0 0 0 0
0.0709813 9.86859e-09 3.78783e-09 6.08076e-09 0.616173 0.0116194 0 0 0 0 0 0 0 0 0 0 0 0 0 0 0 0 0 0 0 0 0 0 0 0 0 0 0 0 0 0 0 0 0 0 0 0 0 0 0 0 0 0
0.0746248 1.09077e-08 4.18667e-09 6.72104e-09 0.616173 0.0128428 0 0 0 0 0 0 0 0 0 0 0 0 0 0 0 0 0 0 0 0 0 0 0 0 0 0 0 0 0 0 0 0 0 0 0 0 0 0 0 0 0 0
0.0784553 1.20562e-08 4.6275e-09 7.42873e-09 0.616173 0.0141951 0 0 0 0 0 0 0 0 0 0 0 0 0 0 0 0 0 0 0 0 0 0 0 0 0 0 0 0 0 0 0 0 0 0 0 0 0 0 0 0 0 0
0.0824824 1.33257e-08 5.11476e-09 8.21094e-09 0.616173 0.0156898 0 0 0 0 0 0 0 0 0 0 0 0 0 0 0 0 0 0 0 0 0 0 0 0 0 0 0 0 0 0 0 0 0 0 0 0 0 0 0 0 0 0
0.0867162 1.47288e-08 5.65332e-09 9.07551e-09 0.616173 0.0173419 0 0 0 0 0 0 0 0 0 0 0 0 0 0 0 0 0 0 0 0 0 0 0 0 0 0 0 0 0 0 0 0 0 0 0 0 0 0 0 0 0 0
0.0911674 1.62797e-08 6.24858e-09 1.00311e-08 0.616173 0.0191679 0 0 0 0 0 0 0 0 0 0 0 0 0 0 0 0 0 0 0 0 0 0 0 0 0 0 0 0 0 0 0 0 0 0 0 0 0 0 0 0 0 0
0.095847 1.79939e-08 6.90653e-09 1.10874e-08 0.616173 0.0211862 0 0 0 0 0 0 0 0 0 0 0 0 0 0 0 0 0 0 0 0 0 0 0 0 0 0 0 0 0 0 0 0 0 0 0 0 0 0 0 0 0 0
0.100767 1.95791e-08 7.57235e-09 1.20068e-08 0.613244 0.0235692 0 0 0 0 0 0 0 0 0 0 0 0 0 0 0 0 0 0 0 0 0 0 0 0 0 0 0 0 0 0 0 0 0 0 0 0 0 0 0 0 0 0
0.105939 1.9555e-08 7.88804e-09 1.16669e-08 0.596622 0.0256046 0 0 0 0 0 0 0 0 0 0 0 0 0 0 0 0 0 0 0 0 0 0 0 0 0 0 0 0 0 0 0 0 0 0 0 0 0 0 0 0 0 0
0.111377 1.95847e-08 7.97923e-09 1.16055e-08 0.592579 0.0289403 0 0 0 0 0 0 0 0 0 0 0 0 0 0 0 0 0 0 0 0 0 0 0 0 0 0 0 0 0 0 0 0 0 0 0 0 0 0 0 0 0 0
0.117094 1.95677e-08 8.2491e-09 1.13186e-08 0.578432 0.0274507 0 0 0 0 0 0 0 0 0 0 0 0 0 0 0 0 0 0 0 0 0 0 0 0 0 0 0 0 0 0 0 0 0 0 0 0 0 0 0 0 0 0
0.123105 1.95916e-08 8.58175e-09 1.10098e-08 0.561967 0.0236555 0 0 0 0 0 0 0 0 0 0 0 0 0 0 0 0 0 0 0 0 0 0 0 0 0 0 0 0 0 0 0 0 0 0 0 0 0 0 0 0 0 0
0.129424 1.96386e-08 8.85468e-09 1.0784e-08 0.549119 0.0199126 0 0 0 0 0 0 0 0 0 0 0 0 0 0 0 0 0 0 0 0 0 0 0 0 0 0 0 0 0 0 0 0 0 0 0 0 0 0 0 0 0 0
0.136067 1.96869e-08 9.08246e-09 1.06045e-08 0.538655 0.0168557 0 0 0 0 0 0 0 0 0 0 0 0 0 0 0 0 0 0 0 0 0 0 0 0 0 0 0 0 0 0 0 0 0 0 0 0 0 0 0 0 0 0
0.143051 1.97233e-08 9.27834e-09 1.0445e-08 0.529575 0.0143876 0 0 0 0 0 0 0 0 0 0 0 0 0 0 0 0 0 0 0 0 0 0 0 0 0 0 0 0 0 0 0 0 0 0 0 0 0 0 0 0 0 0
0.150394 1.97307e-08 9.43701e-09 1.02937e-08 0.521711 0.0122986 0 0 0 0 0 0 0 0 0 0 0 0 0 0 0 0 0 0 0 0 0 0 0 0 0 0 0 0 0 0 0 0 0 0 0 0 0 0 0 0 0 0
0.158114 1.96803e-08 9.52666e-09 1.01537e-08 0.51593 0.01055 0 0 0 0 0 0 0 0 0 0 0 0 0 0 0 0 0 0 0 0 0 0 0 0 0 0 0 0 0 0 0 0 0 0 0 0 0 0 0 0 0 0
0.16623 1.95616e-08 9.49513e-09 1.00665e-08 0.514604 0.00908216 0 0 0 0 0 0 0 0 0 0 0 0 0 0 0 0 0 0 0 0 0 0 0 0 0 0 0 0 0 0 0 0 0 0 0 0 0 0 0 0 0 0
0.174762 1.94483e-08 9.32383e-09 1.01244e-08 0.520583 0.00782097 0 0 0 0 0 0 0 0 0 0 0 0 0 0 0 0 0 0 0 0 0 0 0 0 0 0 0 0 0 0 0 0 0 0 0 0 0 0 0 0 0 0
0.183733 1.9462e-08 9.01071e-09 1.04513e-08 0.53701 0.00667218 0 0 0 0 0 0 0 0 0 0 0 0 0 0 0 0 0 0 0 0 0 0 0 0 0 0 0 0 0 0 0 0 0 0 0 0 0 0 0 0 0 0
0.193164 1.96996e-08 8.55961e-09 1.114e-08 0.565493 0.00556038 0 0 0 0 0 0 0 0 0 0 0 0 0 0 0 0 0 0 0 0 0 0 0 0 0 0 0 0 0 0 0 0 0 0 0 0 0 0 0 0 0 0
0.203079 2.01203e-08 8.08036e-09 1.20399e-08 0.598397 0.00446034 0 0 0 0 0 0 0 0 0 0 0 0 0 0 0 0 0 0 0 0 0 0 0 0 0 0 0 0 0 0 0 0 0 0 0 0 0 0 0 0 0 0
0.213503 2.06348e-08 7.71949e-09 1.29153e-08 0.625899 0.00342932 0 0 0 0 0 0 0 0 0 0 0 0 0 0 0 0 0 0 0 0 0 0 0 0 0 0 0 0 0 0 0 0 0 0 0 0 0 0 0 0 0 0
0.224463 2.11577e-08 7.55032e-09 1.36074e-08 0.643141 0.00254317 0 0 0 0 0 0 0 0 0 0 0 0 0 0 0 0 0 0 0 0 0 0 0 0 0 0 0 0 0 0 0 0 0 0 0 0 0 0 0 0 0 0
0.235984 2.1575e-08 7.52214e-09 1.40528e-08 0.651349 0.00182186 0 0 0 0 0 0 0 0 0 0 0 0 0 0 0 0 0 0 0 0 0 0 0 0 0 0 0 0 0 0 0 0 0 0 0 0 0 0 0 0 0 0
0.248097 2.17817e-08 7.5462e-09 1.42355e-08 0.653554 0.00138916 0 0 0 0 0 0 0 0 0 0 0 0 0 0 0 0 0 0 0 0 0 0 0 0 0 0 0 0 0 0 0 0 0 0 0 0 0 0 0 0 0 0
0.260832 2.17451e-08 7.60617e-09 1.4139e-08 0.650213 0.00141961 0 0 0 0 0 0 0 0 0 0 0 0 0 0 0 0 0 0 0 0 0 0 0 0 0 0 0 0 0 0 0 0 0 0 0 0 0 0 0 0 0 0
0.274221 2.1553e-08 7.75626e-09 1.37968e-08 0.640131 0.00187131 0 0 0 0 0 0 0 0 0 0 0 0 0 0 0 0 0 0 0 0 0 0 0 0 0 0 0 0 0 0 0 0 0 0 0 0 0 0 0 0 0 0
0.288297 2.13683e-08 8.02555e-09 1.33427e-08 0.624418 0.00251556 0 0 0 0 0 0 0 0 0 0 0 0 0 0 0 0 0 0 0 0 0 0 0 0 0 0 0 0 0 0 0 0 0 0 0 0 0 0 0 0 0 0
0.303095 2.1289e-08 8.35494e-09 1.29341e-08 0.607547 0.0028362 0 0 0 0 0 0 0 0 0 0 0 0 0 0 0 0 0 0 0 0 0 0 0 0 0 0 0 0 0 0 0 0 0 0 0 0 0 0 0 0 0 0
0.318653 2.13055e-08 8.66895e-09 1.26365e-08 0.593112 0.00297223 0 0 0 0 0 0 0 0 0 0 0 0 0 0 0 0 0 0 0 0 0 0 0 0 0 0 0 0 0 0 0 0 0 0 0 0 0 0 0 0 0 0
0.335009 2.13779e-08 8.93383e-09 1.24441e-08 0.5821 0.00293231 0 0 0 0 0 0 0 0 0 0 0 0 0 0 0 0 0 0 0 0 0 0 0 0 0 0 0 0 0 0 0 0 0 0 0 0 0 0 0 0 0 0
0.352205 2.1479e-08 9.14365e-09 1.23353e-08 0.574298 0.00278811 0 0 0 0 0 0 0 0 0 0 0 0 0 0 0 0 0 0 0 0 0 0 0 0 0 0 0 0 0 0 0 0 0 0 0 0 0 0 0 0 0 0
0.370284 2.15952e-08 9.30569e-09 1.22895e-08 0.569086 0.00261033 0 0 0 0 0 0 0 0 0 0 0 0 0 0 0 0 0 0 0 0 0 0 0 0 0 0 0 0 0 0 0 0 0 0 0 0 0 0 0 0 0 0
0.389291 2.17177e-08 9.43067e-09 1.2287e-08 0.565761 0.00243645 0 0 0 0 0 0 0 0 0 0 0 0 0 0 0 0 0 0 0 0 0 0 0 0 0 0 0 0 0 0 0 0 0 0 0 0 0 0 0 0 0 0
0.409273 2.18446e-08 9.53258e-09 1.2312e-08 0.563619 0.00226652 0 0 0 0 0 0 0 0 0 0 0 0 0 0 0 0 0 0 0 0 0 0 0 0 0 0 0 0 0 0 0 0 0 0 0 0 0 0 0 0 0 0
0.430281 2.19706e-08 9.62165e-09 1.23489e-08 0.562067 0.00210471 0 0 0 0 0 0 0 0 0 0 0 0 0 0 0 0 0 0 0 0 0 0 0 0 0 0 0 0 0 0 0 0 0 0 0 0 0 0 0 0 0 0
0.452368 2.20969e-08 9.70934e-09 1.23875e-08 0.560601 0.00193723 0 0 0 0 0 0 0 0 0 0 0 0 0 0 0 0 0 0 0 0 0 0 0 0 0 0 0 0 0 0 0 0 0 0 0 0 0 0 0 0 0 0
0.475588 2.22232e-08 9.79851e-09 1.24247e-08 0.559087 0.00177642 0 0 0 0 0 0 0 0 0 0 0 0 0 0 0 0 0 0 0 0 0 0 0 0 0 0 0 0 0 0 0 0 0 0 0 0 0 0 0 0 0 0
0.5 2.23516e-08 9.89272e-09 1.24589e-08 0.557405 0.00162159 0 0 0 0 0 0 0 0 0 0 0 0 0 0 0 0 0 0 0 0 0 0 0 0 0 0 0 0 0 0 0 0 0 0 0 0 0 0 0 0 0 0
0.525665 2.24843e-08 9.99371e-09 1.24906e-08 0.555525 0.0014751 0 0 0 0 0 0 0 0 0 0 0 0 0 0 0 0 0 0 0 0 0 0 0 0 0 0 0 0 0 0 0 0 0 0 0 0 0 0 0 0 0 0
0.552648 2.26186e-08 1.00968e-08 1.25217e-08 0.553604 0.00134175 0 0 0 0 0 0 0 0 0 0 0 0 0 0 0 0 0 0 0 0 0 0 0 0 0 0 0 0 0 0 0 0 0 0 0 0 0 0 0 0 0 0
0.581015 2.27615e-08 1.02037e-08 1.25578e-08 0.551713 0.00121775 0 0 0 0 0 0 0 0 0 0 0 0 0 0 0 0 0 0 0 0 0 0 0 0 0 0 0 0 0 0 0 0 0 0 0 0 0 0 0 0 0 0
0.610839 2.29103e-08 1.03134e-08 1.25969e-08 0.549835 0.00110516 0 0 0 0 0 0 0 0 0 0 0 0 0 0 0 0 0 0 0 0 0 0 0 0 0 0 0 0 0 0 0 0 0 0 0 0 0 0 0 0 0 0
0.642193 2.30582e-08 1.04172e-08 1.2641e-08 0.548223 0.00100302 0 0 0 0 0 0 0 0 0 0 0 0 0 0 0 0 0 0 0 0 0 0 0 0 0 0 0 0 0 0 0 0 0 0 0 0 0 0 0 0 0 0
0.675157 2.32144e-08 1.05182e-08 1.26962e-08 0.546909 0.000910957 0 0 0 0 0 0 0 0 0 0 0 0 0 0 0 0 0 0 0 0 0 0 0 0 0 0 0 0 0 0 0 0 0 0 0 0 0 0 0 0 0 0
0.709813 2.33802e-08 1.06223e-08 1.27579e-08 0.545671 0.00082817 0 0 0 0 0 0 0 0 0 0 0 0 0 0 0 0 0 0 0 0 0 0 0 0 0 0 0 0 0 0 0 0 0 0 0 0 0 0 0 0 0 0
0.746248 2.35465e-08 1.07228e-08 1.28237e-08 0.544612 0.000754183 0 0 0 0 0 0 0 0 0 0 0 0 0 0 0 0 0 0 0 0 0 0 0 0 0 0 0 0 0 0 0 0 0 0 0 0 0 0 0 0 0 0
0.784553 2.37069e-08 1.08085e-08 1.28985e-08 0.54408 0.000686995 0 0 0 0 0 0 0 0 0 0 0 0 0 0 0 0 0 0 0 0 0 0 0 0 0 0 0 0 0 0 0 0 0 0 0 0 0 0 0 0 0 0
0.824824 2.38752e-08 1.08889e-08 1.29863e-08 0.543925 0.000626788 0 0 0 0 0 0 0 0 0 0 0 0 0 0 0 0 0 0 0 0 0 0 0 0 0 0 0 0 0 0 0 0 0 0 0 0 0 0 0 0 0 0
0.867162 2.4059e-08 1.09775e-08 1.30816e-08 0.543727 0.000572518 0 0 0 0 0 0 0 0 0 0 0 0 0 0 0 0 0 0 0 0 0 0 0 0 0 0 0 0 0 0 0 0 0 0 0 0 0 0 0 0 0 0
0.911674 2.4241e-08 1.10674e-08 1.31735e-08 0.543441 0.000523427 0 0 0 0 0 0 0 0 0 0 0 0 0 0 0 0 0 0 0 0 0 0 0 0 0 0 0 0 0 0 0 0 0 0 0 0 0 0 0 0 0 0
0.95847 2.44002e-08 1.11385e-08 1.32618e-08 0.543511 0.00047944 0 0 0 0 0 0 0 0 0 0 0 0 0 0 0 0 0 0 0 0 0 0 0 0 0 0 0 0 0 0 0 0 0 0 0 0 0 0 0 0 0 0
1.00767 2.45469e-08 1.1188e-08 1.33589e-08 0.544221 0.0004395 0 0 0 0 0 0 0 0 0 0 0 0 0 0 0 0 0 0 0 0 0 0 0 0 0 0 0 0 0 0 0 0 0 0 0 0 0 0 0 0 0 0
1.05939 2.47142e-08 1.12394e-08 1.34748e-08 0.545225 0.000403275 0 0 0 0 0 0 0 0 0 0 0 0 0 0 0 0 0 0 0 0 0 0 0 0 0 0 0 0 0 0 0 0 0 0 0 0 0 0 0 0 0 0
1.11377 2.49135e-08 1.13155e-08 1.3598e-08 0.545808 0.000370298 0 0 0 0 0 0 0 0 0 0 0 0 0 0 0 0 0 0 0 0 0 0 0 0 0 0 0 0 0 0 0 0 0 0 0 0 0 0 0 0 0 0
1.17094 2.5113e-08 1.14075e-08 1.37055e-08 0.545752 0.000339515 0 0 0 0 0 0 0 0 0 0 0 0 0 0 0 0 0 0 0 0 0 0 0 0 0 0 0 0 0 0 0 0 0 0 0 0 0 0 0 0 0 0
1.23105 2.52703e-08 1.14867e-08 1.37837e-08 0.545449 0.000311294 0 0 0 0 0 0 0 0 0 0 0 0 0 0 0 0 0 0 0 0 0 0 0 0 0 0 0 0 0 0 0 0 0 0 0 0 0 0 0 0 0 0
1.29424 2.53704e-08 1.15252e-08 1.38452e-08 0.545724 0.000285362 0 0 0 0 0 0 0 0 0 0 0 0 0 0 0 0 0 0 0 0 0 0 0 0 0 0 0 0 0 0 0 0 0 0 0 0 0 0 0 0 0 0
1.36067 2.54475e-08 1.1531e-08 1.39165e-08 0.546871 0.000261742 0 0 0 0 0 0 0 0 0 0 0 0 0 0 0 0 0 0 0 0 0 0 0 0 0 0 0 0 0 0 0 0 0 0 0 0 0 0 0 0 0 0
1.43051 2.55615e-08 1.15388e-08 1.40227e-08 0.548586 0.000240209 0 0 0 0 0 0 0 0 0 0 0 0 0 0 0 0 0 0 0 0 0 0 0 0 0 0 0 0 0 0 0 0 0 0 0 0 0 0 0 0 0 0
1.50394 2.5746e-08 1.1587e-08 1.4159e-08 0.549949 0.000220279 0 0 0 0 0 0 0 0 0 0 0 0 0 0 0 0 0 0 0 0 0 0 0 0 0 0 0 0 0 0 0 0 0 0 0 0 0 0 0 0 0 0
1.58114 2.59852e-08 1.16882e-08 1.42969e-08 0.550196 0.000201732 0 0 0 0 0 0 0 0 0 0 0 0 0 0 0 0 0 0 0 0 0 0 0 0 0 0 0 0 0 0 0 0 0 0 0 0 0 0 0 0 0 0
1.6623 2.62205e-08 1.18254e-08 1.43951e-08 0.549002 0.000184534 0 0 0 0 0 0 0 0 0 0 0 0 0 0 0 0 0 0 0 0 0 0 0 0 0 0 0 0 0 0 0 0 0 0 0 0 0 0 0 0 0 0
1.74763 2.63845e-08 1.19601e-08 1.44244e-08 0.5467 0.000169005 0 0 0 0 0 0 0 0 0 0 0 0 0 0 0 0 0 0 0 0 0 0 0 0 0 0 0 0 0 0 0 0 0 0 0 0 0 0 0 0 0 0
1.83733 2.64271e-08 1.20497e-08 1.43774e-08 0.544041 0.000154804 0 0 0 0 0 0 0 0 0 0 0 0 0 0 0 0 0 0 0 0 0 0 0 0 0 0 0 0 0 0 0 0 0 0 0 0 0 0 0 0 0 0
1.93164 2.63492e-08 1.20714e-08 1.42778e-08 0.541868 0.000141793 0 0 0 0 0 0 0 0 0 0 0 0 0 0 0 0 0 0 0 0 0 0 0 0 0 0 0 0 0 0 0 0 0 0 0 0 0 0 0 0 0 0
2.03079 2.62015e-08 1.20318e-08 1.41697e-08 0.540797 0.000129725 0 0 0 0 0 0 0 0 0 0 0 0 0 0 0 0 0 0 0 0 0 0 0 0 0 0 0 0 0 0 0 0 0 0 0 0 0 0 0 0 0 0
2.13503 2.60671e-08 1.19629e-08 1.41042e-08 0.541073 0.000118657 0 0 0 0 0 0 0 0 0 0 0 0 0 0 0 0 0 0 0 0 0 0 0 0 0 0 0 0 0 0 0 0 0 0 0 0 0 0 0 0 0 0
2.24463 2.60212e-08 1.19109e-08 1.41103e-08 0.54226 0.000108569 0 0 0 0 0 0 0 0 0 0 0 0 0 0 0 0 0 0 0 0 0 0 0 0 0 0 0 0 0 0 0 0 0 0 0 0 0 0 0 0 0 0
2.35984 2.61139e-08 1.19169e-08 1.4197e-08 0.543657 9.92926e-05 0 0 0 0 0 0 0 0 0 0 0 0 0 0 0 0 0 0 0 0 0 0 0 0 0 0 0 0 0 0 0 0 0 0 0 0 0 0 0 0 0 0
2.48097 2.63554e-08 1.2007e-08 1.43483e-08 0.544418 9.07218e-05 0 0 0 0 0 0 0 0 0 0 0 0 0 0 0 0 0 0 0 0 0 0 0 0 0 0 0 0 0 0 0 0 0 0 0 0 0 0 0 0 0 0
2.60832 2.67194e-08 1.21886e-08 1.45308e-08 0.543831 8.27967e-05 0 0 0 0 0 0 0 0 0 0 0 0 0 0 0 0 0 0 0 0 0 0 0 0 0 0 0 0 0 0 0 0 0 0 0 0 0 0 0 0 0 0
2.74221 2.71598e-08 1.24551e-08 1.47047e-08 0.541414 7.55862e-05 0 0 0 0 0 0 0 0 0 0 0 0 0 0 0 0 0 0 0 0 0 0 0 0 0 0 0 0 0 0 0 0 0 0 0 0 0 0 0 0 0 0
2.88297 2.76135e-08 1.27838e-08 1.48296e-08 0.537043 6.90729e-05 0 0 0 0 0 0 0 0 0 0 0 0 0 0 0 0 0 0 0 0 0 0 0 0 0 0 0 0 0 0 0 0 0 0 0 0 0 0 0 0 0 0
3.03095 2.80101e-08 1.3143e-08 1.48671e-08 0.530778 6.31538e-05 0 0 0 0 0 0 0 0 0 0 0 0 0 0 0 0 0 0 0 0 0 0 0 0 0 0 0 0 0 0 0 0 0 0 0 0 0 0 0 0 0 0
3.18653 2.82705e-08 1.34899e-08 1.47806e-08 0.522827 5.76567e-05 0 0 0 0 0 0 0 0 0 0 0 0 0 0 0 0 0 0 0 0 0 0 0 0 0 0 0 0 0 0 0 0 0 0 0 0 0 0 0 0 0 0
3.35009 2.83172e-08 1.37784e-08 1.45387e-08 0.513424 5.2603e-05 0 0 0 0 0 0 0 0 0 0 0 0 0 0 0 0 0 0 0 0 0 0 0 0 0 0 0 0 0 0 0 0 0 0 0 0 0 0 0 0 0 0
3.52205 2.80653e-08 1.3957e-08 1.41083e-08 0.502694 4.80102e-05 0 0 0 0 0 0 0 0 0 0 0 0 0 0 0 0 0 0 0 0 0 0 0 0 0 0 0 0 0 0 0 0 0 0 0 0 0 0 0 0 0 0
3.70284 2.74491e-08 1.39853e-08 1.34638e-08 0.490501 4.38066e-05 0 0 0 0 0 0 0 0 0 0 0 0 0 0 0 0 0 0 0 0 0 0 0 0 0 0 0 0 0 0 0 0 0 0 0 0 0 0 0 0 0 0
3.89291 2.64354e-08 1.38423e-08 1.2593e-08 0.47637 3.9926e-05 0 0 0 0 0 0 0 0 0 0 0 0 0 0 0 0 0 0 0 0 0 0 0 0 0 0 0 0 0 0 0 0 0 0 0 0 0 0 0 0 0 0
4.09273 2.50445e-08 1.35397e-08 1.15048e-08 0.459374 3.62643e-05 0 0 0 0 0 0 0 0 0 0 0 0 0 0 0 0 0 0 0 0 0 0 0 0 0 0 0 0 0 0 0 0 0 0 0 0 0 0 0 0 0 0
4.30281 2.33818e-08 1.31282e-08 1.02536e-08 0.438527 3.29535e-05 0 0 0 0 0 0 0 0 0 0 0 0 0 0 0 0 0 0 0 0 0 0 0 0 0 0 0 0 0 0 0 0 0 0 0 0 0 0 0 0 0 0
4.52368 2.15941e-08 1.26792e-08 8.91487e-09 0.412839 2.99416e-05 0 0 0 0 0 0 0 0 0 0 0 0 0 0 0 0 0 0 0 0 0 0 0 0 0 0 0 0 0 0 0 0 0 0 0 0 0 0 0 0 0 0
4.75588 1.98342e-08 1.22535e-08 7.58073e-09 0.382205 2.71796e-05 0 0 0 0 0 0 0 0 0 0 0 0 0 0 0 0 0 0 0 0 0 0 0 0 0 0 0 0 0 0 0 0 0 0 0 0 0 0 0 0 0 0
5 1.81933e-08 1.1866e-08 6.32728e-09 0.347781 2.45398e-05 0 0 0 0 0 0 0 0 0 0 0 0 0 0 0 0 0 0 0 0 0 0 0 0 0 0 0 0 0 0 0 0 0 0 0 0 0 0 0 0 0 0
5.25665 1.66768e-08 1.14748e-08 5.20198e-09 0.311929 2.21678e-05 0 0 0 0 0 0 0 0 0 0 0 0 0 0 0 0 0 0 0 0 0 0 0 0 0 0 0 0 0 0 0 0 0 0 0 0 0 0 0 0 1.4013e-45 0
5.52648 1.52183e-08 1.09937e-08 4.22469e-09 0.277605 2.00489e-05 0 0 0 0 0 0 0 0 0 0 0 0 0 0 0 0 0 0 0 0 0 0 0 0 0 0 0 0 0 0 1.4013e-45 0 2.8026e-45 0 1.12104e-44 0 3.36312e-44 0 9.80909e-44 0 2.5924e-43 0
5.81015 1.37284e-08 1.03325e-08 3.39594e-09 0.247366 1.8115e-05 0 0 0 0 0 0 0 0 0 0 0 0 0 0 0 0 0 0 0 0 0 0 0 0 2.8026e-45 0 9.80909e-45 0 4.34403e-44 0 1.61149e-43 0 5.40901e-43 0 1.71659e-42 0 4.82187e-42 0 1.32717e-41 0 3.33831e-41 0
6.10839 1.21588e-08 9.45107e-09 2.70773e-09 0.222697 1.63023e-05 0 0 0 0 0 0 0 0 0 0 0 0 0 0 0 0 0 0 1.4013e-45 0 1.12104e-44 0 6.72623e-44 0 3.41917e-43 0 1.49939e-42 0 5.84482e-42 0 2.04197e-41 0 6.43827e-41 0 1.93204e-40 0 5.16017e-40 0 1.35175e-39 0 3.25041e-39 0
6.42193 1.04805e-08 8.34131e-09 2.13923e-09 0.204114 1.48144e-05 0 0 0 0 0 0 0 0 0 0 0 0 0 0 1.4013e-45 0 2.38221e-44 0 2.07392e-43 0 1.47837e-42 0 8.38677e-42 0 3.95446e-41 0 1.6121e-40 0 5.87997e-40 0 1.93273e-39 0 5.76167e-39 0 1.63866e-38 0 4.17165e-38 0 1.04261e-37 0 2.40192e-37 0
6.75157 8.86222e-09 7.17407e-09 1.68816e-09 0.190489 1.32279e-05 0 0 0 0 0 0 0 0 0 0 0 0 1.4013e-44 0 2.49431e-43 0 2.93152e-42 0 2.349e-41 0 1.52234e-40 0 7.93199e-40 0 3.46755e-39 0 1.31984e-38 0 4.51928e-38 0 1.40163e-37 0 3.96141e-37 0 1.0706e-36 0 2.60394e-36 0 6.22332e-36 0 1.37646e-35 0
7.09813 7.36079e-09 6.02988e-09 1.33091e-09 0.180811 1.18448e-05 0 0 0 0 0 0 0 0 1.4013e-45 0 6.30584e-44 0 1.71799e-42 0 2.69035e-41 0 2.79736e-40 0 2.02478e-39 0 1.19776e-38 0 5.75755e-38 0 2.34207e-37 0 8.35133e-37 0 2.6928e-36 0 7.90259e-36 0 2.12302e-35 0 5.46576e-35 0 1.27294e-34 0 2.91558e-34 0 6.20347e-34 0
7.46248 6.04424e-09 4.99347e-09 1.05077e-09 0.173846 1.05694e-05 0 0 0 0 0 0 0 0 1.26117e-43 0 6.94203e-42 0 1.62385e-40 0 2.22315e-39 0 2.06187e-38 0 1.35494e-37 0 7.34886e-37 0 3.27188e-36 0 1.24282e-35 0 4.16491e-35 0 1.26832e-34 0 3.53156e-34 0 9.0406e-34 0 2.2225e-33 0 4.96677e-33 0 1.09249e-32 0 2.24036e-32 0
7.84553 4.93785e-09 4.10578e-09 8.32064e-10 0.168507 9.34187e-06 0 0 0 0 0 0 7.70714e-44 0 1.31932e-41 0 5.9565e-40 0 1.19451e-38 0 1.43922e-37 0 1.19727e-36 0 7.17679e-36 0 3.58408e-35 0 1.48351e-34 0 5.2796e-34 0 1.66785e-33 0 4.81026e-33 0 1.27406e-32 0 3.11523e-32 0 7.32929e-32 0 1.57486e-31 0 3.33328e-31 0 6.59999e-31 0
8.24824 4.03367e-09 3.37246e-09 6.61208e-10 0.163922 8.19911e-06 0 0 0 0 5.60519e-45 0 8.10091e-42 0 1.07226e-39 0 4.01953e-38 0 6.96298e-37 0 7.42944e-36 0 5.57315e-35 0 3.06102e-34 0 1.41323e-33 0 5.45763e-33 0 1.82557e-32 0 5.4521e-32 0 1.49319e-31 0 3.77124e-31 0 8.82725e-31 0 1.99184e-30 0 4.12305e-30 0 8.41296e-30 0 1.61115e-29 0
8.67162 3.30667e-09 2.77931e-09 5.27358e-10 0.159483 7.20916e-06 0 0 0 0 6.474e-43 0 6.61919e-40 0 6.90207e-38 0 2.16776e-36 0 3.26706e-35 0 3.10541e-34 0 2.11123e-33 0 1.06704e-32 0 4.57186e-32 0 1.65286e-31 0 5.21226e-31 0 1.47568e-30 0 3.84752e-30 0 9.28762e-30 0 2.08551e-29 0 4.52259e-29 0 9.03489e-29 0 1.78046e-28 0 3.30324e-28 0
9.11674 2.72637e-09 2.30434e-09 4.22024e-10 0.154793 6.32492e-06 0 0 0 0 5.89708e-41 0 4.29458e-38 0 3.56911e-36 0 9.4733e-35 0 1.25062e-33 0 1.06497e-32 0 6.59346e-32 0 3.07897e-31 0 1.22875e-30 0 4.17211e-30 0 1.24392e-29 0 3.34728e-29 0 8.32839e-29 0 1.92574e-28 0 4.15676e-28 0 8.67991e-28 0 1.6764e-27 0 3.19597e-27 0 5.75317e-27 0
9.5847 2.2637e-09 1.92497e-09 3.38732e-10 0.149637 5.52644e-06 0 0 3.50325e-44 0 4.24638e-39 0 2.24156e-36 0 1.50129e-34 0 3.39534e-33 0 3.95179e-32 0 3.03104e-31 0 1.71675e-30 0 7.43571e-30 0 2.77354e-29 0 8.87168e-29 0 2.50772e-28 0 6.42968e-28 0 1.53014e-27 0 3.39621e-27 0 7.06049e-27 0 1.42228e-26 0 2.66005e-26 0 4.91397e-26 0 8.59551e-26 0
10.0767 1.89434e-09 1.62173e-09 2.72611e-10 0.143908 4.78203e-06 0 0 3.64478e-42 0 2.45058e-37 0 9.52524e-35 0 5.19568e-33 0 1.0091e-31 0 1.04184e-30 0 7.23433e-30 0 3.76482e-29 0 1.51802e-28 0 5.30978e-28 0 1.60469e-27 0 4.31155e-27 0 1.05579e-26 0 2.40844e-26 0 5.14154e-26 0 1.03137e-25 0 2.00777e-25 0 3.64204e-25 0 6.52941e-25 0 1.11137e-24 0
10.5939 1.59712e-09 1.37733e-09 2.19794e-10 0.137618 4.06995e-06 1.4013e-45 0 2.93168e-40 0 1.14574e-35 0 3.32859e-33 0 1.49359e-31 0 2.5097e-30 0 2.312e-29 0 1.46048e-28 0 7.01241e-28 0 2.64141e-27 0 8.69128e-27 0 2.48857e-26 0 6.37137e-26 0 1.49344e-25 0 3.27234e-25 0 6.73186e-25 0 1.30526e-24 0 2.45964e-24 0 4.33386e-24 0 7.55136e-24 0 1.25236e-23 0
11.1377 1.35382e-09 1.1765e-09 1.77324e-10 0.13098 3.40803e-06 2.38221e-43 0 1.87642e-38 0 4.37625e-34 0 9.63857e-32 0 3.59192e-30 0 5.25883e-29 0 4.34682e-28 0 2.50955e-27 0 1.11609e-26 0 3.94046e-26 0 1.22332e-25 0 3.32737e-25 0 8.13674e-25 0 1.82954e-24 0 3.85816e-24 0 7.66235e-24 0 1.43841e-23 0 2.62799e-23 0 4.50417e-23 0 7.63822e-23 0 1.23586e-22 0
11.7094 1.20074e-09 1.0555e-09 1.45242e-10 0.12096 2.82232e-06 2.22008e-41 0 1.00931e-36 0 1.4406e-32 0 2.43817e-30 0 7.61483e-29 0 9.77946e-28 0 7.29142e-27 0 3.86421e-26 0 1.5978e-25 0 5.30421e-25 0 1.55809e-24 0 4.03586e-24 0 9.44768e-24 0 2.04191e-23 0 4.15196e-23 0 7.97418e-23 0 1.45162e-22 0 2.57522e-22 0 4.29914e-22 0 7.10492e-22 0 1.12288e-21 0
12.3105 1.01566e-09 8.98733e-10 1.16922e-10 0.11512 2.20615e-06 1.54757e-39 0 4.16786e-35 0 3.72901e-31 0 4.91257e-29 0 1.29698e-27 0 1.47048e-26 0 9.93933e-26 0 4.85562e-25 0 1.8733e-24 0 5.86495e-24 0 1.63452e-23 0 4.04157e-23 0 9.0762e-23 0 1.88918e-22 0 3.71058e-22 0 6.90298e-22 0 1.2204e-21 0 2.10527e-21 0 3.42774e-21 0 5.52756e-21 0 8.54286e-21 0
12.9424 8.83907e-10 7.89073e-10 9.48343e-11 0.10729 1.60871e-06 8.86239e-38 0 1.45047e-33 0 8.32248e-30 0 8.63921e-28 0 1.94397e-26 0 1.95762e-25 0 1.20534e-24 0 5.44955e-24 0 1.96832e-23 0 5.82844e-23 0 1.54506e-22 0 3.65519e-22 0 7.89059e-22 0 1.58466e-21 0 3.01154e-21 0 5.43527e-21 0 9.34554e-21 0 1.56981e-20 0 2.49581e-20 0 3.93193e-20 0 5.94901e-20 0
13.6067 7.76162e-10 6.99096e-10 7.7066e-11 0.0992911 1.1081e-06 4.1256e-36 0 4.2044e-32 0 1.58099e-28 0 1.30831e-26 0 2.52875e-25 0 2.27496e-24 0 1.28177e-23 0 5.3836e-23 0 1.82632e-22 0 5.12879e-22 0 1.29639e-21 0 2.94064e-21 0 6.11399e-21 0 1.18677e-20 0 2.18577e-20 0 3.8328e-20 0 6.41811e-20 0 1.05112e-19 0 1.63375e-19 0 2.51734e-19 0 3.73251e-19 0
14.3051 6.86699e-10 6.24016e-10 6.26829e-11 0.0912814 6.74396e-07 1.57527e-34 0 1.02299e-30 0 2.57361e-27 0 1.71668e-25 0 2.87136e-24 0 2.32045e-23 0 1.20158e-22 0 4.70526e-22 0 1.50379e-21 0 4.01541e-21 0 9.70035e-21 0 2.11411e-20 0 4.24121e-20 0 7.97016e-20 0 1.42481e-19 0 2.43086e-19 0 3.96935e-19 0 6.34606e-19 0 9.65353e-19 0 1.45638e-18 0 2.11827e-18 0
15.0394 6.11961e-10 5.60934e-10 5.10273e-11 0.0833833 2.84373e-07 4.98111e-33 0 2.10719e-29 0 3.61691e-26 0 1.96528e-24 0 2.86477e-23 0 2.09059e-22 0 9.99032e-22 0 3.65987e-21 0 1.10518e-20 0 2.81287e-20 0 6.50887e-20 0 1.36561e-19 0 2.64805e-19 0 4.82532e-19 0 8.3849e-19 0 1.39371e-18 0 2.22196e-18 0 3.47194e-18 0 5.17438e-18 0 7.65117e-18 0 1.09267e-17 0
15.8114 5.49135e-10 5.07555e-10 4.15799e-11 0.0757189 -8.11128e-08 1.3163e-31 0 3.70406e-28 0 4.41962e-25 0 1.97586e-23 0 2.52702e-22 0 1.67357e-21 0 7.40947e-21 0 2.54766e-20 0 7.2891e-20 0 1.77249e-19 0 3.93686e-19 0 7.96633e-19 0 1.4956e-18 0 2.64663e-18 0 4.4766e-18 0 7.25855e-18 0 1.13115e-17 0 1.72939e-17 0 2.52767e-17 0 3.66687e-17 0 5.14639e-17 0
16.623 4.95939e-10 4.62037e-10 3.39025e-11 0.0683601 -4.4917e-07 2.9319e-30 0 5.59837e-27 0 4.72663e-24 0 1.75528e-22 0 1.98224e-21 0 1.19703e-20 0 4.92835e-20 0 1.5954e-19 0 4.33623e-19 0 1.00967e-18 0 2.15688e-18 0 4.21685e-18 0 7.67696e-18 0 1.32119e-17 0 2.17809e-17 0 3.44928e-17 0 5.26009e-17 0 7.87705e-17 0 1.13017e-16 0 1.61001e-16 0 2.22254e-16 0
17.4762 4.50705e-10 4.23039e-10 2.7665e-11 0.0613818 -8.02956e-07 5.55072e-29 0 7.32951e-26 0 4.4533e-23 0 1.38622e-21 0 1.39072e-20 0 7.69236e-20 0 2.95563e-19 0 9.03461e-19 0 2.33857e-18 0 5.22512e-18 0 1.07559e-17 0 2.03514e-17 0 3.59825e-17 0 6.03052e-17 0 9.70209e-17 0 1.50235e-16 0 2.24434e-16 0 3.29531e-16 0 4.64537e-16 0 6.50435e-16 0 8.83867e-16 0
18.3733 4.11925e-10 3.89338e-10 2.25861e-11 0.0548307 -1.13801e-06 9.00046e-28 0 8.36802e-25 0 3.71811e-22 0 9.78522e-21 0 8.77173e-20 0 4.46311e-19 0 1.60578e-18 0 4.64785e-18 0 1.14849e-17 0 2.46732e-17 0 4.90306e-17 0 8.99276e-17 0 1.54635e-16 0 2.52709e-16 0 3.97236e-16 0 6.02118e-16 0 8.8204e-16 0 1.27102e-15 0 1.76196e-15 0 2.42684e-15 0 3.24879e-15 0
19.3164 3.78531e-10 3.60079e-10 1.84517e-11 0.0487455 -1.47999e-06 1.25938e-26 0 8.38664e-24 0 2.76705e-21 0 6.20758e-20 0 4.99956e-19 0 2.34956e-18 0 7.9412e-18 0 2.18232e-17 0 5.15953e-17 0 1.06781e-16 0 2.05199e-16 0 3.65376e-16 0 6.1187e-16 0 9.76244e-16 0 1.50105e-15 0 2.22951e-15 0 3.20569e-15 0 4.53772e-15 0 6.19094e-15 0 8.39486e-15 0 1.10792e-14 0
20.3079 3.49579e-10 3.34498e-10 1.50809e-11 0.0431403 -1.86705e-06 1.53131e-25 0 7.42407e-23 0 1.84549e-20 0 3.55681e-19 0 2.58723e-18 0 1.1274e-17 0 3.59049e-17 0 9.39182e-17 0 2.12911e-16 0 4.25265e-16 0 7.91571e-16 0 1.37031e-15 0 2.23773e-15 0 3.48979e-15 0 5.2543e-15 0 7.65492e-15 0 1.08131e-14 0 1.50487e-14 0 2.02223e-14 0 2.70166e-14 0 3.51758e-14 0
21.3503 3.2432e-10 3.11989e-10 1.23314e-11 0.0380222 -2.15061e-06 1.62885e-24 0 5.83902e-22 0 1.1088e-19 0 1.84955e-18 0 1.22114e-17 0 4.95218e-17 0 1.49042e-16 0 3.71978e-16 0 8.10234e-16 0 1.5646e-15 0 2.82526e-15 0 4.7616e-15 0 7.59174e-15 0 1.15854e-14 0 1.70982e-14 0 2.44566e-14 0 3.3969e-14 0 4.65182e-14 0 6.16153e-14 0 8.11608e-14 0 1.04319e-13 0
22.4463 3.02152e-10 2.92065e-10 1.00871e-11 0.0333843 -2.37695e-06 1.52538e-23 0 4.10315e-21 0 6.03091e-19 0 8.76845e-18 0 5.27959e-17 0 1.99961e-16 0 5.70292e-16 0 1.36117e-15 0 2.85429e-15 0 5.33748e-15 0 9.36399e-15 0 1.53846e-14 0 2.39764e-14 0 3.58419e-14 0 5.19012e-14 0 7.29514e-14 0 9.97136e-14 0 1.34471e-13 0 1.75684e-13 0 2.28323e-13 0 2.89896e-13 0
23.5984 2.82588e-10 2.74333e-10 8.25576e-12 0.0292148 -2.58374e-06 1.26529e-22 0 2.59001e-20 0 2.98368e-18 0 3.80655e-17 0 2.09963e-16 0 7.45163e-16 0 2.0192e-15 0 4.619e-15 0 9.34185e-15 0 1.69433e-14 0 2.89204e-14 0 4.63771e-14 0 7.07281e-14 0 1.03675e-13 0 1.47438e-13 0 2.0382e-13 0 2.74373e-13 0 3.64648e-13 0 4.70231e-13 0 6.0335e-13 0 7.57183e-13 0
24.8097 2.65189e-10 2.5843e-10 6.75985e-12 0.0254907 -2.86643e-06 9.34922e-22 0 1.47587e-19 0 1.3485e-17 0 1.5193e-16 0 7.70983e-16 0 2.57214e-15 0 6.63875e-15 0 1.45851e-14 0 2.85009e-14 0 5.02112e-14 0 8.34967e-14 0 1.30844e-13 0 1.95476e-13 0 2.81234e-13 0 3.9313e-13 0 5.34943e-13 0 7.09738e-13 0 9.3025e-13 0 1.1848e-12 0 1.50182e-12 0 1.86395e-12 0
26.0832 2.49601e-10 2.44066e-10 5.53591e-12 0.022179 -3.05466e-06 6.18699e-21 0 7.62823e-19 0 5.59104e-17 0 5.59669e-16 0 2.62357e-15 0 8.2527e-15 0 2.03368e-14 0 4.29947e-14 0 8.1313e-14 0 1.39346e-13 0 2.26037e-13 0 3.46528e-13 0 5.07653e-13 0 7.17509e-13 0 9.86719e-13 0 1.32262e-12 0 1.73073e-12 0 2.23869e-12 0 2.8178e-12 0 3.53066e-12 0 4.33601e-12 0
27.4221 2.35547e-10 2.31011e-10 4.53608e-12 0.0192576 -3.20272e-06 3.68601e-20 0 3.59263e-18 0 2.13511e-16 0 1.90991e-15 0 8.30264e-15 0 2.46956e-14 0 5.82347e-14 0 1.18697e-13 0 2.17607e-13 0 3.63234e-13 0 5.75458e-13 0 8.64e-13 0 1.24235e-12 0 1.72651e-12 0 2.33765e-12 0 3.08893e-12 0 3.98934e-12 0 5.09576e-12 0 6.3423e-12 0 7.85977e-12 0 9.55627e-12 0
28.8297 2.2278e-10 2.19063e-10 3.71777e-12 0.016688 -3.26258e-06 1.98668e-19 0 1.54838e-17 0 7.53829e-16 0 6.05907e-15 0 2.4516e-14 0 6.91414e-14 0 1.56355e-13 0 3.07801e-13 0 5.47837e-13 0 8.91867e-13 0 1.38156e-12 0 2.03355e-12 0 2.87266e-12 0 3.92853e-12 0 5.24101e-12 0 6.83178e-12 0 8.71371e-12 0 1.09982e-11 0 1.35431e-11 0 1.66086e-11 0 2.00017e-11 0
30.3095 2.11097e-10 2.08049e-10 3.04796e-12 0.0144387 -3.28645e-06 9.73215e-19 0 6.13194e-17 0 2.46949e-15 0 1.79286e-14 0 6.77566e-14 0 1.81659e-13 0 3.94754e-13 0 7.51838e-13 0 1.30101e-12 0 2.06822e-12 0 3.13608e-12 0 4.52974e-12 0 6.29185e-12 0 8.47397e-12 0 1.1147e-11 0 1.43436e-11 0 1.80787e-11 0 2.25605e-11 0 2.75e-11 0 3.33903e-11 0 3.98486e-11 0
31.8653 2.00332e-10 1.97832e-10 2.49974e-12 0.012478 -3.23407e-06 4.35241e-18 0 2.24009e-16 0 7.53202e-15 0 4.96383e-14 0 1.75805e-13 0 4.49184e-13 0 9.39804e-13 0 1.7345e-12 0 2.92215e-12 0 4.54139e-12 0 6.74766e-12 0 9.57288e-12 0 1.30852e-11 0 1.7369e-11 0 2.25442e-11 0 2.86541e-11 0 3.571e-11 0 4.40833e-11 0 5.32182e-11 0 6.40078e-11 0 7.57314e-11 0
33.5009 1.90333e-10 1.88283e-10 2.05072e-12 0.0107744 -3.17253e-06 1.78443e-17 0 7.57652e-16 0 2.14575e-14 0 1.28974e-13 0 4.29439e-13 0 1.0481e-12 0 2.11526e-12 0 3.78884e-12 0 6.22264e-12 0 9.46481e-12 0 1.37937e-11 0 1.92377e-11 0 2.58979e-11 0 3.39043e-11 0 4.34494e-11 0 5.45822e-11 0 6.72955e-11 0 8.22249e-11 0 9.8355e-11 0 1.17234e-10 0 1.37573e-10 0
35.2205 1.80981e-10 1.79298e-10 1.68285e-12 0.00929851 -2.99477e-06 6.73355e-17 0 2.38085e-15 0 5.7272e-14 0 3.15381e-13 0 9.90214e-13 0 2.31373e-12 0 4.51214e-12 0 7.85535e-12 0 1.25926e-11 0 1.87654e-11 0 2.68498e-11 0 3.68435e-11 0 4.88841e-11 0 6.31605e-11 0 7.99678e-11 0 9.93449e-11 0 1.21239e-10 0 1.46693e-10 0 1.73942e-10 0 2.05561e-10 0 2.39345e-10 0
37.0284 1.72179e-10 1.70797e-10 1.38134e-12 0.00802273 -2.81568e-06 2.34763e-16 0 6.97449e-15 0 1.43644e-13 0 7.27792e-13 0 2.16093e-12 0 4.84426e-12 0 9.14399e-12 0 1.5494e-11 0 2.4272e-11 0 3.54724e-11 0 4.98743e-11 0 6.73888e-11 0 8.81858e-11 0 1.12524e-10 0 1.40835e-10 0 1.73117e-10 0 2.09224e-10 0 2.50807e-10 0 2.94932e-10 0 3.45713e-10 0 3.99553e-10 0
38.9291 1.63836e-10 1.62702e-10 1.13413e-12 0.00692236 -2.57283e-06 7.58925e-16 0 1.9106e-14 0 3.3947e-13 0 1.58897e-12 0 4.47375e-12 0 9.64144e-12 0 1.76433e-11 0 2.91356e-11 0 4.46528e-11 0 6.40603e-11 0 8.85828e-11 0 1.17945e-10 0 1.5233e-10 0 1.92072e-10 0 2.37778e-10 0 2.89351e-10 0 3.46481e-10 0 4.11684e-10 0 4.80297e-10 0 5.58644e-10 0 6.41098e-10 0
40.9273 1.55892e-10 1.5496e-10 9.31323e-13 0.00597417 -2.31134e-06 2.28282e-15 0 4.90956e-14 0 7.57986e-13 0 3.29038e-12 0 8.80754e-12 0 1.82828e-11 0 3.24838e-11 0 5.23451e-11 0 7.85683e-11 0 1.10748e-10 0 1.50738e-10 0 1.97917e-10 0 2.52444e-10 0 3.14722e-10 0 3.85575e-10 0 4.64729e-10 0 5.51613e-10 0 6.49924e-10 0 7.52557e-10 0 8.68882e-10 0 9.90446e-10 0
43.0281 1.48281e-10 1.47516e-10 7.64946e-13 0.00515877 -1.96729e-06 6.40976e-15 0 1.18673e-13 0 1.60301e-12 0 6.47728e-12 0 1.65243e-11 0 3.30998e-11 0 5.71823e-11 0 9.00231e-11 0 1.32469e-10 0 1.83621e-10 0 2.46192e-10 0 3.18977e-10 0 4.02052e-10 0 4.95871e-10 0 6.01513e-10 0 7.18417e-10 0 8.45623e-10 0 9.88388e-10 0 1.13631e-09 0 1.30277e-09 0 1.47558e-09 0
45.2368 1.40953e-10 1.40325e-10 6.28435e-13 0.00445847 -1.58386e-06 1.68519e-14 0 2.70565e-13 0 3.21854e-12 0 1.2148e-11 0 2.96058e-11 0 5.73257e-11 0 9.64256e-11 0 1.48478e-10 0 2.14403e-10 0 2.92494e-10 0 3.8659e-10 0 4.94587e-10 0 6.16393e-10 0 7.52484e-10 0 9.04229e-10 0 1.07064e-09 0 1.25022e-09 0 1.45021e-09 0 1.65593e-09 0 1.88589e-09 0 2.12309e-09 0
47.5588 1.3389e-10 1.33373e-10 5.16381e-13 0.00385677 -9.5563e-07 4.16131e-14 0 5.83433e-13 0 6.14996e-12 0 2.17548e-11 0 5.07619e-11 0 9.51698e-11 0 1.56069e-10 0 2.35306e-10 0 3.33742e-10 0 4.48447e-10 0 5.84696e-10 0 7.39093e-10 0 9.11268e-10 0 1.10168e-09 0 1.31202e-09 0 1.54072e-09 0 1.78559e-09 0 2.05626e-09 0 2.33279e-09 0 2.63994e-09 0 2.95484e-09 0
50 1.2705e-10 1.26626e-10 4.24338e-13 0.00333992 -3.42364e-07 9.67784e-14 0 1.19275e-12 0 1.1207e-11 0 3.72721e-11 0 8.34451e-11 0 1.51717e-10 0 2.42864e-10 0 3.58901e-10 0 5.00429e-10 0 6.62793e-10 0 8.53045e-10 0 1.06604e-09 0 1.301e-09 0 1.55835e-09 0 1.84012e-09 0 2.14399e-09 0 2.4669e-09 0 2.82134e-09 0 3.18111e-09 0 3.57827e-09 0 3.98313e-09 0
52.5665 1.20424e-10 1.20075e-10 3.4877e-13 0.00289619 3.3123e-07 2.12569e-13 0 2.31748e-12 0 1.95188e-11 0 6.12161e-11 0 1.31763e-10 0 2.32676e-10 0 3.64002e-10 0 5.27756e-10 0 7.24024e-10 0 9.45867e-10 0 1.20247e-09 0 1.48644e-09 0 1.79652e-09 0 2.13299e-09 0 2.49831e-09 0 2.88924e-09 0 3.3017e-09 0 3.75141e-09 0 4.20507e-09 0 4.70298e-09 0 5.20778e-09 0
55.2648 1.13987e-10 1.13701e-10 2.86661e-13 0.00251485 9.40075e-07 4.42064e-13 0 4.28889e-12 0 3.25536e-11 0 9.65549e-11 0 2.00192e-10 0 3.43833e-10 0 5.26273e-10 0 7.49315e-10 0 1.01223e-09 0 1.30524e-09 0 1.64e-09 0 2.00642e-09 0 2.40264e-09 0 2.82884e-09 0 3.28786e-09 0 3.77544e-09 0 4.28639e-09 0 4.83997e-09 0 5.39511e-09 0 6.00107e-09 0 6.6122e-09 0
58.1015 1.07739e-10 1.07503e-10 2.35635e-13 0.00218709 1.47083e-06 8.72625e-13 0 7.57713e-12 0 5.20932e-11 0 1.46522e-10 0 2.93167e-10 0 4.90396e-10 0 7.35165e-10 0 1.02884e-09 0 1.36957e-09 0 1.74423e-09 0 2.16729e-09 0 2.62556e-09 0 3.1165e-09 0 3.64019e-09 0 4.19992e-09 0 4.79031e-09 0 5.40502e-09 0 6.06698e-09 0 6.72712e-09 0 7.44391e-09 0 8.16324e-09 0
61.0839 1.01668e-10 1.01474e-10 1.93702e-13 0.00190524 1.90194e-06 1.63882e-12 0 1.2805e-11 0 8.01265e-11 0 2.14275e-10 0 4.14454e-10 0 6.76083e-10 0 9.93696e-10 0 1.36801e-09 0 1.79582e-09 0 2.26024e-09 0 2.77884e-09 0 3.33504e-09 0 3.92566e-09 0 4.55068e-09 0 5.21389e-09 0 5.90876e-09 0 6.62783e-09 0 7.39772e-09 0 8.16141e-09 0 8.98651e-09 0 9.81064e-09 0
64.2193 9.57801e-11 9.56209e-11 1.5923e-13 0.00166246 2.23813e-06 2.93497e-12 0 2.07424e-11 0 1.18679e-10 0 3.02489e-10 0 5.66537e-10 0 9.02352e-10 0 1.30156e-09 0 1.76409e-09 0 2.28521e-09 0 2.84409e-09 0 3.46157e-09 0 4.11759e-09 0 4.80837e-09 0 5.53389e-09 0 6.29843e-09 0 7.0944e-09 0 7.91328e-09 0 8.78525e-09 0 9.64583e-09 0 1.05712e-08 0 1.14914e-08 0
67.5157 9.00754e-11 8.99446e-11 1.30879e-13 0.00145299 2.45994e-06 5.02318e-12 0 3.22678e-11 0 1.6955e-10 0 4.12855e-10 0 7.49914e-10 0 1.16759e-09 0 1.65429e-09 0 2.20914e-09 0 2.8258e-09 0 3.47953e-09 0 4.19456e-09 0 4.94741e-09 0 5.73385e-09 0 6.55392e-09 0 7.41243e-09 0 8.30085e-09 0 9.20978e-09 0 1.01726e-08 0 1.11183e-08 0 1.21306e-08 0 1.3133e-08 0
70.9813 8.45605e-11 8.44529e-11 1.0758e-13 0.00127222 2.59306e-06 8.23326e-12 0 4.82973e-11 0 2.34032e-10 0 5.45637e-10 0 9.62639e-10 0 1.46675e-09 0 2.04311e-09 0 2.69012e-09 0 3.39995e-09 0 4.1442e-09 0 4.95047e-09 0 5.79215e-09 0 6.66474e-09 0 7.56843e-09 0 8.50859e-09 0 9.47593e-09 0 1.04604e-08 0 1.14981e-08 0 1.25127e-08 0 1.35941e-08 0 1.46605e-08 0
74.6248 7.92378e-11 7.91493e-11 8.8425e-14 0.00111595 2.64385e-06 1.29491e-11 0 6.96748e-11 0 3.12584e-10 0 6.99277e-10 0 1.19998e-09 0 1.79118e-09 0 2.45499e-09 0 3.18933e-09 0 3.98508e-09 0 4.81074e-09 0 5.69707e-09 0 6.61483e-09 0 7.55944e-09 0 8.53139e-09 0 9.53659e-09 0 1.05652e-08 0 1.16068e-08 0 1.26995e-08 0 1.37633e-08 0 1.48925e-08 0 1.60019e-08 0
78.4553 7.41144e-11 7.40418e-11 7.26797e-14 0.000980642 2.62444e-06 1.95802e-11 0 9.70449e-11 0 4.04611e-10 0 8.70262e-10 0 1.45454e-09 0 2.12913e-09 0 2.87365e-09 0 3.68586e-09 0 4.55573e-09 0 5.44935e-09 0 6.40035e-09 0 7.3775e-09 0 8.37635e-09 0 9.39778e-09 0 1.04482e-08 0 1.15175e-08 0 1.25952e-08 0 1.37208e-08 0 1.4812e-08 0 1.59659e-08 0 1.70953e-08 0
82.4824 6.91931e-11 6.91334e-11 5.97309e-14 0.00086325 2.53124e-06 2.8516e-11 0 1.30709e-10 0 5.08275e-10 0 1.05312e-09 0 1.71659e-09 0 2.46643e-09 0 3.28056e-09 0 4.15701e-09 0 5.08528e-09 0 6.0299e-09 0 7.02692e-09 0 8.04386e-09 0 9.07663e-09 0 1.01266e-08 0 1.12005e-08 0 1.22885e-08 0 1.33799e-08 0 1.45151e-08 0 1.56113e-08 0 1.67662e-08 0 1.78927e-08 0
86.7162 6.44818e-11 6.44328e-11 4.90843e-14 0.000761212 2.35108e-06 4.00714e-11 0 1.70518e-10 0 6.20544e-10 0 1.24082e-09 0 1.97491e-09 0 2.78788e-09 0 3.6569e-09 0 4.58073e-09 0 5.54885e-09 0 6.52521e-09 0 7.54769e-09 0 8.58336e-09 0 9.62864e-09 0 1.06854e-08 0 1.17609e-08 0 1.28452e-08 0 1.39285e-08 0 1.50505e-08 0 1.613e-08 0 1.72634e-08 0 1.83653e-08 0
91.1674 5.99831e-11 5.99428e-11 4.03285e-14 0.00067233 2.12537e-06 5.44226e-11 0 2.1578e-10 0 7.37278e-10 0 1.42523e-09 0 2.21758e-09 0 3.07827e-09 0 3.98478e-09 0 4.93699e-09 0 5.92485e-09 0 6.91264e-09 0 7.93943e-09 0 8.97259e-09 0 1.00092e-08 0 1.10518e-08 0 1.21076e-08 0 1.31675e-08 0 1.42219e-08 0 1.531e-08 0 1.63532e-08 0 1.74448e-08 0 1.85028e-08 0
95.847 5.57009e-11 5.56678e-11 3.31307e-14 0.000594797 1.89022e-06 7.15537e-11 0 2.65252e-10 0 8.53569e-10 0 1.59783e-09 0 2.43314e-09 0 3.32396e-09 0 4.24909e-09 0 5.20987e-09 0 6.19713e-09 0 7.17636e-09 0 8.18708e-09 0 9.19771e-09 0 1.02061e-08 0 1.12151e-08 0 1.22324e-08 0 1.32493e-08 0 1.42571e-08 0 1.52933e-08 0 1.62833e-08 0 1.73162e-08 0 1.83142e-08 0
100.767 5.16336e-11 5.16064e-11 2.72094e-14 0.00052697 1.6551e-06 9.12096e-11 0 3.1717e-10 0 9.64067e-10 0 1.75035e-09 0 2.61135e-09 0 3.51367e-09 0 4.43829e-09 0 5.38821e-09 0 6.35551e-09 0 7.30758e-09 0 8.28371e-09 0 9.25396e-09 0 1.0217e-08 0 1.1176e-08 0 1.21387e-08 0 1.30972e-08 0 1.40437e-08 0 1.50135e-08 0 1.59372e-08 0 1.6898e-08 0 1.78239e-08 0
105.939 4.77896e-11 4.77672e-11 2.23497e-14 0.000467668 1.37427e-06 1.12906e-10 0 3.69449e-10 0 1.06371e-09 0 1.87595e-09 0 2.74478e-09 0 3.6403e-09 0 4.54639e-09 0 5.46778e-09 0 6.39798e-09 0 7.30688e-09 0 8.23286e-09 0 9.14809e-09 0 1.0052e-08 0 1.09481e-08 0 1.18439e-08 0 1.27325e-08 0 1.36069e-08 0 1.44999e-08 0 1.5348e-08 0 1.62277e-08 0 1.70731e-08 0
111.377 4.41574e-11 4.4139e-11 1.835e-14 0.000415559 1.10267e-06 1.35892e-10 0 4.1967e-10 0 1.14759e-09 0 1.96877e-09 0 2.8278e-09 0 3.69937e-09 0 4.57067e-09 0 5.44811e-09 0 6.32675e-09 0 7.17936e-09 0 8.0428e-09 0 8.89166e-09 0 9.72603e-09 0 1.05497e-08 0 1.137e-08 0 1.21807e-08 0 1.29759e-08 0 1.37856e-08 0 1.45523e-08 0 1.53455e-08 0 1.6106e-08 0
117.094 4.07405e-11 4.07254e-11 1.5064e-14 0.000369754 8.33532e-07 1.59262e-10 0 4.65522e-10 0 1.2121e-09 0 2.02559e-09 0 2.85874e-09 0 3.69151e-09 0 4.51457e-09 0 5.33584e-09 0 6.1519e-09 0 6.93863e-09 0 7.73084e-09 0 8.50576e-09 0 9.26404e-09 0 1.00096e-08 0 1.07494e-08 0 1.14781e-08 0 1.21907e-08 0 1.29141e-08 0 1.35974e-08 0 1.43025e-08 0 1.49769e-08 0
123.105 3.75356e-11 3.75232e-11 1.23662e-14 0.000329452 5.82899e-07 1.81992e-10 0 5.04855e-10 0 1.2547e-09 0 2.04517e-09 0 2.83864e-09 0 3.62057e-09 0 4.38506e-09 0 5.14129e-09 0 5.88725e-09 0 6.60197e-09 0 7.31782e-09 0 8.01472e-09 0 8.6938e-09 0 9.35897e-09 0 1.00167e-08 0 1.06625e-08 0 1.12922e-08 0 1.19298e-08 0 1.25305e-08 0 1.31489e-08 0 1.3739e-08 0
129.424 3.45324e-11 3.45223e-11 1.0147e-14 0.000293841 3.6334e-07 2.02999e-10 0 5.35819e-10 0 1.27402e-09 0 2.02809e-09 0 2.77072e-09 0 3.49279e-09 0 4.19157e-09 0 4.87713e-09 0 5.54874e-09 0 6.18848e-09 0 6.826e-09 0 7.44386e-09 0 8.04353e-09 0 8.62883e-09 0 9.20571e-09 0 9.77046e-09 0 1.03196e-08 0 1.08742e-08 0 1.13955e-08 0 1.19309e-08 0 1.24409e-08 0
136.067 3.17305e-11 3.17221e-11 8.32675e-15 0.000262421 1.7447e-07 2.21322e-10 0 5.57219e-10 0 1.27037e-09 0 1.97736e-09 0 2.66116e-09 0 3.31764e-09 0 3.94683e-09 0 4.55934e-09 0 5.15549e-09 0 5.72024e-09 0 6.28036e-09 0 6.82091e-09 0 7.34359e-09 0 7.85204e-09 0 8.35164e-09 0 8.83938e-09 0 9.3124e-09 0 9.78901e-09 0 1.0236e-08 0 1.06942e-08 0 1.11297e-08 0
143.051 2.91197e-11 2.91128e-11 6.83111e-15 0.000234587 1.30088e-08 2.36102e-10 0 5.6833e-10 0 1.24501e-09 0 1.89704e-09 0 2.51698e-09 0 3.10504e-09 0 3.66355e-09 0 4.20327e-09 0 4.72538e-09 0 5.21743e-09 0 5.70327e-09 0 6.17027e-09 0 6.62025e-09 0 7.05661e-09 0 7.48414e-09 0 7.90042e-09 0 8.30317e-09 0 8.70807e-09 0 9.08699e-09 0 9.4747e-09 0 9.84255e-09 0
150.394 2.66937e-11 2.66881e-11 5.60346e-15 0.000209917 -1.27557e-07 2.46725e-10 0 5.69102e-10 0 1.20037e-09 0 1.79244e-09 0 2.34634e-09 0 2.86583e-09 0 3.355e-09 0 3.82446e-09 0 4.27599e-09 0 4.69947e-09 0 5.11584e-09 0 5.51459e-09 0 5.89753e-09 0 6.26778e-09 0 6.62957e-09 0 6.98098e-09 0 7.3202e-09 0 7.66051e-09 0 7.97838e-09 0 8.30302e-09 0 8.61052e-09 0
158.114 2.44441e-11 2.44395e-11 4.59584e-15 0.000188015 -2.26762e-07 2.52826e-10 0 5.60023e-10 0 1.13954e-09 0 1.66933e-09 0 2.15746e-09 0 2.61041e-09 0 3.03348e-09 0 3.43689e-09 0 3.82279e-09 0 4.18307e-09 0 4.53591e-09 0 4.87264e-09 0 5.19502e-09 0 5.50586e-09 0 5.80884e-09 0 6.10244e-09 0 6.38527e-09 0 6.66845e-09 0 6.93247e-09 0 7.20167e-09 0 7.45624e-09 0
166.23 2.2362e-11 2.23583e-11 3.76895e-15 0.000168543 -3.29291e-07 2.54305e-10 0 5.42052e-10 0 1.06603e-09 0 1.5336e-09 0 1.95823e-09 0 2.34833e-09 0 2.70993e-09 0 3.05263e-09 0 3.37881e-09 0 3.68203e-09 0 3.9779e-09 0 4.25933e-09 0 4.528e-09 0 4.78638e-09 0 5.03763e-09 0 5.28059e-09 0 5.51417e-09 0 5.74762e-09 0 5.9649e-09 0 6.1861e-09 0 6.39497e-09 0
174.763 2.04373e-11 2.04342e-11 3.09011e-15 0.0001512 -4.22877e-07 2.51306e-10 0 5.16469e-10 0 9.8346e-10 0 1.39074e-09 0 1.75565e-09 0 2.08773e-09 0 2.39337e-09 0 2.68138e-09 0 2.95421e-09 0 3.20683e-09 0 3.45247e-09 0 3.68542e-09 0 3.9072e-09 0 4.11998e-09 0 4.32643e-09 0 4.52568e-09 0 4.71688e-09 0 4.90765e-09 0 5.08493e-09 0 5.26514e-09 0 5.43507e-09 0
183.733 1.8662e-11 1.86594e-11 2.53309e-15 0.000135735 -4.92039e-07 2.4422e-10 0 4.8484e-10 0 8.95442e-10 0 1.2459e-09 0 1.55591e-09 0 1.83555e-09 0 2.09122e-09 0 2.33086e-09 0 2.55686e-09 0 2.76535e-09 0 2.96742e-09 0 3.1585e-09 0 3.33997e-09 0 3.51369e-09 0 3.68189e-09 0 3.84393e-09 0 3.99915e-09 0 4.15378e-09 0 4.29727e-09 0 4.44293e-09 0 4.58011e-09 0
193.164 1.70279e-11 1.70258e-11 2.07635e-15 0.000121938 -5.39364e-07 2.3361e-10 0 4.48817e-10 0 8.05282e-10 0 1.1034e-09 0 1.36399e-09 0 1.59711e-09 0 1.80891e-09 0 2.00646e-09 0 2.19199e-09 0 2.36255e-09 0 2.52737e-09 0 2.68281e-09 0 2.83009e-09 0 2.97078e-09 0 3.10676e-09 0 3.23751e-09 0 3.36258e-09 0 3.48698e-09 0 3.60226e-09 0 3.71914e-09 0 3.82909e-09 0
203.079 1.55264e-11 1.55247e-11 1.70198e-15 0.000109619 -5.85724e-07 2.20146e-10 0 4.10015e-10 0 7.15816e-10 0 9.6672e-10 0 1.18359e-09 0 1.37611e-09 0 1.55001e-09 0 1.71145e-09 0 1.86249e-09 0 2.0009e-09 0 2.13427e-09 0 2.25975e-09 0 2.37838e-09 0 2.49148e-09 0 2.60061e-09 0 2.70537e-09 0 2.80544e-09 0 2.90483e-09 0 2.99682e-09 0 3.08998e-09 0 3.17752e-09 0
213.503 1.4146e-11 1.41446e-11 1.39463e-15 9.85877e-05 -6.05336e-07 2.04509e-10 0 3.69858e-10 0 6.29236e-10 0 8.38262e-10 0 1.01706e-09 0 1.17463e-09 0 1.31619e-09 0 1.44705e-09 0 1.56905e-09 0 1.68049e-09 0 1.78762e-09 0 1.88817e-09 0 1.98304e-09 0 2.07333e-09 0 2.1603e-09 0 2.24368e-09 0 2.3232e-09 0 2.4021e-09 0 2.47503e-09 0 2.54882e-09 0 2.61807e-09 0
224.463 1.28823e-11 1.28812e-11 1.14298e-15 8.87246e-05 -6.38683e-07 1.87476e-10 0 3.29755e-10 0 5.47487e-10 0 7.20024e-10 0 8.66173e-10 0 9.94109e-10 0 1.10847e-09 0 1.21376e-09 0 1.3116e-09 0 1.40072e-09 0 1.48619e-09 0 1.56624e-09 0 1.64163e-09 0 1.71326e-09 0 1.78216e-09 0 1.84811e-09 0 1.91094e-09 0 1.9732e-09 0 2.0307e-09 0 2.0888e-09 0 2.14329e-09 0
235.984 1.17228e-11 1.17219e-11 9.36448e-16 7.98826e-05 -6.56459e-07 1.69666e-10 0 2.90688e-10 0 4.71641e-10 0 6.12794e-10 0 7.31275e-10 0 8.34345e-10 0 9.26049e-10 0 1.01017e-09 0 1.08809e-09 0 1.15889e-09 0 1.22663e-09 0 1.28996e-09 0 1.3495e-09 0 1.40598e-09 0 1.46024e-09 0 1.51211e-09 0 1.56146e-09 0 1.61032e-09 0 1.65539e-09 0 1.7009e-09 0 1.74354e-09 0
248.097 1.06638e-11 1.0663e-11 7.67163e-16 7.19412e-05 -6.80426e-07 1.51743e-10 0 2.53607e-10 0 4.02641e-10 0 5.17199e-10 0 6.12548e-10 0 6.95014e-10 0 7.68069e-10 0 8.34851e-10 0 8.96535e-10 0 9.52453e-10 0 1.00584e-09 0 1.05567e-09 0 1.10244e-09 0 1.14674e-09 0 1.18924e-09 0 1.22983e-09 0 1.26841e-09 0 1.30656e-09 0 1.34172e-09 0 1.37719e-09 0 1.41041e-09 0
260.832 9.69438e-12 9.69375e-12 6.28443e-16 6.48256e-05 -6.75331e-07 1.34168e-10 0 2.19042e-10 0 3.40724e-10 0 4.32986e-10 0 5.09175e-10 0 5.74717e-10 0 6.32548e-10 0 6.85244e-10 0 7.33791e-10 0 7.77703e-10 0 8.19551e-10 0 8.58539e-10 0 8.95082e-10 0 9.29656e-10 0 9.62781e-10 0 9.94383e-10 0 1.02439e-09 0 1.05404e-09 0 1.08134e-09 0 1.10887e-09 0 1.13462e-09 0
274.221 8.80995e-12 8.80943e-12 5.14801e-16 5.8434e-05 -6.79421e-07 1.17379e-10 0 1.87446e-10 0 2.86015e-10 0 3.59806e-10 0 4.203e-10 0 4.72082e-10 0 5.17603e-10 0 5.58961e-10 0 5.96969e-10 0 6.3128e-10 0 6.63922e-10 0 6.94285e-10 0 7.22707e-10 0 7.49565e-10 0 7.75271e-10 0 7.99769e-10 0 8.23011e-10 0 8.45956e-10 0 8.6707e-10 0 8.8834e-10 0 9.08225e-10 0
288.297 8.00296e-12 8.00254e-12 4.21698e-16 5.26927e-05 -6.73336e-07 1.01664e-10 0 1.59005e-10 0 2.38262e-10 0 2.96898e-10 0 3.44646e-10 0 3.85329e-10 0 4.20971e-10 0 4.53267e-10 0 4.82881e-10 0 5.09564e-10 0 5.34908e-10 0 5.58451e-10 0 5.80461e-10 0 6.01237e-10 0 6.21102e-10 0 6.40017e-10 0 6.57947e-10 0 6.75634e-10 0 6.91899e-10 0 7.08272e-10 0 7.23572e-10 0
303.095 7.26698e-12 7.26664e-12 3.45375e-16 4.75267e-05 -6.48052e-07 8.72211e-11 0 1.33766e-10 0 1.97057e-10 0 2.4337e-10 0 2.80849e-10 0 3.12648e-10 0 3.40419e-10 0 3.6552e-10 0 3.88489e-10 0 4.09151e-10 0 4.28746e-10 0 4.46925e-10 0 4.63902e-10 0 4.79911e-10 0 4.95203e-10 0 5.09752e-10 0 5.23534e-10 0 5.37118e-10 0 5.49603e-10 0 5.62164e-10 0 5.73893e-10 0
318.653 6.59641e-12 6.59613e-12 2.82852e-16 4.28797e-05 -6.70421e-07 7.41655e-11 0 1.11663e-10 0 1.61884e-10 0 1.98261e-10 0 2.27531e-10 0 2.52269e-10 0 2.7381e-10 0 2.93236e-10 0 3.10979e-10 0 3.26914e-10 0 3.42006e-10 0 3.55991e-10 0 3.69038e-10 0 3.81329e-10 0 3.93061e-10 0 4.04214e-10 0 4.14771e-10 0 4.25171e-10 0 4.34723e-10 0 4.44327e-10 0 4.53292e-10 0
335.009 5.9863e-12 5.98607e-12 2.31678e-16 3.87014e-05 -6.18088e-07 6.25423e-11 0 9.25431e-11 0 1.32161e-10 0 1.60591e-10 0 1.83345e-10 0 2.02507e-10 0 2.19149e-10 0 2.34125e-10 0 2.4778e-10 0 2.60026e-10 0 2.71611e-10 0 2.82333e-10 0 2.92327e-10 0 3.01734e-10 0 3.10706e-10 0 3.19229e-10 0 3.27292e-10 0 3.35231e-10 0 3.42518e-10 0 3.49842e-10 0 3.56674e-10 0
352.205 5.43091e-12 5.43072e-12 1.89735e-16 3.49361e-05 -6.16815e-07 5.23254e-11 0 7.61721e-11 0 1.07256e-10 0 1.2937e-10 0 1.46983e-10 0 1.61766e-10 0 1.74574e-10 0 1.86078e-10 0 1.96551e-10 0 2.0593e-10 0 2.14793e-10 0 2.22988e-10 0 2.3062e-10 0 2.37798e-10 0 2.44639e-10 0 2.51134e-10 0 2.57275e-10 0 2.63317e-10 0 2.68861e-10 0 2.74431e-10 0 2.79625e-10 0
370.284 4.92585e-12 4.92569e-12 1.55377e-16 3.15433e-05 -5.93318e-07 4.34553e-11 0 6.2297e-11 0 8.65636e-11 0 1.0369e-10 0 1.1727e-10 0 1.28635e-10 0 1.38458e-10 0 1.47266e-10 0 1.55272e-10 0 1.62434e-10 0 1.69195e-10 0 1.75441e-10 0 1.81252e-10 0 1.86715e-10 0 1.91917e-10 0 1.96854e-10 0 2.01519e-10 0 2.06107e-10 0 2.10315e-10 0 2.1454e-10 0 2.18478e-10 0
389.291 4.46684e-12 4.46671e-12 1.27247e-16 2.8487e-05 -5.89899e-07 3.58401e-11 0 5.06455e-11 0 6.95035e-11 0 8.27156e-11 0 9.31489e-11 0 1.01856e-10 0 1.09367e-10 0 1.1609e-10 0 1.22194e-10 0 1.27648e-10 0 1.32791e-10 0 1.37539e-10 0 1.41953e-10 0 1.461e-10 0 1.50047e-10 0 1.5379e-10 0 1.57326e-10 0 1.60802e-10 0 1.63988e-10 0 1.67186e-10 0 1.70167e-10 0
409.273 4.04958e-12 4.04948e-12 1.04201e-16 2.57312e-05 -5.61303e-07 2.93662e-11 0 4.09401e-11 0 5.55324e-11 0 6.56873e-11 0 7.36762e-11 0 8.03262e-11 0 8.60521e-11 0 9.11701e-11 0 9.58108e-11 0 9.99533e-11 0 1.03857e-10 0 1.07457e-10 0 1.10802e-10 0 1.13943e-10 0 1.16931e-10 0 1.19763e-10 0 1.22437e-10 0 1.25064e-10 0 1.27472e-10 0 1.29888e-10 0 1.32139e-10 0
430.281 3.67071e-12 3.67063e-12 8.53235e-17 2.32444e-05 -5.00672e-07 2.39159e-11 0 3.29214e-11 0 4.41695e-11 0 5.19489e-11 0 5.80479e-11 0 6.3113e-11 0 6.74668e-11 0 7.13531e-11 0 7.48731e-11 0 7.80123e-11 0 8.09679e-11 0 8.36923e-11 0 8.62221e-11 0 8.85958e-11 0 9.0853e-11 0 9.29917e-11 0 9.501e-11 0 9.69926e-11 0 9.88088e-11 0 1.00631e-10 0 1.02327e-10 0
452.368 3.32655e-12 3.32648e-12 6.98613e-17 2.10011e-05 -5.08152e-07 1.93649e-11 0 2.63413e-11 0 3.49802e-11 0 4.09213e-11 0 4.55645e-11 0 4.94124e-11 0 5.27147e-11 0 5.56589e-11 0 5.83228e-11 0 6.06966e-11 0 6.29299e-11 0 6.49872e-11 0 6.68966e-11 0 6.86872e-11 0 7.03893e-11 0 7.20013e-11 0 7.3522e-11 0 7.50153e-11 0 7.63829e-11 0 7.77544e-11 0 7.90312e-11 0
475.588 3.01438e-12 3.01432e-12 5.72033e-17 1.89768e-05 -5.00825e-07 1.55969e-11 0 2.09804e-11 0 2.75943e-11 0 3.21192e-11 0 3.56454e-11 0 3.85619e-11 0 4.10614e-11 0 4.32873e-11 0 4.52995e-11 0 4.70912e-11 0 4.87758e-11 0 5.03266e-11 0 5.17653e-11 0 5.31139e-11 0 5.43952e-11 0 5.56084e-11 0 5.67524e-11 0 5.78755e-11 0 5.89038e-11 0 5.99346e-11 0 6.08942e-11 0
500 2.73091e-12 2.73087e-12 4.68349e-17 1.71499e-05 -4.52101e-07 1.24981e-11 0 1.66369e-11 0 2.16849e-11 0 2.51221e-11 0 2.77937e-11 0 2.99995e-11 0 3.18874e-11 0 3.35669e-11 0 3.5084e-11 0 3.64338e-11 0 3.77022e-11 0 3.88693e-11 0 3.99514e-11 0 4.09655e-11 0 4.19286e-11 0 4.28401e-11 0 4.36995e-11 0 4.45428e-11 0 4.53148e-11 0 4.60886e-11 0 4.68086e-11 0
525.665 2.47393e-12 2.47389e-12 3.83476e-17 1.55007e-05 -5.0172e-07 9.96842e-12 0 1.31398e-11 0 1.69824e-11 0 1.95875e-11 0 2.16075e-11 0 2.32726e-11 0 2.46961e-11 0 2.59613e-11 0 2.71031e-11 0 2.81185e-11 0 2.90721e-11 0 2.99492e-11 0 3.07621e-11 0 3.15235e-11 0 3.22464e-11 0 3.29305e-11 0 3.35752e-11 0 3.42077e-11 0 3.47866e-11 0 3.53666e-11 0 3.59063e-11 0
552.648 2.24085e-12 2.24081e-12 3.13958e-17 1.40107e-05 -4.27581e-07 7.91562e-12 0 1.03383e-11 0 1.3256e-11 0 1.52263e-11 0 1.67506e-11 0 1.80054e-11 0 1.90768e-11 0 2.00284e-11 0 2.08866e-11 0 2.16493e-11 0 2.23652e-11 0 2.30234e-11 0 2.36332e-11 0 2.42042e-11 0 2.47462e-11 0 2.52589e-11 0 2.57419e-11 0 2.62158e-11 0 2.66493e-11 0 2.70837e-11 0 2.74877e-11 0
581.015 2.02941e-12 2.02938e-12 2.57028e-17 1.26652e-05 -3.88278e-07 6.25928e-12 0 8.10477e-12 0 1.0315e-11 0 1.18022e-11 0 1.29505e-11 0 1.38944e-11 0 1.46997e-11 0 1.54143e-11 0 1.60584e-11 0 1.66305e-11 0 1.71673e-11 0 1.76606e-11 0 1.81175e-11 0 1.85451e-11 0 1.8951e-11 0 1.93348e-11 0 1.96963e-11 0 2.00509e-11 0 2.03752e-11 0 2.07001e-11 0 2.10023e-11 0
610.839 1.83781e-12 1.83778e-12 2.1043e-17 1.14501e-05 -3.48085e-07 4.93052e-12 0 6.33277e-12 0 8.00369e-12 0 9.12427e-12 0 9.98796e-12 0 1.06971e-11 0 1.13015e-11 0 1.18374e-11 0 1.23202e-11 0 1.27489e-11 0 1.31509e-11 0 1.35202e-11 0 1.38622e-11 0 1.41822e-11 0 1.44858e-11 0 1.47728e-11 0 1.50431e-11 0 1.53082e-11 0 1.55506e-11 0 1.57935e-11 0 1.60193e-11 0
642.193 1.66415e-12 1.66414e-12 1.72273e-17 1.0352e-05 -3.77441e-07 3.86977e-12 0 4.93275e-12 0 6.19356e-12 0 7.03658e-12 0 7.68525e-12 0 8.21724e-12 0 8.67032e-12 0 9.07183e-12 0 9.43334e-12 0 9.75415e-12 0 1.00549e-11 0 1.03312e-11 0 1.05868e-11 0 1.0826e-11 0 1.10529e-11 0 1.12674e-11 0 1.14693e-11 0 1.16673e-11 0 1.18484e-11 0 1.20297e-11 0 1.21983e-11 0
675.157 1.50677e-12 1.50676e-12 1.41035e-17 9.36009e-06 -3.25834e-07 3.02685e-12 0 3.83091e-12 0 4.78062e-12 0 5.41388e-12 0 5.90043e-12 0 6.29906e-12 0 6.6383e-12 0 6.93876e-12 0 7.20916e-12 0 7.44903e-12 0 7.67384e-12 0 7.88024e-12 0 8.07123e-12 0 8.24988e-12 0 8.41929e-12 0 8.57941e-12 0 8.73016e-12 0 8.87792e-12 0 9.01303e-12 0 9.1483e-12 0 9.27407e-12 0
709.813 1.36416e-12 1.36415e-12 1.15455e-17 8.46345e-06 -1.62157e-07 2.35998e-12 0 2.967e-12 0 3.68124e-12 0 4.15631e-12 0 4.52082e-12 0 4.81919e-12 0 5.07294e-12 0 5.29756e-12 0 5.49962e-12 0 5.67881e-12 0 5.84669e-12 0 6.00078e-12 0 6.14334e-12 0 6.27666e-12 0 6.40306e-12 0 6.52251e-12 0 6.63495e-12 0 6.74515e-12 0 6.84589e-12 0 6.94675e-12 0 7.04051e-12 0
746.248 1.23496e-12 1.23495e-12 9.45204e-18 7.6537e-06 -2.52075e-07 1.83452e-12 0 2.29198e-12 0 2.82836e-12 0 3.18432e-12 0 3.45711e-12 0 3.68021e-12 0 3.86983e-12 0 4.03761e-12 0 4.18847e-12 0 4.32221e-12 0 4.44749e-12 0 4.56244e-12 0 4.66877e-12 0 4.76818e-12 0 4.86243e-12 0 4.95147e-12 0 5.03528e-12 0 5.11741e-12 0 5.19248e-12 0 5.26763e-12 0 5.33748e-12 0
784.553 1.11798e-12 1.11797e-12 7.73748e-18 6.92095e-06 -2.33451e-07 1.42212e-12 0 1.76632e-12 0 2.16863e-12 0 2.43506e-12 0 2.63901e-12 0 2.80568e-12 0 2.94727e-12 0 3.07249e-12 0 3.18505e-12 0 3.28481e-12 0 3.37822e-12 0 3.46392e-12 0 3.54318e-12 0 3.61727e-12 0 3.68749e-12 0 3.75383e-12 0 3.81626e-12 0 3.87744e-12 0 3.93335e-12 0 3.98931e-12 0 4.04133e-12 0
824.824 1.012e-12 1.01199e-12 6.33391e-18 6.2588e-06 -3.13421e-07 1.09951e-12 0 1.35811e-12 0 1.65949e-12 0 1.85871e-12 0 2.01106e-12 0 2.13547e-12 0 2.24111e-12 0 2.3345e-12 0 2.41842e-12 0 2.49277e-12 0 2.56238e-12 0 2.62623e-12 0 2.68527e-12 0 2.74045e-12 0 2.79275e-12 0 2.84214e-12 0 2.88863e-12 0 2.93417e-12 0 2.97579e-12 0 3.01744e-12 0 3.05615e-12 0
867.163 9.15986e-13 9.15981e-13 5.18489e-18 5.66045e-06 -3.55983e-07 8.47955e-13 0 1.04197e-12 0 1.26749e-12 0 1.41632e-12 0 1.53002e-12 0 1.62282e-12 0 1.70158e-12 0 1.77118e-12 0 1.8337e-12 0 1.88908e-12 0 1.94092e-12 0 1.98847e-12 0 2.03242e-12 0 2.0735e-12 0 2.11242e-12 0 2.14918e-12 0 2.18377e-12 0 2.21765e-12 0 2.24861e-12 0 2.2796e-12 0 2.30839e-12 0
911.674 8.29081e-13 8.29077e-13 4.24428e-18 5.11925e-06 -2.95786e-07 6.5247e-13 0 7.97864e-13 0 9.66466e-13 0 1.07756e-12 0 1.16236e-12 0 1.23153e-12 0 1.29021e-12 0 1.34205e-12 0 1.38861e-12 0 1.42985e-12 0 1.46843e-12 0 1.50382e-12 0 1.53652e-12 0 1.56709e-12 0 1.59604e-12 0 1.62339e-12 0 1.64911e-12 0 1.67431e-12 0 1.69734e-12 0 1.72038e-12 0 1.7418e-12 0
958.471 7.50377e-13 7.50373e-13 3.47431e-18 4.63009e-06 -1.54118e-07 5.00952e-13 0 6.09786e-13 0 7.3572e-13 0 8.18582e-13 0 8.81784e-13 0 9.33313e-13 0 9.77009e-13 0 1.0156e-12 0 1.05025e-12 0 1.08094e-12 0 1.10965e-12 0 1.13597e-12 0 1.16029e-12 0 1.18302e-12 0 1.20455e-12 0 1.22489e-12 0 1.24401e-12 0 1.26275e-12 0 1.27987e-12 0 1.29699e-12 0 1.31291e-12 0
1007.67 6.79114e-13 6.79111e-13 2.84385e-18 4.18759e-06 -7.16995e-08 3.83835e-13 0 4.6522e-13 0 5.59207e-13 0 6.2097e-13 0 6.68046e-13 0 7.0641e-13 0 7.38932e-13 0 7.67648e-13 0 7.93426e-13 0 8.16246e-13 0 8.37596e-13 0 8.57167e-13 0 8.75252e-13 0 8.92149e-13 0 9.08154e-13 0 9.23266e-13 0 9.37482e-13 0 9.51405e-13 0 9.64125e-13 0 9.76852e-13 0 9.88677e-13 0
1059.39 6.14631e-13 6.14629e-13 2.32804e-18 3.7877e-06 -1.80885e-07 2.9355e-13 0 3.54357e-13 0 4.24454e-13 0 4.70465e-13 0 5.05513e-13 0 5.34063e-13 0 5.58257e-13 0 5.79615e-13 0 5.98784e-13 0 6.15751e-13 0 6.31623e-13 0 6.4617e-13 0 6.59611e-13 0 6.72168e-13 0 6.84062e-13 0 6.95291e-13 0 7.05853e-13 0 7.16197e-13 0 7.25646e-13 0 7.35101e-13 0 7.43885e-13 0
1113.77 5.56169e-13 5.56167e-13 1.9053e-18 3.42576e-06 -2.71832e-07 2.24065e-13 0 2.69452e-13 0 3.21689e-13 0 3.55941e-13 0 3.82017e-13 0 4.0325e-13 0 4.21239e-13 0 4.37116e-13 0 4.51363e-13 0 4.63971e-13 0 4.75764e-13 0 4.86571e-13 0 4.96557e-13 0 5.05884e-13 0 5.14718e-13 0 5.23058e-13 0 5.30902e-13 0 5.38583e-13 0 5.456e-13 0 5.5262e-13 0 5.59142e-13 0
1170.94 5.03307e-13 5.03305e-13 1.55957e-18 3.09866e-06 -3.43772e-07 1.70756e-13 0 2.04612e-13 0 2.4352e-13 0 2.69008e-13 0 2.88402e-13 0 3.04189e-13 0 3.1756e-13 0 3.29359e-13 0 3.39945e-13 0 3.49312e-13 0 3.58073e-13 0 3.661e-13 0 3.73517e-13 0 3.80444e-13 0 3.87004e-13 0 3.93197e-13 0 3.99021e-13 0 4.04724e-13 0 4.09934e-13 0 4.15146e-13 0 4.19987e-13 0
1231.05 4.55472e-13 4.55471e-13 1.2766e-18 2.80281e-06 -3.76555e-08 1.29928e-13 0 1.55166e-13 0 1.84132e-13 0 2.0309e-13 0 2.17509e-13 0 2.29242e-13 0 2.39178e-13 0 2.47944e-13 0 2.55808e-13 0 2.62765e-13 0 2.69271e-13 0 2.75232e-13 0 2.80739e-13 0 2.85882e-13 0 2.90753e-13 0 2.9535e-13 0 2.99674e-13 0 3.03908e-13 0 3.07775e-13 0 3.11644e-13 0 3.15237e-13 0
1294.24 4.12206e-13 4.12205e-13 1.04518e-18 2.53556e-06 -2.65852e-07 9.87223e-14 0 1.17526e-13 0 1.3908e-13 0 1.53177e-13 0 1.63894e-13 0 1.72612e-13 0 1.79994e-13 0 1.86505e-13 0 1.92345e-13 0 1.97511e-13 0 2.02342e-13 0 2.06768e-13 0 2.10856e-13 0 2.14674e-13 0 2.1829e-13 0 2.21702e-13 0 2.24912e-13 0 2.28054e-13 0 2.30924e-13 0 2.33795e-13 0 2.36462e-13 0
1360.67 3.73001e-13 3.73e-13 8.55534e-19 2.29365e-06 -1.46449e-07 7.48977e-14 0 8.88977e-14 0 1.04929e-13 0 1.15406e-13 0 1.23367e-13 0 1.29843e-13 0 1.35324e-13 0 1.40158e-13 0 1.44494e-13 0 1.48329e-13 0 1.51915e-13 0 1.552e-13 0 1.58234e-13 0 1.61068e-13 0 1.63751e-13 0 1.66283e-13 0 1.68664e-13 0 1.70996e-13 0 1.73125e-13 0 1.75255e-13 0 1.77234e-13 0
1430.51 3.3753e-13 3.3753e-13 7.00363e-19 2.07496e-06 8.06988e-08 5.67496e-14 0 6.71683e-14 0 7.90866e-14 0 8.68708e-14 0 9.27842e-14 0 9.75925e-14 0 1.01662e-13 0 1.05251e-13 0 1.08469e-13 0 1.11315e-13 0 1.13976e-13 0 1.16414e-13 0 1.18665e-13 0 1.20768e-13 0 1.22758e-13 0 1.24637e-13 0 1.26404e-13 0 1.28133e-13 0 1.29713e-13 0 1.31293e-13 0 1.32761e-13 0
1503.94 3.05404e-13 3.05404e-13 5.73249e-19 1.87702e-06 -7.18512e-08 4.29422e-14 0 5.06916e-14 0 5.95484e-14 0 6.53297e-14 0 6.97202e-14 0 7.32894e-14 0 7.63097e-14 0 7.89729e-14 0 8.13608e-14 0 8.34727e-14 0 8.5447e-14 0 8.72555e-14 0 8.89257e-14 0 9.04853e-14 0 9.19619e-14 0 9.33555e-14 0 9.46658e-14 0 9.59487e-14 0 9.71204e-14 0 9.82923e-14 0 9.93808e-14 0
1581.14 2.76365e-13 2.76364e-13 4.69276e-19 1.69803e-06 3.97363e-07 3.24599e-14 0 3.82222e-14 0 4.48025e-14 0 4.90955e-14 0 5.23549e-14 0 5.50041e-14 0 5.72455e-14 0 5.92217e-14 0 6.09935e-14 0 6.25603e-14 0 6.4025e-14 0 6.53666e-14 0 6.66056e-14 0 6.77624e-14 0 6.88576e-14 0 6.98912e-14 0 7.08631e-14 0 7.18146e-14 0 7.26836e-14 0 7.35527e-14 0 7.436e-14 0
1662.3 2.50066e-13 2.50065e-13 3.84131e-19 1.53612e-06 3.42415e-09 2.45077e-14 0 2.87904e-14 0 3.36776e-14 0 3.68645e-14 0 3.92834e-14 0 4.12491e-14 0 4.29121e-14 0 4.43781e-14 0 4.56924e-14 0 4.68547e-14 0 4.7941e-14 0 4.8936e-14 0 4.98549e-14 0 5.07128e-14 0 5.1525e-14 0 5.22915e-14 0 5.30122e-14 0 5.37177e-14 0 5.4362e-14 0 5.50065e-14 0 5.5605e-14 0
1747.63 2.26273e-13 2.26273e-13 3.14466e-19 1.38976e-06 -7.9774e-08 1.84849e-14 0 2.16671e-14 0 2.52958e-14 0 2.76611e-14 0 2.9456e-14 0 3.09144e-14 0 3.2148e-14 0 3.32355e-14 0 3.42103e-14 0 3.50723e-14 0 3.58779e-14 0 3.66158e-14 0 3.72972e-14 0 3.79333e-14 0 3.85356e-14 0 3.91039e-14 0 3.96383e-14 0 4.01614e-14 0 4.06391e-14 0 4.11169e-14 0 4.15607e-14 0
1837.33 2.04739e-13 2.04739e-13 2.57394e-19 1.25718e-06 8.24733e-07 1.39284e-14 0 1.6292e-14 0 1.89857e-14 0 2.07408e-14 0 2.20724e-14 0 2.31542e-14 0 2.40691e-14 0 2.48756e-14 0 2.55985e-14 0 2.62377e-14 0 2.68351e-14 0 2.73822e-14 0 2.78874e-14 0 2.83591e-14 0 2.88056e-14 0 2.9227e-14 0 2.96231e-14 0 3.00109e-14 0 3.03651e-14 0 3.07193e-14 0 3.10483e-14 0
1931.64 1.85259e-13 1.85258e-13 2.10727e-19 1.13747e-06 -3.19468e-07 1.04857e-14 0 1.22409e-14 0 1.42401e-14 0 1.55422e-14 0 1.65299e-14 0 1.73323e-14 0 1.80108e-14 0 1.86089e-14 0 1.91449e-14 0 1.96188e-14 0 2.00618e-14 0 2.04674e-14 0 2.0842e-14 0 2.11917e-14 0 2.15227e-14 0 2.1835e-14 0 2.21287e-14 0 2.24162e-14 0 2.26787e-14 0 2.29413e-14 0 2.31852e-14 0
2030.79 1.67626e-13 1.67626e-13 1.72494e-19 1.02904e-06 4.32233e-07 7.88689e-15 0 9.18987e-15 0 1.06733e-14 0 1.16392e-14 0 1.23717e-14 0 1.29667e-14 0 1.34698e-14 0 1.39133e-14 0 1.43107e-14 0 1.4662e-14 0 1.49904e-14 0 1.52911e-14 0 1.55688e-14 0 1.5828e-14 0 1.60734e-14 0 1.63049e-14 0 1.65226e-14 0 1.67357e-14 0 1.69303e-14 0 1.71249e-14 0 1.73056e-14 0
2135.03 1.51679e-13 1.51679e-13 1.4121e-19 9.3098e-07 -6.09317e-07 5.92761e-15 0 6.89474e-15 0 7.99531e-15 0 8.71172e-15 0 9.25495e-15 0 9.69613e-15 0 1.00692e-14 0 1.03979e-14 0 1.06926e-14 0 1.0953e-14 0 1.11965e-14 0 1.14194e-14 0 1.16252e-14 0 1.18173e-14 0 1.19992e-14 0 1.21708e-14 0 1.23322e-14 0 1.24901e-14 0 1.26344e-14 0 1.27786e-14 0 1.29126e-14 0
2244.63 1.37227e-13 1.37227e-13 1.15573e-19 8.42205e-07 -1.74812e-07 4.45092e-15 0 5.16852e-15 0 5.98478e-15 0 6.51598e-15 0 6.91872e-15 0 7.24577e-15 0 7.52229e-15 0 7.76596e-15 0 7.98434e-15 0 8.1774e-15 0 8.3578e-15 0 8.52301e-15 0 8.67554e-15 0 8.81793e-15 0 8.95272e-15 0 9.0799e-15 0 9.19946e-15 0 9.3165e-15 0 9.42337e-15 0 9.53026e-15 0 9.62952e-15 0
2359.84 1.24165e-13 1.24165e-13 9.46115e-20 7.61979e-07 -1.48946e-07 3.34006e-15 0 3.87246e-15 0 4.47785e-15 0 4.87172e-15 0 5.1703e-15 0 5.41275e-15 0 5.61773e-15 0 5.79834e-15 0 5.96021e-15 0 6.1033e-15 0 6.23701e-15 0 6.35945e-15 0 6.47249e-15 0 6.57802e-15 0 6.67791e-15 0 6.77216e-15 0 6.86077e-15 0 6.9475e-15 0 7.0267e-15 0 7.10591e-15 0 7.17946e-15 0
2480.97 1.12344e-13 1.12344e-13 7.74479e-20 6.89383e-07 -5.57623e-07 2.50465e-15 0 2.89957e-15 0 3.34848e-15 0 3.64049e-15 0 3.86182e-15 0 4.04153e-15 0 4.19346e-15 0 4.32732e-15 0 4.44728e-15 0 4.55333e-15 0 4.65242e-15 0 4.74315e-15 0 4.82692e-15 0 4.90512e-15 0 4.97915e-15 0 5.04899e-15 0 5.11465e-15 0 5.17891e-15 0 5.2376e-15 0 5.29629e-15 0 5.3508e-15 0
2608.32 1.01648e-13 1.01648e-13 6.33945e-20 6.23669e-07 -6.9818e-07 1.87697e-15 0 2.16987e-15 0 2.50272e-15 0 2.71918e-15 0 2.88324e-15 0 3.01644e-15 0 3.12903e-15 0 3.22824e-15 0 3.31714e-15 0 3.39573e-15 0 3.46916e-15 0 3.53639e-15 0 3.59847e-15 0 3.65642e-15 0 3.71127e-15 0 3.76302e-15 0 3.81167e-15 0 3.85929e-15 0 3.90277e-15 0 3.94626e-15 0 3.98665e-15 0
2742.21 9.19705e-14 9.19704e-14 5.18911e-20 5.64215e-07 4.25973e-09 1.40574e-15 0 1.62295e-15 0 1.86971e-15 0 2.03016e-15 0 2.15175e-15 0 2.25047e-15 0 2.33391e-15 0 2.40743e-15 0 2.47331e-15 0 2.53154e-15 0 2.58595e-15 0 2.63578e-15 0 2.68177e-15 0 2.72471e-15 0 2.76535e-15 0 2.8037e-15 0 2.83974e-15 0 2.87503e-15 0 2.90725e-15 0 2.93947e-15 0 2.96939e-15 0
2882.97 8.32079e-14 8.32079e-14 4.24724e-20 5.10436e-07 -3.77804e-08 1.05212e-15 0 1.21317e-15 0 1.39608e-15 0 1.51499e-15 0 1.6051e-15 0 1.67825e-15 0 1.74008e-15 0 1.79455e-15 0 1.84337e-15 0 1.88651e-15 0 1.92683e-15 0 1.96374e-15 0 1.99782e-15 0 2.02963e-15 0 2.05974e-15 0 2.08815e-15 0 2.11485e-15 0 2.14099e-15 0 2.16486e-15 0 2.18873e-15 0 2.2109e-15 0
3030.95 7.5286e-14 7.52859e-14 3.47674e-20 4.61805e-07 1.44354e-06 7.87088e-16 0 9.06485e-16 0 1.04206e-15 0 1.13019e-15 0 1.19697e-15 0 1.25117e-15 0 1.29699e-15 0 1.33735e-15 0 1.37352e-15 0 1.40549e-15 0 1.43536e-15 0 1.46271e-15 0 1.48796e-15 0 1.51153e-15 0 1.53384e-15 0 1.55488e-15 0 1.57467e-15 0 1.59404e-15 0 1.61172e-15 0 1.62941e-15 0 1.64583e-15 0
3186.53 6.81165e-14 6.81164e-14 2.84585e-20 4.17791e-07 1.29194e-06 5.88497e-16 0 6.77006e-16 0 7.77489e-16 0 8.42799e-16 0 8.92281e-16 0 9.32445e-16 0 9.66393e-16 0 9.963e-16 0 1.0231e-15 0 1.04678e-15 0 1.06891e-15 0 1.08918e-15 0 1.10788e-15 0 1.12534e-15 0 1.14187e-15 0 1.15746e-15 0 1.17212e-15 0 1.18647e-15 0 1.19957e-15 0 1.21267e-15 0 1.22484e-15 0
3350.09 6.16292e-14 6.16291e-14 2.32945e-20 3.77979e-07 -2.45696e-07 4.39792e-16 0 5.05398e-16 0 5.79865e-16 0 6.2826e-16 0 6.64924e-16 0 6.94682e-16 0 7.19834e-16 0 7.41992e-16 0 7.61845e-16 0 7.79392e-16 0 7.95788e-16 0 8.10799e-16 0 8.24657e-16 0 8.37593e-16 0 8.49836e-16 0 8.61387e-16 0 8.72246e-16 0 8.82875e-16 0 8.92579e-16 0 9.02285e-16 0 9.11297e-16 0
3522.05 5.57599e-14 5.57598e-14 1.9068e-20 3.41966e-07 1.49069e-06 3.28512e-16 0 3.77137e-16 0 4.32321e-16 0 4.6818e-16 0 4.95346e-16 0 5.17393e-16 0 5.36028e-16 0 5.52444e-16 0 5.67152e-16 0 5.80152e-16 0 5.92298e-16 0 6.03418e-16 0 6.13685e-16 0 6.23267e-16 0 6.32337e-16 0 6.40894e-16 0 6.48938e-16 0 6.56812e-16 0 6.64001e-16 0 6.71191e-16 0 6.77867e-16 0
3702.84 5.04489e-14 5.04489e-14 1.56076e-20 3.09374e-07 -1.751e-06 2.45278e-16 0 2.81314e-16 0 3.22205e-16 0 3.48774e-16 0 3.689e-16 0 3.85235e-16 0 3.9904e-16 0 4.11201e-16 0 4.22097e-16 0 4.31727e-16 0 4.40725e-16 0 4.48963e-16 0 4.56568e-16 0 4.63667e-16 0 4.70385e-16 0 4.76724e-16 0 4.82683e-16 0 4.88515e-16 0 4.93841e-16 0 4.99166e-16 0 5.04112e-16 0
3892.91 4.56444e-14 4.56444e-14 1.27753e-20 2.79888e-07 5.96458e-07 1.83059e-16 0 2.09764e-16 0 2.40063e-16 0 2.59748e-16 0 2.74659e-16 0 2.8676e-16 0 2.96988e-16 0 3.05997e-16 0 3.14068e-16 0 3.21202e-16 0 3.27868e-16 0 3.3397e-16 0 3.39604e-16 0 3.44862e-16 0 3.49839e-16 0 3.54535e-16 0 3.58949e-16 0 3.63269e-16 0 3.67214e-16 0 3.71159e-16 0 3.74822e-16 0
4092.73 4.12955e-14 4.12955e-14 1.04573e-20 2.5323e-07 -6.48458e-07 1.36563e-16 0 1.56351e-16 0 1.78799e-16 0 1.93382e-16 0 2.04428e-16 0 2.13393e-16 0 2.20969e-16 0 2.27642e-16 0 2.33622e-16 0 2.38906e-16 0 2.43843e-16 0 2.48363e-16 0 2.52536e-16 0 2.56431e-16 0 2.60118e-16 0 2.63596e-16 0 2.66865e-16 0 2.70065e-16 0 2.72987e-16 0 2.75909e-16 0 2.78623e-16 0
4302.81 3.73615e-14 3.73615e-14 8.55899e-21 2.29086e-07 -3.4202e-07 1.0184e-16 0 1.16502e-16 0 1.33133e-16 0 1.43937e-16 0 1.5212e-16 0 1.5876e-16 0 1.64372e-16 0 1.69316e-16 0 1.73745e-16 0 1.77659e-16 0 1.81316e-16 0 1.84665e-16 0 1.87756e-16 0 1.90641e-16 0 1.93371e-16 0 1.95947e-16 0 1.98369e-16 0 2.00739e-16 0 2.02903e-16 0 2.05068e-16 0 2.07078e-16 0
4523.68 3.38037e-14 3.38037e-14 7.00593e-21 2.07254e-07 5.57705e-06 7.5922e-17 0 8.67859e-17 0 9.91076e-17 0 1.07111e-16 0 1.13173e-16 0 1.18092e-16 0 1.2225e-16 0 1.25911e-16 0 1.29192e-16 0 1.32092e-16 0 1.34801e-16 0 1.37281e-16 0 1.3957e-16 0 1.41707e-16 0 1.4373e-16 0 1.45638e-16 0 1.47432e-16 0 1.49188e-16 0 1.50791e-16 0 1.52394e-16 0 1.53883e-16 0
4755.88 3.05816e-14 3.05816e-14 5.73409e-21 1.87502e-07 2.33096e-06 5.65756e-17 0 6.46241e-17 0 7.37517e-17 0 7.96802e-17 0 8.41703e-17 0 8.78139e-17 0 9.08931e-17 0 9.36054e-17 0 9.60353e-17 0 9.81829e-17 0 1.00189e-16 0 1.02026e-16 0 1.03722e-16 0 1.05305e-16 0 1.06803e-16 0 1.08216e-16 0 1.09545e-16 0 1.10845e-16 0 1.12032e-16 0 1.1322e-16 0 1.14322e-16 0
5000 2.76691e-14 2.76691e-14 4.69343e-21 1.69627e-07 -5.87882e-07 4.21493e-17 0 4.81122e-17 0 5.48741e-17 0 5.92658e-17 0 6.25919e-17 0 6.52909e-17 0 6.75717e-17 0 6.95807e-17 0 7.13807e-17 0 7.29714e-17 0 7.44575e-17 0 7.58182e-17 0 7.70742e-17 0 7.82466e-17 0 7.93561e-17 0 8.0403e-17 0 8.1387e-17 0 8.23501e-17 0 8.32295e-17 0 8.41089e-17 0 8.49255e-17 0
