# 0.00433194 1 112 : grain size, compostion index, size index
# Heating and cooling timescale: 1.93602e-07 inf
# Ratio of heating to cooling to determine stochastic cutoff: 100
# Equilibrium emission is recorded even for those grains in the stochastic regime.
# Emission spectrum was computed for: 
# Type: IRSF
# Scales: 0.25 0.5 1 1.5 2 2.5 3 3.5 4 4.5 5 5.5 6 6.5 7 7.5 8 8.5 9 9.5 10
# StochasticallyHeated: 0 0 0 0 0 0 0 0 0 0 0 0 0 0 0 0 0 0 0 0 0
# Temperature: -1
# Wavelength  CExt  CAbs  CSca  Albedo G EqEm1 StEm1 EqEm2 StEm2 EqEm3 StEm3 EqEm4 StEm4 EqEm5 StEm5 EqEm6 StEm6 EqEm7 StEm7 EqEm8 StEm8 EqEm9 StEm9 EqEm10 StEm10 EqEm11 StEm11 EqEm12 StEm12 EqEm13 StEm13 EqEm14 StEm14 EqEm15 StEm15 EqEm16 StEm16 EqEm17 StEm17 EqEm18 StEm18 EqEm19 StEm19 EqEm20 StEm20 EqEm21 StEm21
0.05 0.000118264 4.18011e-05 7.64627e-05 0.646543 0.853941 0 0 0 0 0 0 0 0 0 0 0 0 0 0 0 0 0 0 0 0 0 0 0 0 0 0 0 0 0 0 0 0 0 0 0 0 0 0 0 0 0 0
0.0525665 0.000118279 4.11219e-05 7.71569e-05 0.652331 0.841451 0 0 0 0 0 0 0 0 0 0 0 0 0 0 0 0 0 0 0 0 0 0 0 0 0 0 0 0 0 0 0 0 0 0 0 0 0 0 0 0 0 0
0.0552647 0.000118295 4.0608e-05 7.76869e-05 0.656722 0.831079 0 0 0 0 0 0 0 0 0 0 0 0 0 0 0 0 0 0 0 0 0 0 0 0 0 0 0 0 0 0 0 0 0 0 0 0 0 0 0 0 0 0
0.0581015 0.000118311 4.03759e-05 7.79346e-05 0.658729 0.824717 0 0 0 0 0 0 0 0 0 0 0 0 0 0 0 0 0 0 0 0 0 0 0 0 0 0 0 0 0 0 0 0 0 0 0 0 0 0 0 0 0 0
0.0610839 0.000118327 3.98045e-05 7.85222e-05 0.663605 0.81595 0 0 0 0 0 0 0 0 0 0 0 0 0 0 0 0 0 0 0 0 0 0 0 0 0 0 0 0 0 0 0 0 0 0 0 0 0 0 0 0 0 0
0.0642193 0.000118345 3.83778e-05 7.99674e-05 0.675713 0.797661 0 0 0 0 0 0 0 0 0 0 0 0 0 0 0 0 0 0 0 0 0 0 0 0 0 0 0 0 0 0 0 0 0 0 0 0 0 0 0 0 0 0
0.0675157 0.000118367 3.696e-05 8.14069e-05 0.687751 0.777685 0 0 0 0 0 0 0 0 0 0 0 0 0 0 0 0 0 0 0 0 0 0 0 0 0 0 0 0 0 0 0 0 0 0 0 0 0 0 0 0 0 0
0.0709813 0.00011839 3.6818e-05 8.15719e-05 0.68901 0.770566 0 0 0 0 0 0 0 0 0 0 0 0 0 0 0 0 0 0 0 0 0 0 0 0 0 0 0 0 0 0 0 0 0 0 0 0 0 0 0 0 0 0
0.0746248 0.000118413 3.73784e-05 8.10341e-05 0.684337 0.771923 0 0 0 0 0 0 0 0 0 0 0 0 0 0 0 0 0 0 0 0 0 0 0 0 0 0 0 0 0 0 0 0 0 0 0 0 0 0 0 0 0 0
0.0784553 0.000118434 3.81593e-05 8.02749e-05 0.677802 0.776832 0 0 0 0 0 0 0 0 0 0 0 0 0 0 0 0 0 0 0 0 0 0 0 0 0 0 0 0 0 0 0 0 0 0 0 0 0 0 0 0 0 0
0.0824824 0.000118457 3.90512e-05 7.94053e-05 0.670333 0.782718 0 0 0 0 0 0 0 0 0 0 0 0 0 0 0 0 0 0 0 0 0 0 0 0 0 0 0 0 0 0 0 0 0 0 0 0 0 0 0 0 0 0
0.0867162 0.00011848 3.926e-05 7.92197e-05 0.668635 0.781598 0 0 0 0 0 0 0 0 0 0 0 0 0 0 0 0 0 0 0 0 0 0 0 0 0 0 0 0 0 0 0 0 0 0 0 0 0 0 0 0 0 0
0.0911674 0.000118505 3.90787e-05 7.94263e-05 0.670236 0.776449 0 0 0 0 0 0 0 0 0 0 0 0 0 0 0 0 0 0 0 0 0 0 0 0 0 0 0 0 0 0 0 0 0 0 0 0 0 0 0 0 0 0
0.095847 0.000118531 3.92452e-05 7.92859e-05 0.668904 0.774702 0 0 0 0 0 0 0 0 0 0 0 0 0 0 0 0 0 0 0 0 0 0 0 0 0 0 0 0 0 0 0 0 0 0 0 0 0 0 0 0 0 0
0.100767 0.000118553 4.06266e-05 7.79261e-05 0.657312 0.786175 0 0 0 0 0 0 0 0 0 0 0 0 0 0 0 0 0 0 0 0 0 0 0 0 0 0 0 0 0 0 0 0 0 0 0 0 0 0 0 0 0 0
0.105939 0.000118571 4.20162e-05 7.65544e-05 0.645644 0.800838 0 0 0 0 0 0 0 0 0 0 0 0 0 0 0 0 0 0 0 0 0 0 0 0 0 0 0 0 0 0 0 0 0 0 0 0 0 0 0 0 0 0
0.111377 0.000118582 4.45499e-05 7.40325e-05 0.624312 0.828865 0 0 0 0 0 0 0 0 0 0 0 0 0 0 0 0 0 0 0 0 0 0 0 0 0 0 0 0 0 0 0 0 0 0 0 0 0 0 0 0 0 0
0.117094 0.000118591 4.71643e-05 7.14263e-05 0.602293 0.861209 0 0 0 0 0 0 0 0 0 0 0 0 0 0 0 0 0 0 0 0 0 0 0 0 0 0 0 0 0 0 0 0 0 0 0 0 0 0 0 0 0 0
0.123105 0.000118606 4.88504e-05 6.97555e-05 0.588129 0.88385 0 0 0 0 0 0 0 0 0 0 0 0 0 0 0 0 0 0 0 0 0 0 0 0 0 0 0 0 0 0 0 0 0 0 0 0 0 0 0 0 0 0
0.129424 0.000118624 5.02809e-05 6.83435e-05 0.576133 0.903828 0 0 0 0 0 0 0 0 0 0 0 0 0 0 0 0 0 0 0 0 0 0 0 0 0 0 0 0 0 0 0 0 0 0 0 0 0 0 0 0 0 0
0.136067 0.000118644 5.14237e-05 6.72204e-05 0.566572 0.920034 0 0 0 0 0 0 0 0 0 0 0 0 0 0 0 0 0 0 0 0 0 0 0 0 0 0 0 0 0 0 0 0 0 0 0 0 0 0 0 0 0 0
0.143051 0.000118661 5.23104e-05 6.63503e-05 0.55916 0.932681 0 0 0 0 0 0 0 0 0 0 0 0 0 0 0 0 0 0 0 0 0 0 0 0 0 0 0 0 0 0 0 0 0 0 0 0 0 0 0 0 0 0
0.150394 0.000118673 5.28151e-05 6.58578e-05 0.554952 0.940834 0 0 0 0 0 0 0 0 0 0 0 0 0 0 0 0 0 0 0 0 0 0 0 0 0 0 0 0 0 0 0 0 0 0 0 0 0 0 0 0 0 0
0.158114 0.000118685 5.26394e-05 6.60453e-05 0.556477 0.94172 0 0 0 0 0 0 0 0 0 0 0 0 0 0 0 0 0 0 0 0 0 0 0 0 0 0 0 0 0 0 0 0 0 0 0 0 0 0 0 0 0 0
0.16623 0.000118707 5.13978e-05 6.73094e-05 0.56702 0.930914 0 0 0 0 0 0 0 0 0 0 0 0 0 0 0 0 0 0 0 0 0 0 0 0 0 0 0 0 0 0 0 0 0 0 0 0 0 0 0 0 0 0
0.174762 0.000118744 4.89387e-05 6.98054e-05 0.587864 0.904395 0 0 0 0 0 0 0 0 0 0 0 0 0 0 0 0 0 0 0 0 0 0 0 0 0 0 0 0 0 0 0 0 0 0 0 0 0 0 0 0 0 0
0.183733 0.000118788 4.58361e-05 7.29521e-05 0.614136 0.868575 0 0 0 0 0 0 0 0 0 0 0 0 0 0 0 0 0 0 0 0 0 0 0 0 0 0 0 0 0 0 0 0 0 0 0 0 0 0 0 0 0 0
0.193164 0.000118837 4.26108e-05 7.6226e-05 0.641434 0.831706 0 0 0 0 0 0 0 0 0 0 0 0 0 0 0 0 0 0 0 0 0 0 0 0 0 0 0 0 0 0 0 0 0 0 0 0 0 0 0 0 0 0
0.203079 0.000118888 3.98075e-05 7.90804e-05 0.665168 0.801231 0 0 0 0 0 0 0 0 0 0 0 0 0 0 0 0 0 0 0 0 0 0 0 0 0 0 0 0 0 0 0 0 0 0 0 0 0 0 0 0 0 0
0.213503 0.000118942 3.74008e-05 8.15415e-05 0.685555 0.776429 0 0 0 0 0 0 0 0 0 0 0 0 0 0 0 0 0 0 0 0 0 0 0 0 0 0 0 0 0 0 0 0 0 0 0 0 0 0 0 0 0 0
0.224463 0.000119004 3.57958e-05 8.32079e-05 0.699204 0.759267 0 0 0 0 0 0 0 0 0 0 0 0 0 0 0 0 0 0 0 0 0 0 0 0 0 0 0 0 0 0 0 0 0 0 0 0 0 0 0 0 0 0
0.235984 0.00011907 3.4885e-05 8.41853e-05 0.707022 0.7477 0 0 0 0 0 0 0 0 0 0 0 0 0 0 0 0 0 0 0 0 0 0 0 0 0 0 0 0 0 0 0 0 0 0 0 0 0 0 0 0 0 0
0.248097 0.000119142 3.50407e-05 8.4101e-05 0.705891 0.743929 0 0 0 0 0 0 0 0 0 0 0 0 0 0 0 0 0 0 0 0 0 0 0 0 0 0 0 0 0 0 0 0 0 0 0 0 0 0 0 0 0 0
0.260832 0.000119206 3.58855e-05 8.33203e-05 0.698962 0.746075 0 0 0 0 0 0 0 0 0 0 0 0 0 0 0 0 0 0 0 0 0 0 0 0 0 0 0 0 0 0 0 0 0 0 0 0 0 0 0 0 0 0
0.274221 0.00011926 3.69125e-05 8.23475e-05 0.690487 0.750298 0 0 0 0 0 0 0 0 0 0 0 0 0 0 0 0 0 0 0 0 0 0 0 0 0 0 0 0 0 0 0 0 0 0 0 0 0 0 0 0 0 0
0.288297 0.000119294 3.82732e-05 8.10212e-05 0.679171 0.75978 0 0 0 0 0 0 0 0 0 0 0 0 0 0 0 0 0 0 0 0 0 0 0 0 0 0 0 0 0 0 0 0 0 0 0 0 0 0 0 0 0 0
0.303095 0.000119329 3.92066e-05 8.01221e-05 0.67144 0.767001 0 0 0 0 0 0 0 0 0 0 0 0 0 0 0 0 0 0 0 0 0 0 0 0 0 0 0 0 0 0 0 0 0 0 0 0 0 0 0 0 0 0
0.318653 0.000119364 3.99671e-05 7.93973e-05 0.665168 0.77335 0 0 0 0 0 0 0 0 0 0 0 0 0 0 0 0 0 0 0 0 0 0 0 0 0 0 0 0 0 0 0 0 0 0 0 0 0 0 0 0 0 0
0.335009 0.000119403 4.05693e-05 7.88333e-05 0.660231 0.778801 0 0 0 0 0 0 0 0 0 0 0 0 0 0 0 0 0 0 0 0 0 0 0 0 0 0 0 0 0 0 0 0 0 0 0 0 0 0 0 0 0 0
0.352205 0.000119446 4.09828e-05 7.84633e-05 0.656893 0.782643 0 0 0 0 0 0 0 0 0 0 0 0 0 0 0 0 0 0 0 0 0 0 0 0 0 0 0 0 0 0 0 0 0 0 0 0 0 0 0 0 0 0
0.370284 0.000119494 4.1249e-05 7.82446e-05 0.654802 0.785011 0 0 0 0 0 0 0 0 0 0 0 0 0 0 0 0 0 0 0 0 0 0 0 0 0 0 0 0 0 0 0 0 0 0 0 0 0 0 0 0 0 0
0.389291 0.000119544 4.1387e-05 7.81572e-05 0.653794 0.785914 0 0 0 0 0 0 0 0 0 0 0 0 0 0 0 0 0 0 0 0 0 0 0 0 0 0 0 0 0 0 0 0 0 0 0 0 0 0 0 0 0 0
0.409273 0.000119597 4.14874e-05 7.81095e-05 0.653106 0.786451 0 0 0 0 0 0 0 0 0 0 0 0 0 0 0 0 0 0 0 0 0 0 0 0 0 0 0 0 0 0 0 0 0 0 0 0 0 0 0 0 0 0
0.430281 0.000119651 4.15708e-05 7.80807e-05 0.652568 0.786826 0 0 0 0 0 0 0 0 0 0 0 0 0 0 0 0 0 0 0 0 0 0 0 0 0 0 0 0 0 0 0 0 0 0 0 0 0 0 0 0 0 0
0.452368 0.000119708 4.16552e-05 7.8053e-05 0.652027 0.787386 0 0 0 0 0 0 0 0 0 0 0 0 0 0 0 0 0 0 0 0 0 0 0 0 0 0 0 0 0 0 0 0 0 0 0 0 0 0 0 0 0 0
0.475588 0.000119767 4.17297e-05 7.80373e-05 0.651576 0.787891 0 0 0 0 0 0 0 0 0 0 0 0 0 0 0 0 0 0 0 0 0 0 0 0 0 0 0 0 0 0 0 0 0 0 0 0 0 0 0 0 0 0
0.5 0.00011983 4.17767e-05 7.80529e-05 0.651366 0.788131 0 0 0 0 0 0 0 0 0 0 0 0 0 0 0 0 0 0 0 0 0 0 0 0 0 0 0 0 0 0 0 0 0 0 0 0 0 0 0 0 0 0
0.525665 0.000119895 4.18055e-05 7.80897e-05 0.651317 0.788207 0 0 0 0 0 0 0 0 0 0 0 0 0 0 0 0 0 0 0 0 0 0 0 0 0 0 0 0 0 0 0 0 0 0 0 0 0 0 0 0 0 0
0.552648 0.000119963 4.18245e-05 7.81387e-05 0.651356 0.788163 0 0 0 0 0 0 0 0 0 0 0 0 0 0 0 0 0 0 0 0 0 0 0 0 0 0 0 0 0 0 0 0 0 0 0 0 0 0 0 0 0 0
0.581015 0.000120036 4.1772e-05 7.8264e-05 0.652005 0.787313 0 0 0 0 0 0 0 0 0 0 0 0 0 0 0 0 0 0 0 0 0 0 0 0 0 0 0 0 0 0 0 0 0 0 0 0 0 0 0 0 0 0
0.610839 0.000120112 4.17164e-05 7.83954e-05 0.652687 0.786426 0 0 0 0 0 0 0 0 0 0 0 0 0 0 0 0 0 0 0 0 0 0 0 0 0 0 0 0 0 0 0 0 0 0 0 0 0 0 0 0 0 0
0.642193 0.00012019 4.16576e-05 7.85329e-05 0.653404 0.785497 0 0 0 0 0 0 0 0 0 0 0 0 0 0 0 0 0 0 0 0 0 0 0 0 0 0 0 0 0 0 0 0 0 0 0 0 0 0 0 0 0 0
0.675157 0.000120272 4.15714e-05 7.87007e-05 0.654355 0.784249 0 0 0 0 0 0 0 0 0 0 0 0 0 0 0 0 0 0 0 0 0 0 0 0 0 0 0 0 0 0 0 0 0 0 0 0 0 0 0 0 0 0
0.709813 0.000120358 4.146e-05 7.88983e-05 0.655528 0.782703 0 0 0 0 0 0 0 0 0 0 0 0 0 0 0 0 0 0 0 0 0 0 0 0 0 0 0 0 0 0 0 0 0 0 0 0 0 0 0 0 0 0
0.746248 0.000120447 4.13369e-05 7.91102e-05 0.656805 0.781003 0 0 0 0 0 0 0 0 0 0 0 0 0 0 0 0 0 0 0 0 0 0 0 0 0 0 0 0 0 0 0 0 0 0 0 0 0 0 0 0 0 0
0.784553 0.000120539 4.12098e-05 7.93296e-05 0.658122 0.779261 0 0 0 0 0 0 0 0 0 0 0 0 0 0 0 0 0 0 0 0 0 0 0 0 0 0 0 0 0 0 0 0 0 0 0 0 0 0 0 0 0 0
0.824824 0.000120635 4.10798e-05 7.95549e-05 0.659469 0.77747 0 0 0 0 0 0 0 0 0 0 0 0 0 0 0 0 0 0 0 0 0 0 0 0 0 0 0 0 0 0 0 0 0 0 0 0 0 0 0 0 0 0
0.867162 0.000120733 4.09467e-05 7.97863e-05 0.660849 0.775634 0 0 0 0 0 0 0 0 0 0 0 0 0 0 0 0 0 0 0 0 0 0 0 0 0 0 0 0 0 0 0 0 0 0 0 0 0 0 0 0 0 0
0.911674 0.000120835 4.08135e-05 8.0021e-05 0.662236 0.773791 0 0 0 0 0 0 0 0 0 0 0 0 0 0 0 0 0 0 0 0 0 0 0 0 0 0 0 0 0 0 0 0 0 0 0 0 0 0 0 0 0 0
0.95847 0.000120939 4.06875e-05 8.02512e-05 0.663569 0.772 0 0 0 0 0 0 0 0 0 0 0 0 0 0 0 0 0 0 0 0 0 0 0 0 0 0 0 0 0 0 0 0 0 0 0 0 0 0 0 0 0 0
1.00767 0.000121046 4.05608e-05 8.04849e-05 0.664913 0.770199 0 0 0 0 0 0 0 0 0 0 0 0 0 0 0 0 0 0 0 0 0 0 0 0 0 0 0 0 0 0 0 0 0 0 0 0 0 0 0 0 0 0
1.05939 0.000121156 4.04465e-05 8.07091e-05 0.666161 0.76851 0 0 0 0 0 0 0 0 0 0 0 0 0 0 0 0 0 0 0 0 0 0 0 0 0 0 0 0 0 0 0 0 0 0 0 0 0 0 0 0 0 0
1.11377 0.000121268 4.03285e-05 8.09399e-05 0.667444 0.766782 0 0 0 0 0 0 0 0 0 0 0 0 0 0 0 0 0 0 0 0 0 0 0 0 0 0 0 0 0 0 0 0 0 0 0 0 0 0 0 0 0 0
1.17094 0.000121385 4.02211e-05 8.11637e-05 0.668648 0.765158 0 0 0 0 0 0 0 0 0 0 0 0 0 0 0 0 0 0 0 0 0 0 0 0 0 0 0 0 0 0 0 0 0 0 0 0 0 0 0 0 0 0
1.23105 0.000121504 4.01146e-05 8.13897e-05 0.669851 0.763541 0 0 0 0 0 0 0 0 0 0 0 0 0 0 0 0 0 0 0 0 0 0 0 0 0 0 0 0 0 0 0 0 0 0 0 0 0 0 0 0 0 0
1.29424 0.000121628 3.99953e-05 8.16324e-05 0.671166 0.761796 0 0 0 0 0 0 0 0 0 0 0 0 0 0 0 0 0 0 0 0 0 0 0 0 0 0 0 0 0 0 0 0 0 0 0 0 0 0 0 0 0 0
1.36067 0.000121754 3.98813e-05 8.18729e-05 0.672444 0.760097 0 0 0 0 0 0 0 0 0 0 0 0 0 0 0 0 0 0 0 0 0 0 0 0 0 0 0 0 0 0 0 0 0 0 0 0 0 0 0 0 0 0
1.43051 0.000121884 3.97759e-05 8.21077e-05 0.673657 0.758478 0 0 0 0 0 0 0 0 0 0 0 0 0 0 0 0 0 0 0 0 0 0 0 0 0 0 0 0 0 0 0 0 0 0 0 0 0 0 0 0 0 0
1.50394 0.000122016 3.96762e-05 8.23401e-05 0.674829 0.756909 0 0 0 0 0 0 0 0 0 0 0 0 0 0 0 0 0 0 0 0 0 0 0 0 0 0 0 0 0 0 0 0 0 0 0 0 0 0 0 0 0 0
1.58114 0.000122154 3.95716e-05 8.2582e-05 0.67605 0.755294 0 0 0 0 0 0 0 0 0 0 0 0 0 0 0 0 0 0 0 0 0 0 0 0 0 0 0 0 0 0 0 0 0 0 0 0 0 0 0 0 0 0
1.6623 0.000122296 3.94559e-05 8.28396e-05 0.677372 0.753579 0 0 0 0 0 0 0 0 0 0 0 0 0 0 0 0 0 0 0 0 0 0 0 0 0 0 0 0 0 0 0 0 0 0 0 0 0 0 0 0 0 0
1.74763 0.00012244 3.93385e-05 8.31016e-05 0.678712 0.751844 0 0 0 0 0 0 0 0 0 0 0 0 0 0 0 0 0 0 0 0 0 0 0 0 0 0 0 0 0 0 0 0 0 0 0 0 0 0 0 0 0 0
1.83733 0.000122587 3.92264e-05 8.3361e-05 0.680013 0.750161 0 0 0 0 0 0 0 0 0 0 0 0 0 0 0 0 0 0 0 0 0 0 0 0 0 0 0 0 0 0 0 0 0 0 0 0 0 0 0 0 0 0
1.93164 0.000122739 3.9115e-05 8.36236e-05 0.681315 0.748487 0 0 0 0 0 0 0 0 0 0 0 0 0 0 0 0 0 0 0 0 0 0 0 0 0 0 0 0 0 0 0 0 0 0 0 0 0 0 0 0 0 0
2.03079 0.000122894 3.90032e-05 8.38903e-05 0.682626 0.746815 0 0 0 0 0 0 0 0 0 0 0 0 0 0 0 0 0 0 0 0 0 0 0 0 0 0 0 0 0 0 0 0 0 0 0 0 0 0 0 0 0 0
2.13503 0.000123053 3.88837e-05 8.4169e-05 0.684008 0.745069 0 0 0 0 0 0 0 0 0 0 0 0 0 0 0 0 0 0 0 0 0 0 0 0 0 0 0 0 0 0 0 0 0 0 0 0 0 0 0 0 0 0
2.24463 0.000123214 3.8766e-05 8.44478e-05 0.685376 0.743354 0 0 0 0 0 0 0 0 0 0 0 0 0 0 0 0 0 0 0 0 0 0 0 0 0 0 0 0 0 0 0 0 0 0 0 0 0 0 0 0 0 0
2.35984 0.000123378 3.86529e-05 8.47252e-05 0.686712 0.741677 0 0 0 0 0 0 0 0 0 0 0 0 0 0 0 0 0 0 0 0 0 0 0 0 0 0 0 0 0 0 0 0 0 0 0 0 0 0 0 0 0 0
2.48097 0.000123547 3.85415e-05 8.50055e-05 0.688042 0.740032 0 0 0 0 0 0 0 0 0 0 0 0 0 0 0 0 0 0 0 0 0 0 0 0 0 0 0 0 0 0 0 0 0 0 0 0 0 0 0 0 0 0
2.60832 0.000123721 3.84131e-05 8.53083e-05 0.68952 0.738248 0 0 0 0 0 0 0 0 0 0 0 0 0 0 0 0 0 0 0 0 0 0 0 0 0 0 0 0 0 0 0 0 0 0 0 0 0 0 0 0 0 0
2.74221 0.000123894 3.82789e-05 8.56152e-05 0.691036 0.736422 0 0 0 0 0 0 0 0 0 0 0 0 0 0 0 0 0 0 0 0 0 0 0 0 0 0 0 0 0 0 0 0 0 0 0 0 0 0 0 0 0 0
2.88297 0.000124065 3.81563e-05 8.59088e-05 0.692449 0.734704 0 0 0 0 0 0 0 0 0 0 0 0 0 0 0 0 0 0 0 0 0 0 0 0 0 0 0 0 0 0 0 0 0 0 0 0 0 0 0 0 0 0
3.03095 0.000124243 3.80297e-05 8.62131e-05 0.693908 0.732977 0 0 0 0 0 0 0 0 0 0 0 0 0 0 0 0 0 0 0 0 0 0 0 0 0 0 0 0 0 0 0 0 0 0 0 0 0 0 0 0 0 0
3.18653 0.000124435 3.78979e-05 8.65375e-05 0.695441 0.731241 0 0 0 0 0 0 0 0 0 0 0 0 0 0 0 0 0 0 0 0 0 0 0 0 0 0 0 0 0 0 0 0 0 0 0 0 0 0 0 0 0 0
3.35009 0.000124608 3.77631e-05 8.68446e-05 0.696944 0.729456 0 0 0 0 0 0 0 0 0 0 0 0 0 0 0 0 0 0 0 0 0 0 0 0 0 0 0 0 0 0 0 0 0 0 0 0 0 0 0 0 0 0
3.52205 0.000124821 3.76291e-05 8.71923e-05 0.698537 0.727764 0 0 0 0 0 0 0 0 0 0 0 0 0 0 0 0 0 0 0 0 0 0 0 0 0 0 0 0 0 0 0 0 0 0 0 0 0 0 0 0 0 0
3.70284 0.000124977 3.74943e-05 8.74828e-05 0.699991 0.725986 0 0 0 0 0 0 0 0 0 0 0 0 0 0 0 0 0 0 0 0 0 0 0 0 0 0 0 0 0 0 0 0 0 0 0 0 0 0 0 0 0 0
3.89291 0.000125201 3.73618e-05 8.78395e-05 0.701586 0.724355 0 0 0 0 0 0 0 0 0 0 0 0 0 0 0 0 0 0 0 0 0 0 0 0 0 0 0 0 0 0 0 0 0 0 0 0 0 0 0 0 0 0
4.09273 0.000125381 3.72164e-05 8.81647e-05 0.703174 0.722571 0 0 0 0 0 0 0 0 0 0 0 0 0 0 0 0 0 0 0 0 0 0 0 0 0 0 0 0 0 0 0 0 0 0 0 0 0 0 0 0 0 0
4.30281 0.000125519 3.70669e-05 8.84518e-05 0.70469 0.720714 0 0 0 0 0 0 0 0 0 0 0 0 0 0 0 0 0 0 0 0 0 0 0 0 0 0 0 0 0 0 0 0 0 0 0 0 0 0 0 0 0 0
4.52368 0.000125767 3.69131e-05 8.8854e-05 0.706497 0.719018 0 0 0 0 0 0 0 0 0 0 0 0 0 0 0 0 0 0 0 0 0 0 0 0 0 0 0 0 0 0 0 0 0 0 0 0 0 0 0 0 0 0
4.75588 0.000125997 3.67575e-05 8.92396e-05 0.708267 0.717306 0 0 0 0 0 0 0 0 0 0 0 0 0 0 0 0 0 0 0 0 0 0 0 0 0 0 0 0 0 0 0 0 0 0 0 0 0 0 0 0 0 0
5 0.000126257 3.65959e-05 8.96616e-05 0.710149 0.715608 0 0 0 0 0 0 0 0 0 0 0 0 0 0 0 0 0 0 0 0 0 0 0 0 0 0 0 0 0 0 0 0 0 0 0 0 0 0 0 0 0 0
5.25665 0.000126487 3.6415e-05 9.00723e-05 0.712106 0.713766 0 0 0 0 0 0 0 0 0 0 0 0 0 0 0 0 0 0 0 0 0 0 0 0 0 0 0 0 0 0 0 0 0 0 0 0 0 0 0 0 0 0
5.52648 0.00012668 3.62289e-05 9.04507e-05 0.714012 0.711875 0 0 0 0 0 0 0 0 0 0 0 0 0 0 0 0 0 0 0 0 0 0 0 0 0 0 0 0 0 0 0 0 0 0 0 0 0 0 0 0 0 0
5.81015 0.000126867 3.6051e-05 9.08157e-05 0.715836 0.710033 0 0 0 0 0 0 0 0 0 0 0 0 0 0 0 0 0 0 0 0 0 0 0 0 0 0 0 0 0 0 0 0 0 0 0 0 0 0 0 0 0 0
6.10839 0.000127006 3.58707e-05 9.11348e-05 0.717566 0.708052 0 0 0 0 0 0 0 0 0 0 0 0 0 0 0 0 0 0 0 0 0 0 0 0 0 0 0 0 0 0 0 0 0 0 0 0 0 0 0 0 0 0
6.42193 0.00012707 3.57067e-05 9.13634e-05 0.719 0.706105 0 0 0 0 0 0 0 0 0 0 0 0 0 0 0 0 0 0 0 0 0 0 0 0 0 0 0 0 0 0 0 0 0 0 0 0 0 0 0 0 0 0
6.75157 0.000127244 3.55282e-05 9.17157e-05 0.720787 0.704328 0 0 0 0 0 0 0 0 0 0 0 0 0 0 0 0 0 0 0 0 0 0 0 0 0 0 0 0 0 0 0 0 0 0 0 0 0 0 0 0 0 0
7.09813 0.000127691 3.53647e-05 9.23265e-05 0.723045 0.703028 0 0 0 0 0 0 0 0 0 0 0 0 0 0 0 0 0 0 0 0 0 0 0 0 0 0 0 0 0 0 0 0 0 0 0 0 0 0 0 0 0 0
7.46248 0.000128104 3.52146e-05 9.28891e-05 0.725108 0.701785 0 0 0 0 0 0 0 0 0 0 0 0 0 0 0 0 0 0 0 0 0 0 0 0 0 0 0 0 0 0 0 0 0 0 0 0 0 0 0 0 0 0
7.84553 0.000127989 3.50693e-05 9.29197e-05 0.725997 0.699709 0 0 0 0 0 0 0 0 0 0 0 0 0 0 0 0 0 0 0 0 0 0 0 0 0 0 0 0 0 0 0 0 0 0 0 0 0 0 0 0 0 0
8.24824 0.000128094 3.49356e-05 9.31583e-05 0.727266 0.697972 0 0 0 0 0 0 0 0 0 0 0 0 0 0 0 0 0 0 0 0 0 0 0 0 0 0 0 0 0 0 0 0 0 0 0 0 0 0 0 0 0 0
8.67162 0.000128805 3.48158e-05 9.39893e-05 0.729702 0.697472 0 0 0 0 0 0 0 0 0 0 0 0 0 0 0 0 0 0 0 0 0 0 0 0 0 0 0 0 0 0 0 0 0 0 0 0 0 0 0 0 0 0
9.11674 0.000128623 3.4723e-05 9.39e-05 0.73004 0.695598 0 0 0 0 0 0 0 0 0 0 0 0 0 0 0 0 0 0 0 0 0 0 0 0 0 0 0 0 0 0 0 0 0 0 0 0 0 0 0 0 0 0
9.5847 0.000128868 3.46546e-05 9.42131e-05 0.731084 0.694636 0 0 0 0 0 0 0 0 0 0 0 0 0 0 0 0 0 0 0 0 0 0 0 0 0 0 0 0 0 0 0 0 0 0 0 0 0 0 0 0 0 0
10.0767 0.000129398 3.46078e-05 9.47905e-05 0.732548 0.694192 0 0 0 0 0 0 0 0 0 0 0 0 0 0 0 0 0 0 0 0 0 0 0 0 0 0 0 0 0 0 0 0 0 0 0 0 0 0 0 0 0 0
10.5939 0.000129145 3.45562e-05 9.45889e-05 0.732423 0.692562 0 0 0 0 0 0 0 0 0 0 0 0 0 0 0 0 0 0 0 0 0 0 0 0 0 0 0 0 0 0 0 0 0 0 0 0 0 0 0 0 0 0
11.1377 0.000129832 3.45498e-05 9.52821e-05 0.733888 0.692817 0 0 0 0 0 0 0 0 0 0 0 0 0 0 0 0 0 0 0 0 0 0 0 0 0 0 0 0 0 0 0 0 0 0 0 0 0 0 0 0 0 0
11.7094 0.000129911 3.43273e-05 9.55834e-05 0.735763 0.689712 0 0 0 0 0 0 0 0 0 0 0 0 0 0 0 0 0 0 0 0 0 0 0 0 0 0 0 0 0 0 0 0 0 0 0 0 0 0 0 0 0 0
12.3105 0.000130329 3.43558e-05 9.59734e-05 0.736392 0.690094 0 0 0 0 0 0 0 0 0 0 0 0 0 0 0 0 0 0 0 0 0 0 0 0 0 0 0 0 0 0 0 0 0 0 0 0 0 0 0 0 0 0
12.9424 0.000130229 3.42666e-05 9.59626e-05 0.736875 0.688686 0 0 0 0 0 0 0 0 0 0 0 0 0 0 0 0 0 0 0 0 0 0 0 0 0 0 0 0 0 0 0 0 0 0 0 0 0 0 0 0 0 0
13.6067 0.000130755 3.41727e-05 9.65827e-05 0.738652 0.688035 0 0 0 0 0 0 0 0 0 0 0 0 0 0 0 0 0 0 0 0 0 0 0 0 0 0 0 0 0 0 0 0 0 0 0 0 0 0 0 0 0 0
14.3051 0.000130779 3.40878e-05 9.66908e-05 0.739347 0.686781 0 0 0 0 0 0 0 0 0 0 0 0 0 0 0 0 0 0 0 0 0 0 0 0 0 0 0 0 0 0 0 0 0 0 0 0 0 0 0 0 0 0
15.0394 0.000131171 3.40186e-05 9.71524e-05 0.740654 0.68612 0 0 0 0 0 0 0 0 0 0 0 0 0 0 0 0 0 0 0 0 0 0 0 0 0 0 0 0 0 0 0 0 0 0 0 0 0 0 0 0 0 0
15.8114 0.000131333 3.3958e-05 9.73753e-05 0.741436 0.685104 0 0 0 0 0 0 0 0 0 0 0 0 0 0 0 0 0 0 0 0 0 0 0 0 0 0 0 0 0 0 0 0 0 0 0 0 1.4013e-45 0 5.60519e-45 0 1.96182e-44 0
16.623 0.000131598 3.38802e-05 9.77176e-05 0.742548 0.684214 0 0 0 0 0 0 0 0 0 0 0 0 0 0 0 0 0 0 0 0 0 0 0 0 0 0 0 0 1.4013e-45 0 5.60519e-45 0 2.52234e-44 0 9.94922e-44 0 3.61535e-43 0 1.17849e-42 0 3.48643e-42 0
17.4762 0.000131832 3.37925e-05 9.80398e-05 0.74367 0.683304 0 0 0 0 0 0 0 0 0 0 0 0 0 0 0 0 0 0 0 0 0 0 1.4013e-45 0 7.00649e-45 0 4.62428e-44 0 2.45227e-43 0 1.0818e-42 0 4.41269e-42 0 1.61051e-41 0 5.48987e-41 0 1.6927e-40 0 4.74733e-40 0
18.3733 0.000132007 3.36938e-05 9.83129e-05 0.744757 0.682265 0 0 0 0 0 0 0 0 0 0 0 0 0 0 0 0 0 0 2.8026e-45 0 2.52234e-44 0 2.05991e-43 0 1.36066e-42 0 7.78702e-42 0 3.75001e-41 0 1.53979e-40 0 5.86644e-40 0 2.0097e-39 0 6.45266e-39 0 1.88314e-38 0 5.02214e-38 0
19.3164 0.000132182 3.3542e-05 9.86403e-05 0.746244 0.681025 0 0 0 0 0 0 0 0 0 0 0 0 0 0 1.4013e-45 0 3.36312e-44 0 4.35804e-43 0 4.29218e-42 0 3.13414e-41 0 1.88957e-40 0 9.92852e-40 0 4.42813e-39 0 1.69709e-38 0 6.05695e-38 0 1.9539e-37 0 5.92618e-37 0 1.64138e-36 0 4.17268e-36 0
20.3079 0.000132243 3.32637e-05 9.8979e-05 0.748465 0.679219 0 0 0 0 0 0 0 0 0 0 0 0 1.12104e-44 0 3.16693e-43 0 5.45105e-42 0 6.29926e-41 0 5.54352e-40 0 3.67328e-39 0 2.02863e-38 0 9.82983e-38 0 4.07548e-37 0 1.46277e-36 0 4.90621e-36 0 1.49472e-35 0 4.29444e-35 0 1.13172e-34 0 2.74891e-34 0
21.3503 0.000132208 3.29172e-05 9.92913e-05 0.751021 0.676894 0 0 0 0 0 0 0 0 0 0 3.50325e-44 0 1.80627e-42 0 4.57762e-41 0 6.85566e-40 0 7.0309e-39 0 5.56409e-38 0 3.36175e-37 0 1.70797e-36 0 7.66233e-36 0 2.96373e-35 0 9.99396e-35 0 3.15972e-34 0 9.11676e-34 0 2.48776e-33 0 6.25309e-33 0 1.45445e-32 0
22.4463 0.000132094 3.24634e-05 9.96306e-05 0.75424 0.673703 0 0 0 0 0 0 0 0 4.62428e-44 0 5.52112e-42 0 2.3591e-40 0 5.1065e-39 0 6.70106e-38 0 6.13403e-37 0 4.388e-36 0 2.42827e-35 0 1.13958e-34 0 4.75117e-34 0 1.72026e-33 0 5.46663e-33 0 1.63389e-32 0 4.47658e-32 0 1.16313e-31 0 2.79493e-31 0 6.23844e-31 0
23.5984 0.000132 3.18684e-05 0.000100132 0.758573 0.669161 0 0 0 0 0 0 1.54143e-44 0 7.1186e-42 0 6.71024e-40 0 2.387e-38 0 4.44663e-37 0 5.14594e-36 0 4.22783e-35 0 2.74737e-34 0 1.39853e-33 0 6.08607e-33 0 2.36656e-32 0 8.0469e-32 0 2.41679e-31 0 6.84739e-31 0 1.78598e-30 0 4.42908e-30 0 1.01969e-29 0 2.1885e-29 0
24.8097 0.000132038 3.10808e-05 0.000100957 0.764607 0.662444 0 0 0 0 0 0 2.34437e-42 0 8.37877e-40 0 6.32622e-38 0 1.89028e-36 0 3.05274e-35 0 3.13475e-34 0 2.3238e-33 0 1.37821e-32 0 6.4798e-32 0 2.62449e-31 0 9.55059e-31 0 3.05908e-30 0 8.70727e-30 0 2.3447e-29 0 5.83594e-29 0 1.38449e-28 0 3.06027e-28 0 6.3277e-28 0
26.0832 0.000132369 3.024e-05 0.000102129 0.771548 0.653613 0 0 0 0 6.02558e-44 0 2.86765e-40 0 7.6913e-38 0 4.70191e-36 0 1.19021e-34 0 1.67802e-33 0 1.53789e-32 0 1.03382e-31 0 5.62099e-31 0 2.45041e-30 0 9.26962e-30 0 3.16707e-29 0 9.58374e-29 0 2.59206e-28 0 6.65037e-28 0 1.5832e-27 0 3.60076e-27 0 7.6568e-27 0 1.52802e-26 0
27.4221 0.000132934 2.93834e-05 0.000103551 0.778963 0.643476 0 0 0 0 8.60958e-42 0 2.7329e-38 0 5.57866e-36 0 2.78991e-34 0 6.03145e-33 0 7.47292e-32 0 6.1467e-31 0 3.76495e-30 0 1.88462e-29 0 7.64592e-29 0 2.71045e-28 0 8.72138e-28 0 2.50025e-27 0 6.44165e-27 0 1.57841e-26 0 3.60177e-26 0 7.8696e-26 0 1.6129e-25 0 3.112e-25 0
28.8297 0.000133776 2.86239e-05 0.000105152 0.786032 0.632588 0 0 0 0 9.62887e-40 0 2.06197e-36 0 3.24645e-34 0 1.34127e-32 0 2.49559e-31 0 2.73448e-30 0 2.02929e-29 0 1.13771e-28 0 5.26437e-28 0 1.9946e-27 0 6.64714e-27 0 2.02021e-26 0 5.50129e-26 0 1.35335e-25 0 3.17416e-25 0 6.95716e-25 0 1.46317e-24 0 2.89558e-24 0 5.41042e-24 0
30.3095 0.000134781 2.79102e-05 0.000106871 0.792922 0.621576 0 0 7.42688e-44 0 8.44736e-38 0 1.24397e-34 0 1.5299e-32 0 5.27066e-31 0 8.50225e-30 0 8.28843e-29 0 5.57754e-28 0 2.87459e-27 0 1.23426e-26 0 4.382e-26 0 1.37698e-25 0 3.96386e-25 0 1.02788e-24 0 2.41993e-24 0 5.44433e-24 0 1.14844e-23 0 2.32922e-23 0 4.45836e-23 0 8.08008e-23 0
31.8653 0.00013587 2.7356e-05 0.000108513 0.79866 0.611583 0 0 1.01888e-41 0 5.90762e-36 0 6.09286e-33 0 5.92435e-31 0 1.71708e-29 0 2.41822e-28 0 2.10936e-27 0 1.29329e-26 0 6.1526e-26 0 2.46033e-25 0 8.21093e-25 0 2.43988e-24 0 6.67023e-24 0 1.65105e-23 0 3.7279e-23 0 8.06146e-23 0 1.63965e-22 0 3.21261e-22 0 5.9574e-22 0 1.04879e-21 0
33.5009 0.000137023 2.67933e-05 0.00011023 0.804461 0.601729 0 0 1.0917e-39 0 3.3112e-34 0 2.43371e-31 0 1.89249e-29 0 4.65367e-28 0 5.75993e-27 0 4.52007e-26 0 2.53653e-25 0 1.11823e-24 0 4.17904e-24 0 1.31499e-23 0 3.70514e-23 0 9.64389e-23 0 2.28378e-22 0 4.95551e-22 0 1.03201e-21 0 2.02753e-21 0 3.84426e-21 0 6.91699e-21 0 1.18456e-20 0
35.2205 0.00013812 2.64094e-05 0.00011171 0.808793 0.593786 7.9874e-44 0 9.24627e-38 0 1.51426e-32 0 8.06379e-30 0 5.0698e-28 0 1.06623e-26 0 1.16714e-25 0 8.28263e-25 0 4.27257e-24 0 1.75196e-23 0 6.13924e-23 0 1.82664e-22 0 4.89295e-22 0 1.21544e-21 0 2.75967e-21 0 5.76587e-21 0 1.15853e-20 0 2.20227e-20 0 4.04715e-20 0 7.07617e-20 0 1.1804e-19 0
37.0284 0.000139104 2.5948e-05 0.000113156 0.813463 0.585669 1.06569e-41 0 6.20444e-36 0 5.65401e-31 0 2.21607e-28 0 1.13823e-26 0 2.063e-25 0 2.00925e-24 0 1.29576e-23 0 6.16961e-23 0 2.36141e-22 0 7.78348e-22 0 2.19579e-21 0 5.60554e-21 0 1.33195e-20 0 2.90551e-20 0 5.85607e-20 0 1.13724e-19 0 2.09506e-19 0 3.73742e-19 0 6.35878e-19 0 1.03456e-18 0
38.9291 0.000140023 2.55371e-05 0.000114486 0.817622 0.578722 1.10079e-39 0 3.35188e-34 0 1.74901e-29 0 5.12164e-27 0 2.17036e-25 0 3.41483e-24 0 2.97604e-23 0 1.7523e-22 0 7.73129e-22 0 2.77144e-21 0 8.6182e-21 0 2.31123e-20 0 5.63633e-20 0 1.28385e-19 0 2.69595e-19 0 5.25091e-19 0 9.87202e-19 0 1.7652e-18 0 3.06124e-18 0 5.07494e-18 0 8.06292e-18 0
40.9273 0.000140703 2.50534e-05 0.00011565 0.821942 0.571934 8.921e-38 0 1.46645e-32 0 4.5024e-28 0 9.99149e-26 0 3.52623e-24 0 4.84969e-23 0 3.80256e-22 0 2.0533e-21 0 8.426e-21 0 2.83795e-20 0 8.34948e-20 0 2.13387e-19 0 4.98218e-19 0 1.09014e-18 0 2.20774e-18 0 4.16232e-18 0 7.58789e-18 0 1.31882e-17 0 2.22647e-17 0 3.60106e-17 0 5.59339e-17 0
43.0281 0.000141218 2.45881e-05 0.00011663 0.825886 0.5652 5.75948e-36 0 5.26719e-31 0 9.76502e-27 0 1.6646e-24 0 4.93657e-23 0 5.97375e-22 0 4.23587e-21 0 2.1065e-20 0 8.06851e-20 0 2.5611e-19 0 7.14826e-19 0 1.74507e-18 0 3.90917e-18 0 8.23275e-18 0 1.61082e-17 0 2.94435e-17 0 5.21245e-17 0 8.81835e-17 0 1.45115e-16 0 2.29262e-16 0 3.48529e-16 0
45.2368 0.0001417 2.41049e-05 0.000117596 0.829888 0.558887 2.99088e-34 0 1.56592e-29 0 1.79671e-25 0 2.38317e-23 0 5.9896e-22 0 6.41729e-21 0 4.13536e-20 0 1.90161e-19 0 6.82144e-19 0 2.04653e-18 0 5.43284e-18 0 1.26974e-17 0 2.73454e-17 0 5.55332e-17 0 1.05153e-16 0 1.86627e-16 0 3.21305e-16 0 5.29802e-16 0 8.50897e-16 0 1.31462e-15 0 1.95806e-15 0
47.5588 0.000141924 2.36978e-05 0.000118226 0.833024 0.553023 1.26753e-32 0 3.90418e-28 0 2.8381e-24 0 2.9653e-22 0 6.36714e-21 0 6.07592e-20 0 3.57492e-19 0 1.52589e-18 0 5.14272e-18 0 1.46231e-17 0 3.70123e-17 0 8.29915e-17 0 1.72162e-16 0 3.3774e-16 0 6.19891e-16 0 1.0698e-15 0 1.7936e-15 0 2.88614e-15 0 4.52933e-15 0 6.85066e-15 0 1.00072e-14 0
50 0.000142136 2.33002e-05 0.000118835 0.836071 0.546441 4.41622e-31 0 8.21242e-27 0 3.86754e-23 0 3.22031e-21 0 5.95316e-20 0 5.08843e-19 0 2.74575e-18 0 1.0918e-17 0 3.46779e-17 0 9.37001e-17 0 2.2665e-16 0 4.88564e-16 0 9.78029e-16 0 1.85656e-15 0 3.30801e-15 0 5.55883e-15 0 9.08758e-15 0 1.42874e-14 0 2.19339e-14 0 3.25117e-14 0 4.66211e-14 0
52.5665 0.000142356 2.29977e-05 0.000119359 0.83845 0.54013 1.28195e-29 0 1.47516e-25 0 4.59699e-22 0 3.0844e-20 0 4.94501e-19 0 3.80633e-18 0 1.89165e-17 0 7.03163e-17 0 2.11085e-16 0 5.43336e-16 0 1.25879e-15 0 2.61357e-15 0 5.05763e-15 0 9.30496e-15 0 1.61185e-14 0 2.64079e-14 0 4.2148e-14 0 6.48169e-14 0 9.74452e-14 0 1.4169e-13 0 1.99636e-13 0
55.2648 0.000142501 2.26655e-05 0.000119836 0.840945 0.534407 3.11193e-28 0 2.26844e-24 0 4.77296e-21 0 2.60794e-19 0 3.65142e-18 0 2.54406e-17 0 1.16913e-16 0 4.07603e-16 0 1.15966e-15 0 2.85032e-15 0 6.33819e-15 0 1.26985e-14 0 2.37941e-14 0 4.24921e-14 0 7.16585e-14 0 1.14607e-13 0 1.78789e-13 0 2.69231e-13 0 3.96782e-13 0 5.66492e-13 0 7.84916e-13 0
58.1015 0.000142638 2.24749e-05 0.000120163 0.842434 0.528506 6.42094e-27 0 3.03181e-23 0 4.39054e-20 0 1.97332e-18 0 2.42885e-17 0 1.53923e-16 0 6.56601e-16 0 2.15375e-15 0 5.82262e-15 0 1.36966e-14 0 2.92913e-14 0 5.67273e-14 0 1.03084e-13 0 1.78952e-13 0 2.94181e-13 0 4.59832e-13 0 7.0194e-13 0 1.03611e-12 0 1.49833e-12 0 2.10233e-12 0 2.86691e-12 0
61.0839 0.000142701 2.23183e-05 0.000120383 0.843601 0.521134 1.13014e-25 0 3.53061e-22 0 3.58379e-19 0 1.33761e-17 0 1.45648e-16 0 8.43445e-16 0 3.35194e-15 0 1.03753e-14 0 2.672e-14 0 6.02827e-14 0 1.24223e-13 0 2.32937e-13 0 4.11125e-13 0 6.9474e-13 0 1.11471e-12 0 1.7048e-12 0 2.54921e-12 0 3.69194e-12 0 5.24368e-12 0 7.23679e-12 0 9.72039e-12 0
64.2193 0.000142801 2.20841e-05 0.000120717 0.84535 0.513441 1.70157e-24 0 3.58874e-21 0 2.59803e-18 0 8.12611e-17 0 7.87459e-16 0 4.18542e-15 0 1.55496e-14 0 4.55479e-14 0 1.12007e-13 0 2.42856e-13 0 4.83086e-13 0 8.78482e-13 0 1.50807e-12 0 2.48396e-12 0 3.89455e-12 0 5.83396e-12 0 8.55389e-12 0 1.21663e-11 0 1.69864e-11 0 2.3077e-11 0 3.05535e-11 0
67.5157 0.000143098 2.19311e-05 0.000121167 0.846741 0.507284 2.22382e-23 0 3.22772e-20 0 1.69425e-17 0 4.47931e-16 0 3.88507e-15 0 1.90321e-14 0 6.63194e-14 0 1.84332e-13 0 4.33807e-13 0 9.05713e-13 0 1.74215e-12 0 3.07689e-12 0 5.14449e-12 0 8.26962e-12 0 1.26842e-11 0 1.86294e-11 0 2.68092e-11 0 3.74809e-11 0 5.14843e-11 0 6.89059e-11 0 8.99884e-11 0
70.9813 0.000143353 2.19407e-05 0.000121413 0.846947 0.501401 2.55037e-22 0 2.59435e-19 0 1.00301e-16 0 2.25995e-15 0 1.76393e-14 0 7.99607e-14 0 2.62156e-13 0 6.93175e-13 0 1.56456e-12 0 3.15121e-12 0 5.87085e-12 0 1.00848e-11 0 1.64437e-11 0 2.58272e-11 0 3.87957e-11 0 5.59202e-11 0 7.90563e-11 0 1.08732e-10 0 1.47059e-10 0 1.9404e-10 0 2.50128e-10 0
74.6248 0.000143323 2.1967e-05 0.000121356 0.846731 0.493018 2.56693e-21 0 1.86211e-18 0 5.38219e-16 0 1.04161e-14 0 7.3539e-14 0 3.09646e-13 0 9.58011e-13 0 2.41566e-12 0 5.23991e-12 0 1.01991e-11 0 1.84328e-11 0 3.08381e-11 0 4.90966e-11 0 7.5432e-11 0 1.1108e-10 0 1.57278e-10 0 2.18622e-10 0 2.96044e-10 0 3.94537e-10 0 5.13583e-10 0 6.53878e-10 0
78.4553 0.000143244 2.18995e-05 0.000121345 0.847118 0.482025 2.2705e-20 0 1.19412e-17 0 2.61726e-15 0 4.38298e-14 0 2.8128e-13 0 1.10409e-12 0 3.23267e-12 0 7.7914e-12 0 1.62736e-11 0 3.0662e-11 0 5.38371e-11 0 8.78344e-11 0 1.367e-10 0 2.05668e-10 0 2.97194e-10 0 4.13713e-10 0 5.65902e-10 0 7.55049e-10 0 9.9224e-10 0 1.27511e-09 0 1.6044e-09 0
82.4824 0.000143576 2.1865e-05 0.000121711 0.847711 0.471508 1.78602e-19 0 6.91777e-17 0 1.16541e-14 0 1.70077e-13 0 9.96771e-13 0 3.65986e-12 0 1.01682e-11 0 2.34771e-11 0 4.73037e-11 0 8.64131e-11 0 1.47613e-10 0 2.35141e-10 0 3.58139e-10 0 5.28189e-10 0 7.49646e-10 0 1.02684e-09 0 1.38325e-09 0 1.81979e-09 0 2.35978e-09 0 2.9956e-09 0 3.72716e-09 0
86.7162 0.000144319 2.20247e-05 0.000122294 0.847389 0.46381 1.26597e-18 0 3.66556e-16 0 4.80781e-14 0 6.15563e-13 0 3.30925e-12 0 1.1403e-11 0 3.01391e-11 0 6.6802e-11 0 1.30073e-10 0 2.30724e-10 0 3.83958e-10 0 5.97882e-10 0 8.9211e-10 0 1.29097e-09 0 1.80119e-09 0 2.42959e-09 0 3.22564e-09 0 4.18716e-09 0 5.36117e-09 0 6.72687e-09 0 8.28085e-09 0
91.1674 0.000144967 2.23458e-05 0.000122621 0.845856 0.457576 8.11716e-18 0 1.7821e-15 0 1.84221e-13 0 2.08257e-12 0 1.03132e-11 0 3.34542e-11 0 8.43241e-11 0 1.79777e-10 0 3.38845e-10 0 5.84462e-10 0 9.4874e-10 0 1.44573e-09 0 2.11546e-09 0 3.00655e-09 0 4.12714e-09 0 5.48626e-09 0 7.18373e-09 0 9.20707e-09 0 1.16472e-08 0 1.44531e-08 0 1.76123e-08 0
95.847 0.000145075 2.26829e-05 0.000122392 0.843647 0.449195 4.70114e-17 0 7.93247e-15 0 6.53828e-13 0 6.566e-12 0 3.00726e-11 0 9.21036e-11 0 2.21909e-10 0 4.55937e-10 0 8.33168e-10 0 1.39936e-09 0 2.21844e-09 0 3.31174e-09 0 4.75666e-09 0 6.64525e-09 0 8.98203e-09 0 1.17751e-08 0 1.52168e-08 0 1.92679e-08 0 2.40961e-08 0 2.95878e-08 0 3.57088e-08 0
100.767 0.000144736 2.29449e-05 0.000121791 0.841471 0.43583 2.46181e-16 0 3.23384e-14 0 2.14894e-12 0 1.92818e-11 0 8.19882e-11 0 2.37752e-10 0 5.48752e-10 0 1.08852e-09 0 1.93144e-09 0 3.16288e-09 0 4.90265e-09 0 7.17702e-09 0 1.01277e-08 0 1.39198e-08 0 1.85398e-08 0 2.39859e-08 0 3.06109e-08 0 3.83161e-08 0 4.73973e-08 0 5.7619e-08 0 6.89035e-08 0
105.939 0.000144598 2.32148e-05 0.000121384 0.839454 0.418247 1.17552e-15 0 1.21692e-13 0 6.58846e-12 0 5.31107e-11 0 2.10424e-10 0 5.79284e-10 0 1.28354e-09 0 2.46233e-09 0 4.24846e-09 0 6.79163e-09 0 1.03045e-08 0 1.48068e-08 0 2.0546e-08 0 2.78037e-08 0 3.65173e-08 0 4.6654e-08 0 5.88352e-08 0 7.2842e-08 0 8.91752e-08 0 1.07378e-07 0 1.27291e-07 0
111.377 0.000145183 2.36004e-05 0.000121583 0.837445 0.399696 5.16494e-15 0 4.263e-13 0 1.89933e-11 0 1.38275e-10 0 5.1223e-10 0 1.34211e-09 0 2.86047e-09 0 5.31571e-09 0 8.93059e-09 0 1.39532e-08 0 2.07439e-08 0 2.92844e-08 0 3.99904e-08 0 5.33234e-08 0 6.91088e-08 0 8.72426e-08 0 1.08782e-07 0 1.33283e-07 0 1.61565e-07 0 1.92788e-07 0 2.2665e-07 0
117.094 0.000146634 2.41788e-05 0.000122455 0.835108 0.383825 2.10341e-14 0 1.39957e-12 0 5.18055e-11 0 3.42315e-10 0 1.18954e-09 0 2.97358e-09 0 6.10775e-09 0 1.1012e-08 0 1.80378e-08 0 2.75751e-08 0 4.0209e-08 0 5.58159e-08 0 7.50707e-08 0 9.87032e-08 0 1.26313e-07 0 1.57653e-07 0 1.94471e-07 0 2.35919e-07 0 2.83306e-07 0 3.35152e-07 0 3.90918e-07 0
123.105 0.000148566 2.49022e-05 0.000123664 0.832383 0.372138 7.95236e-14 0 4.3108e-12 0 1.33772e-10 0 8.06076e-10 0 2.63583e-09 0 6.30073e-09 0 1.24948e-08 0 2.18885e-08 0 3.50002e-08 0 5.24088e-08 0 7.50262e-08 0 1.02493e-07 0 1.35869e-07 0 1.7627e-07 0 2.22878e-07 0 2.75183e-07 0 3.35987e-07 0 4.03771e-07 0 4.80558e-07 0 5.63857e-07 0 6.52754e-07 0
129.424 0.000150232 2.53372e-05 0.000124895 0.831347 0.362758 2.75365e-13 0 1.22831e-11 0 3.22312e-10 0 1.77912e-09 0 5.49066e-09 0 1.25782e-08 0 2.41235e-08 0 4.11186e-08 0 6.42599e-08 0 9.43437e-08 0 1.32713e-07 0 1.78558e-07 0 2.3347e-07 0 2.99067e-07 0 3.73837e-07 0 4.56843e-07 0 5.52376e-07 0 6.57885e-07 0 7.76371e-07 0 9.03863e-07 0 1.03891e-06 0
136.067 0.000150913 2.5273e-05 0.00012564 0.832533 0.352537 8.698e-13 0 3.2232e-11 0 7.21069e-10 0 3.6617e-09 0 1.06956e-08 0 2.35302e-08 0 4.37158e-08 0 7.25987e-08 0 1.1101e-07 0 1.59953e-07 0 2.21289e-07 0 2.93449e-07 0 3.78703e-07 0 4.79276e-07 0 5.92608e-07 0 7.17134e-07 0 8.59096e-07 0 1.0145e-06 0 1.18757e-06 0 1.37236e-06 0 1.56672e-06 0
143.051 0.000149823 2.40468e-05 0.000125776 0.839499 0.335811 2.44729e-12 0 7.60247e-11 0 1.46133e-09 0 6.85484e-09 0 1.90017e-08 0 4.02247e-08 0 7.25056e-08 0 1.17464e-07 0 1.75928e-07 0 2.49013e-07 0 3.39082e-07 0 4.43501e-07 0 5.65265e-07 0 7.07204e-07 0 8.65418e-07 0 1.03756e-06 0 1.23204e-06 0 1.44314e-06 0 1.6764e-06 0 1.92363e-06 0 2.18191e-06 0
150.394 0.000147449 2.22962e-05 0.000125152 0.848787 0.309833 6.28677e-12 0 1.65135e-10 0 2.74759e-09 0 1.19516e-08 0 3.15213e-08 0 6.43283e-08 0 1.12665e-07 0 1.78276e-07 0 2.61792e-07 0 3.64314e-07 0 4.88667e-07 0 6.30827e-07 0 7.94555e-07 0 9.83257e-07 0 1.19143e-06 0 1.41582e-06 0 1.66716e-06 0 1.9378e-06 0 2.2346e-06 0 2.54698e-06 0 2.87125e-06 0
158.114 0.000144582 2.05146e-05 0.000124068 0.858111 0.272773 1.50631e-11 0 3.37305e-10 0 4.89233e-09 0 1.9807e-08 0 4.98233e-08 0 9.81985e-08 0 1.67343e-07 0 2.5893e-07 0 3.73163e-07 0 5.10988e-07 0 6.75649e-07 0 8.61398e-07 0 1.07282e-06 0 1.31386e-06 0 1.57717e-06 0 1.8585e-06 0 2.17103e-06 0 2.505e-06 0 2.86865e-06 0 3.24884e-06 0 3.6411e-06 0
166.23 0.000142425 1.88601e-05 0.000123565 0.867579 0.226262 3.39975e-11 0 6.54092e-10 0 8.32575e-09 0 3.1483e-08 0 7.57059e-08 0 1.44349e-07 0 2.39671e-07 0 3.63023e-07 0 5.13927e-07 0 6.93025e-07 0 9.03934e-07 0 1.13886e-06 0 1.40326e-06 0 1.70163e-06 0 2.02451e-06 0 2.36659e-06 0 2.74367e-06 0 3.14369e-06 0 3.57632e-06 0 4.02577e-06 0 4.4868e-06 0
174.763 0.000141629 1.74597e-05 0.000124169 0.876722 0.174224 7.30538e-11 0 1.21656e-09 0 1.36766e-08 0 4.8465e-08 0 1.11655e-07 0 2.0629e-07 0 3.34139e-07 0 4.95955e-07 0 6.90303e-07 0 9.17376e-07 0 1.18114e-06 0 1.47142e-06 0 1.79464e-06 0 2.15585e-06 0 2.54325e-06 0 2.95042e-06 0 3.39592e-06 0 3.86527e-06 0 4.36961e-06 0 4.89043e-06 0 5.4217e-06 0
183.733 0.000142387 1.66341e-05 0.000125753 0.883177 0.122125 1.53159e-10 0 2.2233e-09 0 2.22093e-08 0 7.39875e-08 0 1.63648e-07 0 2.93424e-07 0 4.64216e-07 0 6.75866e-07 0 9.25653e-07 0 1.21318e-06 0 1.54285e-06 0 1.90151e-06 0 2.29684e-06 0 2.73453e-06 0 3.20001e-06 0 3.68551e-06 0 4.21299e-06 0 4.76507e-06 0 5.35467e-06 0 5.96005e-06 0 6.57435e-06 0
193.164 0.000144279 1.60608e-05 0.000128218 0.888682 0.0728147 3.09331e-10 0 3.94049e-09 0 3.51793e-08 0 1.10508e-07 0 2.35134e-07 0 4.0975e-07 0 6.33894e-07 0 9.06135e-07 0 1.22212e-06 0 1.58072e-06 0 1.98681e-06 0 2.42382e-06 0 2.90087e-06 0 3.42439e-06 0 3.97668e-06 0 4.54855e-06 0 5.16573e-06 0 5.80764e-06 0 6.48921e-06 0 7.18521e-06 0 7.88795e-06 0
203.079 0.000146785 1.57515e-05 0.000131034 0.89269 0.0284546 6.04684e-10 0 6.80298e-09 0 5.45779e-08 0 1.62126e-07 0 3.3248e-07 0 5.63889e-07 0 8.53965e-07 0 1.19961e-06 0 1.59448e-06 0 2.03661e-06 0 2.53141e-06 0 3.05839e-06 0 3.62838e-06 0 4.24866e-06 0 4.89801e-06 0 5.56577e-06 0 6.28185e-06 0 7.02223e-06 0 7.80398e-06 0 8.59816e-06 0 9.39624e-06 0
213.503 0.000149254 1.57165e-05 0.000133537 0.894699 -0.0102099 1.14864e-09 0 1.14824e-08 0 8.32145e-08 0 2.34396e-07 0 4.64124e-07 0 7.67118e-07 0 1.13844e-06 0 1.57292e-06 0 2.06183e-06 0 2.60228e-06 0 3.20036e-06 0 3.83109e-06 0 4.50735e-06 0 5.23741e-06 0 5.99614e-06 0 6.77127e-06 0 7.59748e-06 0 8.4469e-06 0 9.33907e-06 0 1.0241e-05 0 1.11432e-05 0
224.463 0.000150892 1.57516e-05 0.00013514 0.89561 -0.0439323 2.09804e-09 0 1.87433e-08 0 1.23315e-07 0 3.30225e-07 0 6.32426e-07 0 1.01997e-06 0 1.48479e-06 0 2.01934e-06 0 2.61228e-06 0 3.25978e-06 0 3.96871e-06 0 4.70937e-06 0 5.4969e-06 0 6.34066e-06 0 7.2115e-06 0 8.09561e-06 0 9.03259e-06 0 9.99073e-06 0 1.09921e-05 0 1.19996e-05 0 1.30032e-05 0
235.984 0.000151015 1.57965e-05 0.000135219 0.895398 -0.0733394 3.67858e-09 0 2.95311e-08 0 1.77216e-07 0 4.52286e-07 0 8.39147e-07 0 1.32215e-06 0 1.88974e-06 0 2.53181e-06 0 3.23435e-06 0 3.99268e-06 0 4.81459e-06 0 5.66564e-06 0 6.56342e-06 0 7.51838e-06 0 8.49752e-06 0 9.48571e-06 0 1.05273e-05 0 1.1587e-05 0 1.26891e-05 0 1.37932e-05 0 1.48885e-05 0
248.097 0.000149004 1.57878e-05 0.000133216 0.894044 -0.0990772 6.17896e-09 0 4.48073e-08 0 2.46365e-07 0 6.00655e-07 0 1.08131e-06 0 1.66632e-06 0 2.34051e-06 0 3.09131e-06 0 3.90222e-06 0 4.76794e-06 0 5.69721e-06 0 6.65131e-06 0 7.65028e-06 0 8.70561e-06 0 9.78089e-06 0 1.086e-05 0 1.19916e-05 0 1.31372e-05 0 1.43234e-05 0 1.55067e-05 0 1.66761e-05 0
260.832 0.000144586 1.57693e-05 0.000128817 0.890935 -0.121623 9.99005e-09 0 6.57645e-08 0 3.32724e-07 0 7.76673e-07 0 1.35863e-06 0 2.04998e-06 0 2.83208e-06 0 3.69017e-06 0 4.60559e-06 0 5.57268e-06 0 6.6013e-06 0 7.64894e-06 0 8.73804e-06 0 9.88111e-06 0 1.10389e-05 0 1.21946e-05 0 1.34005e-05 0 1.46159e-05 0 1.58689e-05 0 1.71138e-05 0 1.83396e-05 0
274.221 0.000137621 1.56069e-05 0.000122014 0.886595 -0.141764 1.54423e-08 0 9.27213e-08 0 4.33412e-07 0 9.70705e-07 0 1.65235e-06 0 2.44364e-06 0 3.32317e-06 0 4.27458e-06 0 5.27771e-06 0 6.32696e-06 0 7.43329e-06 0 8.5515e-06 0 9.70611e-06 0 1.09105e-05 0 1.21235e-05 0 1.33282e-05 0 1.45794e-05 0 1.58349e-05 0 1.7124e-05 0 1.83999e-05 0 1.96519e-05 0
288.297 0.000128329 1.52593e-05 0.00011307 0.881093 -0.159951 2.27934e-08 0 1.25392e-07 0 5.43627e-07 0 1.17058e-06 0 1.94156e-06 0 2.8171e-06 0 3.77411e-06 0 4.79549e-06 0 5.86045e-06 0 6.96389e-06 0 8.1178e-06 0 9.27565e-06 0 1.04635e-05 0 1.16954e-05 0 1.29294e-05 0 1.41492e-05 0 1.54104e-05 0 1.66707e-05 0 1.79598e-05 0 1.92311e-05 0 2.04745e-05 0
303.095 0.000117248 1.47429e-05 0.000102505 0.874259 -0.176428 3.21882e-08 0 1.62933e-07 0 6.57583e-07 0 1.36397e-06 0 2.2072e-06 0 3.14501e-06 0 4.15387e-06 0 5.21691e-06 0 6.31364e-06 0 7.43985e-06 0 8.60838e-06 0 9.77285e-06 0 1.09603e-05 0 1.21848e-05 0 1.34053e-05 0 1.46063e-05 0 1.58428e-05 0 1.70736e-05 0 1.8328e-05 0 1.95609e-05 0 2.0763e-05 0
318.653 0.00010516 1.41248e-05 9.10355e-05 0.865683 -0.191377 4.37102e-08 0 2.04415e-07 0 7.70705e-07 0 1.54275e-06 0 2.43867e-06 0 3.41547e-06 0 4.4505e-06 0 5.52796e-06 0 6.62847e-06 0 7.74897e-06 0 8.90298e-06 0 1.00455e-05 0 1.12039e-05 0 1.23921e-05 0 1.35709e-05 0 1.47257e-05 0 1.591e-05 0 1.70845e-05 0 1.82774e-05 0 1.94461e-05 0 2.05822e-05 0
335.009 9.27387e-05 1.33895e-05 7.93492e-05 0.855622 -0.205122 5.70358e-08 0 2.47388e-07 0 8.74255e-07 0 1.69184e-06 0 2.61543e-06 0 3.60356e-06 0 4.63567e-06 0 5.6978e-06 0 6.77236e-06 0 7.85767e-06 0 8.96759e-06 0 1.00597e-05 0 1.11609e-05 0 1.22849e-05 0 1.33949e-05 0 1.4478e-05 0 1.55846e-05 0 1.66781e-05 0 1.77852e-05 0 1.88666e-05 0 1.99148e-05 0
352.205 8.06426e-05 1.25859e-05 6.80567e-05 0.84393 -0.217777 7.17745e-08 0 2.89802e-07 0 9.63011e-07 0 1.80467e-06 0 2.73142e-06 0 3.70533e-06 0 4.70881e-06 0 5.73028e-06 0 6.75442e-06 0 7.78095e-06 0 8.82378e-06 0 9.84392e-06 0 1.08673e-05 0 1.19069e-05 0 1.29292e-05 0 1.39228e-05 0 1.49345e-05 0 1.59309e-05 0 1.69366e-05 0 1.79161e-05 0 1.88632e-05 0
370.284 6.94054e-05 1.17971e-05 5.76083e-05 0.830027 -0.229313 8.7715e-08 0 3.3085e-07 0 1.03693e-06 0 1.88475e-06 0 2.79585e-06 0 3.73717e-06 0 4.69464e-06 0 5.65924e-06 0 6.61816e-06 0 7.5724e-06 0 8.53572e-06 0 9.47289e-06 0 1.04084e-05 0 1.13547e-05 0 1.22814e-05 0 1.31788e-05 0 1.40895e-05 0 1.49838e-05 0 1.58837e-05 0 1.67578e-05 0 1.76009e-05 0
389.291 5.92585e-05 1.10213e-05 4.82372e-05 0.814013 -0.239942 1.04188e-07 0 3.68345e-07 0 1.09199e-06 0 1.92809e-06 0 2.80608e-06 0 3.69868e-06 0 4.59556e-06 0 5.49033e-06 0 6.37269e-06 0 7.24478e-06 0 8.11996e-06 0 8.96697e-06 0 9.80863e-06 0 1.06564e-05 0 1.14834e-05 0 1.22817e-05 0 1.30892e-05 0 1.38798e-05 0 1.46732e-05 0 1.5442e-05 0 1.61818e-05 0
409.273 5.03242e-05 1.0279e-05 4.00452e-05 0.795745 -0.249743 1.20622e-07 0 4.00985e-07 0 1.12756e-06 0 1.93682e-06 0 2.76818e-06 0 3.60058e-06 0 4.42736e-06 0 5.24462e-06 0 6.04442e-06 0 6.82985e-06 0 7.61366e-06 0 8.36854e-06 0 9.11542e-06 0 9.86473e-06 0 1.05932e-05 0 1.1294e-05 0 1.20008e-05 0 1.2691e-05 0 1.33818e-05 0 1.40497e-05 0 1.46909e-05 0
430.281 4.26604e-05 9.6109e-06 3.30495e-05 0.774711 -0.258636 1.36853e-07 0 4.29079e-07 0 1.14749e-06 0 1.92019e-06 0 2.69767e-06 0 3.46496e-06 0 4.21879e-06 0 4.95748e-06 0 5.67522e-06 0 6.37581e-06 0 7.07128e-06 0 7.73801e-06 0 8.39499e-06 0 9.05169e-06 0 9.68794e-06 0 1.02982e-05 0 1.09121e-05 0 1.15099e-05 0 1.21069e-05 0 1.26827e-05 0 1.32345e-05 0
452.368 3.61487e-05 9.00081e-06 2.71479e-05 0.751006 -0.266773 1.52191e-07 0 4.51353e-07 0 1.15086e-06 0 1.87866e-06 0 2.59669e-06 0 3.29572e-06 0 3.97543e-06 0 4.63605e-06 0 5.27362e-06 0 5.89241e-06 0 6.50366e-06 0 7.08711e-06 0 7.65985e-06 0 8.23036e-06 0 8.78137e-06 0 9.30841e-06 0 9.83714e-06 0 1.03508e-05 0 1.08627e-05 0 1.13554e-05 0 1.18265e-05 0
475.588 3.06633e-05 8.44372e-06 2.22196e-05 0.724631 -0.274232 1.66085e-07 0 4.672e-07 0 1.13856e-06 0 1.81539e-06 0 2.47082e-06 0 3.10074e-06 0 3.70735e-06 0 4.29238e-06 0 4.85342e-06 0 5.39504e-06 0 5.92758e-06 0 6.43384e-06 0 6.92903e-06 0 7.4207e-06 0 7.89417e-06 0 8.34585e-06 0 8.79789e-06 0 9.23609e-06 0 9.6718e-06 0 1.00904e-05 0 1.049e-05 0
500 2.60788e-05 7.9384e-06 1.81404e-05 0.695599 -0.281049 1.78126e-07 0 4.76538e-07 0 1.11251e-06 0 1.73476e-06 0 2.32685e-06 0 2.88903e-06 0 3.42549e-06 0 3.93912e-06 0 4.42877e-06 0 4.89911e-06 0 5.35955e-06 0 5.79561e-06 0 6.22072e-06 0 6.64153e-06 0 7.04565e-06 0 7.43022e-06 0 7.81422e-06 0 8.1857e-06 0 8.55435e-06 0 8.90784e-06 0 9.24477e-06 0
525.665 2.23064e-05 7.51027e-06 1.47961e-05 0.663313 -0.287038 1.88705e-07 0 4.81339e-07 0 1.07888e-06 0 1.6472e-06 0 2.17908e-06 0 2.67836e-06 0 3.15073e-06 0 3.59994e-06 0 4.02579e-06 0 4.43293e-06 0 4.82989e-06 0 5.2045e-06 0 5.56856e-06 0 5.92792e-06 0 6.27215e-06 0 6.59897e-06 0 6.92463e-06 0 7.23905e-06 0 7.55051e-06 0 7.84867e-06 0 8.13242e-06 0
552.648 1.91737e-05 7.12135e-06 1.20524e-05 0.628588 -0.292464 1.96863e-07 0 4.79933e-07 0 1.03501e-06 0 1.54897e-06 0 2.02253e-06 0 2.46233e-06 0 2.8751e-06 0 3.26513e-06 0 3.63296e-06 0 3.9831e-06 0 4.32318e-06 0 4.64306e-06 0 4.95303e-06 0 5.25819e-06 0 5.5498e-06 0 5.82608e-06 0 6.10083e-06 0 6.36563e-06 0 6.62748e-06 0 6.87777e-06 0 7.11562e-06 0
581.015 1.65755e-05 6.76687e-06 9.8086e-06 0.591754 -0.297369 2.02391e-07 0 4.72675e-07 0 9.82773e-07 0 1.44327e-06 0 1.8614e-06 0 2.24584e-06 0 2.60395e-06 0 2.94032e-06 0 3.25601e-06 0 3.55528e-06 0 3.84493e-06 0 4.11654e-06 0 4.37903e-06 0 4.63681e-06 0 4.8826e-06 0 5.115e-06 0 5.3457e-06 0 5.56767e-06 0 5.78683e-06 0 5.996e-06 0 6.19452e-06 0
610.839 1.44245e-05 6.44286e-06 7.98163e-06 0.553339 -0.301777 2.052e-07 0 4.6012e-07 0 9.24138e-07 0 1.33315e-06 0 1.69946e-06 0 2.0331e-06 0 2.34171e-06 0 2.62999e-06 0 2.89932e-06 0 3.15367e-06 0 3.39904e-06 0 3.62846e-06 0 3.84962e-06 0 4.06633e-06 0 4.27253e-06 0 4.46714e-06 0 4.66e-06 0 4.84527e-06 0 5.02794e-06 0 5.20204e-06 0 5.36708e-06 0
642.193 1.26413e-05 6.14526e-06 6.49599e-06 0.513872 -0.305728 2.05298e-07 0 4.42922e-07 0 8.60955e-07 0 1.22125e-06 0 1.53979e-06 0 1.82739e-06 0 2.09167e-06 0 2.33727e-06 0 2.56575e-06 0 2.78077e-06 0 2.98757e-06 0 3.18041e-06 0 3.36588e-06 0 3.54722e-06 0 3.71945e-06 0 3.88172e-06 0 4.04228e-06 0 4.1963e-06 0 4.34795e-06 0 4.49231e-06 0 4.62901e-06 0
675.157 1.11557e-05 5.87003e-06 5.2857e-06 0.47381 -0.309258 2.02778e-07 0 4.21791e-07 0 7.94909e-07 0 1.10977e-06 0 1.38481e-06 0 1.63111e-06 0 1.85606e-06 0 2.06411e-06 0 2.2569e-06 0 2.43774e-06 0 2.61117e-06 0 2.7725e-06 0 2.92732e-06 0 3.07841e-06 0 3.22165e-06 0 3.3564e-06 0 3.48954e-06 0 3.61708e-06 0 3.7425e-06 0 3.86177e-06 0 3.97457e-06 0
709.813 9.9207e-06 5.62038e-06 4.30032e-06 0.433469 -0.312317 1.9806e-07 0 3.97977e-07 0 7.28435e-07 0 1.00183e-06 0 1.23797e-06 0 1.44783e-06 0 1.63842e-06 0 1.81391e-06 0 1.97593e-06 0 2.12745e-06 0 2.27238e-06 0 2.40689e-06 0 2.53573e-06 0 2.66122e-06 0 2.78001e-06 0 2.89159e-06 0 3.00169e-06 0 3.10703e-06 0 3.21051e-06 0 3.3088e-06 0 3.40168e-06 0
746.248 8.90391e-06 5.40283e-06 3.50109e-06 0.393208 -0.314785 1.91748e-07 0 3.72898e-07 0 6.63971e-07 0 9.00357e-07 0 1.10241e-06 0 1.2807e-06 0 1.44177e-06 0 1.58946e-06 0 1.72537e-06 0 1.85211e-06 0 1.97304e-06 0 2.08505e-06 0 2.19213e-06 0 2.29626e-06 0 2.39467e-06 0 2.487e-06 0 2.57799e-06 0 2.66494e-06 0 2.75027e-06 0 2.83124e-06 0 2.90769e-06 0
784.553 8.0487e-06 5.19788e-06 2.85081e-06 0.354196 -0.316914 1.83544e-07 0 3.46082e-07 0 6.00406e-07 0 8.034e-07 0 9.75225e-07 0 1.12585e-06 0 1.26127e-06 0 1.38496e-06 0 1.49844e-06 0 1.60398e-06 0 1.70446e-06 0 1.79735e-06 0 1.886e-06 0 1.97207e-06 0 2.05331e-06 0 2.12943e-06 0 2.20436e-06 0 2.2759e-06 0 2.34603e-06 0 2.41252e-06 0 2.47525e-06 0
824.824 7.32507e-06 5.00378e-06 2.32129e-06 0.316896 -0.318732 1.73792e-07 0 3.18269e-07 0 5.38786e-07 0 7.11976e-07 0 8.57253e-07 0 9.83833e-07 0 1.09712e-06 0 1.20023e-06 0 1.29456e-06 0 1.38208e-06 0 1.46523e-06 0 1.54196e-06 0 1.61508e-06 0 1.68598e-06 0 1.7528e-06 0 1.81534e-06 0 1.87685e-06 0 1.93551e-06 0 1.99297e-06 0 2.0474e-06 0 2.09871e-06 0
867.163 6.70958e-06 4.81916e-06 1.89041e-06 0.281749 -0.320264 1.62857e-07 0 2.90142e-07 0 4.79965e-07 0 6.26823e-07 0 7.48982e-07 0 8.54821e-07 0 9.49152e-07 0 1.03473e-06 0 1.11281e-06 0 1.1851e-06 0 1.25365e-06 0 1.31681e-06 0 1.3769e-06 0 1.43509e-06 0 1.48988e-06 0 1.5411e-06 0 1.59142e-06 0 1.63938e-06 0 1.68631e-06 0 1.73074e-06 0 1.77259e-06 0
911.674 6.18395e-06 4.64307e-06 1.54088e-06 0.249174 -0.321527 1.5111e-07 0 2.62313e-07 0 4.24605e-07 0 5.4842e-07 0 6.50615e-07 0 7.38698e-07 0 8.16903e-07 0 8.87642e-07 0 9.52022e-07 0 1.01151e-06 0 1.06782e-06 0 1.11962e-06 0 1.16884e-06 0 1.21645e-06 0 1.26123e-06 0 1.30305e-06 0 1.34411e-06 0 1.3832e-06 0 1.42143e-06 0 1.45759e-06 0 1.49164e-06 0
958.471 5.73019e-06 4.47423e-06 1.25596e-06 0.219183 -0.322553 1.38886e-07 0 2.35266e-07 0 3.73122e-07 0 4.7694e-07 0 5.62017e-07 0 6.34995e-07 0 6.9956e-07 0 7.578e-07 0 8.10687e-07 0 8.59461e-07 0 9.05562e-07 0 9.47908e-07 0 9.881e-07 0 1.02693e-06 0 1.06342e-06 0 1.09747e-06 0 1.13087e-06 0 1.16264e-06 0 1.1937e-06 0 1.22306e-06 0 1.25068e-06 0
1007.67 5.33719e-06 4.31351e-06 1.02368e-06 0.191802 -0.323321 1.26551e-07 0 2.09487e-07 0 3.25918e-07 0 4.12554e-07 0 4.83083e-07 0 5.43314e-07 0 5.9643e-07 0 6.44221e-07 0 6.87529e-07 0 7.27403e-07 0 7.65035e-07 0 7.99559e-07 0 8.32291e-07 0 8.63884e-07 0 8.93541e-07 0 9.21195e-07 0 9.483e-07 0 9.74073e-07 0 9.99244e-07 0 1.02303e-06 0 1.04539e-06 0
1059.39 5.00201e-06 4.16731e-06 8.34705e-07 0.166874 -0.323655 1.14566e-07 0 1.85579e-07 0 2.83558e-07 0 3.55659e-07 0 4.13998e-07 0 4.63618e-07 0 5.07245e-07 0 5.46408e-07 0 5.81831e-07 0 6.14393e-07 0 6.45084e-07 0 6.73207e-07 0 6.99843e-07 0 7.2553e-07 0 7.49622e-07 0 7.72071e-07 0 7.9406e-07 0 8.14955e-07 0 8.3535e-07 0 8.54611e-07 0 8.72714e-07 0
1113.77 4.70647e-06 4.02555e-06 6.80921e-07 0.144678 -0.323794 1.02867e-07 0 1.63264e-07 0 2.4527e-07 0 3.05001e-07 0 3.53061e-07 0 3.93786e-07 0 4.29494e-07 0 4.6148e-07 0 4.90362e-07 0 5.16873e-07 0 5.41831e-07 0 5.64676e-07 0 5.86293e-07 0 6.07122e-07 0 6.26643e-07 0 6.44821e-07 0 6.62615e-07 0 6.79515e-07 0 6.96002e-07 0 7.11565e-07 0 7.26186e-07 0
1170.94 4.44309e-06 3.88767e-06 5.55422e-07 0.125008 -0.323757 9.16398e-08 0 1.42684e-07 0 2.10969e-07 0 2.60239e-07 0 2.99677e-07 0 3.32982e-07 0 3.62112e-07 0 3.88154e-07 0 4.11632e-07 0 4.33154e-07 0 4.53393e-07 0 4.719e-07 0 4.89398e-07 0 5.06245e-07 0 5.22024e-07 0 5.36708e-07 0 5.51074e-07 0 5.64711e-07 0 5.78009e-07 0 5.90555e-07 0 6.02338e-07 0
1231.05 4.20857e-06 3.75555e-06 4.53023e-07 0.107643 -0.323488 8.10782e-08 0 1.23986e-07 0 1.80606e-07 0 2.21105e-07 0 2.5337e-07 0 2.80532e-07 0 3.04234e-07 0 3.25387e-07 0 3.44428e-07 0 3.61864e-07 0 3.78242e-07 0 3.93206e-07 0 4.07343e-07 0 4.20945e-07 0 4.33676e-07 0 4.45518e-07 0 4.57097e-07 0 4.68083e-07 0 4.78792e-07 0 4.88891e-07 0 4.98372e-07 0
1294.24 4.00002e-06 3.63027e-06 3.69756e-07 0.0924384 -0.322917 7.12991e-08 0 1.07203e-07 0 1.53987e-07 0 1.87184e-07 0 2.13516e-07 0 2.35621e-07 0 2.54869e-07 0 2.72019e-07 0 2.87438e-07 0 3.0154e-07 0 3.14775e-07 0 3.26857e-07 0 3.38264e-07 0 3.49231e-07 0 3.59491e-07 0 3.69029e-07 0 3.78352e-07 0 3.87193e-07 0 3.95808e-07 0 4.03929e-07 0 4.11551e-07 0
1360.67 3.80944e-06 3.50764e-06 3.01802e-07 0.0792248 -0.322188 6.22774e-08 0 9.21634e-08 0 1.30656e-07 0 1.57769e-07 0 1.79191e-07 0 1.97127e-07 0 2.12715e-07 0 2.26582e-07 0 2.39035e-07 0 2.50414e-07 0 2.61083e-07 0 2.70816e-07 0 2.79999e-07 0 2.88824e-07 0 2.97075e-07 0 3.04741e-07 0 3.12231e-07 0 3.19332e-07 0 3.26249e-07 0 3.32767e-07 0 3.38883e-07 0
1430.51 3.63349e-06 3.38717e-06 2.46314e-07 0.0677898 -0.32133 5.40438e-08 0 7.87958e-08 0 1.10337e-07 0 1.32405e-07 0 1.49778e-07 0 1.64288e-07 0 1.76877e-07 0 1.88061e-07 0 1.98094e-07 0 2.07252e-07 0 2.15833e-07 0 2.23656e-07 0 2.31033e-07 0 2.38117e-07 0 2.44738e-07 0 2.50888e-07 0 2.56894e-07 0 2.62586e-07 0 2.68128e-07 0 2.73349e-07 0 2.78247e-07 0
1503.94 3.47015e-06 3.26912e-06 2.01038e-07 0.0579335 -0.320335 4.66136e-08 0 6.70192e-08 0 9.2768e-08 0 1.10673e-07 0 1.24721e-07 0 1.36429e-07 0 1.46571e-07 0 1.5557e-07 0 1.63634e-07 0 1.70989e-07 0 1.77876e-07 0 1.84151e-07 0 1.90064e-07 0 1.95741e-07 0 2.01044e-07 0 2.05967e-07 0 2.10774e-07 0 2.15328e-07 0 2.1976e-07 0 2.23936e-07 0 2.27851e-07 0
1581.14 3.32182e-06 3.15764e-06 1.64177e-07 0.0494239 -0.318957 4.00266e-08 0 5.67991e-08 0 7.77739e-08 0 9.22769e-08 0 1.03622e-07 0 1.13058e-07 0 1.2122e-07 0 1.28454e-07 0 1.3493e-07 0 1.40833e-07 0 1.46357e-07 0 1.51386e-07 0 1.56124e-07 0 1.6067e-07 0 1.64915e-07 0 1.68855e-07 0 1.72701e-07 0 1.76343e-07 0 1.79887e-07 0 1.83224e-07 0 1.86353e-07 0
1662.3 3.1814e-06 3.04735e-06 1.34052e-07 0.0421362 -0.317468 3.41729e-08 0 4.78999e-08 0 6.49253e-08 0 7.6637e-08 0 8.5773e-08 0 9.3358e-08 0 9.991e-08 0 1.05711e-07 0 1.10901e-07 0 1.15628e-07 0 1.20048e-07 0 1.24071e-07 0 1.27859e-07 0 1.31492e-07 0 1.34883e-07 0 1.3803e-07 0 1.41101e-07 0 1.44008e-07 0 1.46836e-07 0 1.49499e-07 0 1.51995e-07 0
1747.63 3.04763e-06 2.93819e-06 1.09437e-07 0.035909 -0.315884 2.90145e-08 0 4.02032e-08 0 5.39761e-08 0 6.34059e-08 0 7.07433e-08 0 7.6825e-08 0 8.20721e-08 0 8.67136e-08 0 9.08626e-08 0 9.46392e-08 0 9.81691e-08 0 1.0138e-07 0 1.04402e-07 0 1.073e-07 0 1.10004e-07 0 1.12513e-07 0 1.14959e-07 0 1.17276e-07 0 1.19528e-07 0 1.21649e-07 0 1.23636e-07 0
1837.33 2.91968e-06 2.8303e-06 8.93757e-08 0.0306115 -0.31422 2.45059e-08 0 3.35909e-08 0 4.46973e-08 0 5.22688e-08 0 5.81468e-08 0 6.30114e-08 0 6.72039e-08 0 7.09094e-08 0 7.42193e-08 0 7.72306e-08 0 8.00437e-08 0 8.26017e-08 0 8.50083e-08 0 8.73153e-08 0 8.94673e-08 0 9.1463e-08 0 9.34092e-08 0 9.52512e-08 0 9.70425e-08 0 9.87282e-08 0 1.00308e-07 0
1931.64 2.7968e-06 2.72379e-06 7.30154e-08 0.0261068 -0.312487 2.05948e-08 0 2.7945e-08 0 3.68744e-08 0 4.29378e-08 0 4.76352e-08 0 5.15175e-08 0 5.486e-08 0 5.7812e-08 0 6.04472e-08 0 6.28434e-08 0 6.50809e-08 0 6.71148e-08 0 6.90276e-08 0 7.08607e-08 0 7.25703e-08 0 7.41552e-08 0 7.57006e-08 0 7.71629e-08 0 7.85846e-08 0 7.99224e-08 0 8.11757e-08 0
2030.79 2.68162e-06 2.62199e-06 5.96258e-08 0.022235 -0.310288 1.72471e-08 0 2.31811e-08 0 3.03486e-08 0 3.51983e-08 0 3.89483e-08 0 4.20437e-08 0 4.47063e-08 0 4.70562e-08 0 4.91527e-08 0 5.10581e-08 0 5.28367e-08 0 5.44529e-08 0 5.59724e-08 0 5.74282e-08 0 5.87856e-08 0 6.00437e-08 0 6.12702e-08 0 6.24305e-08 0 6.35585e-08 0 6.46197e-08 0 6.56138e-08 0
2135.03 2.57573e-06 2.52707e-06 4.86576e-08 0.0188908 -0.307054 1.44097e-08 0 1.91956e-08 0 2.49461e-08 0 2.88244e-08 0 3.1818e-08 0 3.42863e-08 0 3.64077e-08 0 3.82787e-08 0 3.99472e-08 0 4.1463e-08 0 4.28773e-08 0 4.41621e-08 0 4.53697e-08 0 4.65264e-08 0 4.76047e-08 0 4.86039e-08 0 4.95778e-08 0 5.04991e-08 0 5.13945e-08 0 5.22368e-08 0 5.30257e-08 0
2244.63 2.47017e-06 2.43044e-06 3.97333e-08 0.0160852 -0.303722 1.19737e-08 0 1.58177e-08 0 2.04144e-08 0 2.35054e-08 0 2.58875e-08 0 2.78496e-08 0 2.95347e-08 0 3.10201e-08 0 3.2344e-08 0 3.35463e-08 0 3.46678e-08 0 3.56862e-08 0 3.66433e-08 0 3.75598e-08 0 3.84139e-08 0 3.92054e-08 0 3.99766e-08 0 4.07061e-08 0 4.1415e-08 0 4.20817e-08 0 4.27061e-08 0
2359.84 2.36494e-06 2.3325e-06 3.24431e-08 0.0137184 -0.300321 9.89723e-09 0 1.29724e-08 0 1.66338e-08 0 1.90892e-08 0 2.09788e-08 0 2.25337e-08 0 2.38683e-08 0 2.5044e-08 0 2.60915e-08 0 2.70425e-08 0 2.79292e-08 0 2.87343e-08 0 2.94907e-08 0 3.02148e-08 0 3.08897e-08 0 3.15148e-08 0 3.21239e-08 0 3.26999e-08 0 3.32597e-08 0 3.37861e-08 0 3.4279e-08 0
2480.97 2.26025e-06 2.23376e-06 2.64849e-08 0.0117177 -0.296879 8.13961e-09 0 1.05904e-08 0 1.34969e-08 0 1.54412e-08 0 1.69356e-08 0 1.81643e-08 0 1.92182e-08 0 2.01462e-08 0 2.09727e-08 0 2.17227e-08 0 2.24219e-08 0 2.30566e-08 0 2.36528e-08 0 2.42235e-08 0 2.47552e-08 0 2.52477e-08 0 2.57275e-08 0 2.61812e-08 0 2.6622e-08 0 2.70365e-08 0 2.74246e-08 0
2608.32 2.15651e-06 2.13489e-06 2.16212e-08 0.010026 -0.293427 6.66223e-09 0 8.6085e-09 0 1.09083e-08 0 1.24435e-08 0 1.36219e-08 0 1.45901e-08 0 1.54201e-08 0 1.61506e-08 0 1.6801e-08 0 1.73911e-08 0 1.7941e-08 0 1.84401e-08 0 1.89088e-08 0 1.93574e-08 0 1.97753e-08 0 2.01623e-08 0 2.05393e-08 0 2.08958e-08 0 2.12421e-08 0 2.15677e-08 0 2.18725e-08 0
2742.21 2.05423e-06 2.03657e-06 1.76613e-08 0.00859751 -0.289995 5.42876e-09 0 6.96933e-09 0 8.78382e-09 0 9.99253e-09 0 1.09194e-08 0 1.16804e-08 0 1.23324e-08 0 1.2906e-08 0 1.34166e-08 0 1.38797e-08 0 1.43112e-08 0 1.47028e-08 0 1.50704e-08 0 1.54222e-08 0 1.57499e-08 0 1.60534e-08 0 1.63489e-08 0 1.66283e-08 0 1.68997e-08 0 1.71549e-08 0 1.73938e-08 0
2882.97 1.95379e-06 1.93937e-06 1.44237e-08 0.00738244 -0.286607 4.4052e-09 0 5.62097e-09 0 7.04865e-09 0 7.99794e-09 0 8.72519e-09 0 9.32187e-09 0 9.83287e-09 0 1.02823e-08 0 1.06822e-08 0 1.10449e-08 0 1.13827e-08 0 1.16892e-08 0 1.19769e-08 0 1.22522e-08 0 1.25086e-08 0 1.2746e-08 0 1.29772e-08 0 1.31958e-08 0 1.34081e-08 0 1.36077e-08 0 1.37945e-08 0
3030.95 1.85567e-06 1.84389e-06 1.17774e-08 0.00634672 -0.283284 3.56087e-09 0 4.5177e-09 0 5.63826e-09 0 6.38211e-09 0 6.95146e-09 0 7.41833e-09 0 7.81799e-09 0 8.16939e-09 0 8.48198e-09 0 8.76537e-09 0 9.02934e-09 0 9.26877e-09 0 9.49353e-09 0 9.70855e-09 0 9.90878e-09 0 1.00942e-08 0 1.02747e-08 0 1.04453e-08 0 1.06111e-08 0 1.07669e-08 0 1.09127e-08 0
3186.53 1.76038e-06 1.75076e-06 9.62005e-09 0.00546476 -0.280051 2.86838e-09 0 3.61962e-09 0 4.49725e-09 0 5.07896e-09 0 5.52385e-09 0 5.88847e-09 0 6.20048e-09 0 6.47474e-09 0 6.71865e-09 0 6.93974e-09 0 7.14563e-09 0 7.33236e-09 0 7.50763e-09 0 7.67528e-09 0 7.83139e-09 0 7.97591e-09 0 8.11663e-09 0 8.24963e-09 0 8.3788e-09 0 8.50021e-09 0 8.61386e-09 0
3350.09 1.66831e-06 1.66045e-06 7.85998e-09 0.00471133 -0.276921 2.30331e-09 0 2.89191e-09 0 3.57801e-09 0 4.03214e-09 0 4.37921e-09 0 4.66352e-09 0 4.90673e-09 0 5.12045e-09 0 5.31048e-09 0 5.4827e-09 0 5.64307e-09 0 5.78848e-09 0 5.92496e-09 0 6.05549e-09 0 6.17702e-09 0 6.28952e-09 0 6.39906e-09 0 6.50258e-09 0 6.60312e-09 0 6.69761e-09 0 6.78605e-09 0
3522.05 1.57972e-06 1.5733e-06 6.42075e-09 0.00406449 -0.273906 1.84431e-09 0 2.30465e-09 0 2.84015e-09 0 3.19415e-09 0 3.46453e-09 0 3.68591e-09 0 3.87524e-09 0 4.04157e-09 0 4.18943e-09 0 4.32341e-09 0 4.44816e-09 0 4.56126e-09 0 4.66739e-09 0 4.7689e-09 0 4.8634e-09 0 4.95087e-09 0 5.03603e-09 0 5.11651e-09 0 5.19466e-09 0 5.26811e-09 0 5.33686e-09 0
3702.84 1.49482e-06 1.48958e-06 5.24405e-09 0.00350814 -0.271013 1.47304e-09 0 1.8325e-09 0 2.24989e-09 0 2.52551e-09 0 2.73588e-09 0 2.90808e-09 0 3.05529e-09 0 3.1846e-09 0 3.29953e-09 0 3.40365e-09 0 3.50059e-09 0 3.58846e-09 0 3.67092e-09 0 3.74978e-09 0 3.82318e-09 0 3.89112e-09 0 3.95727e-09 0 4.01977e-09 0 4.08046e-09 0 4.1375e-09 0 4.19088e-09 0
3892.91 1.41395e-06 1.40966e-06 4.28597e-09 0.00303121 -0.268252 1.174e-09 0 1.45437e-09 0 1.77937e-09 0 1.99376e-09 0 2.15732e-09 0 2.29114e-09 0 2.40552e-09 0 2.50597e-09 0 2.59523e-09 0 2.67609e-09 0 2.75136e-09 0 2.81959e-09 0 2.88361e-09 0 2.94483e-09 0 3.00181e-09 0 3.05455e-09 0 3.10588e-09 0 3.15439e-09 0 3.2015e-09 0 3.24576e-09 0 3.28719e-09 0
4092.73 1.33706e-06 1.33356e-06 3.50267e-09 0.00261968 -0.265622 9.33874e-10 0 1.15233e-09 0 1.40518e-09 0 1.57182e-09 0 1.69889e-09 0 1.80282e-09 0 1.89163e-09 0 1.96961e-09 0 2.0389e-09 0 2.10166e-09 0 2.16007e-09 0 2.21302e-09 0 2.26269e-09 0 2.31019e-09 0 2.35439e-09 0 2.39531e-09 0 2.43513e-09 0 2.47276e-09 0 2.5093e-09 0 2.54363e-09 0 2.57576e-09 0
4302.81 1.26416e-06 1.2613e-06 2.86197e-09 0.00226393 -0.263123 7.41614e-10 0 9.11694e-10 0 1.10829e-09 0 1.23774e-09 0 1.3364e-09 0 1.41708e-09 0 1.48601e-09 0 1.54652e-09 0 1.60028e-09 0 1.64897e-09 0 1.69428e-09 0 1.73535e-09 0 1.77388e-09 0 1.81072e-09 0 1.845e-09 0 1.87673e-09 0 1.90761e-09 0 1.93679e-09 0 1.96512e-09 0 1.99174e-09 0 2.01665e-09 0
4523.68 1.19526e-06 1.19292e-06 2.33852e-09 0.0019565 -0.260753 5.88099e-10 0 7.20441e-10 0 8.73223e-10 0 9.73751e-10 0 1.05034e-09 0 1.11295e-09 0 1.16643e-09 0 1.21338e-09 0 1.25508e-09 0 1.29284e-09 0 1.32799e-09 0 1.35983e-09 0 1.38971e-09 0 1.41827e-09 0 1.44485e-09 0 1.46945e-09 0 1.4934e-09 0 1.51602e-09 0 1.53798e-09 0 1.55862e-09 0 1.57793e-09 0
4755.88 1.13035e-06 1.12844e-06 1.91193e-09 0.00169145 -0.25851 4.65833e-10 0 5.6878e-10 0 6.87493e-10 0 7.6555e-10 0 8.24998e-10 0 8.73585e-10 0 9.15079e-10 0 9.51497e-10 0 9.83844e-10 0 1.01313e-09 0 1.04039e-09 0 1.06509e-09 0 1.08826e-09 0 1.1104e-09 0 1.13102e-09 0 1.15009e-09 0 1.16865e-09 0 1.18619e-09 0 1.20322e-09 0 1.21922e-09 0 1.23419e-09 0
5000 1.06919e-06 1.06763e-06 1.56281e-09 0.00146168 -0.256388 3.68597e-10 0 4.48657e-10 0 5.40883e-10 0 6.01487e-10 0 6.47627e-10 0 6.85329e-10 0 7.17523e-10 0 7.45774e-10 0 7.70866e-10 0 7.93585e-10 0 8.14723e-10 0 8.33877e-10 0 8.51844e-10 0 8.69019e-10 0 8.85002e-10 0 8.99791e-10 0 9.14185e-10 0 9.27784e-10 0 9.40986e-10 0 9.53391e-10 0 9.64998e-10 0
