# 9.4406e-05 1 137 : grain size, compostion index, size index
# Heating and cooling timescale: 0.00029509 3.6058e+08
# Ratio of heating to cooling to determine stochastic cutoff: 100
# Equilibrium emission is recorded even for those grains in the stochastic regime.
# Emission spectrum was computed for: 
# Type: IRSF
# Scales: 0.25 0.5 1 1.5 2 2.5 3 3.5 4 4.5 5 5.5 6 6.5 7 7.5 8 8.5 9 9.5 10
# StochasticallyHeated: 0 0 0 0 0 0 0 0 0 0 0 0 0 0 0 0 0 0 0 0 0
# Temperature: -1
# Wavelength  CExt  CAbs  CSca  Albedo G EqEm1 StEm1 EqEm2 StEm2 EqEm3 StEm3 EqEm4 StEm4 EqEm5 StEm5 EqEm6 StEm6 EqEm7 StEm7 EqEm8 StEm8 EqEm9 StEm9 EqEm10 StEm10 EqEm11 StEm11 EqEm12 StEm12 EqEm13 StEm13 EqEm14 StEm14 EqEm15 StEm15 EqEm16 StEm16 EqEm17 StEm17 EqEm18 StEm18 EqEm19 StEm19 EqEm20 StEm20 EqEm21 StEm21
0.05 1.4779e-08 6.576e-09 8.20299e-09 0.555044 0.214838 0 0 0 0 0 0 0 0 0 0 0 0 0 0 0 0 0 0 0 0 0 0 0 0 0 0 0 0 0 0 0 0 0 0 0 0 0 0 0 0 0 0
0.0525665 1.63351e-08 7.26842e-09 9.06673e-09 0.555044 0.23746 0 0 0 0 0 0 0 0 0 0 0 0 0 0 0 0 0 0 0 0 0 0 0 0 0 0 0 0 0 0 0 0 0 0 0 0 0 0 0 0 0 0
0.0552647 1.80552e-08 8.03375e-09 1.00214e-08 0.555044 0.262463 0 0 0 0 0 0 0 0 0 0 0 0 0 0 0 0 0 0 0 0 0 0 0 0 0 0 0 0 0 0 0 0 0 0 0 0 0 0 0 0 0 0
0.0581015 1.99563e-08 8.87966e-09 1.10766e-08 0.555044 0.290099 0 0 0 0 0 0 0 0 0 0 0 0 0 0 0 0 0 0 0 0 0 0 0 0 0 0 0 0 0 0 0 0 0 0 0 0 0 0 0 0 0 0
0.0610839 2.20576e-08 9.81465e-09 1.22429e-08 0.555044 0.320645 0 0 0 0 0 0 0 0 0 0 0 0 0 0 0 0 0 0 0 0 0 0 0 0 0 0 0 0 0 0 0 0 0 0 0 0 0 0 0 0 0 0
0.0642193 2.43801e-08 1.08481e-08 1.3532e-08 0.555044 0.354407 0 0 0 0 0 0 0 0 0 0 0 0 0 0 0 0 0 0 0 0 0 0 0 0 0 0 0 0 0 0 0 0 0 0 0 0 0 0 0 0 0 0
0.0675157 2.69472e-08 1.19903e-08 1.49569e-08 0.555044 0.391725 0 0 0 0 0 0 0 0 0 0 0 0 0 0 0 0 0 0 0 0 0 0 0 0 0 0 0 0 0 0 0 0 0 0 0 0 0 0 0 0 0 0
0.0709813 2.97846e-08 1.32529e-08 1.65318e-08 0.555044 0.432971 0 0 0 0 0 0 0 0 0 0 0 0 0 0 0 0 0 0 0 0 0 0 0 0 0 0 0 0 0 0 0 0 0 0 0 0 0 0 0 0 0 0
0.0746248 3.29208e-08 1.46483e-08 1.82725e-08 0.555044 0.478561 0 0 0 0 0 0 0 0 0 0 0 0 0 0 0 0 0 0 0 0 0 0 0 0 0 0 0 0 0 0 0 0 0 0 0 0 0 0 0 0 0 0
0.0784553 3.63872e-08 1.61907e-08 2.01965e-08 0.555044 0.528951 0 0 0 0 0 0 0 0 0 0 0 0 0 0 0 0 0 0 0 0 0 0 0 0 0 0 0 0 0 0 0 0 0 0 0 0 0 0 0 0 0 0
0.0824824 4.02186e-08 1.78955e-08 2.23231e-08 0.555044 0.584647 0 0 0 0 0 0 0 0 0 0 0 0 0 0 0 0 0 0 0 0 0 0 0 0 0 0 0 0 0 0 0 0 0 0 0 0 0 0 0 0 0 0
0.0867162 4.44535e-08 1.97798e-08 2.46736e-08 0.555044 0.646208 0 0 0 0 0 0 0 0 0 0 0 0 0 0 0 0 0 0 0 0 0 0 0 0 0 0 0 0 0 0 0 0 0 0 0 0 0 0 0 0 0 0
0.0911674 4.91342e-08 2.18626e-08 2.72717e-08 0.555044 0.714251 0 0 0 0 0 0 0 0 0 0 0 0 0 0 0 0 0 0 0 0 0 0 0 0 0 0 0 0 0 0 0 0 0 0 0 0 0 0 0 0 0 0
0.095847 5.43078e-08 2.41646e-08 3.01432e-08 0.555044 0.789458 0 0 0 0 0 0 0 0 0 0 0 0 0 0 0 0 0 0 0 0 0 0 0 0 0 0 0 0 0 0 0 0 0 0 0 0 0 0 0 0 0 0
0.100767 5.91377e-08 2.63173e-08 3.28204e-08 0.554983 0.859366 0 0 0 0 0 0 0 0 0 0 0 0 0 0 0 0 0 0 0 0 0 0 0 0 0 0 0 0 0 0 0 0 0 0 0 0 0 0 0 0 0 0
0.105939 5.92871e-08 2.64117e-08 3.28754e-08 0.554512 0.862911 0 0 0 0 0 0 0 0 0 0 0 0 0 0 0 0 0 0 0 0 0 0 0 0 0 0 0 0 0 0 0 0 0 0 0 0 0 0 0 0 0 0
0.111377 5.94361e-08 2.65205e-08 3.29157e-08 0.553799 0.867526 0 0 0 0 0 0 0 0 0 0 0 0 0 0 0 0 0 0 0 0 0 0 0 0 0 0 0 0 0 0 0 0 0 0 0 0 0 0 0 0 0 0
0.117094 5.95865e-08 2.66255e-08 3.29611e-08 0.553163 0.870397 0 0 0 0 0 0 0 0 0 0 0 0 0 0 0 0 0 0 0 0 0 0 0 0 0 0 0 0 0 0 0 0 0 0 0 0 0 0 0 0 0 0
0.123105 5.97367e-08 2.67613e-08 3.29754e-08 0.552013 0.872112 0 0 0 0 0 0 0 0 0 0 0 0 0 0 0 0 0 0 0 0 0 0 0 0 0 0 0 0 0 0 0 0 0 0 0 0 0 0 0 0 0 0
0.129424 5.98818e-08 2.69119e-08 3.29699e-08 0.550583 0.87282 0 0 0 0 0 0 0 0 0 0 0 0 0 0 0 0 0 0 0 0 0 0 0 0 0 0 0 0 0 0 0 0 0 0 0 0 0 0 0 0 0 0
0.136067 6.00373e-08 2.70258e-08 3.30115e-08 0.54985 0.872339 0 0 0 0 0 0 0 0 0 0 0 0 0 0 0 0 0 0 0 0 0 0 0 0 0 0 0 0 0 0 0 0 0 0 0 0 0 0 0 0 0 0
0.143051 6.01931e-08 2.71961e-08 3.2997e-08 0.548186 0.869872 0 0 0 0 0 0 0 0 0 0 0 0 0 0 0 0 0 0 0 0 0 0 0 0 0 0 0 0 0 0 0 0 0 0 0 0 0 0 0 0 0 0
0.150394 6.03642e-08 2.74509e-08 3.29133e-08 0.545245 0.870705 0 0 0 0 0 0 0 0 0 0 0 0 0 0 0 0 0 0 0 0 0 0 0 0 0 0 0 0 0 0 0 0 0 0 0 0 0 0 0 0 0 0
0.158114 6.0562e-08 2.77759e-08 3.27862e-08 0.541365 0.876536 0 0 0 0 0 0 0 0 0 0 0 0 0 0 0 0 0 0 0 0 0 0 0 0 0 0 0 0 0 0 0 0 0 0 0 0 0 0 0 0 0 0
0.16623 6.0797e-08 2.81254e-08 3.26716e-08 0.537388 0.883791 0 0 0 0 0 0 0 0 0 0 0 0 0 0 0 0 0 0 0 0 0 0 0 0 0 0 0 0 0 0 0 0 0 0 0 0 0 0 0 0 0 0
0.174762 6.1036e-08 2.84509e-08 3.25851e-08 0.533867 0.890368 0 0 0 0 0 0 0 0 0 0 0 0 0 0 0 0 0 0 0 0 0 0 0 0 0 0 0 0 0 0 0 0 0 0 0 0 0 0 0 0 0 0
0.183733 6.12763e-08 2.85936e-08 3.26827e-08 0.533367 0.896188 0 0 0 0 0 0 0 0 0 0 0 0 0 0 0 0 0 0 0 0 0 0 0 0 0 0 0 0 0 0 0 0 0 0 0 0 0 0 0 0 0 0
0.193164 6.20039e-08 2.80862e-08 3.39177e-08 0.547025 0.900723 0 0 0 0 0 0 0 0 0 0 0 0 0 0 0 0 0 0 0 0 0 0 0 0 0 0 0 0 0 0 0 0 0 0 0 0 0 0 0 0 0 0
0.203079 6.21335e-08 2.82287e-08 3.39048e-08 0.545676 0.902804 0 0 0 0 0 0 0 0 0 0 0 0 0 0 0 0 0 0 0 0 0 0 0 0 0 0 0 0 0 0 0 0 0 0 0 0 0 0 0 0 0 0
0.213503 6.19993e-08 2.85622e-08 3.34371e-08 0.539315 0.898101 0 0 0 0 0 0 0 0 0 0 0 0 0 0 0 0 0 0 0 0 0 0 0 0 0 0 0 0 0 0 0 0 0 0 0 0 0 0 0 0 0 0
0.224463 6.19085e-08 2.8807e-08 3.31016e-08 0.534685 0.893125 0 0 0 0 0 0 0 0 0 0 0 0 0 0 0 0 0 0 0 0 0 0 0 0 0 0 0 0 0 0 0 0 0 0 0 0 0 0 0 0 0 0
0.235984 6.1851e-08 2.90588e-08 3.27922e-08 0.53018 0.892804 0 0 0 0 0 0 0 0 0 0 0 0 0 0 0 0 0 0 0 0 0 0 0 0 0 0 0 0 0 0 0 0 0 0 0 0 0 0 0 0 0 0
0.248097 6.1857e-08 2.92928e-08 3.25642e-08 0.526443 0.892869 0 0 0 0 0 0 0 0 0 0 0 0 0 0 0 0 0 0 0 0 0 0 0 0 0 0 0 0 0 0 0 0 0 0 0 0 0 0 0 0 0 0
0.260832 6.19494e-08 2.95128e-08 3.24366e-08 0.523598 0.889502 0 0 0 0 0 0 0 0 0 0 0 0 0 0 0 0 0 0 0 0 0 0 0 0 0 0 0 0 0 0 0 0 0 0 0 0 0 0 0 0 0 0
0.274221 6.21017e-08 2.97142e-08 3.23875e-08 0.521523 0.891044 0 0 0 0 0 0 0 0 0 0 0 0 0 0 0 0 0 0 0 0 0 0 0 0 0 0 0 0 0 0 0 0 0 0 0 0 0 0 0 0 0 0
0.288297 6.23011e-08 2.99011e-08 3.23999e-08 0.520054 0.888525 0 0 0 0 0 0 0 0 0 0 0 0 0 0 0 0 0 0 0 0 0 0 0 0 0 0 0 0 0 0 0 0 0 0 0 0 0 0 0 0 0 0
0.303095 6.25376e-08 3.00805e-08 3.24571e-08 0.519001 0.881657 0 0 0 0 0 0 0 0 0 0 0 0 0 0 0 0 0 0 0 0 0 0 0 0 0 0 0 0 0 0 0 0 0 0 0 0 0 0 0 0 0 0
0.318653 6.28086e-08 3.0257e-08 3.25515e-08 0.518266 0.877634 0 0 0 0 0 0 0 0 0 0 0 0 0 0 0 0 0 0 0 0 0 0 0 0 0 0 0 0 0 0 0 0 0 0 0 0 0 0 0 0 0 0
0.335009 6.31057e-08 3.04327e-08 3.2673e-08 0.517751 0.877263 0 0 0 0 0 0 0 0 0 0 0 0 0 0 0 0 0 0 0 0 0 0 0 0 0 0 0 0 0 0 0 0 0 0 0 0 0 0 0 0 0 0
0.352205 6.34259e-08 3.06101e-08 3.28158e-08 0.517388 0.877228 0 0 0 0 0 0 0 0 0 0 0 0 0 0 0 0 0 0 0 0 0 0 0 0 0 0 0 0 0 0 0 0 0 0 0 0 0 0 0 0 0 0
0.370284 6.3789e-08 3.0778e-08 3.3011e-08 0.517504 0.871859 0 0 0 0 0 0 0 0 0 0 0 0 0 0 0 0 0 0 0 0 0 0 0 0 0 0 0 0 0 0 0 0 0 0 0 0 0 0 0 0 0 0
0.389291 6.44066e-08 3.08899e-08 3.35168e-08 0.520393 0.861155 0 0 0 0 0 0 0 0 0 0 0 0 0 0 0 0 0 0 0 0 0 0 0 0 0 0 0 0 0 0 0 0 0 0 0 0 0 0 0 0 0 0
0.409273 6.58775e-08 3.10131e-08 3.48643e-08 0.52923 0.852604 0 0 0 0 0 0 0 0 0 0 0 0 0 0 0 0 0 0 0 0 0 0 0 0 0 0 0 0 0 0 0 0 0 0 0 0 0 0 0 0 0 0
0.430281 6.76595e-08 3.10867e-08 3.65728e-08 0.540542 0.849457 0 0 0 0 0 0 0 0 0 0 0 0 0 0 0 0 0 0 0 0 0 0 0 0 0 0 0 0 0 0 0 0 0 0 0 0 0 0 0 0 0 0
0.452368 6.88e-08 3.12065e-08 3.75935e-08 0.546417 0.85006 0 0 0 0 0 0 0 0 0 0 0 0 0 0 0 0 0 0 0 0 0 0 0 0 0 0 0 0 0 0 0 0 0 0 0 0 0 0 0 0 0 0
0.475588 6.88614e-08 3.12811e-08 3.75803e-08 0.545738 0.846252 0 0 0 0 0 0 0 0 0 0 0 0 0 0 0 0 0 0 0 0 0 0 0 0 0 0 0 0 0 0 0 0 0 0 0 0 0 0 0 0 0 0
0.5 6.81239e-08 3.13699e-08 3.67539e-08 0.539516 0.832488 0 0 0 0 0 0 0 0 0 0 0 0 0 0 0 0 0 0 0 0 0 0 0 0 0 0 0 0 0 0 0 0 0 0 0 0 0 0 0 0 0 0
0.525665 6.72857e-08 3.13972e-08 3.58885e-08 0.533375 0.815971 0 0 0 0 0 0 0 0 0 0 0 0 0 0 0 0 0 0 0 0 0 0 0 0 0 0 0 0 0 0 0 0 0 0 0 0 0 0 0 0 0 0
0.552648 6.70314e-08 3.1504e-08 3.55274e-08 0.530011 0.796336 0 0 0 0 0 0 0 0 0 0 0 0 0 0 0 0 0 0 0 0 0 0 0 0 0 0 0 0 0 0 0 0 0 0 0 0 0 0 0 0 0 0
0.581015 6.74791e-08 3.1456e-08 3.60231e-08 0.533841 0.791298 0 0 0 0 0 0 0 0 0 0 0 0 0 0 0 0 0 0 0 0 0 0 0 0 0 0 0 0 0 0 0 0 0 0 0 0 0 0 0 0 0 0
0.610839 6.85679e-08 3.13963e-08 3.71717e-08 0.542114 0.7937 0 0 0 0 0 0 0 0 0 0 0 0 0 0 0 0 0 0 0 0 0 0 0 0 0 0 0 0 0 0 0 0 0 0 0 0 0 0 0 0 0 0
0.642193 7.00303e-08 3.13808e-08 3.86495e-08 0.551897 0.81048 0 0 0 0 0 0 0 0 0 0 0 0 0 0 0 0 0 0 0 0 0 0 0 0 0 0 0 0 0 0 0 0 0 0 0 0 0 0 0 0 0 0
0.675157 7.11665e-08 3.12615e-08 3.9905e-08 0.560727 0.817876 0 0 0 0 0 0 0 0 0 0 0 0 0 0 0 0 0 0 0 0 0 0 0 0 0 0 0 0 0 0 0 0 0 0 0 0 0 0 0 0 0 0
0.709813 7.15938e-08 3.10451e-08 4.05486e-08 0.566371 0.836051 0 0 0 0 0 0 0 0 0 0 0 0 0 0 0 0 0 0 0 0 0 0 0 0 0 0 0 0 0 0 0 0 0 0 0 0 0 0 0 0 0 0
0.746248 7.13361e-08 3.09618e-08 4.03743e-08 0.565973 0.820959 0 0 0 0 0 0 0 0 0 0 0 0 0 0 0 0 0 0 0 0 0 0 0 0 0 0 0 0 0 0 0 0 0 0 0 0 0 0 0 0 0 0
0.784553 7.04959e-08 3.04566e-08 4.00393e-08 0.567966 0.824673 0 0 0 0 0 0 0 0 0 0 0 0 0 0 0 0 0 0 0 0 0 0 0 0 0 0 0 0 0 0 0 0 0 0 0 0 0 0 0 0 0 0
0.824824 6.93568e-08 3.04312e-08 3.89256e-08 0.561237 0.779092 0 0 0 0 0 0 0 0 0 0 0 0 0 0 0 0 0 0 0 0 0 0 0 0 0 0 0 0 0 0 0 0 0 0 0 0 0 0 0 0 0 0
0.867162 6.85679e-08 2.98273e-08 3.87406e-08 0.564996 0.750138 0 0 0 0 0 0 0 0 0 0 0 0 0 0 0 0 0 0 0 0 0 0 0 0 0 0 0 0 0 0 0 0 0 0 0 0 0 0 0 0 0 0
0.911674 6.85515e-08 2.95734e-08 3.89781e-08 0.568596 0.691288 0 0 0 0 0 0 0 0 0 0 0 0 0 0 0 0 0 0 0 0 0 0 0 0 0 0 0 0 0 0 0 0 0 0 0 0 0 0 0 0 0 0
0.95847 6.90323e-08 2.88302e-08 4.0202e-08 0.582366 0.614497 0 0 0 0 0 0 0 0 0 0 0 0 0 0 0 0 0 0 0 0 0 0 0 0 0 0 0 0 0 0 0 0 0 0 0 0 0 0 0 0 0 0
1.00767 7.16343e-08 2.8675e-08 4.29592e-08 0.599702 0.576849 0 0 0 0 0 0 0 0 0 0 0 0 0 0 0 0 0 0 0 0 0 0 0 0 0 0 0 0 0 0 0 0 0 0 0 0 0 0 0 0 0 0
1.05939 7.42085e-08 2.82821e-08 4.59264e-08 0.618884 0.527232 0 0 0 0 0 0 0 0 0 0 0 0 0 0 0 0 0 0 0 0 0 0 0 0 0 0 0 0 0 0 0 0 0 0 0 0 0 0 0 0 0 0
1.11377 7.87453e-08 2.78955e-08 5.08498e-08 0.64575 0.491397 0 0 0 0 0 0 0 0 0 0 0 0 0 0 0 0 0 0 0 0 0 0 0 0 0 0 0 0 0 0 0 0 0 0 0 0 0 0 0 0 0 0
1.17094 8.32584e-08 2.79151e-08 5.53433e-08 0.664717 0.523301 0 0 0 0 0 0 0 0 0 0 0 0 0 0 0 0 0 0 0 0 0 0 0 0 0 0 0 0 0 0 0 0 0 0 0 0 0 0 0 0 0 0
1.23105 8.71644e-08 2.76966e-08 5.94678e-08 0.682248 0.519391 0 0 0 0 0 0 0 0 0 0 0 0 0 0 0 0 0 0 0 0 0 0 0 0 0 0 0 0 0 0 0 0 0 0 0 0 0 0 0 0 0 0
1.29424 9.19141e-08 2.75468e-08 6.43673e-08 0.700298 0.556168 0 0 0 0 0 0 0 0 0 0 0 0 0 0 0 0 0 0 0 0 0 0 0 0 0 0 0 0 0 0 0 0 0 0 0 0 0 0 0 0 0 0
1.36067 9.5844e-08 2.73812e-08 6.84628e-08 0.714315 0.601695 0 0 0 0 0 0 0 0 0 0 0 0 0 0 0 0 0 0 0 0 0 0 0 0 0 0 0 0 0 0 0 0 0 0 0 0 0 0 0 0 0 0
1.43051 9.9009e-08 2.70057e-08 7.20033e-08 0.72724 0.615108 0 0 0 0 0 0 0 0 0 0 0 0 0 0 0 0 0 0 0 0 0 0 0 0 0 0 0 0 0 0 0 0 0 0 0 0 0 0 0 0 0 0
1.50394 1.01186e-07 2.65467e-08 7.46394e-08 0.737645 0.631976 0 0 0 0 0 0 0 0 0 0 0 0 0 0 0 0 0 0 0 0 0 0 0 0 0 0 0 0 0 0 0 0 0 0 0 0 0 0 0 0 0 0
1.58114 1.02395e-07 2.59968e-08 7.63983e-08 0.746112 0.658087 0 0 0 0 0 0 0 0 0 0 0 0 0 0 0 0 0 0 0 0 0 0 0 0 0 0 0 0 0 0 0 0 0 0 0 0 0 0 0 0 0 0
1.6623 1.02968e-07 2.5694e-08 7.72744e-08 0.750467 0.673426 0 0 0 0 0 0 0 0 0 0 0 0 0 0 0 0 0 0 0 0 0 0 0 0 0 0 0 0 0 0 0 0 0 0 0 0 0 0 0 0 0 0
1.74763 1.02872e-07 2.57551e-08 7.71172e-08 0.74964 0.686111 0 0 0 0 0 0 0 0 0 0 0 0 0 0 0 0 0 0 0 0 0 0 0 0 0 0 0 0 0 0 0 0 0 0 0 0 0 0 0 0 0 0
1.83733 1.01167e-07 2.55885e-08 7.55787e-08 0.747067 0.686784 0 0 0 0 0 0 0 0 0 0 0 0 0 0 0 0 0 0 0 0 0 0 0 0 0 0 0 0 0 0 0 0 0 0 0 0 0 0 0 0 0 0
1.93164 9.79708e-08 2.49405e-08 7.30304e-08 0.74543 0.678972 0 0 0 0 0 0 0 0 0 0 0 0 0 0 0 0 0 0 0 0 0 0 0 0 0 0 0 0 0 0 0 0 0 0 0 0 0 0 0 0 0 0
2.03079 9.4509e-08 2.43108e-08 7.01982e-08 0.742767 0.676811 0 0 0 0 0 0 0 0 0 0 0 0 0 0 0 0 0 0 0 0 0 0 0 0 0 0 0 0 0 0 0 0 0 0 0 0 0 0 0 0 0 0
2.13503 9.13903e-08 2.41931e-08 6.71972e-08 0.735277 0.68063 0 0 0 0 0 0 0 0 0 0 0 0 0 0 0 0 0 0 0 0 0 0 0 0 0 0 0 0 0 0 0 0 0 0 0 0 0 0 0 0 0 0
2.24463 8.80596e-08 2.44541e-08 6.36055e-08 0.722301 0.689852 0 0 0 0 0 0 0 0 0 0 0 0 0 0 0 0 0 0 0 0 0 0 0 0 0 0 0 0 0 0 0 0 0 0 0 0 0 0 0 0 0 0
2.35984 8.37999e-08 2.46268e-08 5.91731e-08 0.706123 0.691423 0 0 0 0 0 0 0 0 0 0 0 0 0 0 0 0 0 0 0 0 0 0 0 0 0 0 0 0 0 0 0 0 0 0 0 0 0 0 0 0 0 0
2.48097 7.87007e-08 2.44153e-08 5.42854e-08 0.68977 0.677025 0 0 0 0 0 0 0 0 0 0 0 0 0 0 0 0 0 0 0 0 0 0 0 0 0 0 0 0 0 0 0 0 0 0 0 0 0 0 0 0 0 0
2.60832 7.35475e-08 2.39332e-08 4.96143e-08 0.674589 0.650914 0 0 0 0 0 0 0 0 0 0 0 0 0 0 0 0 0 0 0 0 0 0 0 0 0 0 0 0 0 0 0 0 0 0 0 0 0 0 0 0 0 0
2.74221 6.89536e-08 2.3509e-08 4.54446e-08 0.659061 0.62159 0 0 0 0 0 0 0 0 0 0 0 0 0 0 0 0 0 0 0 0 0 0 0 0 0 0 0 0 0 0 0 0 0 0 0 0 0 0 0 0 0 0
2.88297 6.50491e-08 2.33525e-08 4.16966e-08 0.641001 0.598317 0 0 0 0 0 0 0 0 0 0 0 0 0 0 0 0 0 0 0 0 0 0 0 0 0 0 0 0 0 0 0 0 0 0 0 0 0 0 0 0 0 0
3.03095 6.1672e-08 2.34662e-08 3.82058e-08 0.6195 0.587386 0 0 0 0 0 0 0 0 0 0 0 0 0 0 0 0 0 0 0 0 0 0 0 0 0 0 0 0 0 0 0 0 0 0 0 0 0 0 0 0 0 0
3.18653 5.84988e-08 2.3552e-08 3.49467e-08 0.597392 0.58813 0 0 0 0 0 0 0 0 0 0 0 0 0 0 0 0 0 0 0 0 0 0 0 0 0 0 0 0 0 0 0 0 0 0 0 0 0 0 0 0 0 0
3.35009 5.471e-08 2.37376e-08 3.09724e-08 0.56612 0.594256 0 0 0 0 0 0 0 0 0 0 0 0 0 0 0 0 0 0 0 0 0 0 0 0 0 0 0 0 0 0 0 0 0 0 0 0 0 0 0 0 0 0
3.52205 5.35643e-08 2.40316e-08 2.95327e-08 0.55135 0.596323 0 0 0 0 0 0 0 0 0 0 0 0 0 0 0 0 0 0 0 0 0 0 0 0 0 0 0 0 0 0 0 0 0 0 0 0 0 0 0 0 0 0
3.70284 4.92007e-08 2.2586e-08 2.66147e-08 0.540941 0.585671 0 0 0 0 0 0 0 0 0 0 0 0 0 0 0 0 0 0 0 0 0 0 0 0 0 0 0 0 0 0 0 0 0 0 0 0 0 0 0 0 0 0
3.89291 4.53361e-08 2.17301e-08 2.3606e-08 0.520688 0.558729 0 0 0 0 0 0 0 0 0 0 0 0 0 0 0 0 0 0 0 0 0 0 0 0 0 0 0 0 0 0 0 0 0 0 0 0 0 0 0 0 0 0
4.09273 4.17588e-08 2.08771e-08 2.08817e-08 0.500056 0.517397 0 0 0 0 0 0 0 0 0 0 0 0 0 0 0 0 0 0 0 0 0 0 0 0 0 0 0 0 0 0 0 0 0 0 0 0 0 0 0 0 0 0
4.30281 3.85314e-08 2.0099e-08 1.84324e-08 0.478374 0.467371 0 0 0 0 0 0 0 0 0 0 0 0 0 0 0 0 0 0 0 0 0 0 0 0 0 0 0 0 0 0 0 0 0 0 0 0 0 0 0 0 0 0
4.52368 3.56843e-08 1.94498e-08 1.62344e-08 0.454947 0.415317 0 0 0 0 0 0 0 0 0 0 0 0 0 0 0 0 0 0 0 0 0 0 0 0 0 0 0 0 0 0 0 0 0 0 0 0 0 0 0 0 0 0
4.75588 3.3188e-08 1.89279e-08 1.42602e-08 0.429678 0.365957 0 0 0 0 0 0 0 0 0 0 0 0 0 0 0 0 0 0 0 0 0 0 0 0 0 0 0 0 0 0 0 0 0 0 0 0 0 0 0 0 0 0
5 3.09816e-08 1.84892e-08 1.24924e-08 0.40322 0.321468 0 0 0 0 0 0 0 0 0 0 0 0 0 0 0 0 0 0 0 0 0 0 0 0 0 0 0 0 0 0 0 0 0 0 0 0 0 0 0 0 0 0
5.25665 2.89743e-08 1.80795e-08 1.08948e-08 0.376017 0.282505 0 0 0 0 0 0 0 0 0 0 0 0 0 0 0 0 0 0 0 0 0 0 0 0 0 0 0 0 0 0 0 0 0 0 0 0 0 0 0 0 0 0
5.52648 2.71255e-08 1.76815e-08 9.44394e-09 0.348158 0.248895 0 0 0 0 0 0 0 0 0 0 0 0 0 0 0 0 0 0 0 0 0 0 0 0 0 0 0 0 0 0 0 0 0 0 0 0 0 0 0 0 0 0
5.81015 2.53979e-08 1.72712e-08 8.12669e-09 0.319975 0.219712 0 0 0 0 0 0 0 0 0 0 0 0 0 0 0 0 0 0 0 0 0 0 0 0 0 0 0 0 0 0 0 0 0 0 0 0 0 0 0 0 0 0
6.10839 2.37868e-08 1.68527e-08 6.93409e-09 0.29151 0.194334 0 0 0 0 0 0 0 0 0 0 0 0 0 0 0 0 0 0 0 0 0 0 0 0 0 0 0 0 0 0 0 0 0 0 0 0 0 0 0 0 0 0
6.42193 2.2276e-08 1.64164e-08 5.85966e-09 0.263048 0.172017 0 0 0 0 0 0 0 0 0 0 0 0 0 0 0 0 0 0 0 0 0 0 0 0 0 0 0 0 0 0 0 0 0 0 0 0 1.4013e-45 0 2.8026e-45 0 8.40779e-45 0
6.75157 2.08784e-08 1.59987e-08 4.87969e-09 0.233719 0.152094 0 0 0 0 0 0 0 0 0 0 0 0 0 0 0 0 0 0 0 0 0 0 0 0 0 0 0 0 2.8026e-45 0 8.40779e-45 0 2.66247e-44 0 7.9874e-44 0 2.158e-43 0 5.57717e-43 0 1.37327e-42 0
7.09813 1.95309e-08 1.54811e-08 4.04986e-09 0.207356 0.133931 0 0 0 0 0 0 0 0 0 0 0 0 0 0 0 0 0 0 0 0 1.4013e-45 0 5.60519e-45 0 2.52234e-44 0 1.06499e-43 0 3.83956e-43 0 1.26117e-42 0 3.92083e-42 0 1.09021e-41 0 2.80708e-41 0 6.90714e-41 0 1.62733e-40 0
7.46248 1.82017e-08 1.49487e-08 3.25294e-09 0.178717 0.117101 0 0 0 0 0 0 0 0 0 0 0 0 0 0 0 0 2.8026e-45 0 2.38221e-44 0 1.52742e-43 0 7.91734e-43 0 3.56771e-42 0 1.4076e-41 0 4.76203e-41 0 1.47756e-40 0 4.34541e-40 0 1.14957e-39 0 2.82635e-39 0 6.65534e-39 0 1.50376e-38 0
7.84553 1.68029e-08 1.43291e-08 2.4738e-09 0.147224 0.102198 0 0 0 0 0 0 0 0 0 0 0 0 2.8026e-45 0 4.06377e-44 0 4.2039e-43 0 3.25662e-42 0 1.93379e-41 0 9.285e-41 0 3.88916e-40 0 1.43498e-39 0 4.57427e-39 0 1.34295e-38 0 3.74692e-38 0 9.45254e-38 0 2.22415e-37 0 5.02285e-37 0 1.09062e-36 0
8.24824 1.69789e-08 1.51919e-08 1.78697e-09 0.105247 0.0900327 0 0 0 0 0 0 0 0 0 0 1.68156e-44 0 4.23192e-43 0 5.97233e-42 0 5.5448e-41 0 3.8882e-40 0 2.11643e-39 0 9.41285e-39 0 3.67641e-38 0 1.27271e-37 0 3.83377e-37 0 1.06789e-36 0 2.8339e-36 0 6.83341e-36 0 1.54209e-35 0 3.34674e-35 0 6.99691e-35 0
8.67162 1.91713e-08 1.76504e-08 1.52099e-09 0.0793364 0.0795893 0 0 0 0 0 0 0 0 5.74532e-44 0 2.78298e-42 0 6.05767e-41 0 7.51605e-40 0 6.25804e-39 0 3.99026e-38 0 1.99954e-37 0 8.26806e-37 0 3.02146e-36 0 9.84448e-36 0 2.81e-35 0 7.44534e-35 0 1.88386e-34 0 4.35149e-34 0 9.43742e-34 0 1.97213e-33 0 3.97724e-33 0
9.11674 2.49252e-08 2.31573e-08 1.76793e-09 0.0709292 0.0689432 0 0 0 0 0 0 6.86636e-44 0 1.00922e-41 0 4.08535e-40 0 7.64979e-39 0 8.39329e-38 0 6.30147e-37 0 3.67048e-36 0 1.70011e-35 0 6.55922e-35 0 2.25002e-34 0 6.92018e-34 0 1.87668e-33 0 4.74141e-33 0 1.14654e-32 0 2.54229e-32 0 5.30915e-32 0 1.07024e-31 0 2.0857e-31 0
9.5847 3.10892e-08 2.85697e-08 2.51952e-09 0.0810416 0.0607487 0 0 0 0 9.80909e-45 0 1.13309e-41 0 1.30942e-39 0 4.42423e-38 0 7.18014e-37 0 7.0085e-36 0 4.76857e-35 0 2.54862e-34 0 1.09536e-33 0 3.95641e-33 0 1.2779e-32 0 3.72054e-32 0 9.61004e-32 0 2.32054e-31 0 5.3746e-31 0 1.1463e-30 0 2.30932e-30 0 4.49857e-30 0 8.48592e-30 0
10.0767 3.23404e-08 2.93742e-08 2.96625e-09 0.0917195 0.0558901 0 0 0 0 1.41251e-42 0 1.2159e-39 0 1.11423e-37 0 3.17025e-36 0 4.49053e-35 0 3.92174e-34 0 2.42987e-33 0 1.19663e-32 0 4.78953e-32 0 1.62482e-31 0 4.95613e-31 0 1.36959e-30 0 3.37745e-30 0 7.81196e-30 0 1.73663e-29 0 3.56944e-29 0 6.94919e-29 0 1.31034e-28 0 2.39636e-28 0
10.5939 2.91818e-08 2.63921e-08 2.78975e-09 0.0955989 0.053163 0 0 1.4013e-45 0 1.45026e-40 0 8.97621e-38 0 6.59742e-36 0 1.59403e-34 0 1.98379e-33 0 1.55856e-32 0 8.83394e-32 0 4.02464e-31 0 1.5054e-30 0 4.81131e-30 0 1.3898e-29 0 3.65466e-29 0 8.62395e-29 0 1.91469e-28 0 4.09361e-28 0 8.12309e-28 0 1.53084e-27 0 2.79854e-27 0 4.96934e-27 0
11.1377 2.52407e-08 2.28064e-08 2.43436e-09 0.0964458 0.0533277 0 0 1.09301e-43 0 1.12261e-38 0 5.07662e-36 0 3.02507e-34 0 6.25648e-33 0 6.88438e-32 0 4.89086e-31 0 2.54701e-30 0 1.07758e-29 0 3.77921e-29 0 1.14124e-28 0 3.1302e-28 0 7.85174e-28 0 1.77673e-27 0 3.79402e-27 0 7.8162e-27 0 1.49996e-26 0 2.74063e-26 0 4.86476e-26 0 8.3995e-26 0
11.7094 2.05194e-08 1.85772e-08 1.94224e-09 0.0946538 0.0533441 0 0 1.11543e-41 0 6.49722e-37 0 2.17987e-34 0 1.06395e-32 0 1.89794e-31 0 1.85766e-30 0 1.19925e-29 0 5.76192e-29 0 2.27196e-28 0 7.49456e-28 0 2.14431e-27 0 5.59872e-27 0 1.34271e-26 0 2.91959e-26 0 6.00778e-26 0 1.19477e-25 0 2.221e-25 0 3.94038e-25 0 6.80112e-25 0 1.14338e-24 0
12.3105 1.62703e-08 1.48166e-08 1.4537e-09 0.0893466 0.0532822 7.00649e-45 0 8.66442e-40 0 2.95371e-35 0 7.46028e-33 0 3.01167e-31 0 4.66737e-30 0 4.08683e-29 0 2.40873e-28 0 1.07192e-27 0 3.9528e-27 0 1.23011e-26 0 3.34343e-26 0 8.33e-26 0 1.91421e-25 0 4.00737e-25 0 7.96069e-25 0 1.53089e-24 0 2.76096e-24 0 4.76315e-24 0 8.00503e-24 0 1.31208e-23 0
12.9424 1.41235e-08 1.3078e-08 1.04548e-09 0.0740242 0.0513468 7.8753e-43 0 5.88394e-38 0 1.20502e-33 0 2.32321e-31 0 7.82936e-30 0 1.0614e-28 0 8.35957e-28 0 4.51826e-27 0 1.86934e-26 0 6.46787e-26 0 1.90426e-25 0 4.92919e-25 0 1.17455e-24 0 2.59164e-24 0 5.23332e-24 0 1.00534e-23 0 1.87259e-23 0 3.28136e-23 0 5.51219e-23 0 9.03202e-23 0 1.44512e-22 0
13.6067 1.32199e-08 1.24132e-08 8.06663e-10 0.0610188 0.0469135 7.94873e-41 0 3.43361e-36 0 4.33094e-32 0 6.45814e-30 0 1.83299e-28 0 2.18794e-27 0 1.55805e-26 0 7.75514e-26 0 2.99362e-25 0 9.74877e-25 0 2.72282e-24 0 6.72822e-24 0 1.53668e-23 0 3.26217e-23 0 6.36515e-23 0 1.18441e-22 0 2.14013e-22 0 3.64887e-22 0 5.97627e-22 0 9.55918e-22 0 1.49477e-21 0
14.3051 1.27259e-08 1.20978e-08 6.28168e-10 0.0493613 0.040234 6.47939e-39 0 1.66215e-34 0 1.32215e-30 0 1.54414e-28 0 3.72216e-27 0 3.93635e-26 0 2.54691e-25 0 1.17217e-24 0 4.23603e-24 0 1.3022e-23 0 3.45913e-23 0 8.17837e-23 0 1.79407e-22 0 3.67113e-22 0 6.93309e-22 0 1.25157e-21 0 2.19709e-21 0 3.64966e-21 0 5.83528e-21 0 9.12205e-21 0 1.39562e-20 0
15.0394 1.29448e-08 1.24418e-08 5.03032e-10 0.0388596 0.0340765 4.43572e-37 0 6.93152e-33 0 3.55629e-29 0 3.29202e-27 0 6.79347e-26 0 6.40294e-25 0 3.78188e-24 0 1.61554e-23 0 5.4833e-23 0 1.59569e-22 0 4.0413e-22 0 9.1617e-22 0 1.93415e-21 0 3.82181e-21 0 6.99705e-21 0 1.2272e-20 0 2.09594e-20 0 3.39642e-20 0 5.30739e-20 0 8.11779e-20 0 1.21645e-19 0
15.8114 1.3902e-08 1.34656e-08 4.36377e-10 0.0313895 0.0292423 2.57178e-35 0 2.50806e-31 0 8.47931e-28 0 6.29239e-26 0 1.12011e-24 0 9.46189e-24 0 5.12444e-23 0 2.03923e-22 0 6.52048e-22 0 1.80109e-21 0 4.35919e-21 0 9.49523e-21 0 1.93275e-20 0 3.69414e-20 0 6.56653e-20 0 1.12053e-19 0 1.86439e-19 0 2.95083e-19 0 4.51168e-19 0 6.75903e-19 0 9.93037e-19 0
16.623 1.51081e-08 1.46946e-08 4.13513e-10 0.0273703 0.0252656 1.22285e-33 0 7.61575e-30 0 1.73155e-26 0 1.04128e-24 0 1.61049e-23 0 1.22583e-22 0 6.11335e-22 0 2.27412e-21 0 6.87037e-21 0 1.80589e-20 0 4.1862e-20 0 8.77833e-20 0 1.72589e-19 0 3.19605e-19 0 5.52381e-19 0 9.18323e-19 0 1.49043e-18 0 2.30666e-18 0 3.45442e-18 0 5.074e-18 0 7.31601e-18 0
17.4762 1.58803e-08 1.54728e-08 4.07508e-10 0.0256612 0.0220534 4.60948e-32 0 1.87385e-28 0 2.92126e-25 0 1.43826e-23 0 1.94607e-22 0 1.34151e-21 0 6.18544e-21 0 2.15799e-20 0 6.17691e-20 0 1.54879e-19 0 3.44582e-19 0 6.9692e-19 0 1.32571e-18 0 2.38223e-18 0 4.00874e-18 0 6.50109e-18 0 1.03047e-17 0 1.56115e-17 0 2.29231e-17 0 3.30443e-17 0 4.68016e-17 0
18.3733 1.58669e-08 1.54719e-08 3.94939e-10 0.0248908 0.019579 1.36877e-30 0 3.70855e-27 0 4.03785e-24 0 1.64359e-22 0 1.9583e-21 0 1.22851e-20 0 5.2571e-20 0 1.72556e-19 0 4.69194e-19 0 1.12481e-18 0 2.40672e-18 0 4.70307e-18 0 8.66984e-18 0 1.51398e-17 0 2.48375e-17 0 3.934e-17 0 6.09699e-17 0 9.05145e-17 0 1.30437e-16 0 1.84701e-16 0 2.57189e-16 0
19.3164 1.50127e-08 1.46466e-08 3.66037e-10 0.0243818 0.0178926 3.22113e-29 0 5.93301e-26 0 4.5914e-23 0 1.55955e-21 0 1.64644e-20 0 9.44296e-20 0 3.76401e-19 0 1.16582e-18 0 3.01887e-18 0 6.93478e-18 0 1.42971e-17 0 2.70395e-17 0 4.83793e-17 0 8.22143e-17 0 1.31655e-16 0 2.03898e-16 0 3.09317e-16 0 4.50432e-16 0 6.37623e-16 0 8.87681e-16 0 1.21624e-15 0
20.3079 1.37003e-08 1.33803e-08 3.19961e-10 0.0233544 0.0169264 6.17705e-28 0 7.88177e-25 0 4.40816e-22 0 1.26055e-20 0 1.18613e-19 0 6.24682e-19 0 2.32745e-18 0 6.82165e-18 0 1.68627e-17 0 3.71947e-17 0 7.40211e-17 0 1.35704e-16 0 2.36004e-16 0 3.90808e-16 0 6.11604e-16 0 9.27194e-16 0 1.37824e-15 0 1.97051e-15 0 2.74249e-15 0 3.75684e-15 0 5.06884e-15 0
21.3503 1.25918e-08 1.23155e-08 2.76268e-10 0.0219404 0.0160231 1.01615e-26 0 9.14453e-24 0 3.75529e-21 0 9.11683e-20 0 7.68923e-19 0 3.73406e-18 0 1.30471e-17 0 3.62845e-17 0 8.58162e-17 0 1.82117e-16 0 3.50455e-16 0 6.2376e-16 0 1.05587e-15 0 1.70592e-15 0 2.61198e-15 0 3.88013e-15 0 5.65712e-15 0 7.94823e-15 0 1.0885e-14 0 1.46835e-14 0 1.95239e-14 0
22.4463 1.14595e-08 1.12207e-08 2.38858e-10 0.0208437 0.0151748 1.41995e-25 0 9.16724e-23 0 2.80621e-20 0 5.83028e-19 0 4.43114e-18 0 1.99208e-17 0 6.54802e-17 0 1.73233e-16 0 3.92849e-16 0 8.0362e-16 0 1.4978e-15 0 2.59188e-15 0 4.27607e-15 0 6.74873e-15 0 1.01204e-14 0 1.47464e-14 0 2.11076e-14 0 2.91678e-14 0 3.93363e-14 0 5.22938e-14 0 6.85715e-14 0
23.5984 1.01801e-08 9.97826e-09 2.01875e-10 0.0198302 0.0143617 1.67438e-24 0 7.88182e-22 0 1.82448e-19 0 3.26872e-18 0 2.25008e-17 0 9.39977e-17 0 2.91534e-16 0 7.35495e-16 0 1.60256e-15 0 3.16565e-15 0 5.72352e-15 0 9.64265e-15 0 1.55243e-14 0 2.39614e-14 0 3.52288e-14 0 5.03967e-14 0 7.08845e-14 0 9.6418e-14 0 1.28146e-13 0 1.68006e-13 0 2.17406e-13 0
24.8097 9.00803e-09 8.84023e-09 1.67799e-10 0.0186277 0.0135612 1.71275e-23 0 5.96997e-21 0 1.05935e-18 0 1.6485e-17 0 1.03277e-16 0 4.02353e-16 0 1.18081e-15 0 2.8474e-15 0 5.97266e-15 0 1.14126e-14 0 2.00459e-14 0 3.29229e-14 0 5.17864e-14 0 7.82552e-14 0 1.12909e-13 0 1.58722e-13 0 2.1956e-13 0 2.94197e-13 0 3.85614e-13 0 4.98919e-13 0 6.37546e-13 0
26.0832 7.98631e-09 7.84762e-09 1.3869e-10 0.0173659 0.0128178 1.53894e-22 0 4.03065e-20 0 5.55435e-18 0 7.55934e-17 0 4.33002e-16 0 1.57855e-15 0 4.39542e-15 0 1.01533e-14 0 2.05408e-14 0 3.80279e-14 0 6.49831e-14 0 1.04172e-13 0 1.60275e-13 0 2.37361e-13 0 3.36395e-13 0 4.65092e-13 0 6.3325e-13 0 8.36477e-13 0 1.08201e-12 0 1.38244e-12 0 1.74554e-12 0
27.4221 7.08812e-09 6.97373e-09 1.14388e-10 0.016138 0.0121272 1.22128e-21 0 2.43727e-19 0 2.64068e-17 0 3.16378e-16 0 1.66419e-15 0 5.69566e-15 0 1.50859e-14 0 3.34522e-14 0 6.53877e-14 0 1.17468e-13 0 1.9555e-13 0 3.0634e-13 0 4.6151e-13 0 6.70499e-13 0 9.3421e-13 0 1.27135e-12 0 1.70513e-12 0 2.22195e-12 0 2.83827e-12 0 3.58322e-12 0 4.47312e-12 0
28.8297 6.29051e-09 6.19648e-09 9.40366e-11 0.014949 0.01144 8.60257e-21 0 1.32562e-18 0 1.14257e-16 0 1.2126e-15 0 5.88182e-15 0 1.89567e-14 0 4.78781e-14 0 1.02118e-13 0 1.93181e-13 0 3.37262e-13 0 5.47643e-13 0 8.39315e-13 0 1.2394e-12 0 1.76811e-12 0 2.42395e-12 0 3.24945e-12 0 4.29613e-12 0 5.52638e-12 0 6.97542e-12 0 8.70657e-12 0 1.07518e-11 0
30.3095 5.58709e-09 5.5099e-09 7.7189e-11 0.0138156 0.0107878 5.41444e-20 0 6.52419e-18 0 4.52369e-16 0 4.27802e-15 0 1.92112e-14 0 5.84778e-14 0 1.41163e-13 0 2.90152e-13 0 5.32069e-13 0 9.03973e-13 0 1.43353e-12 0 2.1517e-12 0 3.11748e-12 0 4.37087e-12 0 5.90053e-12 0 7.79764e-12 0 1.01697e-11 0 1.29221e-11 0 1.6126e-11 0 1.99114e-11 0 2.43367e-11 0
31.8653 4.96261e-09 4.89936e-09 6.32535e-11 0.012746 0.0101423 3.05966e-19 0 2.91773e-17 0 1.64485e-15 0 1.39392e-14 0 5.81702e-14 0 1.677e-13 0 3.87772e-13 0 7.69492e-13 0 1.3699e-12 0 2.26797e-12 0 3.51652e-12 0 5.17459e-12 0 7.36269e-12 0 1.01539e-11 0 1.35081e-11 0 1.76099e-11 0 2.2671e-11 0 2.84719e-11 0 3.51489e-11 0 4.29553e-11 0 5.19902e-11 0
33.5009 4.41056e-09 4.35876e-09 5.1801e-11 0.0117448 0.00953875 1.56135e-18 0 1.19188e-16 0 5.51848e-15 0 4.21323e-14 0 1.63978e-13 0 4.48918e-13 0 9.96405e-13 0 1.91219e-12 0 3.30969e-12 0 5.34622e-12 0 8.11374e-12 0 1.17164e-11 0 1.63861e-11 0 2.22463e-11 0 2.91855e-11 0 3.75583e-11 0 4.77599e-11 0 5.93168e-11 0 7.2478e-11 0 8.77118e-11 0 1.05176e-10 0
35.2205 3.92134e-09 3.87895e-09 4.2387e-11 0.0108093 0.00890814 7.22958e-18 0 4.46602e-16 0 1.7147e-14 0 1.18545e-13 0 4.31755e-13 0 1.12529e-12 0 2.4023e-12 0 4.46583e-12 0 7.52532e-12 0 1.18745e-11 0 1.76581e-11 0 2.50453e-11 0 3.44585e-11 0 4.60888e-11 0 5.96688e-11 0 7.58468e-11 0 9.53235e-11 0 1.17144e-10 0 1.41742e-10 0 1.69944e-10 0 2.01982e-10 0
37.0284 3.49011e-09 3.45545e-09 3.46619e-11 0.00993147 0.00832178 3.05411e-17 0 1.54262e-15 0 4.9565e-14 0 3.11797e-13 0 1.06615e-12 0 2.65177e-12 0 5.45528e-12 0 9.83884e-12 0 1.61623e-11 0 2.49415e-11 0 3.63778e-11 0 5.07233e-11 0 6.87087e-11 0 9.06035e-11 0 1.1583e-10 0 1.45521e-10 0 1.80859e-10 0 2.20034e-10 0 2.63771e-10 0 3.13463e-10 0 3.69429e-10 0
38.9291 3.10711e-09 3.07878e-09 2.83324e-11 0.00911856 0.0077805 1.18149e-16 0 4.92762e-15 0 1.33653e-13 0 7.68567e-13 0 2.47491e-12 0 5.88782e-12 0 1.16934e-11 0 2.0491e-11 0 3.28546e-11 0 4.96383e-11 0 7.10769e-11 0 9.75104e-11 0 1.30143e-10 0 1.69312e-10 0 2.13873e-10 0 2.65717e-10 0 3.26758e-10 0 3.93747e-10 0 4.67855e-10 0 5.51329e-10 0 6.44573e-10 0
40.9273 2.76801e-09 2.74485e-09 2.31593e-11 0.00836675 0.00728071 4.20533e-16 0 1.46185e-14 0 3.37493e-13 0 1.78186e-12 0 5.41946e-12 0 1.23587e-11 0 2.37362e-11 0 4.04705e-11 0 6.34106e-11 0 9.38926e-11 0 1.32109e-10 0 1.78463e-10 0 2.34853e-10 0 3.01638e-10 0 3.76703e-10 0 4.63086e-10 0 5.63745e-10 0 6.73163e-10 0 7.93152e-10 0 9.27204e-10 0 1.07578e-09 0
43.0281 2.46755e-09 2.44863e-09 1.89201e-11 0.00766755 0.00679972 1.38284e-15 0 4.04235e-14 0 8.00627e-13 0 3.89726e-12 0 1.12268e-11 0 2.45919e-11 0 4.575e-11 0 7.59985e-11 0 1.16495e-10 0 1.69221e-10 0 2.3416e-10 0 3.11711e-10 0 4.04742e-10 0 5.13524e-10 0 6.34398e-10 0 7.72052e-10 0 9.30889e-10 0 1.10198e-09 0 1.28805e-09 0 1.49431e-09 0 1.72122e-09 0
45.2368 2.20151e-09 2.18605e-09 1.54566e-11 0.0070209 0.00634877 4.21804e-15 0 1.04569e-13 0 1.79013e-12 0 8.06593e-12 0 2.20656e-11 0 4.65186e-11 0 8.39581e-11 0 1.36055e-10 0 2.04249e-10 0 2.91333e-10 0 3.96791e-10 0 5.20878e-10 0 6.67765e-10 0 8.37449e-10 0 1.02395e-09 0 1.23424e-09 0 1.47463e-09 0 1.73133e-09 0 2.00831e-09 0 2.31307e-09 0 2.64599e-09 0
47.5588 1.96658e-09 1.95396e-09 1.26274e-11 0.00642096 0.00590962 1.19841e-14 0 2.53993e-13 0 3.78512e-12 0 1.58464e-11 0 4.12717e-11 0 8.38976e-11 0 1.47118e-10 0 2.32852e-10 0 3.42697e-10 0 4.80408e-10 0 6.44513e-10 0 8.34904e-10 0 1.05744e-09 0 1.31157e-09 0 1.58799e-09 0 1.89673e-09 0 2.24656e-09 0 2.61705e-09 0 3.01381e-09 0 3.44729e-09 0 3.91765e-09 0
50 1.75632e-09 1.74601e-09 1.03135e-11 0.0058722 0.00550245 3.17795e-14 0 5.80246e-13 0 7.57857e-12 0 2.95854e-11 0 7.35364e-11 0 1.44396e-10 0 2.46356e-10 0 3.81279e-10 0 5.50654e-10 0 7.59304e-10 0 1.00417e-09 0 1.28447e-09 0 1.60817e-09 0 1.97378e-09 0 2.36756e-09 0 2.80345e-09 0 3.29318e-09 0 3.8078e-09 0 4.35496e-09 0 4.94876e-09 0 5.58898e-09 0
52.5665 1.57018e-09 1.56175e-09 8.42504e-12 0.00536566 0.0051081 7.90236e-14 0 1.25208e-12 0 1.44251e-11 0 5.26903e-11 0 1.25271e-10 0 2.3801e-10 0 3.95616e-10 0 5.99367e-10 0 8.50227e-10 0 1.15414e-09 0 1.50565e-09 0 1.90292e-09 0 2.35648e-09 0 2.86343e-09 0 3.40432e-09 0 3.99798e-09 0 4.65959e-09 0 5.34968e-09 0 6.07843e-09 0 6.86426e-09 0 7.70637e-09 0
55.2648 1.405e-09 1.39812e-09 6.88179e-12 0.00489806 0.00473421 1.84817e-13 0 2.55879e-12 0 2.61635e-11 0 8.97094e-11 0 2.04453e-10 0 3.76469e-10 0 6.10428e-10 0 9.06242e-10 0 1.26378e-09 0 1.69012e-09 0 2.17642e-09 0 2.71941e-09 0 3.33262e-09 0 4.01123e-09 0 4.72882e-09 0 5.51002e-09 0 6.37403e-09 0 7.26885e-09 0 8.2077e-09 0 9.21395e-09 0 1.0286e-08 0
58.1015 1.25748e-09 1.25186e-09 5.62234e-12 0.00447111 0.00438034 4.07508e-13 0 4.96256e-12 0 4.52973e-11 0 1.46247e-10 0 3.20165e-10 0 5.72224e-10 0 9.06196e-10 0 1.31963e-09 0 1.81063e-09 0 2.38732e-09 0 3.03651e-09 0 3.75304e-09 0 4.5539e-09 0 5.43182e-09 0 6.35229e-09 0 7.34666e-09 0 8.43844e-09 0 9.56154e-09 0 1.07327e-08 0 1.19806e-08 0 1.3303e-08 0
61.0839 1.1268e-09 1.1222e-09 4.59323e-12 0.00407636 0.004044 8.50393e-13 0 9.16616e-12 0 7.51044e-11 0 2.28996e-10 0 4.82504e-10 0 8.38262e-10 0 1.29804e-09 0 1.85588e-09 0 2.50738e-09 0 3.26165e-09 0 4.10017e-09 0 5.01554e-09 0 6.0286e-09 0 7.12919e-09 0 8.27383e-09 0 9.50128e-09 0 1.08397e-08 0 1.22077e-08 0 1.36258e-08 0 1.51288e-08 0 1.67129e-08 0
64.2193 1.01005e-09 1.0063e-09 3.75276e-12 0.00371542 0.00372743 1.68275e-12 0 1.615e-11 0 1.19413e-10 0 3.44806e-10 0 7.00559e-10 0 1.18471e-09 0 1.79576e-09 0 2.52307e-09 0 3.35907e-09 0 4.31381e-09 0 5.36258e-09 0 6.49558e-09 0 7.73777e-09 0 9.07578e-09 0 1.04567e-08 0 1.19271e-08 0 1.352e-08 0 1.51382e-08 0 1.68064e-08 0 1.8565e-08 0 2.04095e-08 0
67.5157 9.06229e-10 9.03163e-10 3.06615e-12 0.00338341 0.00342912 3.16747e-12 0 2.72216e-11 0 1.82545e-10 0 5.00506e-10 0 9.8231e-10 0 1.61911e-09 0 2.40488e-09 0 3.32326e-09 0 4.36301e-09 0 5.53507e-09 0 6.80804e-09 0 8.16962e-09 0 9.64916e-09 0 1.12299e-08 0 1.28494e-08 0 1.45625e-08 0 1.64066e-08 0 1.82692e-08 0 2.01792e-08 0 2.21827e-08 0 2.42742e-08 0
70.9813 8.13462e-10 8.10957e-10 2.50567e-12 0.00308025 0.00314954 5.68313e-12 0 4.39721e-11 0 2.68709e-10 0 7.0135e-10 0 1.33192e-09 0 2.14244e-09 0 3.12131e-09 0 4.24571e-09 0 5.50047e-09 0 6.89752e-09 0 8.39852e-09 0 9.98889e-09 0 1.17024e-08 0 1.35191e-08 0 1.53673e-08 0 1.731e-08 0 1.93889e-08 0 2.1477e-08 0 2.36075e-08 0 2.58318e-08 0 2.81433e-08 0
74.6248 7.30843e-10 7.28796e-10 2.04752e-12 0.00280159 0.00288717 9.74661e-12 0 6.82431e-11 0 3.81753e-10 0 9.50808e-10 0 1.74999e-09 0 2.75036e-09 0 3.93404e-09 0 5.27144e-09 0 6.74357e-09 0 8.36343e-09 0 1.0086e-08 0 1.18948e-08 0 1.38281e-08 0 1.58626e-08 0 1.79187e-08 0 2.00671e-08 0 2.2353e-08 0 2.46371e-08 0 2.69563e-08 0 2.93669e-08 0 3.18612e-08 0
78.4553 6.57143e-10 6.55469e-10 1.67357e-12 0.00254674 0.00264364 1.6012e-11 0 1.0195e-10 0 5.24329e-10 0 1.24901e-09 0 2.23138e-09 0 3.43036e-09 0 4.82171e-09 0 6.36925e-09 0 8.05059e-09 0 9.88004e-09 0 1.18066e-08 0 1.38123e-08 0 1.59396e-08 0 1.81627e-08 0 2.03954e-08 0 2.27148e-08 0 2.51695e-08 0 2.761e-08 0 3.00768e-08 0 3.26298e-08 0 3.52607e-08 0
82.4824 5.91125e-10 5.89757e-10 1.36809e-12 0.00231438 0.00241768 2.52426e-11 0 1.46832e-10 0 6.97132e-10 0 1.59174e-09 0 2.76425e-09 0 4.16129e-09 0 5.75269e-09 0 7.49648e-09 0 9.36766e-09 0 1.13821e-08 0 1.34838e-08 0 1.56542e-08 0 1.79393e-08 0 2.03115e-08 0 2.26797e-08 0 2.51265e-08 0 2.77028e-08 0 3.02521e-08 0 3.28178e-08 0 3.54623e-08 0 3.8177e-08 0
86.7162 5.32071e-10 5.30953e-10 1.11851e-12 0.00210219 0.00220805 3.82722e-11 0 2.04285e-10 0 8.98881e-10 0 1.97131e-09 0 3.33241e-09 0 4.91742e-09 0 6.69139e-09 0 8.60778e-09 0 1.064e-08 0 1.28058e-08 0 1.50455e-08 0 1.73405e-08 0 1.97402e-08 0 2.22156e-08 0 2.46727e-08 0 2.71984e-08 0 2.98448e-08 0 3.24516e-08 0 3.50644e-08 0 3.77471e-08 0 4.04909e-08 0
91.1674 4.79298e-10 4.78383e-10 9.14473e-13 0.00190794 0.00201452 5.59257e-11 0 2.75076e-10 0 1.12591e-09 0 2.37633e-09 0 3.91546e-09 0 5.6691e-09 0 7.59915e-09 0 9.65613e-09 0 1.18131e-08 0 1.40898e-08 0 1.64244e-08 0 1.87992e-08 0 2.12659e-08 0 2.37952e-08 0 2.62923e-08 0 2.88465e-08 0 3.15104e-08 0 3.41232e-08 0 3.67318e-08 0 3.94004e-08 0 4.21203e-08 0
95.847 4.32046e-10 4.31298e-10 7.4775e-13 0.00173072 0.00183627 7.8897e-11 0 3.59024e-10 0 1.37181e-09 0 2.79167e-09 0 4.48906e-09 0 6.38328e-09 0 8.43505e-09 0 1.05938e-08 0 1.28334e-08 0 1.51758e-08 0 1.75587e-08 0 1.99656e-08 0 2.24502e-08 0 2.49832e-08 0 2.74712e-08 0 3.00041e-08 0 3.26343e-08 0 3.52036e-08 0 3.77593e-08 0 4.03646e-08 0 4.30111e-08 0
100.767 3.89656e-10 3.89045e-10 6.1138e-13 0.00156902 0.00167231 1.07629e-10 0 4.54848e-10 0 1.62787e-09 0 3.19984e-09 0 5.02752e-09 0 7.02725e-09 0 9.16065e-09 0 1.1378e-08 0 1.36552e-08 0 1.60162e-08 0 1.83999e-08 0 2.07917e-08 0 2.3246e-08 0 2.57346e-08 0 2.8167e-08 0 3.06324e-08 0 3.31819e-08 0 3.56627e-08 0 3.81217e-08 0 4.06201e-08 0 4.31502e-08 0
105.939 3.5164e-10 3.5114e-10 5.00085e-13 0.00142215 0.00152148 1.42227e-10 0 5.60221e-10 0 1.88401e-09 0 3.5832e-09 0 5.50713e-09 0 7.57297e-09 0 9.74532e-09 0 1.19771e-08 0 1.4247e-08 0 1.65811e-08 0 1.89208e-08 0 2.12536e-08 0 2.36338e-08 0 2.6035e-08 0 2.8371e-08 0 3.07289e-08 0 3.31575e-08 0 3.5512e-08 0 3.7838e-08 0 4.0194e-08 0 4.25727e-08 0
111.377 3.17516e-10 3.17107e-10 4.08972e-13 0.00128804 0.00138373 1.82342e-10 0 6.71737e-10 0 2.1292e-09 0 3.92452e-09 0 5.90666e-09 0 7.99729e-09 0 1.01657e-08 0 1.2369e-08 0 1.45896e-08 0 1.6855e-08 0 1.91104e-08 0 2.13457e-08 0 2.36143e-08 0 2.58916e-08 0 2.80975e-08 0 3.03151e-08 0 3.25907e-08 0 3.47893e-08 0 3.69543e-08 0 3.91407e-08 0 4.1342e-08 0
117.094 2.86864e-10 2.86529e-10 3.34497e-13 0.00116605 0.00125794 2.2714e-10 0 7.85169e-10 0 2.35254e-09 0 4.2088e-09 0 6.2096e-09 0 8.28433e-09 0 1.04084e-08 0 1.25441e-08 0 1.46779e-08 0 1.68387e-08 0 1.89759e-08 0 2.10822e-08 0 2.3209e-08 0 2.5334e-08 0 2.73839e-08 0 2.94369e-08 0 3.15361e-08 0 3.35576e-08 0 3.55423e-08 0 3.7541e-08 0 3.95478e-08 0
123.105 2.59354e-10 2.59081e-10 2.73653e-13 0.00105513 0.00114271 2.75353e-10 0 8.95921e-10 0 2.54447e-09 0 4.42498e-09 0 6.40613e-09 0 8.42757e-09 0 1.04717e-08 0 1.25065e-08 0 1.45229e-08 0 1.65504e-08 0 1.85435e-08 0 2.04972e-08 0 2.24604e-08 0 2.44135e-08 0 2.629e-08 0 2.81627e-08 0 3.00711e-08 0 3.19032e-08 0 3.36968e-08 0 3.54982e-08 0 3.73025e-08 0
129.424 2.34627e-10 2.34404e-10 2.23815e-13 0.000953916 0.00103775 3.25259e-10 0 9.99097e-10 0 2.69672e-09 0 4.5651e-09 0 6.49117e-09 0 8.42651e-09 0 1.03607e-08 0 1.2268e-08 0 1.41433e-08 0 1.60164e-08 0 1.78469e-08 0 1.96322e-08 0 2.1418e-08 0 2.31873e-08 0 2.48808e-08 0 2.65652e-08 0 2.82763e-08 0 2.99141e-08 0 3.15132e-08 0 3.31153e-08 0 3.47161e-08 0
136.067 2.1235e-10 2.12166e-10 1.83124e-13 0.00086237 0.000942242 3.74796e-10 0 1.08993e-09 0 2.80297e-09 0 4.62506e-09 0 6.46502e-09 0 8.28711e-09 0 1.00879e-08 0 1.1848e-08 0 1.35657e-08 0 1.52705e-08 0 1.69275e-08 0 1.85357e-08 0 2.01375e-08 0 2.17182e-08 0 2.3226e-08 0 2.47208e-08 0 2.62348e-08 0 2.76799e-08 0 2.90874e-08 0 3.04941e-08 0 3.18965e-08 0
143.051 1.92339e-10 1.92189e-10 1.49807e-13 0.00077887 0.000854794 4.21969e-10 0 1.16487e-09 0 2.8611e-09 0 4.60756e-09 0 6.33692e-09 0 8.02601e-09 0 9.67786e-09 0 1.12787e-08 0 1.28301e-08 0 1.43607e-08 0 1.58406e-08 0 1.72705e-08 0 1.86888e-08 0 2.00833e-08 0 2.14091e-08 0 2.27195e-08 0 2.4043e-08 0 2.53029e-08 0 2.65271e-08 0 2.77479e-08 0 2.89624e-08 0
150.394 1.74264e-10 1.74141e-10 1.22577e-13 0.000703399 0.000775412 4.64495e-10 0 1.22036e-09 0 2.86927e-09 0 4.51526e-09 0 6.11509e-09 0 7.65737e-09 0 9.15066e-09 0 1.05863e-08 0 1.19684e-08 0 1.33243e-08 0 1.46289e-08 0 1.5884e-08 0 1.71241e-08 0 1.83392e-08 0 1.94908e-08 0 2.06258e-08 0 2.17691e-08 0 2.28549e-08 0 2.39074e-08 0 2.49549e-08 0 2.59948e-08 0
158.114 1.5798e-10 1.57879e-10 1.00306e-13 0.000634931 0.000703035 5.00622e-10 0 1.25485e-09 0 2.83044e-09 0 4.3576e-09 0 5.81599e-09 0 7.20462e-09 0 8.53652e-09 0 9.80735e-09 0 1.10232e-08 0 1.22097e-08 0 1.33459e-08 0 1.44346e-08 0 1.55065e-08 0 1.65533e-08 0 1.75425e-08 0 1.85148e-08 0 1.94918e-08 0 2.04175e-08 0 2.13129e-08 0 2.22023e-08 0 2.30837e-08 0
166.23 1.43311e-10 1.43229e-10 8.20842e-14 0.000572768 0.000637411 5.28893e-10 0 1.26777e-09 0 2.7491e-09 0 4.14528e-09 0 5.45652e-09 0 6.69052e-09 0 7.8636e-09 0 8.97495e-09 0 1.0032e-08 0 1.10583e-08 0 1.20369e-08 0 1.2971e-08 0 1.38875e-08 0 1.47799e-08 0 1.56208e-08 0 1.64453e-08 0 1.72718e-08 0 1.80532e-08 0 1.88076e-08 0 1.95555e-08 0 2.02953e-08 0
174.763 1.30065e-10 1.29998e-10 6.71681e-14 0.000516419 0.000577897 5.48167e-10 0 1.25935e-09 0 2.6306e-09 0 3.88916e-09 0 5.05263e-09 0 6.13554e-09 0 7.15639e-09 0 8.11704e-09 0 9.02572e-09 0 9.90379e-09 0 1.07376e-08 0 1.15307e-08 0 1.23065e-08 0 1.30595e-08 0 1.37673e-08 0 1.44596e-08 0 1.51521e-08 0 1.58055e-08 0 1.64352e-08 0 1.70584e-08 0 1.76738e-08 0
183.733 1.18143e-10 1.18088e-10 5.49598e-14 0.000465197 0.000523663 5.58131e-10 0 1.23157e-09 0 2.4829e-09 0 3.60284e-09 0 4.62284e-09 0 5.5624e-09 0 6.44113e-09 0 7.26283e-09 0 8.03605e-09 0 8.77992e-09 0 9.48361e-09 0 1.01507e-08 0 1.08012e-08 0 1.1431e-08 0 1.20215e-08 0 1.25978e-08 0 1.31731e-08 0 1.37149e-08 0 1.42361e-08 0 1.47511e-08 0 1.52589e-08 0
193.164 1.0733e-10 1.07285e-10 4.49777e-14 0.000419059 0.000474578 5.58397e-10 0 1.18588e-09 0 2.31172e-09 0 3.2956e-09 0 4.17917e-09 0 4.98512e-09 0 5.73332e-09 0 6.42883e-09 0 7.08011e-09 0 7.70407e-09 0 8.29222e-09 0 8.84799e-09 0 9.38849e-09 0 9.91042e-09 0 1.03987e-08 0 1.08743e-08 0 1.13481e-08 0 1.17935e-08 0 1.22213e-08 0 1.26434e-08 0 1.3059e-08 0
203.079 9.75629e-11 9.75261e-11 3.6817e-14 0.000377367 0.00043008 5.49668e-10 0 1.12571e-09 0 2.12557e-09 0 2.97989e-09 0 3.73702e-09 0 4.42132e-09 0 5.05216e-09 0 5.63533e-09 0 6.17893e-09 0 6.6977e-09 0 7.18505e-09 0 7.64424e-09 0 8.08963e-09 0 8.51871e-09 0 8.91926e-09 0 9.30869e-09 0 9.69595e-09 0 1.00594e-08 0 1.04079e-08 0 1.07513e-08 0 1.1089e-08 0
213.503 8.87581e-11 8.87279e-11 3.01257e-14 0.000339414 0.000389676 5.3296e-10 0 1.05454e-09 0 1.93197e-09 0 2.66591e-09 0 3.30831e-09 0 3.88392e-09 0 4.41111e-09 0 4.89594e-09 0 5.34594e-09 0 5.77383e-09 0 6.17455e-09 0 6.55107e-09 0 6.9154e-09 0 7.26561e-09 0 7.5919e-09 0 7.90855e-09 0 8.22292e-09 0 8.51751e-09 0 8.79963e-09 0 9.07722e-09 0 9.34985e-09 0
224.463 8.07575e-11 8.07328e-11 2.46622e-14 0.000305385 0.000353062 5.09061e-10 0 9.74901e-10 0 1.73577e-09 0 2.35958e-09 0 2.89924e-09 0 3.3789e-09 0 3.81554e-09 0 4.21515e-09 0 4.58457e-09 0 4.93466e-09 0 5.26156e-09 0 5.56794e-09 0 5.86373e-09 0 6.14747e-09 0 6.41135e-09 0 6.66701e-09 0 6.92044e-09 0 7.15757e-09 0 7.38439e-09 0 7.60728e-09 0 7.82595e-09 0
235.984 7.35403e-11 7.35201e-11 2.01848e-14 0.000274473 0.000319858 4.79716e-10 0 8.90728e-10 0 1.54363e-09 0 2.06892e-09 0 2.51841e-09 0 2.91492e-09 0 3.27381e-09 0 3.60078e-09 0 3.90193e-09 0 4.18642e-09 0 4.45134e-09 0 4.69905e-09 0 4.9377e-09 0 5.16619e-09 0 5.37832e-09 0 5.58353e-09 0 5.78666e-09 0 5.97648e-09 0 6.15781e-09 0 6.33581e-09 0 6.51026e-09 0
248.097 6.70058e-11 6.69893e-11 1.65207e-14 0.000246556 0.000289947 4.46211e-10 0 8.04615e-10 0 1.35924e-09 0 1.79765e-09 0 2.16896e-09 0 2.4942e-09 0 2.78703e-09 0 3.05269e-09 0 3.29654e-09 0 3.52622e-09 0 3.73956e-09 0 3.9386e-09 0 4.12998e-09 0 4.3129e-09 0 4.48245e-09 0 4.64624e-09 0 4.80815e-09 0 4.95927e-09 0 5.10347e-09 0 5.24488e-09 0 5.38332e-09 0
260.832 6.1069e-11 6.10554e-11 1.35227e-14 0.000221432 0.000262667 4.09851e-10 0 7.18868e-10 0 1.18546e-09 0 1.54821e-09 0 1.85252e-09 0 2.11733e-09 0 2.35457e-09 0 2.56896e-09 0 2.76512e-09 0 2.94938e-09 0 3.12013e-09 0 3.27911e-09 0 3.4317e-09 0 3.5773e-09 0 3.71207e-09 0 3.84209e-09 0 3.97045e-09 0 4.09013e-09 0 4.20421e-09 0 4.31597e-09 0 4.42528e-09 0
274.221 5.56966e-11 5.56856e-11 1.10685e-14 0.000198729 0.00023779 3.72154e-10 0 6.35884e-10 0 1.02503e-09 0 1.3229e-09 0 1.57058e-09 0 1.78479e-09 0 1.97582e-09 0 2.14783e-09 0 2.30473e-09 0 2.45176e-09 0 2.5877e-09 0 2.71404e-09 0 2.8351e-09 0 2.95045e-09 0 3.05706e-09 0 3.15979e-09 0 3.2611e-09 0 3.35545e-09 0 3.44531e-09 0 3.53326e-09 0 3.61922e-09 0
288.297 5.08204e-11 5.08114e-11 9.06132e-15 0.000178301 0.000215136 3.34207e-10 0 5.57102e-10 0 8.78972e-10 0 1.12181e-09 0 1.32205e-09 0 1.49426e-09 0 1.64718e-09 0 1.78441e-09 0 1.90925e-09 0 2.02596e-09 0 2.13365e-09 0 2.23357e-09 0 2.32915e-09 0 2.4201e-09 0 2.50406e-09 0 2.58487e-09 0 2.66449e-09 0 2.73856e-09 0 2.80904e-09 0 2.87797e-09 0 2.94529e-09 0
303.095 4.63952e-11 4.63878e-11 7.41751e-15 0.000159877 0.000194637 2.97035e-10 0 4.83717e-10 0 7.47916e-10 0 9.44568e-10 0 1.10549e-09 0 1.24315e-09 0 1.36491e-09 0 1.47384e-09 0 1.57268e-09 0 1.66488e-09 0 1.74981e-09 0 1.82848e-09 0 1.90363e-09 0 1.97504e-09 0 2.04089e-09 0 2.10421e-09 0 2.16653e-09 0 2.22446e-09 0 2.27953e-09 0 2.33336e-09 0 2.38589e-09 0
318.653 4.23706e-11 4.23646e-11 6.07221e-15 0.000143312 0.000176048 2.61391e-10 0 4.16405e-10 0 6.31701e-10 0 7.8995e-10 0 9.18523e-10 0 1.02798e-09 0 1.12444e-09 0 1.21049e-09 0 1.28839e-09 0 1.36091e-09 0 1.4276e-09 0 1.48928e-09 0 1.54812e-09 0 1.60398e-09 0 1.65542e-09 0 1.70485e-09 0 1.75344e-09 0 1.79858e-09 0 1.84147e-09 0 1.88335e-09 0 1.92419e-09 0
335.009 3.87305e-11 3.87255e-11 4.97178e-15 0.000128369 0.000159225 2.28011e-10 0 3.55773e-10 0 5.30139e-10 0 6.56816e-10 0 7.59059e-10 0 8.4571e-10 0 9.2182e-10 0 9.89532e-10 0 1.0507e-09 0 1.10754e-09 0 1.15973e-09 0 1.20793e-09 0 1.25386e-09 0 1.29741e-09 0 1.33749e-09 0 1.37595e-09 0 1.41374e-09 0 1.44882e-09 0 1.48212e-09 0 1.51462e-09 0 1.5463e-09 0
352.205 3.54185e-11 3.54144e-11 4.07019e-15 0.000114917 0.000144002 1.97169e-10 0 3.01697e-10 0 4.42051e-10 0 5.4292e-10 0 6.23839e-10 0 6.92132e-10 0 7.51932e-10 0 8.05005e-10 0 8.52852e-10 0 8.97242e-10 0 9.37938e-10 0 9.75479e-10 0 1.01121e-09 0 1.04506e-09 0 1.07618e-09 0 1.10602e-09 0 1.13532e-09 0 1.1625e-09 0 1.18829e-09 0 1.21344e-09 0 1.23794e-09 0
370.284 3.24048e-11 3.24015e-11 3.33227e-15 0.000102833 0.000130246 1.69114e-10 0 2.54054e-10 0 3.66397e-10 0 4.4633e-10 0 5.10092e-10 0 5.63701e-10 0 6.1051e-10 0 6.5196e-10 0 6.89261e-10 0 7.23813e-10 0 7.55447e-10 0 7.84596e-10 0 8.12315e-10 0 8.38545e-10 0 8.62642e-10 0 8.85734e-10 0 9.08391e-10 0 9.29392e-10 0 9.49307e-10 0 9.68722e-10 0 9.87626e-10 0
389.291 2.96421e-11 2.96394e-11 2.72856e-15 9.20502e-05 0.000117794 1.43852e-10 0 2.12398e-10 0 3.01799e-10 0 3.64821e-10 0 4.14834e-10 0 4.56736e-10 0 4.93226e-10 0 5.25472e-10 0 5.54442e-10 0 5.8124e-10 0 6.05745e-10 0 6.28301e-10 0 6.4973e-10 0 6.69992e-10 0 6.88592e-10 0 7.06404e-10 0 7.2387e-10 0 7.4005e-10 0 7.55385e-10 0 7.70328e-10 0 7.84871e-10 0
409.273 2.7152e-11 2.71498e-11 2.23417e-15 8.22837e-05 0.000106521 1.21599e-10 0 1.76645e-10 0 2.47516e-10 0 2.9705e-10 0 3.36172e-10 0 3.68843e-10 0 3.97227e-10 0 4.22262e-10 0 4.44719e-10 0 4.65466e-10 0 4.84416e-10 0 5.01842e-10 0 5.18385e-10 0 5.34013e-10 0 5.4835e-10 0 5.62072e-10 0 5.75518e-10 0 5.87969e-10 0 5.99764e-10 0 6.11252e-10 0 6.22428e-10 0
430.281 2.48832e-11 2.48814e-11 1.82899e-15 7.3503e-05 9.63174e-05 1.02102e-10 0 1.46074e-10 0 2.02013e-10 0 2.40805e-10 0 2.71308e-10 0 2.96706e-10 0 3.18723e-10 0 3.38108e-10 0 3.55473e-10 0 3.71496e-10 0 3.86117e-10 0 3.99551e-10 0 4.12293e-10 0 4.24323e-10 0 4.35352e-10 0 4.45901e-10 0 4.56234e-10 0 4.65797e-10 0 4.74852e-10 0 4.83668e-10 0 4.92242e-10 0
452.368 2.28057e-11 2.28042e-11 1.49758e-15 6.5667e-05 8.71071e-05 8.51608e-11 0 1.20101e-10 0 1.64063e-10 0 1.94329e-10 0 2.18032e-10 0 2.37714e-10 0 2.54742e-10 0 2.69711e-10 0 2.83103e-10 0 2.95446e-10 0 3.06699e-10 0 3.1703e-10 0 3.26822e-10 0 3.36061e-10 0 3.44526e-10 0 3.52619e-10 0 3.60542e-10 0 3.67872e-10 0 3.7481e-10 0 3.81562e-10 0 3.88126e-10 0
475.588 2.09125e-11 2.09113e-11 1.22622e-15 5.86357e-05 7.87844e-05 7.06185e-11 0 9.82593e-11 0 1.32686e-10 0 1.5623e-10 0 1.74601e-10 0 1.89818e-10 0 2.02958e-10 0 2.14493e-10 0 2.248e-10 0 2.34291e-10 0 2.42936e-10 0 2.50866e-10 0 2.58379e-10 0 2.65463e-10 0 2.7195e-10 0 2.78149e-10 0 2.84216e-10 0 2.89826e-10 0 2.95134e-10 0 3.00298e-10 0 3.05316e-10 0
500 1.91927e-11 1.91917e-11 1.00396e-15 5.23092e-05 7.12517e-05 5.82607e-11 0 8.00462e-11 0 1.06928e-10 0 1.252e-10 0 1.39409e-10 0 1.51152e-10 0 1.61275e-10 0 1.70149e-10 0 1.78071e-10 0 1.85358e-10 0 1.91992e-10 0 1.98073e-10 0 2.03829e-10 0 2.09255e-10 0 2.14221e-10 0 2.18965e-10 0 2.23605e-10 0 2.27895e-10 0 2.31952e-10 0 2.35898e-10 0 2.39732e-10 0
525.665 1.76151e-11 1.76143e-11 8.22067e-16 4.66682e-05 6.44453e-05 4.77999e-11 0 6.48993e-11 0 8.58187e-11 0 9.99583e-11 0 1.1092e-10 0 1.1996e-10 0 1.27741e-10 0 1.34555e-10 0 1.40631e-10 0 1.46216e-10 0 1.51295e-10 0 1.55949e-10 0 1.60353e-10 0 1.64501e-10 0 1.68297e-10 0 1.71921e-10 0 1.75464e-10 0 1.78739e-10 0 1.81835e-10 0 1.84846e-10 0 1.87771e-10 0
552.648 1.61815e-11 1.61808e-11 6.73138e-16 4.15993e-05 5.82969e-05 3.90465e-11 0 5.2428e-11 0 6.86705e-11 0 7.95928e-11 0 8.80364e-11 0 9.49866e-11 0 1.00961e-10 0 1.06186e-10 0 1.10841e-10 0 1.15117e-10 0 1.19004e-10 0 1.22563e-10 0 1.25929e-10 0 1.29098e-10 0 1.31996e-10 0 1.34763e-10 0 1.37468e-10 0 1.39966e-10 0 1.42328e-10 0 1.44624e-10 0 1.46853e-10 0
581.015 1.48728e-11 1.48723e-11 5.51115e-16 3.70551e-05 5.27343e-05 3.17573e-11 0 4.21981e-11 0 5.47801e-11 0 6.32012e-11 0 6.96945e-11 0 7.50301e-11 0 7.96103e-11 0 8.36124e-11 0 8.71751e-11 0 9.04454e-11 0 9.34162e-11 0 9.61351e-11 0 9.87054e-11 0 1.01124e-10 0 1.03336e-10 0 1.05447e-10 0 1.07509e-10 0 1.09414e-10 0 1.11214e-10 0 1.12963e-10 0 1.14662e-10 0
610.839 1.36758e-11 1.36754e-11 4.51241e-16 3.29955e-05 4.77042e-05 2.57208e-11 0 3.38442e-11 0 4.35691e-11 0 5.00501e-11 0 5.50356e-11 0 5.91258e-11 0 6.26329e-11 0 6.56944e-11 0 6.84179e-11 0 7.09162e-11 0 7.31845e-11 0 7.52596e-11 0 7.72204e-11 0 7.90652e-11 0 8.07514e-11 0 8.23598e-11 0 8.39312e-11 0 8.5382e-11 0 8.67529e-11 0 8.8085e-11 0 8.9378e-11 0
642.193 1.25794e-11 1.25791e-11 3.69479e-16 2.93717e-05 4.31575e-05 2.07488e-11 0 2.70525e-11 0 3.45536e-11 0 3.9533e-11 0 4.33552e-11 0 4.64864e-11 0 4.91684e-11 0 5.15077e-11 0 5.35873e-11 0 5.54939e-11 0 5.72242e-11 0 5.88064e-11 0 6.03009e-11 0 6.17065e-11 0 6.29908e-11 0 6.42157e-11 0 6.5412e-11 0 6.65163e-11 0 6.75596e-11 0 6.85731e-11 0 6.95566e-11 0
675.157 1.15768e-11 1.15765e-11 3.02547e-16 2.6134e-05 3.90475e-05 1.66785e-11 0 2.15594e-11 0 2.73353e-11 0 3.11559e-11 0 3.40827e-11 0 3.64774e-11 0 3.85265e-11 0 4.03125e-11 0 4.18991e-11 0 4.33531e-11 0 4.4672e-11 0 4.58775e-11 0 4.70159e-11 0 4.80862e-11 0 4.9064e-11 0 4.99962e-11 0 5.09065e-11 0 5.17466e-11 0 5.25401e-11 0 5.33109e-11 0 5.40588e-11 0
709.813 1.06596e-11 1.06593e-11 2.47708e-16 2.32381e-05 3.53306e-05 1.33627e-11 0 1.71344e-11 0 2.15754e-11 0 2.45033e-11 0 2.67424e-11 0 2.85721e-11 0 3.01364e-11 0 3.14989e-11 0 3.27087e-11 0 3.38168e-11 0 3.48215e-11 0 3.57396e-11 0 3.66062e-11 0 3.74209e-11 0 3.81649e-11 0 3.88741e-11 0 3.95664e-11 0 4.02053e-11 0 4.08086e-11 0 4.13946e-11 0 4.1963e-11 0
746.248 9.82396e-12 9.82376e-12 2.02819e-16 2.06453e-05 3.19652e-05 1.06777e-11 0 1.35883e-11 0 1.69997e-11 0 1.92422e-11 0 2.09542e-11 0 2.23518e-11 0 2.35457e-11 0 2.45849e-11 0 2.55072e-11 0 2.63515e-11 0 2.71169e-11 0 2.7816e-11 0 2.84758e-11 0 2.90958e-11 0 2.96619e-11 0 3.02014e-11 0 3.07281e-11 0 3.12139e-11 0 3.16727e-11 0 3.21182e-11 0 3.25503e-11 0
784.553 9.05381e-12 9.05365e-12 1.6607e-16 1.83425e-05 2.89187e-05 8.50364e-12 0 1.07451e-11 0 1.33612e-11 0 1.50762e-11 0 1.63837e-11 0 1.745e-11 0 1.83601e-11 0 1.91519e-11 0 1.98543e-11 0 2.04971e-11 0 2.10796e-11 0 2.16115e-11 0 2.21133e-11 0 2.25848e-11 0 2.30153e-11 0 2.34254e-11 0 2.38257e-11 0 2.41949e-11 0 2.45435e-11 0 2.48819e-11 0 2.52102e-11 0
824.824 8.35152e-12 8.35138e-12 1.3597e-16 1.62809e-05 2.61665e-05 6.75706e-12 0 8.48148e-12 0 1.04865e-11 0 1.17977e-11 0 1.27959e-11 0 1.36092e-11 0 1.43031e-11 0 1.49063e-11 0 1.54413e-11 0 1.59307e-11 0 1.6374e-11 0 1.67787e-11 0 1.71605e-11 0 1.75191e-11 0 1.78464e-11 0 1.81582e-11 0 1.84625e-11 0 1.87431e-11 0 1.9008e-11 0 1.92652e-11 0 1.95146e-11 0
867.163 7.705e-12 7.70489e-12 1.11333e-16 1.44495e-05 2.36801e-05 5.35433e-12 0 6.67892e-12 0 8.21368e-12 0 9.2151e-12 0 9.97659e-12 0 1.05965e-11 0 1.1125e-11 0 1.15844e-11 0 1.19915e-11 0 1.23639e-11 0 1.27011e-11 0 1.30088e-11 0 1.32991e-11 0 1.35717e-11 0 1.38205e-11 0 1.40575e-11 0 1.42887e-11 0 1.45019e-11 0 1.47031e-11 0 1.48985e-11 0 1.50879e-11 0
911.674 7.11451e-12 7.11442e-12 9.11555e-17 1.28126e-05 2.143e-05 4.23467e-12 0 5.25139e-12 0 6.42572e-12 0 7.1904e-12 0 7.77122e-12 0 8.24372e-12 0 8.64633e-12 0 8.99609e-12 0 9.306e-12 0 9.58935e-12 0 9.84588e-12 0 1.008e-11 0 1.03007e-11 0 1.0508e-11 0 1.06971e-11 0 1.08773e-11 0 1.1053e-11 0 1.1215e-11 0 1.13679e-11 0 1.15163e-11 0 1.16603e-11 0
958.471 6.56981e-12 6.56973e-12 7.46435e-17 1.13616e-05 1.93957e-05 3.34073e-12 0 4.12009e-12 0 5.01767e-12 0 5.60107e-12 0 6.04375e-12 0 6.40362e-12 0 6.71012e-12 0 6.97628e-12 0 7.21204e-12 0 7.42753e-12 0 7.62259e-12 0 7.80057e-12 0 7.96835e-12 0 8.12587e-12 0 8.26958e-12 0 8.40644e-12 0 8.53994e-12 0 8.66301e-12 0 8.77916e-12 0 8.89189e-12 0 9.00118e-12 0
1007.67 6.07256e-12 6.0725e-12 6.11104e-17 1.00634e-05 1.75539e-05 2.6316e-12 0 3.2288e-12 0 3.9148e-12 0 4.35992e-12 0 4.69737e-12 0 4.97154e-12 0 5.20493e-12 0 5.40753e-12 0 5.58694e-12 0 5.7509e-12 0 5.89927e-12 0 6.03463e-12 0 6.16221e-12 0 6.28198e-12 0 6.39123e-12 0 6.49526e-12 0 6.59673e-12 0 6.69026e-12 0 6.77853e-12 0 6.86418e-12 0 6.94722e-12 0
1059.39 5.61339e-12 5.61334e-12 5.0044e-17 8.91511e-06 1.58869e-05 2.06843e-12 0 2.52554e-12 0 3.04937e-12 0 3.38875e-12 0 3.64583e-12 0 3.85457e-12 0 4.0322e-12 0 4.18635e-12 0 4.32282e-12 0 4.4475e-12 0 4.56032e-12 0 4.66322e-12 0 4.7602e-12 0 4.85122e-12 0 4.93424e-12 0 5.01329e-12 0 5.09038e-12 0 5.16145e-12 0 5.2285e-12 0 5.29356e-12 0 5.35664e-12 0
1113.77 5.19271e-12 5.19267e-12 4.09646e-17 7.88887e-06 1.43773e-05 1.62348e-12 0 1.97324e-12 0 2.37319e-12 0 2.63195e-12 0 2.82781e-12 0 2.98677e-12 0 3.12199e-12 0 3.23929e-12 0 3.34312e-12 0 3.43797e-12 0 3.52377e-12 0 3.60202e-12 0 3.67575e-12 0 3.74495e-12 0 3.80807e-12 0 3.86815e-12 0 3.92674e-12 0 3.98075e-12 0 4.03171e-12 0 4.08115e-12 0 4.12907e-12 0
1170.94 4.8055e-12 4.80547e-12 3.3543e-17 6.98011e-06 1.30103e-05 1.27219e-12 0 1.53966e-12 0 1.84491e-12 0 2.04216e-12 0 2.19135e-12 0 2.31238e-12 0 2.4153e-12 0 2.50457e-12 0 2.58356e-12 0 2.6557e-12 0 2.72095e-12 0 2.78046e-12 0 2.83652e-12 0 2.88913e-12 0 2.93711e-12 0 2.98279e-12 0 3.02732e-12 0 3.06837e-12 0 3.10709e-12 0 3.14466e-12 0 3.18108e-12 0
1231.05 4.4501e-12 4.45007e-12 2.74646e-17 6.17168e-06 1.17754e-05 9.95689e-13 0 1.20018e-12 0 1.43315e-12 0 1.58351e-12 0 1.69717e-12 0 1.78934e-12 0 1.86769e-12 0 1.93564e-12 0 1.99575e-12 0 2.05064e-12 0 2.10028e-12 0 2.14554e-12 0 2.18818e-12 0 2.22819e-12 0 2.26468e-12 0 2.29941e-12 0 2.33327e-12 0 2.36448e-12 0 2.39392e-12 0 2.42248e-12 0 2.45016e-12 0
1294.24 4.12287e-12 4.12285e-12 2.24928e-17 5.45562e-06 1.06587e-05 7.78253e-13 0 9.34543e-13 0 1.11231e-12 0 1.22692e-12 0 1.31351e-12 0 1.38371e-12 0 1.44336e-12 0 1.49507e-12 0 1.54082e-12 0 1.58259e-12 0 1.62036e-12 0 1.65479e-12 0 1.68723e-12 0 1.71766e-12 0 1.74541e-12 0 1.77182e-12 0 1.79757e-12 0 1.8213e-12 0 1.84369e-12 0 1.86541e-12 0 1.88645e-12 0
1360.67 3.82089e-12 3.82087e-12 1.84169e-17 4.82007e-06 9.64699e-06 6.07473e-13 0 7.26873e-13 0 8.62479e-13 0 9.4983e-13 0 1.01579e-12 0 1.06924e-12 0 1.11465e-12 0 1.15402e-12 0 1.18883e-12 0 1.22061e-12 0 1.24935e-12 0 1.27554e-12 0 1.30022e-12 0 1.32337e-12 0 1.34447e-12 0 1.36456e-12 0 1.38414e-12 0 1.40219e-12 0 1.41921e-12 0 1.43573e-12 0 1.45173e-12 0
1430.51 3.54399e-12 3.54397e-12 1.508e-17 4.25509e-06 8.7311e-06 4.7382e-13 0 5.65053e-13 0 6.6853e-13 0 7.3513e-13 0 7.85397e-13 0 8.26117e-13 0 8.60706e-13 0 8.90682e-13 0 9.17191e-13 0 9.41388e-13 0 9.63264e-13 0 9.83204e-13 0 1.00199e-12 0 1.0196e-12 0 1.03567e-12 0 1.05095e-12 0 1.06585e-12 0 1.07959e-12 0 1.09254e-12 0 1.1051e-12 0 1.11728e-12 0
1503.94 3.28745e-12 3.28743e-12 1.23481e-17 3.75614e-06 7.90175e-06 3.69059e-13 0 4.38734e-13 0 5.17665e-13 0 5.68426e-13 0 6.06724e-13 0 6.37739e-13 0 6.64079e-13 0 6.86902e-13 0 7.07083e-13 0 7.25502e-13 0 7.42153e-13 0 7.57329e-13 0 7.71621e-13 0 7.85029e-13 0 7.97251e-13 0 8.08882e-13 0 8.20221e-13 0 8.30668e-13 0 8.40522e-13 0 8.50081e-13 0 8.59344e-13 0
1581.14 3.05259e-12 3.05258e-12 1.01109e-17 3.31224e-06 7.15158e-06 2.87354e-13 0 3.4059e-13 0 4.00832e-13 0 4.39548e-13 0 4.68747e-13 0 4.92387e-13 0 5.1246e-13 0 5.29851e-13 0 5.45226e-13 0 5.59257e-13 0 5.71941e-13 0 5.835e-13 0 5.94386e-13 0 6.04597e-13 0 6.13905e-13 0 6.22762e-13 0 6.31396e-13 0 6.39352e-13 0 6.46855e-13 0 6.54133e-13 0 6.61186e-13 0
1662.3 2.83406e-12 2.83405e-12 8.28004e-18 2.92162e-06 6.47262e-06 2.23408e-13 0 2.64057e-13 0 3.10011e-13 0 3.39525e-13 0 3.61776e-13 0 3.79787e-13 0 3.95078e-13 0 4.08324e-13 0 4.20033e-13 0 4.30719e-13 0 4.40377e-13 0 4.49178e-13 0 4.57466e-13 0 4.6524e-13 0 4.72326e-13 0 4.79069e-13 0 4.85641e-13 0 4.91697e-13 0 4.97408e-13 0 5.02948e-13 0 5.08316e-13 0
1747.63 2.63411e-12 2.6341e-12 6.77993e-18 2.5739e-06 5.85779e-06 1.73672e-13 0 2.04731e-13 0 2.39812e-13 0 2.6233e-13 0 2.79301e-13 0 2.93035e-13 0 3.04694e-13 0 3.14792e-13 0 3.23718e-13 0 3.31862e-13 0 3.39223e-13 0 3.45931e-13 0 3.52247e-13 0 3.58171e-13 0 3.63571e-13 0 3.68709e-13 0 3.73717e-13 0 3.78331e-13 0 3.82682e-13 0 3.86903e-13 0 3.90993e-13 0
1837.33 2.44837e-12 2.44836e-12 5.55183e-18 2.26756e-06 5.30112e-06 1.34857e-13 0 1.5858e-13 0 1.85352e-13 0 2.02528e-13 0 2.1547e-13 0 2.25942e-13 0 2.34829e-13 0 2.42526e-13 0 2.49329e-13 0 2.55536e-13 0 2.61146e-13 0 2.66257e-13 0 2.7107e-13 0 2.75584e-13 0 2.79698e-13 0 2.83613e-13 0 2.87428e-13 0 2.90943e-13 0 2.94258e-13 0 2.97474e-13 0 3.00589e-13 0
1931.64 2.27807e-12 2.27807e-12 4.54647e-18 1.99575e-06 4.79794e-06 1.0471e-13 0 1.22842e-13 0 1.43289e-13 0 1.56401e-13 0 1.66278e-13 0 1.74268e-13 0 1.81049e-13 0 1.86921e-13 0 1.9211e-13 0 1.96845e-13 0 2.01123e-13 0 2.05022e-13 0 2.08693e-13 0 2.12135e-13 0 2.15272e-13 0 2.18258e-13 0 2.21167e-13 0 2.23848e-13 0 2.26376e-13 0 2.28827e-13 0 2.31203e-13 0
2030.79 2.11672e-12 2.11672e-12 3.72335e-18 1.75901e-06 4.3425e-06 8.11081e-14 0 9.49423e-14 0 1.10533e-13 0 1.20527e-13 0 1.28053e-13 0 1.3414e-13 0 1.39306e-13 0 1.43779e-13 0 1.47732e-13 0 1.51338e-13 0 1.54596e-13 0 1.57565e-13 0 1.6036e-13 0 1.62982e-13 0 1.65371e-13 0 1.67644e-13 0 1.69859e-13 0 1.719e-13 0 1.73825e-13 0 1.75692e-13 0 1.77501e-13 0
2135.03 1.96228e-12 1.96228e-12 3.04888e-18 1.55375e-06 3.92961e-06 6.26201e-14 0 7.31482e-14 0 8.5006e-14 0 9.26037e-14 0 9.83243e-14 0 1.02951e-13 0 1.06876e-13 0 1.10275e-13 0 1.13278e-13 0 1.16018e-13 0 1.18494e-13 0 1.20749e-13 0 1.22873e-13 0 1.24864e-13 0 1.26679e-13 0 1.28406e-13 0 1.30088e-13 0 1.31639e-13 0 1.33101e-13 0 1.34519e-13 0 1.35892e-13 0
2244.63 1.81812e-12 1.81811e-12 2.4964e-18 1.37307e-06 3.55578e-06 4.82757e-14 0 5.62812e-14 0 6.52929e-14 0 7.10649e-14 0 7.54101e-14 0 7.89239e-14 0 8.19049e-14 0 8.44857e-14 0 8.67662e-14 0 8.88463e-14 0 9.0726e-14 0 9.24383e-14 0 9.40505e-14 0 9.55623e-14 0 9.694e-14 0 9.82508e-14 0 9.95283e-14 0 1.00705e-13 0 1.01815e-13 0 1.02891e-13 0 1.03934e-13 0
2359.84 1.68524e-12 1.68524e-12 2.04415e-18 1.21297e-06 3.21776e-06 3.72004e-14 0 4.32887e-14 0 5.01389e-14 0 5.45252e-14 0 5.78265e-14 0 6.04959e-14 0 6.27604e-14 0 6.47207e-14 0 6.64528e-14 0 6.80327e-14 0 6.94602e-14 0 7.07607e-14 0 7.1985e-14 0 7.3133e-14 0 7.41793e-14 0 7.51747e-14 0 7.61447e-14 0 7.70383e-14 0 7.7881e-14 0 7.86983e-14 0 7.94901e-14 0
2480.97 1.56163e-12 1.56163e-12 1.67399e-18 1.07196e-06 2.91206e-06 2.86342e-14 0 3.32621e-14 0 3.84668e-14 0 4.17985e-14 0 4.43057e-14 0 4.63328e-14 0 4.80523e-14 0 4.95407e-14 0 5.08557e-14 0 5.20552e-14 0 5.3139e-14 0 5.41262e-14 0 5.50556e-14 0 5.59272e-14 0 5.67214e-14 0 5.7477e-14 0 5.82133e-14 0 5.88916e-14 0 5.95313e-14 0 6.01516e-14 0 6.07526e-14 0
2608.32 1.44724e-12 1.44724e-12 1.37063e-18 9.47066e-07 2.63553e-06 2.2026e-14 0 2.55435e-14 0 2.94978e-14 0 3.20284e-14 0 3.39326e-14 0 3.54719e-14 0 3.67775e-14 0 3.79076e-14 0 3.89061e-14 0 3.98168e-14 0 4.06396e-14 0 4.13891e-14 0 4.20947e-14 0 4.27563e-14 0 4.33592e-14 0 4.39328e-14 0 4.44917e-14 0 4.50067e-14 0 4.54922e-14 0 4.59631e-14 0 4.64193e-14 0
2742.21 1.34107e-12 1.34107e-12 1.12235e-18 8.36904e-07 2.38521e-06 1.69284e-14 0 1.96012e-14 0 2.26047e-14 0 2.45263e-14 0 2.59721e-14 0 2.71408e-14 0 2.8132e-14 0 2.89899e-14 0 2.97478e-14 0 3.04391e-14 0 3.10636e-14 0 3.16325e-14 0 3.21681e-14 0 3.26702e-14 0 3.31279e-14 0 3.35632e-14 0 3.39874e-14 0 3.43782e-14 0 3.47467e-14 0 3.51041e-14 0 3.54504e-14 0
2882.97 1.24284e-12 1.24284e-12 9.18877e-19 7.39334e-07 2.15867e-06 1.30033e-14 0 1.5034e-14 0 1.73153e-14 0 1.87746e-14 0 1.98723e-14 0 2.07596e-14 0 2.15121e-14 0 2.21634e-14 0 2.27388e-14 0 2.32636e-14 0 2.37376e-14 0 2.41695e-14 0 2.4576e-14 0 2.49572e-14 0 2.53045e-14 0 2.5635e-14 0 2.5957e-14 0 2.62536e-14 0 2.65333e-14 0 2.68045e-14 0 2.70673e-14 0
3030.95 1.15182e-12 1.15182e-12 7.52415e-19 6.53239e-07 1.95386e-06 9.9818e-15 0 1.15245e-14 0 1.32571e-14 0 1.43651e-14 0 1.51986e-14 0 1.58722e-14 0 1.64435e-14 0 1.69379e-14 0 1.73746e-14 0 1.7773e-14 0 1.81328e-14 0 1.84606e-14 0 1.87692e-14 0 1.90585e-14 0 1.93221e-14 0 1.95729e-14 0 1.98173e-14 0 2.00424e-14 0 2.02547e-14 0 2.04606e-14 0 2.066e-14 0
3186.53 1.06752e-12 1.06752e-12 6.16059e-19 5.77092e-07 1.76806e-06 7.6581e-15 0 8.83e-15 0 1.01457e-14 0 1.09871e-14 0 1.16198e-14 0 1.21312e-14 0 1.25649e-14 0 1.29402e-14 0 1.32718e-14 0 1.35741e-14 0 1.38473e-14 0 1.40961e-14 0 1.43303e-14 0 1.45499e-14 0 1.47499e-14 0 1.49403e-14 0 1.51258e-14 0 1.52967e-14 0 1.54578e-14 0 1.5614e-14 0 1.57654e-14 0
3350.09 9.89347e-13 9.89346e-13 5.04399e-19 5.0983e-07 1.59996e-06 5.87164e-15 0 6.76169e-15 0 7.76074e-15 0 8.39947e-15 0 8.87983e-15 0 9.26802e-15 0 9.59719e-15 0 9.88206e-15 0 1.01337e-14 0 1.03632e-14 0 1.05705e-14 0 1.07593e-14 0 1.09371e-14 0 1.11037e-14 0 1.12556e-14 0 1.14001e-14 0 1.15408e-14 0 1.16705e-14 0 1.17928e-14 0 1.19114e-14 0 1.20262e-14 0
3522.05 9.16534e-13 9.16533e-13 4.13055e-19 4.50671e-07 1.44772e-06 4.49768e-15 0 5.17333e-15 0 5.93155e-15 0 6.41624e-15 0 6.78073e-15 0 7.07527e-15 0 7.32501e-15 0 7.54114e-15 0 7.73205e-15 0 7.90615e-15 0 8.06342e-15 0 8.20668e-15 0 8.34152e-15 0 8.46795e-15 0 8.58315e-15 0 8.69274e-15 0 8.79954e-15 0 8.8979e-15 0 8.99066e-15 0 9.0806e-15 0 9.16775e-15 0
3702.84 8.49426e-13 8.49426e-13 3.38179e-19 3.98127e-07 1.31022e-06 3.44483e-15 0 3.95788e-15 0 4.53352e-15 0 4.90144e-15 0 5.1781e-15 0 5.40165e-15 0 5.5912e-15 0 5.75524e-15 0 5.90013e-15 0 6.03226e-15 0 6.15162e-15 0 6.26033e-15 0 6.36267e-15 0 6.45861e-15 0 6.54604e-15 0 6.6292e-15 0 6.71024e-15 0 6.78489e-15 0 6.85528e-15 0 6.92354e-15 0 6.98966e-15 0
3892.91 7.87227e-13 7.87226e-13 2.76876e-19 3.51711e-07 1.18584e-06 2.63713e-15 0 3.02667e-15 0 3.46366e-15 0 3.74293e-15 0 3.95291e-15 0 4.12258e-15 0 4.26644e-15 0 4.39093e-15 0 4.50088e-15 0 4.60116e-15 0 4.69174e-15 0 4.77424e-15 0 4.85189e-15 0 4.9247e-15 0 4.99105e-15 0 5.05416e-15 0 5.11566e-15 0 5.1723e-15 0 5.22571e-15 0 5.27751e-15 0 5.32769e-15 0
4092.73 7.29589e-13 7.29589e-13 2.26682e-19 3.10699e-07 1.07298e-06 2.01788e-15 0 2.31363e-15 0 2.64534e-15 0 2.8573e-15 0 3.01667e-15 0 3.14544e-15 0 3.25462e-15 0 3.34909e-15 0 3.43254e-15 0 3.50863e-15 0 3.57737e-15 0 3.63998e-15 0 3.69891e-15 0 3.75416e-15 0 3.8045e-15 0 3.85239e-15 0 3.89906e-15 0 3.94204e-15 0 3.98257e-15 0 4.02187e-15 0 4.05995e-15 0
4302.81 6.76164e-13 6.76164e-13 1.85587e-19 2.74471e-07 9.70911e-07 1.54335e-15 0 1.76787e-15 0 2.01965e-15 0 2.18052e-15 0 2.30147e-15 0 2.39919e-15 0 2.48205e-15 0 2.55374e-15 0 2.61706e-15 0 2.67481e-15 0 2.72697e-15 0 2.77447e-15 0 2.81919e-15 0 2.86112e-15 0 2.89932e-15 0 2.93566e-15 0 2.97107e-15 0 3.00368e-15 0 3.03444e-15 0 3.06426e-15 0 3.09315e-15 0
4523.68 6.26668e-13 6.26668e-13 1.51944e-19 2.42464e-07 8.78485e-07 1.17994e-15 0 1.35038e-15 0 1.54148e-15 0 1.66358e-15 0 1.75537e-15 0 1.82953e-15 0 1.89241e-15 0 1.94681e-15 0 1.99486e-15 0 2.03868e-15 0 2.07826e-15 0 2.11431e-15 0 2.14824e-15 0 2.18006e-15 0 2.20905e-15 0 2.23662e-15 0 2.26349e-15 0 2.28824e-15 0 2.31157e-15 0 2.3342e-15 0 2.35613e-15 0
4755.88 5.80686e-13 5.80686e-13 1.24392e-19 2.14215e-07 7.94924e-07 9.01587e-16 0 1.03093e-15 0 1.17595e-15 0 1.2686e-15 0 1.33824e-15 0 1.39451e-15 0 1.44221e-15 0 1.48349e-15 0 1.51995e-15 0 1.55319e-15 0 1.58322e-15 0 1.61057e-15 0 1.63631e-15 0 1.66045e-15 0 1.68244e-15 0 1.70336e-15 0 1.72374e-15 0 1.74252e-15 0 1.76022e-15 0 1.77739e-15 0 1.79402e-15 0
5000 5.38176e-13 5.38175e-13 1.01841e-19 1.89234e-07 7.19459e-07 6.88759e-16 0 7.86938e-16 0 8.96997e-16 0 9.67304e-16 0 1.02016e-15 0 1.06285e-15 0 1.09905e-15 0 1.13037e-15 0 1.15804e-15 0 1.18326e-15 0 1.20605e-15 0 1.2268e-15 0 1.24633e-15 0 1.26465e-15 0 1.28133e-15 0 1.29721e-15 0 1.31267e-15 0 1.32692e-15 0 1.34035e-15 0 1.35338e-15 0 1.366e-15 0
