# 1.2451e-07 1 12 : grain size, compostion index, size index
# Heating and cooling timescale: 38805.9 3.84669
# Ratio of heating to cooling to determine stochastic cutoff: 100
# Equilibrium emission is recorded even for those grains in the stochastic regime.
# Emission spectrum was computed for: 
# Type: IRSF
# Scales: 0.5 1 2 5 10
# StochasticallyHeated: 1 1 1 1 1
# Temperature: -1
# Wavelength  CExt  CAbs  CSca  Albedo G EqEm1 StEm1 EqEm2 StEm2 EqEm3 StEm3 EqEm4 StEm4 EqEm5 StEm5
0.05 8.1253e-15 8.11343e-15 1.1872e-17 0.00146112 0.00340671 0 0 0 0 0 0 0 0 0 0
0.0525665 9.41091e-15 9.39817e-15 1.2739e-17 0.00135364 0.00303421 0 0 0 0 0 0 0 0 0 0
0.0552647 1.0862e-14 1.08483e-14 1.36576e-17 0.00125737 0.00270137 0 0 0 0 0 0 0 0 0 0
0.0581015 1.23273e-14 1.23129e-14 1.44178e-17 0.00116958 0.00240362 0 0 0 0 0 0 0 0 0 0
0.0610839 1.39775e-14 1.39622e-14 1.53463e-17 0.00109792 0.00211659 0 0 0 0 0 0 0 0 0 0
0.0642193 1.63356e-14 1.63185e-14 1.71249e-17 0.00104832 0.0018306 0 0 0 0 0 0 0 0 0 0
0.0675157 1.99356e-14 1.99154e-14 2.01775e-17 0.00101213 0.00154216 0 0 0 0 0 0 0 0 0 0
0.0709813 2.22047e-14 2.21838e-14 2.09172e-17 0.000942016 0.00129174 0 0 0 0 0 0 0 0 0 0
0.0746248 2.11914e-14 2.1173e-14 1.83427e-17 0.000865572 0.00111291 0 0 0 0 0 0 0 0 0 0
0.0784553 1.81192e-14 1.8105e-14 1.42709e-17 0.000787608 0.000993943 0 0 0 0 0 0 0 0 0 0
0.0824824 1.45732e-14 1.45631e-14 1.00498e-17 0.000689612 0.000928155 0 0 0 0 0 0 0 0 0 0
0.0867162 1.27287e-14 1.2721e-14 7.74253e-18 0.000608272 0.000890392 0 0 0 0 0 0 0 0 0 0
0.0911674 1.12183e-14 1.12118e-14 6.49667e-18 0.000579114 0.000863851 0 0 0 0 0 0 0 0 0 0
0.095847 8.81182e-15 8.80666e-15 5.15867e-18 0.000585426 0.000910158 0 0 0 0 0 0 0 0 0 0
0.100767 6.07595e-15 6.07243e-15 3.51994e-18 0.000579323 0.00106173 0 0 0 0 0 0 0 0 0 0
0.105939 3.98419e-15 3.98175e-15 2.43835e-18 0.000612006 0.00114604 0 0 0 0 0 0 0 0 0 0
0.111377 2.41089e-15 2.4094e-15 1.4905e-18 0.000618235 0.00131185 0 0 0 0 0 0 0 0 0 0
0.117094 1.84343e-15 1.84251e-15 9.28648e-19 0.00050376 0.0012026 0 0 0 0 0 0 0 0 0 0
0.123105 1.44362e-15 1.44301e-15 6.04824e-19 0.000418964 0.00103198 0 0 0 0 0 0 0 0 0 0
0.129424 1.2109e-15 1.21051e-15 3.88931e-19 0.000321191 0.00086796 0 0 0 0 0 0 0 0 0 0
0.136067 1.14667e-15 1.14641e-15 2.51915e-19 0.000219694 0.000734403 0 0 0 0 0 0 0 0 0 0
0.143051 1.18906e-15 1.18889e-15 1.65434e-19 0.00013913 0.0006265 0 0 0 0 0 0 0 0 0 0
0.150394 1.37157e-15 1.37146e-15 1.12683e-19 8.21556e-05 0.000534833 0 0 0 0 0 0 0 0 0 0
0.158114 1.66442e-15 1.66433e-15 8.51998e-20 5.1189e-05 0.000458018 0 0 0 0 0 0 0 0 0 0
0.16623 2.08431e-15 2.08424e-15 7.86775e-20 3.77474e-05 0.000393766 0 0 0 0 0 0 0 0 0 0
0.174762 2.72792e-15 2.72782e-15 9.47648e-20 3.47388e-05 0.000338595 0 0 0 0 0 0 0 0 0 0
0.183733 3.66174e-15 3.6616e-15 1.3528e-19 3.69443e-05 0.000288396 0 0 0 0 0 0 0 0 0 0
0.193164 5.08287e-15 5.08265e-15 2.14872e-19 4.22738e-05 0.000239997 0 0 0 0 0 0 0 0 0 0
0.203079 6.72002e-15 6.71969e-15 3.28066e-19 4.88192e-05 0.000192455 0 0 0 0 0 0 0 0 0 0
0.213503 7.2609e-15 7.2605e-15 4.029e-19 5.5489e-05 0.000148014 0 0 0 0 0 0 0 0 0 0
0.224463 5.57995e-15 5.57962e-15 3.34919e-19 6.00219e-05 0.000109592 0 0 0 0 0 0 0 0 0 0
0.235984 3.80366e-15 3.80343e-15 2.27178e-19 5.97262e-05 7.8225e-05 0 0 0 0 0 0 0 0 0 0
0.248097 2.69923e-15 2.69908e-15 1.47004e-19 5.44615e-05 5.99089e-05 0 0 0 0 0 0 0 0 0 0
0.260832 2.13275e-15 2.13265e-15 1.00933e-19 4.7325e-05 6.22959e-05 0 0 0 0 0 0 0 0 0 0
0.274221 1.75961e-15 1.75954e-15 7.27874e-20 4.13655e-05 8.32629e-05 0 0 0 0 0 0 0 0 0 0
0.288297 1.52063e-15 1.52057e-15 5.42451e-20 3.56728e-05 0.000111729 0 0 0 0 0 0 0 0 0 0
0.303095 1.33738e-15 1.33734e-15 4.17974e-20 3.12531e-05 0.000125301 0 0 0 0 0 0 0 0 0 0
0.318653 1.18061e-15 1.18058e-15 3.25441e-20 2.75655e-05 0.000130759 0 0 0 0 0 0 0 0 0 0
0.335009 1.05852e-15 1.0585e-15 2.5632e-20 2.42149e-05 0.000128601 0 0 0 0 0 0 0 0 0 0
0.352205 9.64195e-16 9.64175e-16 2.04372e-20 2.11962e-05 0.000122034 0 0 0 0 0 0 0 0 0 0
0.370284 8.85387e-16 8.8537e-16 1.64396e-20 1.85677e-05 0.000114094 0 0 0 0 0 0 0 0 0 0
0.389291 8.11251e-16 8.11238e-16 1.33257e-20 1.64261e-05 0.000106375 0 0 0 0 0 0 0 0 0 0
0.409273 7.40393e-16 7.40382e-16 1.08339e-20 1.46326e-05 9.88819e-05 0 0 0 0 0 0 0 0 0 0
0.430281 6.72545e-16 6.72536e-16 8.81682e-21 1.31096e-05 9.17618e-05 0 0 0 0 0 0 0 0 0 0
0.452368 6.14176e-16 6.14169e-16 7.17426e-21 1.16811e-05 8.44065e-05 0 0 0 0 0 0 0 0 0 0
0.475588 5.61339e-16 5.61333e-16 5.84154e-21 1.04064e-05 7.73617e-05 0 0 0 0 0 0 0 0 0 8.40779e-45
0.5 5.16619e-16 5.16615e-16 4.76897e-21 9.23111e-06 7.06029e-05 0 0 0 0 0 0 0 1.12104e-44 0 2.11596e-43
0.525665 4.78016e-16 4.78012e-16 3.89751e-21 8.15352e-06 6.4212e-05 0 1.4013e-45 0 2.8026e-45 0 7.00649e-45 0 3.0268e-43 0 4.81907e-42
0.552647 4.41594e-16 4.4159e-16 3.18648e-21 7.21588e-06 5.83901e-05 0 6.16571e-44 0 1.26117e-43 0 3.08286e-43 0 6.88318e-42 0 9.36936e-41
0.581015 4.11338e-16 4.11335e-16 2.61787e-21 6.36429e-06 5.29796e-05 0 2.43826e-42 0 4.92276e-42 0 1.11613e-41 0 1.40825e-40 0 1.59053e-39
0.610839 3.82472e-16 3.8247e-16 2.15135e-21 5.62486e-06 4.80787e-05 0 7.92911e-41 0 1.59675e-40 0 3.4498e-40 0 2.64936e-39 0 2.37638e-38
0.642193 3.54902e-16 3.549e-16 1.76767e-21 4.98073e-06 4.36327e-05 0 2.14836e-39 0 4.31877e-39 0 9.06454e-39 0 4.70661e-38 0 3.20196e-37
0.675157 3.29375e-16 3.29373e-16 1.45409e-21 4.41468e-06 3.96167e-05 0 4.90366e-38 0 9.84573e-38 0 2.03065e-37 0 7.98163e-37 0 4.0212e-36
0.709813 3.05783e-16 3.05782e-16 1.19816e-21 3.91833e-06 3.60145e-05 0 9.50925e-37 0 1.90767e-36 0 3.89262e-36 0 1.27682e-35 0 4.84912e-35
0.746248 2.83622e-16 2.83621e-16 9.87451e-22 3.48158e-06 3.27962e-05 0 1.57723e-35 0 3.16217e-35 0 6.40962e-35 0 1.88284e-34 0 5.69432e-34
0.784553 2.62579e-16 2.62579e-16 8.13542e-22 3.09827e-06 2.98735e-05 0 2.25225e-34 0 4.51351e-34 0 9.11024e-34 0 2.50778e-33 0 6.46218e-33
0.824824 2.42915e-16 2.42914e-16 6.70117e-22 2.75865e-06 2.72504e-05 0 2.79195e-33 0 5.5932e-33 0 1.12589e-32 0 2.98414e-32 0 6.94453e-32
0.867162 2.24522e-16 2.24522e-16 5.52177e-22 2.45934e-06 2.48902e-05 0 3.02462e-32 0 6.05777e-32 0 1.21723e-31 0 3.1556e-31 0 6.90785e-31
0.911674 2.07246e-16 2.07246e-16 4.54754e-22 2.19427e-06 2.27552e-05 0 2.88092e-31 0 5.76884e-31 0 1.15779e-30 0 2.96238e-30 0 6.25704e-30
0.95847 1.91244e-16 1.91244e-16 3.74209e-22 1.95671e-06 2.08415e-05 0 2.4301e-30 0 4.86536e-30 0 9.75662e-30 0 2.4767e-29 0 5.12333e-29
1.00767 1.76288e-16 1.76288e-16 3.07952e-22 1.74687e-06 1.91039e-05 0 1.82456e-29 0 3.65254e-29 0 7.32034e-29 0 1.84921e-28 0 3.77867e-28
1.05939 1.62671e-16 1.62671e-16 2.5332e-22 1.55725e-06 1.75278e-05 0 1.2288e-28 0 2.45966e-28 0 4.92759e-28 0 1.24094e-27 0 2.51718e-27
1.11377 1.49878e-16 1.49877e-16 2.08316e-22 1.38991e-06 1.6093e-05 0 7.44355e-28 0 1.48984e-27 0 2.98381e-27 0 7.49939e-27 0 1.51438e-26
1.17094 1.38524e-16 1.38524e-16 1.71232e-22 1.23612e-06 1.47535e-05 0 4.09527e-27 0 8.19619e-27 0 1.64115e-26 0 4.1194e-26 0 8.29496e-26
1.23105 1.28058e-16 1.28058e-16 1.40816e-22 1.09963e-06 1.35272e-05 0 2.05026e-26 0 4.10311e-26 0 8.21445e-26 0 2.06004e-25 0 4.14063e-25
1.29424 1.18353e-16 1.18353e-16 1.15839e-22 9.78756e-07 1.23992e-05 0 9.37878e-26 0 1.87685e-25 0 3.75698e-25 0 9.416e-25 0 1.89031e-24
1.36067 1.0938e-16 1.0938e-16 9.52367e-23 8.70692e-07 1.13716e-05 0 3.93805e-25 0 7.88034e-25 0 1.57729e-24 0 3.95137e-24 0 7.9261e-24
1.43051 1.011e-16 1.011e-16 7.82628e-23 7.74113e-07 1.04354e-05 0 1.52435e-24 0 3.05022e-24 0 6.10467e-24 0 1.52883e-23 0 3.06494e-23
1.50394 9.35822e-17 9.35821e-17 6.4337e-23 6.87492e-07 9.57012e-06 0 5.46828e-24 0 1.09416e-23 0 2.1897e-23 0 5.48246e-23 0 1.09866e-22
1.58114 8.67197e-17 8.67196e-17 5.28902e-23 6.09898e-07 8.76335e-06 0 1.82418e-23 0 3.64993e-23 0 7.30404e-23 0 1.82841e-22 0 3.66292e-22
1.6623 8.03721e-17 8.03721e-17 4.34843e-23 5.41037e-07 8.01509e-06 0 5.67378e-23 0 1.13522e-22 0 2.27162e-22 0 5.68569e-22 0 1.13878e-21
1.74762 7.43982e-17 7.43981e-17 3.57551e-23 4.80591e-07 7.34083e-06 0 1.64877e-22 0 3.29879e-22 0 6.60077e-22 0 1.65193e-21 0 3.30803e-21
1.83733 6.88829e-17 6.88829e-17 2.93965e-23 4.26761e-07 6.72449e-06 0 4.49745e-22 0 8.99811e-22 0 1.80043e-21 0 4.50536e-21 0 9.02086e-21
1.93164 6.37735e-17 6.37734e-17 2.41596e-23 3.78834e-07 6.15868e-06 0 1.15487e-21 0 2.31051e-21 0 4.62296e-21 0 1.15675e-20 0 2.31584e-20
2.03079 5.90908e-17 5.90908e-17 1.9851e-23 3.3594e-07 5.63353e-06 0 2.80234e-21 0 5.60647e-21 0 1.12173e-20 0 2.80658e-20 0 5.61832e-20
2.13503 5.47321e-17 5.47321e-17 1.63235e-23 2.98244e-07 5.15327e-06 0 6.43663e-21 0 1.28771e-20 0 2.57636e-20 0 6.4457e-20 0 1.29022e-19
2.24463 5.06647e-17 5.06647e-17 1.34167e-23 2.64814e-07 4.71558e-06 0 1.40287e-20 0 2.80652e-20 0 5.61498e-20 0 1.40472e-19 0 2.81161e-19
2.35984 4.6937e-17 4.6937e-17 1.10234e-23 2.34855e-07 4.31209e-06 0 2.91293e-20 0 5.82741e-20 0 1.16586e-19 0 2.91654e-19 0 5.83725e-19
2.48097 4.34983e-17 4.34983e-17 9.05541e-24 2.08178e-07 3.93951e-06 0 5.77401e-20 0 1.15509e-19 0 2.31089e-19 0 5.78074e-19 0 1.15692e-18
2.60832 4.02897e-17 4.02896e-17 7.44504e-24 1.84788e-07 3.59563e-06 0 1.09423e-19 0 2.18898e-19 0 4.37921e-19 0 1.09543e-18 0 2.19222e-18
2.74221 3.72703e-17 3.72703e-17 6.11896e-24 1.64178e-07 3.28265e-06 0 1.9856e-19 0 3.97209e-19 0 7.94635e-19 0 1.98766e-18 0 3.97764e-18
2.88297 3.44795e-17 3.44795e-17 5.02518e-24 1.45744e-07 2.99947e-06 0 3.46221e-19 0 6.92591e-19 0 1.38554e-18 0 3.46561e-18 0 6.93505e-18
3.03095 3.18675e-17 3.18675e-17 4.12764e-24 1.29525e-07 2.74237e-06 0 5.80705e-19 0 1.16165e-18 0 2.32386e-18 0 5.81247e-18 0 1.1631e-17
3.18653 2.94622e-17 2.94622e-17 3.39099e-24 1.15096e-07 2.50375e-06 0 9.39946e-19 0 1.88026e-18 0 3.76139e-18 0 9.40778e-18 0 1.88249e-17
3.35009 2.72365e-17 2.72365e-17 2.78488e-24 1.02248e-07 2.28429e-06 0 1.47047e-18 0 2.94149e-18 0 5.88428e-18 0 1.47171e-17 0 2.9448e-17
3.52205 2.51698e-17 2.51698e-17 2.28602e-24 9.08238e-08 2.08458e-06 0 2.22677e-18 0 4.45432e-18 0 8.91052e-18 0 2.22856e-17 0 4.4591e-17
3.70284 2.32607e-17 2.32607e-17 1.87734e-24 8.07086e-08 1.90219e-06 0 3.27093e-18 0 6.54296e-18 0 1.30886e-17 0 3.27344e-17 0 6.54968e-17
3.89291 2.151e-17 2.151e-17 1.54116e-24 7.16485e-08 1.73378e-06 0 4.67106e-18 0 9.34361e-18 0 1.86908e-17 0 4.67449e-17 0 9.35279e-17
4.09273 1.98947e-17 1.98947e-17 1.265e-24 6.35847e-08 1.57476e-06 0 6.49204e-18 0 1.29861e-17 0 2.5977e-17 0 6.49661e-17 0 1.29983e-16
4.30281 1.83842e-17 1.83842e-17 1.03812e-24 5.64679e-08 1.43114e-06 0 8.78474e-18 0 1.75721e-17 0 3.51504e-17 0 8.79066e-17 0 1.7588e-16
4.52368 1.69832e-17 1.69832e-17 8.52186e-25 5.01782e-08 1.30011e-06 0 1.1596e-17 0 2.31953e-17 0 4.63985e-17 0 1.16035e-16 0 2.32155e-16
4.75588 1.56872e-17 1.56872e-17 6.99285e-25 4.45768e-08 1.18024e-06 0 1.49543e-17 0 2.99126e-17 0 5.9835e-17 0 1.49636e-16 0 2.99377e-16
5 1.45103e-17 1.45103e-17 5.73652e-25 3.95341e-08 1.06533e-06 0 1.88918e-17 0 3.77886e-17 0 7.55891e-17 0 1.89032e-16 2.8026e-45 3.78192e-16
5.25665 1.33858e-17 1.33858e-17 4.70696e-25 3.51638e-08 9.62646e-07 0 2.33109e-17 0 4.66276e-17 0 9.32694e-17 0 2.33244e-16 1.49939e-43 4.66641e-16
5.52648 1.23338e-17 1.23338e-17 3.86193e-25 3.13117e-08 8.70752e-07 0 2.81658e-17 0 5.63385e-17 0 1.12693e-16 1.4013e-45 2.81816e-16 7.21388e-42 5.63812e-16
5.81015 1.13691e-17 1.13691e-17 3.16659e-25 2.78525e-08 7.86557e-07 0 3.34107e-17 0 6.68291e-17 0 1.33677e-16 4.90454e-44 3.34287e-16 2.83179e-40 6.68782e-16
6.10839 1.04897e-17 1.04897e-17 2.59575e-25 2.47456e-08 7.07926e-07 0 3.89653e-17 0 7.79393e-17 0 1.559e-16 2.42705e-42 3.89857e-16 9.15188e-39 7.7995e-16
6.42193 9.65336e-18 9.65336e-18 2.12781e-25 2.20421e-08 6.43346e-07 0 4.456e-17 0 8.91296e-17 0 1.78283e-16 9.71366e-41 4.45826e-16 2.44987e-37 8.91914e-16
6.75157 8.91633e-18 8.91633e-18 1.74446e-25 1.95648e-08 5.74483e-07 0 5.03211e-17 0 1.00653e-16 3.78351e-44 2.01331e-16 3.20556e-39 5.03458e-16 5.5154e-36 1.00721e-15
7.09813 8.2269e-18 8.2269e-18 1.42938e-25 1.73744e-08 5.14108e-07 0 5.58951e-17 0 1.11801e-16 1.81048e-42 2.23631e-16 8.7671e-38 5.59217e-16 1.04846e-34 1.11875e-15
7.46248 7.59862e-18 7.59862e-18 1.17085e-25 1.54087e-08 4.58437e-07 0 6.12391e-17 8.40779e-45 1.2249e-16 7.02611e-41 2.4501e-16 2.00942e-36 6.12674e-16 1.7002e-33 1.22568e-15
7.84553 7.03196e-18 7.03196e-18 9.59433e-26 1.36439e-08 4.05764e-07 0 6.6283e-17 4.4281e-43 1.32578e-16 2.24887e-39 2.65188e-16 3.89707e-35 6.63127e-16 2.37268e-32 1.32661e-15
8.24824 6.49933e-18 6.49933e-18 7.85934e-26 1.20925e-08 3.56431e-07 1.4013e-45 7.06928e-17 1.78301e-41 1.41398e-16 5.97314e-38 2.82829e-16 6.42723e-34 7.07236e-16 2.86137e-31 1.41484e-15
8.67162 6.00592e-18 6.00592e-18 6.43377e-26 1.07124e-08 3.13521e-07 9.66896e-44 7.44179e-17 5.90078e-40 1.48849e-16 1.33003e-36 2.9773e-16 9.09559e-33 7.44493e-16 3.00655e-30 1.48937e-15
9.11674 5.56084e-18 5.56084e-18 5.26677e-26 9.47117e-09 2.74891e-07 4.06096e-42 7.75327e-17 1.62304e-38 1.55079e-16 2.50943e-35 3.1019e-16 1.11509e-31 7.75646e-16 2.77681e-29 1.55168e-15
9.5847 5.16537e-18 5.16537e-18 4.30967e-26 8.34337e-09 2.39988e-07 1.40651e-40 8.00913e-17 3.74927e-37 1.60196e-16 4.05024e-34 3.20425e-16 1.1943e-30 8.01233e-16 2.27174e-28 1.60286e-15
10.0767 4.81679e-18 4.81679e-18 3.52496e-26 7.31808e-09 2.08303e-07 4.04811e-39 8.21287e-17 7.34163e-36 1.6427e-16 5.63921e-33 3.28574e-16 1.12578e-29 8.21605e-16 1.65735e-27 1.64361e-15
10.5939 4.50939e-18 4.50939e-18 2.88098e-26 6.38883e-09 1.76543e-07 9.77359e-38 8.36445e-17 1.22885e-34 1.67302e-16 6.8241e-32 3.34636e-16 9.40043e-29 8.3676e-16 1.08458e-26 1.67392e-15
11.1377 4.25287e-18 4.25287e-18 2.35285e-26 5.53238e-09 1.47632e-07 2.00372e-36 8.49403e-17 1.77809e-33 1.69893e-16 7.2527e-31 3.39818e-16 7.02001e-28 8.49714e-16 6.42347e-26 1.69982e-15
11.7094 3.98189e-18 3.98189e-18 1.93946e-26 4.8707e-09 1.22999e-07 3.46621e-35 8.47924e-17 2.20818e-32 1.69597e-16 6.7162e-30 3.39225e-16 4.6471e-27 8.48226e-16 3.41075e-25 1.69684e-15
12.3105 3.79745e-18 3.79745e-18 1.57698e-26 4.15274e-09 9.56082e-08 5.23281e-34 8.54094e-17 2.43221e-31 1.7083e-16 5.59572e-29 3.41691e-16 2.81352e-26 8.54388e-16 1.67428e-24 1.70916e-15
12.9424 3.63024e-18 3.63024e-18 1.28768e-26 3.5471e-09 7.00085e-08 6.83556e-33 8.54634e-17 2.35404e-30 1.70938e-16 4.15293e-28 3.41905e-16 1.54119e-25 8.5492e-16 7.51263e-24 1.71022e-15
13.6067 3.49662e-18 3.49662e-18 1.05149e-26 3.00715e-09 4.74079e-08 7.8224e-32 8.54234e-17 2.0254e-29 1.70858e-16 2.77566e-27 3.41743e-16 7.71638e-25 8.54511e-16 3.11127e-23 1.70939e-15
14.3051 3.4061e-18 3.4061e-18 8.57929e-27 2.5188e-09 3.17659e-08 7.92514e-31 8.56413e-17 1.56444e-28 1.71293e-16 1.6861e-26 3.42613e-16 3.56126e-24 8.56682e-16 1.19878e-22 1.71372e-15
15.0394 3.36e-18 3.36e-18 6.99588e-27 2.08211e-09 1.17371e-08 7.16458e-30 8.6264e-17 1.09263e-27 1.72538e-16 9.37048e-26 3.45103e-16 1.52398e-23 8.62901e-16 4.32071e-22 1.72616e-15
15.8114 3.36794e-18 3.36794e-18 5.70459e-27 1.69379e-09 -4.13874e-09 5.83486e-29 8.7626e-17 6.96172e-27 1.75262e-16 4.80413e-25 3.50549e-16 6.09358e-23 8.76516e-16 1.46733e-21 1.75338e-15
16.623 3.42882e-18 3.42882e-18 4.65078e-27 1.35638e-09 -1.94094e-08 4.30433e-28 8.97526e-17 4.0663e-26 1.79515e-16 2.282e-24 3.59055e-16 2.28498e-22 8.97777e-16 4.71063e-21 1.79591e-15
17.4762 3.54977e-18 3.54977e-18 3.78965e-27 1.06758e-09 -3.47615e-08 2.89566e-27 9.28374e-17 2.19079e-25 1.85684e-16 1.00999e-23 3.71393e-16 8.07624e-22 9.28623e-16 1.43629e-20 1.8576e-15
18.3733 3.74785e-18 3.74785e-18 3.08632e-27 8.23491e-10 -4.95319e-08 1.79116e-26 9.72844e-17 1.09711e-24 1.94578e-16 4.19507e-23 3.89181e-16 2.70847e-21 9.73093e-16 4.18528e-20 1.94654e-15
19.3164 4.02838e-18 4.02838e-18 2.51674e-27 6.24752e-10 -6.4203e-08 1.02208e-25 1.03127e-16 5.12093e-24 2.06264e-16 1.63898e-22 4.12552e-16 8.63352e-21 1.03152e-15 1.16718e-19 2.06341e-15
20.3079 4.4044e-18 4.4044e-18 2.05359e-27 4.66258e-10 -8.04513e-08 5.40187e-25 1.10529e-16 2.23571e-23 2.21066e-16 6.04154e-22 4.42158e-16 2.62244e-20 1.10554e-15 3.12203e-19 2.21146e-15
21.3503 4.90674e-18 4.90674e-18 1.67746e-27 3.41869e-10 -9.35976e-08 2.66092e-24 1.20007e-16 9.18249e-23 2.40023e-16 2.11247e-21 4.80071e-16 7.62776e-20 1.20033e-15 8.0465e-19 2.40105e-15
22.4463 5.56573e-18 5.56573e-18 1.37466e-27 2.46986e-10 -1.01111e-07 1.22609e-23 1.31933e-16 3.55927e-22 2.63876e-16 7.02588e-21 5.27778e-16 2.12941e-19 1.3196e-15 2.00222e-18 2.63961e-15
23.5984 6.4056e-18 6.4056e-18 1.13324e-27 1.76915e-10 -1.12696e-07 5.2879e-23 1.46392e-16 1.30227e-21 2.92793e-16 2.22228e-20 5.85614e-16 5.70191e-19 1.4642e-15 4.80568e-18 2.92883e-15
24.8097 7.43373e-18 7.43373e-18 9.42299e-28 1.2676e-10 -1.24699e-07 2.12982e-22 1.6297e-16 4.48566e-21 3.25948e-16 6.66449e-20 6.51924e-16 1.45943e-18 1.62998e-15 1.10846e-17 3.26041e-15
26.0832 8.64005e-18 8.64005e-18 7.93671e-28 9.18595e-11 -1.31172e-07 7.98669e-22 1.80835e-16 1.44955e-20 3.61678e-16 1.88779e-19 7.23383e-16 3.55573e-18 1.80863e-15 2.4461e-17 3.61772e-15
27.4221 9.93741e-18 9.93741e-18 6.77723e-28 6.81992e-11 -1.39458e-07 2.76503e-21 1.97667e-16 4.35615e-20 3.95343e-16 5.00494e-19 7.90711e-16 8.16813e-18 1.97695e-15 5.11417e-17 3.95436e-15
28.8297 1.11311e-17 1.11311e-17 5.8847e-28 5.28673e-11 -1.39452e-07 8.72692e-21 2.09524e-16 1.20172e-19 4.19055e-16 1.22555e-18 8.38133e-16 1.7452e-17 2.09549e-15 9.99085e-17 4.19144e-15
30.3095 1.20838e-17 1.20838e-17 5.17274e-28 4.28071e-11 -1.43299e-07 2.50701e-20 2.14377e-16 3.03732e-19 4.28759e-16 2.76553e-18 8.57537e-16 3.45918e-17 2.14398e-15 1.81858e-16 4.28838e-15
31.8653 1.23617e-17 1.23617e-17 4.54485e-28 3.67654e-11 -1.45777e-07 6.39323e-20 2.05912e-16 6.85742e-19 4.11826e-16 5.60547e-18 8.23667e-16 6.1978e-17 2.05928e-15 3.00474e-16 4.1189e-15
33.5009 1.21183e-17 1.21183e-17 3.98634e-28 3.28953e-11 -1.3982e-07 1.47601e-19 1.88853e-16 1.41001e-18 3.77708e-16 1.04021e-17 7.55425e-16 1.02281e-16 1.88864e-15 4.59084e-16 3.77754e-15
35.2206 1.1121e-17 1.1121e-17 3.41387e-28 3.06975e-11 -1.35148e-07 3.02229e-19 1.61612e-16 2.58591e-18 3.23223e-16 1.73037e-17 6.4645e-16 1.52176e-16 1.61617e-15 6.34754e-16 3.23251e-15
37.0284 9.84279e-18 9.84279e-18 2.88767e-28 2.93379e-11 -1.18686e-07 5.66926e-19 1.32972e-16 4.36803e-18 2.65943e-16 2.66383e-17 5.31885e-16 2.10675e-16 1.32973e-15 8.19578e-16 2.65956e-15
38.9291 8.43999e-18 8.43999e-18 2.39888e-28 2.84228e-11 -1.15061e-07 9.81145e-19 1.057e-16 6.84222e-18 2.11397e-16 3.82016e-17 4.2279e-16 2.7311e-16 1.05697e-15 9.94287e-16 2.11398e-15
40.9273 7.10958e-18 7.10958e-18 1.9736e-28 2.77598e-11 -9.88535e-08 1.59228e-18 8.2328e-17 1.00996e-17 1.64653e-16 5.18467e-17 3.29301e-16 3.36721e-16 8.23237e-16 1.15093e-15 1.64647e-15
43.0282 5.94788e-18 5.94788e-18 1.6101e-28 2.70701e-11 -9.29056e-08 2.45535e-18 6.35369e-17 1.42307e-17 1.27071e-16 6.74463e-17 2.54135e-16 3.99795e-16 6.35315e-16 1.28693e-15 1.27059e-15
45.2368 4.95766e-18 4.95766e-18 1.30913e-28 2.64062e-11 -6.38783e-08 3.61682e-18 4.87524e-17 1.92389e-17 9.75017e-17 8.45128e-17 1.94997e-16 4.59271e-16 4.87465e-16 1.39638e-15 9.74873e-16
47.5588 4.15841e-18 4.15841e-18 1.06178e-28 2.55332e-11 -6.23123e-08 5.15107e-18 3.75752e-17 2.5253e-17 7.51475e-17 1.03199e-16 1.50288e-16 5.16334e-16 3.75691e-16 1.48695e-15 7.51315e-16
50 3.48789e-18 3.48789e-18 8.61302e-29 2.46941e-11 -2.71562e-08 7.06186e-18 2.89133e-17 3.20351e-17 5.78238e-17 1.22219e-16 1.15641e-16 5.65279e-16 2.89072e-16 1.54601e-15 5.78073e-16
52.5665 2.94808e-18 2.94808e-18 6.98263e-29 2.36854e-11 1.15395e-08 9.40932e-18 2.23891e-17 3.96463e-17 4.47758e-17 1.41686e-16 8.95456e-17 6.08113e-16 2.23833e-16 1.5835e-15 4.47592e-16
55.2648 2.50606e-18 2.50606e-18 5.66198e-29 2.25931e-11 5.39291e-08 1.21819e-17 1.74164e-17 4.78478e-17 3.48306e-17 1.60688e-16 6.96555e-17 6.42344e-16 1.74109e-16 1.59637e-15 3.48143e-16
58.1015 2.14341e-18 2.14341e-18 4.59745e-29 2.14492e-11 5.93302e-08 1.5357e-17 1.36188e-17 5.64218e-17 2.72355e-17 1.78602e-16 5.44657e-17 6.67283e-16 1.36136e-16 1.58638e-15 2.72198e-16
61.0839 1.84286e-18 1.84286e-18 3.73455e-29 2.0265e-11 7.54822e-08 1.88641e-17 1.06974e-17 6.50413e-17 2.1393e-17 1.94628e-16 4.2781e-17 6.81881e-16 1.06925e-16 1.55415e-15 2.13778e-16
64.2193 1.59174e-18 1.59174e-18 3.03485e-29 1.90663e-11 9.78376e-08 2.25991e-17 8.43694e-18 7.33507e-17 1.68722e-17 2.08061e-16 3.37398e-17 6.85728e-16 8.43234e-17 1.50152e-15 1.68577e-16
67.5157 1.38196e-18 1.38196e-18 2.46818e-29 1.78601e-11 9.9456e-08 2.64574e-17 6.68626e-18 8.10779e-17 1.3371e-17 2.18576e-16 2.67377e-17 6.79721e-16 6.68195e-17 1.43277e-15 1.33571e-16
70.9813 1.20505e-18 1.20505e-18 2.00928e-29 1.66738e-11 1.1482e-07 3.02864e-17 5.32096e-18 8.7876e-17 1.06405e-17 2.25719e-16 2.1277e-17 6.64227e-16 5.31691e-17 1.35039e-15 1.06273e-16
74.6248 1.05482e-18 1.05482e-18 1.63616e-29 1.55113e-11 1.01153e-07 3.39262e-17 4.25049e-18 9.3452e-17 8.49968e-18 2.29256e-16 1.69957e-17 6.40153e-16 4.24669e-17 1.25754e-15 8.48709e-17
78.4553 9.26504e-19 9.26504e-19 1.33262e-29 1.43833e-11 9.00792e-08 3.72213e-17 3.40738e-18 9.75854e-17 6.81358e-18 2.2916e-16 1.36237e-17 6.08779e-16 3.40381e-17 1.15758e-15 6.80157e-17
82.4824 8.16673e-19 8.16673e-19 1.08636e-29 1.33023e-11 7.4786e-08 4.00465e-17 2.74167e-18 1.00174e-16 5.48224e-18 2.25671e-16 1.09612e-17 5.71803e-16 2.7383e-17 1.0542e-15 5.47078e-17
86.7162 7.22563e-19 7.22563e-19 8.8597e-30 1.22615e-11 8.52047e-08 4.23101e-17 2.21488e-18 1.01214e-16 4.42876e-18 2.19194e-16 8.85446e-18 5.31001e-16 2.2117e-17 9.50722e-16 4.41779e-17
91.1674 6.41239e-19 6.41239e-19 7.22607e-30 1.12689e-11 4.93648e-08 4.39126e-17 1.79533e-18 1.00683e-16 3.58973e-18 2.10026e-16 7.17658e-18 4.87569e-16 1.79232e-17 8.49078e-16 3.57923e-17
95.847 5.70662e-19 5.70662e-19 5.89432e-30 1.03289e-11 5.0638e-08 4.48069e-17 1.45987e-18 9.86741e-17 2.91887e-18 1.98643e-16 5.83502e-18 4.42888e-16 1.45701e-17 7.51278e-16 2.9088e-17
100.767 5.09501e-19 5.09501e-19 4.81234e-30 9.4452e-12 9.3082e-08 4.50127e-17 1.1914e-18 9.54032e-17 2.38199e-18 1.85684e-16 4.76142e-18 3.98449e-16 1.18868e-17 6.59312e-16 2.37233e-17
105.939 4.57646e-19 4.57646e-19 3.92862e-30 8.58441e-12 8.61032e-08 4.46865e-17 9.78565e-19 9.13305e-17 1.95638e-18 1.72158e-16 3.9103e-18 3.56273e-16 9.75962e-18 5.7584e-16 1.94705e-17
111.377 4.12957e-19 4.12957e-19 3.20676e-30 7.76537e-12 7.68794e-08 4.38162e-17 8.07749e-19 8.6515e-17 1.61479e-18 1.58207e-16 3.22722e-18 3.16361e-16 8.05248e-18 5.00113e-16 1.60577e-17
117.094 3.76134e-19 3.76134e-19 2.61865e-30 6.96201e-12 3.4181e-08 4.26733e-17 6.73253e-19 8.15456e-17 1.34583e-18 1.44895e-16 2.68939e-18 2.80494e-16 6.70831e-18 4.34224e-16 1.33704e-17
123.105 3.46939e-19 3.46939e-19 2.14015e-30 6.16866e-12 2.17743e-08 4.14483e-17 5.68444e-19 7.67855e-17 1.13623e-18 1.32775e-16 2.27025e-18 2.49272e-16 5.66069e-18 3.78343e-16 1.12757e-17
129.424 3.23344e-19 3.23344e-19 1.75062e-30 5.4141e-12 -3.76172e-08 4.00923e-17 4.85078e-19 7.21224e-17 9.69517e-19 1.21543e-16 1.93685e-18 2.21674e-16 4.82728e-18 3.3025e-16 9.60903e-18
136.067 3.00982e-19 3.00982e-19 1.43313e-30 4.76153e-12 3.39009e-08 3.82041e-17 4.1351e-19 6.68396e-17 8.26398e-19 1.09933e-16 1.65064e-18 1.95097e-16 4.1119e-18 2.85602e-16 8.17861e-18
143.051 2.73014e-19 2.73014e-19 1.17493e-30 4.30353e-12 -3.43078e-08 3.50166e-17 3.43553e-19 5.96712e-17 6.86515e-19 9.59127e-17 1.37096e-18 1.65888e-16 3.41323e-18 2.38868e-16 6.78287e-18
150.394 2.42724e-19 2.42724e-19 9.6296e-31 3.9673e-12 -2.7307e-08 3.10721e-17 2.7978e-19 5.16476e-17 5.59009e-19 8.12344e-17 1.11607e-18 1.37132e-16 2.77681e-18 1.94419e-16 5.51253e-18
158.114 2.12556e-19 2.12556e-19 7.88075e-31 3.7076e-12 -2.07869e-08 2.68434e-17 2.24427e-19 4.35818e-17 4.48349e-19 6.71595e-17 8.94902e-19 1.10812e-16 2.22485e-18 1.54826e-16 4.41164e-18
166.23 1.85867e-19 1.85867e-19 6.44536e-31 3.46773e-12 -1.71299e-07 2.29027e-17 1.79752e-19 3.63675e-17 3.59042e-19 5.49716e-17 7.16426e-19 8.87726e-17 1.7796e-18 1.22344e-16 3.5241e-18
174.763 1.6277e-19 1.6277e-19 5.27359e-31 3.23991e-12 -5.08587e-08 1.9367e-17 1.44165e-19 3.01156e-17 2.87906e-19 4.47021e-17 5.74284e-19 7.07437e-17 1.42512e-18 9.62486e-17 2.81791e-18
183.733 1.44154e-19 1.44154e-19 4.31274e-31 2.99177e-12 -1.35157e-07 1.64003e-17 1.16907e-19 2.50039e-17 2.33422e-19 3.64853e-17 4.6542e-19 5.66532e-17 1.15368e-18 7.61515e-17 2.27734e-18
193.164 1.27901e-19 1.27901e-19 3.52613e-31 2.75693e-12 -1.51613e-07 1.37853e-17 9.49526e-20 2.06298e-17 1.89541e-19 2.96224e-17 3.77754e-19 4.51828e-17 9.35186e-19 6.00477e-17 1.84254e-18
203.079 1.13916e-19 1.13916e-19 2.8836e-31 2.53134e-12 -1.55047e-07 1.15306e-17 7.73919e-20 1.69562e-17 1.54445e-19 2.3982e-17 3.07649e-19 3.59715e-17 7.60538e-19 4.72994e-17 1.49526e-18
213.503 1.02157e-19 1.02157e-19 2.35908e-31 2.30928e-12 -9.47913e-08 9.63148e-18 6.3488e-20 1.39321e-17 1.26659e-19 1.94268e-17 2.52152e-19 2.86839e-17 6.22334e-19 3.7342e-17 1.22065e-18
224.463 9.15603e-20 9.15603e-20 1.92958e-31 2.10744e-12 7.72986e-08 7.9787e-18 5.20306e-20 1.13639e-17 1.03764e-19 1.56357e-17 2.06437e-19 2.2748e-17 5.08576e-19 2.93381e-17 9.94897e-19
235.984 8.20087e-20 8.20087e-20 1.57794e-31 1.92412e-12 3.09588e-07 6.55727e-18 4.2592e-20 9.20447e-18 8.49071e-20 1.25068e-17 1.68793e-19 1.79455e-17 4.14985e-19 2.29419e-17 8.09442e-19
248.097 7.3416e-20 7.3416e-20 1.29109e-31 1.7586e-12 -2.84222e-07 5.34961e-18 3.48292e-20 7.40731e-18 6.94006e-20 9.9472e-18 1.37849e-19 1.40886e-17 3.38129e-19 1.78633e-17 6.57409e-19
260.832 6.61175e-20 6.61175e-20 1.05645e-31 1.59783e-12 1.08859e-07 4.3624e-18 2.86355e-20 5.96334e-18 5.70297e-20 7.92025e-18 1.13168e-19 1.10819e-17 2.76878e-19 1.39429e-17 5.36415e-19
274.221 5.95495e-20 5.95495e-20 8.64249e-32 1.45131e-12 2.09912e-07 3.53626e-18 2.35308e-20 4.77614e-18 4.68359e-20 6.27815e-18 9.28388e-20 8.68446e-18 2.26492e-19 1.08476e-17 4.37099e-19
288.297 5.3571e-20 5.3571e-20 7.06925e-32 1.3196e-12 6.98569e-07 2.84703e-18 1.93006e-20 3.80203e-18 3.83909e-20 4.94942e-18 7.60062e-20 6.77349e-18 1.84839e-19 8.40338e-18 3.55209e-19
303.095 4.82069e-20 4.82069e-20 5.78627e-32 1.2003e-12 -1.31479e-07 2.28066e-18 1.58246e-20 3.01356e-18 3.14535e-20 3.88745e-18 6.21865e-20 5.26695e-18 1.50701e-19 6.49281e-18 2.88277e-19
318.653 4.35299e-20 4.35299e-20 4.73506e-32 1.08777e-12 -9.63087e-08 1.82416e-18 1.301e-20 2.3865e-18 2.58377e-20 3.05239e-18 5.10053e-20 4.09678e-18 1.23127e-19 5.02019e-18 2.34365e-19
335.009 3.92546e-20 3.92546e-20 3.87387e-32 9.86858e-13 3.6991e-07 1.45029e-18 1.06738e-20 1.87977e-18 2.11781e-20 2.38511e-18 4.17356e-20 3.17302e-18 1.00322e-19 3.86647e-18 1.89941e-19
352.206 3.5357e-20 3.5357e-20 3.16994e-32 8.96553e-13 -5.69215e-08 1.14664e-18 8.73968e-21 1.47325e-18 1.73223e-20 1.85533e-18 3.40724e-20 2.44785e-18 8.15213e-20 2.96716e-18 1.53465e-19
370.284 3.19511e-20 3.19511e-20 2.59475e-32 8.12099e-13 6.55187e-08 9.05809e-19 7.17364e-21 1.15432e-18 1.42017e-20 1.44349e-18 2.78754e-20 1.88973e-18 6.63569e-20 2.27935e-18 1.24158e-19
389.291 2.8851e-20 2.8851e-20 2.12339e-32 7.35985e-13 -4.66376e-07 7.12254e-19 5.8786e-21 9.00711e-19 1.16227e-20 1.11894e-18 2.27601e-20 1.4542e-18 5.38823e-20 1.7459e-18 1.00168e-19
409.273 2.60167e-20 2.60167e-20 1.73723e-32 6.67734e-13 -1.32455e-07 5.57289e-19 4.8066e-21 6.99679e-19 9.48932e-21 8.63832e-19 1.85348e-20 1.115e-18 4.36189e-20 1.33284e-18 8.05357e-20
430.282 2.35302e-20 2.35302e-20 1.42204e-32 6.04348e-13 -8.12835e-07 4.35844e-19 3.93801e-21 5.43516e-19 7.76195e-21 6.67143e-19 1.51182e-20 8.556e-19 3.5351e-20 1.01858e-18 6.48031e-20
452.368 2.1275e-20 2.1275e-20 1.16399e-32 5.47116e-13 -4.5952e-07 3.39683e-19 3.22233e-21 4.2092e-19 6.33995e-21 5.13852e-19 1.23105e-20 6.55041e-19 2.85886e-20 7.76826e-19 5.20142e-20
475.588 1.92097e-20 1.92097e-20 9.52523e-33 4.95856e-13 -2.69989e-07 2.63589e-19 2.63047e-21 3.24689e-19 5.16526e-21 3.94352e-19 9.99596e-21 4.99863e-19 2.30438e-20 5.90658e-19 4.15989e-20
500 1.73231e-20 1.73231e-20 7.79369e-33 4.49901e-13 -1.49991e-06 2.03714e-19 2.14239e-21 2.49537e-19 4.19774e-21 3.01623e-19 8.09402e-21 3.80292e-19 1.85144e-20 4.47843e-19 3.31519e-20
525.665 1.57181e-20 1.57181e-20 6.38093e-33 4.0596e-13 -9.77134e-07 1.57994e-19 1.75372e-21 1.92522e-19 3.42803e-21 2.31659e-19 6.58389e-21 2.90621e-19 1.49364e-20 3.41151e-19 2.65218e-20
552.648 1.42433e-20 1.42433e-20 5.22282e-33 3.66687e-13 2.22134e-07 1.22074e-19 1.43207e-21 1.48022e-19 2.79204e-21 1.77359e-19 5.33972e-21 2.21455e-19 1.20091e-20 2.59178e-19 2.11408e-20
581.015 1.28892e-20 1.28892e-20 4.27381e-33 3.3158e-13 -1.33053e-07 9.39751e-20 1.16645e-21 1.13424e-19 2.26777e-21 1.35364e-19 4.31739e-21 1.68272e-19 9.62185e-21 1.96379e-19 1.67894e-20
610.838 1.16494e-20 1.16494e-20 3.49794e-33 3.00268e-13 9.91122e-07 7.20971e-20 9.47753e-22 8.66412e-20 1.83697e-21 1.03014e-19 3.4803e-21 1.27525e-19 7.68292e-21 1.48429e-19 1.3286e-20
642.193 1.05161e-20 1.05161e-20 2.86365e-33 2.72311e-13 4.54809e-07 5.51328e-20 7.68148e-22 6.59849e-20 1.48396e-21 7.81782e-20 2.79701e-21 9.64014e-20 6.11384e-21 1.11922e-19 1.04764e-20
675.157 9.48015e-21 9.48015e-21 2.34375e-33 2.47227e-13 -9.42093e-08 4.20221e-20 6.20908e-22 5.0101e-20 1.19527e-21 5.91627e-20 2.24062e-21 7.26847e-20 4.84781e-21 8.41875e-20 8.23051e-21
709.813 8.55651e-21 8.55651e-21 1.91776e-33 2.24129e-13 -1.91032e-06 3.201e-20 5.01805e-22 3.80266e-20 9.62336e-22 4.47647e-20 1.79361e-21 5.48051e-20 3.83999e-21 6.33369e-20 6.45899e-21
746.247 7.76623e-21 7.76623e-21 1.57005e-33 2.02164e-13 -1.42849e-06 2.44788e-20 4.07246e-22 2.89814e-20 7.77841e-22 3.40167e-20 1.44101e-21 4.15102e-20 3.0519e-21 4.78715e-20 5.08562e-21
784.553 7.03984e-21 7.03984e-21 1.28527e-33 1.82571e-13 4.13283e-07 1.86655e-20 3.29592e-22 2.20284e-20 6.26819e-22 2.57843e-20 1.15391e-21 3.13674e-20 2.41698e-21 3.61026e-20 3.99009e-21
824.824 6.37276e-21 6.37276e-21 1.05186e-33 1.65056e-13 -5.91028e-07 1.41923e-20 2.65981e-22 1.6699e-20 5.03542e-22 1.94955e-20 9.20892e-22 2.36479e-20 1.90729e-21 2.71669e-20 3.11943e-21
867.162 5.76135e-21 5.76135e-21 8.60751e-34 1.49401e-13 -1.10462e-06 1.07618e-20 2.14031e-22 1.26269e-20 4.03248e-22 1.47053e-20 7.32451e-22 1.77886e-20 1.49976e-21 2.03996e-20 2.43028e-21
911.674 5.20276e-21 5.20276e-21 7.04762e-34 1.35459e-13 3.01698e-07 8.14057e-21 1.71758e-22 9.52593e-21 3.21968e-22 1.10683e-20 5.80703e-22 1.33544e-20 1.17539e-21 1.52891e-20 1.88723e-21
958.471 4.692e-21 4.692e-21 5.76882e-34 1.2295e-13 4.96851e-07 6.14178e-21 1.37422e-22 7.16896e-21 2.56239e-22 8.3116e-21 4.58806e-22 1.00038e-20 9.17913e-22 1.14351e-20 1.46051e-21
1007.67 4.23024e-21 4.23024e-21 4.7208e-34 1.11597e-13 3.56938e-06 4.62707e-21 1.09735e-22 5.38816e-21 2.03482e-22 6.23413e-21 3.61635e-22 7.48613e-21 7.15101e-22 8.54445e-21 1.1277e-21
1059.39 3.83202e-21 3.83202e-21 3.86413e-34 1.00838e-13 -3.42103e-06 3.49858e-21 8.78915e-23 4.06498e-21 1.62038e-22 4.69409e-21 2.85791e-22 5.62455e-21 5.58557e-22 6.41068e-21 8.73132e-22
1113.77 3.46709e-21 3.46709e-21 3.16361e-34 9.12471e-14 -5.15129e-06 2.63936e-21 7.0188e-23 3.06021e-21 1.28625e-22 3.52736e-21 2.25104e-22 4.21787e-21 4.34845e-22 4.80101e-21 6.73927e-22
1170.94 3.13265e-21 3.13265e-21 2.58935e-34 8.26568e-14 7.27682e-06 1.98648e-21 5.58752e-23 2.29867e-21 1.01762e-22 2.64499e-21 1.7669e-22 3.15663e-21 3.37384e-22 3.58855e-21 5.18503e-22
1231.05 2.83098e-21 2.83098e-21 2.11881e-34 7.48439e-14 -1.98784e-06 1.49398e-21 4.44094e-23 1.72553e-21 8.03626e-23 1.98227e-21 1.38423e-22 2.36138e-21 2.61291e-22 2.6813e-21 3.98283e-22
1294.24 2.56503e-21 2.56503e-21 1.73476e-34 6.76312e-14 -1.29067e-06 1.12553e-21 3.53245e-23 1.29768e-21 6.35021e-23 1.48846e-21 1.08502e-22 1.77006e-21 2.02494e-22 2.00761e-21 3.06206e-22
1360.67 2.32194e-21 2.32194e-21 1.42012e-34 6.1161e-14 4.52869e-06 8.46474e-22 2.80213e-23 9.74313e-22 5.00333e-23 1.11593e-21 8.47977e-23 1.32487e-21 1.56488e-22 1.50108e-21 2.34811e-22
1430.51 2.0991e-21 2.0991e-21 1.16223e-34 5.53681e-14 -8.66067e-06 6.35257e-22 2.21578e-23 7.30045e-22 3.92904e-23 8.35007e-22 6.605e-23 9.89816e-22 1.20552e-22 1.12033e-21 1.79534e-22
1503.94 1.89593e-21 1.89593e-21 9.51116e-35 5.01663e-14 -1.76323e-06 4.75963e-22 1.74733e-23 5.46169e-22 3.07653e-23 6.23882e-22 5.12988e-23 7.38464e-22 9.26189e-23 8.35044e-22 1.36935e-22
1581.14 1.72023e-21 1.72023e-21 7.78785e-35 4.52721e-14 5.08663e-06 3.57991e-22 1.38167e-23 4.10217e-22 2.41524e-23 4.6801e-22 3.99461e-23 5.53197e-22 7.136e-23 6.24984e-22 1.04766e-22
1662.3 1.55883e-21 1.55883e-21 6.37487e-35 4.08952e-14 7.13047e-07 2.68739e-22 1.08913e-23 3.07535e-22 1.89e-23 3.50453e-22 3.1007e-23 4.13699e-22 5.48192e-23 4.66985e-22 7.99385e-23
1747.63 1.41068e-21 1.41068e-21 5.21671e-35 3.69802e-14 -1.67225e-05 2.01342e-22 8.55813e-24 2.30118e-22 1.47416e-23 2.61944e-22 2.39913e-23 3.08832e-22 4.19884e-23 3.4833e-22 6.083e-23
1837.33 1.2751e-21 1.2751e-21 4.27017e-35 3.3489e-14 -1.52106e-05 1.5058e-22 6.70462e-24 1.71897e-22 1.14628e-23 1.95468e-22 1.85074e-23 2.30185e-22 3.20732e-23 2.59426e-22 4.61746e-23
1931.64 1.15117e-21 1.15117e-21 3.49615e-35 3.03705e-14 -1.15936e-06 1.1242e-22 5.23679e-24 1.2819e-22 8.8861e-24 1.45623e-22 1.42347e-23 1.71297e-22 2.44336e-23 1.92917e-22 3.49646e-23
2030.79 1.04581e-21 1.04581e-21 2.86156e-35 2.73621e-14 -5.78127e-06 8.44127e-23 4.10865e-24 9.61517e-23 6.91922e-24 1.09126e-22 1.09984e-23 1.2823e-22 1.8704e-23 1.44315e-22 2.6611e-23
2135.03 9.65757e-22 9.65757e-22 2.34156e-35 2.42459e-14 -3.60385e-06 6.43951e-23 3.27084e-24 7.32764e-23 5.46664e-24 8.30907e-23 8.6235e-24 9.75391e-23 1.45339e-23 1.09703e-22 2.05634e-23
2244.63 8.90996e-22 8.90996e-22 1.91719e-35 2.15174e-14 -2.72539e-08 4.90556e-23 2.59689e-24 5.57681e-23 4.30743e-24 6.31846e-23 6.74425e-24 7.41012e-23 1.12682e-23 8.32908e-23 1.58583e-23
2359.84 8.21113e-22 8.21113e-22 1.56951e-35 1.91145e-14 8.21186e-06 3.73122e-23 2.05596e-24 4.23794e-23 3.38448e-24 4.79773e-23 5.26048e-24 5.6216e-23 8.71565e-24 6.31507e-23 1.22037e-23
2480.97 7.55845e-22 7.55845e-22 1.28446e-35 1.69938e-14 -3.45021e-05 2.83354e-23 1.62307e-24 3.2156e-23 2.65181e-24 3.63761e-23 4.09228e-24 4.25864e-23 6.72546e-24 4.78133e-23 9.37125e-24
2608.32 6.94982e-22 6.94982e-22 1.05127e-35 1.51265e-14 5.43862e-05 2.14856e-23 1.27774e-24 2.43628e-23 2.07205e-24 2.75406e-23 3.17532e-24 3.22164e-23 5.17794e-24 3.61515e-23 7.18143e-24
2742.21 6.38365e-22 6.38365e-22 8.60752e-36 1.34837e-14 3.46395e-05 1.62688e-23 1.0032e-24 1.84333e-23 1.61483e-24 2.08236e-23 2.45787e-24 2.43404e-23 3.97804e-24 2.72998e-23 5.49278e-24
2882.96 5.85653e-22 5.85653e-22 7.04549e-36 1.20301e-14 -2.34148e-05 1.22994e-23 7.85428e-25 1.39256e-23 1.25506e-24 1.57213e-23 1.89767e-24 1.83631e-23 3.04929e-24 2.0586e-23 4.19256e-24
3030.95 5.36637e-22 5.36637e-22 5.76557e-36 1.07439e-14 -3.51823e-05 9.28389e-24 6.13202e-25 1.05042e-23 9.72803e-25 1.18515e-23 1.46148e-24 1.38335e-23 2.33218e-24 1.55011e-23 3.19363e-24
3186.53 4.91175e-22 4.91175e-22 4.7195e-36 9.6086e-15 -4.16457e-05 6.99767e-24 4.77466e-25 7.91228e-24 7.52105e-25 8.92203e-24 1.1229e-24 1.04073e-23 1.78003e-24 1.1657e-23 2.42813e-24
3350.09 4.49043e-22 4.49043e-22 3.86416e-36 8.60531e-15 1.36883e-05 5.26674e-24 3.70783e-25 5.95143e-24 5.79998e-25 6.70728e-24 8.60734e-25 7.81903e-24 1.35579e-24 8.75435e-24 1.84263e-24
3522.05 4.10009e-22 4.10009e-22 3.16297e-36 7.71439e-15 6.01805e-05 3.95783e-24 2.87148e-25 4.46972e-24 4.46114e-25 5.0348e-24 6.58197e-25 5.86588e-24 1.03046e-24 6.56504e-24 1.39559e-24
3702.84 3.73885e-22 3.73885e-22 2.58811e-36 6.9222e-15 3.41484e-05 2.96956e-24 2.21771e-25 3.35176e-24 3.42249e-25 3.77365e-24 5.02122e-25 4.39411e-24 7.81541e-25 4.91606e-24 1.05494e-24
3892.91 3.40576e-22 3.40576e-22 2.11877e-36 6.22114e-15 -0.000102485 2.22508e-24 1.70853e-25 2.51014e-24 2.61958e-25 2.82477e-24 3.82245e-25 3.28748e-24 5.91645e-25 3.67671e-24 7.96077e-25
4092.73 3.09841e-22 3.09841e-22 1.73471e-36 5.59872e-15 9.30477e-06 1.66472e-24 1.3128e-25 1.87705e-24 2.00009e-25 2.1114e-24 2.90328e-25 2.45602e-24 4.46987e-25 2.7459e-24 5.99617e-25
4302.81 2.8151e-22 2.8151e-22 1.41985e-36 5.0437e-15 9.40214e-05 1.24356e-24 1.00607e-25 1.4015e-24 1.52335e-25 1.57582e-24 2.20016e-25 1.83215e-24 3.37015e-25 2.04776e-24 4.50792e-25
4523.68 2.55447e-22 2.55447e-22 1.1618e-36 4.54812e-15 -5.93545e-05 9.2756e-25 7.69043e-26 1.0449e-24 1.15749e-25 1.17439e-24 1.6637e-25 1.36481e-24 2.53604e-25 1.52497e-24 3.38294e-25
4755.88 2.31538e-22 2.31538e-22 9.51422e-37 4.10914e-15 9.7342e-05 6.90946e-25 5.86472e-26 7.7802e-25 8.77595e-26 8.74112e-25 1.25555e-25 1.0154e-24 1.90503e-25 1.13424e-24 2.53459e-25
5000 2.09589e-22 2.09589e-22 7.78688e-37 3.71532e-15 -5.14256e-05 5.13907e-25 4.46114e-26 5.78435e-25 6.63824e-26 6.49643e-25 9.45491e-26 7.54344e-25 1.42825e-25 8.42407e-25 1.89554e-25
