# 1.37957e-06 3 35 : grain size, compostion index, size index
# Heating and cooling timescale: 130.65 11183
# Ratio of heating to cooling to determine stochastic cutoff: 100
# Equilibrium emission is recorded even for those grains in the stochastic regime.
# Emission spectrum was computed for: 
# Type: IRSF
# Scales: 0.5 1 2 5 10
StochasticallyHeated: 1 1 1 1 1
# Temperature: -1
# Wavelength  CExt  CAbs  CSca  Albedo G EqEm1 StEm1 EqEm2 StEm2 EqEm3 StEm3 EqEm4 StEm4 EqEm5 StEm5
0.05 7.49449e-12 5.67861e-12 1.81587e-12 0.242294 0.521169 0 0 0 0 0 0 0 0 0 0
0.0525665 7.71865e-12 5.85982e-12 1.85883e-12 0.240823 0.486092 0 0 0 0 0 0 0 0 0 0
0.0552647 8.01264e-12 6.06158e-12 1.95106e-12 0.243498 0.449793 0 0 0 0 0 0 0 0 0 0
0.0581015 8.5739e-12 6.41495e-12 2.15896e-12 0.251806 0.414792 0 0 0 0 0 0 0 0 0 0
0.0610839 9.45358e-12 6.99105e-12 2.46253e-12 0.260486 0.383285 0 0 0 0 0 0 0 0 0 0
0.0642193 1.04428e-11 7.67173e-12 2.77111e-12 0.26536 0.353638 0 0 0 0 0 0 0 0 0 0
0.0675157 1.138e-11 8.33631e-12 3.04367e-12 0.267458 0.323735 0 0 0 0 0 0 0 0 0 0
0.0709813 1.21754e-11 8.91077e-12 3.26462e-12 0.268133 0.29308 0 0 0 0 0 0 0 0 0 0
0.0746248 1.27651e-11 9.34768e-12 3.41743e-12 0.267716 0.262801 0 0 0 0 0 0 0 0 0 0
0.0784553 1.30507e-11 9.59495e-12 3.45573e-12 0.264793 0.235275 0 0 0 0 0 0 0 0 0 0
0.0824824 1.2858e-11 9.56058e-12 3.29744e-12 0.25645 0.212908 0 0 0 0 0 0 0 0 0 0
0.0867162 1.24075e-11 9.43429e-12 2.97324e-12 0.239632 0.189942 0 0 0 0 0 0 0 0 0 0
0.0911674 1.25453e-11 9.58381e-12 2.96145e-12 0.236061 0.168526 0 0 0 0 0 0 0 0 0 0
0.095847 1.23667e-11 9.44718e-12 2.91953e-12 0.23608 0.153947 0 0 0 0 0 0 0 0 0 0
0.100767 1.17195e-11 8.99542e-12 2.72413e-12 0.232443 0.143141 0 0 0 0 0 0 0 0 0 0
0.105939 1.04931e-11 8.1165e-12 2.37664e-12 0.226494 0.136578 0 0 0 0 0 0 0 0 0 0
0.111377 9.15651e-12 7.18723e-12 1.96928e-12 0.215069 0.128488 0 0 0 0 0 0 0 0 0 0
0.117094 7.95968e-12 6.32876e-12 1.63092e-12 0.204897 0.119994 0 0 0 0 0 0 0 0 0 0
0.123105 6.88e-12 5.53143e-12 1.34858e-12 0.196014 0.111724 0 0 0 0 0 0 0 0 0 0
0.129424 5.90989e-12 4.79376e-12 1.11613e-12 0.188858 0.103991 0 0 0 0 0 0 0 0 0 0
0.136067 5.03992e-12 4.1101e-12 9.29814e-13 0.18449 0.0970978 0 0 0 0 0 0 0 0 0 0
0.143051 4.20425e-12 3.41545e-12 7.88801e-13 0.18762 0.0919427 0 0 0 0 0 0 0 0 0 0
0.150394 3.08074e-12 2.43981e-12 6.40931e-13 0.208044 0.0876769 0 0 0 0 0 0 0 0 0 0
0.158114 2.0573e-12 1.56943e-12 4.87868e-13 0.23714 0.0799765 0 0 0 0 0 0 0 0 0 0
0.16623 1.35272e-12 9.89661e-13 3.63055e-13 0.26839 0.0707624 0 0 0 0 0 0 0 0 0 0
0.174762 9.19176e-13 6.48682e-13 2.70494e-13 0.294279 0.0621947 0 0 0 0 0 0 0 0 0 0
0.183733 6.22631e-13 4.20304e-13 2.02327e-13 0.324954 0.0547324 0 0 0 0 0 0 0 0 0 0
0.193164 4.31525e-13 2.78789e-13 1.52735e-13 0.353943 0.0483596 0 0 0 0 0 0 0 0 0 0
0.203079 3.0585e-13 1.89526e-13 1.16323e-13 0.380328 0.0428979 0 0 0 0 0 0 0 0 0 0
0.213503 2.26397e-13 1.37327e-13 8.90696e-14 0.393423 0.0381536 0 0 0 0 0 0 0 0 0 0
0.224463 1.82507e-13 1.13714e-13 6.87933e-14 0.376935 0.0340428 0 0 0 0 0 0 0 0 0 0
0.235984 1.60139e-13 1.06379e-13 5.37606e-14 0.335712 0.0304832 0 0 0 0 0 0 0 0 0 0
0.248097 1.46799e-13 1.04358e-13 4.24407e-14 0.289108 0.0273721 0 0 0 0 0 0 0 0 0 0
0.260832 1.34323e-13 1.00611e-13 3.37119e-14 0.250976 0.0246181 0 0 0 0 0 0 0 0 0 0
0.274221 1.2329e-13 9.63967e-14 2.68934e-14 0.218131 0.0221642 0 0 0 0 0 0 0 0 0 0
0.288297 1.13681e-13 9.2128e-14 2.1553e-14 0.189592 0.0199769 0 0 0 0 0 0 0 0 0 0
0.303095 1.05324e-13 8.79997e-14 1.73246e-14 0.164488 0.0180171 0 0 0 0 0 0 0 0 0 0
0.318653 9.79204e-14 8.39666e-14 1.39539e-14 0.142502 0.0162562 0 0 0 0 0 0 0 0 0 0
0.335009 9.13326e-14 8.00651e-14 1.12675e-14 0.123368 0.0146752 0 0 0 0 0 0 0 0 0 0
0.352205 8.54476e-14 7.63328e-14 9.11476e-15 0.106671 0.0132528 0 0 0 0 0 0 0 0 0 0
0.370284 8.01223e-14 7.27405e-14 7.38175e-15 0.0921311 0.0119706 0 0 0 0 0 0 0 0 0 0
0.389291 7.52942e-14 6.9307e-14 5.98725e-15 0.079518 0.0108152 0 0 0 0 0 0 0 0 0 0
0.409273 7.08588e-14 6.59936e-14 4.86524e-15 0.0686611 0.00977536 0 0 0 0 0 0 0 0 0 0
0.430281 6.67651e-14 6.28102e-14 3.95496e-15 0.0592369 0.00883565 0 0 0 0 0 0 0 0 0 0
0.452368 6.29919e-14 5.97726e-14 3.21927e-15 0.0511062 0.00798814 0 0 0 0 0 0 0 0 0 0
0.475588 5.9495e-14 5.68733e-14 2.62164e-15 0.0440649 0.00722226 0 0 0 0 0 0 0 0 0 0
0.5 5.62649e-14 5.41274e-14 2.13744e-15 0.037989 0.00653148 0 0 0 0 0 0 0 0 0 0
0.525665 5.32657e-14 5.15227e-14 1.74299e-15 0.0327226 0.00590667 0 0 0 0 0 0 0 0 0 0
0.552647 5.04765e-14 4.90555e-14 1.42104e-15 0.0281524 0.0053411 0 0 0 0 0 0 0 0 0 0
0.581015 4.78484e-14 4.66875e-14 1.16083e-15 0.0242606 0.00483169 0 0 0 0 0 0 0 0 0 0
0.610839 4.53958e-14 4.44474e-14 9.48437e-16 0.0208926 0.00437097 0 0 0 0 0 0 0 0 0 0
0.642193 4.30998e-14 4.23251e-14 7.7466e-16 0.0179736 0.00395373 0 0 0 0 0 0 0 0 0 0
0.675157 4.09491e-14 4.03162e-14 6.32865e-16 0.0154549 0.00357634 0 0 0 0 0 0 0 0 0 0
0.709813 3.89353e-14 3.84177e-14 5.17557e-16 0.0132928 0.00323576 0 0 0 0 0 0 0 0 0 0
0.746248 3.70434e-14 3.66201e-14 4.2323e-16 0.0114253 0.00292748 0 0 0 0 0 0 0 0 0 0
0.784553 3.52607e-14 3.49147e-14 3.45995e-16 0.0098125 0.00264831 0 0 0 0 0 0 0 0 0 0
0.824824 3.35629e-14 3.328e-14 2.82973e-16 0.0084311 0.00239592 0 0 0 0 0 0 0 0 0 0
0.867162 3.1952e-14 3.17203e-14 2.31629e-16 0.00724928 0.00216805 0 0 0 0 0 0 0 0 0 0
0.911674 3.04247e-14 3.02352e-14 1.89561e-16 0.0062305 0.00196169 0 0 0 0 0 0 0 0 0 0
0.95847 2.89684e-14 2.88132e-14 1.55119e-16 0.00535479 0.00177488 0 0 0 0 0 0 0 0 0 0
1.00767 2.75925e-14 2.74655e-14 1.26969e-16 0.00460157 0.00160596 0 0 0 0 0 0 0 0 0 0
1.05939 2.62978e-14 2.61939e-14 1.03938e-16 0.00395235 0.00145316 0 0 0 0 0 0 0 0 0 0
1.11377 2.50706e-14 2.49856e-14 8.50624e-17 0.00339291 0.00131478 0 0 0 0 0 0 0 0 0 0
1.17094 2.39017e-14 2.38321e-14 6.95873e-17 0.00291139 0.00118944 0 0 0 0 0 0 0 0 0 0
1.23105 2.2793e-14 2.2736e-14 5.69563e-17 0.00249885 0.00107621 0 0 0 0 0 0 0 0 0 0
1.29424 2.17945e-14 2.17479e-14 4.6601e-17 0.0021382 0.000973665 0 0 0 0 0 0 0 0 0 0
1.36067 2.08593e-14 2.08212e-14 3.81436e-17 0.00182861 0.000880938 0 0 0 0 0 0 0 0 0 0
1.43051 1.99709e-14 1.99397e-14 3.11979e-17 0.00156217 0.000796904 0 0 0 0 0 0 0 0 0 0
1.50394 1.91269e-14 1.91014e-14 2.55353e-17 0.00133505 0.000721023 0 0 0 0 0 0 0 0 0 0
1.58114 1.83201e-14 1.82992e-14 2.08946e-17 0.00114053 0.000652312 0 0 0 0 0 0 0 0 0 0
1.6623 1.75478e-14 1.75307e-14 1.7083e-17 0.000973515 0.000590026 0 0 0 0 0 0 0 0 0 0
1.74762 1.68212e-14 1.68073e-14 1.39701e-17 0.000830506 0.000533723 0 0 0 0 0 0 0 0 0 0
1.83733 1.61583e-14 1.61468e-14 1.1422e-17 0.000706885 0.000482775 0 0 0 0 0 0 0 0 0 0
1.93164 1.55392e-14 1.55298e-14 9.33469e-18 0.00060072 0.000436636 0 0 0 0 0 0 0 0 0 0
2.03079 1.49551e-14 1.49474e-14 7.62772e-18 0.000510043 0.000394886 0 0 0 0 0 0 0 0 0 0
2.13503 1.4402e-14 1.43958e-14 6.23312e-18 0.000432795 0.000357146 0 0 0 0 0 0 0 0 0 0
2.24463 1.38871e-14 1.3882e-14 5.09027e-18 0.000366547 0.000322964 0 0 0 0 0 0 0 0 0 0
2.35984 1.33955e-14 1.33913e-14 4.15489e-18 0.000310171 0.000292014 0 0 0 0 0 0 0 0 0 0
2.48097 1.29309e-14 1.29275e-14 3.38813e-18 0.000262018 0.000263973 0 0 0 0 0 0 0 0 0 0
2.60832 1.25014e-14 1.24986e-14 2.76373e-18 0.000221073 0.000238651 0 0 0 0 0 0 0 0 0 0
2.74221 1.20939e-14 1.20916e-14 2.25328e-18 0.000186316 0.00021573 0 0 0 0 0 0 0 0 0 0
2.88297 1.17156e-14 1.17138e-14 1.83397e-18 0.00015654 0.000194934 0 0 0 0 0 0 0 0 0 0
3.03095 1.13583e-14 1.13568e-14 1.49246e-18 0.000131398 0.000176143 0 0 0 0 0 0 0 0 0 0
3.18653 1.10464e-14 1.10452e-14 1.21394e-18 0.000109895 0.000159147 0 0 0 0 0 0 0 0 0 0
3.35009 1.07516e-14 1.07506e-14 9.86107e-19 9.17172e-05 0.000143749 0 0 0 0 0 0 0 0 0 0
3.52205 1.04318e-14 1.0431e-14 7.99606e-19 7.6651e-05 0.000129792 0 0 0 0 0 0 0 0 0 0
3.70284 1.01168e-14 1.01162e-14 6.47998e-19 6.40517e-05 0.000117184 0 0 0 0 0 0 0 0 0 0
3.89291 9.81248e-15 9.81196e-15 5.24086e-19 5.34102e-05 0.000105757 0 0 0 0 0 0 0 0 0 0
4.09273 9.5242e-15 9.52378e-15 4.2272e-19 4.43838e-05 9.53934e-05 0 0 0 0 0 0 0 0 0 0
4.30281 9.22242e-15 9.22208e-15 3.39997e-19 3.68663e-05 8.60001e-05 0 0 0 0 0 0 0 0 0 0
4.52368 8.94467e-15 8.94439e-15 2.72731e-19 3.0491e-05 7.74984e-05 0 0 0 0 0 0 0 0 0 0
4.75588 8.70367e-15 8.70345e-15 2.17869e-19 2.50318e-05 6.97846e-05 0 0 0 0 0 0 0 0 0 0
5 8.52274e-15 8.52257e-15 1.72963e-19 2.02943e-05 6.27696e-05 0 0 0 0 0 0 0 0 0 1.12104e-44
5.25665 8.42434e-15 8.42421e-15 1.36433e-19 1.61951e-05 5.64029e-05 0 0 0 0 0 0 0 1.4013e-45 0 6.02558e-43
5.52648 8.39694e-15 8.39683e-15 1.06902e-19 1.27311e-05 5.06332e-05 0 0 0 0 0 0 0 4.48416e-44 0 2.66765e-41
5.81015 8.48236e-15 8.48228e-15 8.27629e-20 9.75706e-06 4.53724e-05 0 0 0 0 0 1.4013e-45 0 2.0487e-42 1.68156e-44 1.00774e-39
6.10839 8.64457e-15 8.64451e-15 6.32561e-20 7.31743e-06 4.05906e-05 0 0 0 0 0 3.78351e-44 0 8.07218e-41 1.34525e-42 3.25847e-38
6.42193 8.77274e-15 8.7727e-15 4.74706e-20 5.41115e-06 3.62396e-05 0 0 0 8.40779e-45 0 1.57926e-42 2.8026e-45 2.69164e-39 8.48136e-41 8.96139e-37
6.75157 8.79545e-15 8.79542e-15 3.43056e-20 3.90039e-06 3.22215e-05 0 2.8026e-45 0 3.68541e-43 0 5.59679e-41 2.39622e-43 7.58283e-38 4.26504e-39 2.0928e-35
7.09813 8.93632e-15 8.93629e-15 2.29742e-20 2.57089e-06 2.84392e-05 0 1.34525e-43 0 1.30657e-41 0 1.71878e-39 1.60939e-41 1.86309e-36 1.7736e-37 4.28368e-34
7.46248 1.1011e-14 1.1011e-14 1.29453e-20 1.17567e-06 2.47532e-05 0 5.66265e-42 0 4.81967e-40 1.4013e-45 5.50848e-38 1.05364e-39 4.80605e-35 7.37099e-36 9.25032e-33
7.84553 2.14e-14 2.14e-14 6.46994e-21 3.02333e-07 2.12427e-05 0 3.21811e-40 0 2.41878e-38 2.63444e-43 2.41065e-36 8.85334e-38 1.70285e-33 4.01993e-34 2.75663e-31
8.24824 4.45171e-14 4.45171e-14 7.90624e-21 1.776e-07 1.82558e-05 0 1.69239e-38 1.4013e-45 1.12714e-36 3.62474e-41 9.83077e-35 6.54416e-36 5.65444e-32 1.96975e-32 7.73443e-30
8.67162 6.79463e-14 6.79463e-14 1.42213e-20 2.09301e-07 1.58937e-05 0 5.67905e-37 1.44334e-43 3.36225e-35 2.94574e-39 2.57518e-33 2.94529e-34 1.21275e-30 5.99581e-31 1.408e-28
9.11674 1.00172e-13 1.00172e-13 2.77317e-20 2.7684e-07 1.35453e-05 0 1.60948e-35 1.50163e-41 8.49708e-34 1.88128e-37 5.73424e-32 1.07219e-32 2.22301e-29 1.50469e-29 2.20027e-27
9.5847 1.12704e-13 1.12704e-13 3.9446e-20 3.49996e-07 1.21313e-05 3.92364e-44 3.05994e-34 9.53466e-40 1.4449e-32 7.5357e-36 8.61964e-31 2.51618e-31 2.7652e-28 2.4789e-28 2.34334e-26
10.0767 1.0098e-13 1.0098e-13 3.79302e-20 3.75622e-07 1.15218e-05 2.67648e-42 4.09271e-33 3.91118e-38 1.73361e-31 1.99444e-34 9.17129e-30 4.00478e-30 2.44712e-27 2.818e-27 1.78306e-25
10.5939 8.47079e-14 8.47079e-14 3.43907e-20 4.05991e-07 1.13232e-05 1.34541e-40 4.55007e-32 1.23123e-36 1.73386e-30 4.13841e-33 8.15942e-29 5.12286e-29 1.81979e-26 2.61731e-26 1.14478e-24
11.1377 6.65925e-14 6.65925e-14 2.7219e-20 4.08739e-07 1.16051e-05 5.12787e-39 4.22822e-31 3.00609e-35 1.45348e-29 6.79704e-32 6.10279e-28 5.31101e-28 1.14321e-25 2.00118e-25 6.23397e-24
11.7094 5.31729e-14 5.31728e-14 2.13897e-20 4.02268e-07 1.16733e-05 1.62242e-37 3.57544e-30 6.2267e-34 1.11174e-28 9.65616e-31 4.17703e-27 4.87077e-27 6.60303e-25 1.37383e-24 3.13353e-23
12.3105 4.1521e-14 4.1521e-14 1.63971e-20 3.9491e-07 1.16124e-05 4.14375e-36 2.66059e-29 1.06291e-32 7.50258e-28 1.15151e-29 2.5296e-26 3.83067e-26 3.38996e-24 8.203e-24 1.40544e-22
12.9424 3.24058e-14 3.24058e-14 1.22188e-20 3.77057e-07 1.1114e-05 8.81307e-35 1.78792e-28 1.54094e-31 4.58395e-27 1.18682e-28 1.3908e-25 2.65727e-25 1.58713e-23 4.37865e-23 5.77035e-22
13.6067 2.58971e-14 2.58971e-14 8.75011e-21 3.3788e-07 1.01022e-05 1.61346e-33 1.11606e-27 1.95928e-30 2.60803e-26 1.09084e-27 7.13986e-25 1.6759e-24 6.96843e-23 2.15235e-22 2.22998e-21
14.3051 2.37855e-14 2.37855e-14 6.00359e-21 2.52405e-07 8.65431e-06 2.87809e-32 7.29137e-27 2.47088e-29 1.55669e-25 1.01033e-26 3.85545e-24 1.08486e-23 3.23193e-22 1.09922e-21 9.1365e-21
15.0394 2.64709e-14 2.64709e-14 4.46668e-21 1.68739e-07 7.32819e-06 5.31677e-31 5.2758e-26 3.28215e-28 1.03149e-24 1.0006e-25 2.31709e-23 7.64166e-23 1.6752e-21 6.17978e-21 4.19836e-20
15.8114 3.05549e-14 3.05549e-14 3.70179e-21 1.21152e-07 6.28578e-06 8.77325e-30 3.63173e-25 3.95756e-27 6.5171e-24 9.12528e-25 1.33113e-22 5.03986e-22 8.33372e-21 3.28896e-20 1.85805e-19
16.623 3.51149e-14 3.51149e-14 3.38468e-21 9.63886e-08 5.43339e-06 1.25047e-28 2.29098e-24 4.18552e-26 3.78166e-23 7.39954e-24 7.0403e-22 3.00257e-21 3.83192e-20 1.59784e-19 7.62647e-19
17.4762 3.87229e-14 3.87229e-14 3.30714e-21 8.54052e-08 4.75117e-06 1.49399e-27 1.28052e-23 3.76494e-25 1.94849e-22 5.16993e-23 3.3142e-21 1.56468e-20 1.57429e-19 6.85796e-19 2.80627e-18
18.3733 3.99707e-14 3.99707e-14 3.26298e-21 8.16342e-08 4.23214e-06 1.46926e-26 6.20621e-23 2.82659e-24 8.7235e-22 3.05222e-22 1.35877e-20 6.98919e-20 5.65411e-19 2.54706e-18 9.05668e-18
19.3164 3.81126e-14 3.81126e-14 3.08492e-21 8.09423e-08 3.8848e-06 1.1811e-25 2.58162e-22 1.75764e-23 3.35884e-21 1.51011e-21 4.8017e-20 2.65218e-19 1.75681e-18 8.10907e-18 2.53679e-17
20.3079 3.40575e-14 3.40575e-14 2.71863e-21 7.98246e-08 3.68633e-06 7.92122e-25 9.37836e-22 9.23329e-23 1.13165e-20 6.38269e-21 1.48807e-19 8.70983e-19 4.80423e-18 2.25349e-17 6.27339e-17
21.3503 3.04203e-14 3.04203e-14 2.3063e-21 7.58146e-08 3.49272e-06 4.75392e-24 3.18218e-21 4.39257e-22 3.56805e-20 2.46915e-20 4.32494e-19 2.65041e-18 1.23645e-17 5.85031e-17 1.46457e-16
22.4463 2.7207e-14 2.7207e-14 1.94251e-21 7.13975e-08 3.30783e-06 2.57148e-23 1.01303e-20 1.90493e-21 1.05744e-19 8.79575e-20 1.184e-18 7.51429e-18 3.00769e-17 1.42607e-16 3.24142e-16
23.5984 2.43908e-14 2.43908e-14 1.61594e-21 6.62522e-08 3.12697e-06 1.26144e-22 3.03662e-20 7.57314e-21 2.95627e-19 2.90007e-19 3.06389e-18 1.99396e-17 6.93904e-17 3.27762e-16 6.82419e-16
24.8097 2.1951e-14 2.1951e-14 1.3457e-21 6.13046e-08 2.94898e-06 5.648e-22 8.60551e-20 2.77635e-20 7.82739e-19 8.8984e-19 7.52393e-18 4.97638e-17 1.5242e-16 7.135e-16 1.37183e-15
26.0832 1.97166e-14 1.97166e-14 1.11163e-21 5.63806e-08 2.78268e-06 2.30536e-21 2.2976e-19 9.36978e-20 1.95591e-18 2.5354e-18 1.74712e-17 1.16499e-16 3.17605e-16 1.4667e-15 2.62351e-15
27.4221 1.7683e-14 1.7683e-14 9.18223e-22 5.1927e-08 2.62827e-06 8.62042e-21 5.7954e-19 2.92389e-19 4.62507e-18 6.73512e-18 3.8465e-17 2.56722e-16 6.29454e-16 2.85609e-15 4.78521e-15
28.8297 1.59213e-14 1.59213e-14 7.58309e-22 4.76287e-08 2.47477e-06 2.98145e-20 1.39157e-18 8.5141e-19 1.04283e-17 1.6827e-17 8.08987e-17 5.36943e-16 1.19539e-15 5.31071e-15 8.38622e-15
30.3095 1.43287e-14 1.43287e-14 6.25911e-22 4.36824e-08 2.32963e-06 9.53447e-20 3.17379e-18 2.31171e-18 2.2369e-17 3.94941e-17 1.62162e-16 1.06421e-15 2.17018e-15 9.4115e-15 1.40872e-14
31.8653 1.29248e-14 1.29248e-14 5.14553e-22 3.98112e-08 2.18591e-06 2.83768e-19 6.90822e-18 5.8884e-18 4.58639e-17 8.7582e-17 3.11258e-16 2.0094e-15 3.78377e-15 1.59765e-14 2.27851e-14
33.5009 1.1638e-14 1.1638e-14 4.237e-22 3.64066e-08 2.05287e-06 7.85672e-19 1.43205e-17 1.40596e-17 8.96926e-17 1.83294e-16 5.70833e-16 3.60883e-15 6.32161e-15 2.5931e-14 3.54042e-14
35.2206 1.0572e-14 1.0572e-14 3.48115e-22 3.2928e-08 1.91406e-06 2.05223e-18 2.86267e-17 3.19001e-17 1.69396e-16 3.66877e-16 1.01275e-15 6.24525e-15 1.02461e-14 4.07556e-14 5.35011e-14
37.0284 9.58688e-15 9.58688e-15 2.86106e-22 2.98435e-08 1.78558e-06 5.02045e-18 5.47011e-17 6.82547e-17 3.0626e-16 6.96742e-16 1.72288e-15 1.03276e-14 1.59682e-14 6.14981e-14 7.79269e-14
38.9291 8.67413e-15 8.67413e-15 2.35393e-22 2.71374e-08 1.66736e-06 1.1533e-17 1.00042e-16 1.38037e-16 5.30699e-16 1.25798e-15 2.81379e-15 1.63467e-14 2.39558e-14 8.92199e-14 1.0952e-13
40.9273 7.82932e-15 7.82932e-15 1.93909e-22 2.4767e-08 1.55862e-06 2.49473e-17 1.75376e-16 2.6451e-16 8.82682e-16 2.16404e-15 4.41795e-15 2.4811e-14 3.46427e-14 1.2465e-13 1.48713e-13
43.0282 7.06251e-15 7.06251e-15 1.59343e-22 2.25619e-08 1.45417e-06 5.10512e-17 2.95697e-16 4.82347e-16 1.41395e-15 3.56136e-15 6.69122e-15 3.62469e-14 4.84499e-14 1.68302e-13 1.95732e-13
45.2368 6.35582e-15 6.35582e-15 1.30894e-22 2.05943e-08 1.35656e-06 9.89206e-17 4.79425e-16 8.37567e-16 2.18086e-15 5.60898e-15 9.77283e-15 5.09732e-14 6.55102e-14 2.19587e-13 2.49608e-13
47.5588 5.72971e-15 5.72971e-15 1.07398e-22 1.87441e-08 1.26145e-06 1.82705e-16 7.51641e-16 1.39376e-15 3.25681e-15 8.50608e-15 1.38408e-14 6.94052e-14 8.6105e-14 2.78413e-13 3.1009e-13
50 5.14806e-15 5.14806e-15 8.81789e-23 1.71286e-08 1.17394e-06 3.20808e-16 1.13535e-15 2.21615e-15 4.69172e-15 1.23819e-14 1.89372e-14 9.11886e-14 1.09602e-13 3.41811e-13 3.73845e-13
52.5665 4.63078e-15 4.63078e-15 7.23031e-23 1.56136e-08 1.08898e-06 5.39175e-16 1.662e-15 3.38924e-15 6.55813e-15 1.74105e-14 2.51772e-14 1.16312e-13 1.35888e-13 4.0875e-13 4.3989e-13
55.2648 4.16252e-15 4.16252e-15 5.92466e-23 1.42333e-08 1.00893e-06 8.67642e-16 2.35652e-15 4.98578e-15 8.88965e-15 2.36452e-14 3.25065e-14 1.43976e-13 1.63993e-13 4.75859e-13 5.04818e-13
58.1015 3.73985e-15 3.73985e-15 4.85682e-23 1.29867e-08 9.32978e-07 1.33997e-15 3.2412e-15 7.06985e-15 1.17028e-14 3.10753e-14 4.08168e-14 1.73245e-13 1.92913e-13 5.40145e-13 5.65784e-13
61.0839 3.36031e-15 3.36031e-15 3.97837e-23 1.18393e-08 8.61074e-07 1.99104e-15 4.33206e-15 9.6857e-15 1.49879e-14 3.96043e-14 4.99283e-14 2.03031e-13 2.21566e-13 5.98842e-13 6.20273e-13
64.2193 3.01728e-15 3.01728e-15 3.25737e-23 1.07957e-08 7.9361e-07 2.84975e-15 5.62896e-15 1.28325e-14 1.86819e-14 4.89852e-14 5.95202e-14 2.31866e-13 2.48541e-13 6.48743e-13 6.65359e-13
67.5157 2.71059e-15 2.71059e-15 2.66655e-23 9.83751e-09 7.29771e-07 3.94049e-15 7.12684e-15 1.64874e-14 2.27146e-14 5.89527e-14 6.93039e-14 2.58658e-13 2.72895e-13 6.88295e-13 6.99836e-13
70.9813 2.43523e-15 2.43523e-15 2.18326e-23 8.96532e-09 6.7038e-07 5.27073e-15 8.79798e-15 2.05648e-14 2.69568e-14 6.9098e-14 7.88659e-14 2.82068e-13 2.9345e-13 7.15631e-13 7.22143e-13
74.6248 2.18932e-15 2.18932e-15 1.78655e-23 8.16028e-09 6.14282e-07 6.83501e-15 1.06073e-14 2.49533e-14 3.12763e-14 7.90278e-14 8.78531e-14 3.01213e-13 3.09522e-13 7.30335e-13 7.32139e-13
78.4553 1.96764e-15 1.96764e-15 1.46163e-23 7.42832e-09 5.6301e-07 8.5981e-15 1.24901e-14 2.94672e-14 3.54769e-14 8.82183e-14 9.57964e-14 3.1501e-13 3.20211e-13 7.31584e-13 7.29218e-13
82.4824 1.76906e-15 1.76906e-15 1.19626e-23 6.76211e-09 5.14297e-07 1.05145e-14 1.43872e-14 3.39325e-14 3.94055e-14 9.62948e-14 1.02413e-13 3.23176e-13 3.25417e-13 7.20456e-13 7.14604e-13
86.7162 1.59172e-15 1.59172e-15 9.78915e-24 6.15006e-09 4.7018e-07 1.25221e-14 1.62331e-14 3.81654e-14 4.2915e-14 1.02936e-13 1.07479e-13 3.25694e-13 3.25263e-13 6.98394e-13 6.89813e-13
91.1674 1.43238e-15 1.43238e-15 8.00851e-24 5.59105e-09 4.27819e-07 1.4534e-14 1.79462e-14 4.19532e-14 4.58376e-14 1.0781e-13 1.10757e-13 3.22541e-13 3.19826e-13 6.66581e-13 6.56042e-13
95.847 1.28907e-15 1.28907e-15 6.55061e-24 5.08164e-09 3.89902e-07 1.64597e-14 1.94541e-14 4.51178e-14 4.80524e-14 1.10734e-13 1.12152e-13 3.14128e-13 3.09581e-13 6.26862e-13 6.15098e-13
100.767 1.16099e-15 1.16099e-15 5.3614e-24 4.61797e-09 3.55719e-07 1.82229e-14 2.071e-14 4.75549e-14 4.95156e-14 1.11726e-13 1.11758e-13 3.01335e-13 2.95422e-13 5.81697e-13 5.69352e-13
105.939 1.04763e-15 1.04763e-15 4.3864e-24 4.18697e-09 3.23818e-07 1.97684e-14 2.16931e-14 4.92331e-14 5.02507e-14 1.10967e-13 1.09804e-13 2.85278e-13 2.78443e-13 5.33644e-13 5.21244e-13
111.377 9.43591e-16 9.43591e-16 3.58806e-24 3.80256e-09 2.94463e-07 2.09568e-14 2.2291e-14 4.99257e-14 5.00729e-14 1.08179e-13 1.06048e-13 2.65746e-13 2.58415e-13 4.82509e-13 4.70513e-13
117.094 8.49774e-16 8.49774e-16 2.93584e-24 3.45484e-09 2.67595e-07 2.17712e-14 2.25252e-14 4.97228e-14 4.9112e-14 1.03782e-13 1.00923e-13 2.44186e-13 2.36718e-13 4.31028e-13 4.19758e-13
123.105 7.66237e-16 7.66237e-16 2.40269e-24 3.1357e-09 2.4391e-07 2.22164e-14 2.24307e-14 4.87462e-14 4.75113e-14 9.81933e-14 9.48377e-14 2.21788e-13 2.14463e-13 3.81181e-13 3.70837e-13
129.424 6.92096e-16 6.92096e-16 1.96611e-24 2.8408e-09 2.21164e-07 2.23006e-14 2.20369e-14 4.71039e-14 4.53863e-14 9.1742e-14 8.80963e-14 1.99351e-13 1.92378e-13 3.34085e-13 3.24775e-13
136.067 6.23452e-16 6.23452e-16 1.60853e-24 2.58004e-09 2.00262e-07 2.19432e-14 2.12799e-14 4.47047e-14 4.26526e-14 8.43327e-14 8.05916e-14 1.76662e-13 1.70212e-13 2.89089e-13 2.80886e-13
143.051 5.63867e-16 5.63867e-16 1.3164e-24 2.33459e-09 1.81884e-07 2.13257e-14 2.03458e-14 4.19833e-14 3.97225e-14 7.68388e-14 7.31385e-14 1.55484e-13 1.49628e-13 2.48776e-13 2.41638e-13
150.394 5.07919e-16 5.07919e-16 1.07737e-24 2.12114e-09 1.64694e-07 2.03235e-14 1.9118e-14 3.87313e-14 3.63887e-14 6.88854e-14 6.5357e-14 1.34902e-13 1.29708e-13 2.11314e-13 2.05219e-13
158.114 4.60662e-16 4.60662e-16 8.81505e-25 1.91356e-09 1.49763e-07 1.92159e-14 1.7859e-14 3.55104e-14 3.31681e-14 6.14681e-14 5.81706e-14 1.16713e-13 1.12155e-13 1.79203e-13 1.74033e-13
166.23 4.16003e-16 4.16003e-16 7.21131e-25 1.73347e-09 1.36906e-07 1.78393e-14 1.64106e-14 3.20194e-14 2.97646e-14 5.40232e-14 5.10242e-14 9.96287e-14 9.57057e-14 1.50118e-13 1.45802e-13
174.763 3.73832e-16 3.73832e-16 5.90356e-25 1.5792e-09 1.24089e-07 1.62634e-14 1.48327e-14 2.83966e-14 2.62957e-14 4.67648e-14 4.41043e-14 8.39036e-14 8.05902e-14 1.24203e-13 1.20657e-13
183.733 3.38761e-16 3.38761e-16 4.83189e-25 1.42634e-09 1.1056e-07 1.4765e-14 1.33706e-14 2.51166e-14 2.31885e-14 4.04286e-14 3.80898e-14 7.068e-14 6.78928e-14 1.02898e-13 9.99893e-14
193.164 3.05755e-16 3.05755e-16 3.95382e-25 1.29313e-09 1.02593e-07 1.31939e-14 1.18788e-14 2.18974e-14 2.01705e-14 3.44951e-14 3.24791e-14 5.8853e-14 5.65441e-14 8.43474e-14 8.19923e-14
203.079 2.75521e-16 2.75521e-16 3.23597e-25 1.17449e-09 8.93135e-08 1.16396e-14 1.04313e-14 1.88734e-14 1.73567e-14 2.91333e-14 2.74224e-14 4.85768e-14 4.66866e-14 6.86019e-14 6.67136e-14
213.503 2.49315e-16 2.49315e-16 2.6495e-25 1.06271e-09 8.13162e-08 1.02028e-14 9.11102e-15 1.61843e-14 1.48677e-14 2.45085e-14 2.30688e-14 3.99925e-14 3.8453e-14 5.57031e-14 5.41941e-14
224.463 2.24499e-16 2.24499e-16 2.16882e-25 9.66072e-10 7.47537e-08 8.81109e-15 7.84741e-15 1.36902e-14 1.25691e-14 2.03613e-14 1.91694e-14 3.25577e-14 3.13205e-14 4.47625e-14 4.35707e-14
235.984 2.02853e-16 2.02853e-16 1.77493e-25 8.74982e-10 6.6702e-08 7.56389e-15 6.72422e-15 1.15253e-14 1.05796e-14 1.68533e-14 1.58732e-14 2.64393e-14 2.54494e-14 3.59103e-14 3.49717e-14
248.097 1.82527e-16 1.82527e-16 1.45381e-25 7.96488e-10 6.33525e-08 6.4088e-15 5.69086e-15 9.58747e-15 8.80229e-15 1.37979e-14 1.3003e-14 2.12619e-14 2.04787e-14 2.855e-14 2.7818e-14
260.832 1.62433e-16 1.62433e-16 1.19023e-25 7.32756e-10 5.77986e-08 5.32564e-15 4.7265e-15 7.83054e-15 7.1926e-15 1.11018e-14 1.04697e-14 1.68223e-14 1.62133e-14 2.23476e-14 2.17859e-14
274.221 1.44321e-16 1.44321e-16 9.73874e-26 6.74796e-10 4.87629e-08 4.38383e-15 3.89058e-15 6.34182e-15 5.82931e-15 8.86554e-15 8.36753e-15 1.32235e-14 1.27535e-14 1.73909e-14 1.69627e-14
288.297 1.28874e-16 1.28874e-16 7.96492e-26 6.18038e-10 4.79785e-08 3.59992e-15 3.19622e-15 5.12883e-15 4.71865e-15 7.07573e-15 6.68422e-15 1.03988e-14 1.00363e-14 1.35477e-14 1.3221e-14
303.095 1.14865e-16 1.14865e-16 6.51813e-26 5.6746e-10 3.94793e-08 2.93016e-15 2.60363e-15 4.11513e-15 3.79008e-15 5.60726e-15 5.30206e-15 8.1271e-15 7.84934e-15 1.04949e-14 1.0247e-14
318.653 1.03416e-16 1.03416e-16 5.33273e-26 5.15658e-10 3.35902e-08 2.39344e-15 2.12905e-15 3.31635e-15 3.05807e-15 4.46657e-15 4.22768e-15 6.39009e-15 6.17606e-15 8.18363e-15 7.99437e-15
335.009 9.25075e-17 9.25075e-17 4.36165e-26 4.71492e-10 3.47259e-08 1.9305e-15 1.71957e-15 2.64128e-15 2.43873e-15 3.51874e-15 3.33396e-15 4.973e-15 4.80982e-15 6.31946e-15 6.17636e-15
352.206 8.25175e-17 8.25175e-17 3.56808e-26 4.32403e-10 3.17058e-08 1.54379e-15 1.37724e-15 2.08726e-15 1.92983e-15 2.75234e-15 2.61053e-15 3.84559e-15 3.72198e-15 4.85129e-15 4.74371e-15
370.284 7.45808e-17 7.45808e-17 2.91989e-26 3.91507e-10 3.04321e-08 1.24412e-15 1.11179e-15 1.66347e-15 1.54019e-15 2.17256e-15 2.06277e-15 3.00311e-15 2.90856e-15 3.76265e-15 3.68093e-15
389.291 6.70303e-17 6.70303e-17 2.38876e-26 3.56371e-10 2.27479e-08 9.91952e-16 8.88062e-16 1.31252e-15 1.21701e-15 1.69885e-15 1.61468e-15 2.32478e-15 2.25309e-15 2.89413e-15 2.83255e-15
409.273 6.04672e-17 6.04672e-17 1.95376e-26 3.23111e-10 2.36818e-08 7.90044e-16 7.08652e-16 1.03517e-15 9.61251e-16 1.3286e-15 1.26408e-15 1.80104e-15 1.74662e-15 2.22866e-15 2.18219e-15
430.282 5.47812e-17 5.47812e-17 1.59879e-26 2.91849e-10 1.44985e-08 6.29115e-16 5.65413e-16 8.16775e-16 7.59559e-16 1.04003e-15 9.90532e-16 1.39743e-15 1.35605e-15 1.71948e-15 1.68433e-15
452.368 4.94932e-17 4.94932e-17 1.30824e-26 2.64327e-10 1.45434e-08 4.97495e-16 4.48016e-16 6.40354e-16 5.96364e-16 8.09357e-16 7.71603e-16 1.07849e-15 1.04719e-15 1.32002e-15 1.29355e-15
475.588 4.50698e-17 4.50698e-17 1.07035e-26 2.37487e-10 2.69084e-08 3.9497e-16 3.56405e-16 5.04299e-16 4.70329e-16 6.32972e-16 6.04031e-16 8.36902e-16 8.1309e-16 1.01924e-15 9.99189e-16
500 4.08634e-17 4.08634e-17 8.75576e-27 2.14269e-10 2.07959e-08 3.11062e-16 2.81254e-16 3.94168e-16 3.68135e-16 4.9152e-16 4.69488e-16 6.45141e-16 6.27137e-16 7.82032e-16 7.66931e-16
525.665 3.73352e-17 3.73352e-17 7.16774e-27 1.91983e-10 1.95934e-08 2.46014e-16 2.22883e-16 3.09535e-16 2.8949e-16 3.83626e-16 3.66765e-16 5.0008e-16 4.86386e-16 6.03533e-16 5.92088e-16
552.648 3.40361e-17 3.40361e-17 5.86607e-27 1.72348e-10 3.27189e-09 1.93509e-16 1.75659e-16 2.41856e-16 2.26497e-16 2.98029e-16 2.8518e-16 3.86001e-16 3.75625e-16 4.63934e-16 4.5529e-16
581.015 3.11758e-17 3.11758e-17 4.79958e-27 1.53952e-10 3.26919e-08 1.52468e-16 1.3867e-16 1.89373e-16 1.77577e-16 2.321e-16 2.22282e-16 2.98796e-16 2.90909e-16 3.57732e-16 3.5118e-16
610.838 2.85294e-17 2.85294e-17 3.928e-27 1.37683e-10 1.67524e-08 1.19677e-16 1.09052e-16 1.47776e-16 1.38745e-16 1.80202e-16 1.7272e-16 2.30668e-16 2.24685e-16 2.7516e-16 2.70203e-16
642.193 2.61846e-17 2.61846e-17 3.21584e-27 1.22814e-10 5.59994e-09 9.39636e-17 8.57779e-17 1.15388e-16 1.08469e-16 1.4004e-16 1.34331e-16 1.78302e-16 1.73756e-16 2.11964e-16 2.08207e-16
675.157 2.40747e-17 2.40747e-17 2.63209e-27 1.0933e-10 4.05081e-09 7.37184e-17 6.74157e-17 9.00603e-17 8.47583e-17 1.08813e-16 1.04455e-16 1.37849e-16 1.34392e-16 1.63345e-16 1.60494e-16
709.813 2.21759e-17 2.21759e-17 2.15376e-27 9.71218e-11 9.33208e-10 5.78061e-17 5.29545e-17 7.02786e-17 6.62155e-17 8.45566e-17 8.12285e-17 1.06614e-16 1.03983e-16 1.25949e-16 1.23784e-16
746.247 2.04446e-17 2.04446e-17 1.76328e-27 8.62471e-11 4.34086e-09 4.52675e-17 4.15369e-17 5.47844e-17 5.16726e-17 6.56547e-17 6.31139e-17 8.24139e-17 8.04117e-17 9.70817e-17 9.54367e-17
784.553 1.88705e-17 1.88705e-17 1.44348e-27 7.64941e-11 -1.74087e-08 3.54162e-17 3.25492e-17 4.26787e-17 4.02961e-17 5.09575e-17 4.90176e-17 6.36978e-17 6.21734e-17 7.48324e-17 7.3582e-17
824.824 1.74309e-17 1.74309e-17 1.18146e-27 6.77795e-11 4.14418e-08 2.76759e-17 2.54744e-17 3.32172e-17 3.13938e-17 3.95224e-17 3.80416e-17 4.92093e-17 4.80487e-17 5.76645e-17 5.67139e-17
867.162 1.6085e-17 1.6085e-17 9.66927e-28 6.01136e-11 6.2915e-08 2.1566e-17 1.98796e-17 2.57862e-17 2.43936e-17 3.05802e-17 2.94519e-17 3.79343e-17 3.70521e-17 4.43458e-17 4.36242e-17
911.674 1.48264e-17 1.48264e-17 7.91832e-28 5.34069e-11 1.3988e-09 1.67572e-17 1.54685e-17 1.99651e-17 1.89039e-17 2.36038e-17 2.27458e-17 2.91779e-17 2.85085e-17 3.40325e-17 3.34856e-17
958.471 1.36836e-17 1.36836e-17 6.48336e-28 4.73803e-11 4.46352e-08 1.30159e-17 1.20312e-17 1.54558e-17 1.46469e-17 1.82195e-17 1.75668e-17 2.2448e-17 2.19397e-17 2.61272e-17 2.57123e-17
1007.67 1.26106e-17 1.26106e-17 5.30692e-28 4.2083e-11 -1.31605e-08 1.00799e-17 9.32925e-18 1.19317e-17 1.13166e-17 1.40268e-17 1.35312e-17 1.72286e-17 1.68434e-17 2.0012e-17 1.9698e-17
1059.39 1.16657e-17 1.16657e-17 4.34458e-28 3.72424e-11 2.06512e-08 7.82446e-18 7.25065e-18 9.23448e-18 8.7652e-18 1.08279e-17 1.04505e-17 1.32606e-17 1.29677e-17 1.53738e-17 1.51352e-17
1113.77 1.07675e-17 1.07675e-17 3.55753e-28 3.30397e-11 7.53812e-08 6.05192e-18 5.61466e-18 7.12258e-18 6.76564e-18 8.33128e-18 8.04462e-18 1.01749e-17 9.95277e-18 1.17752e-17 1.15944e-17
1170.94 9.91271e-18 9.91271e-18 2.91221e-28 2.93785e-11 -4.08963e-08 4.66287e-18 4.33081e-18 5.47337e-18 5.20276e-18 6.38751e-18 6.17047e-18 7.7807e-18 7.61271e-18 8.98924e-18 8.85261e-18
1231.05 9.12331e-18 9.12331e-18 2.38375e-28 2.61281e-11 4.64045e-08 3.58736e-18 3.33543e-18 4.20047e-18 3.99549e-18 4.89142e-18 4.7272e-18 5.94365e-18 5.8167e-18 6.85588e-18 6.7527e-18
1294.24 8.4385e-18 8.4385e-18 1.95214e-28 2.31338e-11 -5.43049e-08 2.7705e-18 2.57855e-18 3.23643e-18 3.08046e-18 3.76111e-18 3.63629e-18 4.55958e-18 4.46319e-18 5.25145e-18 5.17315e-18
1360.67 7.7944e-18 7.7944e-18 1.59842e-28 2.05073e-11 5.14921e-08 2.13444e-18 1.98847e-18 2.48791e-18 2.36945e-18 2.88567e-18 2.79096e-18 3.49062e-18 3.41755e-18 4.01455e-18 3.95523e-18
1430.51 7.18171e-18 7.18171e-18 1.30847e-28 1.82195e-11 6.93881e-08 1.6387e-18 1.52803e-18 1.9061e-18 1.81639e-18 2.20682e-18 2.13517e-18 2.66393e-18 2.6087e-18 3.05965e-18 3.01483e-18
1503.94 6.60387e-18 6.60387e-18 1.07103e-28 1.62183e-11 -1.21411e-07 1.25439e-18 1.17069e-18 1.45621e-18 1.38844e-18 1.68306e-18 1.62897e-18 2.0277e-18 1.98604e-18 2.32594e-18 2.29215e-18
1581.14 6.12356e-18 6.12356e-18 8.77118e-29 1.43237e-11 3.68594e-08 9.67406e-19 9.03611e-19 1.12098e-18 1.06937e-18 1.2935e-18 1.25234e-18 1.55549e-18 1.52381e-18 1.78213e-18 1.75644e-18
1662.3 5.6672e-18 5.6672e-18 7.18116e-29 1.26714e-11 -1.54514e-09 7.44012e-19 6.95497e-19 8.60613e-19 8.21399e-19 9.91546e-19 9.6029e-19 1.19029e-18 1.16625e-18 1.36216e-18 1.34268e-18
1747.63 5.23303e-18 5.23303e-18 5.87776e-29 1.1232e-11 5.46529e-08 5.70457e-19 5.33659e-19 6.58769e-19 6.29049e-19 7.57895e-19 7.3422e-19 9.08302e-19 8.90102e-19 1.03833e-18 1.02359e-18
1837.33 4.82044e-18 4.82044e-18 4.81221e-29 9.98293e-12 -1.03045e-07 4.36004e-19 4.0817e-19 5.02716e-19 4.80251e-19 5.77568e-19 5.59683e-19 6.91106e-19 6.77364e-19 7.89236e-19 7.78106e-19
1931.64 4.42832e-18 4.42832e-18 3.94071e-29 8.89886e-12 2.42932e-07 3.321e-19 3.1111e-19 3.8235e-19 3.65419e-19 4.38711e-19 4.25238e-19 5.24175e-19 5.13829e-19 5.98024e-19 5.89646e-19
2030.79 4.07146e-18 4.07146e-18 3.22604e-29 7.92354e-12 -1.35533e-07 2.52996e-19 2.37158e-19 2.90871e-19 2.78103e-19 3.33339e-19 3.23183e-19 3.97718e-19 3.89922e-19 4.53335e-19 4.47024e-19
2135.03 3.76812e-18 3.76812e-18 2.64012e-29 7.00645e-12 1.75217e-07 1.93886e-19 1.81859e-19 2.22618e-19 2.12928e-19 2.54825e-19 2.4712e-19 3.03637e-19 2.97725e-19 3.45797e-19 3.41013e-19
2244.63 3.48001e-18 3.48001e-18 2.1619e-29 6.21232e-12 2.18207e-07 1.48184e-19 1.39073e-19 1.69931e-19 1.62593e-19 1.94303e-19 1.88471e-19 2.31231e-19 2.26757e-19 2.63121e-19 2.59501e-19
2359.84 3.20594e-18 3.20594e-18 1.77005e-29 5.52116e-12 1.02806e-08 1.12909e-19 1.06025e-19 1.29326e-19 1.23785e-19 1.47721e-19 1.43318e-19 1.75587e-19 1.72211e-19 1.99648e-19 1.96916e-19
2480.97 2.94657e-18 2.94657e-18 1.44885e-29 4.91708e-12 -1.56349e-07 8.57839e-20 8.05961e-20 9.81479e-20 9.39734e-20 1.11998e-19 1.08682e-19 1.32975e-19 1.30433e-19 1.51085e-19 1.49029e-19
2608.32 2.72579e-18 2.72579e-18 1.18594e-29 4.35081e-12 4.07344e-07 6.55663e-20 6.16318e-20 7.49371e-20 7.17722e-20 8.54323e-20 8.2919e-20 1.01326e-19 9.93994e-20 1.15045e-19 1.13487e-19
2742.21 2.51712e-18 2.51712e-18 9.71243e-30 3.85854e-12 3.61532e-08 5.00017e-20 4.70234e-20 5.70909e-20 5.46959e-20 6.50293e-20 6.31279e-20 7.7049e-20 7.55921e-20 8.74231e-20 8.6245e-20
2882.96 2.31862e-18 2.31862e-18 7.95211e-30 3.42967e-12 -4.34398e-07 3.80193e-20 3.57708e-20 4.33685e-20 4.15609e-20 4.93577e-20 4.79229e-20 5.84247e-20 5.73256e-20 6.62495e-20 6.53608e-20
3030.95 2.13488e-18 2.13488e-18 6.50899e-30 3.04887e-12 1.50873e-07 2.88837e-20 2.71871e-20 3.29181e-20 3.15545e-20 3.74345e-20 3.63523e-20 4.42709e-20 4.34421e-20 5.01702e-20 4.95002e-20
3186.53 1.97944e-18 1.97944e-18 5.32874e-30 2.69204e-12 9.87345e-08 2.20878e-20 2.07987e-20 2.51516e-20 2.41158e-20 2.8581e-20 2.77591e-20 3.37714e-20 3.31421e-20 3.825e-20 3.77413e-20
3350.09 1.83167e-18 1.83167e-18 4.36333e-30 2.38216e-12 7.29127e-08 1.68508e-20 1.58735e-20 1.91727e-20 1.83876e-20 2.17714e-20 2.11486e-20 2.57042e-20 2.52274e-20 2.90974e-20 2.87119e-20
3522.05 1.69108e-18 1.69108e-18 3.57189e-30 2.11219e-12 -1.45586e-07 1.28216e-20 1.20824e-20 1.45772e-20 1.39835e-20 1.65419e-20 1.60709e-20 1.95149e-20 1.91544e-20 2.20798e-20 2.17884e-20
3702.84 1.55732e-18 1.55732e-18 2.92323e-30 1.8771e-12 4.69812e-07 9.72759e-21 9.16994e-21 1.10516e-20 1.06038e-20 1.25331e-20 1.21779e-20 1.47748e-20 1.45029e-20 1.67086e-20 1.64889e-20
3892.91 1.43028e-18 1.43028e-18 2.39382e-30 1.67368e-12 -2.66197e-07 7.35801e-21 6.93849e-21 8.35377e-21 8.01692e-21 9.46791e-21 9.20078e-21 1.11536e-20 1.09491e-20 1.26077e-20 1.24424e-20
4092.73 1.3174e-18 1.3174e-18 1.95997e-30 1.48775e-12 -5.54897e-07 5.58002e-21 5.26351e-21 6.33105e-21 6.07695e-21 7.1713e-21 6.96983e-21 8.4425e-21 8.28833e-21 9.539e-21 9.41441e-21
4302.81 1.21913e-18 1.21913e-18 1.60427e-30 1.31591e-12 3.70899e-07 4.25027e-21 4.01039e-21 4.81937e-21 4.62681e-21 5.45602e-21 5.30335e-21 6.41915e-21 6.30233e-21 7.24986e-21 7.15547e-21
4523.68 1.12567e-18 1.12567e-18 1.31306e-30 1.16647e-12 6.3445e-07 3.22927e-21 3.04787e-21 3.65951e-21 3.51392e-21 4.14081e-21 4.02539e-21 4.86887e-21 4.78056e-21 5.49681e-21 5.42546e-21
4755.88 1.03689e-18 1.03689e-18 1.07526e-30 1.03701e-12 4.32932e-07 2.44701e-21 2.31017e-21 2.7715e-21 2.66169e-21 3.13448e-21 3.04742e-21 3.68352e-21 3.61692e-21 4.15704e-21 4.10323e-21
5000 9.53077e-19 9.53077e-19 8.80289e-31 9.23628e-13 -6.06478e-07 1.84985e-21 1.74685e-21 2.09405e-21 2.0114e-21 2.3672e-21 2.30169e-21 2.78035e-21 2.73024e-21 3.13666e-21 3.09617e-21
