# 2e-06 1 6 : grain size, compostion index, size index
# Heating and cooling timescale: 6.49336 1356.8
# Ratio of heating to cooling to determine stochastic cutoff: 100
# Equilibrium emission is recorded even for those grains in the stochastic regime.
# Emission spectrum was computed for: 
# Type: ISRF
# Scales: 0.25 0.5 1 1.5 2 2.5 3 3.5 4 4.5 5 5.5 6 6.5 7 7.5 8 8.5 9 9.5 10
# StochasticallyHeated: 1 1 1 1 1 1 1 1 1 1 0 0 0 0 0 0 0 0 0 0 0
# Temperature: -1
# Wavelength  CExt  CAbs  CSca  Albedo G EqEm1 StEm1 EqEm2 StEm2 EqEm3 StEm3 EqEm4 StEm4 EqEm5 StEm5 EqEm6 StEm6 EqEm7 StEm7 EqEm8 StEm8 EqEm9 StEm9 EqEm10 StEm10 EqEm11 StEm11 EqEm12 StEm12 EqEm13 StEm13 EqEm14 StEm14 EqEm15 StEm15 EqEm16 StEm16 EqEm17 StEm17 EqEm18 StEm18 EqEm19 StEm19 EqEm20 StEm20 EqEm21 StEm21
0.05 3.65119e-11 2.71964e-11 9.31555e-12 0.255137 0.629986 0 0 0 0 0 0 0 0 0 0 0 0 0 0 0 0 0 0 0 0 0 0 0 0 0 0 0 0 0 0 0 0 0 0 0 0 0 0 0 0 0 0
0.0525665 3.58668e-11 2.67541e-11 9.11275e-12 0.254072 0.618544 0 0 0 0 0 0 0 0 0 0 0 0 0 0 0 0 0 0 0 0 0 0 0 0 0 0 0 0 0 0 0 0 0 0 0 0 0 0 0 0 0 0
0.0552647 3.51868e-11 2.62872e-11 8.89964e-12 0.252925 0.606509 0 0 0 0 0 0 0 0 0 0 0 0 0 0 0 0 0 0 0 0 0 0 0 0 0 0 0 0 0 0 0 0 0 0 0 0 0 0 0 0 0 0
0.0581015 3.44735e-11 2.57979e-11 8.67556e-12 0.251659 0.593858 0 0 0 0 0 0 0 0 0 0 0 0 0 0 0 0 0 0 0 0 0 0 0 0 0 0 0 0 0 0 0 0 0 0 0 0 0 0 0 0 0 0
0.0610839 3.37222e-11 2.52822e-11 8.43994e-12 0.250279 0.580563 0 0 0 0 0 0 0 0 0 0 0 0 0 0 0 0 0 0 0 0 0 0 0 0 0 0 0 0 0 0 0 0 0 0 0 0 0 0 0 0 0 0
0.0642193 3.29338e-11 2.47416e-11 8.19228e-12 0.24875 0.566581 0 0 0 0 0 0 0 0 0 0 0 0 0 0 0 0 0 0 0 0 0 0 0 0 0 0 0 0 0 0 0 0 0 0 0 0 0 0 0 0 0 0
0.0675157 3.21037e-11 2.41718e-11 7.93198e-12 0.247073 0.551889 0 0 0 0 0 0 0 0 0 0 0 0 0 0 0 0 0 0 0 0 0 0 0 0 0 0 0 0 0 0 0 0 0 0 0 0 0 0 0 0 0 0
0.0709813 3.12314e-11 2.35732e-11 7.65818e-12 0.245208 0.536436 0 0 0 0 0 0 0 0 0 0 0 0 0 0 0 0 0 0 0 0 0 0 0 0 0 0 0 0 0 0 0 0 0 0 0 0 0 0 0 0 0 0
0.0746248 3.03144e-11 2.29441e-11 7.37032e-12 0.243129 0.520182 0 0 0 0 0 0 0 0 0 0 0 0 0 0 0 0 0 0 0 0 0 0 0 0 0 0 0 0 0 0 0 0 0 0 0 0 0 0 0 0 0 0
0.0784553 2.93507e-11 2.22829e-11 7.06779e-12 0.240805 0.503106 0 0 0 0 0 0 0 0 0 0 0 0 0 0 0 0 0 0 0 0 0 0 0 0 0 0 0 0 0 0 0 0 0 0 0 0 0 0 0 0 0 0
0.0824824 2.83371e-11 2.15874e-11 6.74971e-12 0.238193 0.485153 0 0 0 0 0 0 0 0 0 0 0 0 0 0 0 0 0 0 0 0 0 0 0 0 0 0 0 0 0 0 0 0 0 0 0 0 0 0 0 0 0 0
0.0867162 2.72716e-11 2.08564e-11 6.41525e-12 0.235236 0.466274 0 0 0 0 0 0 0 0 0 0 0 0 0 0 0 0 0 0 0 0 0 0 0 0 0 0 0 0 0 0 0 0 0 0 0 0 0 0 0 0 0 0
0.0911674 2.61514e-11 2.00877e-11 6.0637e-12 0.231869 0.446423 0 0 0 0 0 0 0 0 0 0 0 0 0 0 0 0 0 0 0 0 0 0 0 0 0 0 0 0 0 0 0 0 0 0 0 0 0 0 0 0 0 0
0.095847 2.49735e-11 1.92795e-11 5.69401e-12 0.228002 0.425558 0 0 0 0 0 0 0 0 0 0 0 0 0 0 0 0 0 0 0 0 0 0 0 0 0 0 0 0 0 0 0 0 0 0 0 0 0 0 0 0 0 0
0.100767 2.37346e-11 1.84293e-11 5.30538e-12 0.223529 0.403622 0 0 0 0 0 0 0 0 0 0 0 0 0 0 0 0 0 0 0 0 0 0 0 0 0 0 0 0 0 0 0 0 0 0 0 0 0 0 0 0 0 0
0.105939 2.24325e-11 1.75357e-11 4.89677e-12 0.21829 0.380558 0 0 0 0 0 0 0 0 0 0 0 0 0 0 0 0 0 0 0 0 0 0 0 0 0 0 0 0 0 0 0 0 0 0 0 0 0 0 0 0 0 0
0.111377 2.10639e-11 1.65967e-11 4.46726e-12 0.212081 0.356311 0 0 0 0 0 0 0 0 0 0 0 0 0 0 0 0 0 0 0 0 0 0 0 0 0 0 0 0 0 0 0 0 0 0 0 0 0 0 0 0 0 0
0.117094 1.96252e-11 1.56096e-11 4.01563e-12 0.204616 0.330816 0 0 0 0 0 0 0 0 0 0 0 0 0 0 0 0 0 0 0 0 0 0 0 0 0 0 0 0 0 0 0 0 0 0 0 0 0 0 0 0 0 0
0.123105 1.81125e-11 1.45716e-11 3.54087e-12 0.195493 0.304014 0 0 0 0 0 0 0 0 0 0 0 0 0 0 0 0 0 0 0 0 0 0 0 0 0 0 0 0 0 0 0 0 0 0 0 0 0 0 0 0 0 0
0.129424 1.65216e-11 1.34799e-11 3.04175e-12 0.184107 0.275845 0 0 0 0 0 0 0 0 0 0 0 0 0 0 0 0 0 0 0 0 0 0 0 0 0 0 0 0 0 0 0 0 0 0 0 0 0 0 0 0 0 0
0.136067 1.48501e-11 1.23331e-11 2.51701e-12 0.169495 0.246217 0 0 0 0 0 0 0 0 0 0 0 0 0 0 0 0 0 0 0 0 0 0 0 0 0 0 0 0 0 0 0 0 0 0 0 0 0 0 0 0 0 0
0.143051 1.30923e-11 1.11269e-11 1.96537e-12 0.150117 0.215076 0 0 0 0 0 0 0 0 0 0 0 0 0 0 0 0 0 0 0 0 0 0 0 0 0 0 0 0 0 0 0 0 0 0 0 0 0 0 0 0 0 0
0.150394 1.15134e-11 1.00548e-11 1.45863e-12 0.126689 0.185726 0 0 0 0 0 0 0 0 0 0 0 0 0 0 0 0 0 0 0 0 0 0 0 0 0 0 0 0 0 0 0 0 0 0 0 0 0 0 0 0 0 0
0.158114 1.12464e-11 9.94136e-12 1.30501e-12 0.116038 0.172427 0 0 0 0 0 0 0 0 0 0 0 0 0 0 0 0 0 0 0 0 0 0 0 0 0 0 0 0 0 0 0 0 0 0 0 0 0 0 0 0 0 0
0.16623 1.09655e-11 9.82202e-12 1.14347e-12 0.104279 0.158434 0 0 0 0 0 0 0 0 0 0 0 0 0 0 0 0 0 0 0 0 0 0 0 0 0 0 0 0 0 0 0 0 0 0 0 0 0 0 0 0 0 0
0.174762 1.06702e-11 9.69654e-12 9.73657e-13 0.0912501 0.143722 0 0 0 0 0 0 0 0 0 0 0 0 0 0 0 0 0 0 0 0 0 0 0 0 0 0 0 0 0 0 0 0 0 0 0 0 0 0 0 0 0 0
0.183733 1.03598e-11 9.56468e-12 7.95129e-13 0.0767513 0.128262 0 0 0 0 0 0 0 0 0 0 0 0 0 0 0 0 0 0 0 0 0 0 0 0 0 0 0 0 0 0 0 0 0 0 0 0 0 0 0 0 0 0
0.193164 1.00334e-11 9.42599e-12 6.07426e-13 0.0605403 0.112005 0 0 0 0 0 0 0 0 0 0 0 0 0 0 0 0 0 0 0 0 0 0 0 0 0 0 0 0 0 0 0 0 0 0 0 0 0 0 0 0 0 0
0.203079 1.0021e-11 9.51094e-12 5.10079e-13 0.050901 0.0993733 0 0 0 0 0 0 0 0 0 0 0 0 0 0 0 0 0 0 0 0 0 0 0 0 0 0 0 0 0 0 0 0 0 0 0 0 0 0 0 0 0 0
0.213503 1.03824e-11 9.86149e-12 5.20923e-13 0.0501736 0.0911492 0 0 0 0 0 0 0 0 0 0 0 0 0 0 0 0 0 0 0 0 0 0 0 0 0 0 0 0 0 0 0 0 0 0 0 0 0 0 0 0 0 0
0.224463 1.07623e-11 1.023e-11 5.32331e-13 0.0494625 0.0825026 0 0 0 0 0 0 0 0 0 0 0 0 0 0 0 0 0 0 0 0 0 0 0 0 0 0 0 0 0 0 0 0 0 0 0 0 0 0 0 0 0 0
0.235984 1.11618e-11 1.06174e-11 5.44318e-13 0.0487663 0.073412 0 0 0 0 0 0 0 0 0 0 0 0 0 0 0 0 0 0 0 0 0 0 0 0 0 0 0 0 0 0 0 0 0 0 0 0 0 0 0 0 0 0
0.248097 1.15308e-11 1.09769e-11 5.53875e-13 0.0480345 0.0641105 0 0 0 0 0 0 0 0 0 0 0 0 0 0 0 0 0 0 0 0 0 0 0 0 0 0 0 0 0 0 0 0 0 0 0 0 0 0 0 0 0 0
0.260832 1.09601e-11 1.04535e-11 5.066e-13 0.0462221 0.0591407 0 0 0 0 0 0 0 0 0 0 0 0 0 0 0 0 0 0 0 0 0 0 0 0 0 0 0 0 0 0 0 0 0 0 0 0 0 0 0 0 0 0
0.274221 1.03602e-11 9.90328e-12 4.56886e-13 0.0441003 0.0539165 0 0 0 0 0 0 0 0 0 0 0 0 0 0 0 0 0 0 0 0 0 0 0 0 0 0 0 0 0 0 0 0 0 0 0 0 0 0 0 0 0 0
0.288297 9.72935e-12 9.32473e-12 4.04625e-13 0.0415881 0.0484228 0 0 0 0 0 0 0 0 0 0 0 0 0 0 0 0 0 0 0 0 0 0 0 0 0 0 0 0 0 0 0 0 0 0 0 0 0 0 0 0 0 0
0.303095 9.03193e-12 8.67833e-12 3.53601e-13 0.0391501 0.0437872 0 0 0 0 0 0 0 0 0 0 0 0 0 0 0 0 0 0 0 0 0 0 0 0 0 0 0 0 0 0 0 0 0 0 0 0 0 0 0 0 0 0
0.318653 8.25251e-12 7.94728e-12 3.05232e-13 0.0369866 0.0404472 0 0 0 0 0 0 0 0 0 0 0 0 0 0 0 0 0 0 0 0 0 0 0 0 0 0 0 0 0 0 0 0 0 0 0 0 0 0 0 0 0 0
0.335009 7.43308e-12 7.17871e-12 2.54377e-13 0.0342222 0.0369356 0 0 0 0 0 0 0 0 0 0 0 0 0 0 0 0 0 0 0 0 0 0 0 0 0 0 0 0 0 0 0 0 0 0 0 0 0 0 0 0 0 0
0.352205 6.68763e-12 6.47847e-12 2.09162e-13 0.031276 0.0336856 0 0 0 0 0 0 0 0 0 0 0 0 0 0 0 0 0 0 0 0 0 0 0 0 0 0 0 0 0 0 0 0 0 0 0 0 0 0 0 0 0 0
0.370284 6.10756e-12 5.93144e-12 1.76121e-13 0.0288365 0.0310429 0 0 0 0 0 0 0 0 0 0 0 0 0 0 0 0 0 0 0 0 0 0 0 0 0 0 0 0 0 0 0 0 0 0 0 0 0 0 0 0 0 0
0.389291 5.49768e-12 5.35631e-12 1.41372e-13 0.0257149 0.0282647 0 0 0 0 0 0 0 0 0 0 0 0 0 0 0 0 0 0 0 0 0 0 0 0 0 0 0 0 0 0 0 0 0 0 0 0 0 0 0 0 0 0
0.409273 5.02706e-12 4.90988e-12 1.17179e-13 0.0233097 0.0259248 0 0 0 0 0 0 0 0 0 0 0 0 0 0 0 0 0 0 0 0 0 0 0 0 0 0 0 0 0 0 0 0 0 0 0 0 0 0 0 0 0 0
0.430281 4.60255e-12 4.50573e-12 9.68236e-14 0.0210369 0.0237046 0 0 0 0 0 0 0 0 0 0 0 0 0 0 0 0 0 0 0 0 0 0 0 0 0 0 0 0 0 0 0 0 0 0 0 0 0 0 0 0 0 0
0.452368 4.20632e-12 4.1275e-12 7.88256e-14 0.0187398 0.0215998 0 0 0 0 0 0 0 0 0 0 0 0 0 0 0 0 0 0 0 0 0 0 0 0 0 0 0 0 0 0 0 0 0 0 0 0 0 0 0 0 0 0
0.475588 3.87727e-12 3.81142e-12 6.58484e-14 0.0169832 0.019788 0 0 0 0 0 0 0 0 0 0 0 0 0 0 0 0 0 0 0 0 0 0 0 0 0 0 0 0 0 0 0 0 0 0 0 0 0 0 0 0 0 0
0.5 3.55575e-12 3.50209e-12 5.36638e-14 0.0150921 0.0180183 0 0 0 0 0 0 0 0 0 0 0 0 0 0 0 0 0 0 0 0 0 0 0 0 0 0 0 0 0 0 0 0 0 0 0 0 0 0 0 0 0 0
0.525665 3.28459e-12 3.23975e-12 4.484e-14 0.0136517 0.0165224 0 0 0 0 0 0 0 0 0 0 0 0 0 0 0 0 0 0 0 0 0 0 0 0 0 0 0 0 0 0 0 0 0 0 0 0 0 0 0 0 0 0
0.552648 3.02399e-12 2.98718e-12 3.68143e-14 0.0121741 0.0150779 0 0 0 0 0 0 0 0 0 0 0 0 0 0 0 0 0 0 0 0 0 0 0 0 0 0 0 0 0 0 0 0 0 0 0 0 0 0 0 0 0 0
0.581015 2.79189e-12 2.76138e-12 3.05113e-14 0.0109285 0.0137772 0 0 0 0 0 0 0 0 0 0 0 0 0 0 0 0 0 0 0 0 0 0 0 0 0 0 0 0 0 0 0 0 0 0 0 0 0 0 0 0 0 0
0.610839 2.58031e-12 2.55502e-12 2.52961e-14 0.0098035 0.0125939 0 0 0 0 0 0 0 0 0 0 0 0 0 0 0 0 0 0 0 0 0 0 0 0 0 0 0 0 0 0 0 0 0 0 0 0 0 0 0 0 0 0
0.642193 2.38009e-12 2.35932e-12 2.07625e-14 0.00872341 0.0114773 0 0 0 0 0 0 0 0 0 0 0 0 0 0 0 0 0 0 0 0 0 0 0 0 0 0 0 0 0 0 0 0 0 0 0 0 0 0 0 0 0 0
0.675157 2.20408e-12 2.1868e-12 1.72861e-14 0.00784278 0.0105023 0 0 0 0 0 0 0 0 0 0 0 0 0 0 0 0 0 0 0 0 0 0 0 0 0 0 0 0 0 0 0 0 0 0 0 0 0 0 0 0 0 0
0.709813 2.03941e-12 2.02511e-12 1.4303e-14 0.00701328 0.00959449 0 0 0 0 0 0 0 0 0 0 0 0 0 0 0 0 0 0 0 0 0 0 0 0 0 0 0 0 0 0 0 0 0 0 0 0 0 0 0 0 0 0
0.746248 1.88569e-12 1.87391e-12 1.17726e-14 0.00624315 0.00875171 0 0 0 0 0 0 0 0 0 0 0 0 0 0 0 0 0 0 0 0 0 0 0 0 0 0 0 0 0 0 0 0 0 0 0 0 0 0 0 0 0 0
0.784553 1.74605e-12 1.73632e-12 9.73058e-15 0.00557292 0.00799234 0 0 0 0 0 0 0 0 0 0 0 0 0 0 0 0 0 0 0 0 0 0 0 0 0 0 0 0 0 0 0 0 0 0 0 0 0 0 0 0 0 0
0.824824 1.61912e-12 1.61104e-12 8.07888e-15 0.00498968 0.00730926 0 0 0 0 0 0 0 0 0 0 0 0 0 0 0 0 0 0 0 0 0 0 0 0 0 0 0 0 0 0 0 0 0 0 0 0 0 0 0 0 0 0
0.867162 1.50132e-12 1.49463e-12 6.68981e-15 0.00445595 0.00668039 0 0 0 0 0 0 0 0 0 0 0 0 0 0 0 0 0 0 0 0 0 0 0 0 0 0 0 0 0 0 0 0 0 0 0 0 0 0 0 0 0 0
0.911674 1.39232e-12 1.38679e-12 5.53271e-15 0.00397374 0.00610403 0 0 0 0 0 0 0 0 0 0 0 0 0 0 0 0 0 0 0 0 0 0 0 0 0 0 0 0 0 0 0 0 0 0 0 0 0 0 0 0 0 0
0.95847 1.29156e-12 1.28699e-12 4.57438e-15 0.00354174 0.00557751 0 0 0 0 0 0 0 0 0 0 0 0 0 0 0 0 0 0 0 0 0 0 0 0 0 0 0 0 0 0 0 0 0 0 0 0 0 0 0 0 0 0
1.00767 1.19871e-12 1.19493e-12 3.78224e-15 0.00315526 0.00509726 0 0 0 0 0 0 0 0 0 0 0 0 0 0 0 0 0 0 0 0 0 0 0 0 0 0 0 0 0 0 0 0 0 0 0 0 0 0 0 0 0 0
1.05939 1.11291e-12 1.10978e-12 3.12729e-15 0.00281002 0.00465937 0 0 0 0 0 0 0 0 0 0 0 0 0 0 0 0 0 0 0 0 0 0 0 0 0 0 0 0 0 0 0 0 0 0 0 0 0 0 0 0 0 0
1.11377 1.03356e-12 1.03098e-12 2.58504e-15 0.00250109 0.00425962 0 0 0 0 0 0 0 0 0 0 0 0 0 0 0 0 0 0 0 0 0 0 0 0 0 0 0 0 0 0 0 0 0 0 0 0 0 0 0 0 0 0
1.17094 9.6016e-13 9.58024e-13 2.13613e-15 0.00222476 0.00389488 0 0 0 0 0 0 0 0 0 0 0 0 0 0 0 0 0 0 0 0 0 0 0 0 0 0 0 0 0 0 0 0 0 0 0 0 0 0 0 0 0 0
1.23105 8.92247e-13 8.90482e-13 1.765e-15 0.00197815 0.00356224 0 0 0 0 0 0 0 0 0 0 0 0 0 0 0 0 0 0 0 0 0 0 0 0 0 0 0 0 0 0 0 0 0 0 0 0 0 0 0 0 0 0
1.29424 8.29553e-13 8.28094e-13 1.45959e-15 0.00175949 0.00325983 0 0 0 0 0 0 0 0 0 0 0 0 0 0 0 0 0 0 0 0 0 0 0 0 0 0 0 0 0 0 0 0 0 0 0 0 0 0 0 0 0 0
1.36067 7.71457e-13 7.70251e-13 1.20688e-15 0.00156441 0.00298392 0 0 0 0 0 0 0 0 0 0 0 0 0 0 0 0 0 0 0 0 0 0 0 0 0 0 0 0 0 0 0 0 0 0 0 0 0 0 0 0 0 0
1.43051 7.17587e-13 7.16589e-13 9.97467e-16 0.00139003 0.00273208 0 0 0 0 0 0 0 0 0 0 0 0 0 0 0 0 0 0 0 0 0 0 0 0 0 0 0 0 0 0 0 0 0 0 0 0 0 0 0 0 0 0
1.50394 6.6766e-13 6.66835e-13 8.24392e-16 0.00123475 0.00250268 0 0 0 0 0 0 0 0 0 0 0 0 0 0 0 0 0 0 0 0 0 0 0 0 0 0 0 0 0 0 0 0 0 0 0 0 0 0 0 0 0 0
1.58114 6.21363e-13 6.20682e-13 6.81247e-16 0.00109637 0.00229338 0 0 0 0 0 0 0 0 0 0 0 0 0 0 0 0 0 0 0 0 0 0 0 0 0 0 0 0 0 0 0 0 0 0 0 0 0 0 0 0 0 0
1.6623 5.78314e-13 5.77751e-13 5.62501e-16 0.000972658 0.00210217 0 0 0 0 0 0 0 0 0 0 0 0 0 0 0 0 0 0 0 0 0 0 0 0 0 0 0 0 0 0 0 0 0 0 0 0 0 0 0 0 0 0
1.74763 5.38514e-13 5.38049e-13 4.64983e-16 0.000863456 0.00192868 0 0 0 0 0 0 0 0 0 0 0 0 0 0 0 0 0 0 0 0 0 0 0 0 0 0 0 0 0 0 0 0 0 0 0 0 0 0 0 0 0 0
1.83733 5.0151e-13 5.01126e-13 3.8413e-16 0.000765948 0.00177022 0 0 0 0 0 0 0 0 0 0 0 0 0 0 0 0 0 0 0 0 0 0 0 0 0 0 0 0 0 0 0 0 0 0 0 0 0 0 0 0 0 0
1.93164 4.67111e-13 4.66794e-13 3.17166e-16 0.000678995 0.00162566 0 0 0 0 0 0 0 0 0 0 0 0 0 0 0 0 0 0 0 0 0 0 0 0 0 0 0 0 0 0 0 0 0 0 0 0 0 0 0 0 0 0
2.03079 4.35195e-13 4.34933e-13 2.61938e-16 0.000601886 0.00149404 0 0 0 0 0 0 0 0 0 0 0 0 0 0 0 0 0 0 0 0 0 0 0 0 0 0 0 0 0 0 0 0 0 0 0 0 0 0 0 0 0 0
2.13503 4.05551e-13 4.05334e-13 2.16361e-16 0.0005335 0.00137429 0 0 0 0 0 0 0 0 0 0 0 0 0 0 0 0 0 0 0 0 0 0 0 0 0 0 0 0 0 0 0 0 0 0 0 0 0 0 0 0 0 0
2.24463 3.78004e-13 3.77825e-13 1.78713e-16 0.00047278 0.00126516 0 0 0 0 0 0 0 0 0 0 0 0 0 0 0 0 0 0 0 0 0 0 0 0 0 0 0 0 0 0 0 0 0 0 0 0 0 0 0 0 0 0
2.35984 3.52365e-13 3.52218e-13 1.47532e-16 0.000418691 0.00116559 0 0 0 0 0 0 0 0 0 0 0 0 0 0 0 0 0 0 0 0 0 0 0 0 0 0 0 0 0 0 0 0 0 0 0 0 0 0 0 0 0 0
2.48097 3.28508e-13 3.28386e-13 1.21757e-16 0.000370636 0.00107477 0 0 0 0 0 0 0 0 0 0 0 0 0 0 0 0 0 0 0 0 0 0 0 0 0 0 0 0 0 0 0 0 0 0 0 0 0 0 0 0 0 0
2.60832 3.0638e-13 3.06279e-13 1.00554e-16 0.000328201 0.000992291 0 0 0 0 0 0 0 0 0 0 0 0 0 0 0 0 0 0 0 0 0 0 0 0 0 0 0 0 0 0 0 0 0 0 0 0 0 0 0 0 0 0
2.74221 2.85748e-13 2.85665e-13 8.29802e-17 0.000290396 0.000917018 0 0 0 0 0 0 0 0 0 0 0 0 0 0 0 0 0 0 0 0 0 0 0 0 0 0 0 0 0 0 0 0 0 0 0 0 0 0 0 0 0 0
2.88297 2.66548e-13 2.6648e-13 6.84492e-17 0.000256798 0.000848371 0 0 0 0 0 0 0 0 0 0 0 0 0 0 0 0 0 0 0 0 0 0 0 0 0 0 0 0 0 0 0 0 0 0 0 0 0 0 0 0 0 0
3.03095 2.48726e-13 2.48669e-13 5.64688e-17 0.000227032 0.000785876 0 0 0 0 0 0 0 0 0 0 0 0 0 0 0 0 0 0 0 0 0 0 0 0 0 0 0 0 0 0 0 0 0 0 0 0 0 0 0 0 0 0
3.18653 2.32225e-13 2.32178e-13 4.65574e-17 0.000200484 0.000728839 0 0 0 0 0 0 0 0 0 0 0 0 0 0 0 0 0 0 0 0 0 0 0 0 0 0 0 0 0 0 0 0 0 0 0 0 0 0 0 0 0 0
3.35009 2.1691e-13 2.16871e-13 3.84147e-17 0.0001771 0.000677054 0 0 0 0 0 0 0 0 0 0 0 0 0 0 0 0 0 0 0 0 0 0 0 0 0 0 0 0 0 0 0 0 0 0 0 0 0 0 0 0 0 0
3.52205 2.0235e-13 2.02318e-13 3.17468e-17 0.00015689 0.000630312 0 0 0 0 0 0 0 0 0 0 0 0 0 0 0 0 0 0 0 0 0 0 0 0 0 0 0 0 0 0 0 0 0 0 0 0 0 0 0 0 0 0
3.70284 1.88565e-13 1.88539e-13 2.61535e-17 0.000138697 0.000587229 0 0 0 0 0 0 0 0 0 0 0 0 0 0 0 0 0 0 0 0 0 0 0 0 0 0 0 0 0 0 0 0 0 0 0 0 0 0 0 0 0 0
3.89291 1.76093e-13 1.76072e-13 2.15639e-17 0.000122458 0.000548068 0 0 0 0 0 0 0 0 0 0 0 0 0 0 0 0 0 0 0 0 0 0 0 0 0 0 0 0 0 0 0 0 0 0 0 0 0 0 0 0 0 0
4.09273 1.64466e-13 1.64448e-13 1.77791e-17 0.000108102 0.000512428 0 0 0 0 0 0 0 0 0 0 0 0 0 0 0 0 0 0 0 0 0 0 0 0 0 0 0 0 0 0 0 0 0 0 0 0 0 0 0 0 0 0
4.30281 1.53632e-13 1.53617e-13 1.46556e-17 9.53943e-05 0.00047996 0 0 0 0 0 0 0 0 0 0 0 0 0 0 0 0 0 1.4013e-45 0 7.00649e-45 0 0 0 0 0 0 0 0 0 0 0 0 0 0 0 0 1.4013e-45 0 5.60519e-45 0 1.4013e-44 0
4.52368 1.43538e-13 1.43526e-13 1.20809e-17 8.4165e-05 0.000450398 0 0 0 0 0 0 0 0 0 0 0 1.4013e-45 0 5.60519e-45 0 2.52234e-44 0 1.06499e-43 0 3.8816e-43 0 0 0 0 0 0 0 0 1.4013e-45 0 7.00649e-45 0 2.24208e-44 0 6.5861e-44 0 1.91978e-43 0 5.14277e-43 0 1.26397e-42 0
4.75588 1.3415e-13 1.3414e-13 9.95576e-18 7.42137e-05 0.000423477 0 0 0 0 0 0 0 0 0 4.2039e-45 0 4.2039e-44 0 2.64845e-43 0 1.30601e-42 0 5.30111e-42 0 1.85266e-41 0 0 1.4013e-45 0 9.80909e-45 0 4.48416e-44 0 1.75162e-43 0 5.99756e-43 0 1.92819e-42 0 5.46647e-42 0 1.51494e-41 0 3.86016e-41 0 9.08406e-41 0
5 1.25406e-13 1.25398e-13 8.20332e-18 6.54142e-05 0.000398953 0 0 0 0 0 0 0 1.68156e-44 0 2.35418e-43 0 2.00386e-42 0 1.20105e-41 0 5.65326e-41 0 2.20465e-40 4.2039e-45 7.42928e-40 3.36312e-44 0 1.89175e-43 0 9.03838e-43 0 3.70643e-42 0 1.36514e-41 0 4.40456e-41 0 1.33687e-40 0 3.60278e-40 0 9.499e-40 0 2.3123e-39 0 5.21885e-39 0
5.25665 1.17301e-13 1.17294e-13 6.75706e-18 5.76044e-05 0.00037659 0 0 0 0 0 2.38221e-44 0 7.56701e-43 0 1.00571e-41 0 8.05747e-41 0 4.59378e-40 4.2039e-45 2.06907e-39 5.04467e-44 7.75709e-39 4.21791e-43 2.52215e-38 2.79419e-42 0 1.44684e-41 0 6.40323e-41 0 2.45215e-40 0 8.47584e-40 0 2.58261e-39 0 7.42517e-39 0 1.9065e-38 0 4.79424e-38 0 1.11743e-37 0 2.42377e-37 0
5.52648 1.09837e-13 1.09832e-13 5.56396e-18 5.06563e-05 0.000356194 0 0 0 5.60519e-45 0 1.00613e-42 0 2.92899e-41 0 3.63609e-40 1.4013e-45 2.75182e-39 2.38221e-44 1.49431e-38 3.8816e-43 6.44614e-38 4.05536e-42 2.32522e-37 3.05903e-41 7.30001e-37 1.84736e-40 0 8.82934e-40 0 3.63384e-39 0 1.30329e-38 0 4.24011e-38 0 1.22357e-37 0 3.34105e-37 0 8.19254e-37 0 1.96947e-36 0 4.40461e-36 0 9.1994e-36 0
5.81015 1.03163e-13 1.03159e-13 4.57851e-18 4.43813e-05 0.000365784 0 2.8026e-45 0 2.12997e-43 0 3.63441e-41 0 9.69483e-40 1.4013e-45 1.12493e-38 7.56701e-44 8.05158e-38 1.95061e-42 4.16864e-37 2.79167e-41 1.72384e-36 2.60071e-40 5.98759e-36 1.77766e-39 1.81642e-35 9.83277e-39 0 4.35396e-38 0 1.67233e-37 0 5.63528e-37 0 1.73077e-36 0 4.74262e-36 0 1.23303e-35 0 2.89394e-35 0 6.66532e-35 0 1.43322e-34 0 2.88768e-34 0
6.10839 9.89861e-14 9.89823e-14 3.76574e-18 3.80431e-05 0.000348345 0 8.68805e-44 0 7.63708e-42 0 1.14764e-39 0 2.80972e-38 1.1911e-43 3.05184e-37 5.97093e-42 2.06824e-36 1.30434e-40 1.02197e-35 1.63942e-39 4.05481e-35 1.36963e-38 1.35724e-34 8.52321e-38 3.98138e-34 4.33673e-37 0 1.78575e-36 0 6.42279e-36 0 2.03966e-35 0 5.93045e-35 0 1.54701e-34 0 3.83874e-34 0 8.642e-34 0 1.91098e-33 0 3.95835e-33 0 7.70719e-33 0
6.42193 9.07093e-14 9.07062e-14 3.141e-18 3.46271e-05 0.000334358 0 2.88247e-42 0 2.24997e-40 0 2.97846e-38 5.46506e-44 6.70578e-37 8.60958e-42 6.82779e-36 3.56014e-40 4.38638e-35 6.68934e-39 2.07057e-34 7.43035e-38 7.88911e-34 5.5964e-37 2.54671e-33 3.18525e-36 7.22892e-33 1.49694e-35 0 5.75246e-35 0 1.94364e-34 0 5.83375e-34 0 1.61007e-33 0 4.00794e-33 0 9.51362e-33 0 2.05857e-32 0 4.37905e-32 0 8.7538e-32 0 1.64987e-31 0
6.75157 8.43795e-14 8.4377e-14 2.57124e-18 3.04724e-05 0.000319987 0 8.29092e-41 0 5.80698e-39 2.8026e-45 6.79212e-37 4.08619e-42 1.40889e-35 5.03463e-40 1.34663e-34 1.73585e-38 8.21015e-34 2.82639e-37 3.70589e-33 2.7913e-36 1.35707e-32 1.90499e-35 4.2281e-32 9.95985e-35 1.16213e-31 4.34013e-34 0 1.56173e-33 0 4.97223e-33 0 1.41442e-32 0 3.71493e-32 0 8.84479e-32 0 2.01271e-31 0 4.19406e-31 0 8.59892e-31 0 1.66178e-30 0 3.0366e-30 0
7.09813 7.98365e-14 7.98344e-14 2.1147e-18 2.64879e-05 0.000306987 0 2.09882e-39 0 1.32304e-37 2.52234e-43 1.37136e-35 2.4808e-40 2.62563e-34 2.41659e-38 2.359e-33 7.00939e-37 1.36642e-32 9.95951e-36 5.90316e-32 8.79536e-35 2.07933e-31 5.46533e-34 6.25724e-31 2.63575e-33 1.66649e-30 1.06891e-32 0 3.61322e-32 0 1.08714e-31 0 2.93862e-31 0 7.36275e-31 0 1.68029e-30 0 3.67319e-30 0 7.38462e-30 0 1.46189e-29 0 2.73574e-29 0 4.85406e-29 0
7.46248 7.49895e-14 7.49877e-14 1.82054e-18 2.42772e-05 0.000297157 0 4.59046e-38 0 2.61145e-36 1.71659e-41 2.4056e-34 1.20556e-38 4.25877e-33 9.39093e-37 3.60144e-32 2.3109e-35 1.98405e-31 2.88447e-34 8.21113e-31 2.29031e-33 2.78435e-30 1.30173e-32 8.09865e-30 5.81364e-32 2.09138e-29 2.20191e-31 0 7.01336e-31 0 1.99967e-30 0 5.14913e-30 0 1.23354e-29 0 2.70397e-29 0 5.68956e-29 0 1.10549e-28 0 2.11671e-28 0 3.84178e-28 0 6.62835e-28 0
7.84553 6.98777e-14 6.98762e-14 1.51574e-18 2.16913e-05 0.00028693 0 8.71526e-37 7.00649e-45 4.48612e-35 9.28565e-40 3.68284e-33 4.73528e-37 6.03903e-32 2.98205e-35 4.81296e-31 6.2758e-34 2.52442e-30 6.92516e-33 1.00172e-29 4.96963e-32 3.27261e-29 2.59482e-31 9.2071e-29 1.07721e-30 2.30689e-28 3.8231e-30 0 1.15074e-29 0 3.11741e-29 0 7.66501e-29 0 1.75958e-28 0 3.71206e-28 0 7.53213e-28 0 1.41681e-27 0 2.6281e-27 0 4.63313e-27 0 7.78363e-27 0
8.24824 6.45747e-14 6.45735e-14 1.20304e-18 1.86302e-05 0.000276338 0 1.44321e-35 5.12875e-43 6.73887e-34 4.03563e-38 4.94349e-32 1.51793e-35 7.52086e-31 7.80868e-34 5.65597e-30 1.41622e-32 2.8273e-29 1.38989e-31 1.07663e-28 9.0591e-31 3.3914e-28 4.36338e-30 9.23537e-28 1.6898e-29 2.24659e-27 5.63755e-29 0 1.608e-28 0 4.14927e-28 0 9.76369e-28 0 2.15223e-27 0 4.37791e-27 0 8.58154e-27 0 1.56517e-26 0 2.81703e-26 0 4.83061e-26 0 7.91242e-26 0
8.67162 6.04432e-14 6.04422e-14 1.03028e-18 1.70455e-05 0.000268593 0 2.13958e-34 3.20085e-41 9.08496e-33 1.45416e-36 5.97083e-31 4.09462e-34 8.4415e-30 1.73774e-32 5.99765e-29 2.73584e-31 2.86018e-28 2.40167e-30 1.04609e-27 1.42847e-29 3.17964e-27 6.37199e-29 8.38687e-27 2.30982e-28 1.98205e-26 7.26584e-28 0 1.96906e-27 0 4.85113e-27 0 1.09481e-26 0 2.32196e-26 0 4.56222e-26 0 8.65373e-26 0 1.5327e-25 0 2.68056e-25 0 4.47715e-25 0 7.15887e-25 0
9.11674 5.61133e-14 5.61124e-14 8.50211e-19 1.51517e-05 0.000260483 1.4013e-44 2.79399e-33 1.59618e-39 1.0814e-31 4.29565e-35 6.38347e-30 9.184e-33 8.39994e-29 3.24586e-31 5.64511e-28 4.46671e-30 2.57071e-27 3.52654e-29 9.03795e-27 1.92264e-28 2.65281e-26 7.97254e-28 6.78223e-26 2.71389e-27 1.55814e-25 8.07235e-27 0 2.08369e-26 0 4.91245e-26 0 1.06546e-25 0 2.17826e-25 0 4.14104e-25 0 7.61312e-25 0 1.31128e-24 0 2.23157e-24 0 3.63505e-24 0 5.68069e-24 0
9.5847 5.17124e-14 5.17118e-14 6.69173e-19 1.29403e-05 0.000252208 9.87915e-43 3.23136e-32 6.4258e-38 1.14266e-30 1.05096e-33 6.07305e-29 1.72914e-31 7.44943e-28 5.13491e-30 4.74083e-27 6.21723e-29 2.06357e-26 4.43757e-28 6.97963e-26 2.22707e-27 1.97978e-25 8.61536e-27 4.90932e-25 2.76245e-26 1.0971e-24 7.79092e-26 0 1.92006e-25 0 4.34104e-25 0 9.066e-25 0 1.78989e-24 0 3.29765e-24 0 5.88498e-24 0 9.87071e-24 0 1.63678e-23 0 2.60342e-23 0 3.98078e-23 0
10.0767 4.88056e-14 4.8805e-14 5.73012e-19 1.17407e-05 0.000246305 5.74855e-41 3.4297e-31 2.17632e-36 1.11053e-29 2.21643e-32 5.32678e-28 2.84244e-30 6.09988e-27 7.15304e-29 3.68023e-26 7.66788e-28 1.5326e-25 4.97221e-27 4.99102e-25 2.30639e-26 1.36911e-24 8.35192e-26 3.29514e-24 2.52989e-25 7.16741e-24 6.78282e-25 0 1.59959e-24 0 3.47531e-24 0 7.00164e-24 0 1.33717e-23 0 2.39116e-23 0 4.14828e-23 0 6.7843e-23 0 1.09755e-22 0 1.70661e-22 0 2.55597e-22 0
10.5939 4.57492e-14 4.57487e-14 4.71912e-19 1.03152e-05 0.000240109 2.68344e-39 3.25365e-30 6.07198e-35 9.66785e-29 3.94075e-31 4.19474e-27 3.98743e-29 4.49084e-26 8.57236e-28 2.57146e-25 8.1844e-27 1.02546e-24 4.8442e-26 3.21789e-24 2.08483e-25 8.54285e-24 7.08987e-25 1.99689e-23 2.03448e-24 4.23032e-23 5.19817e-24 0 1.1756e-23 0 2.45917e-23 0 4.78787e-23 0 8.85953e-23 0 1.53995e-22 0 2.60068e-22 0 4.15234e-22 0 6.56161e-22 0 9.98534e-22 0 1.46628e-21 0
11.1377 4.26446e-14 4.26443e-14 3.72779e-19 8.74153e-06 0.000233884 1.01676e-37 2.77352e-29 1.41009e-33 7.5786e-28 5.96166e-30 2.98104e-26 4.81486e-28 2.98789e-25 8.91122e-27 1.62548e-24 7.62047e-26 6.21292e-24 4.13536e-25 1.88009e-23 1.65735e-24 4.83395e-23 5.3092e-24 1.09813e-22 1.44708e-23 2.2671e-22 3.53182e-23 0 7.67543e-23 0 1.54876e-22 0 2.91884e-22 0 5.24118e-22 0 8.86755e-22 0 1.45972e-21 0 2.27801e-21 0 3.52023e-21 0 5.24833e-21 0 7.56362e-21 0
11.7094 4.01404e-14 4.01401e-14 3.19032e-19 7.94792e-06 0.000229463 3.20714e-36 2.16576e-28 2.79199e-32 5.4532e-27 7.85221e-29 1.94881e-25 5.11788e-27 1.83117e-24 8.21423e-26 9.47467e-24 6.32565e-25 3.47406e-23 3.16064e-24 1.01458e-22 1.18369e-23 2.52819e-22 3.58235e-23 5.58531e-22 9.29758e-23 1.12441e-21 2.17249e-22 0 4.54571e-22 0 8.86334e-22 0 1.61952e-21 0 2.82614e-21 0 4.66034e-21 0 7.48714e-21 0 1.14331e-20 0 1.72962e-20 0 2.5289e-20 0 3.58007e-20 0
12.3105 3.75078e-14 3.75075e-14 2.62533e-19 6.99942e-06 0.000224817 8.35731e-35 1.52874e-27 4.67204e-31 3.55397e-26 8.91633e-28 1.15631e-24 4.73928e-26 1.01994e-23 6.64253e-25 5.02428e-23 4.63007e-24 1.76881e-22 2.13867e-23 4.98917e-22 7.50949e-23 1.20575e-21 2.15307e-22 2.59215e-21 5.33381e-22 5.0917e-21 1.19572e-21 0 2.41334e-21 0 4.55465e-21 0 8.08094e-21 0 1.37234e-20 0 2.20842e-20 0 3.46679e-20 0 5.1856e-20 0 7.68791e-20 0 1.1034e-19 0 1.53576e-19 0
12.9424 3.48793e-14 3.48791e-14 2.08435e-19 5.9759e-06 0.00022022 1.81989e-33 9.81445e-27 6.67605e-30 2.11062e-25 8.81095e-27 6.2646e-24 3.85747e-25 5.1939e-23 4.7527e-24 2.43832e-22 3.01317e-23 8.24904e-22 1.29162e-22 2.24893e-21 4.26548e-22 5.27485e-21 1.16167e-21 1.10423e-20 2.75312e-21 2.11762e-20 5.93333e-21 0 1.15717e-20 0 2.11722e-20 0 3.65272e-20 0 6.04488e-20 0 9.50426e-20 0 1.45949e-19 0 2.1406e-19 0 3.11312e-19 0 4.38995e-19 0 6.01227e-19 0
13.6067 3.28116e-14 3.28114e-14 1.78015e-19 5.42538e-06 0.000216837 3.39517e-32 5.84558e-26 8.34265e-29 1.16502e-24 7.75268e-26 3.16076e-23 2.82226e-24 2.46625e-22 3.076e-23 1.10448e-21 1.782e-22 3.59372e-21 7.11471e-22 9.47688e-21 2.21646e-21 2.15877e-20 5.74816e-21 4.40331e-20 1.3061e-20 8.2492e-20 2.71124e-20 0 5.11803e-20 0 9.09206e-20 0 1.52738e-19 0 2.46626e-19 0 3.79292e-19 0 5.70377e-19 0 8.2106e-19 0 1.17245e-18 0 1.62581e-18 0 2.1927e-18 0
14.3051 3.06372e-14 3.06371e-14 1.46024e-19 4.76623e-06 0.000213291 5.36774e-31 3.18002e-25 9.00946e-28 5.88395e-24 5.99695e-25 1.46193e-22 1.8317e-23 1.07486e-21 1.77661e-22 4.59639e-21 9.4464e-22 1.43957e-20 3.52501e-21 3.67473e-20 1.03889e-20 8.13526e-20 2.57176e-20 1.61787e-19 5.61402e-20 2.96264e-19 1.12455e-19 0 2.05799e-19 0 3.55481e-19 0 5.82242e-19 0 9.18404e-19 0 1.38306e-18 0 2.03882e-18 0 2.88315e-18 0 4.04606e-18 0 5.52175e-18 0 7.33913e-18 0
15.0394 2.85059e-14 2.85058e-14 1.16198e-19 4.07628e-06 0.000209835 7.27589e-30 1.59139e-24 8.49848e-27 2.73835e-23 4.11842e-24 6.24237e-22 1.06452e-22 4.32986e-21 9.24097e-22 1.76969e-20 4.52857e-21 5.33951e-20 1.58464e-20 1.32033e-19 4.43018e-20 2.84269e-19 1.04921e-19 5.51537e-19 2.20472e-19 9.87805e-19 4.26903e-19 0 7.58538e-19 0 1.27574e-18 0 2.0398e-18 0 3.14668e-18 0 4.64494e-18 0 6.71876e-18 0 9.34178e-18 0 1.28946e-17 0 1.73324e-17 0 2.27193e-17 0
15.8114 2.68453e-14 2.68452e-14 9.9094e-20 3.69129e-06 0.000207272 8.65211e-29 7.46449e-24 7.15833e-26 1.19648e-22 2.56501e-23 2.50698e-21 5.65658e-22 1.64241e-20 4.41868e-21 6.42194e-20 2.00371e-20 1.86815e-19 6.59549e-20 4.47817e-19 1.75363e-19 9.38299e-19 3.98196e-19 1.77718e-18 8.06942e-19 3.11491e-18 1.51289e-18 0 2.61376e-18 0 4.28575e-18 0 6.6973e-18 0 1.01152e-17 0 1.46502e-17 0 2.08126e-17 0 2.84759e-17 0 3.86921e-17 0 5.12628e-17 0 6.6313e-17 0
16.623 2.5098e-14 2.5098e-14 8.11116e-20 3.23179e-06 0.000204577 8.91492e-28 3.22837e-23 5.31317e-25 4.82814e-22 1.42864e-22 9.31464e-21 2.7089e-21 5.77034e-20 1.91401e-20 2.16046e-19 8.06178e-20 6.06433e-19 2.50369e-19 1.41024e-18 6.34653e-19 2.87753e-18 1.38455e-18 5.32389e-18 2.71066e-18 9.1372e-18 4.92847e-18 0 8.29046e-18 0 1.32695e-17 0 2.0289e-17 0 3.00326e-17 0 4.27177e-17 0 5.96547e-17 0 8.03803e-17 0 1.07595e-16 0 1.40607e-16 0 1.79616e-16 0
17.4762 2.34045e-14 2.34044e-14 6.47793e-20 2.76781e-06 0.000201999 8.05024e-27 1.29724e-22 3.51194e-24 1.81294e-21 7.18611e-22 3.2259e-20 1.18025e-20 1.8918e-19 7.57994e-20 6.78855e-19 2.97621e-19 1.84014e-18 8.7455e-19 4.15426e-18 2.11844e-18 8.26038e-18 4.44885e-18 1.49381e-17 8.42891e-18 2.51191e-17 1.48844e-17 0 2.44101e-17 0 3.81832e-17 0 5.71841e-17 0 8.30406e-17 0 1.16101e-16 0 1.59511e-16 0 2.11823e-16 0 2.79533e-16 0 3.60557e-16 0 4.55113e-16 0
18.3733 2.20398e-14 2.20398e-14 5.51572e-20 2.50262e-06 0.000200051 6.49091e-26 4.91663e-22 2.10455e-23 6.43071e-21 3.32106e-21 1.05712e-19 4.75786e-20 5.87511e-19 2.79041e-19 2.02237e-18 1.02486e-18 5.29805e-18 2.85713e-18 1.162e-17 6.62831e-18 2.25309e-17 1.34246e-17 3.98502e-17 2.46533e-17 6.56919e-17 4.23425e-17 0 6.77838e-17 0 1.03739e-16 0 1.52328e-16 0 2.17213e-16 0 2.98761e-16 0 4.04152e-16 0 5.29312e-16 0 6.89114e-16 0 8.77879e-16 0 1.09558e-15 0
19.3164 2.06043e-14 2.06043e-14 4.50401e-20 2.18595e-06 0.000198001 4.62167e-25 1.73244e-21 1.12996e-22 2.12385e-20 1.39271e-20 3.23063e-19 1.75205e-19 1.70338e-18 9.42529e-19 5.62972e-18 3.24867e-18 1.42648e-17 8.61453e-18 3.04165e-17 1.91805e-17 5.75491e-17 3.75313e-17 9.96123e-17 6.69081e-17 1.61071e-16 1.11921e-16 0 1.75099e-16 0 2.62468e-16 0 3.78242e-16 0 5.30092e-16 0 7.17845e-16 0 9.5685e-16 0 1.23678e-15 0 1.58956e-15 0 2.00118e-15 0 2.47056e-15 0
20.3079 1.92314e-14 1.92314e-14 3.60973e-20 1.877e-06 0.000196072 2.93925e-24 5.7221e-21 5.4941e-22 6.5846e-20 5.35318e-20 9.28259e-19 5.95125e-19 4.6482e-18 2.94902e-18 1.47629e-17 9.56864e-18 3.62088e-17 2.41935e-17 7.51143e-17 5.18029e-17 1.38769e-16 9.80966e-17 2.3521e-16 1.70012e-16 3.73274e-16 2.77335e-16 0 4.24509e-16 0 6.23873e-16 0 8.83164e-16 0 1.21749e-15 0 1.62449e-15 0 2.13519e-15 0 2.72547e-15 0 3.46023e-15 0 4.30757e-15 0 5.2635e-15 0
21.3503 1.81074e-14 1.81073e-14 3.06848e-20 1.6946e-06 0.000194593 1.69618e-23 1.79437e-20 2.45595e-21 1.94095e-19 1.91354e-19 2.53975e-18 1.89132e-18 1.20906e-17 8.66759e-18 3.69341e-17 2.65529e-17 8.77548e-17 6.41641e-17 1.77236e-16 1.32374e-16 3.19925e-16 2.42977e-16 5.31326e-16 4.0995e-16 8.28031e-16 6.52949e-16 0 9.78891e-16 0 1.41182e-15 0 1.96497e-15 0 2.66669e-15 0 3.50839e-15 0 4.5502e-15 0 5.73932e-15 0 7.20217e-15 0 8.87045e-15 0 1.07334e-14 0
22.4463 1.69259e-14 1.69259e-14 2.4996e-20 1.47679e-06 0.000193035 8.78636e-23 5.26994e-20 9.9784e-21 5.36595e-19 6.28524e-19 6.52679e-18 5.55485e-18 2.95696e-17 2.36334e-17 8.69543e-17 6.85492e-17 2.00297e-16 1.58662e-16 3.94123e-16 3.15958e-16 6.95565e-16 5.63006e-16 1.13256e-15 9.2595e-16 1.73421e-15 1.44167e-15 0 2.11902e-15 0 3.00203e-15 0 4.11132e-15 0 5.49697e-15 0 7.13578e-15 0 9.13801e-15 0 1.13962e-14 0 1.41432e-14 0 1.7243e-14 0 2.0671e-14 0
23.5984 1.58113e-14 1.58113e-14 2.01039e-20 1.27149e-06 0.000191587 4.13284e-22 1.46247e-19 3.72525e-20 1.40365e-18 1.91677e-18 1.58932e-17 1.52305e-17 6.85934e-17 6.03763e-17 1.94344e-16 1.6625e-16 4.34339e-16 3.6935e-16 8.33235e-16 7.11194e-16 1.43868e-15 1.23203e-15 2.29803e-15 1.97764e-15 3.45932e-15 3.01327e-15 0 4.34651e-15 0 6.05389e-15 0 8.16456e-15 0 1.07626e-14 0 1.37944e-14 0 1.74529e-14 0 2.15324e-14 0 2.64424e-14 0 3.19274e-14 0 3.79376e-14 0
24.8097 1.48853e-14 1.48853e-14 1.70608e-20 1.14615e-06 0.000190463 1.78846e-21 3.87576e-19 1.29402e-19 3.51108e-18 5.49282e-18 3.70592e-17 3.94451e-17 1.52519e-16 1.46197e-16 4.16705e-16 3.83141e-16 9.04268e-16 8.18668e-16 1.69247e-15 1.52674e-15 2.86078e-15 2.57483e-15 4.4854e-15 4.03867e-15 6.6415e-15 6.02837e-15 0 8.54151e-15 0 1.17059e-14 0 1.55582e-14 0 2.02341e-14 0 2.56217e-14 0 3.20468e-14 0 3.91341e-14 0 4.75784e-14 0 5.69213e-14 0 6.70693e-14 0
26.0832 1.39122e-14 1.39122e-14 1.38627e-20 9.96441e-07 0.000189269 7.04549e-21 9.68294e-19 4.13604e-19 8.29017e-18 1.46205e-17 8.16788e-17 9.53579e-17 3.20868e-16 3.31532e-16 8.4609e-16 8.28924e-16 1.78414e-15 1.70673e-15 3.26014e-15 3.0875e-15 5.39815e-15 5.07584e-15 8.31263e-15 7.7885e-15 1.21134e-14 1.14004e-14 0 1.58806e-14 0 2.14316e-14 0 2.80917e-14 0 3.60687e-14 0 4.5149e-14 0 5.58574e-14 0 6.75484e-14 0 8.13441e-14 0 9.64695e-14 0 1.12761e-13 0
27.4221 1.30408e-14 1.30408e-14 1.1386e-20 8.73102e-07 0.000188241 2.56331e-20 2.30855e-18 1.23345e-18 1.8703e-17 3.66354e-17 1.72233e-16 2.18038e-16 6.46467e-16 7.13312e-16 1.64662e-15 1.70544e-15 3.37661e-15 3.3898e-15 6.028e-15 5.95727e-15 9.78363e-15 9.55888e-15 1.48054e-14 1.4364e-14 2.12442e-14 2.06378e-14 0 2.82866e-14 0 3.76193e-14 0 4.86627e-14 0 6.17234e-14 0 7.64198e-14 0 9.35677e-14 0 1.12106e-13 0 1.33783e-13 0 1.57343e-13 0 1.8252e-13 0
28.8297 1.22447e-14 1.22447e-14 9.48008e-21 7.7422e-07 0.000187334 8.63695e-20 5.25613e-18 3.43987e-18 4.03434e-17 8.65795e-17 3.47689e-16 4.72309e-16 1.24812e-15 1.45828e-15 3.07349e-15 3.34131e-15 6.13374e-15 6.42224e-15 1.07053e-14 1.09801e-14 1.70417e-14 1.72162e-14 2.53574e-14 2.53612e-14 3.58464e-14 3.57993e-14 0 4.83178e-14 0 6.33711e-14 0 8.09504e-14 0 1.01492e-13 0 1.24354e-13 0 1.5076e-13 0 1.79043e-13 0 2.11826e-13 0 2.47165e-13 0 2.84644e-13 0
30.3095 1.14574e-14 1.14574e-14 7.74044e-21 6.75587e-07 0.000186452 2.69162e-19 1.13912e-17 8.95506e-18 8.2929e-17 1.92551e-16 6.69696e-16 9.66902e-16 2.30145e-15 2.82548e-15 5.48369e-15 6.21709e-15 1.06586e-14 1.15745e-14 1.81991e-14 1.92774e-14 2.84327e-14 2.95696e-14 4.16223e-14 4.27428e-14 5.79972e-14 5.93278e-14 0 7.89101e-14 0 1.02133e-13 0 1.28915e-13 0 1.59852e-13 0 1.93927e-13 0 2.32908e-13 0 2.7429e-13 0 3.2186e-13 0 3.72738e-13 0 4.26308e-13 0
31.8653 1.07219e-14 1.07219e-14 6.27994e-21 5.8571e-07 0.000185642 7.81449e-19 2.36261e-17 2.191e-17 1.63318e-16 4.05567e-16 1.23733e-15 1.88227e-15 4.07461e-15 5.2198e-15 9.40203e-15 1.10516e-14 1.78119e-14 1.99602e-14 2.97733e-14 3.2426e-14 4.56788e-14 4.871e-14 6.58229e-14 6.91549e-14 9.04514e-14 9.4464e-14 0 1.23906e-13 0 1.58364e-13 0 1.97631e-13 0 2.42499e-13 0 2.91429e-13 0 3.46892e-13 0 4.05277e-13 0 4.71865e-13 0 5.42554e-13 0 6.16475e-13 0
33.5009 1.0079e-14 1.0079e-14 5.26457e-21 5.2233e-07 0.000184967 2.13025e-18 4.71852e-17 5.07562e-17 3.10024e-16 8.14756e-16 2.20618e-15 3.50833e-15 6.96851e-15 9.25645e-15 1.5585e-14 1.88935e-14 2.87994e-14 3.31524e-14 4.71578e-14 5.25962e-14 7.1092e-14 7.74553e-14 1.00895e-13 1.081e-13 1.36799e-13 1.45431e-13 0 1.88248e-13 0 2.37733e-13 0 2.93489e-13 0 3.56541e-13 0 4.24654e-13 0 5.01189e-13 0 5.81114e-13 0 6.71586e-13 0 7.66949e-13 0 8.66026e-13 0
35.2205 9.4232e-15 9.42319e-15 4.27023e-21 4.53161e-07 0.00018429 5.41644e-18 8.99945e-17 1.10545e-16 5.62565e-16 1.54959e-15 3.76462e-15 6.21344e-15 1.14166e-14 1.56352e-14 2.47685e-14 3.08207e-14 4.46771e-14 5.26166e-14 7.17126e-14 8.16162e-14 1.06291e-13 1.17941e-13 1.48651e-13 1.61946e-13 1.98957e-13 2.14739e-13 0 2.74482e-13 0 3.42709e-13 0 4.18755e-13 0 5.03908e-13 0 5.95072e-13 0 6.96663e-13 0 8.01946e-13 0 9.20275e-13 0 1.04416e-12 0 1.17208e-12 0
37.0284 8.82039e-15 8.82038e-15 3.46068e-21 3.9235e-07 0.000183683 1.29713e-17 1.65272e-16 2.28485e-16 9.83823e-16 2.81547e-15 6.19821e-15 1.05492e-14 1.80641e-14 2.53761e-14 3.80491e-14 4.83919e-14 6.70437e-14 8.04844e-14 1.05558e-13 1.22196e-13 1.53914e-13 1.73436e-13 2.12223e-13 2.34489e-13 2.80524e-13 3.06676e-13 0 3.87327e-13 0 4.7839e-13 0 5.78852e-13 0 6.90294e-13 0 8.08587e-13 0 9.39372e-13 0 1.07393e-12 0 1.22414e-12 0 1.38039e-12 0 1.54078e-12 0
38.9291 8.30144e-15 8.30144e-15 2.92188e-21 3.51973e-07 0.000183182 2.94717e-17 2.93969e-16 4.51283e-16 1.6678e-15 4.91916e-15 9.90353e-15 1.72803e-14 2.77649e-14 3.98239e-14 5.68263e-14 7.35876e-14 9.78831e-14 1.19387e-13 1.51265e-13 1.77602e-13 2.171e-13 2.47803e-13 2.95285e-13 3.30136e-13 3.85661e-13 4.26148e-13 0 5.32117e-13 0 6.50481e-13 0 7.79791e-13 0 9.21959e-13 0 1.07164e-12 0 1.2359e-12 0 1.40373e-12 0 1.58987e-12 0 1.78232e-12 0 1.97877e-12 0
40.9273 7.75598e-15 7.75598e-15 2.35541e-21 3.0369e-07 0.000182654 6.28997e-17 5.00735e-16 8.43013e-16 2.7097e-15 8.17757e-15 1.51829e-14 2.70173e-14 4.09861e-14 5.97768e-14 8.15785e-14 1.07195e-13 1.37465e-13 1.6985e-13 2.08638e-13 2.4782e-13 2.94912e-13 3.40197e-13 3.95874e-13 4.46926e-13 5.11096e-13 5.69758e-13 0 7.03766e-13 0 8.51917e-13 0 1.01227e-12 0 1.18708e-12 0 1.36971e-12 0 1.56869e-12 0 1.77067e-12 0 1.99332e-12 0 2.22218e-12 0 2.45455e-12 0
43.0281 7.28674e-15 7.28674e-15 1.95365e-21 2.68111e-07 0.000182216 1.2808e-16 8.28579e-16 1.51229e-15 4.27998e-15 1.31294e-14 2.26544e-14 4.09188e-14 5.89428e-14 8.70913e-14 1.14187e-13 1.51786e-13 1.88364e-13 2.35161e-13 2.80958e-13 3.36841e-13 3.91338e-13 4.55305e-13 5.18695e-13 5.90231e-13 6.62262e-13 7.4358e-13 0 9.09049e-13 0 1.0902e-12 0 1.28455e-12 0 1.4947e-12 0 1.71266e-12 0 1.94852e-12 0 2.18644e-12 0 2.44718e-12 0 2.71371e-12 0 2.98296e-12 0
45.2368 6.84171e-15 6.8417e-15 1.6208e-21 2.36901e-07 0.000181815 2.47937e-16 1.32555e-15 2.59506e-15 6.54036e-15 2.02736e-14 3.27401e-14 5.97732e-14 8.21815e-14 1.22614e-13 1.55082e-13 2.07979e-13 2.5062e-13 3.15406e-13 3.67589e-13 4.43926e-13 5.04802e-13 5.91288e-13 6.6097e-13 7.56861e-13 8.34945e-13 9.42813e-13 0 1.14137e-12 0 1.35673e-12 0 1.58584e-12 0 1.83169e-12 0 2.08489e-12 0 2.35712e-12 0 2.6301e-12 0 2.92761e-12 0 3.23014e-12 0 3.53427e-12 0
47.5588 6.40812e-15 6.40812e-15 1.3244e-21 2.06675e-07 0.00018143 4.5655e-16 2.04909e-15 4.26092e-15 9.66395e-15 3.01091e-14 4.58029e-14 8.42067e-14 1.11026e-13 1.66781e-13 2.04251e-13 2.75691e-13 3.23587e-13 4.09679e-13 4.66984e-13 5.67072e-13 6.32607e-13 7.44817e-13 8.18651e-13 9.4196e-13 1.02356e-12 1.16087e-12 0 1.3923e-12 0 1.64111e-12 0 1.90369e-12 0 2.18341e-12 0 2.46957e-12 0 2.77536e-12 0 3.08027e-12 0 3.41082e-12 0 3.74527e-12 0 4.07996e-12 0
50 5.99609e-15 5.99609e-15 1.06806e-21 1.78126e-07 0.00018107 8.0272e-16 3.06909e-15 6.71767e-15 1.38441e-14 4.31473e-14 6.21955e-14 1.14761e-13 1.45729e-13 2.1984e-13 2.61572e-13 3.54589e-13 4.06524e-13 5.16831e-13 5.77582e-13 7.04127e-13 7.72222e-13 9.12605e-13 9.88113e-13 1.14101e-12 1.22331e-12 1.39191e-12 0 1.65466e-12 0 1.93476e-12 0 2.22813e-12 0 2.53849e-12 0 2.85399e-12 0 3.18917e-12 0 3.52159e-12 0 3.88016e-12 0 4.24124e-12 0 4.60101e-12 0
52.5665 5.64207e-15 5.64207e-15 8.98576e-22 1.59263e-07 0.000180777 1.35955e-15 4.48873e-15 1.02565e-14 1.93782e-14 6.01587e-14 8.26146e-14 1.52545e-13 1.87291e-13 2.83092e-13 3.28257e-13 4.46079e-13 5.00803e-13 6.38335e-13 7.00908e-13 8.56635e-13 9.25343e-13 1.0963e-12 1.17127e-12 1.35582e-12 1.43639e-12 1.638e-12 0 1.93084e-12 0 2.24054e-12 0 2.56257e-12 0 2.901e-12 0 3.24298e-12 0 3.60428e-12 0 3.96078e-12 0 4.34349e-12 0 4.72715e-12 0 5.10783e-12 0
55.2648 5.26995e-15 5.26995e-15 7.20389e-22 1.36697e-07 0.000180464 2.19406e-15 6.33522e-15 1.49971e-14 2.61906e-14 8.06855e-14 1.06083e-13 1.9551e-13 2.32914e-13 3.52037e-13 3.98918e-13 5.42542e-13 5.97835e-13 7.62912e-13 8.2468e-13 1.00923e-12 1.0756e-12 1.27613e-12 1.34737e-12 1.56195e-12 1.63739e-12 1.86971e-12 0 2.18636e-12 0 2.51871e-12 0 2.86192e-12 0 3.22036e-12 0 3.58049e-12 0 3.95896e-12 0 4.3306e-12 0 4.72776e-12 0 5.12419e-12 0 5.516e-12 0
58.1015 4.95522e-15 4.95522e-15 5.98829e-22 1.20848e-07 0.000180211 3.4284e-15 8.75975e-15 2.13351e-14 3.47e-14 1.05731e-13 1.33687e-13 2.45365e-13 2.84542e-13 4.29304e-13 4.76612e-13 6.47804e-13 7.02081e-13 8.95903e-13 9.55076e-13 1.16909e-12 1.23122e-12 1.46145e-12 1.52696e-12 1.77123e-12 1.83954e-12 2.10172e-12 0 2.439e-12 0 2.79044e-12 0 3.151e-12 0 3.52533e-12 0 3.89938e-12 0 4.29052e-12 0 4.67283e-12 0 5.07965e-12 0 5.48406e-12 0 5.88227e-12 0
61.0839 4.65564e-15 4.65564e-15 4.9791e-22 1.06948e-07 0.000179981 5.15842e-15 1.17907e-14 2.93598e-14 4.4781e-14 1.34564e-13 1.64295e-13 2.99703e-13 3.39314e-13 5.10256e-13 5.56264e-13 7.54655e-13 8.0594e-13 1.0273e-12 1.08177e-12 1.32326e-12 1.379e-12 1.63628e-12 1.69392e-12 1.96463e-12 2.02369e-12 2.31185e-12 0 2.66348e-12 0 3.02735e-12 0 3.39838e-12 0 3.78138e-12 0 4.16213e-12 0 4.55839e-12 0 4.94402e-12 0 5.35268e-12 0 5.75737e-12 0 6.15444e-12 0
64.2193 4.3611e-15 4.3611e-15 4.05705e-22 9.3028e-08 0.000179758 7.47051e-15 1.54306e-14 3.90585e-14 5.62231e-14 1.66193e-13 1.96668e-13 3.55962e-13 3.94493e-13 5.90508e-13 6.33444e-13 8.56834e-13 9.0323e-13 1.14899e-12 1.19684e-12 1.46186e-12 1.50937e-12 1.78907e-12 1.83709e-12 2.12902e-12 2.17723e-12 2.48553e-12 0 2.84392e-12 0 3.21238e-12 0 3.58587e-12 0 3.96934e-12 0 4.34872e-12 0 4.74176e-12 0 5.12266e-12 0 5.52477e-12 0 5.9215e-12 0 6.30947e-12 0
67.5157 4.08605e-15 4.08605e-15 3.28976e-22 8.05121e-08 0.00017955 1.04648e-14 1.97164e-14 5.04688e-14 6.89614e-14 2.00089e-13 2.30267e-13 4.12927e-13 4.4903e-13 6.68305e-13 7.06732e-13 9.5228e-13 9.92379e-13 1.25885e-12 1.2988e-12 1.58297e-12 1.62114e-12 1.91833e-12 1.95583e-12 2.26362e-12 2.30025e-12 2.62284e-12 0 2.98145e-12 0 3.34787e-12 0 3.71721e-12 0 4.0945e-12 0 4.46603e-12 0 4.8493e-12 0 5.21928e-12 0 5.60841e-12 0 5.99102e-12 0 6.36398e-12 0
70.9813 3.84388e-15 3.84388e-15 2.7576e-22 7.174e-08 0.00017938 1.42572e-14 2.47142e-14 6.3675e-14 8.3032e-14 2.36034e-13 2.64974e-13 4.70194e-13 5.02789e-13 7.43336e-13 7.76235e-13 1.04108e-12 1.074e-12 1.35767e-12 1.38904e-12 1.68831e-12 1.71672e-12 2.02696e-12 2.05374e-12 2.37265e-12 2.39775e-12 2.72959e-12 0 3.08357e-12 0 3.44314e-12 0 3.80366e-12 0 4.17017e-12 0 4.52949e-12 0 4.89867e-12 0 5.25373e-12 0 5.62587e-12 0 5.99057e-12 0 6.345e-12 0
74.6248 3.59479e-15 3.59479e-15 2.22004e-22 6.17571e-08 0.000179204 1.87334e-14 3.01162e-14 7.77724e-14 9.72534e-14 2.70438e-13 2.96976e-13 5.20927e-13 5.48837e-13 8.05371e-13 8.31745e-13 1.10962e-12 1.13461e-12 1.42849e-12 1.45081e-12 1.75767e-12 1.77615e-12 2.0916e-12 2.10775e-12 2.42969e-12 2.44361e-12 2.77631e-12 0 3.11788e-12 0 3.46293e-12 0 3.80717e-12 0 4.15552e-12 0 4.49563e-12 0 4.84372e-12 0 5.17732e-12 0 5.52583e-12 0 5.8663e-12 0 6.19625e-12 0
78.4553 3.37578e-15 3.37578e-15 1.82462e-22 5.40503e-08 0.000179055 2.40148e-14 3.60677e-14 9.30067e-14 1.12027e-13 3.04338e-13 3.27739e-13 5.67797e-13 5.90453e-13 8.59417e-13 8.78975e-13 1.16578e-12 1.18283e-12 1.4825e-12 1.49605e-12 1.80588e-12 1.81501e-12 2.13094e-12 2.1373e-12 2.45751e-12 2.46132e-12 2.79006e-12 0 3.11583e-12 0 3.44318e-12 0 3.76822e-12 0 4.09572e-12 0 4.41421e-12 0 4.739e-12 0 5.04924e-12 0 5.37232e-12 0 5.68704e-12 0 5.9912e-12 0
82.4824 3.17527e-15 3.17527e-15 1.52656e-22 4.80766e-08 0.00017892 3.00017e-14 4.23808e-14 1.08764e-13 1.26699e-13 3.3591e-13 3.55553e-13 6.07962e-13 6.25009e-13 9.01857e-13 9.1458e-13 1.20538e-12 1.21478e-12 1.51512e-12 1.52049e-12 1.82807e-12 1.82873e-12 2.13995e-12 2.13763e-12 2.45099e-12 2.44599e-12 2.7657e-12 0 3.07226e-12 0 3.37878e-12 0 3.68177e-12 0 3.98582e-12 0 4.28039e-12 0 4.57978e-12 0 4.86484e-12 0 5.16084e-12 0 5.44837e-12 0 5.72557e-12 0
86.7162 2.96961e-15 2.96961e-15 1.22683e-22 4.13128e-08 0.000178777 3.63078e-14 4.854e-14 1.23609e-13 1.39773e-13 3.61348e-13 3.76712e-13 6.35406e-13 6.467e-13 9.24703e-13 9.30845e-13 1.21868e-12 1.22101e-12 1.51499e-12 1.51308e-12 1.81144e-12 1.8048e-12 2.10446e-12 2.09484e-12 2.39466e-12 2.38245e-12 2.68652e-12 0 2.96932e-12 0 3.25076e-12 0 3.52777e-12 0 3.80468e-12 0 4.07202e-12 0 4.34285e-12 0 4.59996e-12 0 4.8662e-12 0 5.12415e-12 0 5.37223e-12 0
91.1674 2.79288e-15 2.79288e-15 1.01768e-22 3.64385e-08 0.000178664 4.31046e-14 5.4849e-14 1.38237e-13 1.52241e-13 3.83549e-13 3.94562e-13 6.56213e-13 6.62064e-13 9.37791e-13 9.37999e-13 1.21956e-12 1.21574e-12 1.50027e-12 1.49222e-12 1.77849e-12 1.76588e-12 2.05138e-12 2.03594e-12 2.31988e-12 2.30201e-12 2.58837e-12 0 2.84722e-12 0 3.10368e-12 0 3.35511e-12 0 3.60552e-12 0 3.84649e-12 0 4.08986e-12 0 4.32026e-12 0 4.55822e-12 0 4.78821e-12 0 5.00889e-12 0
95.847 2.6245e-15 2.6245e-15 8.44635e-23 3.21827e-08 0.000178558 4.99403e-14 6.07998e-14 1.51315e-13 1.62796e-13 3.99508e-13 4.06217e-13 6.65961e-13 6.66825e-13 9.35452e-13 9.30516e-13 1.20123e-12 1.1923e-12 1.4631e-12 1.45013e-12 1.72037e-12 1.70317e-12 1.97086e-12 1.9511e-12 2.2158e-12 2.19389e-12 2.45942e-12 0 2.69318e-12 0 2.92382e-12 0 3.14909e-12 0 3.37268e-12 0 3.58717e-12 0 3.80317e-12 0 4.00713e-12 0 4.21727e-12 0 4.41989e-12 0 4.61392e-12 0
100.767 2.46015e-15 2.46015e-15 6.87768e-23 2.79564e-08 0.000178458 5.64367e-14 6.60523e-14 1.62009e-13 1.70749e-13 4.08049e-13 4.10713e-13 6.63603e-13 6.60131e-13 9.17017e-13 9.07884e-13 1.16352e-12 1.15062e-12 1.40388e-12 1.3873e-12 1.63805e-12 1.61768e-12 1.86449e-12 1.84189e-12 2.08462e-12 2.0602e-12 2.30245e-12 0 2.51055e-12 0 2.71506e-12 0 2.91409e-12 0 3.11101e-12 0 3.29937e-12 0 3.48855e-12 0 3.66673e-12 0 3.8499e-12 0 4.02613e-12 0 4.19455e-12 0
105.939 2.3081e-15 2.3081e-15 5.60497e-23 2.4284e-08 0.000178368 6.24878e-14 7.06135e-14 1.70407e-13 1.76376e-13 4.10409e-13 4.09473e-13 6.51982e-13 6.44943e-13 8.87095e-13 8.74743e-13 1.11284e-12 1.09708e-12 1.3308e-12 1.31179e-12 1.54148e-12 1.51918e-12 1.74389e-12 1.71973e-12 1.93959e-12 1.91393e-12 2.13231e-12 0 2.31566e-12 0 2.49518e-12 0 2.66931e-12 0 2.84108e-12 0 3.00493e-12 0 3.16907e-12 0 3.32333e-12 0 3.48155e-12 0 3.63348e-12 0 3.77841e-12 0
111.377 2.17049e-15 2.17049e-15 4.67129e-23 2.15218e-08 0.000178287 6.79582e-14 7.4443e-14 1.76505e-13 1.79817e-13 4.07411e-13 4.03416e-13 6.32997e-13 6.23178e-13 8.48701e-13 8.34056e-13 1.05328e-12 1.03566e-12 1.24898e-12 1.22859e-12 1.43676e-12 1.41357e-12 1.61605e-12 1.59137e-12 1.78852e-12 1.76266e-12 1.9576e-12 0 2.11782e-12 0 2.27416e-12 0 2.42534e-12 0 2.57404e-12 0 2.71553e-12 0 2.85693e-12 0 2.98953e-12 0 3.12527e-12 0 3.25537e-12 0 3.37924e-12 0
117.094 2.02579e-15 2.02579e-15 3.68975e-23 1.82139e-08 0.000178205 7.19548e-14 7.66835e-14 1.78427e-13 1.79282e-13 3.95573e-13 3.89164e-13 6.01796e-13 5.90074e-13 7.95721e-13 7.79783e-13 9.77528e-13 9.59101e-13 1.14993e-12 1.12922e-12 1.3142e-12 1.29121e-12 1.47016e-12 1.44602e-12 1.61946e-12 1.59444e-12 1.76521e-12 0 1.90282e-12 0 2.03666e-12 0 2.1657e-12 0 2.2923e-12 0 2.41245e-12 0 2.53229e-12 0 2.64443e-12 0 2.75901e-12 0 2.86864e-12 0 2.97286e-12 0
123.105 1.91113e-15 1.91113e-15 3.11819e-23 1.63159e-08 0.00017814 7.56124e-14 7.86545e-14 1.79431e-13 1.78146e-13 3.82876e-13 3.74604e-13 5.70978e-13 5.57968e-13 7.45098e-13 7.28473e-13 9.06569e-13 8.87912e-13 1.05844e-12 1.03794e-12 1.2022e-12 1.17987e-12 1.33796e-12 1.31478e-12 1.46733e-12 1.44353e-12 1.59313e-12 0 1.7115e-12 0 1.82627e-12 0 1.93664e-12 0 2.04464e-12 0 2.14692e-12 0 2.24872e-12 0 2.34381e-12 0 2.44079e-12 0 2.53342e-12 0 2.62136e-12 0
129.424 1.79597e-15 1.79597e-15 2.5824e-23 1.43789e-08 0.000178075 7.77846e-14 7.92152e-14 1.7704e-13 1.73968e-13 3.64331e-13 3.54809e-13 5.33162e-13 5.19558e-13 6.87142e-13 6.70536e-13 8.28483e-13 8.10283e-13 9.60401e-13 9.4077e-13 1.08452e-12 1.06345e-12 1.20113e-12 1.17948e-12 1.31179e-12 1.28974e-12 1.419e-12 0 1.51956e-12 0 1.61678e-12 0 1.71004e-12 0 1.80109e-12 0 1.88713e-12 0 1.97261e-12 0 2.05231e-12 0 2.13347e-12 0 2.21087e-12 0 2.28424e-12 0
136.067 1.6846e-15 1.6846e-15 2.1044e-23 1.2492e-08 0.000178014 7.85634e-14 7.85405e-14 1.71871e-13 1.67405e-13 3.41762e-13 3.31544e-13 4.91285e-13 4.77657e-13 6.25766e-13 6.09718e-13 7.48031e-13 7.30782e-13 8.61325e-13 8.43005e-13 9.67308e-13 9.47905e-13 1.06642e-12 1.04664e-12 1.1601e-12 1.1401e-12 1.25056e-12 0 1.33514e-12 0 1.41671e-12 0 1.49476e-12 0 1.5708e-12 0 1.64253e-12 0 1.71365e-12 0 1.77986e-12 0 1.84718e-12 0 1.91129e-12 0 1.97199e-12 0
143.051 1.58158e-15 1.58158e-15 1.71898e-23 1.08688e-08 0.000177959 7.81889e-14 7.692e-14 1.64751e-13 1.59269e-13 3.17131e-13 3.0667e-13 4.4825e-13 4.35018e-13 5.64646e-13 5.49513e-13 6.6952e-13 6.53524e-13 7.66049e-13 7.49283e-13 8.55868e-13 8.38307e-13 9.39498e-13 9.2173e-13 1.01825e-12 1.00039e-12 1.09405e-12 0 1.16473e-12 0 1.23273e-12 0 1.29766e-12 0 1.36078e-12 0 1.42022e-12 0 1.47906e-12 0 1.53376e-12 0 1.58929e-12 0 1.64211e-12 0 1.69205e-12 0
150.394 1.48695e-15 1.48695e-15 1.42693e-23 9.59635e-09 0.000177911 7.67777e-14 7.44917e-14 1.56124e-13 1.49978e-13 2.91432e-13 2.8109e-13 4.05414e-13 3.9288e-13 5.05363e-13 4.91379e-13 5.94667e-13 5.80096e-13 6.76348e-13 6.61251e-13 7.51975e-13 7.36316e-13 8.22104e-13 8.06364e-13 8.87919e-13 8.72181e-13 9.51079e-13 0 1.00982e-12 0 1.06621e-12 0 1.11993e-12 0 1.17207e-12 0 1.22109e-12 0 1.26954e-12 0 1.3145e-12 0 1.36011e-12 0 1.40343e-12 0 1.44434e-12 0
158.114 1.39131e-15 1.39131e-15 1.14185e-23 8.20696e-09 0.000177854 7.39831e-14 7.09324e-14 1.45459e-13 1.38999e-13 2.63752e-13 2.53867e-13 3.61431e-13 3.49873e-13 4.46108e-13 4.33483e-13 5.21176e-13 5.08187e-13 5.89436e-13 5.76114e-13 6.52344e-13 6.38644e-13 7.10459e-13 6.96769e-13 7.64825e-13 7.51204e-13 8.16856e-13 0 8.65131e-13 0 9.11371e-13 0 9.55348e-13 0 9.97957e-13 0 1.03795e-12 0 1.07742e-12 0 1.11401e-12 0 1.15107e-12 0 1.18624e-12 0 1.21942e-12 0
166.23 1.31022e-15 1.31022e-15 9.51456e-24 7.26178e-09 0.000177816 7.07996e-14 6.71979e-14 1.34833e-13 1.28287e-13 2.3787e-13 2.28588e-13 3.21374e-13 3.10849e-13 3.92992e-13 3.81705e-13 4.56021e-13 4.44539e-13 5.13023e-13 5.01352e-13 5.6533e-13 5.5342e-13 6.13483e-13 6.01644e-13 6.58397e-13 6.4667e-13 7.01272e-13 0 7.40965e-13 0 7.78911e-13 0 8.14936e-13 0 8.49786e-13 0 8.82447e-13 0 9.14645e-13 0 9.44456e-13 0 9.74618e-13 0 1.00321e-12 0 1.03016e-12 0
174.763 1.23157e-15 1.23157e-15 7.88195e-24 6.39993e-09 0.00017778 6.67788e-14 6.28446e-14 1.234e-13 1.16998e-13 2.12137e-13 2.03614e-13 2.82802e-13 2.73391e-13 3.42808e-13 3.32879e-13 3.9526e-13 3.85261e-13 4.42458e-13 4.32376e-13 4.85596e-13 4.75377e-13 5.25178e-13 5.1507e-13 5.61998e-13 5.52025e-13 5.97064e-13 0 6.29461e-13 0 6.60376e-13 0 6.8968e-13 0 7.17986e-13 0 7.4448e-13 0 7.70566e-13 0 7.94693e-13 0 8.19079e-13 0 8.42171e-13 0 8.6392e-13 0
183.733 1.15393e-15 1.15393e-15 6.35526e-24 5.50748e-09 0.000177741 6.20393e-14 5.79717e-14 1.11424e-13 1.05348e-13 1.86928e-13 1.79264e-13 2.4608e-13 2.37813e-13 2.95844e-13 2.87248e-13 3.39071e-13 3.30493e-13 3.77787e-13 3.692e-13 4.13042e-13 4.04391e-13 4.45294e-13 4.36774e-13 4.75219e-13 4.66844e-13 5.03658e-13 0 5.29882e-13 0 5.54865e-13 0 5.78511e-13 0 6.01321e-13 0 6.22646e-13 0 6.43618e-13 0 6.62997e-13 0 6.82564e-13 0 7.01077e-13 0 7.185e-13 0
193.164 1.08593e-15 1.08593e-15 5.26431e-24 4.84776e-09 0.000177709 5.72384e-14 5.31746e-14 1.00074e-13 9.44126e-14 1.64068e-13 1.57253e-13 2.13444e-13 2.06244e-13 2.54627e-13 2.47236e-13 2.90191e-13 2.82877e-13 3.21906e-13 3.14633e-13 3.50689e-13 3.43401e-13 3.76946e-13 3.69797e-13 4.01253e-13 3.94248e-13 4.24306e-13 0 4.45527e-13 0 4.65712e-13 0 4.84792e-13 0 5.03174e-13 0 5.2034e-13 0 5.37206e-13 0 5.52775e-13 0 5.68483e-13 0 5.83332e-13 0 5.97297e-13 0
203.079 1.02065e-15 1.02065e-15 4.35184e-24 4.26379e-09 0.000177685 5.21833e-14 4.82502e-14 8.89499e-14 8.3783e-14 1.42705e-13 1.36735e-13 1.83595e-13 1.77404e-13 2.17429e-13 2.11148e-13 2.4649e-13 2.40319e-13 2.72302e-13 2.66202e-13 2.95653e-13 2.89572e-13 3.16902e-13 3.10958e-13 3.3653e-13 3.30723e-13 3.55111e-13 0 3.72188e-13 0 3.88409e-13 0 4.03722e-13 0 4.18459e-13 0 4.32207e-13 0 4.45702e-13 0 4.58148e-13 0 4.70696e-13 0 4.82549e-13 0 4.93688e-13 0
213.503 9.5774e-16 9.5774e-16 3.53836e-24 3.6945e-09 0.000177654 4.7021e-14 4.33147e-14 7.82559e-14 7.36266e-14 1.23014e-13 1.17856e-13 1.56614e-13 1.51354e-13 1.8421e-13 1.7893e-13 2.07796e-13 2.02643e-13 2.28668e-13 2.23601e-13 2.47495e-13 2.42467e-13 2.64587e-13 2.59688e-13 2.80344e-13 2.75571e-13 2.95235e-13 0 3.089e-13 0 3.21865e-13 0 3.34089e-13 0 3.45842e-13 0 3.56795e-13 0 3.67537e-13 0 3.77437e-13 0 3.8741e-13 0 3.96825e-13 0 4.05668e-13 0
224.463 9.00554e-16 9.00554e-16 2.91153e-24 3.23304e-09 0.000177626 4.2055e-14 3.86287e-14 6.84314e-14 6.43364e-14 1.05527e-13 1.0111e-13 1.33035e-13 1.28599e-13 1.55475e-13 1.51063e-13 1.74565e-13 1.70286e-13 1.91401e-13 1.87215e-13 2.06547e-13 2.0241e-13 2.20268e-13 2.16249e-13 2.32894e-13 2.28988e-13 2.44808e-13 0 2.55727e-13 0 2.66073e-13 0 2.75818e-13 0 2.85178e-13 0 2.93894e-13 0 3.02436e-13 0 3.10302e-13 0 3.18221e-13 0 3.25692e-13 0 3.32705e-13 0
235.984 8.46286e-16 8.46286e-16 2.40179e-24 2.83804e-09 0.000177599 3.72561e-14 3.41478e-14 5.93498e-14 5.5777e-14 8.98866e-14 8.61444e-14 1.12276e-13 1.08568e-13 1.30425e-13 1.2677e-13 1.458e-13 1.42274e-13 1.59317e-13 1.55883e-13 1.71448e-13 1.68066e-13 1.82415e-13 1.79139e-13 1.9249e-13 1.89314e-13 2.01984e-13 0 2.10673e-13 0 2.18899e-13 0 2.26638e-13 0 2.34066e-13 0 2.40977e-13 0 2.47745e-13 0 2.53974e-13 0 2.6024e-13 0 2.66149e-13 0 2.71693e-13 0
248.097 7.90766e-16 7.90766e-16 1.89219e-24 2.39286e-09 0.000177568 3.25413e-14 2.9782e-14 5.08142e-14 4.77512e-14 7.56665e-14 7.25419e-14 9.36979e-14 9.06402e-14 1.0823e-13 1.05239e-13 1.20492e-13 1.17622e-13 1.31242e-13 1.28458e-13 1.40868e-13 1.38135e-13 1.49554e-13 1.46914e-13 1.57523e-13 1.54967e-13 1.65021e-13 0 1.71876e-13 0 1.78359e-13 0 1.84453e-13 0 1.90298e-13 0 1.95731e-13 0 2.01049e-13 0 2.0594e-13 0 2.10859e-13 0 2.15494e-13 0 2.1984e-13 0
260.832 7.47252e-16 7.47252e-16 1.6113e-24 2.1563e-09 0.000177552 2.85174e-14 2.6075e-14 4.37025e-14 4.10747e-14 6.40493e-14 6.1432e-14 7.86696e-14 7.6137e-14 9.03895e-14 8.79295e-14 1.00244e-13 9.78944e-14 1.0886e-13 1.06589e-13 1.16559e-13 1.14337e-13 1.23495e-13 1.21353e-13 1.29849e-13 1.2778e-13 1.35821e-13 0 1.41275e-13 0 1.46428e-13 0 1.51269e-13 0 1.55908e-13 0 1.60217e-13 0 1.64433e-13 0 1.68308e-13 0 1.72202e-13 0 1.75871e-13 0 1.79309e-13 0
274.221 7.02048e-16 7.02048e-16 1.3251e-24 1.88747e-09 0.000177536 2.46615e-14 2.2539e-14 3.71322e-14 3.49122e-14 5.36134e-14 5.14496e-14 6.53507e-14 6.32783e-14 7.47135e-14 7.27134e-14 8.256e-14 8.06579e-14 8.94041e-14 8.75715e-14 9.55084e-14 9.37204e-14 1.00999e-13 9.92787e-14 1.06023e-13 1.04364e-13 1.10739e-13 0 1.15042e-13 0 1.19105e-13 0 1.22918e-13 0 1.2657e-13 0 1.29961e-13 0 1.33275e-13 0 1.36321e-13 0 1.3938e-13 0 1.42261e-13 0 1.4496e-13 0
288.297 6.59526e-16 6.59526e-16 1.08257e-24 1.64144e-09 0.00017752 2.11759e-14 1.93524e-14 3.13599e-14 2.95006e-14 4.46487e-14 4.28719e-14 5.40351e-14 5.23491e-14 6.14889e-14 5.98713e-14 6.77169e-14 6.61843e-14 7.31371e-14 7.16651e-14 7.79631e-14 7.65306e-14 8.22981e-14 8.09222e-14 8.62595e-14 8.49349e-14 8.99749e-14 0 9.33622e-14 0 9.65573e-14 0 9.95545e-14 0 1.02423e-13 0 1.05085e-13 0 1.07686e-13 0 1.10074e-13 0 1.12473e-13 0 1.14731e-13 0 1.16845e-13 0
303.095 6.20191e-16 6.20191e-16 8.89763e-25 1.43466e-09 0.000177504 1.80811e-14 1.65287e-14 2.6363e-14 2.48166e-14 3.70441e-14 3.55925e-14 4.45318e-14 4.31659e-14 5.04532e-14 4.91498e-14 5.53873e-14 5.41566e-14 5.96727e-14 5.84939e-14 6.34823e-14 6.23378e-14 6.68999e-14 6.58024e-14 7.00197e-14 6.89647e-14 7.2943e-14 0 7.56061e-14 0 7.81163e-14 0 8.04697e-14 0 8.27205e-14 0 8.48085e-14 0 8.68476e-14 0 8.87196e-14 0 9.05986e-14 0 9.23665e-14 0 9.40218e-14 0
318.653 5.82924e-16 5.82924e-16 7.3318e-25 1.25776e-09 0.000177488 1.53357e-14 1.4027e-14 2.20359e-14 2.07593e-14 3.05842e-14 2.94053e-14 3.65354e-14 3.54346e-14 4.12239e-14 4.01785e-14 4.51208e-14 4.41369e-14 4.84991e-14 4.75591e-14 5.14981e-14 5.05872e-14 5.41853e-14 5.33132e-14 5.66359e-14 5.57987e-14 5.89304e-14 0 6.1019e-14 0 6.29866e-14 0 6.48301e-14 0 6.65925e-14 0 6.82266e-14 0 6.98217e-14 0 7.12856e-14 0 7.27545e-14 0 7.4136e-14 0 7.54292e-14 0
335.009 5.45539e-16 5.45539e-16 5.82371e-25 1.06751e-09 0.000177471 1.28761e-14 1.17866e-14 1.82496e-14 1.72072e-14 2.50378e-14 2.40892e-14 2.97337e-14 2.88542e-14 3.34204e-14 3.25888e-14 3.64776e-14 3.56973e-14 3.91236e-14 3.83797e-14 4.14693e-14 4.07498e-14 4.35689e-14 4.28811e-14 4.5482e-14 4.48224e-14 4.72718e-14 0 4.89e-14 0 5.04329e-14 0 5.18685e-14 0 5.32402e-14 0 5.45116e-14 0 5.57522e-14 0 5.68903e-14 0 5.80319e-14 0 5.91054e-14 0 6.01099e-14 0
352.205 5.15026e-16 5.15026e-16 4.91651e-25 9.54613e-10 0.000177455 1.08462e-14 9.93814e-15 1.51762e-14 1.43224e-14 2.05965e-14 1.983e-14 2.43243e-14 2.36182e-14 2.72418e-14 2.65768e-14 2.9656e-14 2.90336e-14 3.17423e-14 3.11502e-14 3.35895e-14 3.30179e-14 3.52414e-14 3.46956e-14 3.67454e-14 3.62225e-14 3.81514e-14 0 3.94297e-14 0 4.06326e-14 0 4.17586e-14 0 4.2834e-14 0 4.38304e-14 0 4.48024e-14 0 4.56937e-14 0 4.65876e-14 0 4.74278e-14 0 4.82139e-14 0
370.284 4.83802e-16 4.83802e-16 4.02893e-25 8.32765e-10 0.000177439 9.04432e-15 8.29647e-15 1.25032e-14 1.18112e-14 1.67971e-14 1.61835e-14 1.97346e-14 1.91725e-14 2.20269e-14 2.14994e-14 2.39201e-14 2.34276e-14 2.55538e-14 2.50862e-14 2.69988e-14 2.65481e-14 2.82899e-14 2.786e-14 2.94644e-14 2.9053e-14 3.05618e-14 0 3.1559e-14 0 3.24968e-14 0 3.33744e-14 0 3.42122e-14 0 3.49882e-14 0 3.57449e-14 0 3.64387e-14 0 3.71342e-14 0 3.77879e-14 0 3.83993e-14 0
389.291 4.54285e-16 4.54285e-16 3.26842e-25 7.19466e-10 0.000177427 7.50255e-15 6.89072e-15 1.02551e-14 9.69716e-15 1.36462e-14 1.31569e-14 1.59548e-14 1.55089e-14 1.77515e-14 1.73346e-14 1.92329e-14 1.88444e-14 2.05096e-14 2.01414e-14 2.16377e-14 2.12832e-14 2.26448e-14 2.23071e-14 2.35604e-14 2.32375e-14 2.44153e-14 0 2.51918e-14 0 2.59218e-14 0 2.66046e-14 0 2.72563e-14 0 2.78597e-14 0 2.84479e-14 0 2.8987e-14 0 2.95274e-14 0 3.00352e-14 0 3.051e-14 0
409.273 4.27984e-16 4.27984e-16 2.71555e-25 6.34498e-10 0.000177418 6.21614e-15 5.71678e-15 8.40709e-15 7.95768e-15 1.10874e-14 1.06973e-14 1.2904e-14 1.25503e-14 1.43145e-14 1.39847e-14 1.54756e-14 1.51689e-14 1.6475e-14 1.61848e-14 1.73574e-14 1.70783e-14 1.81445e-14 1.78789e-14 1.88596e-14 1.86059e-14 1.95271e-14 0 2.0133e-14 0 2.07025e-14 0 2.12349e-14 0 2.17429e-14 0 2.2213e-14 0 2.26713e-14 0 2.30913e-14 0 2.35121e-14 0 2.39074e-14 0 2.42771e-14 0
430.281 4.01983e-16 4.01983e-16 2.22022e-25 5.52317e-10 0.00017741 5.11299e-15 4.70876e-15 6.84667e-15 6.48725e-15 8.95409e-15 8.64499e-15 1.03766e-14 1.00975e-14 1.14787e-14 1.12192e-14 1.23846e-14 1.21437e-14 1.31635e-14 1.29359e-14 1.38506e-14 1.3632e-14 1.44632e-14 1.42553e-14 1.50194e-14 1.4821e-14 1.55383e-14 0 1.60092e-14 0 1.64516e-14 0 1.6865e-14 0 1.72594e-14 0 1.76244e-14 0 1.798e-14 0 1.83058e-14 0 1.86322e-14 0 1.89388e-14 0 1.92254e-14 0
452.368 3.77697e-16 3.77697e-16 1.8068e-25 4.78371e-10 0.000177402 4.19045e-15 3.86466e-15 5.55922e-15 5.27271e-15 7.21338e-15 6.96905e-15 8.32582e-15 8.10608e-15 9.18594e-15 8.98212e-15 9.892e-15 9.70313e-15 1.04986e-14 1.03203e-14 1.10332e-14 1.08622e-14 1.15095e-14 1.1347e-14 1.19419e-14 1.17868e-14 1.2345e-14 0 1.27107e-14 0 1.30541e-14 0 1.3375e-14 0 1.36811e-14 0 1.39642e-14 0 1.424e-14 0 1.44926e-14 0 1.47457e-14 0 1.49834e-14 0 1.52055e-14 0
475.588 3.55785e-16 3.55785e-16 1.49946e-25 4.21452e-10 0.000177388 3.43035e-15 3.16823e-15 4.51121e-15 4.283e-15 5.81048e-15 5.61735e-15 6.68131e-15 6.50824e-15 7.3534e-15 7.19323e-15 7.90445e-15 7.75625e-15 8.37743e-15 8.23771e-15 8.79404e-15 8.66015e-15 9.16502e-15 9.03787e-15 9.50157e-15 9.38034e-15 9.81527e-15 0 1.00997e-14 0 1.03668e-14 0 1.06163e-14 0 1.08542e-14 0 1.10742e-14 0 1.12885e-14 0 1.14847e-14 0 1.16813e-14 0 1.18658e-14 0 1.20383e-14 0
500 3.34109e-16 3.34109e-16 1.22399e-25 3.66343e-10 0.000177376 2.7897e-15 2.58028e-15 3.63872e-15 3.45805e-15 4.65436e-15 4.50252e-15 5.33299e-15 5.19738e-15 5.85589e-15 5.73063e-15 6.28414e-15 6.1684e-15 6.65143e-15 6.54243e-15 6.97475e-15 6.87038e-15 7.2625e-15 7.16346e-15 7.52346e-15 7.42907e-15 7.7666e-15 0 7.98701e-15 0 8.19389e-15 0 8.38711e-15 0 8.57128e-15 0 8.7416e-15 0 8.90746e-15 0 9.05935e-15 0 9.21145e-15 0 9.35423e-15 0 9.48765e-15 0
525.665 3.13036e-16 3.13036e-16 9.74473e-26 3.11298e-10 0.000177368 2.25611e-15 2.08977e-15 2.92018e-15 2.77787e-15 3.71106e-15 3.59221e-15 4.23803e-15 4.1322e-15 4.64347e-15 4.54589e-15 4.97518e-15 4.88514e-15 5.25948e-15 5.17476e-15 5.5096e-15 5.42854e-15 5.7321e-15 5.65523e-15 5.93381e-15 5.86058e-15 6.12169e-15 0 6.29195e-15 0 6.45173e-15 0 6.60092e-15 0 6.7431e-15 0 6.87456e-15 0 7.00256e-15 0 7.11976e-15 0 7.2371e-15 0 7.34725e-15 0 7.45016e-15 0
552.648 2.95847e-16 2.95847e-16 8.27824e-26 2.79816e-10 0.00017736 1.83484e-15 1.702e-15 2.35782e-15 2.24503e-15 2.97816e-15 2.88451e-15 3.39046e-15 3.30728e-15 3.70723e-15 3.63068e-15 3.96617e-15 3.8956e-15 4.18795e-15 4.12161e-15 4.38297e-15 4.31954e-15 4.55639e-15 4.49627e-15 4.71354e-15 4.65629e-15 4.85987e-15 0 4.99246e-15 0 5.11685e-15 0 5.23297e-15 0 5.34362e-15 0 5.44591e-15 0 5.5455e-15 0 5.63666e-15 0 5.72793e-15 0 5.81359e-15 0 5.89362e-15 0
581.015 2.77775e-16 2.77775e-16 6.73655e-26 2.42518e-10 0.000177352 1.47822e-15 1.37313e-15 1.88673e-15 1.79811e-15 2.36951e-15 2.29632e-15 2.68964e-15 2.62479e-15 2.9353e-15 2.8757e-15 3.13594e-15 3.08106e-15 3.30768e-15 3.25613e-15 3.45863e-15 3.40938e-15 3.59281e-15 3.54615e-15 3.71437e-15 3.66996e-15 3.82753e-15 0 3.93004e-15 0 4.02619e-15 0 4.11593e-15 0 4.20143e-15 0 4.28046e-15 0 4.35739e-15 0 4.42781e-15 0 4.4983e-15 0 4.56445e-15 0 4.62625e-15 0
610.839 2.61472e-16 2.61472e-16 5.53311e-26 2.11614e-10 0.00017735 1.19072e-15 1.1076e-15 1.51015e-15 1.4405e-15 1.88639e-15 1.82914e-15 2.13535e-15 2.08474e-15 2.32618e-15 2.27973e-15 2.48192e-15 2.43919e-15 2.61517e-15 2.57505e-15 2.73223e-15 2.69392e-15 2.83625e-15 2.79997e-15 2.93045e-15 2.89594e-15 3.01814e-15 0 3.09754e-15 0 3.17201e-15 0 3.24151e-15 0 3.30771e-15 0 3.36889e-15 0 3.42845e-15 0 3.48295e-15 0 3.5375e-15 0 3.5887e-15 0 3.63651e-15 0
642.193 2.4627e-16 2.4627e-16 4.56791e-26 1.85484e-10 0.000177346 9.57276e-16 8.91654e-16 1.20685e-15 1.15218e-15 1.49993e-15 1.45518e-15 1.69349e-15 1.65401e-15 1.8417e-15 1.80551e-15 1.96258e-15 1.92931e-15 2.06595e-15 2.03474e-15 2.15672e-15 2.12694e-15 2.23736e-15 2.20917e-15 2.31038e-15 2.28356e-15 2.37832e-15 0 2.43984e-15 0 2.49752e-15 0 2.55135e-15 0 2.60261e-15 0 2.64999e-15 0 2.69609e-15 0 2.73828e-15 0 2.78051e-15 0 2.82014e-15 0 2.85714e-15 0
675.157 2.31587e-16 2.31587e-16 3.74099e-26 1.61537e-10 0.000177338 7.6656e-16 7.14948e-16 9.6101e-16 9.18229e-16 1.18873e-15 1.15385e-15 1.33886e-15 1.30814e-15 1.45371e-15 1.42558e-15 1.54732e-15 1.52149e-15 1.62734e-15 1.60312e-15 1.69758e-15 1.67448e-15 1.75997e-15 1.7381e-15 1.81644e-15 1.79565e-15 1.86898e-15 0 1.91654e-15 0 1.96113e-15 0 2.00273e-15 0 2.04235e-15 0 2.07896e-15 0 2.11459e-15 0 2.14719e-15 0 2.17981e-15 0 2.21042e-15 0 2.239e-15 0
709.813 2.17084e-16 2.17084e-16 2.97524e-26 1.37055e-10 0.000177329 6.10515e-16 5.70132e-16 7.61362e-16 7.28046e-16 9.37573e-16 9.10507e-16 1.05356e-15 1.02977e-15 1.14222e-15 1.12046e-15 1.21445e-15 1.19447e-15 1.27616e-15 1.25744e-15 1.33032e-15 1.31246e-15 1.3784e-15 1.36151e-15 1.42192e-15 1.40587e-15 1.4624e-15 0 1.49904e-15 0 1.53338e-15 0 1.56542e-15 0 1.59593e-15 0 1.62412e-15 0 1.65155e-15 0 1.67665e-15 0 1.70176e-15 0 1.72533e-15 0 1.74733e-15 0
746.248 2.04996e-16 2.04996e-16 2.51992e-26 1.22925e-10 0.000177321 4.88809e-16 4.57037e-16 6.06576e-16 5.80476e-16 7.43833e-16 7.22696e-16 8.34053e-16 8.15497e-16 9.0296e-16 8.86005e-16 9.59068e-16 9.43513e-16 1.00699e-15 9.92419e-16 1.04903e-15 1.03515e-15 1.08635e-15 1.07322e-15 1.12012e-15 1.10764e-15 1.15153e-15 0 1.17995e-15 0 1.2066e-15 0 1.23145e-15 0 1.25511e-15 0 1.27697e-15 0 1.29823e-15 0 1.31769e-15 0 1.33716e-15 0 1.35543e-15 0 1.37249e-15 0
784.553 1.92282e-16 1.92282e-16 2.04126e-26 1.0616e-10 0.000177313 3.87973e-16 3.63184e-16 4.79212e-16 4.58928e-16 5.85331e-16 5.68952e-16 6.54994e-16 6.40634e-16 7.08162e-16 6.95053e-16 7.51436e-16 7.39416e-16 7.88382e-16 7.77129e-16 8.2079e-16 8.10068e-16 8.4955e-16 8.39413e-16 8.75571e-16 8.6594e-16 8.99766e-16 0 9.21662e-16 0 9.42182e-16 0 9.6132e-16 0 9.7954e-16 0 9.96372e-16 0 1.01275e-15 0 1.02773e-15 0 1.04272e-15 0 1.05678e-15 0 1.06991e-15 0
824.824 1.80875e-16 1.80875e-16 1.67215e-26 9.24481e-11 0.00017731 3.08253e-16 2.88886e-16 3.79083e-16 3.63292e-16 4.61311e-16 4.48593e-16 5.15226e-16 5.0409e-16 5.56351e-16 5.46192e-16 5.89807e-16 5.80497e-16 6.18363e-16 6.09651e-16 6.43406e-16 6.35107e-16 6.65626e-16 6.57782e-16 6.85726e-16 6.78275e-16 7.04414e-16 0 7.21323e-16 0 7.37168e-16 0 7.51946e-16 0 7.66013e-16 0 7.79007e-16 0 7.91648e-16 0 8.03213e-16 0 8.14783e-16 0 8.25635e-16 0 8.35769e-16 0
867.163 1.70447e-16 1.70447e-16 1.391e-26 8.16089e-11 0.000177307 2.44923e-16 2.29786e-16 2.99965e-16 2.87662e-16 3.63755e-16 3.53871e-16 4.05537e-16 3.96892e-16 4.37388e-16 4.29507e-16 4.63291e-16 4.56072e-16 4.85394e-16 4.7864e-16 5.04773e-16 4.98342e-16 5.21965e-16 5.15888e-16 5.37514e-16 5.31743e-16 5.51969e-16 0 5.65048e-16 0 5.77302e-16 0 5.88729e-16 0 5.99607e-16 0 6.09654e-16 0 6.19427e-16 0 6.28368e-16 0 6.37312e-16 0 6.45701e-16 0 6.53535e-16 0
911.674 1.60087e-16 1.60087e-16 1.13209e-26 7.07172e-11 0.0001773 1.9364e-16 1.81863e-16 2.36242e-16 2.26697e-16 2.85538e-16 2.77886e-16 3.17795e-16 3.11109e-16 3.42373e-16 3.36282e-16 3.62354e-16 3.56776e-16 3.79399e-16 3.74183e-16 3.94341e-16 3.89376e-16 4.07594e-16 4.02903e-16 4.1958e-16 4.15126e-16 4.30721e-16 0 4.408e-16 0 4.50243e-16 0 4.59049e-16 0 4.6743e-16 0 4.75171e-16 0 4.827e-16 0 4.89588e-16 0 4.96478e-16 0 5.0294e-16 0 5.08974e-16 0
958.471 1.5048e-16 1.5048e-16 9.17844e-27 6.09945e-11 0.0001773 1.52984e-16 1.43824e-16 1.85962e-16 1.78558e-16 2.2407e-16 2.18146e-16 2.48984e-16 2.43813e-16 2.67958e-16 2.63249e-16 2.83378e-16 2.79069e-16 2.9653e-16 2.92501e-16 3.08057e-16 3.04222e-16 3.18281e-16 3.14658e-16 3.27525e-16 3.24085e-16 3.36116e-16 0 3.43889e-16 0 3.5117e-16 0 3.57959e-16 0 3.6442e-16 0 3.70388e-16 0 3.76192e-16 0 3.81501e-16 0 3.86812e-16 0 3.91793e-16 0 3.96444e-16 0
1007.67 1.42027e-16 1.42027e-16 7.67078e-27 5.40092e-11 0.000177293 1.21183e-16 1.14036e-16 1.46802e-16 1.41039e-16 1.76368e-16 1.71766e-16 1.95683e-16 1.91668e-16 2.10386e-16 2.06732e-16 2.22332e-16 2.18989e-16 2.32518e-16 2.29394e-16 2.41445e-16 2.38472e-16 2.49361e-16 2.46553e-16 2.56518e-16 2.53853e-16 2.6317e-16 0 2.69186e-16 0 2.74822e-16 0 2.80077e-16 0 2.85078e-16 0 2.89696e-16 0 2.94188e-16 0 2.98297e-16 0 3.02407e-16 0 3.06261e-16 0 3.0986e-16 0
1059.39 1.33441e-16 1.33441e-16 6.2089e-27 4.65292e-11 0.000177285 9.54263e-17 8.98811e-17 1.15228e-16 1.10766e-16 1.38053e-16 1.34496e-16 1.52954e-16 1.49853e-16 1.64292e-16 1.61472e-16 1.73502e-16 1.70922e-16 1.81355e-16 1.78944e-16 1.88235e-16 1.85941e-16 1.94335e-16 1.92169e-16 1.9985e-16 1.97794e-16 2.04975e-16 0 2.0961e-16 0 2.13952e-16 0 2.18e-16 0 2.21853e-16 0 2.2541e-16 0 2.2887e-16 0 2.32035e-16 0 2.352e-16 0 2.38169e-16 0 2.4094e-16 0
1113.77 1.25489e-16 1.25489e-16 5.01597e-27 3.99714e-11 0.00017728 7.51167e-17 7.08137e-17 9.04282e-17 8.69728e-17 1.0806e-16 1.05309e-16 1.19562e-16 1.17166e-16 1.28312e-16 1.26133e-16 1.35418e-16 1.33425e-16 1.41475e-16 1.39613e-16 1.46781e-16 1.45011e-16 1.51486e-16 1.49814e-16 1.55739e-16 1.54152e-16 1.5969e-16 0 1.63264e-16 0 1.66612e-16 0 1.69733e-16 0 1.72703e-16 0 1.75445e-16 0 1.78112e-16 0 1.80551e-16 0 1.82992e-16 0 1.8528e-16 0 1.87416e-16 0
1170.94 1.18577e-16 1.18577e-16 4.22531e-27 3.56334e-11 0.000177279 5.93416e-17 5.59891e-17 7.12331e-17 6.85457e-17 8.49136e-17 8.27768e-17 9.38331e-17 9.19729e-17 1.00616e-16 9.89252e-17 1.06123e-16 1.04577e-16 1.10817e-16 1.09373e-16 1.14928e-16 1.13555e-16 1.18573e-16 1.17277e-16 1.21868e-16 1.20638e-16 1.24929e-16 0 1.27698e-16 0 1.30291e-16 0 1.32708e-16 0 1.35008e-16 0 1.37132e-16 0 1.39197e-16 0 1.41086e-16 0 1.42976e-16 0 1.44748e-16 0 1.46402e-16 0
1231.05 1.11309e-16 1.11309e-16 3.39418e-27 3.04934e-11 0.00017727 4.65179e-17 4.39249e-17 5.56889e-17 5.36137e-17 6.62307e-17 6.45826e-17 7.31e-17 7.16661e-17 7.83223e-17 7.70196e-17 8.25617e-17 8.1371e-17 8.61745e-17 8.50624e-17 8.93387e-17 8.82814e-17 9.21437e-17 9.11455e-17 9.46789e-17 9.37317e-17 9.70343e-17 0 9.91643e-17 0 1.01159e-16 0 1.03019e-16 0 1.04788e-16 0 1.06422e-16 0 1.08011e-16 0 1.09464e-16 0 1.10918e-16 0 1.12281e-16 0 1.13553e-16 0
1294.24 1.05028e-16 1.05028e-16 2.81153e-27 2.67694e-11 0.00017727 3.66152e-17 3.46005e-17 4.37223e-17 4.21123e-17 5.18854e-17 5.06081e-17 5.72022e-17 5.60915e-17 6.12431e-17 6.02343e-17 6.45229e-17 6.3601e-17 6.73175e-17 6.64567e-17 6.9765e-17 6.89467e-17 7.19344e-17 7.11619e-17 7.38951e-17 7.31621e-17 7.57166e-17 0 7.73637e-17 0 7.89063e-17 0 8.03443e-17 0 8.17125e-17 0 8.29758e-17 0 8.42043e-17 0 8.53278e-17 0 8.64515e-17 0 8.75052e-17 0 8.84888e-17 0
1360.67 9.90233e-17 9.90233e-17 2.32709e-27 2.35004e-11 0.000177264 2.87687e-17 2.72054e-17 3.42703e-17 3.30227e-17 4.05849e-17 3.95961e-17 4.46959e-17 4.38364e-17 4.78196e-17 4.70393e-17 5.03547e-17 4.96416e-17 5.25144e-17 5.18488e-17 5.44058e-17 5.3773e-17 5.60821e-17 5.54848e-17 5.7597e-17 5.70304e-17 5.90044e-17 0 6.02769e-17 0 6.14687e-17 0 6.25795e-17 0 6.36365e-17 0 6.46124e-17 0 6.55614e-17 0 6.64292e-17 0 6.72973e-17 0 6.81112e-17 0 6.88709e-17 0
1430.51 9.3159e-17 9.3159e-17 1.89717e-27 2.03648e-11 0.00017726 2.2533e-17 2.13233e-17 2.67813e-17 2.5817e-17 3.16543e-17 3.08907e-17 3.48255e-17 3.41621e-17 3.72346e-17 3.66324e-17 3.91895e-17 3.86393e-17 4.08547e-17 4.03412e-17 4.23129e-17 4.18248e-17 4.36053e-17 4.31446e-17 4.47731e-17 4.43361e-17 4.5858e-17 0 4.68389e-17 0 4.77576e-17 0 4.86138e-17 0 4.94284e-17 0 5.01806e-17 0 5.0912e-17 0 5.15809e-17 0 5.22499e-17 0 5.28771e-17 0 5.34627e-17 0
1503.94 8.75659e-17 8.75659e-17 1.52642e-27 1.74317e-11 0.00017726 1.76178e-17 1.66828e-17 2.08946e-17 2.01501e-17 2.4651e-17 2.40621e-17 2.70948e-17 2.65832e-17 2.89509e-17 2.84866e-17 3.04568e-17 3.00328e-17 3.17395e-17 3.13438e-17 3.28627e-17 3.24865e-17 3.3858e-17 3.35031e-17 3.47575e-17 3.44207e-17 3.55929e-17 0 3.63484e-17 0 3.70558e-17 0 3.77151e-17 0 3.83424e-17 0 3.89216e-17 0 3.94848e-17 0 3.99998e-17 0 4.05149e-17 0 4.09979e-17 0 4.14487e-17 0
1581.14 8.27031e-17 8.27031e-17 1.28139e-27 1.54939e-11 0.00017726 1.3829e-17 1.31033e-17 1.63679e-17 1.57907e-17 1.92771e-17 1.88207e-17 2.11689e-17 2.07727e-17 2.26057e-17 2.22461e-17 2.37712e-17 2.34428e-17 2.47639e-17 2.44574e-17 2.5633e-17 2.53418e-17 2.64032e-17 2.61284e-17 2.70992e-17 2.68385e-17 2.77456e-17 0 2.83301e-17 0 2.88774e-17 0 2.93875e-17 0 2.98728e-17 0 3.03209e-17 0 3.07566e-17 0 3.1155e-17 0 3.15535e-17 0 3.19271e-17 0 3.22759e-17 0
1662.3 7.75916e-17 7.75916e-17 1.02386e-27 1.31955e-11 0.00017726 1.07742e-17 1.02149e-17 1.2728e-17 1.22835e-17 1.49656e-17 1.46144e-17 1.64204e-17 1.61155e-17 1.75249e-17 1.72484e-17 1.84209e-17 1.81684e-17 1.9184e-17 1.89483e-17 1.9852e-17 1.96281e-17 2.0444e-17 2.02327e-17 2.09789e-17 2.07785e-17 2.14757e-17 0 2.19249e-17 0 2.23455e-17 0 2.27375e-17 0 2.31105e-17 0 2.34548e-17 0 2.37896e-17 0 2.40958e-17 0 2.4402e-17 0 2.46891e-17 0 2.4957e-17 0
1747.63 7.32394e-17 7.32394e-17 8.49543e-28 1.15995e-11 0.00017726 8.43899e-18 8.00543e-18 9.95137e-18 9.60706e-18 1.16827e-17 1.14108e-17 1.28079e-17 1.2572e-17 1.36622e-17 1.34482e-17 1.43551e-17 1.41597e-17 1.49452e-17 1.47629e-17 1.54618e-17 1.52885e-17 1.59195e-17 1.57561e-17 1.6333e-17 1.6178e-17 1.67172e-17 0 1.70645e-17 0 1.73896e-17 0 1.76927e-17 0 1.7981e-17 0 1.82472e-17 0 1.85061e-17 0 1.87428e-17 0 1.89795e-17 0 1.92014e-17 0 1.94086e-17 0
1837.33 6.90807e-17 6.90807e-17 7.05582e-28 1.02139e-11 0.000177256 6.60035e-18 6.26461e-18 7.76996e-18 7.50353e-18 9.10835e-18 8.89809e-18 9.97804e-18 9.79564e-18 1.06382e-17 1.04728e-17 1.11736e-17 1.10226e-17 1.16295e-17 1.14886e-17 1.20287e-17 1.18948e-17 1.23823e-17 1.2256e-17 1.27018e-17 1.2582e-17 1.29986e-17 0 1.32668e-17 0 1.35181e-17 0 1.37522e-17 0 1.39749e-17 0 1.41805e-17 0 1.43805e-17 0 1.45633e-17 0 1.47462e-17 0 1.49176e-17 0 1.50776e-17 0
1931.64 6.49707e-17 6.49707e-17 5.7333e-28 8.82444e-12 0.00017725 5.14396e-18 4.8848e-18 6.04575e-18 5.84023e-18 7.0773e-18 6.91519e-18 7.74746e-18 7.60686e-18 8.25612e-18 8.12863e-18 8.66861e-18 8.55222e-18 9.01984e-18 8.91126e-18 9.3273e-18 9.22415e-18 9.59971e-18 9.50239e-18 9.84583e-18 9.75353e-18 1.00744e-17 0 1.02811e-17 0 1.04746e-17 0 1.06549e-17 0 1.08265e-17 0 1.09848e-17 0 1.11388e-17 0 1.12796e-17 0 1.14205e-17 0 1.15525e-17 0 1.16758e-17 0
2030.79 6.11298e-17 6.11298e-17 4.64374e-28 7.59652e-12 0.00017725 4.00799e-18 3.80791e-18 4.70346e-18 4.54488e-18 5.49875e-18 5.37373e-18 6.01532e-18 5.90691e-18 6.40736e-18 6.30907e-18 6.72526e-18 6.63554e-18 6.99594e-18 6.91224e-18 7.23287e-18 7.15335e-18 7.44278e-18 7.36777e-18 7.63243e-18 7.56129e-18 7.80857e-18 0 7.9678e-18 0 8.1169e-18 0 8.25584e-18 0 8.38803e-18 0 8.51006e-18 0 8.62871e-18 0 8.7372e-18 0 8.84571e-18 0 8.94744e-18 0 9.04239e-18 0
2135.03 5.77086e-17 5.77086e-17 3.88462e-28 6.73145e-12 0.000177242 3.13144e-18 2.97649e-18 3.66952e-18 3.54678e-18 4.28466e-18 4.18792e-18 4.68414e-18 4.60027e-18 4.98729e-18 4.91126e-18 5.23309e-18 5.16369e-18 5.44237e-18 5.37764e-18 5.62555e-18 5.56406e-18 5.78784e-18 5.72983e-18 5.93446e-18 5.87945e-18 6.07063e-18 0 6.19373e-18 0 6.30899e-18 0 6.4164e-18 0 6.51859e-18 0 6.61292e-18 0 6.70465e-18 0 6.78851e-18 0 6.87239e-18 0 6.95103e-18 0 7.02443e-18 0
2244.63 5.4202e-17 5.4202e-17 3.1237e-28 5.76308e-12 0.00017724 2.43278e-18 2.31341e-18 2.84692e-18 2.75241e-18 3.32025e-18 3.24579e-18 3.62759e-18 3.56305e-18 3.86079e-18 3.80229e-18 4.04987e-18 3.99648e-18 4.21085e-18 4.16105e-18 4.35175e-18 4.30444e-18 4.47658e-18 4.43195e-18 4.58935e-18 4.54703e-18 4.69408e-18 0 4.78876e-18 0 4.87741e-18 0 4.96002e-18 0 5.03861e-18 0 5.11116e-18 0 5.1817e-18 0 5.2462e-18 0 5.3107e-18 0 5.37118e-18 0 5.42763e-18 0
2359.84 5.10858e-17 5.10858e-17 2.56093e-28 5.01301e-12 0.00017724 1.89555e-18 1.8033e-18 2.21538e-18 2.14237e-18 2.58084e-18 2.52334e-18 2.81809e-18 2.76826e-18 2.99811e-18 2.95294e-18 3.14405e-18 3.10283e-18 3.26831e-18 3.22986e-18 3.37706e-18 3.34054e-18 3.4734e-18 3.43895e-18 3.56044e-18 3.52777e-18 3.64127e-18 0 3.71434e-18 0 3.78275e-18 0 3.8465e-18 0 3.90715e-18 0 3.96315e-18 0 4.01758e-18 0 4.06736e-18 0 4.11714e-18 0 4.16381e-18 0 4.20737e-18 0
2480.97 4.82158e-17 4.82158e-17 2.13839e-28 4.43503e-12 0.000177237 1.47826e-18 1.40687e-18 1.72558e-18 1.66911e-18 2.00811e-18 1.96365e-18 2.19151e-18 2.15298e-18 2.33066e-18 2.29574e-18 2.44346e-18 2.41159e-18 2.53949e-18 2.50977e-18 2.62354e-18 2.59531e-18 2.698e-18 2.67137e-18 2.76526e-18 2.74001e-18 2.82773e-18 0 2.8842e-18 0 2.93707e-18 0 2.98634e-18 0 3.03321e-18 0 3.07648e-18 0 3.11855e-18 0 3.15702e-18 0 3.19549e-18 0 3.23155e-18 0 3.26521e-18 0
2608.32 4.52649e-17 4.52649e-17 1.71256e-28 3.78343e-12 0.00017723 1.14615e-18 1.09121e-18 1.33636e-18 1.29291e-18 1.55361e-18 1.51941e-18 1.69461e-18 1.66498e-18 1.80159e-18 1.77474e-18 1.88831e-18 1.8638e-18 1.96213e-18 1.93928e-18 2.02674e-18 2.00504e-18 2.08398e-18 2.06351e-18 2.13569e-18 2.11627e-18 2.1837e-18 0 2.22711e-18 0 2.26775e-18 0 2.30562e-18 0 2.34165e-18 0 2.37491e-18 0 2.40724e-18 0 2.43681e-18 0 2.46638e-18 0 2.4941e-18 0 2.51998e-18 0
2742.21 4.2729e-17 4.2729e-17 1.42118e-28 3.32603e-12 0.00017723 8.93141e-19 8.50632e-19 1.04022e-18 1.00662e-18 1.20819e-18 1.18174e-18 1.31719e-18 1.29428e-18 1.39988e-18 1.37912e-18 1.46691e-18 1.44797e-18 1.52398e-18 1.50631e-18 1.57392e-18 1.55714e-18 1.61816e-18 1.60233e-18 1.65812e-18 1.64312e-18 1.69524e-18 0 1.72879e-18 0 1.7602e-18 0 1.78947e-18 0 1.81731e-18 0 1.84302e-18 0 1.86801e-18 0 1.89086e-18 0 1.91371e-18 0 1.93514e-18 0 1.95513e-18 0
2882.97 4.02886e-17 4.02886e-17 1.17705e-28 2.92155e-12 0.00017723 6.94881e-19 6.62033e-19 8.08475e-19 7.82517e-19 9.38179e-19 9.17755e-19 1.02234e-18 1.00465e-18 1.08619e-18 1.07016e-18 1.13794e-18 1.12331e-18 1.182e-18 1.16835e-18 1.22055e-18 1.2076e-18 1.25471e-18 1.24249e-18 1.28556e-18 1.27397e-18 1.31421e-18 0 1.34011e-18 0 1.36436e-18 0 1.38695e-18 0 1.40845e-18 0 1.42829e-18 0 1.44758e-18 0 1.46522e-18 0 1.48286e-18 0 1.4994e-18 0 1.51484e-18 0
3030.95 3.79071e-17 3.79071e-17 9.57161e-29 2.52502e-12 0.00017723 5.39262e-19 5.13936e-19 6.26802e-19 6.06793e-19 7.26742e-19 7.11002e-19 7.91588e-19 7.77955e-19 8.40774e-19 8.28422e-19 8.80644e-19 8.69374e-19 9.14583e-19 9.04073e-19 9.44285e-19 9.34303e-19 9.70596e-19 9.61181e-19 9.94363e-19 9.85436e-19 1.01643e-18 0 1.03639e-18 0 1.05506e-18 0 1.07247e-18 0 1.08903e-18 0 1.10431e-18 0 1.11918e-18 0 1.13276e-18 0 1.14635e-18 0 1.15909e-18 0 1.17098e-18 0
3186.53 3.5692e-17 3.5692e-17 7.78744e-29 2.18185e-12 0.000177227 4.18633e-19 3.99095e-19 4.86139e-19 4.70706e-19 5.63197e-19 5.51059e-19 6.13192e-19 6.0268e-19 6.51112e-19 6.41588e-19 6.81849e-19 6.7316e-19 7.08013e-19 6.9991e-19 7.3091e-19 7.23214e-19 7.51193e-19 7.43934e-19 7.69514e-19 7.62632e-19 7.86529e-19 0 8.01908e-19 0 8.16307e-19 0 8.29725e-19 0 8.42489e-19 0 8.54272e-19 0 8.65727e-19 0 8.76202e-19 0 8.86676e-19 0 8.96497e-19 0 9.05663e-19 0
3350.09 3.36725e-17 3.36725e-17 6.47815e-29 1.92387e-12 0.00017722 3.25509e-19 3.10407e-19 3.77665e-19 3.65739e-19 4.37195e-19 4.27817e-19 4.75815e-19 4.67694e-19 5.05106e-19 4.97749e-19 5.28848e-19 5.22136e-19 5.49058e-19 5.42798e-19 5.66743e-19 5.60798e-19 5.82409e-19 5.76803e-19 5.96561e-19 5.91245e-19 6.09702e-19 0 6.21581e-19 0 6.32702e-19 0 6.43066e-19 0 6.52924e-19 0 6.62024e-19 0 6.70872e-19 0 6.78962e-19 0 6.87052e-19 0 6.94637e-19 0 7.01716e-19 0
3522.05 3.15493e-17 3.15493e-17 5.10166e-29 1.61704e-12 0.00017722 2.51275e-19 2.39684e-19 2.91294e-19 2.82142e-19 3.36965e-19 3.2977e-19 3.66593e-19 3.60362e-19 3.89063e-19 3.83418e-19 4.07276e-19 4.02126e-19 4.22778e-19 4.17976e-19 4.36345e-19 4.31784e-19 4.48362e-19 4.4406e-19 4.59217e-19 4.55139e-19 4.69297e-19 0 4.78409e-19 0 4.86939e-19 0 4.94889e-19 0 5.02451e-19 0 5.09431e-19 0 5.16218e-19 0 5.22423e-19 0 5.28628e-19 0 5.34446e-19 0 5.39876e-19 0
3702.84 2.9855e-17 2.9855e-17 4.30897e-29 1.4433e-12 0.00017722 1.95842e-19 1.86857e-19 2.26853e-19 2.1976e-19 2.6224e-19 2.56664e-19 2.85195e-19 2.80367e-19 3.02604e-19 2.9823e-19 3.16714e-19 3.12724e-19 3.28725e-19 3.25004e-19 3.39235e-19 3.35701e-19 3.48545e-19 3.45212e-19 3.56954e-19 3.53795e-19 3.64764e-19 0 3.71822e-19 0 3.78431e-19 0 3.84589e-19 0 3.90447e-19 0 3.95855e-19 0 4.01113e-19 0 4.0592e-19 0 4.10727e-19 0 4.15234e-19 0 4.1944e-19 0
3892.91 2.8147e-17 2.8147e-17 3.56485e-29 1.26651e-12 0.00017722 1.52025e-19 1.45086e-19 1.75965e-19 1.70489e-19 2.03282e-19 1.98978e-19 2.21001e-19 2.17274e-19 2.34439e-19 2.31063e-19 2.4533e-19 2.4225e-19 2.546e-19 2.51728e-19 2.62713e-19 2.59985e-19 2.69898e-19 2.67326e-19 2.76389e-19 2.7395e-19 2.82416e-19 0 2.87865e-19 0 2.92965e-19 0 2.97718e-19 0 3.0224e-19 0 3.06413e-19 0 3.10471e-19 0 3.14181e-19 0 3.17892e-19 0 3.2137e-19 0 3.24617e-19 0
4092.73 2.64902e-17 2.64902e-17 2.89959e-29 1.09459e-12 0.00017722 1.17769e-19 1.12421e-19 1.36218e-19 1.31998e-19 1.57268e-19 1.53951e-19 1.70921e-19 1.68049e-19 1.81274e-19 1.78673e-19 1.89666e-19 1.87293e-19 1.96808e-19 1.94595e-19 2.03059e-19 2.00957e-19 2.08595e-19 2.06613e-19 2.13596e-19 2.11717e-19 2.1824e-19 0 2.22437e-19 0 2.26367e-19 0 2.30029e-19 0 2.33513e-19 0 2.36728e-19 0 2.39855e-19 0 2.42713e-19 0 2.45572e-19 0 2.48252e-19 0 2.50753e-19 0
4302.81 2.4956e-17 2.4956e-17 2.36708e-29 9.48504e-13 0.000177218 9.12984e-20 8.71718e-20 1.0553e-19 1.02274e-19 1.21766e-19 1.19207e-19 1.32296e-19 1.30081e-19 1.40282e-19 1.38275e-19 1.46754e-19 1.44923e-19 1.52262e-19 1.50555e-19 1.57083e-19 1.55462e-19 1.61352e-19 1.59824e-19 1.65209e-19 1.6376e-19 1.68791e-19 0 1.72028e-19 0 1.75059e-19 0 1.77883e-19 0 1.8057e-19 0 1.8305e-19 0 1.85461e-19 0 1.87665e-19 0 1.8987e-19 0 1.91936e-19 0 1.93865e-19 0
4523.68 2.35345e-17 2.35345e-17 1.96148e-29 8.33449e-13 0.00017721 7.08305e-20 6.76435e-20 8.1819e-20 7.93046e-20 9.43546e-20 9.23788e-20 1.02485e-19 1.00774e-19 1.0865e-19 1.071e-19 1.13646e-19 1.12233e-19 1.17899e-19 1.16581e-19 1.21621e-19 1.20369e-19 1.24917e-19 1.23737e-19 1.27894e-19 1.26775e-19 1.30659e-19 0 1.33159e-19 0 1.35498e-19 0 1.37679e-19 0 1.39753e-19 0 1.41667e-19 0 1.43528e-19 0 1.4523e-19 0 1.46932e-19 0 1.48528e-19 0 1.50017e-19 0
4755.88 2.21035e-17 2.21035e-17 1.5694e-29 7.10021e-13 0.00017721 5.47134e-20 5.22622e-20 6.31632e-20 6.12296e-20 7.28021e-20 7.12828e-20 7.90533e-20 7.77379e-20 8.37935e-20 8.26022e-20 8.76352e-20 8.65485e-20 9.09051e-20 8.98918e-20 9.37664e-20 9.28041e-20 9.63008e-20 9.53933e-20 9.859e-20 9.77297e-20 1.00716e-19 0 1.02637e-19 0 1.04436e-19 0 1.06113e-19 0 1.07707e-19 0 1.09179e-19 0 1.1061e-19 0 1.11918e-19 0 1.13227e-19 0 1.14454e-19 0 1.15599e-19 0
5000 2.08755e-17 2.08755e-17 1.3049e-29 6.25088e-13 0.00017721 4.24895e-20 4.05938e-20 4.90232e-20 4.75279e-20 5.64761e-20 5.53013e-20 6.13093e-20 6.02923e-20 6.49743e-20 6.40532e-20 6.79446e-20 6.71043e-20 7.04726e-20 6.96892e-20 7.26848e-20 7.19408e-20 7.46443e-20 7.39427e-20 7.64142e-20 7.5749e-20 7.80578e-20 0 7.95433e-20 0 8.09341e-20 0 8.22301e-20 0 8.34628e-20 0 8.46008e-20 0 8.57072e-20 0 8.67188e-20 0 8.77304e-20 0 8.86787e-20 0 8.95639e-20 0
