# 4.367e-07 0 24 : grain size, compostion index, size index
# Heating and cooling timescale: 968.586 2396.29
# Ratio of heating to cooling to determine stochastic cutoff: 100
# Equilibrium emission is recorded even for those grains in the stochastic regime.
# Emission spectrum was computed for: 
# Type: IRSF
# Scales: 0.5 1 2 5 10
StochasticallyHeated: 1 1 1 1 1
# Temperature: -1
# Wavelength  CExt  CAbs  CSca  Albedo G EqEm1 StEm1 EqEm2 StEm2 EqEm3 StEm3 EqEm4 StEm4 EqEm5 StEm5
0.05 3.17218e-13 3.00281e-13 1.69372e-14 0.0533929 0.0451376 0 0 0 0 0 0 0 0 0 0
0.0525665 3.65713e-13 3.47405e-13 1.83081e-14 0.0500613 0.0402223 0 0 0 0 0 0 0 0 0 0
0.0552647 4.20822e-13 4.01063e-13 1.97594e-14 0.0469544 0.0358013 0 0 0 0 0 0 0 0 0 0
0.0581015 5.30699e-13 5.09728e-13 2.09716e-14 0.0395169 0.0318138 0 0 0 0 0 0 0 0 0 0
0.0610839 7.93576e-13 7.71059e-13 2.25172e-14 0.0283743 0.0280063 0 0 0 0 0 0 0 0 0 0
0.0642193 9.99969e-13 9.74462e-13 2.5506e-14 0.0255068 0.0242671 0 0 0 0 0 0 0 0 0 0
0.0675157 1.19647e-12 1.16561e-12 3.08622e-14 0.0257943 0.020472 0 0 0 0 0 0 0 0 0 0
0.0709813 1.37296e-12 1.33923e-12 3.37362e-14 0.0245718 0.0170154 0 0 0 0 0 0 0 0 0 0
0.0746248 1.28275e-12 1.2512e-12 3.15498e-14 0.0245955 0.0144439 0 0 0 0 0 0 0 0 0 0
0.0784553 1.00915e-12 9.83214e-13 2.59358e-14 0.0257006 0.0127073 0 0 0 0 0 0 0 0 0 0
0.0824824 7.99306e-13 7.80439e-13 1.88675e-14 0.0236049 0.0116735 0 0 0 0 0 0 0 0 0 0
0.0867162 6.68385e-13 6.53774e-13 1.46112e-14 0.0218605 0.0110302 0 0 0 0 0 0 0 0 0 0
0.0911674 5.82815e-13 5.70463e-13 1.23518e-14 0.0211934 0.0105471 0 0 0 0 0 0 0 0 0 0
0.095847 5.20492e-13 5.10533e-13 9.95928e-15 0.0191343 0.0109636 0 0 0 0 0 0 0 0 0 0
0.100767 4.55011e-13 4.48175e-13 6.83652e-15 0.015025 0.0127607 0 0 0 0 0 0 0 0 0 0
0.105939 3.95488e-13 3.90747e-13 4.74057e-15 0.0119866 0.0138409 0 0 0 0 0 0 0 0 0 0
0.111377 3.38218e-13 3.35341e-13 2.87701e-15 0.00850638 0.0158253 0 0 0 0 0 0 0 0 0 0
0.117094 2.86009e-13 2.84234e-13 1.77503e-15 0.0062062 0.0147084 0 0 0 0 0 0 0 0 0 0
0.123105 2.40078e-13 2.3893e-13 1.14873e-15 0.00478483 0.0126515 0 0 0 0 0 0 0 0 0 0
0.129424 2.0172e-13 2.00985e-13 7.34838e-16 0.00364286 0.0106446 0 0 0 0 0 0 0 0 0 0
0.136067 1.8275e-13 1.82276e-13 4.74165e-16 0.00259461 0.00901046 0 0 0 0 0 0 0 0 0 0
0.143051 1.65748e-13 1.65437e-13 3.10526e-16 0.00187348 0.00769136 0 0 0 0 0 0 0 0 0 0
0.150394 1.56487e-13 1.56276e-13 2.10939e-16 0.00134797 0.00657068 0 0 0 0 0 0 0 0 0 0
0.158114 1.54622e-13 1.54463e-13 1.58979e-16 0.00102817 0.00563115 0 0 0 0 0 0 0 0 0 0
0.16623 1.60746e-13 1.606e-13 1.46213e-16 0.000909589 0.00484506 0 0 0 0 0 0 0 0 0 0
0.174762 1.76125e-13 1.7595e-13 1.75209e-16 0.000994798 0.00416961 0 0 0 0 0 0 0 0 0 0
0.183733 2.03542e-13 2.03293e-13 2.48995e-16 0.00122331 0.00355435 0 0 0 0 0 0 0 0 0 0
0.193164 2.52036e-13 2.51642e-13 3.94907e-16 0.00156686 0.00295983 0 0 0 0 0 0 0 0 0 0
0.203079 3.30211e-13 3.29605e-13 6.06233e-16 0.00183589 0.00237373 0 0 0 0 0 0 0 0 0 0
0.213503 4.068e-13 4.06046e-13 7.53929e-16 0.00185332 0.00182528 0 0 0 0 0 0 0 0 0 0
0.224463 3.9057e-13 3.89937e-13 6.33383e-16 0.00162169 0.00135258 0 0 0 0 0 0 0 0 0 0
0.235984 3.01749e-13 3.01319e-13 4.3015e-16 0.00142552 0.000967082 0 0 0 0 0 0 0 0 0 0
0.248097 2.27859e-13 2.27581e-13 2.77614e-16 0.00121836 0.000738796 0 0 0 0 0 0 0 0 0 0
0.260832 1.82332e-13 1.82142e-13 1.90091e-16 0.00104255 0.000760813 0 0 0 0 0 0 0 0 0 0
0.274221 1.55072e-13 1.54935e-13 1.36795e-16 0.000882137 0.00101008 0 0 0 0 0 0 0 0 0 0
0.288297 1.38056e-13 1.37954e-13 1.01787e-16 0.00073729 0.00135814 0 0 0 0 0 0 0 0 0 0
0.303095 1.25085e-13 1.25007e-13 7.83439e-17 0.000626325 0.00152728 0 0 0 0 0 0 0 0 0 0
0.318653 1.09348e-13 1.09287e-13 6.09465e-17 0.000557365 0.00159734 0 0 0 0 0 0 0 0 0 0
0.335009 9.60847e-14 9.60367e-14 4.79677e-17 0.000499223 0.00157347 0 0 0 0 0 0 0 0 0 0
0.352205 8.3881e-14 8.38428e-14 3.82239e-17 0.000455692 0.00149466 0 0 0 0 0 0 0 0 0 0
0.370284 7.27112e-14 7.26804e-14 3.07319e-17 0.000422657 0.00139841 0 0 0 0 0 0 0 0 0 0
0.389291 6.25601e-14 6.25352e-14 2.49003e-17 0.000398023 0.00130451 0 0 0 0 0 0 0 0 0 0
0.409273 5.34264e-14 5.34062e-14 2.02368e-17 0.000378779 0.00121314 0 0 0 0 0 0 0 0 0 0
0.430281 4.52557e-14 4.52392e-14 1.64637e-17 0.000363793 0.0011262 0 0 0 0 0 0 0 0 0 0
0.452368 3.80024e-14 3.7989e-14 1.33925e-17 0.000352413 0.00103621 0 0 0 0 0 0 0 0 0 0
0.475588 3.16231e-14 3.16122e-14 1.09019e-17 0.000344743 0.000949946 0 0 0 0 0 0 0 0 0 0
0.5 2.60769e-14 2.6068e-14 8.89805e-18 0.000341223 0.000867104 0 0 0 0 0 0 0 0 0 0
0.525665 2.12858e-14 2.12785e-14 7.27051e-18 0.000341567 0.000788725 0 0 0 0 0 0 0 0 0 0
0.552647 1.71884e-14 1.71824e-14 5.943e-18 0.000345758 0.000717302 0 0 0 0 0 0 0 0 0 0
0.581015 1.37283e-14 1.37234e-14 4.88168e-18 0.000355592 0.000650893 0 0 0 0 0 0 0 0 0 0
0.610839 1.08376e-14 1.08336e-14 4.01112e-18 0.00037011 0.000590727 0 0 0 0 0 0 0 0 0 0
0.642193 8.44411e-15 8.44082e-15 3.2953e-18 0.000390249 0.000536139 0 0 0 0 0 0 0 0 0 0
0.675157 6.48425e-15 6.48154e-15 2.71037e-18 0.000417993 0.000486822 0 0 0 0 0 0 0 0 0 0
0.709813 4.90165e-15 4.89942e-15 2.23308e-18 0.000455577 0.00044258 0 0 0 0 0 0 0 0 0 0
0.746248 3.62426e-15 3.62242e-15 1.84017e-18 0.000507738 0.00040305 0 0 0 0 0 0 0 0 0 0
0.784553 2.57568e-15 2.57417e-15 1.51594e-18 0.000588558 0.000367147 0 0 0 0 0 0 0 0 0 0
0.824824 1.63941e-15 1.63816e-15 1.24857e-18 0.000761596 0.000334923 0 0 0 0 0 0 0 0 0 0
0.867162 8.40769e-16 8.3974e-16 1.02875e-18 0.00122358 0.000305928 0 0 0 0 0 0 0 0 0 0
0.911674 5.07395e-16 5.06548e-16 8.47179e-19 0.00166966 0.000279696 0 0 0 0 0 0 0 0 0 0
0.95847 3.3847e-16 3.37773e-16 6.97082e-19 0.00205951 0.000256185 0 0 0 0 0 0 0 0 0 0
1.00767 1.53175e-16 1.52601e-16 5.73621e-19 0.00374488 0.000234836 0 0 0 0 0 0 0 0 0 0
1.05939 4.08273e-17 4.03555e-17 4.71832e-19 0.0115568 0.00021547 0 0 0 0 0 0 0 0 0 0
1.11377 1.14447e-17 1.10567e-17 3.87987e-19 0.0339011 0.000197839 0 0 0 0 0 0 0 0 0 0
1.17094 3.94028e-18 3.62138e-18 3.18905e-19 0.0809345 0.000181379 0 0 0 0 0 0 0 0 0 0
1.23105 1.67627e-18 1.41402e-18 2.62245e-19 0.156446 0.000166309 0 0 0 0 0 0 0 0 0 0
1.29424 8.74927e-19 6.59205e-19 2.15721e-19 0.246559 0.000152444 0 0 0 0 0 0 0 0 0 0
1.36067 5.67183e-19 3.89835e-19 1.77349e-19 0.312683 0.000139815 0 0 0 0 0 0 0 0 0 0
1.43051 4.44997e-19 2.99262e-19 1.45735e-19 0.327496 0.000128308 0 0 0 0 0 0 0 0 0 0
1.50394 3.9922e-19 2.7942e-19 1.198e-19 0.300086 0.000117672 0 0 0 0 0 0 0 0 0 0
1.58114 3.87993e-19 2.8951e-19 9.84826e-20 0.253826 0.000107755 0 0 0 0 0 0 0 0 0 1.4013e-45
1.6623 3.95531e-19 3.14564e-19 8.09668e-20 0.204704 9.85558e-05 0 0 0 0 0 0 0 2.8026e-45 0 6.5861e-44
1.74762 4.15526e-19 3.48953e-19 6.65736e-20 0.160215 9.02664e-05 0 0 0 0 0 1.4013e-45 0 7.56701e-44 0 2.05991e-42
1.83733 4.45667e-19 3.90933e-19 5.47333e-20 0.122812 8.26894e-05 0 0 0 2.8026e-45 0 4.76441e-44 0 2.28692e-42 0 5.69053e-41
1.93164 4.85658e-19 4.40677e-19 4.49818e-20 0.0926202 7.57328e-05 0 9.80909e-45 0 1.02295e-43 0 1.38448e-42 0 6.03385e-41 0 1.38192e-39
2.03079 5.36528e-19 4.99568e-19 3.69591e-20 0.0688857 6.92769e-05 0 2.69049e-43 0 2.8054e-42 0 3.54641e-41 0 1.40268e-39 0 2.96451e-38
2.13503 6.0074e-19 5.70349e-19 3.03911e-20 0.0505894 6.33714e-05 0 6.94063e-42 0 6.78929e-41 0 8.03303e-40 0 2.89214e-38 0 5.65339e-37
2.24463 6.82212e-19 6.57233e-19 2.49789e-20 0.0366146 5.79896e-05 0 1.58694e-40 0 1.46059e-39 0 1.62084e-38 0 5.32617e-37 0 9.6506e-36
2.35984 7.88091e-19 7.67569e-19 2.05228e-20 0.0260412 5.30286e-05 0 3.24759e-39 0 2.81818e-38 0 2.93893e-37 0 8.83776e-36 5.60519e-45 1.4875e-34
2.48097 9.3211e-19 9.15251e-19 1.68588e-20 0.0180867 4.84463e-05 0 6.01628e-38 0 4.93455e-37 0 4.84586e-36 0 1.33703e-34 4.17587e-43 2.09475e-33
2.60832 1.14433e-18 1.13047e-18 1.38605e-20 0.0121123 4.42182e-05 0 1.02774e-36 0 7.98829e-36 0 7.40304e-35 2.8026e-45 1.87903e-33 2.69974e-41 2.74586e-32
2.74221 1.49677e-18 1.48538e-18 1.13916e-20 0.0076108 4.03701e-05 0 1.66941e-35 0 1.23292e-34 0 1.08062e-33 2.21405e-43 2.52975e-32 1.51403e-39 3.45483e-31
2.88297 2.21322e-18 2.20386e-18 9.35525e-21 0.00422699 3.68882e-05 0 2.74855e-34 0 1.93356e-33 0 1.60625e-32 1.77124e-41 3.47705e-31 7.88505e-38 4.44624e-30
3.03095 4.36114e-18 4.35346e-18 7.68424e-21 0.00176198 3.37259e-05 0 5.43138e-33 0 3.64765e-32 8.40779e-45 2.87789e-31 1.53681e-39 5.77477e-30 4.53962e-36 6.92705e-29
3.18653 2.23179e-17 2.23115e-17 6.31282e-21 0.00028286 3.07919e-05 0 2.52131e-31 0 1.6195e-30 2.78999e-42 1.21579e-29 2.84122e-37 2.26676e-28 5.68154e-34 2.55517e-27
3.35009 1.2038e-16 1.20375e-16 5.18443e-21 4.30672e-05 2.80941e-05 0 1.12054e-29 5.74532e-44 6.89365e-29 7.90791e-40 4.9324e-28 4.58531e-35 8.56345e-27 6.32651e-32 9.08653e-26
3.52205 7.12657e-18 7.12231e-18 4.25571e-21 0.000597161 2.56393e-05 0 4.98833e-30 2.32616e-43 2.94218e-29 2.0008e-39 2.00917e-28 6.7912e-35 3.25485e-27 6.58331e-32 3.25624e-26
3.70284 3.4735e-18 3.47e-18 3.49488e-21 0.00100616 2.33948e-05 0 1.67705e-29 6.18954e-42 9.48883e-29 3.42788e-38 6.1915e-28 6.99133e-34 9.37655e-27 4.84446e-31 8.85791e-26
3.89291 2.76714e-18 2.76427e-18 2.86903e-21 0.00103682 2.13231e-05 2.10195e-44 8.48816e-29 2.19284e-40 4.60848e-28 7.97253e-37 2.87595e-27 1.00166e-32 4.07844e-26 5.04329e-30 3.64352e-25
4.09273 2.69779e-18 2.69543e-18 2.35492e-21 0.000872909 1.93677e-05 1.16868e-42 4.85916e-28 7.80489e-39 2.53179e-27 1.90158e-35 1.51225e-26 1.50697e-31 2.01129e-25 5.59982e-29 1.70156e-24
4.30281 2.89856e-18 2.89663e-18 1.93255e-21 0.000666727 1.75995e-05 5.83893e-41 2.84188e-27 2.53722e-37 1.42106e-26 4.22427e-34 8.12948e-26 2.15962e-30 1.0155e-24 6.01126e-28 8.14671e-24
4.52368 3.31001e-18 3.30843e-18 1.58642e-21 0.000479279 1.59906e-05 2.53984e-39 1.64226e-26 7.33183e-36 7.88199e-26 8.49815e-33 4.32122e-25 2.86339e-29 5.0768e-24 6.05499e-27 3.86708e-23
4.75588 4.01549e-18 4.01419e-18 1.30177e-21 0.000324187 1.45155e-05 9.70613e-38 9.39628e-26 1.8989e-34 4.32967e-25 1.55959e-31 2.27627e-24 3.53457e-28 2.51859e-23 5.75498e-26 1.82388e-22
5 5.57367e-18 5.5726e-18 1.06789e-21 0.000191596 1.31043e-05 3.54252e-36 5.74612e-25 4.78702e-33 2.5433e-24 2.8332e-30 1.28313e-23 4.40334e-27 1.33889e-22 5.59119e-25 9.22937e-22
5.25665 1.53212e-17 1.53204e-17 8.7623e-22 5.71906e-05 1.18389e-05 2.15629e-34 6.51429e-24 2.04929e-31 2.77171e-23 8.88104e-29 1.34303e-22 9.64153e-26 1.32343e-21 9.66397e-24 8.69471e-21
5.52648 1.31985e-17 1.31978e-17 7.1892e-22 5.44698e-05 1.07069e-05 3.49242e-33 2.17038e-23 2.37482e-30 8.88642e-23 7.65154e-28 4.13947e-22 5.90498e-25 3.85769e-21 4.7264e-23 2.41849e-20
5.81015 2.24041e-17 2.24035e-17 5.89478e-22 2.63112e-05 9.67345e-06 9.54159e-32 1.33895e-22 4.71879e-29 5.28225e-22 1.14681e-26 2.36805e-21 6.39709e-24 2.09024e-20 4.13397e-22 1.25201e-19
6.10839 7.36056e-17 7.36051e-17 4.83212e-22 6.56489e-06 8.70467e-06 4.35172e-30 1.50497e-21 1.58975e-27 5.72916e-21 2.9547e-25 2.47484e-20 1.21035e-22 2.07232e-19 6.38124e-21 1.18739e-18
6.42193 4.91301e-17 4.91297e-17 3.96102e-22 8.06231e-06 7.91161e-06 3.50325e-29 3.24118e-21 9.59443e-27 1.19256e-20 1.3817e-24 4.97046e-20 4.21949e-22 3.95474e-19 1.83307e-20 2.17021e-18
6.75157 4.03798e-17 4.03795e-17 3.2474e-22 8.04214e-06 7.06384e-06 3.0377e-28 8.12114e-21 6.32531e-26 2.89305e-20 7.14652e-24 1.16506e-19 1.65053e-21 8.82273e-19 5.9645e-20 4.64253e-18
7.09813 4.53705e-17 4.53703e-17 2.66085e-22 5.8647e-06 6.32468e-06 3.17072e-27 2.63337e-20 5.08739e-25 9.09876e-20 4.56321e-23 3.54558e-19 8.07982e-21 2.55982e-18 2.45068e-19 1.29312e-17
7.46248 1.04184e-16 1.04184e-16 2.17959e-22 2.09205e-06 5.64408e-06 5.99256e-26 1.65511e-19 7.50371e-24 5.55652e-19 5.40393e-22 2.09832e-18 7.43153e-20 1.44677e-17 1.90815e-18 7.02425e-17
7.84553 1.30454e-16 1.30454e-16 1.78603e-22 1.36908e-06 4.98888e-06 5.50427e-25 5.39031e-19 5.44436e-23 1.7614e-18 3.18194e-21 6.45564e-18 3.44078e-19 4.25794e-17 7.53999e-18 1.98909e-16
8.24824 5.2769e-17 5.27688e-17 1.46304e-22 2.77254e-06 4.37835e-06 1.46379e-24 5.39933e-19 1.15694e-22 1.72024e-18 5.54368e-21 6.12811e-18 4.76932e-19 3.87287e-17 8.98901e-18 1.74261e-16
8.67162 5.65516e-17 5.65515e-17 1.19766e-22 2.11783e-06 3.84934e-06 9.29348e-24 1.3669e-18 5.93403e-22 4.253e-18 2.3539e-20 1.47473e-17 1.62925e-18 8.94451e-17 2.6606e-17 3.88038e-16
9.11674 2.12664e-17 2.12663e-17 9.80421e-23 4.61018e-06 3.37691e-06 1.87508e-23 1.16054e-18 9.77363e-22 3.53182e-18 3.23931e-20 1.1937e-17 1.82309e-18 6.95879e-17 2.59763e-17 2.91352e-16
9.5847 1.76864e-17 1.76863e-17 8.02257e-23 4.53601e-06 2.95131e-06 7.61446e-23 2.08667e-18 3.27221e-21 6.22012e-18 9.14126e-20 2.05183e-17 4.22572e-18 1.15133e-16 5.28857e-17 4.65626e-16
10.0767 1.88279e-17 1.88278e-17 6.5618e-23 3.48515e-06 2.55386e-06 3.61856e-22 4.60724e-18 1.29419e-20 1.34701e-17 3.07295e-19 4.34202e-17 1.17805e-17 2.3483e-16 1.30323e-16 9.18135e-16
10.5939 2.58773e-17 2.58772e-17 5.36302e-23 2.07248e-06 2.17301e-06 2.03876e-21 1.26227e-17 6.12326e-20 3.62414e-17 1.2456e-18 1.14287e-16 3.9964e-17 5.96484e-16 3.93151e-16 2.25633e-15
11.1377 1.3234e-16 1.3234e-16 4.3799e-23 3.30959e-07 1.81984e-06 3.94119e-20 1.23894e-16 1.00254e-18 3.49713e-16 1.76042e-17 1.08001e-15 4.76828e-16 5.44586e-15 4.19542e-15 1.99447e-14
11.7094 6.94944e-17 6.94944e-17 3.61035e-23 5.19517e-07 1.50715e-06 7.24217e-20 1.20424e-16 1.57297e-18 3.34521e-16 2.40145e-17 1.01268e-15 5.53693e-16 4.93848e-15 4.38099e-15 1.75225e-14
12.3105 7.1549e-17 7.1549e-17 2.93559e-23 4.1029e-07 1.17857e-06 2.42462e-19 2.21698e-16 4.53132e-18 6.06625e-16 6.05595e-17 1.80166e-15 1.19795e-15 8.50502e-15 8.56809e-15 2.92534e-14
12.9424 5.84255e-17 5.84254e-17 2.39705e-23 4.10276e-07 8.58696e-07 6.00409e-19 3.1321e-16 9.72625e-18 8.44877e-16 1.14533e-16 2.46364e-15 1.95838e-15 1.12671e-14 1.2724e-14 3.7588e-14
13.6067 4.39835e-17 4.39835e-17 1.95737e-23 4.45023e-07 5.91722e-07 1.28267e-18 3.95316e-16 1.81367e-17 1.05199e-15 1.89345e-16 3.01377e-15 2.81853e-15 1.33626e-14 1.67136e-14 4.32589e-14
14.3051 3.36648e-17 3.36648e-17 1.59706e-23 4.744e-07 3.60275e-07 2.61548e-18 4.92292e-16 3.24958e-17 1.2932e-15 3.02541e-16 3.6419e-15 3.94726e-15 1.56648e-14 2.14585e-14 4.92324e-14
15.0394 2.75075e-17 2.75075e-17 1.3023e-23 4.73434e-07 1.52026e-07 5.36163e-18 6.36017e-16 5.89042e-17 1.65013e-15 4.91807e-16 4.57038e-15 5.66034e-15 1.90806e-14 2.83299e-14 5.82428e-14
15.8114 2.83369e-17 2.83369e-17 1.06193e-23 3.7475e-07 -4.31462e-08 1.30875e-17 1.00806e-15 1.27905e-16 2.58425e-15 9.62801e-16 7.0423e-15 9.83512e-15 2.8549e-14 4.55025e-14 8.46709e-14
16.623 3.95279e-17 3.95279e-17 8.65752e-24 2.19023e-07 -2.397e-07 4.09701e-17 2.10786e-15 3.58229e-16 5.34134e-15 2.44348e-15 1.43258e-14 2.22832e-14 5.64152e-14 9.56649e-14 1.62625e-13
17.4762 3.38673e-17 3.38673e-17 7.05454e-24 2.083e-07 -4.28699e-07 7.48091e-17 2.64074e-15 5.88398e-16 6.61638e-15 3.65433e-15 1.74698e-14 2.99162e-14 6.685e-14 1.19616e-13 1.87365e-13
18.3733 2.22214e-17 2.22214e-17 5.74524e-24 2.58545e-07 -6.07434e-07 9.95883e-17 2.47407e-15 7.08259e-16 6.13046e-15 4.02351e-15 1.59384e-14 2.9725e-14 5.92796e-14 1.11076e-13 1.61595e-13
19.3164 1.86284e-17 1.86284e-17 4.68496e-24 2.51495e-07 -7.90309e-07 1.61646e-16 2.89505e-15 1.0446e-15 7.09571e-15 5.45168e-15 1.81673e-14 3.65295e-14 6.56887e-14 1.27995e-13 1.74217e-13
20.3079 1.58971e-17 1.58971e-17 3.82279e-24 2.4047e-07 -9.97026e-07 2.55472e-16 3.37456e-15 1.50718e-15 8.1821e-15 7.25618e-15 2.06321e-14 4.43087e-14 7.25367e-14 1.46034e-13 1.87228e-13
21.3503 1.37337e-17 1.37337e-17 3.12262e-24 2.2737e-07 -1.14819e-06 3.91806e-16 3.9002e-15 2.11962e-15 9.35557e-15 9.451e-15 2.32356e-14 5.28319e-14 7.94409e-14 1.64277e-13 1.99621e-13
22.4463 1.19116e-17 1.19116e-17 2.55895e-24 2.14827e-07 -1.26889e-06 5.79485e-16 4.43655e-15 2.8869e-15 1.05287e-14 1.19662e-14 2.57552e-14 6.15014e-14 8.56419e-14 1.80933e-13 2.09574e-13
23.5984 1.0349e-17 1.0349e-17 2.10956e-24 2.03842e-07 -1.37976e-06 8.26281e-16 4.95992e-15 3.80599e-15 1.1645e-14 1.47178e-14 2.80566e-14 6.98343e-14 9.07468e-14 1.9491e-13 2.16329e-13
24.8097 9.0023e-18 9.0023e-18 1.75411e-24 1.94851e-07 -1.53107e-06 1.13745e-15 5.45143e-15 4.86282e-15 1.26617e-14 1.7603e-14 3.00448e-14 7.74115e-14 9.45338e-14 2.05506e-13 2.19608e-13
26.0832 7.84305e-18 7.84304e-18 1.47743e-24 1.88375e-07 -1.63091e-06 1.51486e-15 5.89681e-15 6.03286e-15 1.35482e-14 2.05092e-14 3.16604e-14 8.39027e-14 9.69165e-14 2.12383e-13 2.19477e-13
27.4221 6.84838e-18 6.84838e-18 1.2616e-24 1.84219e-07 -1.71081e-06 1.95651e-15 6.28637e-15 7.28335e-15 1.42858e-14 2.33246e-14 3.28747e-14 8.90823e-14 9.79159e-14 2.15515e-13 2.16239e-13
28.8297 5.99333e-18 5.99333e-18 1.09545e-24 1.82778e-07 -1.74193e-06 2.45448e-15 6.60926e-15 8.5692e-15 1.4854e-14 2.5927e-14 3.36581e-14 9.27566e-14 9.75527e-14 2.14955e-13 2.10173e-13
30.3095 5.25643e-18 5.25643e-18 9.62911e-25 1.83187e-07 -1.75535e-06 2.99528e-15 6.85671e-15 9.83815e-15 1.52383e-14 2.82009e-14 3.3996e-14 9.48129e-14 9.58942e-14 2.10918e-13 2.01633e-13
31.8653 4.6203e-18 4.6203e-18 8.46033e-25 1.83112e-07 -1.72694e-06 3.56093e-15 7.02369e-15 1.10365e-14 1.5433e-14 3.00517e-14 3.38959e-14 9.52399e-14 9.30658e-14 2.03796e-13 1.91062e-13
33.5009 4.07183e-18 4.07183e-18 7.42064e-25 1.82243e-07 -1.69502e-06 4.13163e-15 7.11102e-15 1.21176e-14 1.54459e-14 3.14224e-14 3.33947e-14 9.41471e-14 8.92627e-14 1.94162e-13 1.79004e-13
35.2206 3.59581e-18 3.59581e-18 6.35497e-25 1.76733e-07 -1.59922e-06 4.68202e-15 7.11541e-15 1.30295e-14 1.52758e-14 3.22541e-14 3.25085e-14 9.16188e-14 8.46106e-14 1.82445e-13 1.65815e-13
37.0284 3.1816e-18 3.1816e-18 5.37544e-25 1.68954e-07 -1.50394e-06 5.18797e-15 7.03965e-15 1.37346e-14 1.4935e-14 3.25313e-14 3.12818e-14 8.78406e-14 7.92956e-14 1.69204e-13 1.51938e-13
38.9291 2.82067e-18 2.82067e-18 4.46555e-25 1.58315e-07 -1.3735e-06 5.62795e-15 6.88994e-15 1.42088e-14 1.44426e-14 3.2272e-14 2.97711e-14 8.30472e-14 7.35173e-14 1.55008e-13 1.37798e-13
40.9273 2.50558e-18 2.50558e-18 3.6739e-25 1.46629e-07 -1.23441e-06 5.98382e-15 6.67409e-15 1.4441e-14 1.38204e-14 3.15179e-14 2.80357e-14 7.74859e-14 6.74629e-14 1.40371e-13 1.2376e-13
43.0282 2.22911e-18 2.22911e-18 2.99722e-25 1.34458e-07 -1.04954e-06 6.23985e-15 6.39881e-15 1.4427e-14 1.30873e-14 3.03177e-14 2.61256e-14 7.13752e-14 6.12792e-14 1.25692e-13 1.10084e-13
45.2368 1.98597e-18 1.98597e-18 2.43697e-25 1.22709e-07 -8.5065e-07 6.38757e-15 6.07397e-15 1.41791e-14 1.22681e-14 2.87451e-14 2.40993e-14 6.49493e-14 5.51182e-14 1.11353e-13 9.70166e-14
47.5588 1.77214e-18 1.77214e-18 1.97651e-25 1.11533e-07 -5.09414e-07 6.42628e-15 5.71166e-15 1.37237e-14 1.13906e-14 2.68892e-14 2.20185e-14 5.84363e-14 4.91229e-14 9.76788e-14 8.47661e-14
50 1.58336e-18 1.58336e-18 1.60333e-25 1.01261e-07 -1.83043e-07 6.35819e-15 5.32131e-15 1.30886e-14 1.04765e-14 2.48288e-14 1.99287e-14 5.20055e-14 4.3387e-14 8.48712e-14 7.34412e-14
52.5665 1.41621e-18 1.41621e-18 1.29983e-25 9.17827e-08 1.78809e-07 6.19088e-15 4.9126e-15 1.23076e-14 9.54686e-15 2.26424e-14 1.78715e-14 4.57999e-14 3.79857e-14 7.30709e-14 6.31105e-14
55.2648 1.26794e-18 1.26794e-18 1.05398e-25 8.31258e-08 5.01902e-07 5.93687e-15 4.49539e-15 1.14187e-14 8.62204e-15 2.04059e-14 1.58847e-14 3.99363e-14 3.29777e-14 6.23689e-14 5.38105e-14
58.1015 1.13658e-18 1.13658e-18 8.55825e-26 7.52983e-08 7.85806e-07 5.61322e-15 4.07985e-15 1.04631e-14 7.722e-15 1.8191e-14 1.40026e-14 3.45086e-14 2.84086e-14 5.28169e-14 4.55543e-14
61.0839 1.01963e-18 1.01963e-18 6.95195e-26 6.81812e-08 1.01463e-06 5.23446e-15 3.67198e-15 9.47154e-15 6.85783e-15 1.60443e-14 1.22413e-14 2.95531e-14 2.42828e-14 4.43812e-14 3.82895e-14
64.2193 9.15355e-19 9.15355e-19 5.64943e-26 6.17184e-08 1.19438e-06 4.81762e-15 3.27829e-15 8.47556e-15 6.04086e-15 1.40084e-14 1.0616e-14 2.5096e-14 2.06019e-14 3.70193e-14 3.1964e-14
67.5157 8.22372e-19 8.22372e-19 4.59455e-26 5.58695e-08 1.3163e-06 4.37961e-15 2.90433e-15 7.50267e-15 5.28004e-15 1.21157e-14 9.13695e-15 2.11439e-14 1.73569e-14 3.06685e-14 2.65136e-14
70.9813 7.39409e-19 7.39409e-19 3.74031e-26 5.05851e-08 1.38391e-06 3.93544e-15 2.5541e-15 6.57426e-15 4.58092e-15 1.03861e-14 7.80736e-15 1.76836e-14 1.45265e-14 2.52462e-14 2.1861e-14
74.6248 6.65153e-19 6.65153e-19 3.04573e-26 4.57899e-08 1.41066e-06 3.49686e-15 2.22963e-15 5.70437e-15 3.94519e-15 8.82736e-15 6.62375e-15 1.46842e-14 1.20786e-14 2.06541e-14 1.79188e-14
78.4553 5.98621e-19 5.98621e-19 2.48068e-26 4.144e-08 1.39887e-06 3.07426e-15 1.93255e-15 4.9037e-15 3.37358e-15 7.44182e-15 5.58112e-15 1.21115e-14 9.98078e-15 1.67987e-14 1.46051e-14
82.4824 5.3909e-19 5.3909e-19 2.02228e-26 3.75129e-08 1.35428e-06 2.67632e-15 1.66393e-15 4.17951e-15 2.86577e-15 6.22735e-15 4.67289e-15 9.92862e-15 8.20051e-15 1.35911e-14 1.18437e-14
86.7162 4.85696e-19 4.85696e-19 1.64925e-26 3.39564e-08 1.25484e-06 2.30799e-15 1.42323e-15 3.53307e-15 2.41856e-15 5.17395e-15 3.88819e-15 8.09115e-15 6.70037e-15 1.09399e-14 9.55679e-15
91.1674 4.37727e-19 4.37727e-19 1.34514e-26 3.07302e-08 1.13657e-06 1.97251e-15 1.20951e-15 2.96327e-15 2.0282e-15 4.26949e-15 3.21577e-15 6.55654e-15 5.44527e-15 8.76287e-15 7.67449e-15
95.847 3.94613e-19 3.94613e-19 1.09724e-26 2.78053e-08 1.00922e-06 1.67155e-15 1.02151e-15 2.46707e-15 1.6905e-15 3.50063e-15 2.64436e-15 5.28489e-15 4.40279e-15 6.98693e-15 6.13509e-15
100.767 3.55939e-19 3.55939e-19 8.95826e-27 2.5168e-08 8.89001e-07 1.4056e-15 8.57791e-16 2.04028e-15 1.40119e-15 2.85373e-15 2.16316e-15 4.23983e-15 3.54369e-15 5.54844e-15 4.88483e-15
105.939 3.21123e-19 3.21123e-19 7.31319e-27 2.27738e-08 7.32559e-07 1.17304e-15 7.16126e-16 1.67625e-15 1.15485e-15 2.31314e-15 1.76022e-15 3.3854e-15 2.83909e-15 4.38813e-15 3.87352e-15
111.377 2.89765e-19 2.89765e-19 5.96945e-27 2.0601e-08 5.87179e-07 9.71996e-16 5.94503e-16 1.36867e-15 9.4667e-16 1.8649e-15 1.42514e-15 2.69117e-15 2.26464e-15 3.45713e-15 3.05973e-15
117.094 2.61545e-19 2.61545e-19 4.87466e-27 1.8638e-08 4.43395e-07 8.00111e-16 4.90931e-16 1.11116e-15 7.72105e-16 1.49614e-15 1.14848e-15 2.13066e-15 1.79918e-15 2.71417e-15 2.40841e-15
123.105 2.3615e-19 2.3615e-19 3.98392e-27 1.68703e-08 3.151e-07 6.54586e-16 4.03366e-16 8.97338e-16 6.26725e-16 1.19482e-15 9.21482e-16 1.68059e-15 1.42404e-15 2.12402e-15 1.88956e-15
129.424 2.13245e-19 2.13245e-19 3.2588e-27 1.5282e-08 1.95253e-07 5.32347e-16 3.29757e-16 7.20928e-16 5.06306e-16 9.49935e-16 7.36146e-16 1.32069e-15 1.12293e-15 1.65686e-15 1.47766e-15
136.067 1.92579e-19 1.92579e-19 2.6678e-27 1.3853e-08 9.62494e-08 4.30511e-16 2.68278e-16 5.76389e-16 4.07168e-16 7.52063e-16 5.85658e-16 1.03425e-15 8.82365e-16 1.28854e-15 1.15197e-15
143.051 1.73971e-19 1.73971e-19 2.18714e-27 1.25719e-08 3.379e-09 3.46407e-16 2.17299e-16 4.58839e-16 3.26101e-16 5.93199e-16 4.64217e-16 8.07477e-16 6.91191e-16 9.99492e-16 8.95669e-16
150.394 1.57183e-19 1.57183e-19 1.79257e-27 1.14043e-08 -7.1848e-08 2.77376e-16 1.75237e-16 3.63725e-16 2.60115e-16 4.66192e-16 3.66617e-16 6.28536e-16 5.39771e-16 7.73267e-16 6.94528e-16
158.114 1.42022e-19 1.42022e-19 1.46701e-27 1.03294e-08 -1.14968e-07 2.2107e-16 1.40713e-16 2.87168e-16 2.06664e-16 3.65099e-16 2.88515e-16 4.87833e-16 4.20266e-16 5.96739e-16 5.37159e-16
166.23 1.28332e-19 1.28332e-19 1.19981e-27 9.34925e-09 -1.85323e-07 1.75427e-16 1.1253e-16 2.25871e-16 1.63584e-16 2.84996e-16 2.26295e-16 3.77603e-16 3.26304e-16 4.59426e-16 4.14435e-16
174.763 1.15997e-19 1.15997e-19 9.81685e-28 8.463e-09 -2.1529e-07 1.38675e-16 8.96644e-17 1.77076e-16 1.29057e-16 2.21844e-16 1.76979e-16 2.91613e-16 2.52746e-16 3.53018e-16 3.19098e-16
183.733 1.0485e-19 1.0485e-19 8.02823e-28 7.65688e-09 -2.55024e-07 1.09199e-16 7.11764e-17 1.38358e-16 1.01472e-16 1.72183e-16 1.37993e-16 2.2466e-16 1.95276e-16 2.70682e-16 2.45154e-16
193.164 9.47739e-20 9.47739e-20 6.56395e-28 6.92591e-09 -2.8719e-07 8.56766e-17 5.62973e-17 1.07765e-16 7.95242e-17 1.33274e-16 1.07288e-16 1.72684e-16 1.50513e-16 2.07136e-16 1.87953e-16
203.079 8.56774e-20 8.56774e-20 5.36786e-28 6.2652e-09 -3.10996e-07 6.70001e-17 4.43814e-17 8.36988e-17 6.21399e-17 1.02905e-16 8.31994e-17 1.32465e-16 1.15765e-16 1.5823e-16 1.43835e-16
213.503 7.74668e-20 7.74668e-20 4.39146e-28 5.66883e-09 -3.10428e-07 5.22361e-17 3.48792e-17 6.48377e-17 4.84225e-17 7.92771e-17 6.43656e-17 1.01425e-16 8.88642e-17 1.20679e-16 1.09888e-16
224.463 7.00421e-20 7.00421e-20 3.59194e-28 5.12826e-09 -3.64197e-07 4.06027e-17 2.73257e-17 5.00953e-17 3.76286e-17 6.09353e-17 4.96743e-17 7.75106e-17 6.80771e-17 9.18846e-17 8.38056e-17
235.984 6.33278e-20 6.33278e-20 2.93737e-28 4.63836e-09 -3.69955e-07 3.14707e-17 2.13443e-17 3.86095e-17 2.91638e-17 4.67365e-17 3.82482e-17 5.91281e-17 5.20533e-17 6.98504e-17 6.38084e-17
248.097 5.72682e-20 5.72682e-20 2.40339e-28 4.19673e-09 -3.45384e-07 2.43328e-17 1.66285e-17 2.96946e-17 2.25516e-17 3.57814e-17 2.93926e-17 4.50382e-17 3.97378e-17 5.30321e-17 4.85171e-17
260.832 5.17906e-20 5.17906e-20 1.9666e-28 3.79721e-09 -3.49007e-07 1.87681e-17 1.29205e-17 2.27899e-17 1.73985e-17 2.73439e-17 2.25426e-17 3.42534e-17 3.02867e-17 4.02094e-17 3.68383e-17
274.221 4.68353e-20 4.68353e-20 1.60882e-28 3.43505e-09 -3.85877e-07 1.44418e-17 1.00135e-17 1.74547e-17 1.33928e-17 2.08584e-17 1.72552e-17 2.60116e-17 2.30462e-17 3.04463e-17 2.79315e-17
288.297 4.23535e-20 4.23535e-20 1.31595e-28 3.10707e-09 -3.42587e-07 1.10883e-17 7.74176e-18 1.33428e-17 1.02875e-17 1.58844e-17 1.31839e-17 1.9725e-17 1.75102e-17 2.30252e-17 2.11505e-17
303.095 3.83092e-20 3.83092e-20 1.07712e-28 2.81165e-09 -3.3571e-07 8.49793e-18 5.97309e-18 1.01837e-17 7.88838e-18 1.20804e-17 1.00583e-17 1.49415e-17 1.32883e-17 1.73967e-17 1.59999e-17
318.653 3.46495e-20 3.46495e-20 8.8144e-29 2.54388e-09 -3.33876e-07 6.49986e-18 4.59827e-18 7.75911e-18 6.03715e-18 9.17346e-18 7.66098e-18 1.13036e-17 1.00706e-17 1.31292e-17 1.2089e-17
335.009 3.13378e-20 3.13378e-20 7.21125e-29 2.30114e-09 -3.66236e-07 4.96233e-18 3.53245e-18 5.90214e-18 4.61195e-18 6.95603e-18 5.82588e-18 8.54098e-18 7.62207e-18 9.89789e-18 9.12378e-18
352.206 2.83447e-20 2.83447e-20 5.9009e-29 2.08184e-09 -2.76464e-07 3.7823e-18 2.70858e-18 4.48322e-18 3.51756e-18 5.2681e-18 4.42431e-18 6.44693e-18 5.76249e-18 7.45514e-18 6.8793e-18
370.284 2.56403e-20 2.56403e-20 4.83016e-29 1.88382e-09 -2.80136e-07 2.8786e-18 2.07327e-18 3.40105e-18 2.67893e-18 3.98533e-18 3.35576e-18 4.86183e-18 4.35224e-18 5.61077e-18 5.18255e-18
389.291 2.31926e-20 2.31926e-20 3.95272e-29 1.7043e-09 -3.35075e-07 2.18739e-18 1.58412e-18 2.57655e-18 2.03707e-18 3.01125e-18 2.54188e-18 3.66266e-18 3.28349e-18 4.21881e-18 3.90052e-18
409.273 2.09773e-20 2.09773e-20 3.23387e-29 1.54161e-09 -3.77203e-07 1.65969e-18 1.20829e-18 1.94938e-18 1.54672e-18 2.27263e-18 1.92294e-18 2.75655e-18 2.47456e-18 3.1694e-18 2.93292e-18
430.282 1.89767e-20 1.89767e-20 2.64715e-29 1.39495e-09 -3.86241e-07 1.25782e-18 9.20339e-19 1.47339e-18 1.17302e-18 1.7137e-18 1.45329e-18 2.07315e-18 1.86349e-18 2.37959e-18 2.20392e-18
452.368 1.7167e-20 1.7167e-20 2.16679e-29 1.26218e-09 -2.5909e-07 9.52065e-19 6.99975e-19 1.11241e-18 8.88501e-19 1.291e-18 1.09717e-18 1.5579e-18 1.40208e-18 1.78531e-18 1.65486e-18
475.588 1.55289e-20 1.55289e-20 1.77314e-29 1.14183e-09 -1.70661e-07 7.19732e-19 5.31592e-19 8.38939e-19 6.72142e-19 9.716e-19 8.27418e-19 1.16973e-18 1.05397e-18 1.33844e-18 1.2416e-18
500 1.40466e-20 1.40466e-20 1.45081e-29 1.03286e-09 -2.47078e-07 5.43472e-19 4.03167e-19 6.32058e-19 5.07881e-19 7.30572e-19 6.23367e-19 8.77605e-19 7.91636e-19 1.00275e-18 9.3087e-19
525.665 1.27082e-20 1.27082e-20 1.18782e-29 9.34687e-10 -1.76465e-07 4.10024e-19 3.05442e-19 4.75845e-19 3.83427e-19 5.48995e-19 4.693e-19 6.58106e-19 5.94268e-19 7.5093e-19 6.97588e-19
552.648 1.14966e-20 1.14966e-20 9.72239e-30 8.45678e-10 -2.39771e-07 3.09013e-19 2.31112e-19 3.57901e-19 2.89157e-19 4.12198e-19 3.5298e-19 4.93147e-19 4.45758e-19 5.61984e-19 5.22407e-19
581.015 1.03997e-20 1.03997e-20 7.95576e-30 7.64998e-10 3.30508e-08 2.32654e-19 1.74663e-19 2.68951e-19 2.17842e-19 3.09244e-19 2.65258e-19 3.69284e-19 3.34116e-19 4.20322e-19 3.90966e-19
610.838 9.40813e-21 9.40813e-21 6.51146e-30 6.9211e-10 -3.221e-08 1.7502e-19 1.3187e-19 2.01965e-19 1.63978e-19 2.31861e-19 1.99197e-19 2.76389e-19 2.50294e-19 3.14227e-19 2.92455e-19
642.193 8.51178e-21 8.51178e-21 5.33073e-30 6.26277e-10 -3.37807e-07 1.31565e-19 9.94687e-20 1.51564e-19 1.23338e-19 1.73743e-19 1.49491e-19 2.06765e-19 1.87404e-19 2.34817e-19 2.1867e-19
675.157 7.70029e-21 7.70029e-21 4.36293e-30 5.66592e-10 -9.11021e-08 9.8814e-20 7.49518e-20 1.13653e-19 9.26885e-20 1.30103e-19 1.12103e-19 1.54587e-19 1.40227e-19 1.7538e-19 1.63408e-19
709.813 6.96564e-21 6.96564e-21 3.56995e-30 5.12509e-10 -2.60731e-07 7.41553e-20 5.64227e-20 8.51629e-20 6.95971e-20 9.73616e-20 8.40052e-20 1.15511e-19 1.04862e-19 1.30921e-19 1.22046e-19
746.247 6.30213e-21 6.30213e-21 2.92267e-30 4.63759e-10 -3.69847e-07 5.56203e-20 4.24451e-20 6.37858e-20 5.22295e-20 7.28318e-20 6.29216e-20 8.62868e-20 7.83897e-20 9.77082e-20 9.11282e-20
784.553 5.70169e-21 5.70169e-21 2.39254e-30 4.1962e-10 -2.32974e-07 4.16894e-20 3.19035e-20 4.77454e-20 3.91681e-20 5.44526e-20 4.71008e-20 6.4426e-20 5.85706e-20 7.28904e-20 6.80129e-20
824.824 5.15808e-21 5.15808e-21 1.95806e-30 3.79611e-10 1.0995e-07 3.12259e-20 2.396e-20 3.57165e-20 2.9352e-20 4.06886e-20 3.52361e-20 4.80802e-20 4.37394e-20 5.43522e-20 5.07372e-20
867.162 4.66616e-21 4.66616e-21 1.6023e-30 3.43388e-10 -9.44025e-08 2.3374e-20 1.79807e-20 2.67033e-20 2.19819e-20 3.03887e-20 2.63455e-20 3.58662e-20 3.26487e-20 4.05133e-20 3.78344e-20
911.674 4.22188e-21 4.22188e-21 1.31192e-30 3.10744e-10 -4.58467e-07 1.74898e-20 1.34867e-20 1.99582e-20 1.64556e-20 2.26901e-20 1.96918e-20 2.67496e-20 2.43645e-20 3.01931e-20 2.82077e-20
958.471 3.8196e-21 3.8196e-21 1.07388e-30 2.81148e-10 -3.52746e-07 1.30788e-20 1.01084e-20 1.49087e-20 1.23109e-20 1.69334e-20 1.47104e-20 1.99415e-20 1.81738e-20 2.24929e-20 2.10216e-20
1007.67 3.4554e-21 3.4554e-21 8.7878e-31 2.54321e-10 3.09897e-08 9.77473e-21 7.5712e-21 1.11309e-20 9.20469e-21 1.26313e-20 1.09835e-20 1.48601e-20 1.35501e-20 1.67502e-20 1.56601e-20
1059.39 3.12613e-21 3.12613e-21 7.19318e-31 2.30099e-10 3.39541e-07 7.30237e-21 5.66789e-21 8.30754e-21 6.87929e-21 9.41937e-21 8.19795e-21 1.10707e-20 1.01e-20 1.2471e-20 1.16633e-20
1113.77 2.82844e-21 2.82844e-21 5.88914e-31 2.08212e-10 -9.12654e-08 5.45329e-21 4.24101e-21 6.19827e-21 5.13933e-21 7.02218e-21 6.11682e-21 8.24575e-21 7.52637e-21 9.28316e-21 8.68468e-21
1170.94 2.55889e-21 2.55889e-21 4.82008e-31 1.88366e-10 -4.28196e-07 4.07036e-21 3.17143e-21 4.62242e-21 3.83744e-21 5.23289e-21 4.56191e-21 6.13937e-21 5.60634e-21 6.90786e-21 6.46447e-21
1231.05 2.31485e-21 2.31485e-21 3.94421e-31 1.70387e-10 7.2834e-08 3.03669e-21 2.37024e-21 3.44572e-21 2.86393e-21 3.89799e-21 3.40079e-21 4.56948e-21 4.17458e-21 5.1387e-21 4.81025e-21
1294.24 2.09444e-21 2.09444e-21 3.22928e-31 1.54183e-10 -5.03123e-07 2.26504e-21 1.77092e-21 2.56814e-21 2.1369e-21 2.90324e-21 2.53478e-21 3.40072e-21 3.10813e-21 3.8224e-21 3.57906e-21
1360.67 1.89496e-21 1.89496e-21 2.64357e-31 1.39505e-10 -2.37255e-07 1.68881e-21 1.32251e-21 1.9134e-21 1.59378e-21 2.16166e-21 1.88863e-21 2.53021e-21 2.31343e-21 2.84258e-21 2.66231e-21
1430.51 1.71434e-21 1.71434e-21 2.16354e-31 1.26202e-10 3.91401e-07 1.25863e-21 9.87138e-22 1.42502e-21 1.18818e-21 1.60893e-21 1.40664e-21 1.88193e-21 1.72134e-21 2.11329e-21 1.97976e-21
1503.94 1.55089e-21 1.55089e-21 1.77052e-31 1.14161e-10 -9.38317e-07 9.37709e-22 7.36503e-22 1.06097e-21 8.85481e-22 1.1972e-21 1.04734e-21 1.39941e-21 1.28045e-21 1.57077e-21 1.47186e-21
1581.14 1.40327e-21 1.40327e-21 1.44971e-31 1.0331e-10 -4.22281e-07 6.98516e-22 5.49387e-22 7.8984e-22 6.59795e-22 8.9077e-22 7.79725e-22 1.04056e-21 9.52431e-22 1.1675e-21 1.09423e-21
1662.3 1.26958e-21 1.26958e-21 1.18669e-31 9.34707e-11 1.36156e-07 5.20141e-22 4.09628e-22 5.87796e-22 4.9144e-22 6.62561e-22 5.80293e-22 7.73515e-22 7.08231e-22 8.67538e-22 8.13263e-22
1747.63 1.14855e-21 1.14855e-21 9.71122e-32 8.4552e-11 6.6038e-08 3.87179e-22 3.05293e-22 4.37293e-22 3.65908e-22 4.9267e-22 4.31729e-22 5.74849e-22 5.26493e-22 6.44483e-22 6.04285e-22
1837.33 1.03912e-21 1.03912e-21 7.94909e-32 7.6498e-11 1.59739e-07 2.88151e-22 2.27476e-22 3.25273e-22 2.72387e-22 3.66293e-22 3.21148e-22 4.27161e-22 3.91343e-22 4.78737e-22 4.48962e-22
1931.64 9.40189e-22 9.40189e-22 6.50814e-32 6.92217e-11 3.1736e-07 2.14412e-22 1.69454e-22 2.41912e-22 2.02729e-22 2.72298e-22 2.38853e-22 3.17385e-22 2.90852e-22 3.55587e-22 3.33532e-22
2030.79 8.50602e-22 8.50602e-22 5.32687e-32 6.26247e-11 -4.9376e-07 1.59493e-22 1.26184e-22 1.79862e-22 1.50836e-22 2.02369e-22 1.77595e-22 2.35763e-22 2.1611e-22 2.64056e-22 2.47721e-22
2135.03 7.69492e-22 7.69492e-22 4.35887e-32 5.66461e-11 -6.98323e-07 1.18604e-22 9.39293e-23 1.33691e-22 1.1219e-22 1.50359e-22 1.3201e-22 1.7509e-22 1.60535e-22 1.96043e-22 1.83946e-22
2244.63 6.96236e-22 6.96236e-22 3.56887e-32 5.12595e-11 -3.64358e-06 8.81947e-23 6.99135e-23 9.93704e-23 8.34421e-23 1.11717e-22 9.81245e-23 1.30036e-22 1.19254e-22 1.45555e-22 1.36594e-22
2359.84 6.29932e-22 6.29932e-22 2.92165e-32 4.63804e-11 -1.92159e-06 6.55666e-23 5.20231e-23 7.38446e-23 6.20453e-23 8.29898e-23 7.29212e-23 9.65577e-23 8.85719e-23 1.08052e-22 1.01415e-22
2480.97 5.69891e-22 5.69891e-22 2.39113e-32 4.19577e-11 -1.06018e-06 4.87304e-23 3.86981e-23 5.48614e-23 4.61217e-23 6.16345e-23 5.41772e-23 7.16828e-23 6.57684e-23 8.01956e-23 7.52802e-23
2608.32 5.15566e-22 5.15566e-22 1.95684e-32 3.79552e-11 -6.93952e-07 3.62104e-23 2.87794e-23 4.07512e-23 3.4278e-23 4.57673e-23 4.02442e-23 5.32089e-23 4.88287e-23 5.95132e-23 5.5873e-23
2742.21 4.66492e-22 4.66492e-22 1.60225e-32 3.43468e-11 -1.28815e-06 2.69067e-23 2.14017e-23 3.02702e-23 2.5475e-23 3.39856e-23 2.98945e-23 3.94976e-23 3.62531e-23 4.41671e-23 4.14707e-23
2882.96 4.22055e-22 4.22055e-22 1.31156e-32 3.10755e-11 -1.26732e-06 1.99886e-23 1.59108e-23 2.24797e-23 1.8928e-23 2.52316e-23 2.22014e-23 2.93139e-23 2.69109e-23 3.27721e-23 3.07752e-23
3030.95 3.81819e-22 3.81819e-22 1.07331e-32 2.81105e-11 1.23102e-06 1.48456e-23 1.18254e-23 1.66905e-23 1.406e-23 1.87285e-23 1.64843e-23 2.17516e-23 1.9972e-23 2.43126e-23 2.28338e-23
3186.53 3.45448e-22 3.45448e-22 8.78583e-33 2.54332e-11 1.1884e-06 1.10252e-23 8.78811e-24 1.23917e-23 1.04433e-23 1.3901e-23 1.22388e-23 1.614e-23 1.4822e-23 1.80367e-23 1.69414e-23
3350.09 3.12558e-22 3.12558e-22 7.1931e-33 2.30136e-11 -1.21118e-06 8.1873e-24 6.53018e-24 9.19938e-24 7.75621e-24 1.03173e-23 9.08616e-24 1.19756e-23 1.09994e-23 1.33804e-23 1.25692e-23
3522.05 2.82777e-22 2.82777e-22 5.88751e-33 2.08203e-11 -7.01466e-06 6.07856e-24 4.85119e-24 6.82812e-24 5.75925e-24 7.65604e-24 6.74425e-24 8.88418e-24 8.1612e-24 9.92454e-24 9.32375e-24
3702.84 2.55812e-22 2.55812e-22 4.81762e-33 1.88326e-11 -3.89003e-06 4.512e-24 3.60302e-24 5.06708e-24 4.27551e-24 5.68018e-24 5.00495e-24 6.58964e-24 6.05426e-24 7.36005e-24 6.91515e-24
3892.91 2.31461e-22 2.31461e-22 3.94453e-33 1.70419e-11 -2.87485e-07 3.3494e-24 2.6761e-24 3.76052e-24 3.17421e-24 4.21463e-24 3.7145e-24 4.88823e-24 4.49168e-24 5.45883e-24 5.12931e-24
4092.73 2.09418e-22 2.09418e-22 3.22918e-33 1.54197e-11 2.48617e-06 2.48596e-24 1.98726e-24 2.79046e-24 2.3562e-24 3.12678e-24 2.75636e-24 3.62566e-24 3.33197e-24 4.04825e-24 3.80421e-24
4302.81 1.8946e-22 1.8946e-22 2.64282e-33 1.39492e-11 -2.5119e-06 1.84476e-24 1.47542e-24 2.07026e-24 1.74866e-24 2.31933e-24 2.04501e-24 2.68878e-24 2.47129e-24 3.00174e-24 2.82101e-24
4523.68 1.714e-22 1.714e-22 2.16281e-33 1.26185e-11 -1.15211e-05 1.36877e-24 1.09525e-24 1.53577e-24 1.2976e-24 1.72022e-24 1.51706e-24 1.99381e-24 1.83274e-24 2.22556e-24 2.09172e-24
4755.88 1.55086e-22 1.55086e-22 1.77091e-33 1.14189e-11 -3.63514e-06 1.01567e-24 8.13065e-25 1.13935e-24 9.62945e-25 1.27597e-24 1.1255e-24 1.4786e-24 1.35931e-24 1.65025e-24 1.55112e-24
5000 1.40313e-22 1.40313e-22 1.44961e-33 1.03313e-11 -1.4758e-06 7.53517e-25 6.03465e-25 8.45121e-25 7.1447e-25 9.46296e-25 8.34858e-25 1.09637e-24 1.00802e-24 1.22349e-24 1.15008e-24
