# 8.9125e-07 1 56 : grain size, compostion index, size index
# Heating and cooling timescale: 323.36 2558.91
# Ratio of heating to cooling to determine stochastic cutoff: 100
# Equilibrium emission is recorded even for those grains in the stochastic regime.
# Emission spectrum was computed for: 
# Type: IRSF
# Scales: 0.25 0.5 1 1.5 2 2.5 3 3.5 4 4.5 5 5.5 6 6.5 7 7.5 8 8.5 9 9.5 10
# StochasticallyHeated: 1 1 1 1 1 1 1 1 1 1 1 1 1 1 1 1 1 1 1 1 1
# Temperature: -1
# Wavelength  CExt  CAbs  CSca  Albedo G EqEm1 StEm1 EqEm2 StEm2 EqEm3 StEm3 EqEm4 StEm4 EqEm5 StEm5 EqEm6 StEm6 EqEm7 StEm7 EqEm8 StEm8 EqEm9 StEm9 EqEm10 StEm10 EqEm11 StEm11 EqEm12 StEm12 EqEm13 StEm13 EqEm14 StEm14 EqEm15 StEm15 EqEm16 StEm16 EqEm17 StEm17 EqEm18 StEm18 EqEm19 StEm19 EqEm20 StEm20 EqEm21 StEm21
0.05 5.98315e-13 5.5845e-13 3.9865e-14 0.0666288 0.0138845 0 0 0 0 0 0 0 0 0 0 0 0 0 0 0 0 0 0 0 0 0 0 0 0 0 0 0 0 0 0 0 0 0 0 0 0 0 0 0 0 0 0
0.0525665 6.61315e-13 6.17252e-13 4.40626e-14 0.0666288 0.0153465 0 0 0 0 0 0 0 0 0 0 0 0 0 0 0 0 0 0 0 0 0 0 0 0 0 0 0 0 0 0 0 0 0 0 0 0 0 0 0 0 0 0
0.0552647 7.30948e-13 6.82246e-13 4.87022e-14 0.0666288 0.0169624 0 0 0 0 0 0 0 0 0 0 0 0 0 0 0 0 0 0 0 0 0 0 0 0 0 0 0 0 0 0 0 0 0 0 0 0 0 0 0 0 0 0
0.0581015 8.07913e-13 7.54083e-13 5.38303e-14 0.0666288 0.0187485 0 0 0 0 0 0 0 0 0 0 0 0 0 0 0 0 0 0 0 0 0 0 0 0 0 0 0 0 0 0 0 0 0 0 0 0 0 0 0 0 0 0
0.0610839 8.92982e-13 8.33484e-13 5.94983e-14 0.0666288 0.0207226 0 0 0 0 0 0 0 0 0 0 0 0 0 0 0 0 0 0 0 0 0 0 0 0 0 0 0 0 0 0 0 0 0 0 0 0 0 0 0 0 0 0
0.0642193 9.87009e-13 9.21246e-13 6.57632e-14 0.0666288 0.0229046 0 0 0 0 0 0 0 0 0 0 0 0 0 0 0 0 0 0 0 0 0 0 0 0 0 0 0 0 0 0 0 0 0 0 0 0 0 0 0 0 0 0
0.0675157 1.09094e-12 1.01825e-12 7.26878e-14 0.0666288 0.0253163 0 0 0 0 0 0 0 0 0 0 0 0 0 0 0 0 0 0 0 0 0 0 0 0 0 0 0 0 0 0 0 0 0 0 0 0 0 0 0 0 0 0
0.0709813 1.20581e-12 1.12546e-12 8.03414e-14 0.0666288 0.027982 0 0 0 0 0 0 0 0 0 0 0 0 0 0 0 0 0 0 0 0 0 0 0 0 0 0 0 0 0 0 0 0 0 0 0 0 0 0 0 0 0 0
0.0746248 1.33277e-12 1.24397e-12 8.8801e-14 0.0666288 0.0309284 0 0 0 0 0 0 0 0 0 0 0 0 0 0 0 0 0 0 0 0 0 0 0 0 0 0 0 0 0 0 0 0 0 0 0 0 0 0 0 0 0 0
0.0784553 1.47311e-12 1.37495e-12 9.81513e-14 0.0666288 0.034185 0 0 0 0 0 0 0 0 0 0 0 0 0 0 0 0 0 0 0 0 0 0 0 0 0 0 0 0 0 0 0 0 0 0 0 0 0 0 0 0 0 0
0.0824824 1.62822e-12 1.51973e-12 1.08486e-13 0.0666288 0.0377845 0 0 0 0 0 0 0 0 0 0 0 0 0 0 0 0 0 0 0 0 0 0 0 0 0 0 0 0 0 0 0 0 0 0 0 0 0 0 0 0 0 0
0.0867162 1.79966e-12 1.67975e-12 1.19909e-13 0.0666288 0.041763 0 0 0 0 0 0 0 0 0 0 0 0 0 0 0 0 0 0 0 0 0 0 0 0 0 0 0 0 0 0 0 0 0 0 0 0 0 0 0 0 0 0
0.0911674 1.98916e-12 1.85662e-12 1.32535e-13 0.0666288 0.0461605 0 0 0 0 0 0 0 0 0 0 0 0 0 0 0 0 0 0 0 0 0 0 0 0 0 0 0 0 0 0 0 0 0 0 0 0 0 0 0 0 0 0
0.095847 2.19861e-12 2.05212e-12 1.4649e-13 0.0666288 0.0510209 0 0 0 0 0 0 0 0 0 0 0 0 0 0 0 0 0 0 0 0 0 0 0 0 0 0 0 0 0 0 0 0 0 0 0 0 0 0 0 0 0 0
0.100767 2.36306e-12 2.20699e-12 1.56073e-13 0.0660467 0.055253 0 0 0 0 0 0 0 0 0 0 0 0 0 0 0 0 0 0 0 0 0 0 0 0 0 0 0 0 0 0 0 0 0 0 0 0 0 0 0 0 0 0
0.105939 2.15711e-12 2.02194e-12 1.35176e-13 0.0626651 0.053932 0 0 0 0 0 0 0 0 0 0 0 0 0 0 0 0 0 0 0 0 0 0 0 0 0 0 0 0 0 0 0 0 0 0 0 0 0 0 0 0 0 0
0.111377 1.93069e-12 1.81533e-12 1.15366e-13 0.0597535 0.0514543 0 0 0 0 0 0 0 0 0 0 0 0 0 0 0 0 0 0 0 0 0 0 0 0 0 0 0 0 0 0 0 0 0 0 0 0 0 0 0 0 0 0
0.117094 1.69911e-12 1.60138e-12 9.77275e-14 0.0575168 0.0485365 0 0 0 0 0 0 0 0 0 0 0 0 0 0 0 0 0 0 0 0 0 0 0 0 0 0 0 0 0 0 0 0 0 0 0 0 0 0 0 0 0 0
0.123105 1.45177e-12 1.37055e-12 8.12148e-14 0.0559421 0.0455413 0 0 0 0 0 0 0 0 0 0 0 0 0 0 0 0 0 0 0 0 0 0 0 0 0 0 0 0 0 0 0 0 0 0 0 0 0 0 0 0 0 0
0.129424 1.21603e-12 1.14983e-12 6.61925e-14 0.0544335 0.0426502 0 0 0 0 0 0 0 0 0 0 0 0 0 0 0 0 0 0 0 0 0 0 0 0 0 0 0 0 0 0 0 0 0 0 0 0 0 0 0 0 0 0
0.136067 9.98184e-13 9.43586e-13 5.45981e-14 0.0546975 0.0400097 0 0 0 0 0 0 0 0 0 0 0 0 0 0 0 0 0 0 0 0 0 0 0 0 0 0 0 0 0 0 0 0 0 0 0 0 0 0 0 0 0 0
0.143051 7.63542e-13 7.19725e-13 4.3817e-14 0.0573865 0.037993 0 0 0 0 0 0 0 0 0 0 0 0 0 0 0 0 0 0 0 0 0 0 0 0 0 0 0 0 0 0 0 0 0 0 0 0 0 0 0 0 0 0
0.150394 5.39242e-13 5.05444e-13 3.37971e-14 0.0626752 0.0362659 0 0 0 0 0 0 0 0 0 0 0 0 0 0 0 0 0 0 0 0 0 0 0 0 0 0 0 0 0 0 0 0 0 0 0 0 0 0 0 0 0 0
0.158114 3.57851e-13 3.3268e-13 2.51704e-14 0.0703378 0.0332119 0 0 0 0 0 0 0 0 0 0 0 0 0 0 0 0 0 0 0 0 0 0 0 0 0 0 0 0 0 0 0 0 0 0 0 0 0 0 0 0 0 0
0.16623 2.33615e-13 2.1522e-13 1.83948e-14 0.0787398 0.0295352 0 0 0 0 0 0 0 0 0 0 0 0 0 0 0 0 0 0 0 0 0 0 0 0 0 0 0 0 0 0 0 0 0 0 0 0 0 0 0 0 0 0
0.174762 1.65572e-13 1.52014e-13 1.35572e-14 0.081881 0.0260563 0 0 0 0 0 0 0 0 0 0 0 0 0 0 0 0 0 0 0 0 0 0 0 0 0 0 0 0 0 0 0 0 0 0 0 0 0 0 0 0 0 0
0.183733 1.17491e-13 1.07454e-13 1.00366e-14 0.0854247 0.022986 0 0 0 0 0 0 0 0 0 0 0 0 0 0 0 0 0 0 0 0 0 0 0 0 0 0 0 0 0 0 0 0 0 0 0 0 0 0 0 0 0 0
0.193164 8.82115e-14 8.07059e-14 7.5056e-15 0.0850864 0.020338 0 0 0 0 0 0 0 0 0 0 0 0 0 0 0 0 0 0 0 0 0 0 0 0 0 0 0 0 0 0 0 0 0 0 0 0 0 0 0 0 0 0
0.203079 7.98342e-14 7.41419e-14 5.69226e-15 0.0713011 0.0180497 0 0 0 0 0 0 0 0 0 0 0 0 0 0 0 0 0 0 0 0 0 0 0 0 0 0 0 0 0 0 0 0 0 0 0 0 0 0 0 0 0 0
0.213503 7.51007e-14 7.0708e-14 4.39268e-15 0.0584905 0.0160542 0 0 0 0 0 0 0 0 0 0 0 0 0 0 0 0 0 0 0 0 0 0 0 0 0 0 0 0 0 0 0 0 0 0 0 0 0 0 0 0 0 0
0.224463 7.00304e-14 6.65804e-14 3.45003e-15 0.0492647 0.0143211 0 0 0 0 0 0 0 0 0 0 0 0 0 0 0 0 0 0 0 0 0 0 0 0 0 0 0 0 0 0 0 0 0 0 0 0 0 0 0 0 0 0
0.235984 6.60829e-14 6.33555e-14 2.72743e-15 0.0412729 0.0128192 0 0 0 0 0 0 0 0 0 0 0 0 0 0 0 0 0 0 0 0 0 0 0 0 0 0 0 0 0 0 0 0 0 0 0 0 0 0 0 0 0 0
0.248097 6.26588e-14 6.04911e-14 2.16769e-15 0.0345951 0.0115063 0 0 0 0 0 0 0 0 0 0 0 0 0 0 0 0 0 0 0 0 0 0 0 0 0 0 0 0 0 0 0 0 0 0 0 0 0 0 0 0 0 0
0.260832 5.97393e-14 5.80055e-14 1.73372e-15 0.0290215 0.0103448 0 0 0 0 0 0 0 0 0 0 0 0 0 0 0 0 0 0 0 0 0 0 0 0 0 0 0 0 0 0 0 0 0 0 0 0 0 0 0 0 0 0
0.274221 5.69636e-14 5.55716e-14 1.39198e-15 0.0244362 0.00931011 0 0 0 0 0 0 0 0 0 0 0 0 0 0 0 0 0 0 0 0 0 0 0 0 0 0 0 0 0 0 0 0 0 0 0 0 0 0 0 0 0 0
0.288297 5.4281e-14 5.31596e-14 1.12145e-15 0.0206601 0.00838782 0 0 0 0 0 0 0 0 0 0 0 0 0 0 0 0 0 0 0 0 0 0 0 0 0 0 0 0 0 0 0 0 0 0 0 0 0 0 0 0 0 0
0.303095 5.1699e-14 5.07934e-14 9.05676e-16 0.0175182 0.00756264 0 0 0 0 0 0 0 0 0 0 0 0 0 0 0 0 0 0 0 0 0 0 0 0 0 0 0 0 0 0 0 0 0 0 0 0 0 0 0 0 0 0
0.318653 4.92082e-14 4.8475e-14 7.33234e-16 0.0149006 0.00682163 0 0 0 0 0 0 0 0 0 0 0 0 0 0 0 0 0 0 0 0 0 0 0 0 0 0 0 0 0 0 0 0 0 0 0 0 0 0 0 0 0 0
0.335009 4.6817e-14 4.62222e-14 5.94786e-16 0.0127045 0.00615587 0 0 0 0 0 0 0 0 0 0 0 0 0 0 0 0 0 0 0 0 0 0 0 0 0 0 0 0 0 0 0 0 0 0 0 0 0 0 0 0 0 0
0.352205 4.45306e-14 4.40474e-14 4.83241e-16 0.0108519 0.00555737 0 0 0 0 0 0 0 0 0 0 0 0 0 0 0 0 0 0 0 0 0 0 0 0 0 0 0 0 0 0 0 0 0 0 0 0 0 0 0 0 0 0
0.370284 4.23415e-14 4.19482e-14 3.93345e-16 0.00928982 0.00501876 0 0 0 0 0 0 0 0 0 0 0 0 0 0 0 0 0 0 0 0 0 0 0 0 0 0 0 0 0 0 0 0 0 0 0 0 0 0 0 0 0 0
0.389291 4.02534e-14 3.9933e-14 3.20425e-16 0.0079602 0.00453369 0 0 0 0 0 0 0 0 0 0 0 0 0 0 0 0 0 0 0 0 0 0 0 0 0 0 0 0 0 0 0 0 0 0 0 0 0 0 0 0 0 0
0.409273 3.82584e-14 3.7997e-14 2.61382e-16 0.00683203 0.00409628 0 0 0 0 0 0 0 0 0 0 0 0 0 0 0 0 0 0 0 0 0 0 0 0 0 0 0 0 0 0 0 0 0 0 0 0 0 0 0 0 0 0
0.430281 3.63623e-14 3.61489e-14 2.13364e-16 0.00586773 0.00370151 0 0 0 0 0 0 0 0 0 0 0 0 0 0 0 0 0 0 0 0 0 0 0 0 0 0 0 0 0 0 0 0 0 0 0 0 0 0 0 0 0 0
0.452368 3.45562e-14 3.43819e-14 1.74296e-16 0.00504383 0.00334621 0 0 0 0 0 0 0 0 0 0 0 0 0 0 0 0 0 0 0 0 0 0 0 0 0 0 0 0 0 0 0 0 0 0 0 0 0 0 0 0 0 0
0.475588 3.28357e-14 3.26932e-14 1.42455e-16 0.00433841 0.0030251 0 0 0 0 0 0 0 0 0 0 0 0 0 0 0 0 0 0 0 0 0 0 0 0 0 0 0 0 0 0 0 0 0 0 0 0 0 0 0 0 0 0
0.5 3.11995e-14 3.1083e-14 1.16505e-16 0.00373418 0.00273492 0 0 0 0 0 0 0 0 0 0 0 0 0 0 0 0 0 0 0 0 0 0 0 0 0 0 0 0 0 0 0 0 0 0 0 0 0 0 0 0 0 0
0.525665 2.96433e-14 2.9548e-14 9.53464e-17 0.00321646 0.00247274 0 0 0 0 0 0 0 0 0 0 0 0 0 0 0 0 0 0 0 0 0 0 0 0 0 0 0 0 0 0 0 0 0 0 0 0 0 0 0 0 0 0
0.552648 2.81614e-14 2.80833e-14 7.80733e-17 0.00277235 0.00223604 0 0 0 0 0 0 0 0 0 0 0 0 0 0 0 0 0 0 0 0 0 0 0 0 0 0 0 0 0 0 0 0 0 0 0 0 0 0 0 0 0 0
0.581015 2.67586e-14 2.66947e-14 6.39107e-17 0.00238841 0.00202254 0 0 0 0 0 0 0 0 0 0 0 0 0 0 0 0 0 0 0 0 0 0 0 0 0 0 0 0 0 0 0 0 0 0 0 0 0 0 0 0 0 0
0.610839 2.54273e-14 2.5375e-14 5.23261e-17 0.00205787 0.00182927 0 0 0 0 0 0 0 0 0 0 0 0 0 0 0 0 0 0 0 0 0 0 0 0 0 0 0 0 0 0 0 0 0 0 0 0 0 0 0 0 0 0
0.642193 2.415e-14 2.41071e-14 4.28664e-17 0.00177501 0.00165437 0 0 0 0 0 0 0 0 0 0 0 0 0 0 0 0 0 0 0 0 0 0 0 0 0 0 0 0 0 0 0 0 0 0 0 0 0 0 0 0 0 0
0.675157 2.29439e-14 2.29088e-14 3.51158e-17 0.00153051 0.00149657 0 0 0 0 0 0 0 0 0 0 0 0 0 0 0 0 0 0 0 0 0 0 0 0 0 0 0 0 0 0 0 0 0 0 0 0 0 0 0 0 0 0
0.709813 2.18055e-14 2.17767e-14 2.87627e-17 0.00131906 0.00135386 0 0 0 0 0 0 0 0 0 0 0 0 0 0 0 0 0 0 0 0 0 0 0 0 0 0 0 0 0 0 0 0 0 0 0 0 0 0 0 0 0 0
0.746248 2.07278e-14 2.07042e-14 2.35636e-17 0.00113681 0.0012247 0 0 0 0 0 0 0 0 0 0 0 0 0 0 0 0 0 0 0 0 0 0 0 0 0 0 0 0 0 0 0 0 0 0 0 0 0 0 0 0 0 0
0.784553 1.97051e-14 1.96858e-14 1.92982e-17 0.000979349 0.00110777 0 0 0 0 0 0 0 0 0 0 0 0 0 0 0 0 0 0 0 0 0 0 0 0 0 0 0 0 0 0 0 0 0 0 0 0 0 0 0 0 0 0
0.824824 1.87357e-14 1.87199e-14 1.58066e-17 0.00084366 0.00100225 0 0 0 0 0 0 0 0 0 0 0 0 0 0 0 0 0 0 0 0 0 0 0 0 0 0 0 0 0 0 0 0 0 0 0 0 0 0 0 0 0 0
0.867162 1.78106e-14 1.77977e-14 1.29451e-17 0.000726821 0.000906821 0 0 0 0 0 0 0 0 0 0 0 0 0 0 0 0 0 0 0 0 0 0 0 0 0 0 0 0 0 0 0 0 0 0 0 0 0 0 0 0 0 0
0.911674 1.6946e-14 1.69354e-14 1.05966e-17 0.000625318 0.000820434 0 0 0 0 0 0 0 0 0 0 0 0 0 0 0 0 0 0 0 0 0 0 0 0 0 0 0 0 0 0 0 0 0 0 0 0 0 0 0 0 0 0
0.95847 1.61337e-14 1.6125e-14 8.66794e-18 0.000537256 0.000742254 0 0 0 0 0 0 0 0 0 0 0 0 0 0 0 0 0 0 0 0 0 0 0 0 0 0 0 0 0 0 0 0 0 0 0 0 0 0 0 0 0 0
1.00767 1.53644e-14 1.53574e-14 7.07253e-18 0.000460318 0.000671583 0 0 0 0 0 0 0 0 0 0 0 0 0 0 0 0 0 0 0 0 0 0 0 0 0 0 0 0 0 0 0 0 0 0 0 0 0 0 0 0 0 0
1.05939 1.49613e-14 1.49556e-14 5.77187e-18 0.000385785 0.000607669 0 0 0 0 0 0 0 0 0 0 0 0 0 0 0 0 0 0 0 0 0 0 0 0 0 0 0 0 0 0 0 0 0 0 0 0 0 0 0 0 0 0
1.11377 1.4623e-14 1.46183e-14 4.71742e-18 0.000322603 0.000549796 0 0 0 0 0 0 0 0 0 0 0 0 0 0 0 0 0 0 0 0 0 0 0 0 0 0 0 0 0 0 0 0 0 0 0 0 0 0 0 0 0 0
1.17094 1.43487e-14 1.43448e-14 3.86331e-18 0.000269245 0.000497395 0 0 0 0 0 0 0 0 0 0 0 0 0 0 0 0 0 0 0 0 0 0 0 0 0 0 0 0 0 0 0 0 0 0 0 0 0 0 0 0 0 0
1.23105 1.41046e-14 1.41015e-14 3.16291e-18 0.000224246 0.000449995 0 0 0 0 0 0 0 0 0 0 0 0 0 0 0 0 0 0 0 0 0 0 0 0 0 0 0 0 0 0 0 0 0 0 0 0 0 0 0 0 0 0
1.29424 1.38391e-14 1.38365e-14 2.59078e-18 0.000187208 0.000407125 0 0 0 0 0 0 0 0 0 0 0 0 0 0 0 0 0 0 0 0 0 0 0 0 0 0 0 0 0 0 0 0 0 0 0 0 0 0 0 0 0 0
1.36067 1.35415e-14 1.35393e-14 2.13121e-18 0.000157384 0.000368367 0 0 0 0 0 0 0 0 0 0 0 0 0 0 0 0 0 0 0 0 0 0 0 0 0 0 0 0 0 0 0 0 0 0 0 0 0 0 0 0 0 0
1.43051 1.32227e-14 1.3221e-14 1.73409e-18 0.000131144 0.000333227 0 0 0 0 0 0 0 0 0 0 0 0 0 0 0 0 0 0 0 0 0 0 0 0 0 0 0 0 0 0 0 0 0 0 0 0 0 0 0 0 0 0
1.50394 1.28952e-14 1.28938e-14 1.41747e-18 0.000109922 0.00030145 0 0 0 0 0 0 0 0 0 0 0 0 0 0 0 0 0 0 0 0 0 0 0 0 0 0 0 0 0 0 0 0 0 0 0 0 0 0 0 0 0 0
1.58114 1.25784e-14 1.25772e-14 1.15986e-18 9.22104e-05 0.00027274 0 0 0 0 0 0 0 0 0 0 0 0 0 0 0 0 0 0 0 0 0 0 0 0 0 0 0 0 0 0 0 0 0 0 0 0 0 0 0 0 0 0
1.6623 1.2289e-14 1.22881e-14 9.49036e-19 7.72262e-05 0.000246718 0 0 0 0 0 0 0 0 0 0 0 0 0 0 0 0 0 0 0 0 0 0 0 0 0 0 0 0 0 0 0 0 0 0 0 0 0 0 0 0 0 0
1.74763 1.20444e-14 1.20436e-14 7.76412e-19 6.44628e-05 0.000223161 0 0 0 0 0 0 0 0 0 0 0 0 0 0 0 0 0 0 0 0 0 0 0 0 0 0 0 0 0 0 0 0 0 0 0 0 0 0 0 0 0 0
1.83733 1.18606e-14 1.186e-14 6.34938e-19 5.35332e-05 0.000201828 0 0 0 0 0 0 0 0 0 0 0 0 0 0 0 0 0 0 0 0 0 0 0 0 0 0 0 0 0 0 0 0 0 0 0 0 0 0 0 0 0 0
1.93164 1.17482e-14 1.17476e-14 5.19045e-19 4.41809e-05 0.000182556 0 0 0 0 0 0 0 0 0 0 0 0 0 0 0 0 0 0 0 0 0 0 0 0 0 0 0 0 0 0 0 0 0 0 0 0 0 0 0 0 0 0
2.03079 1.17044e-14 1.1704e-14 4.24545e-19 3.62723e-05 0.000165121 0 0 0 0 0 0 0 0 0 0 0 0 0 0 0 0 0 0 0 0 0 0 0 0 0 0 0 0 0 0 0 0 0 0 0 0 0 0 0 0 0 0
2.13503 1.17137e-14 1.17134e-14 3.47577e-19 2.96727e-05 0.000149322 0 0 0 0 0 0 0 0 0 0 0 0 0 0 0 0 0 0 0 0 0 0 0 0 0 0 0 0 0 0 0 0 0 0 0 0 0 0 0 0 0 0
2.24463 1.17369e-14 1.17366e-14 2.84817e-19 2.42667e-05 0.000135012 0 0 0 0 0 0 0 0 0 0 0 0 0 0 0 0 0 0 0 0 0 0 0 0 0 0 0 0 0 0 0 0 0 0 0 0 0 0 0 0 0 0
2.35984 1.17633e-14 1.17631e-14 2.33529e-19 1.98523e-05 0.000122086 0 0 0 0 0 0 0 0 0 0 0 0 0 0 0 0 0 0 0 0 0 0 0 0 0 0 0 0 0 0 0 0 0 0 0 0 0 0 0 0 0 0
2.48097 1.18084e-14 1.18082e-14 1.91544e-19 1.6221e-05 0.000110375 0 0 0 0 0 0 0 0 0 0 0 0 0 0 0 0 0 0 0 0 0 0 0 0 0 0 0 0 0 0 0 0 0 0 0 0 0 0 0 0 0 0
2.60832 1.18739e-14 1.18737e-14 1.57201e-19 1.32392e-05 9.97739e-05 0 0 0 0 0 0 0 0 0 0 0 0 0 0 0 0 0 0 0 0 0 0 0 0 0 0 0 0 0 0 0 0 0 0 0 0 0 0 0 0 0 0
2.74221 1.19753e-14 1.19752e-14 1.29124e-19 1.07825e-05 9.01827e-05 0 0 0 0 0 0 0 0 0 0 0 0 0 0 0 0 0 0 0 0 0 0 0 0 0 0 0 0 0 0 0 0 0 0 0 0 0 0 0 0 0 0
2.88297 1.21141e-14 1.2114e-14 1.06235e-19 8.76952e-06 8.14968e-05 0 0 0 0 0 0 0 0 0 0 0 0 0 0 0 0 0 0 0 0 0 0 0 0 0 0 0 0 0 0 0 0 0 0 0 0 0 0 0 0 0 0
3.03095 1.22879e-14 1.22878e-14 8.77365e-20 7.14006e-06 7.36424e-05 0 0 0 0 0 0 0 0 0 0 0 0 0 0 0 0 0 0 0 0 0 0 0 0 0 0 0 0 0 0 0 0 0 0 0 0 0 0 0 0 0 0
3.18653 1.23469e-14 1.23468e-14 7.26332e-20 5.8827e-06 6.65317e-05 0 0 0 0 0 0 0 0 0 0 0 0 0 0 0 0 0 0 0 0 0 0 0 0 0 0 0 0 0 0 0 0 0 0 0 0 0 0 0 0 0 0
3.35009 1.2659e-14 1.26589e-14 5.93855e-20 4.69119e-06 6.00909e-05 0 0 0 0 0 0 0 0 0 0 0 0 0 0 0 0 0 0 0 0 0 0 0 0 0 0 0 0 0 0 0 0 0 0 0 0 0 0 0 0 0 0
3.52205 1.26137e-14 1.26137e-14 5.16718e-20 4.09648e-06 5.42607e-05 0 0 0 0 0 0 0 0 0 0 0 0 0 0 0 0 0 0 0 0 0 0 0 0 0 0 0 0 0 0 0 0 0 0 0 0 0 0 0 0 0 0
3.70284 1.17748e-14 1.17748e-14 4.20355e-20 3.56994e-06 4.8988e-05 0 0 0 0 0 0 0 0 0 0 0 0 0 0 0 0 0 0 0 0 0 0 0 0 0 0 0 0 0 0 0 0 0 0 0 0 0 0 0 0 0 0
3.89291 1.15349e-14 1.15349e-14 3.44449e-20 2.98615e-06 4.42094e-05 0 0 0 0 0 0 0 0 0 0 0 0 0 0 0 0 0 0 0 0 0 0 0 0 0 0 0 0 0 0 0 0 0 0 0 0 0 0 0 0 0 0
4.09273 1.13471e-14 1.1347e-14 2.82442e-20 2.48912e-06 3.9876e-05 0 0 0 0 0 0 0 0 0 0 0 0 0 0 0 0 0 0 0 0 0 0 0 1.4013e-45 0 1.4013e-45 0 1.4013e-45 0 2.8026e-45 0 4.2039e-45 0 7.00649e-45 0 9.80909e-45 0 1.54143e-44 0 2.10195e-44 0 2.94273e-44
4.30281 1.12104e-14 1.12103e-14 2.31699e-20 2.06683e-06 3.59492e-05 0 0 0 0 0 0 0 0 0 0 0 0 0 1.4013e-45 0 2.8026e-45 0 5.60519e-45 0 9.80909e-45 0 1.82169e-44 0 3.22299e-44 0 5.32493e-44 0 8.54792e-44 0 1.31722e-43 0 2.00386e-43 0 2.95674e-43 0 4.28797e-43 0 6.08164e-43 0 8.49187e-43 0 1.16588e-42
4.52368 1.11307e-14 1.11307e-14 1.90273e-20 1.70945e-06 3.23957e-05 0 0 0 0 0 0 0 1.4013e-45 0 5.60519e-45 0 1.68156e-44 0 4.34403e-44 0 9.80909e-44 0 2.03188e-43 0 3.8816e-43 0 6.99248e-43 0 1.19671e-42 0 1.96462e-42 0 3.11088e-42 0 4.77983e-42 0 7.15223e-42 0 1.04775e-41 0 1.50023e-41 0 2.10895e-41 0 2.9175e-41 0 3.9745e-41
4.75588 1.10926e-14 1.10926e-14 1.56514e-20 1.41098e-06 2.9172e-05 0 0 0 0 0 7.00649e-45 0 4.90454e-44 0 1.97583e-43 0 6.02558e-43 0 1.52742e-42 0 3.40516e-42 0 6.89159e-42 0 1.29508e-41 0 2.29407e-41 0 3.86899e-41 0 6.26464e-41 0 9.79942e-41 0 1.48861e-40 0 2.20305e-40 0 3.19399e-40 0 4.52956e-40 0 6.30902e-40 0 8.65101e-40 0 1.16869e-39
5 1.10649e-14 1.10649e-14 1.2901e-20 1.16594e-06 2.62407e-05 0 1.4013e-45 0 1.4013e-44 0 2.60642e-43 0 1.63812e-42 0 6.3619e-42 0 1.87942e-41 0 4.64671e-41 0 1.01385e-40 0 2.01418e-40 0 3.72158e-40 0 6.49199e-40 0 1.07968e-39 0 1.72576e-39 0 2.66725e-39 0 4.00639e-39 0 5.86689e-39 0 8.42045e-39 0 1.18293e-38 0 1.63294e-38 0 2.22002e-38 0 2.97472e-38
5.25665 1.10212e-14 1.10211e-14 1.06448e-20 9.65852e-07 2.3577e-05 0 3.08286e-44 0 4.41409e-43 0 7.85428e-42 0 4.70696e-41 0 1.7633e-40 0 5.06167e-40 0 1.22168e-39 0 2.61071e-39 0 5.09256e-39 0 9.25656e-39 0 1.59088e-38 0 2.61e-38 0 4.11974e-38 0 6.29328e-38 0 9.35001e-38 0 1.35521e-37 0 1.92607e-37 0 2.68106e-37 0 3.66887e-37 0 4.94651e-37 0 6.57568e-37
5.52648 1.09628e-14 1.09628e-14 8.78326e-21 8.01187e-07 2.1166e-05 0 9.33265e-43 0 1.24645e-41 0 2.05206e-40 0 1.17265e-39 0 4.24163e-39 0 1.18398e-38 0 2.79157e-38 0 5.8463e-38 0 1.12031e-37 0 2.00418e-37 0 3.39502e-37 0 5.49662e-37 0 8.5707e-37 0 1.29446e-36 0 1.90282e-36 0 2.73057e-36 0 3.84395e-36 0 5.30312e-36 0 7.19569e-36 0 9.62319e-36 0 1.26942e-35
5.81015 1.08818e-14 1.08818e-14 7.23902e-21 6.65242e-07 1.89684e-05 0 2.44835e-41 0 3.05099e-40 0 4.66308e-39 0 2.5445e-38 0 8.89594e-38 0 2.41656e-37 0 5.56972e-37 0 1.14379e-36 0 2.15425e-36 0 3.79465e-36 0 6.33827e-36 0 1.01306e-35 0 1.56097e-35 0 2.33166e-35 0 3.39217e-35 0 4.82072e-35 0 6.72367e-35 1.4013e-45 9.19571e-35 1.4013e-45 1.23749e-34 4.2039e-45 1.64196e-34 1.12104e-44 2.14973e-34
6.10839 1.07907e-14 1.07907e-14 5.95393e-21 5.51766e-07 1.69709e-05 0 5.59638e-40 0 6.52203e-39 0 9.2752e-38 0 4.83959e-37 0 1.63702e-36 0 4.33108e-36 0 9.76435e-36 0 1.96732e-35 0 3.6436e-35 0 6.32225e-35 0 1.04168e-34 0 1.64422e-34 0 2.50437e-34 1.4013e-45 3.70084e-34 2.8026e-45 5.33014e-34 9.80909e-45 7.50354e-34 2.8026e-44 1.03715e-33 7.14662e-44 1.40653e-33 1.70958e-43 1.87765e-33 3.93765e-43 2.47231e-33 8.60397e-43 3.21326e-33
6.42193 1.06866e-14 1.06866e-14 4.87925e-21 4.56577e-07 1.51487e-05 0 1.12095e-38 0 1.22368e-37 0 1.62271e-36 0 8.10698e-36 0 2.65572e-35 0 6.84839e-35 0 1.51119e-34 0 2.98884e-34 0 5.44588e-34 0 9.31227e-34 1.4013e-45 1.51406e-33 7.00649e-45 2.36094e-33 2.66247e-44 3.55581e-33 9.24857e-44 5.19994e-33 2.88667e-43 7.41618e-33 8.07148e-43 1.03446e-32 2.12016e-42 1.41735e-32 5.13856e-42 1.90638e-32 1.17667e-41 2.52511e-32 2.60291e-41 3.30007e-32 5.46647e-41 4.25867e-32
6.75157 1.06115e-14 1.06115e-14 3.96706e-21 3.73844e-07 1.34693e-05 0 1.98586e-37 0 2.03343e-36 0 2.51929e-35 0 1.20663e-34 0 3.83156e-34 0 9.6375e-34 0 2.08277e-33 0 4.04581e-33 4.2039e-45 7.25566e-33 2.52234e-44 1.22317e-32 1.28919e-43 1.96317e-32 5.49309e-43 3.02523e-32 2.00246e-42 4.50673e-32 6.48241e-42 6.52383e-32 1.91642e-41 9.21603e-32 5.09848e-41 1.27406e-31 1.27685e-40 1.73079e-31 2.96299e-40 2.30939e-31 6.51629e-40 3.03574e-31 1.3867e-39 3.93867e-31 2.8086e-39 5.04765e-31
7.09813 1.04403e-14 1.04403e-14 3.22356e-21 3.08761e-07 1.18879e-05 0 3.09041e-36 0 2.97208e-35 0 3.4463e-34 0 1.58433e-33 0 4.88099e-33 0 1.19836e-32 4.2039e-45 2.53784e-32 4.2039e-44 4.84424e-32 3.22299e-43 8.55449e-32 1.84831e-42 1.42231e-31 8.73429e-42 2.25427e-31 3.4535e-41 3.43404e-31 1.18285e-40 5.0616e-31 3.61667e-40 7.25485e-31 1.01397e-39 1.01541e-30 2.57179e-39 1.39156e-30 6.15843e-39 1.87478e-30 1.37155e-38 2.48209e-30 2.9025e-38 3.23868e-30 5.95308e-38 4.17233e-30 1.16489e-37 5.31113e-30
7.46248 1.03015e-14 1.03015e-14 2.55488e-21 2.48011e-07 1.03485e-05 0 4.29576e-35 0 3.88555e-34 0 4.22392e-33 0 1.86592e-32 0 5.58192e-32 1.82169e-44 1.33858e-31 2.92871e-43 2.77952e-31 2.97075e-42 5.21601e-31 2.05851e-41 9.07379e-31 1.08526e-40 1.48849e-30 4.75344e-40 2.33049e-30 1.75758e-39 3.51058e-30 5.66868e-39 5.12112e-30 1.64121e-38 7.2698e-30 4.37545e-38 1.00836e-29 1.06047e-37 1.37023e-29 2.43341e-37 1.83118e-29 5.2117e-37 2.40603e-29 1.06327e-36 3.11688e-29 2.10563e-36 3.98785e-29 3.9874e-36 5.04304e-29
7.84553 1.01581e-14 1.01581e-14 1.93379e-21 1.90369e-07 8.88011e-06 0 5.33727e-34 0 4.54779e-33 0 4.64248e-32 0 1.97279e-31 4.48416e-44 5.73522e-31 1.2976e-42 1.34424e-30 1.85938e-41 2.73833e-30 1.68121e-40 5.05435e-30 1.06e-39 8.66515e-30 5.15289e-39 1.40297e-29 2.09993e-38 2.17061e-29 7.28425e-38 3.2343e-29 2.21882e-37 4.67079e-29 6.09905e-37 6.56866e-29 1.54999e-36 9.03133e-29 3.59776e-36 1.21716e-28 7.92753e-36 1.61387e-28 1.63589e-35 2.1049e-28 3.22328e-35 2.70769e-28 6.17374e-35 3.44116e-28 1.13323e-34 4.32393e-28
8.24824 1.13224e-14 1.13224e-14 1.42278e-21 1.2566e-07 7.63275e-06 0 6.73015e-33 0 5.4125e-32 0 5.19716e-31 4.62428e-44 2.12669e-30 3.50044e-42 6.01305e-30 8.53251e-41 1.37836e-29 1.07379e-39 2.756e-29 8.71899e-39 5.00573e-29 5.02467e-38 8.4608e-29 2.26112e-37 1.35256e-28 8.60375e-37 2.06852e-28 2.80862e-36 3.04966e-28 8.10237e-36 4.36117e-28 2.11988e-35 6.07752e-28 5.14757e-35 8.2849e-28 1.1467e-34 1.10763e-27 2.43111e-34 1.45744e-27 4.84237e-34 1.88724e-27 9.23045e-34 2.41117e-27 1.71274e-33 3.04436e-27 3.05198e-33 3.80157e-27
8.67162 1.37517e-14 1.37517e-14 1.23364e-21 8.97081e-08 6.64269e-06 0 8.33336e-32 0 6.33904e-31 8.40779e-45 5.73563e-30 3.89141e-42 2.26245e-29 2.37308e-40 6.22618e-29 4.94985e-39 1.39666e-28 5.50468e-38 2.74247e-28 4.03528e-37 4.90375e-28 2.1349e-36 8.17472e-28 8.92689e-36 1.29073e-27 3.18221e-35 1.95186e-27 9.80501e-35 2.84811e-27 2.68597e-34 4.03426e-27 6.70515e-34 5.57224e-27 1.55915e-33 7.53312e-27 3.34003e-33 9.99272e-27 6.82608e-33 1.3051e-26 1.31467e-32 1.67818e-26 2.42829e-32 2.12984e-26 4.37182e-32 2.6721e-26 7.57361e-32 3.31653e-26
9.11674 1.88765e-14 1.88765e-14 1.46749e-21 7.77416e-08 5.66734e-06 0 1.05459e-30 0 7.60576e-30 8.632e-43 6.49684e-29 2.95834e-40 2.47294e-28 1.47602e-38 6.6288e-28 2.65437e-37 1.45602e-27 2.62436e-36 2.80909e-27 1.74552e-35 4.94694e-27 8.51343e-35 8.13663e-27 3.31965e-34 1.26932e-26 1.11216e-33 1.89856e-26 3.2436e-33 2.74264e-26 8.45888e-33 3.84894e-26 2.01939e-32 5.27051e-26 4.50616e-32 7.06769e-26 9.30072e-32 9.30419e-26 1.83561e-31 1.20639e-25 3.42395e-31 1.54071e-25 6.13765e-31 1.94273e-25 1.07373e-30 2.4223e-25 1.81086e-30 2.98876e-25
9.5847 2.30097e-14 2.30097e-14 2.03535e-21 8.84559e-08 5.07183e-06 0 1.07553e-29 1.4013e-45 7.37208e-29 6.29099e-41 5.95665e-28 1.62179e-38 2.1902e-27 6.6855e-37 5.72281e-27 1.04408e-35 1.23158e-26 9.23026e-35 2.3357e-26 5.59677e-34 4.05277e-26 2.52649e-33 6.57933e-26 9.21829e-33 1.01441e-25 2.91132e-32 1.50118e-25 8.05846e-32 2.14749e-25 2.00546e-31 2.9866e-25 4.5885e-31 4.05538e-25 9.84548e-31 5.39547e-25 1.96147e-30 7.05034e-25 3.74481e-30 9.0772e-25 6.77575e-30 1.15159e-24 1.18047e-29 1.44294e-24 2.00951e-29 1.78831e-24 3.30368e-29 2.19384e-24
10.0767 2.22727e-14 2.22727e-14 2.23924e-21 1.00538e-07 4.81603e-06 0 7.93227e-29 1.38729e-43 5.1798e-28 2.94613e-39 3.96683e-27 5.79159e-37 1.41046e-26 1.99104e-35 3.5951e-26 2.71896e-34 7.58458e-26 2.16109e-33 1.41466e-25 1.2e-32 2.41952e-25 5.03269e-32 3.87823e-25 1.7238e-31 5.91167e-25 5.14687e-31 8.65805e-25 1.35555e-30 1.22683e-24 3.2266e-30 1.69124e-24 7.0901e-30 2.27773e-24 1.46565e-29 3.0072e-24 2.82332e-29 3.90127e-24 5.22272e-29 4.9884e-24 9.18015e-29 6.2878e-24 1.5566e-28 7.83027e-24 2.58186e-28 9.64755e-24 4.14283e-28 1.17691e-23
10.5939 1.8963e-14 1.8963e-14 1.98769e-21 1.04819e-07 4.73623e-06 0 4.70303e-28 7.58243e-42 2.93221e-27 9.9197e-38 2.13258e-26 1.50683e-35 7.34037e-26 4.35851e-34 1.82647e-25 5.23878e-33 3.77962e-25 3.76309e-32 6.93641e-25 1.92178e-31 1.16984e-24 7.51492e-31 1.85207e-24 2.42386e-30 2.79197e-24 6.86069e-30 4.04793e-24 1.72348e-29 5.68294e-24 3.93231e-29 7.76734e-24 8.31498e-29 1.03777e-23 1.65898e-28 1.35992e-23 3.09506e-28 1.75188e-23 5.55601e-28 2.2251e-23 9.50072e-28 2.78708e-23 1.56996e-27 3.45005e-23 2.54046e-27 4.22648e-23 3.98338e-27 5.12778e-23
11.1377 1.58425e-14 1.58424e-14 1.67048e-21 1.05443e-07 4.85057e-06 1.26117e-44 2.50986e-27 3.28526e-40 1.49694e-26 2.70545e-36 1.0359e-25 3.21582e-34 3.45523e-25 7.89261e-33 8.39904e-25 8.4021e-32 1.70578e-24 5.48143e-31 3.08159e-24 2.5851e-30 5.12682e-24 9.45766e-30 8.01959e-24 2.88095e-29 1.19595e-23 7.75059e-29 1.71698e-23 1.86141e-28 2.38884e-23 4.07936e-28 3.2379e-23 8.31625e-28 4.29258e-23 1.60421e-27 5.58426e-23 2.90313e-27 7.14464e-23 5.0647e-27 9.01561e-23 8.43669e-27 1.12235e-22 1.36036e-26 1.38123e-22 2.15017e-26 1.68266e-22 3.29818e-26 2.03065e-22
11.7094 1.27227e-14 1.27227e-14 1.30625e-21 1.02671e-07 4.87964e-06 6.96445e-43 1.18545e-26 1.11459e-38 6.77412e-26 5.91024e-35 4.46819e-25 5.56346e-33 1.44569e-24 1.16792e-31 3.43551e-24 1.10772e-30 6.85135e-24 6.59428e-30 1.21895e-23 2.88313e-29 2.00127e-23 9.90074e-29 3.09403e-23 2.85628e-28 4.56582e-23 7.32176e-28 6.49254e-23 1.68479e-27 8.95416e-23 3.55351e-27 1.20385e-22 6.99666e-27 1.58395e-22 1.30705e-26 2.04601e-22 2.29784e-26 2.6003e-22 3.90129e-26 3.26047e-22 6.33879e-26 4.03474e-22 9.98521e-26 4.93724e-22 1.54337e-25 5.98209e-22 2.31846e-25 7.18184e-22
12.3105 1.022e-14 1.022e-14 9.73348e-22 9.52396e-08 4.85355e-06 3.11887e-41 5.17543e-26 3.11236e-37 2.83689e-25 1.08576e-33 1.78637e-24 8.1867e-32 5.61193e-24 1.48125e-30 1.30461e-23 1.25876e-29 2.55616e-23 6.86839e-29 4.48065e-23 2.79428e-28 7.26215e-23 9.0347e-28 1.11004e-22 2.47503e-27 1.62139e-22 6.05948e-27 2.28422e-22 1.33874e-26 3.12347e-22 2.72259e-26 4.16628e-22 5.18621e-26 5.44149e-22 9.39726e-26 6.98041e-22 1.60718e-25 8.81404e-22 2.65907e-25 1.09836e-21 4.21925e-25 1.35129e-21 6.50056e-25 1.64441e-21 9.83627e-25 1.98188e-21 1.44854e-24 2.36735e-21
12.9424 9.29298e-15 9.29298e-15 7.07847e-22 7.61701e-08 4.64242e-06 1.28384e-39 2.37209e-25 8.17238e-36 1.24826e-24 1.91438e-32 7.51398e-24 1.1688e-30 2.294e-23 1.83595e-29 5.22029e-23 1.40541e-28 1.0054e-22 7.05891e-28 1.73706e-22 2.68162e-27 2.78033e-22 8.18764e-27 4.20297e-22 2.13529e-26 6.07829e-22 5.00411e-26 8.48581e-22 1.0636e-25 1.15074e-21 2.08936e-25 1.52315e-21 3.85671e-25 1.97513e-21 6.78835e-25 2.51671e-21 1.13097e-24 3.15775e-21 1.82573e-24 3.91138e-21 2.83239e-24 4.78483e-21 4.27272e-24 5.79137e-21 6.33579e-24 6.94396e-21 9.15577e-24 8.25374e-21
13.6067 9.01954e-15 9.01954e-15 5.50347e-22 6.10172e-08 4.22212e-06 4.62588e-38 1.08003e-24 1.92006e-34 5.45883e-24 3.07944e-31 3.14484e-23 1.53815e-29 9.33796e-23 2.11213e-28 2.08136e-22 1.46388e-27 3.94216e-22 6.79542e-27 6.71591e-22 2.41866e-26 1.06192e-21 6.99308e-26 1.58806e-21 1.74037e-25 2.27447e-21 3.91248e-25 3.14744e-21 8.01523e-25 4.23371e-21 1.52348e-24 5.56195e-21 2.72923e-24 7.16213e-21 4.67305e-24 9.06635e-21 7.59384e-24 1.13057e-20 1.19755e-23 1.39219e-20 1.81844e-23 1.69368e-20 2.68864e-23 2.0392e-20 3.91089e-23 2.43276e-20 5.55089e-23 2.87776e-20
14.3051 8.97298e-15 8.97298e-15 4.31792e-22 4.81214e-08 3.61784e-06 1.41468e-36 4.70644e-24 3.90954e-33 2.28533e-23 4.37315e-30 1.26122e-22 1.80465e-28 3.64494e-22 2.18055e-27 7.96194e-22 1.37499e-26 1.4837e-21 5.92189e-26 2.49329e-21 1.98107e-25 3.89587e-21 5.43852e-25 5.76525e-21 1.29456e-24 8.1796e-21 2.7974e-24 1.12221e-20 5.53365e-24 1.49764e-20 1.01932e-23 1.95316e-20 1.77483e-23 2.49801e-20 2.96013e-23 3.14201e-20 4.69762e-23 3.89457e-20 7.24522e-23 4.76844e-20 1.07795e-22 5.76987e-20 1.56365e-22 6.91138e-20 2.23326e-22 8.20492e-20 3.11602e-22 9.66038e-20
15.0394 9.41112e-15 9.41112e-15 3.48458e-22 3.70262e-08 3.06336e-06 3.81178e-35 2.02509e-23 7.15436e-32 9.448e-23 5.68056e-29 4.99879e-22 1.95483e-27 1.40699e-21 2.09145e-26 3.01356e-21 1.20541e-25 5.52751e-21 4.83429e-25 9.16577e-21 1.52464e-24 1.41572e-20 3.98414e-24 2.07371e-20 9.09046e-24 2.91519e-20 1.89183e-23 3.96616e-20 3.61971e-23 5.25244e-20 6.47176e-23 6.8014e-20 1.09675e-22 8.64111e-20 1.78408e-22 1.08013e-19 2.76815e-22 1.33101e-19 4.18e-22 1.62061e-19 6.09957e-22 1.95067e-19 8.68867e-22 2.32492e-19 1.21953e-21 2.74688e-19 1.67414e-21 3.2194e-19
15.8114 1.03411e-14 1.03411e-14 3.03821e-22 2.93799e-08 2.62795e-06 9.07161e-34 8.57356e-23 1.17843e-30 3.84354e-22 6.75374e-28 1.95086e-21 1.95539e-26 5.35105e-21 1.86344e-25 1.12433e-20 9.85969e-25 2.03066e-20 3.69496e-24 3.3238e-20 1.10177e-23 5.07634e-20 2.74719e-23 7.36191e-20 6.02072e-23 1.02569e-19 1.20894e-22 1.38411e-19 2.24098e-22 1.81931e-19 3.89463e-22 2.33952e-19 6.43228e-22 2.95315e-19 1.02178e-21 3.66907e-19 1.55173e-21 4.49551e-19 2.29649e-21 5.44394e-19 3.28984e-21 6.51915e-19 4.60603e-21 7.73209e-19 6.35884e-21 9.09292e-19 8.59524e-21 1.06097e-18
16.623 1.13751e-14 1.13751e-14 2.87949e-22 2.53139e-08 2.27135e-06 1.83733e-32 3.42108e-22 1.68185e-29 1.47393e-21 7.06901e-27 7.18124e-21 1.73653e-25 1.92058e-20 1.48239e-24 3.96047e-20 7.23074e-24 7.04611e-20 2.54049e-23 1.13879e-19 7.18175e-23 1.72025e-19 1.7126e-22 2.47063e-19 3.61226e-22 3.41222e-19 7.01056e-22 4.5681e-19 1.26096e-21 5.96066e-19 2.13309e-21 7.61332e-19 3.43771e-21 9.54976e-19 5.33886e-21 1.17948e-18 7.94417e-21 1.43712e-18 1.15341e-20 1.73111e-18 1.62358e-20 2.06268e-18 2.23609e-20 2.43484e-18 3.0388e-20 2.85037e-18 4.04755e-20 3.31142e-18
17.4762 1.19855e-14 1.19855e-14 2.82411e-22 2.35627e-08 1.98606e-06 3.05439e-31 1.23383e-21 2.00414e-28 5.11032e-21 6.272e-26 2.39143e-20 1.3178e-24 6.23925e-20 1.01312e-23 1.26326e-19 4.57382e-23 2.21466e-19 1.51136e-22 3.53538e-19 4.06113e-22 5.28357e-19 9.28208e-22 7.5167e-19 1.88774e-21 1.02933e-18 3.54696e-21 1.36736e-18 6.1995e-21 1.77152e-18 1.02216e-20 2.2478e-18 1.60938e-20 2.80222e-18 2.44627e-20 3.44106e-18 3.57007e-20 4.17e-18 5.08987e-20 4.99716e-18 7.04604e-20 5.92531e-18 9.55375e-20 6.96201e-18 1.27904e-19 8.11408e-18 1.67994e-19 9.38664e-18
18.3733 1.19429e-14 1.19429e-14 2.71757e-22 2.27548e-08 1.76918e-06 4.14591e-30 3.9787e-21 1.98191e-27 1.58505e-20 4.68514e-25 7.12873e-20 8.48396e-24 1.81529e-19 5.90418e-23 3.61016e-19 2.47638e-22 6.23888e-19 7.71904e-22 9.84002e-19 1.97643e-21 1.45528e-18 4.33864e-21 2.05131e-18 8.52311e-21 2.78581e-18 1.55288e-20 3.67274e-18 2.64118e-20 4.72534e-18 4.24969e-20 5.95729e-18 6.54445e-20 7.38223e-18 9.7463e-20 9.0143e-18 1.39636e-19 1.08661e-17 1.95662e-19 1.2956e-17 2.66593e-19 1.52895e-17 3.56141e-19 1.78835e-17 4.7005e-19 2.07528e-17 6.09221e-19 2.39085e-17
19.3164 1.12526e-14 1.12526e-14 2.50156e-22 2.2231e-08 1.6239e-06 4.62717e-29 1.14903e-20 1.63666e-26 4.40631e-20 2.96283e-24 1.90596e-19 4.65766e-23 4.73942e-19 2.94843e-22 9.26197e-19 1.15305e-21 1.57831e-18 3.40007e-21 2.4602e-18 8.31516e-21 3.60158e-18 1.75659e-20 5.03108e-18 3.33885e-20 6.77734e-18 5.90768e-20 8.86936e-18 9.79073e-20 1.13342e-17 1.53918e-19 1.41997e-17 2.32086e-19 1.74935e-17 3.38978e-19 2.1244e-17 4.77204e-19 2.54761e-17 6.57749e-19 3.02272e-17 8.82762e-19 3.55063e-17 1.16272e-18 4.13471e-17 1.51396e-18 4.77792e-17 1.93752e-18 5.4823e-17
20.3079 1.02588e-14 1.02588e-14 2.17867e-22 2.12371e-08 1.54085e-06 4.37513e-28 3.04615e-20 1.16198e-25 1.12558e-19 1.63198e-23 4.68641e-19 2.24264e-22 1.13855e-18 1.29734e-21 2.18728e-18 4.74674e-21 3.67663e-18 1.32771e-20 5.6655e-18 3.10832e-20 8.21187e-18 6.33092e-20 1.13708e-17 1.16621e-19 1.51969e-17 2.00676e-19 1.97452e-17 3.24476e-19 2.50662e-17 4.98957e-19 3.12118e-17 7.37421e-19 3.82328e-17 1.05732e-18 4.61817e-17 1.46381e-18 5.51033e-17 1.98627e-18 6.50673e-17 2.62774e-18 7.60861e-17 3.41486e-18 8.82217e-17 4.3895e-18 1.01527e-16 5.55029e-18 1.16037e-16
21.3503 9.44783e-15 9.44783e-15 1.8784e-22 1.98818e-08 1.45984e-06 3.68259e-27 7.7511e-20 7.44735e-25 2.76314e-19 8.21612e-23 1.1084e-18 9.93454e-22 2.63238e-18 5.27503e-21 4.97338e-18 1.8116e-20 8.24894e-18 4.81904e-20 1.25696e-17 1.08229e-19 1.80432e-17 2.12913e-19 2.47707e-17 3.80678e-19 3.28515e-17 6.37923e-19 4.23853e-17 1.00755e-18 5.34617e-17 1.51713e-18 6.61728e-17 2.19985e-18 8.06085e-17 3.09914e-18 9.68606e-17 4.22303e-18 1.15006e-16 5.64552e-18 1.35169e-16 7.3674e-18 1.57363e-16 9.45257e-18 1.81698e-16 1.20024e-17 2.08263e-16 1.50035e-17 2.37116e-16
22.4463 8.60779e-15 8.60779e-15 1.6222e-22 1.88457e-08 1.38259e-06 2.71905e-26 1.85673e-19 4.24311e-24 6.39462e-19 3.72064e-22 2.47396e-18 3.98335e-21 5.74694e-18 1.9495e-20 1.06825e-17 6.30374e-20 1.74892e-17 1.59864e-19 2.63605e-17 3.45128e-19 3.74835e-17 6.56886e-19 5.1031e-17 1.14163e-18 6.71724e-17 1.86547e-18 8.60755e-17 2.88135e-18 1.07889e-16 4.25278e-18 1.32767e-16 6.05569e-18 1.60855e-16 8.38967e-18 1.92304e-16 1.12607e-17 2.27238e-16 1.4842e-17 2.65864e-16 1.91187e-17 3.08189e-16 2.42331e-17 3.54393e-16 3.04132e-17 4.04621e-16 3.76058e-17 4.58958e-16
23.5984 7.65858e-15 7.65858e-15 1.37107e-22 1.79024e-08 1.30716e-06 1.74865e-25 4.13922e-19 2.13248e-23 1.37936e-18 1.503e-21 5.15281e-18 1.43323e-20 1.17151e-17 6.49113e-20 2.14342e-17 1.98203e-19 3.46498e-17 4.80321e-19 5.16737e-17 9.98715e-19 7.28046e-17 1.84206e-18 9.83147e-17 3.11616e-18 1.28469e-16 4.97132e-18 1.63528e-16 7.51727e-18 2.03719e-16 1.08864e-17 2.49276e-16 1.52363e-17 3.0042e-16 2.07753e-17 3.57379e-16 2.74871e-17 4.20331e-16 3.57436e-17 4.89602e-16 4.54774e-17 5.6517e-16 5.69796e-17 6.47309e-16 7.07223e-17 7.36237e-16 8.65463e-17 8.32064e-16
24.8097 6.79915e-15 6.79915e-15 1.14107e-22 1.67825e-08 1.23292e-06 1.00645e-24 8.78737e-19 9.70773e-23 2.83805e-18 5.55852e-21 1.02498e-17 4.74791e-20 2.28222e-17 1.99745e-19 4.11187e-17 5.77561e-19 6.56572e-17 1.34045e-18 9.69082e-17 2.68929e-18 1.35319e-16 4.81416e-18 1.81292e-16 7.9376e-18 2.35214e-16 1.23776e-17 2.97468e-16 1.83424e-17 3.68375e-16 2.60872e-17 4.48269e-16 3.59166e-17 5.37464e-16 4.8238e-17 6.36282e-16 6.29556e-17 7.44963e-16 8.08229e-17 8.63986e-16 1.01631e-16 9.93268e-16 1.25941e-16 1.1332e-15 1.54676e-16 1.2841e-15 1.87428e-16 1.44608e-15
26.0832 6.05334e-15 6.05334e-15 9.44969e-23 1.56107e-08 1.16328e-06 5.23807e-24 1.78809e-18 4.04218e-22 5.60635e-18 1.89947e-20 1.96009e-17 1.46115e-19 4.27714e-17 5.73064e-19 7.592e-17 1.5733e-18 1.19786e-16 3.50437e-18 1.75033e-16 6.79571e-18 2.42291e-16 1.18242e-17 3.22113e-16 1.90255e-17 4.15032e-16 2.90311e-17 5.21572e-16 4.22029e-17 6.4216e-16 5.8999e-17 7.77238e-16 7.99711e-17 9.27223e-16 1.0587e-16 1.09254e-15 1.36387e-16 1.27349e-15 1.72971e-16 1.47074e-15 2.15083e-16 1.68409e-15 2.63756e-16 1.91407e-15 3.207e-16 2.16108e-15 3.8498e-16 2.42525e-15
27.4221 5.397e-15 5.397e-15 7.81051e-23 1.44719e-08 1.09851e-06 2.47413e-23 3.48767e-18 1.54424e-21 1.06337e-17 6.01307e-20 3.60394e-17 4.18694e-19 7.71244e-17 1.53613e-18 1.34934e-16 4.01441e-18 2.10443e-16 8.59884e-18 3.04517e-16 1.61444e-17 4.17979e-16 2.73409e-17 5.51532e-16 4.29826e-17 7.05856e-16 6.4248e-17 8.81614e-16 9.17078e-17 1.07932e-15 1.26126e-16 1.29953e-15 1.68439e-16 1.54274e-15 2.19955e-16 1.80948e-15 2.79874e-16 2.10006e-15 3.50854e-16 2.4154e-15 4.31657e-16 2.75504e-15 5.24094e-16 3.1197e-15 6.31192e-16 3.50986e-15 7.50976e-16 3.9256e-15
28.8297 4.81281e-15 4.81281e-15 6.43589e-23 1.33724e-08 1.03457e-06 1.06439e-22 6.52247e-18 5.42925e-21 1.93706e-17 1.76796e-19 6.37284e-17 1.11976e-18 1.33844e-16 3.85561e-18 2.30922e-16 9.61428e-18 3.56122e-16 1.98419e-17 5.10467e-16 3.6125e-17 6.94932e-16 5.96251e-17 9.10325e-16 9.16887e-17 1.15743e-15 1.34388e-16 1.43701e-15 1.88521e-16 1.74962e-15 2.55271e-16 2.09586e-15 3.3613e-16 2.47628e-15 4.33251e-16 2.89146e-15 5.44828e-16 3.34168e-15 6.75508e-16 3.82809e-15 8.22712e-16 4.34986e-15 9.89472e-16 4.90787e-15 1.1809e-15 5.50263e-15 1.39314e-15 6.13413e-15
30.3095 4.29567e-15 4.29567e-15 5.29528e-23 1.2327e-08 9.73746e-07 4.19267e-22 1.1721e-17 1.76504e-20 3.39608e-17 4.84877e-19 1.08611e-16 2.80636e-18 2.24029e-16 9.09694e-18 3.81348e-16 2.16942e-17 5.81747e-16 4.32163e-17 8.26268e-16 7.64129e-17 1.11592e-15 1.23073e-16 1.4515e-15 1.85321e-16 1.83378e-15 2.66601e-16 2.26353e-15 3.67863e-16 2.74122e-15 4.90795e-16 3.26742e-15 6.37632e-16 3.84263e-15 8.11747e-16 4.46738e-15 1.00944e-15 5.14183e-15 1.23849e-15 5.8673e-15 1.49393e-15 6.64244e-15 1.78063e-15 7.46821e-15 2.10685e-15 8.34512e-15 2.46552e-15 9.27293e-15
31.8653 3.83444e-15 3.83444e-15 4.34957e-23 1.13434e-08 9.13738e-07 1.51752e-21 2.02533e-17 5.32224e-20 5.73407e-17 1.24371e-18 1.78513e-16 6.60696e-18 3.61894e-16 2.02216e-17 6.08075e-16 4.62208e-17 9.17926e-16 8.90281e-17 1.29223e-15 1.53095e-16 1.73179e-15 2.40908e-16 2.23716e-15 3.55578e-16 2.8089e-15 5.02528e-16 3.44761e-15 6.82586e-16 4.1535e-15 8.97961e-16 4.92691e-15 1.1518e-15 5.76813e-15 1.44914e-15 6.67753e-15 1.78299e-15 7.65495e-15 2.16583e-15 8.70183e-15 2.58872e-15 9.81601e-15 3.05918e-15 1.09985e-14 3.59003e-15 1.22496e-14 4.16908e-15 1.35689e-14
33.5009 3.42448e-15 3.42448e-15 3.57016e-23 1.04254e-08 8.58073e-07 5.06999e-21 3.37159e-17 1.49464e-19 9.34111e-17 2.99461e-18 2.83468e-16 1.46626e-17 5.65213e-16 4.2492e-17 9.37901e-16 9.32822e-17 1.40153e-15 1.74016e-16 1.95614e-15 2.91426e-16 2.60197e-15 4.48544e-16 3.33895e-15 6.49581e-16 4.16712e-15 9.0266e-16 5.08661e-15 1.20789e-15 6.09709e-15 1.56788e-15 7.19843e-15 1.9868e-15 8.39048e-15 2.47182e-15 9.67321e-15 3.01065e-15 1.10459e-14 3.62253e-15 1.25101e-14 4.29231e-15 1.40623e-14 5.03118e-15 1.57037e-14 5.85827e-15 1.74342e-14 6.75369e-15 1.92526e-14
35.2205 3.05938e-15 3.05938e-15 2.9276e-23 9.56924e-09 8.00181e-07 1.56944e-20 5.41434e-17 3.92218e-19 1.46999e-16 6.78844e-18 4.35405e-16 3.07581e-17 8.54487e-16 8.4624e-17 1.40096e-15 1.78777e-16 2.07308e-15 3.23505e-16 2.86949e-15 5.28308e-16 3.78924e-15 7.96197e-16 4.83114e-15 1.13239e-15 5.99427e-15 1.5485e-15 7.27789e-15 2.04286e-15 8.68073e-15 2.61814e-15 1.02019e-14 3.27954e-15 1.18404e-14 4.03686e-15 1.35956e-14 4.86973e-15 1.5466e-14 5.80676e-15 1.74527e-14 6.82363e-15 1.95512e-14 7.93646e-15 2.17619e-14 9.17274e-15 2.40846e-14 1.05016e-14 2.65173e-14
37.0284 2.7359e-15 2.7359e-15 2.39903e-23 8.7687e-09 7.46386e-07 4.52118e-20 8.40509e-17 9.65581e-19 2.23916e-16 1.45404e-17 6.48178e-16 6.11966e-17 1.25288e-15 1.60251e-16 2.03052e-15 3.26408e-16 2.97641e-15 5.73793e-16 4.08684e-15 9.14873e-16 5.35892e-15 1.35144e-15 6.78964e-15 1.88931e-15 8.37654e-15 2.54438e-15 1.01175e-14 3.31158e-15 1.20098e-14 4.19303e-15 1.40514e-14 5.19484e-15 1.62402e-14 6.32991e-15 1.85744e-14 7.56628e-15 2.10514e-14 8.94497e-15 2.3672e-14 1.04289e-14 2.64297e-14 1.20406e-14 2.93246e-14 1.38181e-14 3.23557e-14 1.57158e-14 3.55199e-14
38.9291 2.44692e-15 2.44692e-15 1.96464e-23 8.02904e-09 6.96988e-07 1.21535e-19 1.26206e-16 2.23525e-18 3.30319e-16 2.94855e-17 9.3562e-16 1.15687e-16 1.78242e-15 2.89034e-16 2.85678e-15 5.68622e-16 4.14956e-15 9.72425e-16 5.65348e-15 1.51555e-15 7.36275e-15 2.19651e-15 9.27172e-15 3.0209e-15 1.13757e-14 4.00961e-15 1.36705e-14 5.15189e-15 1.61517e-14 6.44846e-15 1.88152e-14 7.90602e-15 2.16575e-14 9.54097e-15 2.46755e-14 1.13056e-14 2.7865e-14 1.32569e-14 3.12261e-14 1.53408e-14 3.47501e-14 1.75877e-14 3.84365e-14 2.00489e-14 4.22833e-14 2.26594e-14 4.62863e-14
40.9273 2.18967e-15 2.18967e-15 1.60883e-23 7.34737e-09 6.51561e-07 3.06019e-19 1.83632e-16 4.88234e-18 4.72731e-16 5.67824e-17 1.31173e-15 2.08404e-16 2.46449e-15 4.97912e-16 3.90794e-15 9.47719e-16 5.62664e-15 1.57883e-15 7.60834e-15 2.4079e-15 9.84321e-15 3.42716e-15 1.2322e-14 4.64066e-15 1.50371e-14 6.07494e-15 1.79816e-14 7.71066e-15 2.11485e-14 9.54599e-15 2.45316e-14 1.15878e-14 2.81254e-14 1.38564e-14 3.19249e-14 1.62837e-14 3.59242e-14 1.89463e-14 4.01222e-14 2.17688e-14 4.45081e-14 2.47912e-14 4.90802e-14 2.80804e-14 5.38354e-14 3.15476e-14 5.87681e-14
43.0281 1.9604e-15 1.9604e-15 1.31651e-23 6.71551e-09 6.07854e-07 7.24037e-19 2.59252e-16 1.00904e-17 6.5715e-16 1.04105e-16 1.78827e-15 3.58585e-16 3.31553e-15 8.21053e-16 5.20362e-15 1.51444e-15 7.42871e-15 2.46084e-15 9.97201e-15 3.67653e-15 1.28185e-14 5.14338e-15 1.59543e-14 6.86225e-15 1.9368e-14 8.86582e-15 2.30495e-14 1.11228e-14 2.69884e-14 1.36275e-14 3.11762e-14 1.63865e-14 3.56049e-14 1.94242e-14 4.02674e-14 2.26477e-14 4.51555e-14 2.61568e-14 5.02668e-14 2.98503e-14 5.55882e-14 3.37797e-14 6.11166e-14 3.80294e-14 6.68478e-14 4.24829e-14 7.27746e-14
45.2368 1.75631e-15 1.75631e-15 1.0772e-23 6.13329e-09 5.67151e-07 1.61492e-18 3.55688e-16 1.97897e-17 8.88626e-16 1.82185e-16 2.37396e-15 5.90758e-16 4.3459e-15 1.29904e-15 6.75351e-15 2.32552e-15 9.56237e-15 3.69028e-15 1.27456e-14 5.40633e-15 1.62816e-14 7.44036e-15 2.01512e-14 9.78809e-15 2.43383e-14 1.24887e-14 2.88289e-14 1.54954e-14 3.36092e-14 1.87975e-14 3.86675e-14 2.24006e-14 4.39931e-14 2.63337e-14 4.95765e-14 3.04746e-14 5.54073e-14 3.49497e-14 6.14814e-14 3.96285e-14 6.77832e-14 4.45751e-14 7.43085e-14 4.98934e-14 8.10513e-14 5.54357e-14 8.80031e-14
47.5588 1.57503e-15 1.57503e-15 8.81262e-24 5.5952e-09 5.27377e-07 3.40661e-18 4.75002e-16 3.69382e-17 1.17072e-15 3.05126e-16 3.07336e-15 9.34184e-16 5.55822e-15 1.97669e-15 8.55536e-15 3.43945e-15 1.20175e-14 5.33625e-15 1.59082e-14 7.67329e-15 2.01984e-14 1.03969e-14 2.48625e-14 1.34956e-14 2.98793e-14 1.70155e-14 3.52305e-14 2.08908e-14 4.08983e-14 2.51047e-14 4.68678e-14 2.96619e-14 5.31253e-14 3.45956e-14 5.9659e-14 3.97511e-14 6.64558e-14 4.52845e-14 7.351e-14 5.10329e-14 8.08038e-14 5.70743e-14 8.83314e-14 6.35334e-14 9.60855e-14 7.02288e-14 1.04056e-13
50 1.412e-15 1.412e-15 7.20728e-24 5.10432e-09 4.90553e-07 6.80623e-18 6.17425e-16 6.56931e-17 1.50252e-15 4.89499e-16 3.87945e-15 1.41899e-15 6.93466e-15 2.89462e-15 1.0576e-14 4.90228e-15 1.47416e-14 7.44445e-15 1.93841e-14 1.05166e-14 2.44661e-14 1.40396e-14 2.99553e-14 1.79934e-14 3.5825e-14 2.24313e-14 4.20522e-14 2.72655e-14 4.86154e-14 3.24727e-14 5.54959e-14 3.80561e-14 6.26776e-14 4.40539e-14 7.01458e-14 5.02767e-14 7.78854e-14 5.69121e-14 8.58888e-14 6.37634e-14 9.41362e-14 7.09234e-14 1.0262e-13 7.85377e-14 1.11333e-13 8.63906e-14 1.20262e-13
52.5665 1.26678e-15 1.26678e-15 5.8945e-24 4.65312e-09 4.55573e-07 1.29276e-17 7.8296e-16 1.11701e-16 1.88275e-15 7.54579e-16 4.78509e-15 2.07665e-15 8.45813e-15 4.09129e-15 1.27848e-14 6.75297e-15 1.76872e-14 1.00478e-14 2.31062e-14 1.39569e-14 2.89957e-14 1.83714e-14 3.53164e-14 2.32616e-14 4.2036e-14 2.86884e-14 4.91271e-14 3.45405e-14 5.65641e-14 4.07874e-14 6.43253e-14 4.74317e-14 7.23919e-14 5.45162e-14 8.07469e-14 6.18169e-14 8.93732e-14 6.95531e-14 9.82614e-14 7.7495e-14 1.0739e-13 8.57503e-14 1.16752e-13 9.44849e-14 1.26335e-13 1.0345e-13 1.3613e-13
55.2648 1.13729e-15 1.13729e-15 4.82008e-24 4.23823e-09 4.21632e-07 2.34e-17 9.69737e-16 1.81982e-16 2.30587e-15 1.11987e-15 5.77304e-15 2.93334e-15 1.00947e-14 5.59088e-15 1.51272e-14 9.00513e-15 2.07753e-14 1.31414e-14 2.69683e-14 1.79635e-14 3.36512e-14 2.33302e-14 4.07779e-14 2.92019e-14 4.83109e-14 3.56477e-14 5.62186e-14 4.25322e-14 6.44719e-14 4.98186e-14 7.30465e-14 5.75088e-14 8.19211e-14 6.56507e-14 9.10769e-14 7.39873e-14 1.00495e-13 8.27688e-14 1.10165e-13 9.17343e-14 1.20064e-13 1.01006e-13 1.30184e-13 1.10769e-13 1.40513e-13 1.20744e-13 1.51039e-13
58.1015 1.02116e-15 1.02116e-15 3.94182e-24 3.86013e-09 3.90184e-07 4.04385e-17 1.17379e-15 2.84522e-16 2.76175e-15 1.60224e-15 6.81581e-15 4.00408e-15 1.17943e-14 7.3951e-15 1.75259e-14 1.16372e-14 2.38986e-14 1.66719e-14 3.08301e-14 2.24444e-14 3.82573e-14 2.87801e-14 4.6128e-14 3.56308e-14 5.44002e-14 4.30742e-14 6.30386e-14 5.09519e-14 7.20115e-14 5.92218e-14 8.12923e-14 6.78862e-14 9.08582e-14 7.69982e-14 1.00689e-13 8.62709e-14 1.10765e-13 9.59835e-14 1.21073e-13 1.05848e-13 1.31593e-13 1.16e-13 1.42314e-13 1.2664e-13 1.53225e-13 1.37465e-13 1.64312e-13
61.0839 9.17665e-16 9.17665e-16 3.22329e-24 3.51249e-09 3.60275e-07 6.69188e-17 1.39106e-15 4.28055e-16 3.24045e-15 2.21545e-15 7.88791e-15 5.29442e-15 1.3512e-14 9.48969e-15 1.99142e-14 1.46064e-14 2.69665e-14 2.05616e-14 3.45762e-14 2.7282e-14 4.26731e-14 3.45613e-14 5.12002e-14 4.23445e-14 6.01116e-14 5.07186e-14 6.93696e-14 5.95045e-14 7.89407e-14 6.86568e-14 8.87969e-14 7.81789e-14 9.89144e-14 8.8129e-14 1.09272e-13 9.81958e-14 1.1985e-13 1.08684e-13 1.30636e-13 1.19283e-13 1.41607e-13 1.3014e-13 1.52755e-13 1.41471e-13 1.64066e-13 1.5295e-13 1.7553e-13
64.2193 8.24862e-16 8.24862e-16 2.63561e-24 3.19521e-09 3.31824e-07 1.06208e-16 1.61483e-15 6.20523e-16 3.72635e-15 2.9639e-15 8.95137e-15 6.78807e-15 1.51834e-14 1.18252e-14 2.21985e-14 1.78219e-14 2.98547e-14 2.46729e-14 3.80508e-14 3.22882e-14 4.67111e-14 4.04337e-14 5.5775e-14 4.90508e-14 6.51946e-14 5.82361e-14 7.49306e-14 6.77937e-14 8.49489e-14 7.76767e-14 9.52209e-14 8.7891e-14 1.05723e-13 9.84999e-14 1.16433e-13 1.09174e-13 1.27333e-13 1.20237e-13 1.38409e-13 1.31365e-13 1.49642e-13 1.42715e-13 1.6102e-13 1.5451e-13 1.72534e-13 1.66413e-13 1.84171e-13
67.5157 7.41982e-16 7.41982e-16 2.15495e-24 2.90431e-09 3.0492e-07 1.62075e-16 1.83906e-15 8.68741e-16 4.20582e-15 3.8445e-15 9.97467e-15 8.45578e-15 1.67571e-14 1.43366e-14 2.4307e-14 2.11786e-14 3.24712e-14 2.88581e-14 4.11421e-14 3.72728e-14 5.02411e-14 4.61661e-14 5.97056e-14 5.54794e-14 6.9487e-14 6.53191e-14 7.9546e-14 7.54775e-14 8.98486e-14 8.59086e-14 1.00367e-13 9.66214e-14 1.11078e-13 1.07684e-13 1.21962e-13 1.18756e-13 1.32999e-13 1.30176e-13 1.44178e-13 1.41612e-13 1.5548e-13 1.53227e-13 1.66895e-13 1.6525e-13 1.78414e-13 1.77337e-13 1.90026e-13
70.9813 6.67579e-16 6.67579e-16 1.76226e-24 2.63978e-09 2.80015e-07 2.38155e-16 2.05574e-15 1.17607e-15 4.66115e-15 4.84001e-15 1.0918e-14 1.02435e-14 1.81696e-14 1.69258e-14 2.61523e-14 2.45319e-14 3.47052e-14 3.29264e-14 4.37178e-14 4.19996e-14 5.31103e-14 5.14806e-14 6.28205e-14 6.13139e-14 7.28009e-14 7.16158e-14 8.30131e-14 8.21722e-14 9.34249e-14 9.294e-14 1.0401e-13 1.03933e-13 1.14747e-13 1.15222e-13 1.25616e-13 1.26464e-13 1.36602e-13 1.38007e-13 1.47692e-13 1.49516e-13 1.58871e-13 1.61159e-13 1.7013e-13 1.73166e-13 1.81459e-13 1.85195e-13 1.92851e-13
74.6248 6.01093e-16 6.01093e-16 1.44102e-24 2.39733e-09 2.56801e-07 3.37773e-16 2.25887e-15 1.54289e-15 5.07967e-15 5.9259e-15 1.17548e-14 1.2091e-14 1.93812e-14 1.94949e-14 2.76832e-14 2.77483e-14 3.64968e-14 3.67124e-14 4.57114e-14 4.62763e-14 5.52489e-14 5.61624e-14 6.50493e-14 6.63223e-14 7.50675e-14 7.68815e-14 8.52677e-14 8.76249e-14 9.56204e-14 9.85143e-14 1.06102e-13 1.09568e-13 1.16692e-13 1.20861e-13 1.27375e-13 1.32053e-13 1.38136e-13 1.43495e-13 1.48964e-13 1.54856e-13 1.59847e-13 1.66307e-13 1.70776e-13 1.78074e-13 1.81746e-13 1.89823e-13 1.92747e-13
78.4553 5.41582e-16 5.41582e-16 1.17846e-24 2.17595e-09 2.35158e-07 4.63163e-16 2.44186e-15 1.96443e-15 5.44752e-15 7.0652e-15 1.24566e-14 1.39225e-14 2.03504e-14 2.19307e-14 2.8848e-14 3.06824e-14 3.77864e-14 4.0044e-14 4.70588e-14 4.99092e-14 5.65906e-14 6.00025e-14 6.63265e-14 7.02852e-14 7.6225e-14 8.08911e-14 8.62542e-14 9.16094e-14 9.63878e-14 1.02408e-13 1.06605e-13 1.13311e-13 1.1689e-13 1.24394e-13 1.27228e-13 1.35329e-13 1.37607e-13 1.46462e-13 1.48018e-13 1.57474e-13 1.58452e-13 1.68533e-13 1.68902e-13 1.79859e-13 1.79362e-13 1.91132e-13 1.89828e-13
82.4824 4.88062e-16 4.88062e-16 9.63853e-25 1.97486e-09 2.14526e-07 6.14778e-16 2.598e-15 2.42988e-15 5.75097e-15 8.20995e-15 1.29965e-14 1.56516e-14 2.10395e-14 2.41139e-14 2.9601e-14 3.31889e-14 3.85241e-14 4.27567e-14 4.77085e-14 5.27214e-14 5.70862e-14 6.28174e-14 6.66074e-14 7.30181e-14 7.62362e-14 8.34636e-14 8.59449e-14 9.39523e-14 9.57116e-14 1.0446e-13 1.05519e-13 1.15014e-13 1.15355e-13 1.25692e-13 1.25207e-13 1.36183e-13 1.35066e-13 1.46821e-13 1.44926e-13 1.57306e-13 1.54779e-13 1.678e-13 1.64621e-13 1.78512e-13 1.74448e-13 1.89142e-13 1.84256e-13
86.7162 4.4005e-16 4.4005e-16 7.88368e-25 1.79154e-09 1.96145e-07 7.9141e-16 2.72358e-15 2.92504e-15 5.98306e-15 9.31281e-15 1.33636e-14 1.7204e-14 2.14379e-14 2.59529e-14 2.99364e-14 3.51683e-14 3.87124e-14 4.47511e-14 4.76754e-14 5.46208e-14 5.67655e-14 6.45281e-14 6.59403e-14 7.44597e-14 7.51698e-14 8.45601e-14 8.44316e-14 9.46408e-14 9.37085e-14 1.04685e-13 1.02987e-13 1.14724e-13 1.12258e-13 1.24837e-13 1.21514e-13 1.34732e-13 1.30746e-13 1.44728e-13 1.39951e-13 1.54546e-13 1.49125e-13 1.64341e-13 1.58265e-13 1.7431e-13 1.67368e-13 1.84173e-13 1.76433e-13
91.1674 3.97025e-16 3.97025e-16 6.4483e-25 1.62416e-09 1.79443e-07 9.8973e-16 2.81602e-15 3.43189e-15 6.13948e-15 1.03262e-14 1.35534e-14 1.85137e-14 2.15456e-14 2.73747e-14 2.98628e-14 3.65502e-14 3.83728e-14 4.59674e-14 4.69969e-14 5.55643e-14 5.56851e-14 6.51131e-14 6.4403e-14 7.46144e-14 7.31271e-14 8.42142e-14 8.18407e-14 9.37403e-14 9.05315e-14 1.03183e-13 9.91902e-14 1.12578e-13 1.07811e-13 1.22002e-13 1.16388e-13 1.31187e-13 1.24917e-13 1.40434e-13 1.33397e-13 1.49485e-13 1.41825e-13 1.58488e-13 1.502e-13 1.67625e-13 1.58522e-13 1.76641e-13 1.66789e-13
95.847 3.58392e-16 3.58392e-16 5.27458e-25 1.47174e-09 1.64288e-07 1.20401e-15 2.87338e-15 3.92906e-15 6.21728e-15 1.12037e-14 1.35646e-14 1.95235e-14 2.13678e-14 2.83233e-14 2.93962e-14 3.72887e-14 3.75354e-14 4.63767e-14 4.57204e-14 5.55453e-14 5.39117e-14 6.45922e-14 6.20834e-14 7.35304e-14 7.02191e-14 8.25058e-14 7.83074e-14 9.13636e-14 8.63409e-14 1.00102e-13 9.43142e-14 1.08757e-13 1.02224e-13 1.17405e-13 1.10069e-13 1.25802e-13 1.17847e-13 1.34228e-13 1.25557e-13 1.4245e-13 1.33201e-13 1.50605e-13 1.40778e-13 1.58859e-13 1.48289e-13 1.66982e-13 1.55734e-13
100.767 3.23645e-16 3.23645e-16 4.31418e-25 1.333e-09 1.48853e-07 1.42653e-15 2.89509e-15 4.39415e-15 6.21659e-15 1.19058e-14 1.34029e-14 2.01935e-14 2.09207e-14 2.877e-14 2.85674e-14 3.73743e-14 3.62485e-14 4.59939e-14 4.39139e-14 5.46075e-14 5.1535e-14 6.30395e-14 5.90945e-14 7.13145e-14 6.65827e-14 7.95756e-14 7.39936e-14 8.76864e-14 8.13241e-14 9.56507e-14 8.85727e-14 1.03507e-13 9.57392e-14 1.11327e-13 1.02824e-13 1.18894e-13 1.09828e-13 1.26463e-13 1.16751e-13 1.33827e-13 1.23597e-13 1.41111e-13 1.30368e-13 1.48465e-13 1.37063e-13 1.55684e-13 1.43687e-13
105.939 2.92423e-16 2.92423e-16 3.52986e-25 1.20711e-09 1.34959e-07 1.64856e-15 2.88266e-15 4.80688e-15 6.14201e-15 1.24067e-14 1.30836e-14 2.05091e-14 2.0235e-14 2.87218e-14 2.74259e-14 3.68413e-14 3.45832e-14 4.48849e-14 4.16716e-14 5.28504e-14 4.86735e-14 6.05897e-14 5.55799e-14 6.81369e-14 6.23872e-14 7.56298e-14 6.90943e-14 8.29504e-14 7.57021e-14 9.01075e-14 8.22123e-14 9.71402e-14 8.86272e-14 1.04115e-13 9.49493e-14 1.10843e-13 1.01182e-13 1.17551e-13 1.07325e-13 1.24061e-13 1.13386e-13 1.30483e-13 1.19366e-13 1.36951e-13 1.25266e-13 1.43286e-13 1.31091e-13
111.377 2.64333e-16 2.64333e-16 2.88762e-25 1.09242e-09 1.23465e-07 1.86039e-15 2.83803e-15 5.14873e-15 5.999e-15 1.26895e-14 1.26233e-14 2.04708e-14 1.93429e-14 2.82039e-14 2.60221e-14 3.57441e-14 3.26097e-14 4.31349e-14 3.90849e-14 5.03916e-14 4.54403e-14 5.73924e-14 5.16744e-14 6.41785e-14 5.77891e-14 7.08806e-14 6.37877e-14 7.73983e-14 6.96744e-14 8.37444e-14 7.54536e-14 8.99571e-14 8.11297e-14 9.60978e-14 8.67069e-14 1.02003e-13 9.21897e-14 1.07875e-13 9.75806e-14 1.13557e-13 1.02886e-13 1.1915e-13 1.08108e-13 1.24769e-13 1.13251e-13 1.30262e-13 1.18317e-13
117.094 2.39045e-16 2.39045e-16 2.36238e-25 9.88257e-10 1.12225e-07 2.05255e-15 2.76427e-15 5.40557e-15 5.79535e-15 1.27508e-14 1.20434e-14 2.00982e-14 1.82827e-14 2.72649e-14 2.44132e-14 3.41615e-14 3.0405e-14 4.0854e-14 3.6251e-14 4.73721e-14 4.19527e-14 5.36182e-14 4.75152e-14 5.96385e-14 5.29454e-14 6.5555e-14 5.82498e-14 7.12837e-14 6.34355e-14 7.68399e-14 6.85089e-14 8.22604e-14 7.34761e-14 8.76011e-14 7.83426e-14 9.2722e-14 8.31139e-14 9.78005e-14 8.77934e-14 1.02703e-13 9.23883e-14 1.07518e-13 9.69013e-14 1.12344e-13 1.01336e-13 1.17053e-13 1.05697e-13
123.105 2.1632e-16 2.1632e-16 1.93306e-25 8.93612e-10 1.01991e-07 2.21696e-15 2.66569e-15 5.56963e-15 5.54138e-15 1.26016e-14 1.13698e-14 1.94307e-14 1.70982e-14 2.59747e-14 2.26624e-14 3.21942e-14 2.80518e-14 3.81727e-14 3.32716e-14 4.3951e-14 3.83313e-14 4.94531e-14 4.32413e-14 5.47281e-14 4.80121e-14 5.98881e-14 5.26532e-14 6.48637e-14 5.71738e-14 6.9672e-14 6.15816e-14 7.43474e-14 6.5884e-14 7.89402e-14 7.00873e-14 8.3332e-14 7.41978e-14 8.76765e-14 7.82193e-14 9.18611e-14 8.21594e-14 9.59614e-14 8.60212e-14 1.00064e-13 8.98087e-14 1.04058e-13 9.35261e-14
129.424 1.95859e-16 1.95859e-16 1.58137e-25 8.07403e-10 9.17474e-08 2.34645e-15 2.54603e-15 5.63661e-15 5.24605e-15 1.22584e-14 1.06245e-14 1.85108e-14 1.58267e-14 2.44025e-14 2.0822e-14 2.99366e-14 2.56175e-14 3.52087e-14 3.02286e-14 4.02676e-14 3.46712e-14 4.50561e-14 3.89601e-14 4.96238e-14 4.31086e-14 5.40724e-14 4.71281e-14 5.83454e-14 5.10291e-14 6.24606e-14 5.48206e-14 6.64497e-14 5.85105e-14 7.03573e-14 6.21056e-14 7.40844e-14 6.56125e-14 7.77627e-14 6.90356e-14 8.12979e-14 7.23822e-14 8.4755e-14 7.56558e-14 8.82074e-14 7.88603e-14 9.15626e-14 8.19998e-14
136.067 1.77388e-16 1.77388e-16 1.29406e-25 7.29509e-10 8.34051e-08 2.4356e-15 2.409e-15 5.60689e-15 4.91821e-15 1.17443e-14 9.82884e-15 1.73867e-14 1.45026e-14 2.26198e-14 1.89393e-14 2.74809e-14 2.31613e-14 3.2073e-14 2.71923e-14 3.64495e-14 3.10531e-14 4.05689e-14 3.47615e-14 4.44797e-14 3.83327e-14 4.82728e-14 4.17794e-14 5.19031e-14 4.5113e-14 5.5388e-14 4.83428e-14 5.87564e-14 5.14771e-14 6.20472e-14 5.4523e-14 6.51785e-14 5.7487e-14 6.8262e-14 6.03737e-14 7.12195e-14 6.31901e-14 7.41062e-14 6.59398e-14 7.69839e-14 6.86266e-14 7.97759e-14 7.12545e-14
143.051 1.60785e-16 1.60785e-16 1.05882e-25 6.58536e-10 7.56193e-08 2.483e-15 2.26006e-15 5.48947e-15 4.56999e-15 1.10958e-14 9.00969e-15 1.61212e-14 1.31672e-14 2.07126e-14 1.70694e-14 2.49331e-14 2.07508e-14 2.88886e-14 2.42412e-14 3.26343e-14 2.7565e-14 3.61413e-14 3.0742e-14 3.94559e-14 3.37884e-14 4.26585e-14 3.67176e-14 4.57131e-14 3.95412e-14 4.86364e-14 4.22685e-14 5.14545e-14 4.49081e-14 5.42008e-14 4.74667e-14 5.68081e-14 4.99509e-14 5.93704e-14 5.2365e-14 6.18232e-14 5.47158e-14 6.42132e-14 5.70067e-14 6.65918e-14 5.92413e-14 6.88959e-14 6.14234e-14
150.394 1.45764e-16 1.45764e-16 8.66486e-26 5.94446e-10 6.88184e-08 2.48698e-15 2.10191e-15 5.29121e-15 4.20781e-15 1.03396e-14 8.18156e-15 1.47578e-14 1.18427e-14 1.87377e-14 1.52407e-14 2.23602e-14 1.84192e-14 2.57299e-14 2.14126e-14 2.89018e-14 2.4247e-14 3.18568e-14 2.69434e-14 3.46382e-14 2.95183e-14 3.73157e-14 3.19851e-14 3.98614e-14 3.43554e-14 4.22909e-14 3.66383e-14 4.46269e-14 3.88419e-14 4.68982e-14 4.09728e-14 4.905e-14 4.30371e-14 5.11605e-14 4.50391e-14 5.31774e-14 4.6985e-14 5.51393e-14 4.8878e-14 5.70888e-14 5.07214e-14 5.89746e-14 5.25187e-14
158.114 1.32213e-16 1.32213e-16 7.09175e-26 5.3639e-10 6.1568e-08 2.45032e-15 1.93914e-15 5.02672e-15 3.84159e-15 9.51318e-15 7.36498e-15 1.33516e-14 1.05589e-14 1.67634e-14 1.34905e-14 1.98402e-14 1.62101e-14 2.26822e-14 1.87543e-14 2.53424e-14 2.11504e-14 2.78092e-14 2.34193e-14 3.0122e-14 2.55775e-14 3.23409e-14 2.76378e-14 3.44443e-14 2.96114e-14 3.64463e-14 3.15069e-14 3.83668e-14 3.3332e-14 4.023e-14 3.50929e-14 4.19917e-14 3.67952e-14 4.37166e-14 3.84428e-14 4.53622e-14 4.00414e-14 4.69605e-14 4.1594e-14 4.85464e-14 4.31035e-14 5.00784e-14 4.45732e-14
166.23 1.19998e-16 1.19998e-16 5.8041e-26 4.83683e-10 5.69732e-08 2.37715e-15 1.77539e-15 4.711e-15 3.47916e-15 8.64929e-15 6.57538e-15 1.19474e-14 9.33696e-15 1.48424e-14 1.18443e-14 1.74306e-14 1.41514e-14 1.98055e-14 1.6296e-14 2.20168e-14 1.83051e-14 2.40585e-14 2.01991e-14 2.59657e-14 2.19938e-14 2.77898e-14 2.37014e-14 2.9514e-14 2.53323e-14 3.11511e-14 2.68945e-14 3.27181e-14 2.83951e-14 3.42353e-14 2.98397e-14 3.56672e-14 3.12335e-14 3.70669e-14 3.258e-14 3.84001e-14 3.38843e-14 3.96932e-14 3.5149e-14 4.09746e-14 3.63768e-14 4.22108e-14 3.75705e-14
174.763 1.08958e-16 1.08958e-16 4.74997e-26 4.35946e-10 5.21573e-08 2.27217e-15 1.61325e-15 4.35787e-15 3.12594e-15 7.77449e-15 5.82284e-15 1.05786e-14 8.18984e-15 1.30112e-14 1.0316e-14 1.51682e-14 1.2257e-14 1.71355e-14 1.40502e-14 1.89582e-14 1.57215e-14 2.06342e-14 1.72903e-14 2.21946e-14 1.87715e-14 2.36825e-14 2.01762e-14 2.50853e-14 2.15141e-14 2.64143e-14 2.27924e-14 2.76836e-14 2.40175e-14 2.89103e-14 2.51944e-14 3.00662e-14 2.63277e-14 3.11942e-14 2.74207e-14 3.22672e-14 2.84777e-14 3.33064e-14 2.95011e-14 3.4335e-14 3.04933e-14 3.53262e-14 3.14567e-14
183.733 9.90094e-17 9.90094e-17 3.88706e-26 3.92595e-10 4.58662e-08 2.14224e-15 1.45577e-15 3.98314e-15 2.78805e-15 6.91559e-15 5.118e-15 9.2771e-15 7.13059e-15 1.13032e-14 8.91959e-15 1.30862e-14 1.05403e-14 1.4703e-14 1.20286e-14 1.61941e-14 1.3409e-14 1.75601e-14 1.46994e-14 1.88277e-14 1.59135e-14 2.00332e-14 1.70615e-14 2.1167e-14 1.81518e-14 2.22388e-14 1.91911e-14 2.32606e-14 2.0185e-14 2.42463e-14 2.11379e-14 2.51737e-14 2.20539e-14 2.60774e-14 2.29358e-14 2.69359e-14 2.37874e-14 2.77664e-14 2.46107e-14 2.85874e-14 2.54079e-14 2.93776e-14 2.61809e-14
193.164 8.99828e-17 8.99828e-17 3.18138e-26 3.53554e-10 4.34372e-08 1.99249e-15 1.30408e-15 3.59748e-15 2.46764e-15 6.08771e-15 4.46358e-15 8.05767e-15 6.16071e-15 9.7305e-15 7.65399e-15 1.11921e-14 8.99677e-15 1.25104e-14 1.02227e-14 1.37211e-14 1.13545e-14 1.48262e-14 1.24084e-14 1.58488e-14 1.33966e-14 1.68187e-14 1.43283e-14 1.7729e-14 1.52109e-14 1.85877e-14 1.60504e-14 1.94049e-14 1.68514e-14 2.01921e-14 1.76181e-14 2.09315e-14 1.83538e-14 2.16512e-14 1.9061e-14 2.23339e-14 1.97429e-14 2.29937e-14 2.04013e-14 2.36452e-14 2.1038e-14 2.42717e-14 2.16547e-14
203.079 8.1822e-17 8.1822e-17 2.60427e-26 3.18285e-10 4.24053e-08 1.83023e-15 1.16037e-15 3.21395e-15 2.16869e-15 5.30843e-15 3.86525e-15 6.93786e-15 5.28562e-15 8.30824e-15 6.52305e-15 9.49769e-15 7.62782e-15 1.05652e-14 8.63087e-15 1.15416e-14 9.55274e-15 1.243e-14 1.0408e-14 1.32498e-14 1.12074e-14 1.40255e-14 1.1959e-14 1.4752e-14 1.26692e-14 1.54362e-14 1.33433e-14 1.60862e-14 1.39853e-14 1.67113e-14 1.45987e-14 1.72978e-14 1.51863e-14 1.78678e-14 1.57504e-14 1.8408e-14 1.62935e-14 1.89295e-14 1.68173e-14 1.9444e-14 1.73232e-14 1.99382e-14 1.78127e-14
213.503 7.44607e-17 7.44607e-17 2.13122e-26 2.86221e-10 3.71181e-08 1.66195e-15 1.02606e-15 2.84275e-15 1.89353e-15 4.58913e-15 3.32528e-15 5.92666e-15 4.50584e-15 7.04147e-15 5.52451e-15 8.00314e-15 6.42772e-15 8.86219e-15 7.24343e-15 9.64506e-15 7.98991e-15 1.03552e-14 8.68001e-15 1.10089e-14 9.32307e-15 1.16261e-14 9.9261e-15 1.2203e-14 1.04947e-14 1.27453e-14 1.10332e-14 1.32598e-14 1.15452e-14 1.3754e-14 1.20335e-14 1.42169e-14 1.25006e-14 1.46664e-14 1.29483e-14 1.5092e-14 1.3379e-14 1.55024e-14 1.37937e-14 1.59069e-14 1.41939e-14 1.62951e-14 1.45807e-14
224.463 6.77681e-17 6.77681e-17 1.74489e-26 2.57479e-10 2.96522e-08 1.49181e-15 9.01201e-16 2.48918e-15 1.64175e-15 3.93258e-15 2.84089e-15 5.02202e-15 3.81505e-15 5.92248e-15 4.64786e-15 6.69481e-15 5.3814e-15 7.38176e-15 6.04052e-15 8.00566e-15 6.64126e-15 8.57004e-15 7.19476e-15 9.08828e-15 7.70905e-15 9.57664e-15 8.19015e-15 1.00323e-14 8.6428e-15 1.046e-14 9.07067e-15 1.08651e-14 9.47675e-15 1.12538e-14 9.86346e-15 1.16175e-14 1.02329e-14 1.19702e-14 1.05865e-14 1.23039e-14 1.09262e-14 1.26253e-14 1.12531e-14 1.29419e-14 1.15681e-14 1.32455e-14 1.18723e-14
235.984 6.17276e-17 6.17276e-17 1.42813e-26 2.3136e-10 2.96243e-08 1.32553e-15 7.86923e-16 2.1605e-15 1.41487e-15 3.3446e-15 2.41264e-15 4.22623e-15 3.21154e-15 4.94929e-15 3.88844e-15 5.56617e-15 4.48088e-15 6.11267e-15 5.01067e-15 6.60745e-15 5.49166e-15 7.05386e-15 5.93342e-15 7.4629e-15 6.3428e-15 7.84763e-15 6.72485e-15 8.20601e-15 7.08359e-15 8.5419e-15 7.42207e-15 8.85969e-15 7.74281e-15 9.16417e-15 8.04779e-15 9.44882e-15 8.33877e-15 9.72463e-15 8.61695e-15 9.98524e-15 8.8839e-15 1.02362e-14 9.14048e-15 1.04831e-14 9.38755e-15 1.07197e-14 9.62593e-15
248.097 5.62552e-17 5.62552e-17 1.16894e-26 2.07793e-10 2.78228e-08 1.16622e-15 6.8306e-16 1.85929e-15 1.21192e-15 2.82371e-15 2.03674e-15 3.53273e-15 2.68793e-15 4.11004e-15 3.23494e-15 4.60015e-15 3.71084e-15 5.03276e-15 4.13445e-15 5.42328e-15 4.51765e-15 5.77478e-15 4.86853e-15 6.09622e-15 5.19287e-15 6.39802e-15 5.4949e-15 6.67874e-15 5.77796e-15 6.94149e-15 6.04458e-15 7.18978e-15 6.29685e-15 7.42743e-15 6.53641e-15 7.64937e-15 6.76468e-15 7.86423e-15 6.98266e-15 8.0671e-15 7.19163e-15 8.26225e-15 7.39229e-15 8.45416e-15 7.58534e-15 8.63796e-15 7.77145e-15
260.832 5.12818e-17 5.12818e-17 9.56835e-27 1.86584e-10 2.56913e-08 1.01631e-15 5.89338e-16 1.58689e-15 1.03173e-15 2.36697e-15 1.70918e-15 2.93374e-15 2.23677e-15 3.39216e-15 2.67634e-15 3.77958e-15 3.05656e-15 4.12037e-15 3.39354e-15 4.42719e-15 3.69733e-15 4.70274e-15 3.97472e-15 4.95426e-15 4.23051e-15 5.19004e-15 4.46822e-15 5.40904e-15 4.6906e-15 5.61378e-15 4.89975e-15 5.80704e-15 5.09735e-15 5.99183e-15 5.28475e-15 6.16426e-15 5.46312e-15 6.33105e-15 5.63328e-15 6.4884e-15 5.79624e-15 6.63967e-15 5.95259e-15 6.78833e-15 6.10287e-15 6.93063e-15 6.24765e-15
274.221 4.67788e-17 4.67788e-17 7.83253e-27 1.67438e-10 2.39882e-08 8.78101e-16 5.05701e-16 1.34444e-15 8.7349e-16 1.97163e-15 1.42669e-15 2.42237e-15 1.85189e-15 2.78469e-15 2.20338e-15 3.0896e-15 2.50576e-15 3.35699e-15 2.77267e-15 3.59712e-15 3.0125e-15 3.81234e-15 3.23091e-15 4.00846e-15 3.43186e-15 4.19205e-15 3.61826e-15 4.36235e-15 3.79234e-15 4.52138e-15 3.95582e-15 4.67134e-15 4.11008e-15 4.8146e-15 4.2562e-15 4.94817e-15 4.39513e-15 5.07727e-15 4.52753e-15 5.19899e-15 4.65422e-15 5.31592e-15 4.77567e-15 5.43077e-15 4.89233e-15 5.54064e-15 5.00462e-15
288.297 4.26902e-17 4.26902e-17 6.41228e-27 1.50205e-10 2.63998e-08 7.52436e-16 4.31547e-16 1.13095e-15 7.35449e-16 1.63233e-15 1.18464e-15 1.98902e-15 1.52555e-15 2.27411e-15 1.80526e-15 2.51311e-15 2.04466e-15 2.72209e-15 2.25516e-15 2.90934e-15 2.44374e-15 3.07685e-15 2.61504e-15 3.22926e-15 2.77232e-15 3.37173e-15 2.91795e-15 3.50375e-15 3.05374e-15 3.62689e-15 3.18109e-15 3.74292e-15 3.30111e-15 3.85366e-15 3.41468e-15 3.95683e-15 3.52255e-15 4.05648e-15 3.62526e-15 4.15038e-15 3.72346e-15 4.24053e-15 3.81752e-15 4.32903e-15 3.90781e-15 4.41364e-15 3.99466e-15
303.095 3.89804e-17 3.89804e-17 5.24928e-27 1.34665e-10 2.35188e-08 6.39837e-16 3.66342e-16 9.45138e-16 6.16013e-16 1.34387e-15 9.78832e-16 1.62489e-15 1.25087e-15 1.84833e-15 1.47249e-15 2.03498e-15 1.66126e-15 2.19775e-15 1.82663e-15 2.34328e-15 1.97436e-15 2.47326e-15 2.10825e-15 2.59135e-15 2.23094e-15 2.70161e-15 2.34435e-15 2.80366e-15 2.44995e-15 2.89877e-15 2.54886e-15 2.98829e-15 2.64197e-15 3.07368e-15 2.72999e-15 3.15318e-15 2.81351e-15 3.22992e-15 2.89297e-15 3.30218e-15 2.96888e-15 3.37153e-15 3.04154e-15 3.43956e-15 3.11124e-15 3.50459e-15 3.17826e-15
318.653 3.56028e-17 3.56028e-17 4.29732e-27 1.20702e-10 1.92741e-08 5.40049e-16 3.09331e-16 7.84808e-16 5.13269e-16 1.10032e-15 8.04792e-16 1.32078e-15 1.02085e-15 1.49522e-15 1.19569e-15 1.64045e-15 1.34393e-15 1.76681e-15 1.47337e-15 1.87956e-15 1.58868e-15 1.98011e-15 1.69296e-15 2.07133e-15 1.78835e-15 2.15642e-15 1.87639e-15 2.23509e-15 1.95826e-15 2.30835e-15 2.03484e-15 2.37725e-15 2.10687e-15 2.44293e-15 2.17488e-15 2.50403e-15 2.23937e-15 2.56298e-15 2.30068e-15 2.61846e-15 2.35921e-15 2.67168e-15 2.41519e-15 2.72387e-15 2.46886e-15 2.77373e-15 2.52044e-15
335.009 3.25497e-17 3.25497e-17 3.51863e-27 1.081e-10 1.47274e-08 4.52967e-16 2.60027e-16 6.48229e-16 4.25809e-16 8.96919e-16 6.59055e-16 1.06931e-15 8.30017e-16 1.2051e-15 9.67498e-16 1.31783e-15 1.08356e-15 1.41567e-15 1.18458e-15 1.50284e-15 1.27435e-15 1.58046e-15 1.35538e-15 1.6508e-15 1.42936e-15 1.71633e-15 1.49755e-15 1.77687e-15 1.56088e-15 1.8332e-15 1.62007e-15 1.88615e-15 1.67567e-15 1.93658e-15 1.72813e-15 1.98347e-15 1.77783e-15 2.02869e-15 1.82505e-15 2.07123e-15 1.87009e-15 2.11201e-15 1.91316e-15 2.15199e-15 1.95442e-15 2.19016e-15 1.99405e-15
352.205 2.9769e-17 2.9769e-17 2.88074e-27 9.67696e-11 1.10598e-08 3.77477e-16 2.17509e-16 5.32462e-16 3.51579e-16 7.27669e-16 5.37348e-16 8.61995e-16 6.72086e-16 9.67377e-16 7.79794e-16 1.05461e-15 8.70359e-16 1.13019e-15 9.4895e-16 1.1974e-15 1.01863e-15 1.25717e-15 1.08141e-15 1.31127e-15 1.13864e-15 1.36163e-15 1.19132e-15 1.40812e-15 1.24018e-15 1.45134e-15 1.2858e-15 1.49194e-15 1.32863e-15 1.53059e-15 1.369e-15 1.56651e-15 1.40722e-15 1.60113e-15 1.4435e-15 1.63368e-15 1.4781e-15 1.66488e-15 1.51116e-15 1.69545e-15 1.54281e-15 1.72463e-15 1.5732e-15
370.284 2.7239e-17 2.7239e-17 2.35847e-27 8.65843e-11 9.01402e-09 3.12706e-16 1.81103e-16 4.35165e-16 2.89009e-16 5.87831e-16 4.3635e-16 6.92177e-16 5.42157e-16 7.73734e-16 6.26267e-16 8.41079e-16 6.96725e-16 8.99308e-16 7.57698e-16 9.5102e-16 8.11645e-16 9.9695e-16 8.60158e-16 1.03849e-15 9.04327e-16 1.07712e-15 9.44929e-16 1.11275e-15 9.82555e-16 1.14585e-15 1.01765e-15 1.17693e-15 1.05056e-15 1.2065e-15 1.08157e-15 1.23397e-15 1.11091e-15 1.26044e-15 1.13874e-15 1.28531e-15 1.16526e-15 1.30914e-15 1.19059e-15 1.33248e-15 1.21484e-15 1.35475e-15 1.2381e-15
389.291 2.49192e-17 2.49192e-17 1.93128e-27 7.75016e-11 1.293e-08 2.57443e-16 1.50018e-16 3.53736e-16 2.36417e-16 4.72655e-16 3.52748e-16 5.53434e-16 4.35503e-16 6.16355e-16 5.00946e-16 6.68191e-16 5.55575e-16 7.12935e-16 6.02729e-16 7.52617e-16 6.44367e-16 7.87823e-16 6.81751e-16 8.19633e-16 7.15741e-16 8.49193e-16 7.46952e-16 8.7644e-16 7.75846e-16 9.01741e-16 8.02773e-16 9.25481e-16 8.28008e-16 9.48057e-16 8.51765e-16 9.6902e-16 8.7423e-16 9.89206e-16 8.95529e-16 1.00817e-15 9.15817e-16 1.02634e-15 9.35183e-16 1.04412e-15 9.53712e-16 1.06109e-15 9.71484e-16
409.273 2.28278e-17 2.28278e-17 1.5813e-27 6.92709e-11 6.32632e-09 2.11035e-16 1.23846e-16 2.86533e-16 1.92788e-16 3.78966e-16 2.84384e-16 4.41399e-16 3.48967e-16 4.89876e-16 3.9979e-16 5.2973e-16 4.42078e-16 5.64076e-16 4.78494e-16 5.945e-16 5.1059e-16 6.21465e-16 5.39364e-16 6.45809e-16 5.65494e-16 6.68415e-16 5.89462e-16 6.89238e-16 6.11632e-16 7.08565e-16 6.32276e-16 7.26689e-16 6.51609e-16 7.43918e-16 6.69799e-16 7.59909e-16 6.86989e-16 7.75302e-16 7.03279e-16 7.8976e-16 7.18789e-16 8.03602e-16 7.33587e-16 8.17153e-16 7.4774e-16 8.30077e-16 7.6131e-16
430.281 2.09216e-17 2.09216e-17 1.29458e-27 6.18779e-11 2.54268e-08 1.72157e-16 1.01818e-16 2.31147e-16 1.5661e-16 3.02796e-16 2.28486e-16 3.5094e-16 2.78746e-16 3.88215e-16 3.18117e-16 4.188e-16 3.50777e-16 4.45122e-16 3.78841e-16 4.68411e-16 4.03533e-16 4.89034e-16 4.2564e-16 5.07637e-16 4.45693e-16 5.24901e-16 4.64069e-16 5.40796e-16 4.81052e-16 5.5554e-16 4.96855e-16 5.69361e-16 5.11644e-16 5.82493e-16 5.25552e-16 5.94678e-16 5.38688e-16 6.06403e-16 5.51131e-16 6.17413e-16 5.62973e-16 6.27951e-16 5.74267e-16 6.38264e-16 5.85064e-16 6.48098e-16 5.95414e-16
452.368 1.91759e-17 1.91759e-17 1.06003e-27 5.52791e-11 6.6173e-09 1.39754e-16 8.33443e-17 1.85682e-16 1.26709e-16 2.41062e-16 1.82914e-16 2.78097e-16 2.21909e-16 3.06696e-16 2.52327e-16 3.30122e-16 2.7749e-16 3.50255e-16 2.99068e-16 3.6805e-16 3.18024e-16 3.83796e-16 3.34973e-16 3.97989e-16 3.50332e-16 4.11154e-16 3.64394e-16 4.23267e-16 3.77381e-16 4.34498e-16 3.89456e-16 4.45022e-16 4.00751e-16 4.55019e-16 4.11367e-16 4.6429e-16 4.21389e-16 4.7321e-16 4.30878e-16 4.81582e-16 4.39906e-16 4.89594e-16 4.48513e-16 4.97433e-16 4.56738e-16 5.04907e-16 4.6462e-16
475.588 1.75857e-17 1.75857e-17 8.67949e-28 4.93555e-11 7.68663e-09 1.12983e-16 6.7971e-17 1.48645e-16 1.02173e-16 1.91358e-16 1.46001e-16 2.19799e-16 1.76188e-16 2.41709e-16 1.99643e-16 2.59626e-16 2.18995e-16 2.75007e-16 2.35559e-16 2.8859e-16 2.5009e-16 3.00599e-16 2.63067e-16 3.11417e-16 2.74816e-16 3.21445e-16 2.85564e-16 3.30669e-16 2.95482e-16 3.39217e-16 3.047e-16 3.47224e-16 3.13317e-16 3.54827e-16 3.21412e-16 3.61877e-16 3.29051e-16 3.68657e-16 3.36281e-16 3.7502e-16 3.43157e-16 3.81107e-16 3.4971e-16 3.87062e-16 3.55971e-16 3.92738e-16 3.61969e-16
500 1.61401e-17 1.61401e-17 7.10644e-28 4.40297e-11 5.57712e-09 9.10139e-17 5.52513e-17 1.18641e-16 8.21465e-17 1.51531e-16 1.16244e-16 1.73343e-16 1.3957e-16 1.90111e-16 1.57627e-16 2.03802e-16 1.72491e-16 2.15544e-16 1.85191e-16 2.25903e-16 1.96318e-16 2.35055e-16 2.06244e-16 2.43296e-16 2.15223e-16 2.50931e-16 2.23431e-16 2.5795e-16 2.31001e-16 2.64454e-16 2.38032e-16 2.70543e-16 2.44601e-16 2.76323e-16 2.5077e-16 2.81681e-16 2.56589e-16 2.86833e-16 2.62094e-16 2.91667e-16 2.67328e-16 2.9629e-16 2.72315e-16 3.00812e-16 2.77079e-16 3.05121e-16 2.81641e-16
525.665 1.48142e-17 1.48142e-17 5.81915e-28 3.9281e-11 -3.01961e-09 7.30196e-17 4.47388e-17 9.43651e-17 6.58147e-17 1.19635e-16 9.22672e-17 1.36333e-16 1.10248e-16 1.49144e-16 1.24121e-16 1.5959e-16 1.35516e-16 1.6854e-16 1.45237e-16 1.7643e-16 1.53742e-16 1.83397e-16 1.61323e-16 1.89667e-16 1.68175e-16 1.95473e-16 1.74434e-16 2.00808e-16 1.80203e-16 2.0575e-16 1.85559e-16 2.10376e-16 1.90561e-16 2.14766e-16 1.95256e-16 2.18834e-16 1.99683e-16 2.22745e-16 2.03871e-16 2.26413e-16 2.0785e-16 2.29921e-16 2.11641e-16 2.33352e-16 2.15261e-16 2.36621e-16 2.18727e-16
552.648 1.36091e-17 1.36091e-17 4.76489e-28 3.50124e-11 -1.36118e-08 5.84092e-17 3.61225e-17 7.48738e-17 5.25983e-17 9.42662e-17 7.30828e-17 1.07039e-16 8.6925e-17 1.1682e-16 9.7572e-17 1.24786e-16 1.06299e-16 1.31605e-16 1.13733e-16 1.37612e-16 1.20231e-16 1.42913e-16 1.26017e-16 1.47682e-16 1.31243e-16 1.52096e-16 1.36013e-16 1.56151e-16 1.40408e-16 1.59906e-16 1.44487e-16 1.63419e-16 1.48294e-16 1.66752e-16 1.51866e-16 1.69841e-16 1.55234e-16 1.72809e-16 1.58418e-16 1.75593e-16 1.61443e-16 1.78255e-16 1.64324e-16 1.80858e-16 1.67074e-16 1.83337e-16 1.69707e-16
581.015 1.25087e-17 1.25087e-17 3.90121e-28 3.1188e-11 -1.16935e-08 4.65782e-17 2.90765e-17 5.92553e-17 4.19231e-17 7.41175e-17 5.7755e-17 8.38767e-17 6.8395e-17 9.13379e-17 7.65554e-17 9.74083e-17 8.32319e-17 1.026e-16 8.89117e-17 1.07171e-16 9.38709e-17 1.11202e-16 9.82836e-17 1.14827e-16 1.02266e-16 1.18181e-16 1.059e-16 1.21262e-16 1.09246e-16 1.24113e-16 1.12349e-16 1.26781e-16 1.15245e-16 1.29311e-16 1.17962e-16 1.31655e-16 1.20522e-16 1.33907e-16 1.22942e-16 1.36019e-16 1.2524e-16 1.38038e-16 1.27429e-16 1.40012e-16 1.29518e-16 1.41892e-16 1.31517e-16
610.839 1.15029e-17 1.15029e-17 3.19419e-28 2.77686e-11 -6.12024e-09 3.70361e-17 2.33361e-17 4.67813e-17 3.3329e-17 5.81578e-17 4.5543e-17 6.56076e-17 5.37101e-17 7.12947e-17 5.99574e-17 7.59171e-17 6.506e-17 7.98674e-17 6.93955e-17 8.33434e-17 7.31775e-17 8.64077e-17 7.65401e-17 8.91618e-17 7.9573e-17 9.17095e-17 8.2339e-17 9.40485e-17 8.48847e-17 9.6213e-17 8.7245e-17 9.82376e-17 8.9447e-17 1.00158e-16 9.15117e-17 1.01936e-16 9.34569e-17 1.03644e-16 9.52951e-17 1.05246e-16 9.7041e-17 1.06777e-16 9.87029e-17 1.08274e-16 1.00289e-16 1.09699e-16 1.01806e-16
642.193 1.0581e-17 1.0581e-17 2.61553e-28 2.47192e-11 4.58536e-09 2.93638e-17 1.86731e-17 3.68428e-17 2.64276e-17 4.55401e-17 3.58332e-17 5.12213e-17 4.2093e-17 5.55523e-17 4.68699e-17 5.90693e-17 5.07653e-17 6.20729e-17 5.40715e-17 6.47145e-17 5.6953e-17 6.70422e-17 5.95133e-17 6.91335e-17 6.18213e-17 7.10676e-17 6.39251e-17 7.28427e-17 6.58607e-17 7.44849e-17 6.76546e-17 7.60208e-17 6.93276e-17 7.7477e-17 7.0896e-17 7.88254e-17 7.23732e-17 8.01208e-17 7.37689e-17 8.13351e-17 7.50941e-17 8.24956e-17 7.63554e-17 8.36299e-17 7.75588e-17 8.471e-17 7.87102e-17
675.157 9.73772e-18 9.73772e-18 2.14171e-28 2.1994e-11 -2.90505e-10 2.3223e-17 1.49026e-17 2.89556e-17 2.09079e-17 3.55985e-17 2.81403e-17 3.99279e-17 3.29331e-17 4.32244e-17 3.65823e-17 4.5899e-17 3.95539e-17 4.81818e-17 4.20733e-17 5.01885e-17 4.42675e-17 5.19561e-17 4.62159e-17 5.35436e-17 4.79714e-17 5.50114e-17 4.95708e-17 5.63582e-17 5.10418e-17 5.7604e-17 5.24048e-17 5.87688e-17 5.36755e-17 5.9873e-17 5.48664e-17 6.08954e-17 5.59879e-17 6.18774e-17 5.70472e-17 6.27978e-17 5.80529e-17 6.36774e-17 5.90099e-17 6.45369e-17 5.99229e-17 6.53554e-17 6.07963e-17
709.813 8.96668e-18 8.96668e-18 1.75347e-28 1.95554e-11 -4.41896e-08 1.83255e-17 1.18647e-17 2.27148e-17 1.65073e-17 2.7785e-17 2.20617e-17 3.10825e-17 2.57279e-17 3.35905e-17 2.85137e-17 3.56238e-17 3.07792e-17 3.73583e-17 3.26982e-17 3.88824e-17 3.43683e-17 4.02244e-17 3.58505e-17 4.14294e-17 3.71852e-17 4.25431e-17 3.84009e-17 4.35649e-17 3.95186e-17 4.45098e-17 4.05538e-17 4.53932e-17 4.15188e-17 4.62304e-17 4.2423e-17 4.70056e-17 4.32742e-17 4.77499e-17 4.40781e-17 4.84476e-17 4.48412e-17 4.91142e-17 4.55673e-17 4.97656e-17 4.62598e-17 5.03857e-17 4.69222e-17
746.248 8.26382e-18 8.26382e-18 1.43577e-28 1.73742e-11 5.38622e-08 1.44353e-17 9.4274e-18 1.77942e-17 1.3012e-17 2.16628e-17 1.72744e-17 2.41741e-17 2.00775e-17 2.60822e-17 2.22035e-17 2.76281e-17 2.39304e-17 2.89461e-17 2.53919e-17 3.01038e-17 2.6663e-17 3.11229e-17 2.77905e-17 3.20376e-17 2.88054e-17 3.28829e-17 2.97295e-17 3.36583e-17 3.05788e-17 3.43752e-17 3.13653e-17 3.50453e-17 3.20982e-17 3.56804e-17 3.27848e-17 3.62682e-17 3.3431e-17 3.68327e-17 3.40413e-17 3.73616e-17 3.46204e-17 3.7867e-17 3.51714e-17 3.83608e-17 3.56969e-17 3.88309e-17 3.61994e-17
784.553 7.61615e-18 7.61615e-18 1.1756e-28 1.54357e-11 -6.10147e-09 1.13431e-17 7.47072e-18 1.39101e-17 1.02329e-17 1.68587e-17 1.34989e-17 1.87697e-17 1.56396e-17 2.02202e-17 1.72603e-17 2.13947e-17 1.85754e-17 2.23956e-17 1.96875e-17 2.32744e-17 2.06542e-17 2.40478e-17 2.15112e-17 2.47418e-17 2.22824e-17 2.5383e-17 2.29843e-17 2.5971e-17 2.36293e-17 2.65147e-17 2.42264e-17 2.70227e-17 2.47827e-17 2.75042e-17 2.53037e-17 2.79498e-17 2.57941e-17 2.83776e-17 2.6257e-17 2.87785e-17 2.66964e-17 2.91615e-17 2.71142e-17 2.95356e-17 2.75127e-17 2.98918e-17 2.78938e-17
824.824 7.02553e-18 7.02553e-18 9.62544e-29 1.37007e-11 3.41224e-08 8.90074e-18 5.91029e-18 1.08619e-17 8.03679e-18 1.31092e-17 1.05381e-17 1.45634e-17 1.21725e-17 1.56663e-17 1.3408e-17 1.65588e-17 1.44095e-17 1.73191e-17 1.52558e-17 1.79864e-17 1.59911e-17 1.85735e-17 1.66427e-17 1.91003e-17 1.72288e-17 1.95868e-17 1.77621e-17 2.0033e-17 1.8252e-17 2.04454e-17 1.87054e-17 2.08308e-17 1.91278e-17 2.11959e-17 1.95234e-17 2.15338e-17 1.98956e-17 2.18583e-17 2.02469e-17 2.21622e-17 2.05803e-17 2.24526e-17 2.08973e-17 2.27362e-17 2.11997e-17 2.30062e-17 2.14887e-17
867.163 6.48181e-18 6.48181e-18 7.88168e-29 1.21597e-11 1.65142e-08 6.97028e-18 4.66519e-18 8.46718e-18 6.29981e-18 1.01788e-17 8.2133e-18 1.12848e-17 9.46012e-18 1.21229e-17 1.04013e-17 1.28009e-17 1.11635e-17 1.33781e-17 1.18073e-17 1.38847e-17 1.23662e-17 1.43302e-17 1.28614e-17 1.47299e-17 1.33066e-17 1.50991e-17 1.37116e-17 1.54375e-17 1.40836e-17 1.57502e-17 1.44278e-17 1.60425e-17 1.47484e-17 1.63193e-17 1.50486e-17 1.65755e-17 1.5331e-17 1.68215e-17 1.55976e-17 1.70519e-17 1.58505e-17 1.7272e-17 1.6091e-17 1.7487e-17 1.63203e-17 1.76916e-17 1.65395e-17
911.674 5.98514e-18 5.98514e-18 6.45307e-29 1.07818e-11 -2.1451e-08 5.45194e-18 3.67695e-18 6.59433e-18 4.93257e-18 7.89799e-18 6.39593e-18 8.73927e-18 7.34698e-18 9.3764e-18 8.06397e-18 9.89149e-18 8.64415e-18 1.033e-17 9.13384e-18 1.07146e-17 9.55885e-18 1.10529e-17 9.93522e-18 1.13562e-17 1.02736e-17 1.16364e-17 1.05813e-17 1.18932e-17 1.08638e-17 1.21305e-17 1.11252e-17 1.23522e-17 1.13686e-17 1.25622e-17 1.15965e-17 1.27565e-17 1.18109e-17 1.29431e-17 1.20132e-17 1.31178e-17 1.22052e-17 1.32847e-17 1.23877e-17 1.34478e-17 1.25616e-17 1.36029e-17 1.2728e-17
958.471 5.52695e-18 5.52695e-18 5.28425e-29 9.56087e-12 5.29932e-08 4.2565e-18 2.8919e-18 5.1276e-18 3.85509e-18 6.11989e-18 4.9731e-18 6.7595e-18 5.69799e-18 7.24359e-18 6.24383e-18 7.63479e-18 6.68518e-18 7.9677e-18 7.0575e-18 8.25967e-18 7.38051e-18 8.51637e-18 7.66646e-18 8.74656e-18 7.92346e-18 8.9591e-18 8.15712e-18 9.15391e-18 8.37164e-18 9.33391e-18 8.57008e-18 9.50206e-18 8.75484e-18 9.66134e-18 8.92779e-18 9.8087e-18 9.09047e-18 9.95014e-18 9.24399e-18 1.00826e-17 9.3896e-18 1.02092e-17 9.52804e-18 1.03328e-17 9.66002e-18 1.04504e-17 9.78618e-18
1007.67 5.10876e-18 5.10876e-18 4.3261e-29 8.468e-12 6.24652e-08 3.32041e-18 2.27193e-18 3.98475e-18 3.01055e-18 4.74028e-18 3.86469e-18 5.22676e-18 4.41732e-18 5.59474e-18 4.83299e-18 5.89201e-18 5.16886e-18 6.14491e-18 5.45206e-18 6.36666e-18 5.69766e-18 6.56158e-18 5.91502e-18 6.73636e-18 6.11032e-18 6.89771e-18 6.28786e-18 7.04558e-18 6.45082e-18 7.1822e-18 6.60155e-18 7.30982e-18 6.74187e-18 7.43069e-18 6.8732e-18 7.54251e-18 6.99672e-18 7.64983e-18 7.11327e-18 7.75036e-18 7.22381e-18 7.84637e-18 7.3289e-18 7.94014e-18 7.42907e-18 8.02937e-18 7.52483e-18
1059.39 4.72251e-18 4.72251e-18 3.54276e-29 7.50186e-12 -2.83453e-08 2.58597e-18 1.78146e-18 3.09228e-18 2.34722e-18 3.66723e-18 2.99924e-18 4.03708e-18 3.42026e-18 4.3167e-18 3.73664e-18 4.54251e-18 3.99211e-18 4.73457e-18 4.20743e-18 4.90293e-18 4.3941e-18 5.05091e-18 4.55926e-18 5.18358e-18 4.70763e-18 5.30603e-18 4.84248e-18 5.41825e-18 4.96623e-18 5.52192e-18 5.08068e-18 5.61875e-18 5.18722e-18 5.71046e-18 5.28692e-18 5.79529e-18 5.38068e-18 5.87671e-18 5.46915e-18 5.95297e-18 5.55304e-18 6.02579e-18 5.63279e-18 6.09691e-18 5.70881e-18 6.16459e-18 5.78147e-18
1113.77 4.36873e-18 4.36873e-18 2.90001e-29 6.63811e-12 5.41577e-08 2.01229e-18 1.3953e-18 2.39819e-18 1.82851e-18 2.83581e-18 2.32621e-18 3.11708e-18 2.64701e-18 3.32963e-18 2.88786e-18 3.50122e-18 3.08223e-18 3.64713e-18 3.24599e-18 3.77503e-18 3.38791e-18 3.88741e-18 3.51345e-18 3.98816e-18 3.62621e-18 4.08114e-18 3.72867e-18 4.16634e-18 3.82269e-18 4.24504e-18 3.90963e-18 4.31855e-18 3.99055e-18 4.38816e-18 4.06627e-18 4.45256e-18 4.13748e-18 4.51435e-18 4.20466e-18 4.57223e-18 4.26836e-18 4.6275e-18 4.32891e-18 4.68147e-18 4.38663e-18 4.73283e-18 4.44179e-18
1170.94 4.04288e-18 4.04288e-18 2.37462e-29 5.8736e-12 4.61126e-09 1.56408e-18 1.0913e-18 1.85812e-18 1.42279e-18 2.19117e-18 1.80254e-18 2.40507e-18 2.04692e-18 2.56664e-18 2.23024e-18 2.69703e-18 2.37812e-18 2.80789e-18 2.50265e-18 2.90504e-18 2.61055e-18 2.9904e-18 2.70598e-18 3.06691e-18 2.79167e-18 3.13752e-18 2.86953e-18 3.20221e-18 2.94096e-18 3.26197e-18 3.00701e-18 3.31777e-18 3.06847e-18 3.37062e-18 3.12599e-18 3.4195e-18 3.18007e-18 3.46641e-18 3.23108e-18 3.51034e-18 3.27945e-18 3.5523e-18 3.32543e-18 3.59326e-18 3.36926e-18 3.63224e-18 3.41114e-18
1231.05 3.744e-18 3.744e-18 1.94434e-29 5.1932e-12 1.3231e-07 1.21487e-18 8.52707e-19 1.43896e-18 1.10631e-18 1.69249e-18 1.39609e-18 1.85521e-18 1.58229e-18 1.97806e-18 1.72186e-18 2.07719e-18 1.83439e-18 2.16145e-18 1.92913e-18 2.23529e-18 2.0112e-18 2.30015e-18 2.08376e-18 2.35828e-18 2.14891e-18 2.41193e-18 2.20809e-18 2.46107e-18 2.26239e-18 2.50647e-18 2.31259e-18 2.54886e-18 2.3593e-18 2.589e-18 2.403e-18 2.62613e-18 2.44409e-18 2.66175e-18 2.48285e-18 2.69512e-18 2.5196e-18 2.72698e-18 2.55454e-18 2.75809e-18 2.58783e-18 2.78769e-18 2.61964e-18
1294.24 3.46865e-18 3.46865e-18 1.59235e-29 4.5907e-12 -3.80224e-08 9.42755e-19 6.65492e-19 1.11352e-18 8.59428e-19 1.30652e-18 1.0805e-18 1.43031e-18 1.22236e-18 1.52375e-18 1.32862e-18 1.59912e-18 1.41426e-18 1.66317e-18 1.48634e-18 1.71929e-18 1.54876e-18 1.76859e-18 1.60394e-18 1.81277e-18 1.65348e-18 1.85353e-18 1.69848e-18 1.89088e-18 1.73976e-18 1.92537e-18 1.77791e-18 1.95757e-18 1.81342e-18 1.98807e-18 1.84663e-18 2.01627e-18 1.87786e-18 2.04334e-18 1.90732e-18 2.06868e-18 1.93525e-18 2.09288e-18 1.96179e-18 2.11651e-18 1.98708e-18 2.139e-18 2.01126e-18
1360.67 3.21456e-18 3.21456e-18 1.3038e-29 4.05592e-12 -1.41822e-07 7.30912e-19 5.18763e-19 8.61018e-19 6.67004e-19 1.00794e-18 8.35619e-19 1.10212e-18 9.43683e-19 1.17318e-18 1.02458e-18 1.23049e-18 1.08976e-18 1.27919e-18 1.1446e-18 1.32185e-18 1.19208e-18 1.35932e-18 1.23405e-18 1.3929e-18 1.27172e-18 1.42388e-18 1.30593e-18 1.45226e-18 1.33731e-18 1.47847e-18 1.36632e-18 1.50294e-18 1.39331e-18 1.52611e-18 1.41856e-18 1.54754e-18 1.44229e-18 1.5681e-18 1.46468e-18 1.58736e-18 1.4859e-18 1.60574e-18 1.50607e-18 1.6237e-18 1.5253e-18 1.64078e-18 1.54366e-18
1430.51 2.98172e-18 2.98172e-18 1.06762e-29 3.58055e-12 -8.48157e-08 5.66505e-19 4.04166e-19 6.65682e-19 5.17499e-19 7.77586e-19 6.46154e-19 8.49277e-19 7.28515e-19 9.03357e-19 7.90139e-19 9.46964e-19 8.39768e-19 9.84013e-19 8.81514e-19 1.01646e-18 9.17654e-19 1.04497e-18 9.49593e-19 1.0705e-18 9.78258e-19 1.09407e-18 1.00429e-18 1.11565e-18 1.02816e-18 1.13558e-18 1.05023e-18 1.15419e-18 1.07076e-18 1.17181e-18 1.08996e-18 1.1881e-18 1.10802e-18 1.20374e-18 1.12504e-18 1.21838e-18 1.14119e-18 1.23235e-18 1.15653e-18 1.246e-18 1.17114e-18 1.25899e-18 1.18511e-18
1503.94 2.7659e-18 2.7659e-18 8.74181e-30 3.16057e-12 -1.15685e-07 4.38618e-19 3.14477e-19 5.14194e-19 4.01072e-19 5.99405e-19 4.99197e-19 6.53969e-19 5.6195e-19 6.95119e-19 6.0888e-19 7.28294e-19 6.46661e-19 7.56476e-19 6.78436e-19 7.81159e-19 7.05938e-19 8.02836e-19 7.30241e-19 8.22257e-19 7.52049e-19 8.40174e-19 7.71853e-19 8.56585e-19 7.90014e-19 8.7174e-19 8.06798e-19 8.8589e-19 8.22413e-19 8.99286e-19 8.37019e-19 9.11675e-19 8.50748e-19 9.23561e-19 8.63696e-19 9.34692e-19 8.75971e-19 9.45319e-19 8.87636e-19 9.55695e-19 8.98751e-19 9.65567e-19 9.09372e-19
1581.14 2.56841e-18 2.56841e-18 7.15782e-30 2.78686e-12 -1.46372e-07 3.39605e-19 2.44637e-19 3.97238e-19 3.10834e-19 4.62174e-19 3.85722e-19 5.03738e-19 4.3357e-19 5.35076e-19 4.69336e-19 5.60336e-19 4.98123e-19 5.81793e-19 5.22327e-19 6.00584e-19 5.43274e-19 6.17085e-19 5.61782e-19 6.31868e-19 5.78388e-19 6.45505e-19 5.93467e-19 6.57996e-19 6.07294e-19 6.6953e-19 6.20072e-19 6.80299e-19 6.3196e-19 6.90493e-19 6.43078e-19 6.99921e-19 6.53529e-19 7.08967e-19 6.63384e-19 7.17437e-19 6.72727e-19 7.25523e-19 6.81606e-19 7.33419e-19 6.90065e-19 7.40931e-19 6.98149e-19
1662.3 2.38446e-18 2.38446e-18 5.86171e-30 2.4583e-12 9.6638e-08 2.62622e-19 1.90032e-19 3.06547e-19 2.40597e-19 3.56009e-19 2.97715e-19 3.87655e-19 3.34178e-19 4.11511e-19 3.61424e-19 4.30737e-19 3.83347e-19 4.47067e-19 4.01776e-19 4.61366e-19 4.17724e-19 4.73923e-19 4.31812e-19 4.85171e-19 4.44452e-19 4.95547e-19 4.55929e-19 5.05051e-19 4.66452e-19 5.13826e-19 4.76176e-19 5.22018e-19 4.85222e-19 5.29774e-19 4.93682e-19 5.36946e-19 5.01635e-19 5.43827e-19 5.09134e-19 5.5027e-19 5.16242e-19 5.56422e-19 5.22997e-19 5.62428e-19 5.29434e-19 5.68142e-19 5.35584e-19
1747.63 2.21619e-18 2.21619e-18 4.79981e-30 2.16579e-12 2.33262e-07 2.03131e-19 1.47614e-19 2.36638e-19 1.86263e-19 2.74347e-19 2.29862e-19 2.98466e-19 2.57675e-19 3.16643e-19 2.78448e-19 3.31291e-19 2.95159e-19 3.43731e-19 3.09205e-19 3.54624e-19 3.21358e-19 3.64188e-19 3.32093e-19 3.72756e-19 3.41723e-19 3.80659e-19 3.50467e-19 3.87896e-19 3.58483e-19 3.94579e-19 3.65891e-19 4.00818e-19 3.72782e-19 4.06725e-19 3.79226e-19 4.12187e-19 3.85283e-19 4.17427e-19 3.90995e-19 4.22333e-19 3.96409e-19 4.27017e-19 4.01554e-19 4.3159e-19 4.06456e-19 4.35941e-19 4.11139e-19
1837.33 2.06004e-18 2.06004e-18 3.93041e-30 1.90793e-12 1.77746e-07 1.56997e-19 1.14553e-19 1.82554e-19 1.44086e-19 2.11301e-19 1.77359e-19 2.29681e-19 1.9857e-19 2.43531e-19 2.14407e-19 2.54691e-19 2.27145e-19 2.64168e-19 2.3785e-19 2.72465e-19 2.4711e-19 2.79751e-19 2.55289e-19 2.86276e-19 2.62627e-19 2.92295e-19 2.69288e-19 2.97808e-19 2.75395e-19 3.02897e-19 2.81038e-19 3.07649e-19 2.86287e-19 3.12147e-19 2.91196e-19 3.16307e-19 2.9581e-19 3.20297e-19 3.0016e-19 3.24033e-19 3.04284e-19 3.276e-19 3.08202e-19 3.31083e-19 3.11935e-19 3.34396e-19 3.15502e-19
1931.64 1.91668e-18 1.91668e-18 3.21866e-30 1.67928e-12 -8.97337e-08 1.21354e-19 8.88889e-20 1.4086e-19 1.11467e-19 1.62791e-19 1.36877e-19 1.76809e-19 1.53065e-19 1.87371e-19 1.65148e-19 1.9588e-19 1.74864e-19 2.03106e-19 1.83029e-19 2.09431e-19 1.90091e-19 2.14985e-19 1.96328e-19 2.1996e-19 2.01923e-19 2.24548e-19 2.07002e-19 2.2875e-19 2.11658e-19 2.32629e-19 2.1596e-19 2.36251e-19 2.19962e-19 2.3968e-19 2.23704e-19 2.4285e-19 2.27221e-19 2.45891e-19 2.30537e-19 2.48739e-19 2.33681e-19 2.51458e-19 2.36668e-19 2.54112e-19 2.39513e-19 2.56637e-19 2.42232e-19
2030.79 1.78097e-18 1.78097e-18 2.63595e-30 1.48007e-12 -1.047e-07 9.36073e-20 6.88174e-20 1.08472e-19 8.60502e-20 1.25179e-19 1.05425e-19 1.35855e-19 1.1776e-19 1.43898e-19 1.26966e-19 1.50377e-19 1.34366e-19 1.55878e-19 1.40584e-19 1.60693e-19 1.45962e-19 1.64921e-19 1.50712e-19 1.68708e-19 1.54972e-19 1.72201e-19 1.58839e-19 1.75399e-19 1.62384e-19 1.78352e-19 1.65659e-19 1.81109e-19 1.68706e-19 1.83719e-19 1.71554e-19 1.86132e-19 1.74232e-19 1.88447e-19 1.76756e-19 1.90614e-19 1.79149e-19 1.92683e-19 1.81423e-19 1.94703e-19 1.83589e-19 1.96625e-19 1.85658e-19
2135.03 1.65097e-18 1.65097e-18 2.15848e-30 1.3074e-12 -6.02805e-08 7.19813e-20 5.31039e-20 8.32812e-20 6.62215e-20 9.59761e-20 8.09558e-20 1.04087e-19 9.03322e-20 1.10196e-19 9.73273e-20 1.15117e-19 1.0295e-19 1.19294e-19 1.07674e-19 1.22952e-19 1.1176e-19 1.26163e-19 1.15367e-19 1.29038e-19 1.18603e-19 1.31691e-19 1.2154e-19 1.34119e-19 1.24232e-19 1.36362e-19 1.2672e-19 1.38455e-19 1.29033e-19 1.40436e-19 1.31197e-19 1.42268e-19 1.3323e-19 1.44026e-19 1.35147e-19 1.45672e-19 1.36964e-19 1.47243e-19 1.38691e-19 1.48776e-19 1.40335e-19 1.50236e-19 1.41907e-19
2244.63 1.52972e-18 1.52972e-18 1.76734e-30 1.15533e-12 4.92398e-09 5.52866e-20 4.09231e-20 6.38707e-20 5.09005e-20 7.35113e-20 6.20982e-20 7.96691e-20 6.92207e-20 8.43068e-20 7.45331e-20 8.80423e-20 7.88028e-20 9.12135e-20 8.23894e-20 9.39895e-20 8.5491e-20 9.64264e-20 8.82298e-20 9.8609e-20 9.06861e-20 1.00622e-19 9.29156e-20 1.02465e-19 9.49593e-20 1.04167e-19 9.68474e-20 1.05755e-19 9.86034e-20 1.07259e-19 1.00245e-19 1.0865e-19 1.01788e-19 1.09983e-19 1.03243e-19 1.11232e-19 1.04622e-19 1.12424e-19 1.05933e-19 1.13588e-19 1.07181e-19 1.14695e-19 1.08374e-19
2359.84 1.41795e-18 1.41795e-18 1.44714e-30 1.02059e-12 2.01893e-08 4.24531e-20 3.15231e-20 4.89757e-20 3.91131e-20 5.62989e-20 4.76248e-20 6.09756e-20 5.30366e-20 6.44974e-20 5.70722e-20 6.73339e-20 6.03153e-20 6.97419e-20 6.30392e-20 7.18496e-20 6.53947e-20 7.36998e-20 6.74745e-20 7.53568e-20 6.93397e-20 7.68851e-20 7.10326e-20 7.82845e-20 7.25844e-20 7.95764e-20 7.4018e-20 8.07824e-20 7.53512e-20 8.19239e-20 7.65979e-20 8.29794e-20 7.77695e-20 8.3992e-20 7.88741e-20 8.494e-20 7.99211e-20 8.5845e-20 8.09159e-20 8.67285e-20 8.18636e-20 8.7569e-20 8.2769e-20
2480.97 1.31395e-18 1.31395e-18 1.1851e-30 9.01943e-13 -4.12404e-07 3.25682e-20 2.42558e-20 3.75223e-20 3.00264e-20 4.30828e-20 3.64934e-20 4.66332e-20 4.06035e-20 4.93066e-20 4.36679e-20 5.14596e-20 4.61302e-20 5.32873e-20 4.81982e-20 5.4887e-20 4.99863e-20 5.62913e-20 5.1565e-20 5.75488e-20 5.29809e-20 5.87087e-20 5.42658e-20 5.97707e-20 5.54436e-20 6.07511e-20 5.65317e-20 6.16663e-20 5.75437e-20 6.25326e-20 5.84898e-20 6.33336e-20 5.9379e-20 6.4102e-20 6.02174e-20 6.48214e-20 6.1012e-20 6.55082e-20 6.17669e-20 6.61786e-20 6.24861e-20 6.68164e-20 6.31732e-20
2608.32 1.21768e-18 1.21768e-18 9.70336e-31 7.96874e-13 -7.72039e-08 2.49726e-20 1.86519e-20 2.87351e-20 2.30387e-20 3.29572e-20 2.79518e-20 3.56526e-20 3.10732e-20 3.7682e-20 3.34001e-20 3.93163e-20 3.52696e-20 4.07036e-20 3.68396e-20 4.19178e-20 3.8197e-20 4.29836e-20 3.93955e-20 4.39381e-20 4.04702e-20 4.48183e-20 4.14455e-20 4.56243e-20 4.23395e-20 4.63684e-20 4.31654e-20 4.7063e-20 4.39335e-20 4.77204e-20 4.46516e-20 4.83283e-20 4.53265e-20 4.89114e-20 4.59628e-20 4.94574e-20 4.65658e-20 4.99786e-20 4.71388e-20 5.04874e-20 4.76846e-20 5.09714e-20 4.82061e-20
2742.21 1.12831e-18 1.12831e-18 7.94546e-31 7.04189e-13 -2.8335e-07 1.91352e-20 1.43308e-20 2.19921e-20 1.76645e-20 2.51972e-20 2.1396e-20 2.7243e-20 2.3766e-20 2.87833e-20 2.55324e-20 3.00236e-20 2.69515e-20 3.10763e-20 2.81432e-20 3.19977e-20 2.91734e-20 3.28065e-20 3.0083e-20 3.35308e-20 3.08986e-20 3.41988e-20 3.16389e-20 3.48104e-20 3.23173e-20 3.5375e-20 3.29441e-20 3.5902e-20 3.35269e-20 3.64009e-20 3.40719e-20 3.68621e-20 3.4584e-20 3.73046e-20 3.50668e-20 3.77188e-20 3.55244e-20 3.81143e-20 3.59592e-20 3.85003e-20 3.63734e-20 3.88676e-20 3.67691e-20
2882.97 1.04566e-18 1.04566e-18 6.5051e-31 6.22104e-13 5.13578e-07 1.46568e-20 1.10051e-20 1.68261e-20 1.35384e-20 1.92594e-20 1.63726e-20 2.08124e-20 1.81722e-20 2.19814e-20 1.95132e-20 2.29228e-20 2.05905e-20 2.37218e-20 2.14951e-20 2.44211e-20 2.22771e-20 2.50349e-20 2.29675e-20 2.55846e-20 2.35866e-20 2.60915e-20 2.41484e-20 2.65556e-20 2.46633e-20 2.69841e-20 2.5139e-20 2.73841e-20 2.55813e-20 2.77626e-20 2.59949e-20 2.81127e-20 2.63836e-20 2.84484e-20 2.675e-20 2.87628e-20 2.70972e-20 2.90628e-20 2.74272e-20 2.93558e-20 2.77415e-20 2.96345e-20 2.80418e-20
3030.95 9.69133e-19 9.69133e-19 5.32668e-31 5.49634e-13 -5.18785e-08 1.12217e-20 8.44643e-21 1.28689e-20 1.03714e-20 1.47162e-20 1.25239e-20 1.5895e-20 1.38903e-20 1.67823e-20 1.49084e-20 1.74969e-20 1.57262e-20 1.81033e-20 1.64129e-20 1.8634e-20 1.70065e-20 1.90999e-20 1.75305e-20 1.9517e-20 1.80004e-20 1.99017e-20 1.84268e-20 2.0254e-20 1.88176e-20 2.05792e-20 1.91786e-20 2.08827e-20 1.95143e-20 2.117e-20 1.98282e-20 2.14356e-20 2.01232e-20 2.16904e-20 2.04013e-20 2.19289e-20 2.06648e-20 2.21567e-20 2.09152e-20 2.2379e-20 2.11538e-20 2.25905e-20 2.13817e-20
3186.53 8.98228e-19 8.98228e-19 4.36138e-31 4.85554e-13 9.72841e-07 8.58788e-21 6.47901e-21 9.83855e-21 7.94146e-21 1.12409e-20 9.57615e-21 1.21357e-20 1.06136e-20 1.28092e-20 1.13865e-20 1.33515e-20 1.20073e-20 1.38118e-20 1.25285e-20 1.42146e-20 1.29791e-20 1.45681e-20 1.33768e-20 1.48847e-20 1.37335e-20 1.51767e-20 1.40571e-20 1.5444e-20 1.43537e-20 1.56908e-20 1.46277e-20 1.59211e-20 1.48825e-20 1.61391e-20 1.51208e-20 1.63407e-20 1.53446e-20 1.65341e-20 1.55557e-20 1.67151e-20 1.57557e-20 1.68879e-20 1.59457e-20 1.70566e-20 1.61267e-20 1.72171e-20 1.62997e-20
3350.09 8.32413e-19 8.32413e-19 3.57091e-31 4.28983e-13 -4.38511e-07 6.56852e-21 4.96647e-21 7.51794e-21 6.07728e-21 8.58232e-21 7.31844e-21 9.26141e-21 8.10597e-21 9.77254e-21 8.69264e-21 1.01841e-20 9.16381e-21 1.05333e-20 9.55938e-21 1.0839e-20 9.90132e-21 1.11073e-20 1.02032e-20 1.13475e-20 1.04738e-20 1.15691e-20 1.07194e-20 1.17719e-20 1.09445e-20 1.19591e-20 1.11524e-20 1.21339e-20 1.13458e-20 1.22994e-20 1.15265e-20 1.24523e-20 1.16964e-20 1.2599e-20 1.18565e-20 1.27364e-20 1.20083e-20 1.28675e-20 1.21525e-20 1.29955e-20 1.22899e-20 1.31173e-20 1.24211e-20
3522.05 7.71159e-19 7.71159e-19 2.92426e-31 3.79203e-13 3.17325e-07 5.02019e-21 3.80373e-21 5.74062e-21 4.64707e-21 6.54817e-21 5.58904e-21 7.06336e-21 6.18661e-21 7.45111e-21 6.63173e-21 7.7633e-21 6.9892e-21 8.02824e-21 7.2893e-21 8.2601e-21 7.5487e-21 8.4636e-21 7.77769e-21 8.64583e-21 7.983e-21 8.81387e-21 8.1693e-21 8.96773e-21 8.34004e-21 9.10976e-21 8.49776e-21 9.24233e-21 8.64442e-21 9.36781e-21 8.78154e-21 9.48382e-21 8.9104e-21 9.5951e-21 9.03187e-21 9.69929e-21 9.14699e-21 9.79874e-21 9.25637e-21 9.89583e-21 9.36056e-21 9.98819e-21 9.4601e-21
3702.84 7.14698e-19 7.14698e-19 2.39412e-31 3.34984e-13 1.63531e-06 3.83682e-21 2.91289e-21 4.38367e-21 3.55334e-21 4.99658e-21 4.26847e-21 5.38757e-21 4.72206e-21 5.68182e-21 5.0599e-21 5.91873e-21 5.3312e-21 6.11977e-21 5.55895e-21 6.29572e-21 5.75581e-21 6.45014e-21 5.92958e-21 6.58842e-21 6.08539e-21 6.71593e-21 6.22676e-21 6.83267e-21 6.35633e-21 6.94045e-21 6.47601e-21 7.04104e-21 6.5873e-21 7.13625e-21 6.69135e-21 7.22428e-21 6.78913e-21 7.30872e-21 6.8813e-21 7.38777e-21 6.96866e-21 7.46323e-21 7.05165e-21 7.5369e-21 7.13071e-21 7.60698e-21 7.20624e-21
3892.91 6.62367e-19 6.62367e-19 1.9601e-31 2.95923e-13 1.47124e-06 2.93127e-21 2.22961e-21 3.34635e-21 2.71594e-21 3.81151e-21 3.25881e-21 4.10822e-21 3.60309e-21 4.33152e-21 3.85949e-21 4.51129e-21 4.06538e-21 4.66385e-21 4.23822e-21 4.79736e-21 4.38762e-21 4.91453e-21 4.51948e-21 5.01945e-21 4.63771e-21 5.11621e-21 4.74499e-21 5.20479e-21 4.84331e-21 5.28656e-21 4.93413e-21 5.36289e-21 5.01858e-21 5.43513e-21 5.09753e-21 5.50193e-21 5.17172e-21 5.56599e-21 5.24166e-21 5.62598e-21 5.30795e-21 5.68323e-21 5.37092e-21 5.73913e-21 5.43091e-21 5.7923e-21 5.48822e-21
4092.73 6.13869e-19 6.13869e-19 1.60476e-31 2.61418e-13 8.32881e-09 2.23864e-21 1.70584e-21 2.55368e-21 2.07509e-21 2.90669e-21 2.48717e-21 3.13185e-21 2.74847e-21 3.3013e-21 2.94306e-21 3.43771e-21 3.09931e-21 3.55347e-21 3.23047e-21 3.65478e-21 3.34383e-21 3.74368e-21 3.4439e-21 3.8233e-21 3.53361e-21 3.89671e-21 3.61502e-21 3.96392e-21 3.68962e-21 4.02597e-21 3.75853e-21 4.08389e-21 3.82261e-21 4.1387e-21 3.88252e-21 4.18938e-21 3.93881e-21 4.23799e-21 3.99188e-21 4.2835e-21 4.04218e-21 4.32694e-21 4.08996e-21 4.36935e-21 4.13548e-21 4.4097e-21 4.17896e-21
4302.81 5.68914e-19 5.68914e-19 1.31382e-31 2.30935e-13 1.5576e-06 1.70908e-21 1.30453e-21 1.94817e-21 1.58487e-21 2.21606e-21 1.89765e-21 2.38692e-21 2.09596e-21 2.51549e-21 2.24363e-21 2.619e-21 2.3622e-21 2.70684e-21 2.46172e-21 2.7837e-21 2.54775e-21 2.85116e-21 2.62368e-21 2.91157e-21 2.69175e-21 2.96727e-21 2.75352e-21 3.01827e-21 2.81013e-21 3.06535e-21 2.86241e-21 3.10929e-21 2.91103e-21 3.15088e-21 2.95649e-21 3.18933e-21 2.9992e-21 3.22621e-21 3.03947e-21 3.26074e-21 3.07763e-21 3.2937e-21 3.11388e-21 3.32588e-21 3.14842e-21 3.35649e-21 3.18141e-21
4523.68 5.27267e-19 5.27267e-19 1.07567e-31 2.04009e-13 1.67547e-07 1.3044e-21 9.97253e-22 1.48585e-21 1.21008e-21 1.68914e-21 1.44748e-21 1.8188e-21 1.59798e-21 1.91636e-21 1.71004e-21 1.9949e-21 1.80002e-21 2.06155e-21 1.87554e-21 2.11987e-21 1.94082e-21 2.17106e-21 1.99843e-21 2.21689e-21 2.05009e-21 2.25915e-21 2.09695e-21 2.29785e-21 2.13991e-21 2.33357e-21 2.17958e-21 2.36691e-21 2.21647e-21 2.39846e-21 2.25096e-21 2.42764e-21 2.28337e-21 2.45562e-21 2.31392e-21 2.48182e-21 2.34288e-21 2.50683e-21 2.37039e-21 2.53124e-21 2.39659e-21 2.55447e-21 2.42162e-21
4755.88 4.88589e-19 4.88589e-19 8.80629e-32 1.80239e-13 1.88529e-06 9.95076e-22 7.61938e-22 1.13276e-21 9.2347e-22 1.287e-21 1.10362e-21 1.38537e-21 1.21782e-21 1.45938e-21 1.30284e-21 1.51897e-21 1.37111e-21 1.56953e-21 1.42841e-21 1.61378e-21 1.47793e-21 1.65261e-21 1.52164e-21 1.68738e-21 1.56083e-21 1.71944e-21 1.59638e-21 1.74879e-21 1.62897e-21 1.77589e-21 1.65907e-21 1.80118e-21 1.68705e-21 1.82512e-21 1.71322e-21 1.84725e-21 1.73781e-21 1.86848e-21 1.76098e-21 1.88836e-21 1.78295e-21 1.90733e-21 1.80382e-21 1.92585e-21 1.8237e-21 1.94346e-21 1.84269e-21
5000 4.52818e-19 4.52818e-19 7.20972e-32 1.59219e-13 1.32201e-06 7.59002e-22 5.82024e-22 8.63485e-22 7.04636e-22 9.80527e-22 8.4136e-22 1.05516e-21 9.28016e-22 1.11133e-21 9.92536e-22 1.15653e-21 1.04433e-21 1.1949e-21 1.08781e-21 1.22847e-21 1.12539e-21 1.25793e-21 1.15856e-21 1.28431e-21 1.18829e-21 1.30864e-21 1.21527e-21 1.33091e-21 1.23999e-21 1.35147e-21 1.26283e-21 1.37066e-21 1.28406e-21 1.38882e-21 1.30392e-21 1.40561e-21 1.32257e-21 1.42172e-21 1.34016e-21 1.4368e-21 1.35682e-21 1.45119e-21 1.37265e-21 1.46524e-21 1.38774e-21 1.47861e-21 1.40214e-21
