# 0.000317185 1 87 : grain size, compostion index, size index
# Heating and cooling timescale: 3.1679e-05 2.55781e+09
# Ratio of heating to cooling to determine stochastic cutoff: 100
# Equilibrium emission is recorded even for those grains in the stochastic regime.
# Emission spectrum was computed for: 
# Type: IRSF
# Scales: 0.25 0.5 1 1.5 2 2.5 3 3.5 4 4.5 5 5.5 6 6.5 7 7.5 8 8.5 9 9.5 10
# StochasticallyHeated: 0 0 0 0 0 0 0 0 0 0 0 0 0 0 0 0 0 0 0 0 0
# Temperature: -1
# Wavelength  CExt  CAbs  CSca  Albedo G EqEm1 StEm1 EqEm2 StEm2 EqEm3 StEm3 EqEm4 StEm4 EqEm5 StEm5 EqEm6 StEm6 EqEm7 StEm7 EqEm8 StEm8 EqEm9 StEm9 EqEm10 StEm10 EqEm11 StEm11 EqEm12 StEm12 EqEm13 StEm13 EqEm14 StEm14 EqEm15 StEm15 EqEm16 StEm16 EqEm17 StEm17 EqEm18 StEm18 EqEm19 StEm19 EqEm20 StEm20 EqEm21 StEm21
0.05 6.41915e-07 2.25289e-07 4.16626e-07 0.649037 0.856174 0 0 0 0 0 0 0 0 0 0 0 0 0 0 0 0 0 0 0 0 0 0 0 0 0 0 0 0 0 0 0 0 0 0 0 0 0 0 0 0 0 0
0.0525665 6.42488e-07 2.21881e-07 4.20607e-07 0.654653 0.843923 0 0 0 0 0 0 0 0 0 0 0 0 0 0 0 0 0 0 0 0 0 0 0 0 0 0 0 0 0 0 0 0 0 0 0 0 0 0 0 0 0 0
0.0552647 6.43084e-07 2.19389e-07 4.23695e-07 0.658848 0.833763 0 0 0 0 0 0 0 0 0 0 0 0 0 0 0 0 0 0 0 0 0 0 0 0 0 0 0 0 0 0 0 0 0 0 0 0 0 0 0 0 0 0
0.0581015 6.43656e-07 2.18405e-07 4.25251e-07 0.660681 0.827548 0 0 0 0 0 0 0 0 0 0 0 0 0 0 0 0 0 0 0 0 0 0 0 0 0 0 0 0 0 0 0 0 0 0 0 0 0 0 0 0 0 0
0.0610839 6.44232e-07 2.15517e-07 4.28715e-07 0.665467 0.818998 0 0 0 0 0 0 0 0 0 0 0 0 0 0 0 0 0 0 0 0 0 0 0 0 0 0 0 0 0 0 0 0 0 0 0 0 0 0 0 0 0 0
0.0642193 6.44965e-07 2.0804e-07 4.36925e-07 0.67744 0.801131 0 0 0 0 0 0 0 0 0 0 0 0 0 0 0 0 0 0 0 0 0 0 0 0 0 0 0 0 0 0 0 0 0 0 0 0 0 0 0 0 0 0
0.0675157 6.45906e-07 2.00787e-07 4.4512e-07 0.68914 0.781618 0 0 0 0 0 0 0 0 0 0 0 0 0 0 0 0 0 0 0 0 0 0 0 0 0 0 0 0 0 0 0 0 0 0 0 0 0 0 0 0 0 0
0.0709813 6.46922e-07 2.00593e-07 4.46329e-07 0.689927 0.774712 0 0 0 0 0 0 0 0 0 0 0 0 0 0 0 0 0 0 0 0 0 0 0 0 0 0 0 0 0 0 0 0 0 0 0 0 0 0 0 0 0 0
0.0746248 6.47891e-07 2.04245e-07 4.43645e-07 0.684753 0.776112 0 0 0 0 0 0 0 0 0 0 0 0 0 0 0 0 0 0 0 0 0 0 0 0 0 0 0 0 0 0 0 0 0 0 0 0 0 0 0 0 0 0
0.0784553 6.48793e-07 2.09087e-07 4.39706e-07 0.67773 0.780984 0 0 0 0 0 0 0 0 0 0 0 0 0 0 0 0 0 0 0 0 0 0 0 0 0 0 0 0 0 0 0 0 0 0 0 0 0 0 0 0 0 0
0.0824824 6.49677e-07 2.14568e-07 4.35109e-07 0.669732 0.786791 0 0 0 0 0 0 0 0 0 0 0 0 0 0 0 0 0 0 0 0 0 0 0 0 0 0 0 0 0 0 0 0 0 0 0 0 0 0 0 0 0 0
0.0867162 6.50565e-07 2.16307e-07 4.34258e-07 0.667509 0.785734 0 0 0 0 0 0 0 0 0 0 0 0 0 0 0 0 0 0 0 0 0 0 0 0 0 0 0 0 0 0 0 0 0 0 0 0 0 0 0 0 0 0
0.0911674 6.51568e-07 2.16025e-07 4.35543e-07 0.668454 0.78073 0 0 0 0 0 0 0 0 0 0 0 0 0 0 0 0 0 0 0 0 0 0 0 0 0 0 0 0 0 0 0 0 0 0 0 0 0 0 0 0 0 0
0.095847 6.52563e-07 2.17753e-07 4.3481e-07 0.666311 0.779005 0 0 0 0 0 0 0 0 0 0 0 0 0 0 0 0 0 0 0 0 0 0 0 0 0 0 0 0 0 0 0 0 0 0 0 0 0 0 0 0 0 0
0.100767 6.5315e-07 2.25966e-07 4.27184e-07 0.654037 0.790118 0 0 0 0 0 0 0 0 0 0 0 0 0 0 0 0 0 0 0 0 0 0 0 0 0 0 0 0 0 0 0 0 0 0 0 0 0 0 0 0 0 0
0.105939 6.53502e-07 2.33983e-07 4.19519e-07 0.641955 0.804366 0 0 0 0 0 0 0 0 0 0 0 0 0 0 0 0 0 0 0 0 0 0 0 0 0 0 0 0 0 0 0 0 0 0 0 0 0 0 0 0 0 0
0.111377 6.53194e-07 2.47888e-07 4.05306e-07 0.620499 0.831532 0 0 0 0 0 0 0 0 0 0 0 0 0 0 0 0 0 0 0 0 0 0 0 0 0 0 0 0 0 0 0 0 0 0 0 0 0 0 0 0 0 0
0.117094 6.53027e-07 2.61957e-07 3.9107e-07 0.598857 0.863144 0 0 0 0 0 0 0 0 0 0 0 0 0 0 0 0 0 0 0 0 0 0 0 0 0 0 0 0 0 0 0 0 0 0 0 0 0 0 0 0 0 0
0.123105 6.53302e-07 2.71256e-07 3.82045e-07 0.584792 0.885293 0 0 0 0 0 0 0 0 0 0 0 0 0 0 0 0 0 0 0 0 0 0 0 0 0 0 0 0 0 0 0 0 0 0 0 0 0 0 0 0 0 0
0.129424 6.53737e-07 2.79315e-07 3.74422e-07 0.572741 0.904832 0 0 0 0 0 0 0 0 0 0 0 0 0 0 0 0 0 0 0 0 0 0 0 0 0 0 0 0 0 0 0 0 0 0 0 0 0 0 0 0 0 0
0.136067 6.5417e-07 2.85902e-07 3.68268e-07 0.562954 0.920669 0 0 0 0 0 0 0 0 0 0 0 0 0 0 0 0 0 0 0 0 0 0 0 0 0 0 0 0 0 0 0 0 0 0 0 0 0 0 0 0 0 0
0.143051 6.54378e-07 2.91055e-07 3.63323e-07 0.555218 0.933009 0 0 0 0 0 0 0 0 0 0 0 0 0 0 0 0 0 0 0 0 0 0 0 0 0 0 0 0 0 0 0 0 0 0 0 0 0 0 0 0 0 0
0.150394 6.54141e-07 2.93814e-07 3.60327e-07 0.550839 0.940947 0 0 0 0 0 0 0 0 0 0 0 0 0 0 0 0 0 0 0 0 0 0 0 0 0 0 0 0 0 0 0 0 0 0 0 0 0 0 0 0 0 0
0.158114 6.53814e-07 2.92438e-07 3.61376e-07 0.55272 0.941771 0 0 0 0 0 0 0 0 0 0 0 0 0 0 0 0 0 0 0 0 0 0 0 0 0 0 0 0 0 0 0 0 0 0 0 0 0 0 0 0 0 0
0.16623 6.54198e-07 2.85104e-07 3.69094e-07 0.564193 0.931227 0 0 0 0 0 0 0 0 0 0 0 0 0 0 0 0 0 0 0 0 0 0 0 0 0 0 0 0 0 0 0 0 0 0 0 0 0 0 0 0 0 0
0.174762 6.55716e-07 2.71604e-07 3.84112e-07 0.58579 0.905546 0 0 0 0 0 0 0 0 0 0 0 0 0 0 0 0 0 0 0 0 0 0 0 0 0 0 0 0 0 0 0 0 0 0 0 0 0 0 0 0 0 0
0.183733 6.57723e-07 2.55097e-07 4.02626e-07 0.612151 0.871 0 0 0 0 0 0 0 0 0 0 0 0 0 0 0 0 0 0 0 0 0 0 0 0 0 0 0 0 0 0 0 0 0 0 0 0 0 0 0 0 0 0
0.193164 6.60009e-07 2.38271e-07 4.21738e-07 0.638988 0.835535 0 0 0 0 0 0 0 0 0 0 0 0 0 0 0 0 0 0 0 0 0 0 0 0 0 0 0 0 0 0 0 0 0 0 0 0 0 0 0 0 0 0
0.203079 6.62504e-07 2.23971e-07 4.38533e-07 0.661933 0.806327 0 0 0 0 0 0 0 0 0 0 0 0 0 0 0 0 0 0 0 0 0 0 0 0 0 0 0 0 0 0 0 0 0 0 0 0 0 0 0 0 0 0
0.213503 6.65288e-07 2.12009e-07 4.53279e-07 0.681328 0.782704 0 0 0 0 0 0 0 0 0 0 0 0 0 0 0 0 0 0 0 0 0 0 0 0 0 0 0 0 0 0 0 0 0 0 0 0 0 0 0 0 0 0
0.224463 6.68666e-07 2.0495e-07 4.63716e-07 0.693495 0.766568 0 0 0 0 0 0 0 0 0 0 0 0 0 0 0 0 0 0 0 0 0 0 0 0 0 0 0 0 0 0 0 0 0 0 0 0 0 0 0 0 0 0
0.235984 6.72457e-07 2.02187e-07 4.7027e-07 0.699331 0.755855 0 0 0 0 0 0 0 0 0 0 0 0 0 0 0 0 0 0 0 0 0 0 0 0 0 0 0 0 0 0 0 0 0 0 0 0 0 0 0 0 0 0
0.248097 6.75905e-07 2.05583e-07 4.70322e-07 0.695841 0.752383 0 0 0 0 0 0 0 0 0 0 0 0 0 0 0 0 0 0 0 0 0 0 0 0 0 0 0 0 0 0 0 0 0 0 0 0 0 0 0 0 0 0
0.260832 6.77655e-07 2.11966e-07 4.6569e-07 0.687207 0.754147 0 0 0 0 0 0 0 0 0 0 0 0 0 0 0 0 0 0 0 0 0 0 0 0 0 0 0 0 0 0 0 0 0 0 0 0 0 0 0 0 0 0
0.274221 6.78037e-07 2.18516e-07 4.59521e-07 0.677723 0.757625 0 0 0 0 0 0 0 0 0 0 0 0 0 0 0 0 0 0 0 0 0 0 0 0 0 0 0 0 0 0 0 0 0 0 0 0 0 0 0 0 0 0
0.288297 6.7772e-07 2.2632e-07 4.514e-07 0.666056 0.766191 0 0 0 0 0 0 0 0 0 0 0 0 0 0 0 0 0 0 0 0 0 0 0 0 0 0 0 0 0 0 0 0 0 0 0 0 0 0 0 0 0 0
0.303095 6.77927e-07 2.31848e-07 4.4608e-07 0.658005 0.772813 0 0 0 0 0 0 0 0 0 0 0 0 0 0 0 0 0 0 0 0 0 0 0 0 0 0 0 0 0 0 0 0 0 0 0 0 0 0 0 0 0 0
0.318653 6.78354e-07 2.36473e-07 4.41881e-07 0.651402 0.778669 0 0 0 0 0 0 0 0 0 0 0 0 0 0 0 0 0 0 0 0 0 0 0 0 0 0 0 0 0 0 0 0 0 0 0 0 0 0 0 0 0 0
0.335009 6.79064e-07 2.40323e-07 4.38741e-07 0.646096 0.783739 0 0 0 0 0 0 0 0 0 0 0 0 0 0 0 0 0 0 0 0 0 0 0 0 0 0 0 0 0 0 0 0 0 0 0 0 0 0 0 0 0 0
0.352205 6.80051e-07 2.43247e-07 4.36804e-07 0.64231 0.787308 0 0 0 0 0 0 0 0 0 0 0 0 0 0 0 0 0 0 0 0 0 0 0 0 0 0 0 0 0 0 0 0 0 0 0 0 0 0 0 0 0 0
0.370284 6.81217e-07 2.45443e-07 4.35775e-07 0.6397 0.789472 0 0 0 0 0 0 0 0 0 0 0 0 0 0 0 0 0 0 0 0 0 0 0 0 0 0 0 0 0 0 0 0 0 0 0 0 0 0 0 0 0 0
0.389291 6.82492e-07 2.46985e-07 4.35507e-07 0.638113 0.79022 0 0 0 0 0 0 0 0 0 0 0 0 0 0 0 0 0 0 0 0 0 0 0 0 0 0 0 0 0 0 0 0 0 0 0 0 0 0 0 0 0 0
0.409273 6.83821e-07 2.48347e-07 4.35474e-07 0.636825 0.790607 0 0 0 0 0 0 0 0 0 0 0 0 0 0 0 0 0 0 0 0 0 0 0 0 0 0 0 0 0 0 0 0 0 0 0 0 0 0 0 0 0 0
0.430281 6.85175e-07 2.49631e-07 4.35544e-07 0.635669 0.790824 0 0 0 0 0 0 0 0 0 0 0 0 0 0 0 0 0 0 0 0 0 0 0 0 0 0 0 0 0 0 0 0 0 0 0 0 0 0 0 0 0 0
0.452368 6.86627e-07 2.50969e-07 4.35658e-07 0.63449 0.791223 0 0 0 0 0 0 0 0 0 0 0 0 0 0 0 0 0 0 0 0 0 0 0 0 0 0 0 0 0 0 0 0 0 0 0 0 0 0 0 0 0 0
0.475588 6.88142e-07 2.52289e-07 4.35853e-07 0.633377 0.791559 0 0 0 0 0 0 0 0 0 0 0 0 0 0 0 0 0 0 0 0 0 0 0 0 0 0 0 0 0 0 0 0 0 0 0 0 0 0 0 0 0 0
0.5 6.89767e-07 2.53511e-07 4.36256e-07 0.632468 0.791639 0 0 0 0 0 0 0 0 0 0 0 0 0 0 0 0 0 0 0 0 0 0 0 0 0 0 0 0 0 0 0 0 0 0 0 0 0 0 0 0 0 0
0.525665 6.91489e-07 2.54687e-07 4.36802e-07 0.631684 0.791559 0 0 0 0 0 0 0 0 0 0 0 0 0 0 0 0 0 0 0 0 0 0 0 0 0 0 0 0 0 0 0 0 0 0 0 0 0 0 0 0 0 0
0.552648 6.93264e-07 2.55837e-07 4.37427e-07 0.630967 0.791345 0 0 0 0 0 0 0 0 0 0 0 0 0 0 0 0 0 0 0 0 0 0 0 0 0 0 0 0 0 0 0 0 0 0 0 0 0 0 0 0 0 0
0.581015 6.95179e-07 2.56654e-07 4.38525e-07 0.630809 0.790361 0 0 0 0 0 0 0 0 0 0 0 0 0 0 0 0 0 0 0 0 0 0 0 0 0 0 0 0 0 0 0 0 0 0 0 0 0 0 0 0 0 0
0.610839 6.9714e-07 2.57478e-07 4.39662e-07 0.630665 0.789321 0 0 0 0 0 0 0 0 0 0 0 0 0 0 0 0 0 0 0 0 0 0 0 0 0 0 0 0 0 0 0 0 0 0 0 0 0 0 0 0 0 0
0.642193 6.99153e-07 2.58309e-07 4.40844e-07 0.63054 0.788223 0 0 0 0 0 0 0 0 0 0 0 0 0 0 0 0 0 0 0 0 0 0 0 0 0 0 0 0 0 0 0 0 0 0 0 0 0 0 0 0 0 0
0.675157 7.0123e-07 2.59014e-07 4.42216e-07 0.630629 0.786801 0 0 0 0 0 0 0 0 0 0 0 0 0 0 0 0 0 0 0 0 0 0 0 0 0 0 0 0 0 0 0 0 0 0 0 0 0 0 0 0 0 0
0.709813 7.03363e-07 2.59598e-07 4.43765e-07 0.630919 0.785074 0 0 0 0 0 0 0 0 0 0 0 0 0 0 0 0 0 0 0 0 0 0 0 0 0 0 0 0 0 0 0 0 0 0 0 0 0 0 0 0 0 0
0.746248 7.05539e-07 2.60126e-07 4.45413e-07 0.631309 0.783174 0 0 0 0 0 0 0 0 0 0 0 0 0 0 0 0 0 0 0 0 0 0 0 0 0 0 0 0 0 0 0 0 0 0 0 0 0 0 0 0 0 0
0.784553 7.07699e-07 2.60644e-07 4.47055e-07 0.631702 0.781189 0 0 0 0 0 0 0 0 0 0 0 0 0 0 0 0 0 0 0 0 0 0 0 0 0 0 0 0 0 0 0 0 0 0 0 0 0 0 0 0 0 0
0.824824 7.10069e-07 2.61149e-07 4.48921e-07 0.632221 0.779181 0 0 0 0 0 0 0 0 0 0 0 0 0 0 0 0 0 0 0 0 0 0 0 0 0 0 0 0 0 0 0 0 0 0 0 0 0 0 0 0 0 0
0.867162 7.12057e-07 2.61622e-07 4.50436e-07 0.632583 0.776929 0 0 0 0 0 0 0 0 0 0 0 0 0 0 0 0 0 0 0 0 0 0 0 0 0 0 0 0 0 0 0 0 0 0 0 0 0 0 0 0 0 0
0.911674 7.14857e-07 2.62066e-07 4.52791e-07 0.633401 0.774872 0 0 0 0 0 0 0 0 0 0 0 0 0 0 0 0 0 0 0 0 0 0 0 0 0 0 0 0 0 0 0 0 0 0 0 0 0 0 0 0 0 0
0.95847 7.16192e-07 2.6249e-07 4.53702e-07 0.633492 0.772209 0 0 0 0 0 0 0 0 0 0 0 0 0 0 0 0 0 0 0 0 0 0 0 0 0 0 0 0 0 0 0 0 0 0 0 0 0 0 0 0 0 0
1.00767 7.2022e-07 2.62744e-07 4.57476e-07 0.635189 0.770182 0 0 0 0 0 0 0 0 0 0 0 0 0 0 0 0 0 0 0 0 0 0 0 0 0 0 0 0 0 0 0 0 0 0 0 0 0 0 0 0 0 0
1.05939 7.20295e-07 2.62948e-07 4.57347e-07 0.634944 0.766845 0 0 0 0 0 0 0 0 0 0 0 0 0 0 0 0 0 0 0 0 0 0 0 0 0 0 0 0 0 0 0 0 0 0 0 0 0 0 0 0 0 0
1.11377 7.24407e-07 2.62851e-07 4.61556e-07 0.63715 0.764229 0 0 0 0 0 0 0 0 0 0 0 0 0 0 0 0 0 0 0 0 0 0 0 0 0 0 0 0 0 0 0 0 0 0 0 0 0 0 0 0 0 0
1.17094 7.28061e-07 2.625e-07 4.65561e-07 0.639453 0.761037 0 0 0 0 0 0 0 0 0 0 0 0 0 0 0 0 0 0 0 0 0 0 0 0 0 0 0 0 0 0 0 0 0 0 0 0 0 0 0 0 0 0
1.23105 7.24982e-07 2.61721e-07 4.63261e-07 0.638997 0.755461 0 0 0 0 0 0 0 0 0 0 0 0 0 0 0 0 0 0 0 0 0 0 0 0 0 0 0 0 0 0 0 0 0 0 0 0 0 0 0 0 0 0
1.29424 7.33685e-07 2.60884e-07 4.72801e-07 0.64442 0.753586 0 0 0 0 0 0 0 0 0 0 0 0 0 0 0 0 0 0 0 0 0 0 0 0 0 0 0 0 0 0 0 0 0 0 0 0 0 0 0 0 0 0
1.36067 7.38547e-07 2.59345e-07 4.79202e-07 0.648844 0.749624 0 0 0 0 0 0 0 0 0 0 0 0 0 0 0 0 0 0 0 0 0 0 0 0 0 0 0 0 0 0 0 0 0 0 0 0 0 0 0 0 0 0
1.43051 7.29609e-07 2.57709e-07 4.71901e-07 0.646785 0.738964 0 0 0 0 0 0 0 0 0 0 0 0 0 0 0 0 0 0 0 0 0 0 0 0 0 0 0 0 0 0 0 0 0 0 0 0 0 0 0 0 0 0
1.50394 7.3539e-07 2.55234e-07 4.80156e-07 0.652927 0.734563 0 0 0 0 0 0 0 0 0 0 0 0 0 0 0 0 0 0 0 0 0 0 0 0 0 0 0 0 0 0 0 0 0 0 0 0 0 0 0 0 0 0
1.58114 7.51393e-07 2.52521e-07 4.98871e-07 0.663929 0.735492 0 0 0 0 0 0 0 0 0 0 0 0 0 0 0 0 0 0 0 0 0 0 0 0 0 0 0 0 0 0 0 0 0 0 0 0 0 0 0 0 0 0
1.6623 7.48499e-07 2.49318e-07 4.99181e-07 0.666909 0.729592 0 0 0 0 0 0 0 0 0 0 0 0 0 0 0 0 0 0 0 0 0 0 0 0 0 0 0 0 0 0 0 0 0 0 0 0 0 0 0 0 0 0
1.74763 7.35651e-07 2.47048e-07 4.88603e-07 0.664177 0.7159 0 0 0 0 0 0 0 0 0 0 0 0 0 0 0 0 0 0 0 0 0 0 0 0 0 0 0 0 0 0 0 0 0 0 0 0 0 0 0 0 0 0
1.83733 7.42683e-07 2.44778e-07 4.97905e-07 0.670414 0.706744 0 0 0 0 0 0 0 0 0 0 0 0 0 0 0 0 0 0 0 0 0 0 0 0 0 0 0 0 0 0 0 0 0 0 0 0 0 0 0 0 0 0
1.93164 7.67664e-07 2.41716e-07 5.25948e-07 0.685128 0.707717 0 0 0 0 0 0 0 0 0 0 0 0 0 0 0 0 0 0 0 0 0 0 0 0 0 0 0 0 0 0 0 0 0 0 0 0 0 0 0 0 0 0
2.03079 7.79236e-07 2.37715e-07 5.41521e-07 0.694938 0.708339 0 0 0 0 0 0 0 0 0 0 0 0 0 0 0 0 0 0 0 0 0 0 0 0 0 0 0 0 0 0 0 0 0 0 0 0 0 0 0 0 0 0
2.13503 7.60152e-07 2.3259e-07 5.27562e-07 0.694021 0.692664 0 0 0 0 0 0 0 0 0 0 0 0 0 0 0 0 0 0 0 0 0 0 0 0 0 0 0 0 0 0 0 0 0 0 0 0 0 0 0 0 0 0
2.24463 7.37134e-07 2.31762e-07 5.05372e-07 0.685591 0.667201 0 0 0 0 0 0 0 0 0 0 0 0 0 0 0 0 0 0 0 0 0 0 0 0 0 0 0 0 0 0 0 0 0 0 0 0 0 0 0 0 0 0
2.35984 7.44399e-07 2.36939e-07 5.07461e-07 0.681705 0.666325 0 0 0 0 0 0 0 0 0 0 0 0 0 0 0 0 0 0 0 0 0 0 0 0 0 0 0 0 0 0 0 0 0 0 0 0 0 0 0 0 0 0
2.48097 7.74946e-07 2.30421e-07 5.44525e-07 0.702661 0.674259 0 0 0 0 0 0 0 0 0 0 0 0 0 0 0 0 0 0 0 0 0 0 0 0 0 0 0 0 0 0 0 0 0 0 0 0 0 0 0 0 0 0
2.60832 7.94314e-07 2.2265e-07 5.71664e-07 0.719696 0.687208 0 0 0 0 0 0 0 0 0 0 0 0 0 0 0 0 0 0 0 0 0 0 0 0 0 0 0 0 0 0 0 0 0 0 0 0 0 0 0 0 0 0
2.74221 8.08052e-07 2.25532e-07 5.8252e-07 0.720895 0.665426 0 0 0 0 0 0 0 0 0 0 0 0 0 0 0 0 0 0 0 0 0 0 0 0 0 0 0 0 0 0 0 0 0 0 0 0 0 0 0 0 0 0
2.88297 8.01118e-07 2.2632e-07 5.74799e-07 0.717495 0.6577 0 0 0 0 0 0 0 0 0 0 0 0 0 0 0 0 0 0 0 0 0 0 0 0 0 0 0 0 0 0 0 0 0 0 0 0 0 0 0 0 0 0
3.03095 7.74618e-07 2.14554e-07 5.60064e-07 0.72302 0.626696 0 0 0 0 0 0 0 0 0 0 0 0 0 0 0 0 0 0 0 0 0 0 0 0 0 0 0 0 0 0 0 0 0 0 0 0 0 0 0 0 0 0
3.18653 7.39835e-07 2.17713e-07 5.22122e-07 0.705728 0.591452 0 0 0 0 0 0 0 0 0 0 0 0 0 0 0 0 0 0 0 0 0 0 0 0 0 0 0 0 0 0 0 0 0 0 0 0 0 0 0 0 0 0
3.35009 7.60725e-07 2.09367e-07 5.51358e-07 0.724779 0.58832 0 0 0 0 0 0 0 0 0 0 0 0 0 0 0 0 0 0 0 0 0 0 0 0 0 0 0 0 0 0 0 0 0 0 0 0 0 0 0 0 0 0
3.52205 7.51563e-07 2.13048e-07 5.38515e-07 0.716526 0.589151 0 0 0 0 0 0 0 0 0 0 0 0 0 0 0 0 0 0 0 0 0 0 0 0 0 0 0 0 0 0 0 0 0 0 0 0 0 0 0 0 0 0
3.70284 8.15378e-07 2.04781e-07 6.10597e-07 0.748851 0.619007 0 0 0 0 0 0 0 0 0 0 0 0 0 0 0 0 0 0 0 0 0 0 0 0 0 0 0 0 0 0 0 0 0 0 0 0 0 0 0 0 0 0
3.89291 8.27129e-07 2.13004e-07 6.14125e-07 0.742478 0.613857 0 0 0 0 0 0 0 0 0 0 0 0 0 0 0 0 0 0 0 0 0 0 0 0 0 0 0 0 0 0 0 0 0 0 0 0 0 0 0 0 0 0
4.09273 8.64086e-07 1.99828e-07 6.64258e-07 0.768741 0.648911 0 0 0 0 0 0 0 0 0 0 0 0 0 0 0 0 0 0 0 0 0 0 0 0 0 0 0 0 0 0 0 0 0 0 0 0 0 0 0 0 0 0
4.30281 8.91999e-07 2.24328e-07 6.6767e-07 0.748511 0.614921 0 0 0 0 0 0 0 0 0 0 0 0 0 0 0 0 0 0 0 0 0 0 0 0 0 0 0 0 0 0 0 0 0 0 0 0 0 0 0 0 0 0
4.52368 8.33747e-07 1.91708e-07 6.42039e-07 0.770065 0.627098 0 0 0 0 0 0 0 0 0 0 0 0 0 0 0 0 0 0 0 0 0 0 0 0 0 0 0 0 0 0 0 0 0 0 0 0 0 0 0 0 0 0
4.75588 8.59873e-07 2.17699e-07 6.42174e-07 0.746824 0.615181 0 0 0 0 0 0 0 0 0 0 0 0 0 0 0 0 0 0 0 0 0 0 0 0 0 0 0 0 0 0 0 0 0 0 0 0 0 0 0 0 0 0
5 7.9811e-07 2.05018e-07 5.93092e-07 0.743121 0.553692 0 0 0 0 0 0 0 0 0 0 0 0 0 0 0 0 0 0 0 0 0 0 0 0 0 0 0 0 0 0 0 0 0 0 0 0 0 0 0 0 0 0
5.25665 7.56401e-07 1.93092e-07 5.63309e-07 0.744722 0.542141 0 0 0 0 0 0 0 0 0 0 0 0 0 0 0 0 0 0 0 0 0 0 0 0 0 0 0 0 0 0 0 0 0 0 0 0 0 0 0 0 0 0
5.52648 7.68038e-07 2.07981e-07 5.60058e-07 0.729205 0.491376 0 0 0 0 0 0 0 0 0 0 0 0 0 0 0 0 0 0 0 0 0 0 0 0 0 0 0 0 0 0 0 0 0 0 0 0 0 0 0 0 0 0
5.81015 7.57022e-07 2.01055e-07 5.55967e-07 0.734413 0.433924 0 0 0 0 0 0 0 0 0 0 0 0 0 0 0 0 0 0 0 0 0 0 0 0 0 0 0 0 0 0 0 0 0 0 0 0 0 0 0 0 0 0
6.10839 7.28376e-07 1.89422e-07 5.38953e-07 0.739939 0.422151 0 0 0 0 0 0 0 0 0 0 0 0 0 0 0 0 0 0 0 0 0 0 0 0 0 0 0 0 0 0 0 0 0 0 0 0 0 0 0 0 0 0
6.42193 8.13666e-07 2.13055e-07 6.00611e-07 0.738154 0.390679 0 0 0 0 0 0 0 0 0 0 0 0 0 0 0 0 0 0 0 0 0 0 0 0 0 0 0 0 0 0 0 0 0 0 0 0 0 0 0 0 0 0
6.75157 8.14731e-07 1.90734e-07 6.23996e-07 0.765893 0.424161 0 0 0 0 0 0 0 0 0 0 0 0 0 0 0 0 0 0 0 0 0 0 0 0 0 0 0 0 0 0 0 0 0 0 0 0 0 0 0 0 0 0
7.09813 8.53111e-07 1.89259e-07 6.63851e-07 0.778154 0.458729 0 0 0 0 0 0 0 0 0 0 0 0 0 0 0 0 0 0 0 0 0 0 0 0 0 0 0 0 0 0 0 0 0 0 0 0 0 0 0 0 0 0
7.46248 9.2537e-07 1.98215e-07 7.27155e-07 0.785799 0.469538 0 0 0 0 0 0 0 0 0 0 0 0 0 0 0 0 0 0 0 0 0 0 0 0 0 0 0 0 0 0 0 0 0 0 0 0 0 0 0 0 0 0
7.84553 9.67039e-07 2.02432e-07 7.64607e-07 0.790668 0.431452 0 0 0 0 0 0 0 0 0 0 0 0 0 0 0 0 0 0 0 0 0 0 0 0 0 0 0 0 0 0 0 0 0 0 0 0 0 0 0 0 0 0
8.24824 9.37204e-07 1.77548e-07 7.59655e-07 0.810555 0.429949 0 0 0 0 0 0 0 0 0 0 0 0 0 0 0 0 0 0 0 0 0 0 0 0 0 0 0 0 0 0 0 0 0 0 0 0 0 0 0 0 0 0
8.67162 9.85137e-07 1.75862e-07 8.09274e-07 0.821484 0.443199 0 0 0 0 0 0 0 0 0 0 0 0 0 0 0 0 0 0 0 0 0 0 0 0 0 0 0 0 0 0 0 0 0 0 0 0 0 0 0 0 0 0
9.11674 1.05794e-06 1.85157e-07 8.72788e-07 0.824984 0.45651 0 0 0 0 0 0 0 0 0 0 0 0 0 0 0 0 0 0 0 0 0 0 0 0 0 0 0 0 0 0 0 0 0 0 0 0 0 0 0 0 0 0
9.5847 1.11964e-06 2.0127e-07 9.18365e-07 0.820236 0.45773 0 0 0 0 0 0 0 0 0 0 0 0 0 0 0 0 0 0 0 0 0 0 0 0 0 0 0 0 0 0 0 0 0 0 0 0 0 0 0 0 0 0
10.0767 1.05921e-06 1.97908e-07 8.61304e-07 0.813156 0.43809 0 0 0 0 0 0 0 0 0 0 0 0 0 0 0 0 0 0 0 0 0 0 0 0 0 0 0 0 0 0 0 0 0 0 0 0 1.4013e-45 0 4.2039e-45 0 1.26117e-44 0
10.5939 9.7442e-07 1.81325e-07 7.93094e-07 0.813914 0.410992 0 0 0 0 0 0 0 0 0 0 0 0 0 0 0 0 0 0 0 0 0 0 0 0 0 0 0 0 2.8026e-45 0 9.80909e-45 0 3.08286e-44 0 9.52883e-44 0 2.67648e-43 0 7.25873e-43 0 1.80487e-42 0
11.1377 9.39918e-07 1.73912e-07 7.66006e-07 0.814971 0.386838 0 0 0 0 0 0 0 0 0 0 0 0 0 0 0 0 0 0 0 0 1.4013e-45 0 4.2039e-45 0 2.24208e-44 0 1.02295e-43 0 4.06377e-43 0 1.41251e-42 0 4.35383e-42 0 1.27967e-41 0 3.44075e-41 0 8.87975e-41 0 2.111e-40 0
11.7094 9.39978e-07 1.73586e-07 7.66392e-07 0.815329 0.357314 0 0 0 0 0 0 0 0 0 0 0 0 0 0 0 0 1.4013e-45 0 1.68156e-44 0 1.23314e-43 0 7.20267e-43 0 3.42337e-42 0 1.41363e-41 0 5.23889e-41 0 1.71569e-40 0 5.00304e-40 0 1.39525e-39 0 3.57452e-39 0 8.80761e-39 0 2.00717e-38 0
12.3105 9.34598e-07 1.78396e-07 7.56202e-07 0.80912 0.339062 0 0 0 0 0 0 0 0 0 0 0 0 1.4013e-45 0 2.38221e-44 0 2.95674e-43 0 2.60221e-42 0 1.71925e-41 0 9.19322e-41 0 4.04912e-40 0 1.55989e-39 0 5.42281e-39 0 1.67599e-38 0 4.63845e-38 0 1.2304e-37 0 3.01066e-37 0 7.09874e-37 0 1.55396e-36 0
12.9424 9.14904e-07 1.8525e-07 7.29654e-07 0.79752 0.319221 0 0 0 0 0 0 0 0 0 0 5.60519e-45 0 2.01787e-43 0 3.49204e-42 0 3.94255e-41 0 3.11748e-40 0 1.87821e-39 0 9.25346e-39 0 3.79107e-38 0 1.36741e-37 0 4.47309e-37 0 1.30836e-36 0 3.44544e-36 0 8.71429e-36 0 2.04115e-35 0 4.61536e-35 0 9.72418e-35 0
13.6067 8.6685e-07 1.86984e-07 6.79867e-07 0.784295 0.294441 0 0 0 0 0 0 0 0 1.26117e-44 0 8.89825e-43 0 2.62659e-41 0 3.9673e-40 0 3.97863e-39 0 2.84389e-38 0 1.56954e-37 0 7.15351e-37 0 2.73574e-36 0 9.26849e-36 0 2.86146e-35 0 7.94239e-35 0 1.99497e-34 0 4.82223e-34 0 1.08354e-33 0 2.35437e-33 0 4.78321e-33 0
14.3051 8.11939e-07 1.82838e-07 6.29101e-07 0.774813 0.258648 0 0 0 0 0 0 5.60519e-45 0 1.7236e-42 0 1.03421e-40 0 2.58866e-39 0 3.42451e-38 0 3.06869e-37 0 1.99263e-36 0 1.01174e-35 0 4.28205e-35 0 1.53378e-34 0 4.89581e-34 0 1.43054e-33 0 3.77761e-33 0 9.07139e-33 0 2.10025e-32 0 4.53627e-32 0 9.4902e-32 0 1.86247e-31 0
15.0394 7.7137e-07 1.77826e-07 5.93545e-07 0.769468 0.213706 0 0 0 0 0 0 8.49187e-43 0 1.90476e-40 0 9.35627e-39 0 2.0012e-37 0 2.33376e-36 0 1.87894e-35 0 1.11358e-34 0 5.22284e-34 0 2.06015e-33 0 6.93357e-33 0 2.09126e-32 0 5.79893e-32 0 1.46041e-31 0 3.36012e-31 0 7.46708e-31 0 1.55329e-30 0 3.13456e-30 0 5.95244e-30 0
15.8114 7.45495e-07 1.75012e-07 5.70483e-07 0.765241 0.166911 0 0 0 0 3.78351e-44 0 9.69026e-41 0 1.66969e-38 0 6.78147e-37 0 1.24901e-35 0 1.29196e-34 0 9.3946e-34 0 5.1045e-33 0 2.22009e-32 0 8.18961e-32 0 2.5977e-31 0 7.42388e-31 0 1.95859e-30 0 4.71505e-30 0 1.04159e-29 0 2.22619e-29 0 4.4682e-29 0 8.71303e-29 0 1.60357e-28 0
16.623 7.27661e-07 1.7441e-07 5.53251e-07 0.760315 0.12358 0 0 0 0 5.05308e-42 0 8.77498e-39 0 1.17587e-36 0 3.98571e-35 0 6.36756e-34 0 5.87645e-33 0 3.87861e-32 0 1.94027e-31 0 7.85432e-31 0 2.71847e-30 0 8.15028e-30 0 2.21283e-29 0 5.56791e-29 0 1.28412e-28 0 2.72906e-28 0 5.62044e-28 0 1.09036e-27 0 2.05799e-27 0 3.67646e-27 0
17.4762 7.11954e-07 1.75349e-07 5.36606e-07 0.753708 0.0854988 0 0 0 0 5.26738e-40 0 6.35417e-37 0 6.70375e-35 0 1.91318e-33 0 2.66972e-32 0 2.21048e-31 0 1.33055e-30 0 6.15292e-30 0 2.32638e-29 0 7.57824e-29 0 2.15345e-28 0 5.56843e-28 0 1.3394e-27 0 2.96555e-27 0 6.07472e-27 0 1.20772e-26 0 2.26836e-26 0 4.15067e-26 0 7.20777e-26 0
18.3733 6.94123e-07 1.77178e-07 5.16945e-07 0.744745 0.0525458 0 0 7.9874e-44 0 4.34559e-38 0 3.70734e-35 0 3.11557e-33 0 7.54944e-32 0 9.26264e-31 0 6.91725e-30 0 3.81434e-29 0 1.63681e-28 0 5.79956e-28 0 1.78337e-27 0 4.81575e-27 0 1.18882e-26 0 2.73958e-26 0 5.83478e-26 0 1.15409e-25 0 2.21875e-25 0 4.04101e-25 0 7.17934e-25 0 1.21357e-24 0
19.3164 6.71659e-07 1.79137e-07 4.92522e-07 0.733291 0.024211 0 0 1.00655e-41 0 2.85827e-36 0 1.75393e-33 0 1.18721e-31 0 2.46214e-30 0 2.67284e-29 0 1.80942e-28 0 9.17956e-28 0 3.66872e-27 0 1.22205e-26 0 3.55728e-26 0 9.15115e-26 0 2.16156e-25 0 4.78225e-25 0 9.81617e-25 0 1.878e-24 0 3.49707e-24 0 6.18547e-24 0 1.06852e-23 0 1.76048e-23 0
20.3079 6.42656e-07 1.80432e-07 4.62223e-07 0.719239 -0.000791747 1.4013e-45 0 9.8101e-40 0 1.50893e-34 0 6.76805e-32 0 3.7291e-30 0 6.66961e-29 0 6.44458e-28 0 3.97383e-27 0 1.86233e-26 0 6.95622e-26 0 2.18491e-25 0 6.03679e-25 0 1.48296e-24 0 3.35889e-24 0 7.14862e-24 0 1.41672e-23 0 2.62592e-23 0 4.74359e-23 0 8.15986e-23 0 1.37246e-22 0 2.2068e-22 0
21.3503 6.07765e-07 1.82182e-07 4.25584e-07 0.700244 -0.022879 1.24716e-43 0 7.57354e-38 0 6.50198e-33 0 2.16455e-30 0 9.80616e-29 0 1.5235e-27 0 1.31777e-26 0 7.43504e-26 0 3.23131e-25 0 1.13175e-24 0 3.36158e-24 0 8.83825e-24 0 2.07794e-23 0 4.52233e-23 0 9.27628e-23 0 1.778e-22 0 3.19775e-22 0 5.61218e-22 0 9.40167e-22 0 1.54169e-21 0 2.42208e-21 0
22.4463 5.69265e-07 1.8478e-07 3.84484e-07 0.675405 -0.0424569 1.47795e-41 0 4.69485e-36 0 2.31464e-31 0 5.80303e-29 0 2.18236e-27 0 2.96555e-26 0 2.30863e-25 0 1.19704e-24 0 4.84228e-24 0 1.59531e-23 0 4.49316e-23 0 1.12688e-22 0 2.54107e-22 0 5.32424e-22 0 1.05447e-21 0 1.95793e-21 0 3.42188e-21 0 5.84284e-21 0 9.5446e-21 0 1.52779e-20 0 2.34788e-20 0
23.5984 5.30087e-07 1.88614e-07 3.41473e-07 0.644183 -0.0599576 1.38314e-39 0 2.36697e-34 0 6.88541e-30 0 1.31815e-27 0 4.15266e-26 0 4.96796e-25 0 3.49875e-24 0 1.67406e-23 0 6.32525e-23 0 1.96604e-22 0 5.26433e-22 0 1.26233e-21 0 2.7357e-21 0 5.52873e-21 0 1.05904e-20 0 1.90789e-20 0 3.24476e-20 0 5.39756e-20 0 8.60845e-20 0 1.34665e-19 0 2.02655e-19 0
24.8097 4.92854e-07 1.93653e-07 2.99201e-07 0.607079 -0.0759209 1.03154e-37 0 9.80167e-33 0 1.72623e-28 0 2.55691e-26 0 6.80646e-25 0 7.21353e-24 0 4.61842e-23 0 2.04718e-22 0 7.249e-22 0 2.13179e-21 0 5.44017e-21 0 1.24996e-20 0 2.60852e-20 0 5.09369e-20 0 9.45231e-20 0 1.65461e-19 0 2.74199e-19 0 4.44927e-19 0 6.93615e-19 0 1.0616e-18 0 1.56601e-18 0
26.0832 4.6119e-07 2.01689e-07 2.59501e-07 0.562677 -0.0907235 6.2537e-36 0 3.39558e-31 0 3.71036e-27 0 4.30581e-25 0 9.76508e-24 0 9.22246e-23 0 5.39291e-22 0 2.22287e-21 0 7.39988e-21 0 2.06452e-20 0 5.03294e-20 0 1.11037e-19 0 2.23545e-19 0 4.22487e-19 0 7.60692e-19 0 1.29567e-18 0 2.09486e-18 0 3.31982e-18 0 5.06441e-18 0 7.59182e-18 0 1.09885e-17 0
27.4221 4.35257e-07 2.11478e-07 2.23779e-07 0.514131 -0.104356 3.09195e-34 0 9.85912e-30 0 6.84171e-26 0 6.29505e-24 0 1.22584e-22 0 1.03751e-21 0 5.56573e-21 0 2.14083e-20 0 6.72033e-20 0 1.78332e-19 0 4.16233e-19 0 8.83494e-19 0 1.71895e-18 0 3.14931e-18 0 5.50987e-18 0 9.14399e-18 0 1.44413e-17 0 2.23771e-17 0 3.34398e-17 0 4.9147e-17 0 6.98631e-17 0
28.8297 4.1704e-07 2.23686e-07 1.93354e-07 0.463633 -0.11684 1.26213e-32 0 2.42563e-28 0 1.09296e-24 0 8.06408e-23 0 1.35842e-21 0 1.03587e-20 0 5.11937e-20 0 1.84379e-19 0 5.47349e-19 0 1.38487e-18 0 3.10131e-18 0 6.3453e-18 0 1.19509e-17 0 2.12575e-17 0 3.61891e-17 0 5.85911e-17 0 9.04924e-17 0 1.37253e-16 0 2.01125e-16 0 2.9009e-16 0 4.05347e-16 0
30.3095 4.04309e-07 2.36413e-07 1.67896e-07 0.415267 -0.128392 4.25465e-31 0 5.0517e-27 0 1.50946e-23 0 9.02764e-22 0 1.32486e-20 0 9.14887e-20 0 4.18214e-19 0 1.41489e-18 0 3.98295e-18 0 9.6309e-18 0 2.07351e-17 0 4.0967e-17 0 7.48097e-17 0 1.29378e-16 0 2.14607e-16 0 3.39375e-16 0 5.13149e-16 0 7.62644e-16 0 1.09689e-15 0 1.55405e-15 0 2.1363e-15 0
31.8653 3.92282e-07 2.45864e-07 1.46418e-07 0.373248 -0.138953 1.17732e-29 0 8.84158e-26 0 1.78745e-22 0 8.7546e-21 0 1.12687e-19 0 7.08106e-19 0 3.00542e-18 0 9.58043e-18 0 2.56402e-17 0 5.93828e-17 0 1.23152e-16 0 2.35358e-16 0 4.17335e-16 0 7.027e-16 0 1.13717e-15 0 1.7585e-15 0 2.60579e-15 0 3.79853e-15 0 5.36722e-15 0 7.47591e-15 0 1.01185e-14 0
33.5009 3.79423e-07 2.50958e-07 1.28464e-07 0.338579 -0.148661 2.69106e-28 0 1.30718e-24 0 1.82239e-21 0 7.38129e-20 0 8.38676e-19 0 4.81776e-18 0 1.90546e-17 0 5.73981e-17 0 1.46406e-16 0 3.25455e-16 0 6.51335e-16 0 1.20604e-15 0 2.07955e-15 0 3.41356e-15 0 5.39578e-15 0 8.16827e-15 0 1.18737e-14 0 1.69931e-14 0 2.36089e-14 0 3.23567e-14 0 4.31517e-14 0
35.2205 3.56867e-07 2.45433e-07 1.11434e-07 0.312257 -0.157259 5.00213e-27 0 1.6054e-23 0 1.5717e-20 0 5.31344e-19 0 5.36175e-18 0 2.82805e-17 0 1.04589e-16 0 2.9854e-16 0 7.27461e-16 0 1.55526e-15 0 3.00888e-15 0 5.40626e-15 0 9.07725e-15 0 1.4544e-14 0 2.24813e-14 0 3.33507e-14 0 4.76026e-14 0 6.69445e-14 0 9.15264e-14 0 1.23524e-13 0 1.62435e-13 0
37.0284 3.27719e-07 2.31889e-07 9.58306e-08 0.292417 -0.16512 7.68515e-26 0 1.66296e-22 0 1.16318e-19 0 3.31132e-18 0 2.9848e-17 0 1.45156e-16 0 5.0362e-16 0 1.36578e-15 0 3.18641e-15 0 6.56422e-15 0 1.22968e-14 0 2.14713e-14 0 3.51502e-14 0 5.50378e-14 0 8.32846e-14 0 1.21195e-13 0 1.70007e-13 0 2.35137e-13 0 3.16607e-13 0 4.21083e-13 0 5.46375e-13 0
38.9291 2.91691e-07 2.10899e-07 8.07925e-08 0.27698 -0.172132 9.79842e-25 0 1.45729e-21 0 7.40318e-19 0 1.78964e-17 0 1.44896e-16 0 6.52288e-16 0 2.12975e-15 0 5.50111e-15 0 1.23143e-14 0 2.44887e-14 0 4.44902e-14 0 7.55984e-14 0 1.20818e-13 0 1.85078e-13 0 2.74458e-13 0 3.92141e-13 0 5.41062e-13 0 7.36587e-13 0 9.77498e-13 0 1.28208e-12 0 1.64254e-12 0
40.9273 2.53747e-07 1.86657e-07 6.70903e-08 0.264398 -0.178493 1.05571e-23 0 1.09912e-20 0 4.11913e-18 0 8.52337e-17 0 6.23098e-16 0 2.60639e-15 0 8.03225e-15 0 1.98079e-14 0 4.26295e-14 0 8.19766e-14 0 1.44653e-13 0 2.39517e-13 0 3.74121e-13 0 5.61298e-13 0 8.16506e-13 0 1.14646e-12 0 1.55718e-12 0 2.08821e-12 0 2.73316e-12 0 3.53765e-12 0 4.47776e-12 0
43.0281 2.17609e-07 1.62708e-07 5.49011e-08 0.252292 -0.184334 9.79542e-23 0 7.26436e-20 0 2.03844e-17 0 3.63798e-16 0 2.41337e-15 0 9.41376e-15 0 2.74598e-14 0 6.47975e-14 0 1.34332e-13 0 2.50203e-13 0 4.29427e-13 0 6.93751e-13 0 1.06029e-12 0 1.55957e-12 0 2.22753e-12 0 3.07628e-12 0 4.11635e-12 0 5.4416e-12 0 7.02928e-12 0 8.98441e-12 0 1.12419e-11 0
45.2368 1.85358e-07 1.40784e-07 4.45742e-08 0.240476 -0.189725 7.94013e-22 0 4.26451e-19 0 9.08746e-17 0 1.40896e-15 0 8.52199e-15 0 3.11041e-14 0 8.61097e-14 0 1.94854e-13 0 3.89825e-13 0 7.04364e-13 0 1.17744e-12 0 1.85816e-12 0 2.78169e-12 0 4.0152e-12 0 5.63594e-12 0 7.6617e-12 0 1.01073e-11 0 1.31805e-11 0 1.68146e-11 0 2.12355e-11 0 2.6282e-11 0
47.5588 1.58753e-07 1.22771e-07 3.59824e-08 0.226656 -0.194621 5.74491e-21 0 2.27004e-18 0 3.72319e-16 0 5.04951e-15 0 2.79723e-14 0 9.58414e-14 0 2.52461e-13 0 5.48955e-13 0 1.06168e-12 0 1.8637e-12 0 3.03826e-12 0 4.68914e-12 0 6.88278e-12 0 9.75842e-12 0 1.34725e-11 0 1.80425e-11 0 2.34819e-11 0 3.02273e-11 0 3.81059e-11 0 4.75793e-11 0 5.82765e-11 0
50 1.36359e-07 1.07348e-07 2.90107e-08 0.212752 -0.199198 3.71299e-20 0 1.0957e-17 0 1.40099e-15 0 1.67295e-14 0 8.52436e-14 0 2.75026e-13 0 6.91001e-13 0 1.4466e-12 0 2.70907e-12 0 4.6267e-12 0 7.36473e-12 0 1.11282e-11 0 1.60309e-11 0 2.23445e-11 0 3.0367e-11 0 4.00918e-11 0 5.15116e-11 0 6.54964e-11 0 8.16391e-11 0 1.00836e-10 0 1.2229e-10 0
52.5665 1.18547e-07 9.51911e-08 2.33563e-08 0.19702 -0.202936 2.18046e-19 0 4.87438e-17 0 4.91817e-15 0 5.20314e-14 0 2.4486e-13 0 7.46092e-13 0 1.7921e-12 0 3.61882e-12 0 6.57256e-12 0 1.09354e-11 0 1.70163e-11 0 2.51988e-11 0 3.56593e-11 0 4.8904e-11 0 6.54743e-11 0 8.52774e-11 0 1.08235e-10 0 1.36015e-10 0 1.67725e-10 0 2.05039e-10 0 2.46333e-10 0
55.2648 1.0416e-07 8.5355e-08 1.88047e-08 0.180537 -0.206117 1.16629e-18 0 2.00204e-16 0 1.61257e-14 0 1.52042e-13 0 6.63396e-13 0 1.91436e-12 0 4.40566e-12 0 8.59636e-12 0 1.51645e-11 0 2.46114e-11 0 3.7479e-11 0 5.44475e-11 0 7.57545e-11 0 1.02302e-10 0 1.35027e-10 0 1.73613e-10 0 2.17802e-10 0 2.70668e-10 0 3.30372e-10 0 3.99929e-10 0 4.76187e-10 0
58.1015 9.26205e-08 7.7455e-08 1.51655e-08 0.163738 -0.208794 5.71579e-18 0 7.63197e-16 0 4.9616e-14 0 4.19266e-13 0 1.7024e-12 0 4.66488e-12 0 1.03076e-11 0 1.94664e-11 0 3.34013e-11 0 5.29423e-11 0 7.89837e-11 0 1.1267e-10 0 1.54254e-10 0 2.05277e-10 0 2.67297e-10 0 3.39488e-10 0 4.21208e-10 0 5.17921e-10 0 6.26041e-10 0 7.50813e-10 0 8.86392e-10 0
61.0839 8.3295e-08 7.10548e-08 1.22403e-08 0.146951 -0.210985 2.57633e-17 0 2.70884e-15 0 1.43632e-13 0 1.09362e-12 0 4.14692e-12 0 1.08176e-11 0 2.29951e-11 0 4.21001e-11 0 7.03579e-11 0 1.0904e-10 0 1.59528e-10 0 2.23654e-10 0 3.01538e-10 0 3.9572e-10 0 5.08679e-10 0 6.38564e-10 0 7.83977e-10 0 9.54306e-10 0 1.1429e-09 0 1.35857e-09 0 1.59095e-09 0
64.2193 7.57628e-08 6.58744e-08 9.88842e-09 0.130518 -0.212733 1.07262e-16 0 8.98493e-15 0 3.92452e-13 0 2.70619e-12 0 9.61512e-12 0 2.39347e-11 0 4.90392e-11 0 8.71701e-11 0 1.42072e-10 0 2.15521e-10 0 3.0951e-10 0 4.26824e-10 0 5.67126e-10 0 7.34449e-10 0 9.32595e-10 0 1.1578e-09 0 1.40728e-09 0 1.69666e-09 0 2.01415e-09 0 2.37411e-09 0 2.75884e-09 0
67.5157 6.96988e-08 6.16999e-08 7.99888e-09 0.114764 -0.213961 4.14167e-16 0 2.79482e-14 0 1.01518e-12 0 6.37044e-12 0 2.12757e-11 0 5.06548e-11 0 1.00213e-10 0 1.73202e-10 0 2.75636e-10 0 4.09714e-10 0 5.78084e-10 0 7.84785e-10 0 1.02838e-09 0 1.31509e-09 0 1.65052e-09 0 2.02756e-09 0 2.4411e-09 0 2.91632e-09 0 3.43316e-09 0 4.01436e-09 0 4.63082e-09 0
70.9813 6.48103e-08 5.83298e-08 6.48055e-09 0.0999926 -0.214754 1.488e-15 0 8.17472e-14 0 2.49164e-12 0 1.42946e-11 0 4.50107e-11 0 1.02721e-10 0 1.9656e-10 0 3.30766e-10 0 5.14579e-10 0 7.50228e-10 0 1.04089e-09 0 1.39214e-09 0 1.80034e-09 0 2.27478e-09 0 2.8235e-09 0 3.43383e-09 0 4.09688e-09 0 4.85212e-09 0 5.66671e-09 0 6.57563e-09 0 7.53268e-09 0
74.6248 6.09047e-08 5.56499e-08 5.25478e-09 0.0862787 -0.215078 4.99324e-15 0 2.25582e-13 0 5.81919e-12 0 3.06553e-11 0 9.12701e-11 0 2.00067e-10 0 3.70897e-10 0 6.08474e-10 0 9.2641e-10 0 1.32602e-09 0 1.81057e-09 0 2.38742e-09 0 3.04894e-09 0 3.80868e-09 0 4.6778e-09 0 5.63485e-09 0 6.66521e-09 0 7.82897e-09 0 9.07429e-09 0 1.04536e-08 0 1.18959e-08 0
78.4553 5.78421e-08 5.35779e-08 4.26421e-09 0.0737216 -0.214896 1.57084e-14 0 5.89191e-13 0 1.29687e-11 0 6.29949e-11 0 1.77826e-10 0 3.75145e-10 0 6.74821e-10 0 1.08064e-09 0 1.61187e-09 0 2.2671e-09 0 3.04883e-09 0 3.96627e-09 0 5.00514e-09 0 6.18477e-09 0 7.52026e-09 0 8.9769e-09 0 1.05317e-08 0 1.22737e-08 0 1.41239e-08 0 1.61587e-08 0 1.82724e-08 0
82.4824 5.56046e-08 5.21394e-08 3.46513e-09 0.0623174 -0.213915 4.65726e-14 0 1.46352e-12 0 2.77003e-11 0 1.24561e-10 0 3.34246e-10 0 6.79895e-10 0 1.18845e-09 0 1.8599e-09 0 2.72057e-09 0 3.7633e-09 0 4.98827e-09 0 6.40648e-09 0 7.9932e-09 0 9.77556e-09 0 1.17735e-08 0 1.3933e-08 0 1.62191e-08 0 1.87612e-08 0 2.14418e-08 0 2.43703e-08 0 2.73933e-08 0
86.7162 5.39571e-08 5.11408e-08 2.8163e-09 0.0521952 -0.211492 1.30202e-13 0 3.45768e-12 0 5.66916e-11 0 2.36885e-10 0 6.05749e-10 0 1.19018e-09 0 2.02446e-09 0 3.09972e-09 0 4.45069e-09 0 6.05978e-09 0 7.92251e-09 0 1.00514e-08 0 1.24061e-08 0 1.50241e-08 0 1.79312e-08 0 2.10464e-08 0 2.43186e-08 0 2.79309e-08 0 3.17142e-08 0 3.5821e-08 0 4.00352e-08 0
91.1674 5.24596e-08 5.0172e-08 2.28753e-09 0.0436056 -0.207613 3.41731e-13 0 7.73244e-12 0 1.10597e-10 0 4.30964e-10 0 1.05266e-09 0 2.00118e-09 0 3.31681e-09 0 4.97393e-09 0 7.01672e-09 0 9.41066e-09 0 1.21435e-08 0 1.52286e-08 0 1.8604e-08 0 2.23203e-08 0 2.641e-08 0 3.07568e-08 0 3.52889e-08 0 4.02576e-08 0 4.5428e-08 0 5.10065e-08 0 5.66985e-08 0
95.847 5.08379e-08 4.89802e-08 1.85771e-09 0.0365419 -0.203124 8.40314e-13 0 1.63281e-11 0 2.05092e-10 0 7.47836e-10 0 1.74871e-09 0 3.22177e-09 0 5.20972e-09 0 7.65952e-09 0 1.06253e-08 0 1.40476e-08 0 1.79027e-08 0 2.22043e-08 0 2.6862e-08 0 3.19425e-08 0 3.74862e-08 0 4.33324e-08 0 4.93851e-08 0 5.59773e-08 0 6.27951e-08 0 7.01087e-08 0 7.7531e-08 0
100.767 4.92969e-08 4.77846e-08 1.51234e-09 0.0306782 -0.199473 1.9499e-12 0 3.27791e-11 0 3.63874e-10 0 1.2456e-09 0 2.79432e-09 0 4.99686e-09 0 7.89272e-09 0 1.13878e-08 0 1.55468e-08 0 2.0276e-08 0 2.55362e-08 0 3.13407e-08 0 3.75641e-08 0 4.42926e-08 0 5.15751e-08 0 5.91982e-08 0 6.70378e-08 0 7.5523e-08 0 8.42474e-08 0 9.3555e-08 0 1.02952e-07 0
105.939 4.89321e-08 4.76957e-08 1.23638e-09 0.0252673 -0.196688 4.38358e-12 0 6.42059e-11 0 6.33711e-10 0 2.04279e-09 0 4.40546e-09 0 7.65751e-09 0 1.18284e-08 0 1.67635e-08 0 2.25405e-08 0 2.90185e-08 0 3.61375e-08 0 4.39105e-08 0 5.21665e-08 0 6.10178e-08 0 7.05242e-08 0 8.04052e-08 0 9.05021e-08 0 1.01366e-07 0 1.12474e-07 0 1.24263e-07 0 1.36107e-07 0
111.377 5.13451e-08 5.0329e-08 1.01608e-09 0.0197892 -0.19057 9.89161e-12 0 1.27086e-10 0 1.12167e-09 0 3.41493e-09 0 7.09337e-09 0 1.20013e-08 0 1.81487e-08 0 2.52867e-08 0 3.35129e-08 0 4.26154e-08 0 5.25049e-08 0 6.31944e-08 0 7.44473e-08 0 8.64155e-08 0 9.91754e-08 0 1.12349e-07 0 1.2573e-07 0 1.40045e-07 0 1.54605e-07 0 1.6998e-07 0 1.85357e-07 0
117.094 5.53674e-08 5.45376e-08 8.29761e-10 0.0149865 -0.166563 2.18184e-11 0 2.47465e-10 0 1.96385e-09 0 5.6626e-09 0 1.13498e-08 0 1.87159e-08 0 2.77371e-08 0 3.80256e-08 0 4.97078e-08 0 6.24719e-08 0 7.61891e-08 0 9.08748e-08 0 1.06204e-07 0 1.22383e-07 0 1.39513e-07 0 1.57086e-07 0 1.74832e-07 0 1.93716e-07 0 2.12826e-07 0 2.32912e-07 0 2.52911e-07 0
123.105 5.40229e-08 5.33602e-08 6.62726e-10 0.0122675 -0.120443 4.14611e-11 0 4.17675e-10 0 2.99579e-09 0 8.20285e-09 0 1.58925e-08 0 2.55749e-08 0 3.7181e-08 0 5.01936e-08 0 6.47616e-08 0 8.04883e-08 0 9.7215e-08 0 1.1496e-07 0 1.33334e-07 0 1.52587e-07 0 1.72836e-07 0 1.93483e-07 0 2.14219e-07 0 2.36172e-07 0 2.58283e-07 0 2.81418e-07 0 3.04356e-07 0
129.424 4.42286e-08 4.37058e-08 5.22787e-10 0.0118201 -0.0839869 6.30783e-11 0 5.67672e-10 0 3.69822e-09 0 9.64026e-09 0 1.8084e-08 0 2.84333e-08 0 4.05885e-08 0 5.39969e-08 0 6.88076e-08 0 8.46143e-08 0 1.01261e-07 0 1.18769e-07 0 1.36759e-07 0 1.5548e-07 0 1.75046e-07 0 1.94881e-07 0 2.14698e-07 0 2.35577e-07 0 2.56509e-07 0 2.78319e-07 0 2.99857e-07 0
136.067 3.40257e-08 3.36088e-08 4.16949e-10 0.0122539 -0.0693479 8.63517e-11 0 6.98072e-10 0 4.1501e-09 0 1.03238e-08 0 1.87806e-08 0 2.88835e-08 0 4.0521e-08 0 5.31614e-08 0 6.69464e-08 0 8.1499e-08 0 9.66821e-08 0 1.1252e-07 0 1.28674e-07 0 1.45377e-07 0 1.62728e-07 0 1.80221e-07 0 1.97612e-07 0 2.15851e-07 0 2.34058e-07 0 2.5295e-07 0 2.71537e-07 0
143.051 2.65198e-08 2.61823e-08 3.37456e-10 0.0127247 -0.074483 1.15019e-10 0 8.39626e-10 0 4.5756e-09 0 1.0887e-08 0 1.9235e-08 0 2.89673e-08 0 3.99728e-08 0 5.17519e-08 0 6.44425e-08 0 7.77018e-08 0 9.14127e-08 0 1.05603e-07 0 1.19978e-07 0 1.34747e-07 0 1.50003e-07 0 1.65304e-07 0 1.80444e-07 0 1.96252e-07 0 2.11968e-07 0 2.28213e-07 0 2.44138e-07 0
150.394 2.10237e-08 2.07492e-08 2.7453e-10 0.0130581 -0.0809246 1.49978e-10 0 9.93555e-10 0 4.98431e-09 0 1.13681e-08 0 1.95348e-08 0 2.88368e-08 0 3.91724e-08 0 5.00809e-08 0 6.16983e-08 0 7.37174e-08 0 8.6041e-08 0 9.8701e-08 0 1.11441e-07 0 1.24454e-07 0 1.37822e-07 0 1.51165e-07 0 1.64307e-07 0 1.77973e-07 0 1.91506e-07 0 2.05444e-07 0 2.1906e-07 0
158.114 1.7806e-08 1.75819e-08 2.24084e-10 0.0125848 -0.0892177 2.01599e-10 0 1.21776e-09 0 5.64653e-09 0 1.23705e-08 0 2.07031e-08 0 2.99863e-08 0 4.01299e-08 0 5.06941e-08 0 6.1822e-08 0 7.32275e-08 0 8.48281e-08 0 9.66614e-08 0 1.08495e-07 0 1.20514e-07 0 1.32799e-07 0 1.45002e-07 0 1.56971e-07 0 1.69368e-07 0 1.81599e-07 0 1.94153e-07 0 2.06377e-07 0
166.23 1.51745e-08 1.49916e-08 1.82953e-10 0.0120566 -0.0964667 2.63375e-10 0 1.45719e-09 0 6.26922e-09 0 1.3219e-08 0 2.15743e-08 0 3.06887e-08 0 4.04907e-08 0 5.05709e-08 0 6.10787e-08 0 7.17532e-08 0 8.25275e-08 0 9.34446e-08 0 1.04297e-07 0 1.15261e-07 0 1.26413e-07 0 1.37442e-07 0 1.48215e-07 0 1.59332e-07 0 1.70261e-07 0 1.81442e-07 0 1.92296e-07 0
174.763 1.29959e-08 1.28464e-08 1.49519e-10 0.011505 -0.102768 3.34552e-10 0 1.70268e-09 0 6.82184e-09 0 1.38701e-08 0 2.21027e-08 0 3.0905e-08 0 4.02293e-08 0 4.97037e-08 0 5.94824e-08 0 6.93328e-08 0 7.92035e-08 0 8.91414e-08 0 9.89649e-08 0 1.0884e-07 0 1.18837e-07 0 1.28681e-07 0 1.38262e-07 0 1.48112e-07 0 1.57765e-07 0 1.67609e-07 0 1.77137e-07 0
183.733 1.16529e-08 1.15306e-08 1.22218e-10 0.0104883 -0.107378 4.31353e-10 0 2.02771e-09 0 7.59204e-09 0 1.49111e-08 0 2.32279e-08 0 3.19526e-08 0 4.10628e-08 0 5.02145e-08 0 5.95716e-08 0 6.89222e-08 0 7.82277e-08 0 8.75401e-08 0 9.66962e-08 0 1.05856e-07 0 1.15089e-07 0 1.24144e-07 0 1.32925e-07 0 1.41923e-07 0 1.50712e-07 0 1.5965e-07 0 1.68276e-07 0
193.164 1.05001e-08 1.04002e-08 9.98955e-11 0.00951379 -0.111484 5.42418e-10 0 2.36426e-09 0 8.29995e-09 0 1.57738e-08 0 2.40473e-08 0 3.25706e-08 0 4.13499e-08 0 5.00741e-08 0 5.89148e-08 0 6.76825e-08 0 7.63511e-08 0 8.49766e-08 0 9.34146e-08 0 1.01818e-07 0 1.10253e-07 0 1.18494e-07 0 1.26458e-07 0 1.34594e-07 0 1.42517e-07 0 1.50551e-07 0 1.58285e-07 0
203.079 9.55689e-09 9.47522e-09 8.16719e-11 0.00854587 -0.114773 6.69644e-10 0 2.71644e-09 0 8.9698e-09 0 1.6522e-08 0 2.46766e-08 0 3.2934e-08 0 4.133e-08 0 4.9588e-08 0 5.78857e-08 0 6.60558e-08 0 7.40839e-08 0 8.20288e-08 0 8.97638e-08 0 9.74338e-08 0 1.05103e-07 0 1.12569e-07 0 1.19761e-07 0 1.27085e-07 0 1.34198e-07 0 1.41391e-07 0 1.483e-07 0
213.503 8.87527e-09 8.80847e-09 6.6795e-11 0.00752598 -0.116825 8.21053e-10 0 3.11064e-09 0 9.69048e-09 0 1.73268e-08 0 2.53792e-08 0 3.34011e-08 0 4.14579e-08 0 4.93056e-08 0 5.7128e-08 0 6.47778e-08 0 7.22507e-08 0 7.96084e-08 0 8.67394e-08 0 9.37817e-08 0 1.00797e-07 0 1.07604e-07 0 1.1414e-07 0 1.20778e-07 0 1.27208e-07 0 1.33694e-07 0 1.39908e-07 0
224.463 8.24846e-09 8.19383e-09 5.46208e-11 0.00662195 -0.118738 9.81747e-10 0 3.48545e-09 0 1.02735e-08 0 1.78577e-08 0 2.56774e-08 0 3.33475e-08 0 4.0962e-08 0 4.83106e-08 0 5.55802e-08 0 6.26438e-08 0 6.9506e-08 0 7.62298e-08 0 8.27185e-08 0 8.9102e-08 0 9.54388e-08 0 1.01568e-07 0 1.07436e-07 0 1.1338e-07 0 1.19123e-07 0 1.24902e-07 0 1.30428e-07 0
235.984 7.67151e-09 7.62685e-09 4.46585e-11 0.00582134 -0.120521 1.14624e-09 0 3.82562e-09 0 1.06983e-08 0 1.81042e-08 0 2.55785e-08 0 3.28029e-08 0 3.98964e-08 0 4.66827e-08 0 5.33481e-08 0 5.97853e-08 0 6.60065e-08 0 7.20743e-08 0 7.79064e-08 0 8.36233e-08 0 8.92797e-08 0 9.47341e-08 0 9.99424e-08 0 1.05204e-07 0 1.10276e-07 0 1.1537e-07 0 1.20229e-07 0
248.097 7.14102e-09 7.10449e-09 3.65354e-11 0.00511628 -0.122181 1.30851e-09 0 4.11807e-09 0 1.09548e-08 0 1.8072e-08 0 2.51112e-08 0 3.18209e-08 0 3.83407e-08 0 4.4527e-08 0 5.05621e-08 0 5.63573e-08 0 6.19304e-08 0 6.73428e-08 0 7.25252e-08 0 7.75881e-08 0 8.25818e-08 0 8.73836e-08 0 9.19571e-08 0 9.65668e-08 0 1.01e-07 0 1.05443e-07 0 1.09674e-07 0
260.832 6.74483e-09 6.71495e-09 2.98856e-11 0.00443089 -0.1228 1.4825e-09 0 4.41229e-09 0 1.11933e-08 0 1.80247e-08 0 2.46527e-08 0 3.08879e-08 0 3.68873e-08 0 4.25358e-08 0 4.80111e-08 0 5.32404e-08 0 5.82461e-08 0 6.30879e-08 0 6.77073e-08 0 7.22059e-08 0 7.663e-08 0 8.08728e-08 0 8.49042e-08 0 8.89585e-08 0 9.28497e-08 0 9.67418e-08 0 1.00441e-07 0
274.221 6.38795e-09 6.36351e-09 2.44407e-11 0.00382607 -0.123222 1.64901e-09 0 4.65425e-09 0 1.12868e-08 0 1.77635e-08 0 2.39341e-08 0 2.96674e-08 0 3.5133e-08 0 4.02413e-08 0 4.51633e-08 0 4.98404e-08 0 5.4298e-08 0 5.85933e-08 0 6.26776e-08 0 6.66431e-08 0 7.05324e-08 0 7.4253e-08 0 7.77803e-08 0 8.13203e-08 0 8.47112e-08 0 8.80968e-08 0 9.13094e-08 0
288.297 6.05079e-09 6.0308e-09 1.99863e-11 0.00330309 -0.123625 1.79802e-09 0 4.82537e-09 0 1.12118e-08 0 1.72662e-08 0 2.29363e-08 0 2.81432e-08 0 3.30638e-08 0 3.76311e-08 0 4.20071e-08 0 4.61455e-08 0 5.00737e-08 0 5.38454e-08 0 5.74205e-08 0 6.0882e-08 0 6.42682e-08 0 6.75e-08 0 7.05574e-08 0 7.36199e-08 0 7.65482e-08 0 7.94668e-08 0 8.2232e-08 0
303.095 5.74304e-09 5.72669e-09 1.63544e-11 0.0028477 -0.123843 1.92738e-09 0 4.93075e-09 0 1.10011e-08 0 1.65966e-08 0 2.17527e-08 0 2.64355e-08 0 3.08247e-08 0 3.48724e-08 0 3.87302e-08 0 4.23622e-08 0 4.57966e-08 0 4.90831e-08 0 5.21892e-08 0 5.51886e-08 0 5.81159e-08 0 6.09035e-08 0 6.35357e-08 0 6.61674e-08 0 6.86795e-08 0 7.11794e-08 0 7.35443e-08 0
318.653 5.48906e-09 5.47569e-09 1.33776e-11 0.00243714 -0.123423 2.04319e-09 0 4.9948e-09 0 1.07235e-08 0 1.58655e-08 0 2.05319e-08 0 2.47263e-08 0 2.86274e-08 0 3.22033e-08 0 3.55946e-08 0 3.8774e-08 0 4.17697e-08 0 4.46274e-08 0 4.73209e-08 0 4.99156e-08 0 5.24421e-08 0 5.48433e-08 0 5.71064e-08 0 5.93653e-08 0 6.15181e-08 0 6.36573e-08 0 6.56782e-08 0
335.009 5.24546e-09 5.23452e-09 1.09404e-11 0.00208569 -0.123025 2.12869e-09 0 4.98415e-09 0 1.03177e-08 0 1.49862e-08 0 1.91624e-08 0 2.28799e-08 0 2.63124e-08 0 2.94411e-08 0 3.23944e-08 0 3.51525e-08 0 3.77425e-08 0 4.0206e-08 0 4.25221e-08 0 4.4748e-08 0 4.6911e-08 0 4.89629e-08 0 5.08934e-08 0 5.28173e-08 0 5.46482e-08 0 5.6465e-08 0 5.81792e-08 0
352.205 5.0121e-09 5.00316e-09 8.94947e-12 0.00178557 -0.122648 2.18162e-09 0 4.90336e-09 0 9.80609e-09 0 1.3997e-08 0 1.76957e-08 0 2.09581e-08 0 2.39503e-08 0 2.6663e-08 0 2.92127e-08 0 3.15852e-08 0 3.38061e-08 0 3.5913e-08 0 3.78889e-08 0 3.9784e-08 0 4.16219e-08 0 4.33623e-08 0 4.49972e-08 0 4.66242e-08 0 4.81703e-08 0 4.97027e-08 0 5.11467e-08 0
370.284 4.81107e-09 4.80375e-09 7.32196e-12 0.0015219 -0.121677 2.21162e-09 0 4.78174e-09 0 9.25563e-09 0 1.29954e-08 0 1.62545e-08 0 1.91047e-08 0 2.17024e-08 0 2.40458e-08 0 2.62395e-08 0 2.82738e-08 0 3.01727e-08 0 3.19695e-08 0 3.3651e-08 0 3.52604e-08 0 3.68185e-08 0 3.82915e-08 0 3.96732e-08 0 4.10463e-08 0 4.23496e-08 0 4.36398e-08 0 4.48542e-08 0
389.291 4.61957e-09 4.61358e-09 5.98907e-12 0.00129646 -0.120664 2.21007e-09 0 4.60604e-09 0 8.64447e-09 0 1.19501e-08 0 1.47968e-08 0 1.72666e-08 0 1.95044e-08 0 2.15138e-08 0 2.33879e-08 0 2.51203e-08 0 2.6733e-08 0 2.82555e-08 0 2.96773e-08 0 3.10357e-08 0 3.23486e-08 0 3.35879e-08 0 3.47489e-08 0 3.59012e-08 0 3.69936e-08 0 3.80738e-08 0 3.90896e-08 0
409.273 4.43435e-09 4.42946e-09 4.89778e-12 0.00110451 -0.119686 2.17735e-09 0 4.38276e-09 0 7.98891e-09 0 1.0883e-08 0 1.33479e-08 0 1.54706e-08 0 1.73833e-08 0 1.90936e-08 0 2.06831e-08 0 2.21481e-08 0 2.35085e-08 0 2.479e-08 0 2.59845e-08 0 2.71238e-08 0 2.82233e-08 0 2.92597e-08 0 3.02293e-08 0 3.11906e-08 0 3.2101e-08 0 3.30002e-08 0 3.38451e-08 0
430.281 4.2669e-09 4.26289e-09 4.00686e-12 0.000939056 -0.118167 2.12218e-09 0 4.13347e-09 0 7.32979e-09 0 9.84799e-09 0 1.19707e-08 0 1.37861e-08 0 1.54136e-08 0 1.68631e-08 0 1.82059e-08 0 1.94401e-08 0 2.05836e-08 0 2.16586e-08 0 2.26589e-08 0 2.36115e-08 0 2.45294e-08 0 2.53936e-08 0 2.62012e-08 0 2.70009e-08 0 2.77575e-08 0 2.85043e-08 0 2.92052e-08 0
452.368 4.10693e-09 4.10365e-09 3.27784e-12 0.000798124 -0.116551 2.04336e-09 0 3.85807e-09 0 6.6659e-09 0 8.8401e-09 0 1.06553e-08 0 1.21977e-08 0 1.3574e-08 0 1.47953e-08 0 1.59232e-08 0 1.69575e-08 0 1.79136e-08 0 1.88108e-08 0 1.96442e-08 0 2.04368e-08 0 2.11996e-08 0 2.19168e-08 0 2.25863e-08 0 2.32487e-08 0 2.38748e-08 0 2.44922e-08 0 2.50713e-08 0
475.588 3.95131e-09 3.94863e-09 2.6809e-12 0.000678484 -0.11498 1.9436e-09 0 3.56344e-09 0 6.00782e-09 0 7.87028e-09 0 9.41136e-09 0 1.07131e-08 0 1.18695e-08 0 1.28922e-08 0 1.38342e-08 0 1.46958e-08 0 1.54909e-08 0 1.62356e-08 0 1.69264e-08 0 1.75825e-08 0 1.82131e-08 0 1.88054e-08 0 1.93578e-08 0 1.99039e-08 0 2.04195e-08 0 2.09276e-08 0 2.14038e-08 0
500 3.80007e-09 3.79788e-09 2.19246e-12 0.000576951 -0.113445 1.82748e-09 0 3.25889e-09 0 5.36898e-09 0 6.95272e-09 0 8.25234e-09 0 9.34407e-09 0 1.031e-08 0 1.11616e-08 0 1.19439e-08 0 1.26581e-08 0 1.33158e-08 0 1.39309e-08 0 1.45007e-08 0 1.50412e-08 0 1.55602e-08 0 1.60471e-08 0 1.65008e-08 0 1.69489e-08 0 1.73718e-08 0 1.77881e-08 0 1.81781e-08 0
525.665 3.65761e-09 3.65582e-09 1.79354e-12 0.000490359 -0.110918 1.7017e-09 0 2.95622e-09 0 4.76562e-09 0 6.1048e-09 0 7.19532e-09 0 8.10673e-09 0 8.91016e-09 0 9.61635e-09 0 1.02636e-08 0 1.08533e-08 0 1.13955e-08 0 1.19019e-08 0 1.23704e-08 0 1.28142e-08 0 1.32399e-08 0 1.3639e-08 0 1.40106e-08 0 1.43773e-08 0 1.47231e-08 0 1.50633e-08 0 1.53818e-08 0
552.648 3.51856e-09 3.51709e-09 1.46688e-12 0.000416897 -0.108431 1.56805e-09 0 2.65768e-09 0 4.19763e-09 0 5.32266e-09 0 6.23231e-09 0 6.98898e-09 0 7.6537e-09 0 8.23643e-09 0 8.76938e-09 0 9.25404e-09 0 9.69899e-09 0 1.0114e-08 0 1.04975e-08 0 1.08604e-08 0 1.12082e-08 0 1.1534e-08 0 1.18371e-08 0 1.2136e-08 0 1.24176e-08 0 1.26946e-08 0 1.29537e-08 0
581.015 3.38291e-09 3.38171e-09 1.19946e-12 0.000354563 -0.105994 1.43062e-09 0 2.36908e-09 0 3.67054e-09 0 4.60995e-09 0 5.36454e-09 0 5.98951e-09 0 6.53681e-09 0 7.01541e-09 0 7.45226e-09 0 7.84887e-09 0 8.21247e-09 0 8.55119e-09 0 8.86384e-09 0 9.15947e-09 0 9.44254e-09 0 9.70747e-09 0 9.95375e-09 0 1.01965e-08 0 1.04251e-08 0 1.06498e-08 0 1.08598e-08 0
610.839 3.2508e-09 3.24982e-09 9.81029e-13 0.000301781 -0.103611 1.2931e-09 0 2.09501e-09 0 3.18779e-09 0 3.96781e-09 0 4.5906e-09 0 5.10434e-09 0 5.55293e-09 0 5.94433e-09 0 6.30093e-09 0 6.62419e-09 0 6.92017e-09 0 7.19558e-09 0 7.44954e-09 0 7.68949e-09 0 7.91904e-09 0 8.13374e-09 0 8.3332e-09 0 8.52966e-09 0 8.7146e-09 0 8.89625e-09 0 9.06604e-09 0
642.193 3.12225e-09 3.12145e-09 8.02619e-13 0.000257064 -0.101282 1.15852e-09 0 1.83876e-09 0 2.75077e-09 0 3.3951e-09 0 3.90667e-09 0 4.32713e-09 0 4.69329e-09 0 5.0121e-09 0 5.30209e-09 0 5.5646e-09 0 5.80466e-09 0 6.02782e-09 0 6.23342e-09 0 6.4275e-09 0 6.61306e-09 0 6.78649e-09 0 6.94752e-09 0 7.10604e-09 0 7.25519e-09 0 7.40163e-09 0 7.53844e-09 0
675.157 2.99719e-09 2.99653e-09 6.56506e-13 0.000219041 -0.0990085 1.02931e-09 0 1.60238e-09 0 2.35924e-09 0 2.8889e-09 0 3.30728e-09 0 3.64998e-09 0 3.94769e-09 0 4.20642e-09 0 4.4414e-09 0 4.65383e-09 0 4.8479e-09 0 5.02812e-09 0 5.19404e-09 0 5.35055e-09 0 5.50008e-09 0 5.63975e-09 0 5.76937e-09 0 5.89691e-09 0 6.01686e-09 0 6.13457e-09 0 6.2445e-09 0
709.813 2.87288e-09 2.87235e-09 5.36812e-13 0.000186855 -0.0964518 9.06463e-10 0 1.38572e-09 0 2.00995e-09 0 2.44297e-09 0 2.78342e-09 0 3.06143e-09 0 3.30239e-09 0 3.51144e-09 0 3.70103e-09 0 3.87224e-09 0 4.02848e-09 0 4.17346e-09 0 4.30682e-09 0 4.43255e-09 0 4.55259e-09 0 4.66467e-09 0 4.76862e-09 0 4.87086e-09 0 4.96697e-09 0 5.06126e-09 0 5.14928e-09 0
746.248 2.74499e-09 2.74455e-09 4.39052e-13 0.000159947 -0.0930716 7.90252e-10 0 1.18762e-09 0 1.69859e-09 0 2.05021e-09 0 2.32546e-09 0 2.54959e-09 0 2.74346e-09 0 2.91138e-09 0 3.06348e-09 0 3.20069e-09 0 3.32579e-09 0 3.44178e-09 0 3.5484e-09 0 3.64886e-09 0 3.74472e-09 0 3.83418e-09 0 3.91712e-09 0 3.99866e-09 0 4.07528e-09 0 4.15042e-09 0 4.22054e-09 0
784.553 2.62066e-09 2.6203e-09 3.59086e-13 0.000137022 -0.0897598 6.83921e-10 0 1.01148e-09 0 1.42773e-09 0 1.71206e-09 0 1.93376e-09 0 2.11382e-09 0 2.26927e-09 0 2.40372e-09 0 2.52537e-09 0 2.63499e-09 0 2.73485e-09 0 2.82738e-09 0 2.91239e-09 0 2.99243e-09 0 3.06878e-09 0 3.14e-09 0 3.20599e-09 0 3.27085e-09 0 3.33178e-09 0 3.3915e-09 0 3.44723e-09 0
824.824 2.49996e-09 2.49967e-09 2.9362e-13 0.00011745 -0.08652 5.87826e-10 0 8.56377e-10 0 1.19397e-09 0 1.423e-09 0 1.60093e-09 0 1.7451e-09 0 1.86936e-09 0 1.97669e-09 0 2.07369e-09 0 2.16103e-09 0 2.24054e-09 0 2.31415e-09 0 2.38175e-09 0 2.44536e-09 0 2.50601e-09 0 2.56256e-09 0 2.61494e-09 0 2.66641e-09 0 2.71474e-09 0 2.7621e-09 0 2.80628e-09 0
867.163 2.38302e-09 2.38278e-09 2.40073e-13 0.000100743 -0.083357 5.01964e-10 0 7.21038e-10 0 9.93697e-10 0 1.17753e-09 0 1.31988e-09 0 1.43497e-09 0 1.534e-09 0 1.61944e-09 0 1.69659e-09 0 1.76599e-09 0 1.82912e-09 0 1.88755e-09 0 1.94116e-09 0 1.9916e-09 0 2.03967e-09 0 2.08446e-09 0 2.12595e-09 0 2.1667e-09 0 2.20495e-09 0 2.24243e-09 0 2.27738e-09 0
911.674 2.27004e-09 2.26984e-09 1.96414e-13 8.65246e-05 -0.0802776 4.26061e-10 0 6.03958e-10 0 8.23351e-10 0 9.7043e-10 0 1.08397e-09 0 1.17559e-09 0 1.25432e-09 0 1.32216e-09 0 1.38337e-09 0 1.43839e-09 0 1.48841e-09 0 1.53467e-09 0 1.57711e-09 0 1.61701e-09 0 1.65502e-09 0 1.69044e-09 0 1.72323e-09 0 1.75542e-09 0 1.78564e-09 0 1.81524e-09 0 1.84283e-09 0
958.471 2.1609e-09 2.16074e-09 1.60657e-13 7.43473e-05 -0.077281 3.59564e-10 0 5.03405e-10 0 6.79315e-10 0 7.96631e-10 0 8.86947e-10 0 9.59693e-10 0 1.02212e-09 0 1.07587e-09 0 1.12431e-09 0 1.16783e-09 0 1.20737e-09 0 1.24393e-09 0 1.27745e-09 0 1.30895e-09 0 1.33896e-09 0 1.3669e-09 0 1.39276e-09 0 1.41815e-09 0 1.44197e-09 0 1.46531e-09 0 1.48705e-09 0
1007.67 2.05393e-09 2.0538e-09 1.31373e-13 6.39619e-05 -0.074254 3.0156e-10 0 4.17309e-10 0 5.5778e-10 0 6.51016e-10 0 7.22613e-10 0 7.80187e-10 0 8.29537e-10 0 8.71984e-10 0 9.10216e-10 0 9.44541e-10 0 9.75715e-10 0 1.00452e-09 0 1.03092e-09 0 1.05573e-09 0 1.07934e-09 0 1.10133e-09 0 1.12168e-09 0 1.14165e-09 0 1.16038e-09 0 1.17872e-09 0 1.19582e-09 0
1059.39 1.94186e-09 1.94175e-09 1.07434e-13 5.53255e-05 -0.070703 2.50452e-10 0 3.4282e-10 0 4.54131e-10 0 5.27691e-10 0 5.8405e-10 0 6.29301e-10 0 6.68048e-10 0 7.01347e-10 0 7.31319e-10 0 7.58213e-10 0 7.82627e-10 0 8.05176e-10 0 8.25836e-10 0 8.45242e-10 0 8.63713e-10 0 8.80907e-10 0 8.96813e-10 0 9.1242e-10 0 9.27058e-10 0 9.41389e-10 0 9.54741e-10 0
1113.77 1.83434e-09 1.83426e-09 8.78815e-14 4.7909e-05 -0.0672721 2.06966e-10 0 2.8041e-10 0 3.68349e-10 0 4.26234e-10 0 4.7049e-10 0 5.05976e-10 0 5.3633e-10 0 5.62398e-10 0 5.85847e-10 0 6.06877e-10 0 6.25959e-10 0 6.43578e-10 0 6.59715e-10 0 6.74868e-10 0 6.89288e-10 0 7.02707e-10 0 7.15119e-10 0 7.27295e-10 0 7.38713e-10 0 7.4989e-10 0 7.60302e-10 0
1170.94 1.73133e-09 1.73126e-09 7.18697e-14 4.15113e-05 -0.0639616 1.70222e-10 0 2.28422e-10 0 2.97702e-10 0 3.4314e-10 0 3.77813e-10 0 4.05581e-10 0 4.29313e-10 0 4.49679e-10 0 4.67988e-10 0 4.84402e-10 0 4.9929e-10 0 5.13031e-10 0 5.25612e-10 0 5.37425e-10 0 5.48662e-10 0 5.59117e-10 0 5.68786e-10 0 5.78269e-10 0 5.87161e-10 0 5.95863e-10 0 6.03969e-10 0
1231.05 1.62888e-09 1.62882e-09 5.87598e-14 3.60738e-05 -0.0605675 1.39043e-10 0 1.84911e-10 0 2.39219e-10 0 2.7472e-10 0 3.01764e-10 0 3.23397e-10 0 3.41871e-10 0 3.57715e-10 0 3.71952e-10 0 3.84709e-10 0 3.96276e-10 0 4.0695e-10 0 4.1672e-10 0 4.2589e-10 0 4.34612e-10 0 4.42726e-10 0 4.50228e-10 0 4.57585e-10 0 4.64482e-10 0 4.71231e-10 0 4.77517e-10 0
1294.24 1.52769e-09 1.52764e-09 4.80667e-14 3.14636e-05 -0.057116 1.12832e-10 0 1.48791e-10 0 1.9116e-10 0 2.18774e-10 0 2.39776e-10 0 2.56559e-10 0 2.7088e-10 0 2.83156e-10 0 2.94182e-10 0 3.04058e-10 0 3.1301e-10 0 3.21267e-10 0 3.28824e-10 0 3.35916e-10 0 3.4266e-10 0 3.48932e-10 0 3.54731e-10 0 3.60417e-10 0 3.65746e-10 0 3.70961e-10 0 3.75817e-10 0
1360.67 1.4316e-09 1.43156e-09 3.93164e-14 2.74632e-05 -0.0538181 9.11926e-11 0 1.19306e-10 0 1.52284e-10 0 1.73719e-10 0 1.89998e-10 0 2.02995e-10 0 2.14078e-10 0 2.23573e-10 0 2.32097e-10 0 2.3973e-10 0 2.46647e-10 0 2.53026e-10 0 2.58863e-10 0 2.64339e-10 0 2.69545e-10 0 2.74387e-10 0 2.78862e-10 0 2.8325e-10 0 2.87362e-10 0 2.91385e-10 0 2.95131e-10 0
1430.51 1.34055e-09 1.34052e-09 3.21527e-14 2.39847e-05 -0.0506748 7.34256e-11 0 9.53503e-11 0 1.20965e-10 0 1.37572e-10 0 1.50168e-10 0 1.60217e-10 0 1.6878e-10 0 1.76113e-10 0 1.82694e-10 0 1.88585e-10 0 1.93922e-10 0 1.98842e-10 0 2.03343e-10 0 2.07566e-10 0 2.1158e-10 0 2.15312e-10 0 2.18762e-10 0 2.22143e-10 0 2.25312e-10 0 2.28412e-10 0 2.31298e-10 0
1503.94 1.25399e-09 1.25396e-09 2.6293e-14 2.09675e-05 -0.0476612 5.88921e-11 0 7.59454e-11 0 9.57956e-11 0 1.08636e-10 0 1.18365e-10 0 1.26119e-10 0 1.32723e-10 0 1.38377e-10 0 1.43449e-10 0 1.47988e-10 0 1.52098e-10 0 1.55888e-10 0 1.59354e-10 0 1.62605e-10 0 1.65694e-10 0 1.68567e-10 0 1.71222e-10 0 1.73823e-10 0 1.76262e-10 0 1.78647e-10 0 1.80867e-10 0
1581.14 1.16546e-09 1.16543e-09 2.15114e-14 1.84575e-05 -0.044461 4.68062e-11 0 5.99659e-11 0 7.52326e-11 0 8.50881e-11 0 9.25467e-11 0 9.84877e-11 0 1.03545e-10 0 1.07873e-10 0 1.11754e-10 0 1.15227e-10 0 1.18371e-10 0 1.21269e-10 0 1.23919e-10 0 1.26404e-10 0 1.28766e-10 0 1.30962e-10 0 1.32991e-10 0 1.34979e-10 0 1.36842e-10 0 1.38664e-10 0 1.4036e-10 0
1662.3 1.08231e-09 1.08229e-09 1.75954e-14 1.62572e-05 -0.0414433 3.70784e-11 0 4.7212e-11 0 5.89324e-11 0 6.64844e-11 0 7.21941e-11 0 7.67393e-11 0 8.06069e-11 0 8.3915e-11 0 8.68811e-11 0 8.95342e-11 0 9.19361e-11 0 9.41495e-11 0 9.61732e-11 0 9.80708e-11 0 9.9874e-11 0 1.0155e-10 0 1.03099e-10 0 1.04616e-10 0 1.06038e-10 0 1.07428e-10 0 1.08723e-10 0
1747.63 1.00447e-09 1.00446e-09 1.43891e-14 1.4325e-05 -0.0386068 2.92855e-11 0 3.70746e-11 0 4.60585e-11 0 5.18375e-11 0 5.62028e-11 0 5.96758e-11 0 6.26298e-11 0 6.51557e-11 0 6.74199e-11 0 6.94448e-11 0 7.12776e-11 0 7.29662e-11 0 7.451e-11 0 7.59574e-11 0 7.73327e-11 0 7.86108e-11 0 7.97916e-11 0 8.09487e-11 0 8.20327e-11 0 8.30928e-11 0 8.40795e-11 0
1837.33 9.31854e-10 9.31843e-10 1.17707e-14 1.26315e-05 -0.0359491 2.30703e-11 0 2.90484e-11 0 3.59261e-11 0 4.03434e-11 0 4.36776e-11 0 4.63288e-11 0 4.8583e-11 0 5.05099e-11 0 5.22368e-11 0 5.37809e-11 0 5.51782e-11 0 5.64656e-11 0 5.76423e-11 0 5.87454e-11 0 5.97934e-11 0 6.07674e-11 0 6.16671e-11 0 6.25487e-11 0 6.33746e-11 0 6.41821e-11 0 6.49337e-11 0
1931.64 8.64223e-10 8.64213e-10 9.63139e-15 1.11446e-05 -0.0334626 1.81312e-11 0 2.27133e-11 0 2.7973e-11 0 3.13465e-11 0 3.38908e-11 0 3.59131e-11 0 3.76319e-11 0 3.91008e-11 0 4.0417e-11 0 4.15936e-11 0 4.26583e-11 0 4.3639e-11 0 4.45353e-11 0 4.53755e-11 0 4.61737e-11 0 4.69154e-11 0 4.76005e-11 0 4.82718e-11 0 4.89005e-11 0 4.95154e-11 0 5.00876e-11 0
2030.79 7.95657e-10 7.95649e-10 7.87812e-15 9.90141e-06 -0.030867 1.41182e-11 0 1.76017e-11 0 2.15919e-11 0 2.41479e-11 0 2.60745e-11 0 2.76051e-11 0 2.89056e-11 0 3.00168e-11 0 3.10122e-11 0 3.19019e-11 0 3.27069e-11 0 3.34483e-11 0 3.41259e-11 0 3.4761e-11 0 3.53643e-11 0 3.59248e-11 0 3.64426e-11 0 3.69498e-11 0 3.74249e-11 0 3.78895e-11 0 3.83218e-11 0
2135.03 7.20186e-10 7.2018e-10 6.44122e-15 8.94382e-06 -0.0278943 1.07885e-11 0 1.33899e-11 0 1.63642e-11 0 1.82673e-11 0 1.97008e-11 0 2.08393e-11 0 2.18063e-11 0 2.26324e-11 0 2.33723e-11 0 2.40336e-11 0 2.46318e-11 0 2.51827e-11 0 2.56861e-11 0 2.61579e-11 0 2.66061e-11 0 2.70225e-11 0 2.7407e-11 0 2.77838e-11 0 2.81366e-11 0 2.84816e-11 0 2.88027e-11 0
2244.63 6.51369e-10 6.51364e-10 5.26999e-15 8.09064e-06 -0.0252044 8.22358e-12 0 1.01634e-11 0 1.23774e-11 0 1.37926e-11 0 1.4858e-11 0 1.57038e-11 0 1.64221e-11 0 1.70356e-11 0 1.7585e-11 0 1.80759e-11 0 1.852e-11 0 1.89289e-11 0 1.93025e-11 0 1.96527e-11 0 1.99853e-11 0 2.02942e-11 0 2.05796e-11 0 2.08591e-11 0 2.11209e-11 0 2.13769e-11 0 2.16151e-11 0
2359.84 5.88683e-10 5.88679e-10 4.31149e-15 7.32396e-06 -0.0227703 6.25366e-12 0 7.69801e-12 0 9.34405e-12 0 1.03951e-11 0 1.11861e-11 0 1.18138e-11 0 1.23468e-11 0 1.28019e-11 0 1.32094e-11 0 1.35735e-11 0 1.39028e-11 0 1.4206e-11 0 1.44831e-11 0 1.47427e-11 0 1.49892e-11 0 1.52183e-11 0 1.54298e-11 0 1.56371e-11 0 1.58311e-11 0 1.60208e-11 0 1.61974e-11 0
2480.97 5.31704e-10 5.31701e-10 3.52659e-15 6.63262e-06 -0.0205707 4.74551e-12 0 5.81966e-12 0 7.04208e-12 0 7.82201e-12 0 8.40865e-12 0 8.87408e-12 0 9.26918e-12 0 9.6065e-12 0 9.9085e-12 0 1.01783e-11 0 1.04223e-11 0 1.0647e-11 0 1.08522e-11 0 1.10445e-11 0 1.12272e-11 0 1.13968e-11 0 1.15535e-11 0 1.1707e-11 0 1.18507e-11 0 1.19912e-11 0 1.2122e-11 0
2608.32 4.80068e-10 4.80065e-10 2.88461e-15 6.00876e-06 -0.0185874 3.59466e-12 0 4.39276e-12 0 5.29987e-12 0 5.87818e-12 0 6.31299e-12 0 6.65787e-12 0 6.95059e-12 0 7.20046e-12 0 7.42415e-12 0 7.62396e-12 0 7.80466e-12 0 7.97101e-12 0 8.12298e-12 0 8.26538e-12 0 8.4006e-12 0 8.52621e-12 0 8.6422e-12 0 8.75582e-12 0 8.86221e-12 0 8.96622e-12 0 9.063e-12 0
2742.21 4.33435e-10 4.33433e-10 2.36085e-15 5.44684e-06 -0.0168036 2.71918e-12 0 3.31186e-12 0 3.98472e-12 0 4.41339e-12 0 4.73556e-12 0 4.99105e-12 0 5.20785e-12 0 5.3929e-12 0 5.55854e-12 0 5.70649e-12 0 5.84027e-12 0 5.96343e-12 0 6.07593e-12 0 6.18134e-12 0 6.28143e-12 0 6.37441e-12 0 6.46026e-12 0 6.54435e-12 0 6.6231e-12 0 6.70008e-12 0 6.7717e-12 0
2882.97 3.91288e-10 3.91286e-10 1.93177e-15 4.93694e-06 -0.0151968 2.0541e-12 0 2.49399e-12 0 2.99286e-12 0 3.31047e-12 0 3.54911e-12 0 3.73831e-12 0 3.89884e-12 0 4.03584e-12 0 4.15846e-12 0 4.26797e-12 0 4.36699e-12 0 4.45814e-12 0 4.54141e-12 0 4.61941e-12 0 4.69348e-12 0 4.76229e-12 0 4.82582e-12 0 4.88804e-12 0 4.94631e-12 0 5.00326e-12 0 5.05626e-12 0
3030.95 3.53244e-10 3.53242e-10 1.58031e-15 4.47372e-06 -0.0137501 1.54986e-12 0 1.87621e-12 0 2.24597e-12 0 2.48125e-12 0 2.65797e-12 0 2.79805e-12 0 2.91689e-12 0 3.0183e-12 0 3.10905e-12 0 3.19011e-12 0 3.26339e-12 0 3.33084e-12 0 3.39245e-12 0 3.45018e-12 0 3.50498e-12 0 3.55589e-12 0 3.6029e-12 0 3.64893e-12 0 3.69204e-12 0 3.73418e-12 0 3.77339e-12 0
3186.53 3.18994e-10 3.18993e-10 1.2932e-15 4.054e-06 -0.0124499 1.16844e-12 0 1.41054e-12 0 1.68461e-12 0 1.85891e-12 0 1.98979e-12 0 2.09352e-12 0 2.18151e-12 0 2.25658e-12 0 2.32377e-12 0 2.38376e-12 0 2.43801e-12 0 2.48793e-12 0 2.53353e-12 0 2.57625e-12 0 2.61681e-12 0 2.65449e-12 0 2.68927e-12 0 2.72334e-12 0 2.75524e-12 0 2.78642e-12 0 2.81543e-12 0
3350.09 2.88179e-10 2.88177e-10 1.05848e-15 3.67301e-06 -0.0112811 8.80307e-13 0 1.05991e-12 0 1.26308e-12 0 1.39223e-12 0 1.48918e-12 0 1.56601e-12 0 1.63117e-12 0 1.68676e-12 0 1.73651e-12 0 1.78093e-12 0 1.82109e-12 0 1.85805e-12 0 1.89181e-12 0 1.92344e-12 0 1.95346e-12 0 1.98135e-12 0 2.0071e-12 0 2.03232e-12 0 2.05593e-12 0 2.07901e-12 0 2.10048e-12 0
3522.05 2.60428e-10 2.60427e-10 8.66163e-16 3.32592e-06 -0.0102288 6.6279e-13 0 7.96041e-13 0 9.46665e-13 0 1.04237e-12 0 1.11421e-12 0 1.17112e-12 0 1.21938e-12 0 1.26056e-12 0 1.2974e-12 0 1.3303e-12 0 1.36004e-12 0 1.38741e-12 0 1.41241e-12 0 1.43583e-12 0 1.45806e-12 0 1.47871e-12 0 1.49777e-12 0 1.51644e-12 0 1.53392e-12 0 1.55101e-12 0 1.56691e-12 0
3702.84 2.35449e-10 2.35448e-10 7.08613e-16 3.00963e-06 -0.00928101 4.98758e-13 0 5.97631e-13 0 7.09324e-13 0 7.80266e-13 0 8.33502e-13 0 8.75675e-13 0 9.11437e-13 0 9.41943e-13 0 9.69237e-13 0 9.93608e-13 0 1.01564e-12 0 1.03591e-12 0 1.05443e-12 0 1.07177e-12 0 1.08824e-12 0 1.10353e-12 0 1.11766e-12 0 1.13148e-12 0 1.14443e-12 0 1.15709e-12 0 1.16886e-12 0
3892.91 2.13029e-10 2.13029e-10 5.80084e-16 2.72302e-06 -0.0084293 3.7528e-13 0 4.48683e-13 0 5.31555e-13 0 5.84174e-13 0 6.23652e-13 0 6.54922e-13 0 6.81436e-13 0 7.04053e-13 0 7.24287e-13 0 7.42353e-13 0 7.58683e-13 0 7.73711e-13 0 7.87437e-13 0 8.00293e-13 0 8.12499e-13 0 8.23834e-13 0 8.343e-13 0 8.44549e-13 0 8.54145e-13 0 8.63524e-13 0 8.7225e-13 0
4092.73 1.92861e-10 1.92861e-10 4.74803e-16 2.46189e-06 -0.00766161 2.82305e-13 0 3.36819e-13 0 3.98333e-13 0 4.37379e-13 0 4.66668e-13 0 4.89866e-13 0 5.09534e-13 0 5.2631e-13 0 5.41318e-13 0 5.54717e-13 0 5.66828e-13 0 5.77974e-13 0 5.88152e-13 0 5.97687e-13 0 6.06738e-13 0 6.15144e-13 0 6.22905e-13 0 6.30505e-13 0 6.37621e-13 0 6.44576e-13 0 6.51047e-13 0
4302.81 1.74711e-10 1.74711e-10 3.88531e-16 2.22385e-06 -0.00696897 2.1233e-13 0 2.52833e-13 0 2.98515e-13 0 3.27503e-13 0 3.49245e-13 0 3.66463e-13 0 3.8106e-13 0 3.9351e-13 0 4.04648e-13 0 4.14591e-13 0 4.23579e-13 0 4.31849e-13 0 4.39402e-13 0 4.46477e-13 0 4.53193e-13 0 4.5943e-13 0 4.65188e-13 0 4.70827e-13 0 4.76107e-13 0 4.81267e-13 0 4.86068e-13 0
4523.68 1.58388e-10 1.58388e-10 3.17927e-16 2.00727e-06 -0.00634401 1.59699e-13 0 1.89808e-13 0 2.23754e-13 0 2.45289e-13 0 2.61438e-13 0 2.74226e-13 0 2.85067e-13 0 2.94313e-13 0 3.02584e-13 0 3.09968e-13 0 3.16641e-13 0 3.22783e-13 0 3.28391e-13 0 3.33644e-13 0 3.38631e-13 0 3.43262e-13 0 3.47537e-13 0 3.51724e-13 0 3.55644e-13 0 3.59476e-13 0 3.6304e-13 0
4755.88 1.43727e-10 1.43727e-10 2.60288e-16 1.81098e-06 -0.00578054 1.20145e-13 0 1.42546e-13 0 1.67791e-13 0 1.83802e-13 0 1.95808e-13 0 2.05315e-13 0 2.13373e-13 0 2.20245e-13 0 2.26393e-13 0 2.31881e-13 0 2.36841e-13 0 2.41405e-13 0 2.45573e-13 0 2.49477e-13 0 2.53183e-13 0 2.56625e-13 0 2.59802e-13 0 2.62914e-13 0 2.65827e-13 0 2.68674e-13 0 2.71323e-13 0
5000 1.30523e-10 1.30522e-10 2.13041e-16 1.63221e-06 -0.00527084 9.03954e-14 0 1.07072e-13 0 1.25858e-13 0 1.37771e-13 0 1.46703e-13 0 1.53774e-13 0 1.59768e-13 0 1.6488e-13 0 1.69452e-13 0 1.73534e-13 0 1.77223e-13 0 1.80618e-13 0 1.83718e-13 0 1.86621e-13 0 1.89377e-13 0 1.91937e-13 0 1.943e-13 0 1.96614e-13 0 1.9878e-13 0 2.00898e-13 0 2.02868e-13 0
