# 0.01 2 120 : grain size, compostion index, size index
# Heating and cooling timescale: 2.68403e-08 inf
# Ratio of heating to cooling to determine stochastic cutoff: 100
# Equilibrium emission is recorded even for those grains in the stochastic regime.
# Emission spectrum was computed for: 
# Type: IRSF
# Scales: 0.25 0.5 1 1.5 2 2.5 3 3.5 4 4.5 5 5.5 6 6.5 7 7.5 8 8.5 9 9.5 10
# StochasticallyHeated: 0 0 0 0 0 0 0 0 0 0 0 0 0 0 0 0 0 0 0 0 0
# Temperature: -1
# Wavelength  CExt  CAbs  CSca  Albedo G EqEm1 StEm1 EqEm2 StEm2 EqEm3 StEm3 EqEm4 StEm4 EqEm5 StEm5 EqEm6 StEm6 EqEm7 StEm7 EqEm8 StEm8 EqEm9 StEm9 EqEm10 StEm10 EqEm11 StEm11 EqEm12 StEm12 EqEm13 StEm13 EqEm14 StEm14 EqEm15 StEm15 EqEm16 StEm16 EqEm17 StEm17 EqEm18 StEm18 EqEm19 StEm19 EqEm20 StEm20 EqEm21 StEm21
0.05 0.000629413 0.000266645 0.000362768 0.576359 0.931501 0 0 0 0 0 0 0 0 0 0 0 0 0 0 0 0 0 0 0 0 0 0 0 0 0 0 0 0 0 0 0 0 0 0 0 0 0 0 0 0 0 0
0.0525665 0.000629454 0.000264307 0.000365146 0.5801 0.925662 0 0 0 0 0 0 0 0 0 0 0 0 0 0 0 0 0 0 0 0 0 0 0 0 0 0 0 0 0 0 0 0 0 0 0 0 0 0 0 0 0 0
0.0552647 0.000629497 0.000260437 0.000369059 0.586277 0.91673 0 0 0 0 0 0 0 0 0 0 0 0 0 0 0 0 0 0 0 0 0 0 0 0 0 0 0 0 0 0 0 0 0 0 0 0 0 0 0 0 0 0
0.0581015 0.000629545 0.000254571 0.000374973 0.595626 0.902841 0 0 0 0 0 0 0 0 0 0 0 0 0 0 0 0 0 0 0 0 0 0 0 0 0 0 0 0 0 0 0 0 0 0 0 0 0 0 0 0 0 0
0.0610839 0.000629597 0.000248645 0.000380951 0.605072 0.887266 0 0 0 0 0 0 0 0 0 0 0 0 0 0 0 0 0 0 0 0 0 0 0 0 0 0 0 0 0 0 0 0 0 0 0 0 0 0 0 0 0 0
0.0642193 0.000629654 0.000244481 0.000385173 0.611721 0.874596 0 0 0 0 0 0 0 0 0 0 0 0 0 0 0 0 0 0 0 0 0 0 0 0 0 0 0 0 0 0 0 0 0 0 0 0 0 0 0 0 0 0
0.0675157 0.00062971 0.000242102 0.000387608 0.615534 0.865651 0 0 0 0 0 0 0 0 0 0 0 0 0 0 0 0 0 0 0 0 0 0 0 0 0 0 0 0 0 0 0 0 0 0 0 0 0 0 0 0 0 0
0.0709813 0.000629768 0.000241176 0.000388593 0.61704 0.860004 0 0 0 0 0 0 0 0 0 0 0 0 0 0 0 0 0 0 0 0 0 0 0 0 0 0 0 0 0 0 0 0 0 0 0 0 0 0 0 0 0 0
0.0746248 0.000629829 0.00024146 0.000388369 0.616627 0.857245 0 0 0 0 0 0 0 0 0 0 0 0 0 0 0 0 0 0 0 0 0 0 0 0 0 0 0 0 0 0 0 0 0 0 0 0 0 0 0 0 0 0
0.0784553 0.000629888 0.000243114 0.000386774 0.614036 0.857878 0 0 0 0 0 0 0 0 0 0 0 0 0 0 0 0 0 0 0 0 0 0 0 0 0 0 0 0 0 0 0 0 0 0 0 0 0 0 0 0 0 0
0.0824824 0.000629945 0.000246718 0.000383227 0.60835 0.86345 0 0 0 0 0 0 0 0 0 0 0 0 0 0 0 0 0 0 0 0 0 0 0 0 0 0 0 0 0 0 0 0 0 0 0 0 0 0 0 0 0 0
0.0867162 0.000630001 0.000248218 0.000381783 0.606004 0.866431 0 0 0 0 0 0 0 0 0 0 0 0 0 0 0 0 0 0 0 0 0 0 0 0 0 0 0 0 0 0 0 0 0 0 0 0 0 0 0 0 0 0
0.0911674 0.000630067 0.000245937 0.000384129 0.609665 0.859851 0 0 0 0 0 0 0 0 0 0 0 0 0 0 0 0 0 0 0 0 0 0 0 0 0 0 0 0 0 0 0 0 0 0 0 0 0 0 0 0 0 0
0.095847 0.000630134 0.000245551 0.000384583 0.610319 0.856521 0 0 0 0 0 0 0 0 0 0 0 0 0 0 0 0 0 0 0 0 0 0 0 0 0 0 0 0 0 0 0 0 0 0 0 0 0 0 0 0 0 0
0.100767 0.0006302 0.000246218 0.000383982 0.609302 0.856039 0 0 0 0 0 0 0 0 0 0 0 0 0 0 0 0 0 0 0 0 0 0 0 0 0 0 0 0 0 0 0 0 0 0 0 0 0 0 0 0 0 0
0.105939 0.000630267 0.000248647 0.00038162 0.605489 0.859983 0 0 0 0 0 0 0 0 0 0 0 0 0 0 0 0 0 0 0 0 0 0 0 0 0 0 0 0 0 0 0 0 0 0 0 0 0 0 0 0 0 0
0.111377 0.00063033 0.000251172 0.000379158 0.601523 0.865083 0 0 0 0 0 0 0 0 0 0 0 0 0 0 0 0 0 0 0 0 0 0 0 0 0 0 0 0 0 0 0 0 0 0 0 0 0 0 0 0 0 0
0.117094 0.000630394 0.000252804 0.000377591 0.598975 0.868277 0 0 0 0 0 0 0 0 0 0 0 0 0 0 0 0 0 0 0 0 0 0 0 0 0 0 0 0 0 0 0 0 0 0 0 0 0 0 0 0 0 0
0.123105 0.000630465 0.0002539 0.000376564 0.597281 0.870286 0 0 0 0 0 0 0 0 0 0 0 0 0 0 0 0 0 0 0 0 0 0 0 0 0 0 0 0 0 0 0 0 0 0 0 0 0 0 0 0 0 0
0.129424 0.000630536 0.000254555 0.000375981 0.596288 0.871258 0 0 0 0 0 0 0 0 0 0 0 0 0 0 0 0 0 0 0 0 0 0 0 0 0 0 0 0 0 0 0 0 0 0 0 0 0 0 0 0 0 0
0.136067 0.000630609 0.000254719 0.00037589 0.596075 0.871004 0 0 0 0 0 0 0 0 0 0 0 0 0 0 0 0 0 0 0 0 0 0 0 0 0 0 0 0 0 0 0 0 0 0 0 0 0 0 0 0 0 0
0.143051 0.000630687 0.000254107 0.000376579 0.597094 0.868647 0 0 0 0 0 0 0 0 0 0 0 0 0 0 0 0 0 0 0 0 0 0 0 0 0 0 0 0 0 0 0 0 0 0 0 0 0 0 0 0 0 0
0.150394 0.000630759 0.000254948 0.000375811 0.595807 0.869889 0 0 0 0 0 0 0 0 0 0 0 0 0 0 0 0 0 0 0 0 0 0 0 0 0 0 0 0 0 0 0 0 0 0 0 0 0 0 0 0 0 0
0.158114 0.00063083 0.000257641 0.000373189 0.591585 0.876395 0 0 0 0 0 0 0 0 0 0 0 0 0 0 0 0 0 0 0 0 0 0 0 0 0 0 0 0 0 0 0 0 0 0 0 0 0 0 0 0 0 0
0.16623 0.000630907 0.000260707 0.0003702 0.586775 0.884298 0 0 0 0 0 0 0 0 0 0 0 0 0 0 0 0 0 0 0 0 0 0 0 0 0 0 0 0 0 0 0 0 0 0 0 0 0 0 0 0 0 0
0.174762 0.000630988 0.00026342 0.000367568 0.582528 0.891472 0 0 0 0 0 0 0 0 0 0 0 0 0 0 0 0 0 0 0 0 0 0 0 0 0 0 0 0 0 0 0 0 0 0 0 0 0 0 0 0 0 0
0.183733 0.000631077 0.000265821 0.000365255 0.578781 0.897888 0 0 0 0 0 0 0 0 0 0 0 0 0 0 0 0 0 0 0 0 0 0 0 0 0 0 0 0 0 0 0 0 0 0 0 0 0 0 0 0 0 0
0.193164 0.000631167 0.00026785 0.000363317 0.575627 0.903336 0 0 0 0 0 0 0 0 0 0 0 0 0 0 0 0 0 0 0 0 0 0 0 0 0 0 0 0 0 0 0 0 0 0 0 0 0 0 0 0 0 0
0.203079 0.000631261 0.000269575 0.000361686 0.572958 0.907968 0 0 0 0 0 0 0 0 0 0 0 0 0 0 0 0 0 0 0 0 0 0 0 0 0 0 0 0 0 0 0 0 0 0 0 0 0 0 0 0 0 0
0.213503 0.00063136 0.000271095 0.000360265 0.570617 0.912043 0 0 0 0 0 0 0 0 0 0 0 0 0 0 0 0 0 0 0 0 0 0 0 0 0 0 0 0 0 0 0 0 0 0 0 0 0 0 0 0 0 0
0.224463 0.000631462 0.000272361 0.000359101 0.568682 0.915419 0 0 0 0 0 0 0 0 0 0 0 0 0 0 0 0 0 0 0 0 0 0 0 0 0 0 0 0 0 0 0 0 0 0 0 0 0 0 0 0 0 0
0.235984 0.000631569 0.000273355 0.000358214 0.567181 0.918046 0 0 0 0 0 0 0 0 0 0 0 0 0 0 0 0 0 0 0 0 0 0 0 0 0 0 0 0 0 0 0 0 0 0 0 0 0 0 0 0 0 0
0.248097 0.000631679 0.000274115 0.000357564 0.566054 0.920025 0 0 0 0 0 0 0 0 0 0 0 0 0 0 0 0 0 0 0 0 0 0 0 0 0 0 0 0 0 0 0 0 0 0 0 0 0 0 0 0 0 0
0.260832 0.000631793 0.000274732 0.000357061 0.565155 0.921609 0 0 0 0 0 0 0 0 0 0 0 0 0 0 0 0 0 0 0 0 0 0 0 0 0 0 0 0 0 0 0 0 0 0 0 0 0 0 0 0 0 0
0.274221 0.000631911 0.000275258 0.000356654 0.564405 0.922936 0 0 0 0 0 0 0 0 0 0 0 0 0 0 0 0 0 0 0 0 0 0 0 0 0 0 0 0 0 0 0 0 0 0 0 0 0 0 0 0 0 0
0.288297 0.000632033 0.000275703 0.000356329 0.563783 0.924038 0 0 0 0 0 0 0 0 0 0 0 0 0 0 0 0 0 0 0 0 0 0 0 0 0 0 0 0 0 0 0 0 0 0 0 0 0 0 0 0 0 0
0.303095 0.000632158 0.000276084 0.000356074 0.563267 0.924957 0 0 0 0 0 0 0 0 0 0 0 0 0 0 0 0 0 0 0 0 0 0 0 0 0 0 0 0 0 0 0 0 0 0 0 0 0 0 0 0 0 0
0.318653 0.000632289 0.000276422 0.000355867 0.562823 0.925751 0 0 0 0 0 0 0 0 0 0 0 0 0 0 0 0 0 0 0 0 0 0 0 0 0 0 0 0 0 0 0 0 0 0 0 0 0 0 0 0 0 0
0.335009 0.000632423 0.000276717 0.000355706 0.562449 0.926424 0 0 0 0 0 0 0 0 0 0 0 0 0 0 0 0 0 0 0 0 0 0 0 0 0 0 0 0 0 0 0 0 0 0 0 0 0 0 0 0 0 0
0.352205 0.000632562 0.000276985 0.000355577 0.562122 0.927016 0 0 0 0 0 0 0 0 0 0 0 0 0 0 0 0 0 0 0 0 0 0 0 0 0 0 0 0 0 0 0 0 0 0 0 0 0 0 0 0 0 0
0.370284 0.000632704 0.000277229 0.000355475 0.561834 0.927535 0 0 0 0 0 0 0 0 0 0 0 0 0 0 0 0 0 0 0 0 0 0 0 0 0 0 0 0 0 0 0 0 0 0 0 0 0 0 0 0 0 0
0.389291 0.000632852 0.000277441 0.000355411 0.561602 0.927961 0 0 0 0 0 0 0 0 0 0 0 0 0 0 0 0 0 0 0 0 0 0 0 0 0 0 0 0 0 0 0 0 0 0 0 0 0 0 0 0 0 0
0.409273 0.000633005 0.000277633 0.000355372 0.561405 0.928324 0 0 0 0 0 0 0 0 0 0 0 0 0 0 0 0 0 0 0 0 0 0 0 0 0 0 0 0 0 0 0 0 0 0 0 0 0 0 0 0 0 0
0.430281 0.000633165 0.00027782 0.000355346 0.561221 0.928665 0 0 0 0 0 0 0 0 0 0 0 0 0 0 0 0 0 0 0 0 0 0 0 0 0 0 0 0 0 0 0 0 0 0 0 0 0 0 0 0 0 0
0.452368 0.000633328 0.000277979 0.000355349 0.561082 0.928924 0 0 0 0 0 0 0 0 0 0 0 0 0 0 0 0 0 0 0 0 0 0 0 0 0 0 0 0 0 0 0 0 0 0 0 0 0 0 0 0 0 0
0.475588 0.000633499 0.000278132 0.000355367 0.560959 0.929157 0 0 0 0 0 0 0 0 0 0 0 0 0 0 0 0 0 0 0 0 0 0 0 0 0 0 0 0 0 0 0 0 0 0 0 0 0 0 0 0 0 0
0.5 0.000633673 0.000278278 0.000355395 0.560849 0.929362 0 0 0 0 0 0 0 0 0 0 0 0 0 0 0 0 0 0 0 0 0 0 0 0 0 0 0 0 0 0 0 0 0 0 0 0 0 0 0 0 0 0
0.525665 0.000633853 0.000278419 0.000355434 0.560752 0.929546 0 0 0 0 0 0 0 0 0 0 0 0 0 0 0 0 0 0 0 0 0 0 0 0 0 0 0 0 0 0 0 0 0 0 0 0 0 0 0 0 0 0
0.552648 0.000634041 0.000278563 0.000355477 0.560654 0.929728 0 0 0 0 0 0 0 0 0 0 0 0 0 0 0 0 0 0 0 0 0 0 0 0 0 0 0 0 0 0 0 0 0 0 0 0 0 0 0 0 0 0
0.581015 0.000634235 0.000278679 0.000355556 0.560606 0.929823 0 0 0 0 0 0 0 0 0 0 0 0 0 0 0 0 0 0 0 0 0 0 0 0 0 0 0 0 0 0 0 0 0 0 0 0 0 0 0 0 0 0
0.610839 0.000634435 0.0002788 0.000355635 0.560553 0.929923 0 0 0 0 0 0 0 0 0 0 0 0 0 0 0 0 0 0 0 0 0 0 0 0 0 0 0 0 0 0 0 0 0 0 0 0 0 0 0 0 0 0
0.642193 0.000634641 0.000278927 0.000355714 0.560496 0.930027 0 0 0 0 0 0 0 0 0 0 0 0 0 0 0 0 0 0 0 0 0 0 0 0 0 0 0 0 0 0 0 0 0 0 0 0 0 0 0 0 0 0
0.675157 0.000634855 0.00027905 0.000355805 0.560451 0.930108 0 0 0 0 0 0 0 0 0 0 0 0 0 0 0 0 0 0 0 0 0 0 0 0 0 0 0 0 0 0 0 0 0 0 0 0 0 0 0 0 0 0
0.709813 0.000635076 0.000279169 0.000355908 0.560417 0.930165 0 0 0 0 0 0 0 0 0 0 0 0 0 0 0 0 0 0 0 0 0 0 0 0 0 0 0 0 0 0 0 0 0 0 0 0 0 0 0 0 0 0
0.746248 0.000635304 0.000279291 0.000356013 0.560382 0.930222 0 0 0 0 0 0 0 0 0 0 0 0 0 0 0 0 0 0 0 0 0 0 0 0 0 0 0 0 0 0 0 0 0 0 0 0 0 0 0 0 0 0
0.784553 0.000635538 0.000279419 0.000356119 0.560342 0.930281 0 0 0 0 0 0 0 0 0 0 0 0 0 0 0 0 0 0 0 0 0 0 0 0 0 0 0 0 0 0 0 0 0 0 0 0 0 0 0 0 0 0
0.824824 0.000635783 0.000279544 0.000356239 0.560316 0.930316 0 0 0 0 0 0 0 0 0 0 0 0 0 0 0 0 0 0 0 0 0 0 0 0 0 0 0 0 0 0 0 0 0 0 0 0 0 0 0 0 0 0
0.867162 0.000636035 0.000279667 0.000356368 0.560296 0.930333 0 0 0 0 0 0 0 0 0 0 0 0 0 0 0 0 0 0 0 0 0 0 0 0 0 0 0 0 0 0 0 0 0 0 0 0 0 0 0 0 0 0
0.911674 0.000636295 0.000279795 0.0003565 0.560274 0.930349 0 0 0 0 0 0 0 0 0 0 0 0 0 0 0 0 0 0 0 0 0 0 0 0 0 0 0 0 0 0 0 0 0 0 0 0 0 0 0 0 0 0
0.95847 0.000636565 0.000279926 0.000356638 0.560255 0.930357 0 0 0 0 0 0 0 0 0 0 0 0 0 0 0 0 0 0 0 0 0 0 0 0 0 0 0 0 0 0 0 0 0 0 0 0 0 0 0 0 0 0
1.00767 0.000636842 0.000280063 0.000356779 0.560231 0.930366 0 0 0 0 0 0 0 0 0 0 0 0 0 0 0 0 0 0 0 0 0 0 0 0 0 0 0 0 0 0 0 0 0 0 0 0 0 0 0 0 0 0
1.05939 0.000637131 0.000280208 0.000356922 0.560203 0.930378 0 0 0 0 0 0 0 0 0 0 0 0 0 0 0 0 0 0 0 0 0 0 0 0 0 0 0 0 0 0 0 0 0 0 0 0 0 0 0 0 0 0
1.11377 0.000637427 0.00028036 0.000357067 0.560169 0.93039 0 0 0 0 0 0 0 0 0 0 0 0 0 0 0 0 0 0 0 0 0 0 0 0 0 0 0 0 0 0 0 0 0 0 0 0 0 0 0 0 0 0
1.17094 0.000637735 0.000280522 0.000357213 0.560128 0.930412 0 0 0 0 0 0 0 0 0 0 0 0 0 0 0 0 0 0 0 0 0 0 0 0 0 0 0 0 0 0 0 0 0 0 0 0 0 0 0 0 0 0
1.23105 0.000638051 0.000280692 0.000357359 0.560079 0.930436 0 0 0 0 0 0 0 0 0 0 0 0 0 0 0 0 0 0 0 0 0 0 0 0 0 0 0 0 0 0 0 0 0 0 0 0 0 0 0 0 0 0
1.29424 0.000638379 0.000280874 0.000357505 0.56002 0.930472 0 0 0 0 0 0 0 0 0 0 0 0 0 0 0 0 0 0 0 0 0 0 0 0 0 0 0 0 0 0 0 0 0 0 0 0 0 0 0 0 0 0
1.36067 0.000638718 0.000281051 0.000357667 0.559977 0.930474 0 0 0 0 0 0 0 0 0 0 0 0 0 0 0 0 0 0 0 0 0 0 0 0 0 0 0 0 0 0 0 0 0 0 0 0 0 0 0 0 0 0
1.43051 0.000639069 0.00028125 0.000357819 0.559907 0.930512 0 0 0 0 0 0 0 0 0 0 0 0 0 0 0 0 0 0 0 0 0 0 0 0 0 0 0 0 0 0 0 0 0 0 0 0 0 0 0 0 0 0
1.50394 0.000639431 0.000281452 0.000357979 0.55984 0.930537 0 0 0 0 0 0 0 0 0 0 0 0 0 0 0 0 0 0 0 0 0 0 0 0 0 0 0 0 0 0 0 0 0 0 0 0 0 0 0 0 0 0
1.58114 0.000639806 0.000281664 0.000358142 0.559766 0.930564 0 0 0 0 0 0 0 0 0 0 0 0 0 0 0 0 0 0 0 0 0 0 0 0 0 0 0 0 0 0 0 0 0 0 0 0 0 0 0 0 0 0
1.6623 0.000640191 0.000281897 0.000358295 0.559668 0.93062 0 0 0 0 0 0 0 0 0 0 0 0 0 0 0 0 0 0 0 0 0 0 0 0 0 0 0 0 0 0 0 0 0 0 0 0 0 0 0 0 0 0
1.74763 0.000640591 0.000282139 0.000358452 0.559564 0.930677 0 0 0 0 0 0 0 0 0 0 0 0 0 0 0 0 0 0 0 0 0 0 0 0 0 0 0 0 0 0 0 0 0 0 0 0 0 0 0 0 0 0
1.83733 0.000641004 0.000282399 0.000358605 0.559442 0.930753 0 0 0 0 0 0 0 0 0 0 0 0 0 0 0 0 0 0 0 0 0 0 0 0 0 0 0 0 0 0 0 0 0 0 0 0 0 0 0 0 0 0
1.93164 0.000641431 0.000282673 0.000358758 0.559309 0.930836 0 0 0 0 0 0 0 0 0 0 0 0 0 0 0 0 0 0 0 0 0 0 0 0 0 0 0 0 0 0 0 0 0 0 0 0 0 0 0 0 0 0
2.03079 0.000641874 0.000282955 0.000358919 0.559173 0.930913 0 0 0 0 0 0 0 0 0 0 0 0 0 0 0 0 0 0 0 0 0 0 0 0 0 0 0 0 0 0 0 0 0 0 0 0 0 0 0 0 0 0
2.13503 0.000642328 0.00028326 0.000359068 0.559011 0.931018 0 0 0 0 0 0 0 0 0 0 0 0 0 0 0 0 0 0 0 0 0 0 0 0 0 0 0 0 0 0 0 0 0 0 0 0 0 0 0 0 0 0
2.24463 0.000642798 0.000283585 0.000359214 0.558828 0.931145 0 0 0 0 0 0 0 0 0 0 0 0 0 0 0 0 0 0 0 0 0 0 0 0 0 0 0 0 0 0 0 0 0 0 0 0 0 0 0 0 0 0
2.35984 0.000643286 0.000283927 0.000359359 0.55863 0.931282 0 0 0 0 0 0 0 0 0 0 0 0 0 0 0 0 0 0 0 0 0 0 0 0 0 0 0 0 0 0 0 0 0 0 0 0 0 0 0 0 0 0
2.48097 0.000643787 0.0002843 0.000359487 0.558395 0.931466 0 0 0 0 0 0 0 0 0 0 0 0 0 0 0 0 0 0 0 0 0 0 0 0 0 0 0 0 0 0 0 0 0 0 0 0 0 0 0 0 0 0
2.60832 0.000644309 0.00028469 0.000359619 0.558147 0.931656 0 0 0 0 0 0 0 0 0 0 0 0 0 0 0 0 0 0 0 0 0 0 0 0 0 0 0 0 0 0 0 0 0 0 0 0 0 0 0 0 0 0
2.74221 0.000644845 0.000285097 0.000359748 0.557882 0.931857 0 0 0 0 0 0 0 0 0 0 0 0 0 0 0 0 0 0 0 0 0 0 0 0 0 0 0 0 0 0 0 0 0 0 0 0 0 0 0 0 0 0
2.88297 0.000645401 0.000285547 0.000359853 0.557566 0.932126 0 0 0 0 0 0 0 0 0 0 0 0 0 0 0 0 0 0 0 0 0 0 0 0 0 0 0 0 0 0 0 0 0 0 0 0 0 0 0 0 0 0
3.03095 0.000645974 0.000286021 0.000359953 0.557225 0.932415 0 0 0 0 0 0 0 0 0 0 0 0 0 0 0 0 0 0 0 0 0 0 0 0 0 0 0 0 0 0 0 0 0 0 0 0 0 0 0 0 0 0
3.18653 0.000646565 0.000286523 0.000360042 0.556854 0.932734 0 0 0 0 0 0 0 0 0 0 0 0 0 0 0 0 0 0 0 0 0 0 0 0 0 0 0 0 0 0 0 0 0 0 0 0 0 0 0 0 0 0
3.35009 0.000647177 0.00028706 0.000360117 0.556443 0.933099 0 0 0 0 0 0 0 0 0 0 0 0 0 0 0 0 0 0 0 0 0 0 0 0 0 0 0 0 0 0 0 0 0 0 0 0 0 0 0 0 0 0
3.52205 0.000647811 0.000287643 0.000360168 0.555977 0.933532 0 0 0 0 0 0 0 0 0 0 0 0 0 0 0 0 0 0 0 0 0 0 0 0 0 0 0 0 0 0 0 0 0 0 0 0 0 0 0 0 0 0
3.70284 0.000648463 0.000288267 0.000360196 0.555461 0.934021 0 0 0 0 0 0 0 0 0 0 0 0 0 0 0 0 0 0 0 0 0 0 0 0 0 0 0 0 0 0 0 0 0 0 0 0 0 0 0 0 0 0
3.89291 0.000649139 0.000288943 0.000360196 0.554883 0.934589 0 0 0 0 0 0 0 0 0 0 0 0 0 0 0 0 0 0 0 0 0 0 0 0 0 0 0 0 0 0 0 0 0 0 0 0 0 0 0 0 0 0
4.09273 0.000649838 0.000289683 0.000360155 0.554223 0.935263 0 0 0 0 0 0 0 0 0 0 0 0 0 0 0 0 0 0 0 0 0 0 0 0 0 0 0 0 0 0 0 0 0 0 0 0 0 0 0 0 0 0
4.30281 0.000650559 0.000290493 0.000360066 0.553472 0.936057 0 0 0 0 0 0 0 0 0 0 0 0 0 0 0 0 0 0 0 0 0 0 0 0 0 0 0 0 0 0 0 0 0 0 0 0 0 0 0 0 0 0
4.52368 0.000651306 0.000291381 0.000359925 0.55262 0.936984 0 0 0 0 0 0 0 0 0 0 0 0 0 0 0 0 0 0 0 0 0 0 0 0 0 0 0 0 0 0 0 0 0 0 0 0 0 0 0 0 0 0
4.75588 0.000652076 0.000292357 0.000359719 0.551652 0.938063 0 0 0 0 0 0 0 0 0 0 0 0 0 0 0 0 0 0 0 0 0 0 0 0 0 0 0 0 0 0 0 0 0 0 0 0 0 0 0 0 0 0
5 0.000652872 0.000293457 0.000359416 0.550515 0.939376 0 0 0 0 0 0 0 0 0 0 0 0 0 0 0 0 0 0 0 0 0 0 0 0 0 0 0 0 0 0 0 0 0 0 0 0 0 0 0 0 0 0
5.25665 0.000653693 0.000294691 0.000359002 0.54919 0.940943 0 0 0 0 0 0 0 0 0 0 0 0 0 0 0 0 0 0 0 0 0 0 0 0 0 0 0 0 0 0 0 0 0 0 0 0 0 0 0 0 0 0
5.52648 0.000654539 0.000296055 0.000358484 0.547689 0.942743 0 0 0 0 0 0 0 0 0 0 0 0 0 0 0 0 0 0 0 0 0 0 0 0 0 0 0 0 0 0 0 0 0 0 0 0 0 0 0 0 0 0
5.81015 0.000655408 0.000297622 0.000357787 0.545899 0.944934 0 0 0 0 0 0 0 0 0 0 0 0 0 0 0 0 0 0 0 0 0 0 0 0 0 0 0 0 0 0 0 0 0 0 0 0 0 0 0 0 0 0
6.10839 0.000656299 0.000299387 0.000356912 0.543826 0.94749 0 0 0 0 0 0 0 0 0 0 0 0 0 0 0 0 0 0 0 0 0 0 0 0 0 0 0 0 0 0 0 0 0 0 0 0 0 0 0 0 0 0
6.42193 0.000657216 0.000301441 0.000355775 0.541337 0.950587 0 0 0 0 0 0 0 0 0 0 0 0 0 0 0 0 0 0 0 0 0 0 0 0 0 0 0 0 0 0 0 0 0 0 0 0 0 0 0 0 0 0
6.75157 0.00065815 0.000304013 0.000354137 0.53808 0.954681 0 0 0 0 0 0 0 0 0 0 0 0 0 0 0 0 0 0 0 0 0 0 0 0 0 0 0 0 0 0 0 0 0 0 0 0 0 0 0 0 0 0
7.09813 0.00065907 0.000307505 0.000351565 0.533426 0.960516 0 0 0 0 0 0 0 0 0 0 0 0 0 0 0 0 0 0 0 0 0 0 0 0 0 0 0 0 0 0 0 0 0 0 0 0 0 0 0 0 0 0
7.46248 0.00065964 0.000312599 0.000347041 0.526106 0.969313 0 0 0 0 0 0 0 0 0 0 0 0 0 0 0 0 0 0 0 0 0 0 0 0 0 0 0 0 0 0 0 0 0 0 0 0 0 0 0 0 0 0
7.84553 0.000657363 0.000316223 0.00034114 0.518952 0.977363 0 0 0 0 0 0 0 0 0 0 0 0 0 0 0 0 0 0 0 0 0 0 0 0 0 0 0 0 0 0 0 0 0 0 0 0 0 0 0 0 0 0
8.24824 0.000654014 0.000306545 0.000347469 0.531287 0.967332 0 0 0 0 0 0 0 0 0 0 0 0 0 0 0 0 0 0 0 0 0 0 0 0 0 0 0 0 0 0 0 0 0 0 0 0 0 0 0 0 0 0
8.67162 0.000656535 0.000293476 0.000363059 0.552992 0.943146 0 0 0 0 0 0 0 0 0 0 0 0 0 0 0 0 0 0 0 0 0 0 0 0 0 0 0 0 0 0 0 0 0 0 0 0 0 0 0 0 0 0
9.11674 0.000661058 0.00027624 0.000384818 0.582124 0.903172 0 0 0 0 0 0 0 0 0 0 0 0 0 0 0 0 0 0 0 0 0 0 0 0 0 0 0 0 0 0 0 0 0 0 0 0 0 0 0 0 0 0
9.5847 0.00066612 0.000266479 0.000399641 0.599954 0.870722 0 0 0 0 0 0 0 0 0 0 0 0 0 0 0 0 0 0 0 0 0 0 0 0 0 0 0 0 0 0 0 0 0 0 0 0 0 0 0 0 0 0
10.0767 0.000669347 0.000264603 0.000404744 0.604685 0.857571 0 0 0 0 0 0 0 0 0 0 0 0 0 0 0 0 0 0 0 0 0 0 0 0 0 0 0 0 0 0 0 0 0 0 0 0 0 0 0 0 0 0
10.5939 0.000672191 0.0002628 0.000409392 0.60904 0.845238 0 0 0 0 0 0 0 0 0 0 0 0 0 0 0 0 0 0 0 0 0 0 0 0 0 0 0 0 0 0 0 0 0 0 0 0 0 0 0 0 0 0
11.1377 0.000673678 0.000265432 0.000408246 0.605996 0.844654 0 0 0 0 0 0 0 0 0 0 0 0 0 0 0 0 0 0 0 0 0 0 0 0 0 0 0 0 0 0 0 0 0 0 0 0 0 0 0 0 0 0
11.7094 0.000674777 0.000268075 0.000406702 0.60272 0.845757 0 0 0 0 0 0 0 0 0 0 0 0 0 0 0 0 0 0 0 0 0 0 0 0 0 0 0 0 0 0 0 0 0 0 0 0 0 0 0 0 0 0
12.3105 0.000675505 0.000271713 0.000403793 0.597764 0.850047 0 0 0 0 0 0 0 0 0 0 0 0 0 0 0 0 0 0 0 0 0 0 0 0 0 0 0 0 0 0 0 0 0 0 0 0 0 0 0 0 0 0
12.9424 0.000676087 0.000276586 0.000399501 0.590901 0.858204 0 0 0 0 0 0 0 0 0 0 0 0 0 0 0 0 0 0 0 0 0 0 0 0 0 0 0 0 0 0 0 0 0 0 0 0 0 0 0 0 0 0
13.6067 0.000676759 0.000283012 0.000393747 0.581813 0.870785 0 0 0 0 0 0 0 0 0 0 0 0 0 0 0 0 0 0 0 0 0 0 0 0 0 0 0 0 0 0 0 0 0 0 0 0 0 0 0 0 0 0
14.3051 0.000677728 0.000290487 0.00038724 0.57138 0.886521 0 0 0 0 0 0 0 0 0 0 0 0 0 0 0 0 0 0 0 0 0 0 0 0 0 0 0 0 0 0 0 0 0 0 0 0 0 0 0 0 0 0
15.0394 0.000679074 0.000294563 0.000384512 0.566229 0.89443 0 0 0 0 0 0 0 0 0 0 0 0 0 0 0 0 0 0 0 0 0 0 0 0 0 0 0 0 0 0 0 0 0 0 0 0 0 0 0 0 0 0
15.8114 0.00068072 0.000295121 0.000385598 0.566457 0.894006 0 0 0 0 0 0 0 0 0 0 0 0 0 0 0 0 0 0 0 0 0 0 0 0 0 0 0 0 0 0 0 0 0 0 0 0 0 0 0 0 0 0
16.623 0.000682958 0.000292697 0.000390261 0.571427 0.886283 0 0 0 0 0 0 0 0 0 0 0 0 0 0 0 0 0 0 0 0 0 0 0 0 0 0 0 0 0 0 0 0 0 0 0 0 0 0 0 0 0 0
17.4762 0.000686016 0.000288122 0.000397893 0.580006 0.872607 0 0 0 0 0 0 0 0 0 0 0 0 0 0 0 0 0 0 0 0 0 0 0 0 0 0 0 0 0 0 0 0 0 0 0 0 0 0 0 0 0 0
18.3733 0.000689692 0.000282821 0.00040687 0.589931 0.856065 0 0 0 0 0 0 0 0 0 0 0 0 0 0 0 0 0 0 0 0 0 0 0 0 0 0 0 0 0 0 0 0 0 0 0 0 0 0 0 0 0 0
19.3164 0.000693372 0.000278379 0.000414993 0.598514 0.840647 0 0 0 0 0 0 0 0 0 0 0 0 0 0 0 0 0 0 0 0 0 0 0 0 0 0 0 0 0 0 0 0 0 0 0 0 0 0 0 0 0 0
20.3079 0.000696321 0.000276207 0.000420114 0.603334 0.830285 0 0 0 0 0 0 0 0 0 0 0 0 0 0 0 0 0 0 0 0 0 0 0 0 0 0 0 0 0 0 0 0 0 0 0 0 0 0 0 0 0 0
21.3503 0.000698782 0.00027554 0.000423242 0.605685 0.823909 0 0 0 0 0 0 0 0 0 0 0 0 0 0 0 0 0 0 0 0 0 0 0 0 0 0 0 0 0 0 0 0 0 0 0 0 1.4013e-45 0 7.00649e-45 0 2.10195e-44 0
22.4463 0.000701136 0.000275075 0.000426061 0.607672 0.818222 0 0 0 0 0 0 0 0 0 0 0 0 0 0 0 0 0 0 0 0 0 0 0 0 0 0 0 0 1.4013e-45 0 8.40779e-45 0 3.36312e-44 0 1.21913e-43 0 4.14784e-43 0 1.3004e-42 0 3.79331e-42 0
23.5984 0.000703308 0.000275257 0.00042805 0.608624 0.814163 0 0 0 0 0 0 0 0 0 0 0 0 0 0 0 0 0 0 0 0 0 0 2.8026e-45 0 1.54143e-44 0 7.84727e-44 0 3.76949e-43 0 1.54984e-42 0 5.83361e-42 0 2.01997e-41 0 6.46377e-41 0 1.91979e-40 0 5.31281e-40 0
24.8097 0.000705511 0.000275323 0.000430188 0.609754 0.809935 0 0 0 0 0 0 0 0 0 0 0 0 0 0 0 0 0 0 7.00649e-45 0 6.5861e-44 0 4.66632e-43 0 2.68769e-42 0 1.31554e-41 0 5.8322e-41 0 2.23912e-40 0 7.90048e-40 0 2.57461e-39 0 7.78393e-39 0 2.19222e-38 0 5.7726e-38 0
26.0832 0.000707586 0.000275835 0.000431751 0.610174 0.80673 0 0 0 0 0 0 0 0 0 0 0 0 0 0 8.40779e-45 0 1.34525e-43 0 1.36907e-42 0 1.0954e-41 0 7.06451e-41 0 3.73988e-40 0 1.69428e-39 0 6.98434e-39 0 2.51101e-38 0 8.33087e-38 0 2.56271e-37 0 7.34052e-37 0 1.96543e-36 0 4.93645e-36 0
27.4221 0.000709634 0.000276331 0.000433303 0.610601 0.803514 0 0 0 0 0 0 0 0 0 0 2.8026e-45 0 8.12753e-44 0 1.62691e-42 0 2.14441e-41 0 1.94464e-40 0 1.40622e-39 0 8.27976e-39 0 4.04071e-38 0 1.7004e-37 0 6.5412e-37 0 2.20927e-36 0 6.9129e-36 0 2.01299e-35 0 5.47717e-35 0 1.39766e-34 0 3.35608e-34 0
28.8297 0.000711709 0.000276874 0.000434835 0.610973 0.800408 0 0 0 0 0 0 0 0 5.60519e-45 0 4.14784e-43 0 1.30307e-41 0 2.26509e-40 0 2.6322e-39 0 2.14343e-38 0 1.40725e-37 0 7.5988e-37 0 3.4322e-36 0 1.34646e-35 0 4.84992e-35 0 1.54354e-34 0 4.56816e-34 0 1.26258e-33 0 3.27152e-33 0 7.97502e-33 0 1.8348e-32 0
30.3095 0.00071378 0.000277425 0.000436355 0.611329 0.797311 0 0 0 0 0 0 4.2039e-45 0 1.02995e-42 0 6.09046e-41 0 1.61925e-39 0 2.44829e-38 0 2.524e-37 0 1.85529e-36 0 1.11115e-35 0 5.5257e-35 0 2.31869e-34 0 8.50907e-34 0 2.87905e-33 0 8.65933e-33 0 2.43053e-32 0 6.39239e-32 0 1.58112e-31 0 3.69023e-31 0 8.15159e-31 0
31.8653 0.000715842 0.00027831 0.000437532 0.611213 0.79486 0 0 0 0 0 0 8.54792e-43 0 1.43311e-40 0 6.94292e-39 0 1.5727e-37 0 2.08259e-36 0 1.91584e-35 0 1.27757e-34 0 7.01118e-34 0 3.224e-33 0 1.26137e-32 0 4.34422e-32 0 1.38495e-31 0 3.94747e-31 0 1.05354e-30 0 2.64308e-30 0 6.25473e-30 0 1.40064e-29 0 2.97653e-29 0
33.5009 0.000717907 0.000279109 0.000438798 0.611218 0.792197 0 0 0 0 1.00893e-43 0 1.18488e-40 0 1.54755e-38 0 6.20332e-37 0 1.20661e-35 0 1.40846e-34 0 1.16265e-33 0 7.06708e-33 0 3.56899e-32 0 1.52335e-31 0 5.57595e-31 0 1.80787e-30 0 5.44635e-30 0 1.47496e-29 0 3.75232e-29 0 9.00024e-29 0 2.04215e-28 0 4.39654e-28 0 9.00556e-28 0
35.2205 0.000720083 0.000280224 0.00043986 0.610846 0.790049 0 0 0 0 1.52699e-41 0 1.27736e-38 0 1.31514e-36 0 4.4024e-35 0 7.40797e-34 0 7.66965e-33 0 5.7111e-32 0 3.17866e-31 0 1.48324e-30 0 5.89785e-30 0 2.02628e-29 0 6.20308e-29 0 1.77077e-28 0 4.56786e-28 0 1.11028e-27 0 2.55173e-27 0 5.56283e-27 0 1.15361e-26 0 2.28168e-26 0
37.0284 0.000722278 0.0002813 0.000440978 0.610538 0.787742 0 0 1.96182e-44 0 1.79738e-39 0 1.08248e-36 0 8.8882e-35 0 2.50661e-33 0 3.67484e-32 0 3.39434e-31 0 2.29154e-30 0 1.17288e-29 0 5.07643e-29 0 1.88699e-28 0 6.1039e-28 0 1.76926e-27 0 4.79847e-27 0 1.18184e-26 0 2.75072e-26 0 6.07023e-26 0 1.27392e-25 0 2.5494e-25 0 4.87723e-25 0
38.9291 0.000724486 0.000282289 0.000442197 0.61036 0.785189 0 0 3.05483e-42 0 1.65563e-37 0 7.29497e-35 0 4.83001e-33 0 1.15721e-31 0 1.48809e-30 0 1.23312e-29 0 7.58374e-29 0 3.58415e-28 0 1.44419e-27 0 5.03498e-27 0 1.53795e-26 0 4.23214e-26 0 1.09324e-25 0 2.57668e-25 0 5.75486e-25 0 1.22183e-24 0 2.47302e-24 0 4.78425e-24 0 8.86733e-24 0
40.9273 0.000726695 0.000283192 0.000443503 0.610301 0.782398 7.00649e-45 0 3.79518e-40 0 1.20784e-35 0 3.95346e-33 0 2.13303e-31 0 4.37634e-30 0 4.96787e-29 0 3.71285e-28 0 2.08963e-27 0 9.15464e-27 0 3.44612e-26 0 1.13037e-25 0 3.26956e-25 0 8.56333e-25 0 2.11191e-24 0 4.77355e-24 0 1.02513e-23 0 2.09791e-23 0 4.10255e-23 0 7.68509e-23 0 1.38212e-22 0
43.0281 0.000728927 0.000284345 0.000444583 0.609914 0.779965 1.15467e-42 0 3.68384e-38 0 7.06699e-34 0 1.74346e-31 0 7.74223e-30 0 1.37062e-28 0 1.38186e-27 0 9.36164e-27 0 4.8426e-26 0 1.9739e-25 0 6.96477e-25 0 2.15581e-24 0 5.92049e-24 0 1.47943e-23 0 3.4913e-23 0 7.58335e-23 0 1.56888e-22 0 3.10039e-22 0 5.86762e-22 0 1.06598e-21 0 1.86294e-21 0
45.2368 0.000731174 0.000285529 0.000445645 0.609492 0.777483 1.46961e-40 0 2.82599e-36 0 3.34962e-32 0 6.31504e-30 0 2.33021e-28 0 3.58519e-27 0 3.22895e-26 0 1.99243e-25 0 9.51179e-25 0 3.62005e-24 0 1.20105e-23 0 3.51808e-23 0 9.19669e-23 0 2.19761e-22 0 4.9732e-22 0 1.04007e-21 0 2.07671e-21 0 3.96971e-21 0 7.28246e-21 0 1.285e-20 0 2.18533e-20 0
47.5588 0.000733493 0.00028696 0.000446534 0.608777 0.775293 1.46002e-38 0 1.73446e-34 0 1.30043e-30 0 1.89835e-28 0 5.87336e-27 0 7.90758e-26 0 6.39717e-25 0 3.61178e-24 0 1.59756e-23 0 5.69598e-23 0 1.78231e-22 0 4.95383e-22 0 1.23564e-21 0 2.82969e-21 0 6.1533e-21 0 1.24134e-20 0 2.3963e-20 0 4.43798e-20 0 7.90384e-20 0 1.35651e-19 0 2.2479e-19 0
50 0.000735825 0.00028835 0.000447475 0.608127 0.7729 1.14478e-36 0 8.60167e-33 0 4.17174e-29 0 4.77458e-27 0 1.24932e-25 0 1.4815e-24 0 1.08222e-23 0 5.61497e-23 0 2.30969e-22 0 7.73945e-22 0 2.29054e-21 0 6.05647e-21 0 1.44474e-20 0 3.17736e-20 0 6.65219e-20 0 1.29678e-19 0 2.42421e-19 0 4.35659e-19 0 7.54332e-19 0 1.26094e-18 0 2.03863e-18 0
52.5665 0.00073825 0.000289956 0.000448294 0.607238 0.770699 7.17338e-35 0 3.48615e-31 0 1.11719e-27 0 1.01446e-25 0 2.26336e-24 0 2.37871e-23 0 1.57686e-22 0 7.54939e-22 0 2.89822e-21 0 9.15475e-21 0 2.56961e-20 0 6.47934e-20 0 1.48138e-19 0 3.13496e-19 0 6.33085e-19 0 1.19456e-18 0 2.16595e-18 0 3.78264e-18 0 6.37632e-18 0 1.03946e-17 0 1.64159e-17 0
55.2648 0.000740742 0.000291688 0.000449054 0.606222 0.768535 3.63043e-33 0 1.1657e-29 0 2.51884e-26 0 1.83529e-24 0 3.51871e-23 0 3.29681e-22 0 1.99268e-21 0 8.83794e-21 0 3.17721e-20 0 9.48797e-20 0 2.53227e-19 0 6.10327e-19 0 1.34018e-18 0 2.73423e-18 0 5.33533e-18 0 9.7599e-18 0 1.71896e-17 0 2.9214e-17 0 4.80058e-17 0 7.64133e-17 0 1.18015e-16 0
58.1015 0.000743305 0.000293539 0.000449766 0.605089 0.766367 1.49957e-31 0 3.24628e-28 0 4.82161e-25 0 2.84946e-23 0 4.7295e-22 0 3.97267e-21 0 2.19926e-20 0 9.06998e-20 0 3.06316e-19 0 8.67161e-19 0 2.20608e-18 0 5.09355e-18 0 1.07632e-17 0 2.12077e-17 0 4.00541e-17 0 7.11418e-17 0 1.21883e-16 0 2.01847e-16 0 3.23739e-16 0 5.03748e-16 0 7.61665e-16 0
61.0839 0.000745978 0.00029556 0.000450418 0.603795 0.764256 5.10664e-30 0 7.59812e-27 0 7.90044e-24 0 3.82583e-22 0 5.53619e-21 0 4.19134e-20 0 2.13433e-19 0 8.21387e-19 0 2.614e-18 0 7.03347e-18 0 1.70959e-17 0 3.78921e-17 0 7.71981e-17 0 1.47156e-16 0 2.6943e-16 0 4.65312e-16 0 7.7651e-16 0 1.25467e-15 0 1.96645e-15 0 2.99452e-15 0 4.43723e-15 0
64.2193 0.00074873 0.000297696 0.000451034 0.602399 0.762103 1.44705e-28 0 1.50715e-25 0 1.11635e-22 0 4.47306e-21 0 5.68107e-20 0 3.89626e-19 0 1.8325e-18 0 6.60318e-18 0 1.98593e-17 0 5.09144e-17 0 1.18503e-16 0 2.52645e-16 0 4.97141e-16 0 9.18271e-16 0 1.63236e-15 0 2.74491e-15 0 4.46758e-15 0 7.05149e-15 0 1.0812e-14 0 1.61299e-14 0 2.34466e-14 0
67.5157 0.000751616 0.000300006 0.00045161 0.600853 0.759959 3.44347e-27 0 2.55467e-24 0 1.37048e-21 0 4.58585e-20 0 5.14461e-19 0 3.21176e-18 0 1.40058e-17 0 4.74065e-17 0 1.35114e-16 0 3.30837e-16 0 7.38909e-16 0 1.51817e-15 0 2.89025e-15 0 5.18102e-15 0 8.95492e-15 0 1.46809e-14 0 2.33329e-14 0 3.60164e-14 0 5.40833e-14 0 7.91239e-14 0 1.12933e-13 0
70.9813 0.000754589 0.000302434 0.000452155 0.599207 0.757748 6.93912e-26 0 3.72822e-23 0 1.47154e-20 0 4.14845e-19 0 4.13576e-18 0 2.36109e-17 0 9.58191e-17 0 3.05582e-16 0 8.27526e-16 0 1.93958e-15 0 4.16529e-15 0 8.26237e-15 0 1.52429e-14 0 2.65566e-14 0 4.46906e-14 0 7.15197e-14 0 1.11127e-13 0 1.67936e-13 0 2.47222e-13 0 3.55028e-13 0 4.98005e-13 0
74.6248 0.000757728 0.000305065 0.000452663 0.597395 0.755543 1.19415e-24 0 4.72014e-22 0 1.39144e-19 0 3.33256e-18 0 2.96954e-17 0 1.55707e-16 0 5.90127e-16 0 1.7784e-15 0 4.58733e-15 0 1.03139e-14 0 2.13381e-14 0 4.09347e-14 0 7.32943e-14 0 1.2428e-13 0 2.03897e-13 0 3.18896e-13 0 4.84949e-13 0 7.18237e-13 0 1.03755e-12 0 1.4639e-12 0 2.0198e-12 0
78.4553 0.000760947 0.000307787 0.00045316 0.595521 0.753178 1.76785e-23 0 5.21857e-21 0 1.16544e-18 0 2.39034e-17 0 1.91422e-16 0 9.25713e-16 0 3.28748e-15 0 9.38764e-15 0 2.31203e-14 0 4.99665e-14 0 9.97688e-14 0 1.85403e-13 0 3.22659e-13 0 5.33188e-13 0 8.53866e-13 0 1.30661e-12 0 1.94672e-12 0 2.82844e-12 0 4.0132e-12 0 5.56793e-12 0 7.56247e-12 0
82.4824 0.000764335 0.000310671 0.000453664 0.593541 0.750749 2.26864e-22 0 5.07308e-20 0 8.70014e-18 0 1.53971e-16 0 1.11393e-15 0 4.98795e-15 0 1.66509e-14 0 4.51733e-14 0 1.06465e-13 0 2.21591e-13 0 4.27765e-13 0 7.71237e-13 0 1.30637e-12 0 2.10646e-12 0 3.29668e-12 0 4.94097e-12 0 7.21966e-12 0 1.03e-11 0 1.43669e-11 0 1.96166e-11 0 2.62483e-11 0
86.7162 0.000767825 0.000313738 0.000454088 0.591394 0.748194 2.54143e-21 0 4.36387e-19 0 5.82158e-17 0 8.95419e-16 0 5.88146e-15 0 2.44772e-14 0 7.704e-14 0 1.99067e-13 0 4.49931e-13 0 9.0354e-13 0 1.68909e-12 0 2.95896e-12 0 4.88475e-12 0 7.69481e-12 0 1.17822e-11 0 1.73133e-11 0 2.48338e-11 0 3.48201e-11 0 4.77858e-11 0 6.42621e-11 0 8.4773e-11 0
91.1674 0.000771453 0.000316892 0.00045456 0.589227 0.745495 2.50116e-20 0 3.34059e-18 0 3.5094e-16 0 4.72351e-15 0 2.83017e-14 0 1.09863e-13 0 3.26961e-13 0 8.06582e-13 0 1.75188e-12 0 3.40034e-12 0 6.16543e-12 0 1.0509e-11 0 1.69291e-11 0 2.60828e-11 0 3.91154e-11 0 5.64081e-11 0 7.94979e-11 0 1.09642e-10 0 1.48161e-10 0 1.96385e-10 0 2.55586e-10 0
95.847 0.000775423 0.000320293 0.00045513 0.586944 0.742754 2.17728e-19 0 2.28988e-17 0 1.91659e-15 0 2.27215e-14 0 1.24744e-13 0 4.53213e-13 0 1.27885e-12 0 3.01874e-12 0 6.313e-12 0 1.18629e-11 0 2.08936e-11 0 3.46979e-11 0 5.46094e-11 0 8.23801e-11 0 1.21122e-10 0 1.71575e-10 0 2.3779e-10 0 3.22847e-10 0 4.29902e-10 0 5.62042e-10 0 7.22123e-10 0
100.767 0.000779319 0.000323759 0.00045556 0.584561 0.739613 1.68563e-18 0 1.41236e-16 0 9.52326e-15 0 1.0006e-13 0 5.05517e-13 0 1.7245e-12 0 4.62576e-12 0 1.04708e-11 0 2.11225e-11 0 3.84879e-11 0 6.59394e-11 0 1.06826e-10 0 1.64447e-10 0 2.43144e-10 0 3.50825e-10 0 4.88583e-10 0 6.66433e-10 0 8.91407e-10 0 1.17051e-09 0 1.5104e-09 0 1.917e-09 0
105.939 0.000783096 0.000327361 0.000455735 0.581965 0.736087 1.16754e-17 0 7.88048e-16 0 4.32616e-14 0 4.05234e-13 0 1.89162e-12 0 6.07771e-12 0 1.5536e-11 0 3.37918e-11 0 6.58715e-11 0 1.16561e-10 0 1.94518e-10 0 3.07796e-10 0 4.63941e-10 0 6.72989e-10 0 9.53808e-10 0 1.30703e-09 0 1.75599e-09 0 2.31565e-09 0 3.00053e-09 0 3.82392e-09 0 4.79714e-09 0
111.377 0.000786981 0.000331217 0.000455764 0.57913 0.73246 7.27678e-17 0 3.99861e-15 0 1.80521e-13 0 1.51598e-12 0 6.56375e-12 0 1.99209e-11 0 4.86416e-11 0 1.0186e-10 0 1.92192e-10 0 3.30744e-10 0 5.38317e-10 0 8.32934e-10 0 1.23058e-09 0 1.75295e-09 0 2.44246e-09 0 3.29588e-09 0 4.36462e-09 0 5.67848e-09 0 7.26545e-09 0 9.15023e-09 0 1.13527e-08 0
117.094 0.000791974 0.000335163 0.00045681 0.5768 0.729331 4.10032e-16 0 1.85283e-14 0 6.94493e-13 0 5.25668e-12 0 2.11883e-11 0 6.09133e-11 0 1.42391e-10 0 2.8761e-10 0 5.26108e-10 0 8.81699e-10 0 1.40132e-09 0 2.12253e-09 0 3.07666e-09 0 4.30759e-09 0 5.90554e-09 0 7.85325e-09 0 1.02581e-08 0 1.31757e-08 0 1.66564e-08 0 2.07424e-08 0 2.54654e-08 0
123.105 0.000798261 0.000339442 0.000458819 0.574773 0.727036 2.10057e-15 0 7.88044e-14 0 2.47482e-12 0 1.69695e-11 0 6.38992e-11 0 1.7447e-10 0 3.91278e-10 0 7.63662e-10 0 1.35633e-09 0 2.21648e-09 0 3.44395e-09 0 5.11175e-09 0 7.2765e-09 0 1.00217e-08 0 1.35294e-08 0 1.77428e-08 0 2.28759e-08 0 2.90253e-08 0 3.62753e-08 0 4.46929e-08 0 5.43226e-08 0
129.424 0.000803391 0.000343686 0.000459705 0.572206 0.72304 9.81907e-15 0 3.0862e-13 0 8.19081e-12 0 5.11245e-11 0 1.80444e-10 0 4.69103e-10 0 1.01136e-09 0 1.91049e-09 0 3.29936e-09 0 5.26395e-09 0 8.00499e-09 0 1.16547e-08 0 1.63067e-08 0 2.21104e-08 0 2.9415e-08 0 3.80685e-08 0 4.84767e-08 0 6.07971e-08 0 7.51605e-08 0 9.16625e-08 0 1.10356e-07 0
136.067 0.000806149 0.000348935 0.000457214 0.567159 0.71656 4.21931e-14 0 1.1207e-12 0 2.53438e-11 0 1.44658e-10 0 4.80081e-10 0 1.1912e-09 0 2.47362e-09 0 4.52984e-09 0 7.61698e-09 0 1.18785e-08 0 1.76978e-08 0 2.52985e-08 0 3.48208e-08 0 4.65173e-08 0 6.10285e-08 0 7.79941e-08 0 9.81531e-08 0 1.21745e-07 0 1.48957e-07 0 1.7991e-07 0 2.14647e-07 0
143.051 0.000804195 0.000352236 0.000451959 0.562002 0.703998 1.65968e-13 0 3.75608e-12 0 7.29442e-11 0 3.8241e-10 0 1.19692e-09 0 2.84095e-09 0 5.6927e-09 0 1.01214e-08 0 1.65928e-08 0 2.53207e-08 0 3.69983e-08 0 5.19732e-08 0 7.04286e-08 0 9.2765e-08 0 1.20101e-07 0 1.51661e-07 0 1.8873e-07 0 2.31644e-07 0 2.80643e-07 0 3.35849e-07 0 3.97256e-07 0
150.394 0.000808871 0.000355512 0.000453359 0.560484 0.694377 6.03379e-13 0 1.17262e-11 0 1.97022e-10 0 9.52628e-10 0 2.8201e-09 0 6.41705e-09 0 1.24295e-08 0 2.14868e-08 0 3.43851e-08 0 5.14001e-08 0 7.37273e-08 0 1.01864e-07 0 1.36002e-07 0 1.76742e-07 0 2.25957e-07 0 2.82102e-07 0 3.47326e-07 0 4.22059e-07 0 5.06567e-07 0 6.00924e-07 0 7.04993e-07 0
158.114 0.000822913 0.000360073 0.000462841 0.562442 0.693315 2.04265e-12 0 3.43437e-11 0 5.02781e-10 0 2.25097e-09 0 6.31973e-09 0 1.38145e-08 0 2.59081e-08 0 4.36061e-08 0 6.81988e-08 0 9.99644e-08 0 1.40884e-07 0 1.91601e-07 0 2.52229e-07 0 3.23619e-07 0 4.08799e-07 0 5.04876e-07 0 6.15326e-07 0 7.40644e-07 0 8.81056e-07 0 1.03649e-06 0 1.20654e-06 0
166.23 0.000840203 0.000362283 0.00047792 0.568815 0.695074 6.39763e-12 0 9.372e-11 0 1.20353e-09 0 5.00802e-09 0 1.33692e-08 0 2.81294e-08 0 5.11594e-08 0 8.39457e-08 0 1.28453e-07 0 1.84801e-07 0 2.56121e-07 0 3.43133e-07 0 4.45688e-07 0 5.64916e-07 0 7.05515e-07 0 8.62393e-07 0 1.04095e-06 0 1.24167e-06 0 1.46459e-06 0 1.70936e-06 0 1.9751e-06 0
174.763 0.000854097 0.000367153 0.000486943 0.570127 0.702681 1.88629e-11 0 2.42382e-10 0 2.74789e-09 0 1.06653e-08 0 2.7139e-08 0 5.50649e-08 0 9.72652e-08 0 1.55786e-07 0 2.33483e-07 0 3.29993e-07 0 4.50115e-07 0 5.94483e-07 0 7.62365e-07 0 9.5519e-07 0 1.18005e-06 0 1.42837e-06 0 1.70835e-06 0 2.02028e-06 0 2.36386e-06 0 2.73817e-06 0 3.14163e-06 0
183.733 0.000857888 0.000374632 0.000483256 0.563309 0.692131 5.25048e-11 0 5.95595e-10 0 5.99742e-09 0 2.17863e-08 0 5.29662e-08 0 1.03819e-07 0 1.7836e-07 0 2.79178e-07 0 4.1023e-07 0 5.70086e-07 0 7.6591e-07 0 9.97918e-07 0 1.26428e-06 0 1.56671e-06 0 1.91565e-06 0 2.29725e-06 0 2.72364e-06 0 3.19468e-06 0 3.70945e-06 0 4.2661e-06 0 4.86194e-06 0
193.164 0.000838658 0.000380515 0.000458143 0.546281 0.68169 1.36841e-10 0 1.37871e-09 0 1.24026e-08 0 4.23039e-08 0 9.84824e-08 0 1.86796e-07 0 3.12544e-07 0 4.78625e-07 0 6.9021e-07 0 9.43879e-07 0 1.24995e-06 0 1.60768e-06 0 2.01341e-06 0 2.46905e-06 0 2.98946e-06 0 3.55331e-06 0 4.17795e-06 0 4.86251e-06 0 5.60497e-06 0 6.40222e-06 0 7.25e-06 0
203.079 0.000801221 0.000383162 0.000418059 0.521778 0.640108 3.33568e-10 0 3.00232e-09 0 2.42616e-08 0 7.79417e-08 0 1.74113e-07 0 3.20085e-07 0 5.22271e-07 0 7.83328e-07 0 1.1096e-06 0 1.49439e-06 0 1.95203e-06 0 2.48002e-06 0 3.07197e-06 0 3.72983e-06 0 4.47402e-06 0 5.2732e-06 0 6.15135e-06 0 7.10641e-06 0 8.13487e-06 0 9.23184e-06 0 1.0391e-05 0
213.503 0.000814897 0.000388134 0.000426763 0.523701 0.573411 7.73916e-10 0 6.25712e-09 0 4.56594e-08 0 1.38559e-07 0 2.97614e-07 0 5.31101e-07 0 8.46108e-07 0 1.24417e-06 0 1.73268e-06 0 2.29987e-06 0 2.96524e-06 0 3.72352e-06 0 4.56433e-06 0 5.48952e-06 0 6.52657e-06 0 7.63093e-06 0 8.83503e-06 0 1.01351e-05 0 1.15256e-05 0 1.29992e-05 0 1.45472e-05 0
224.463 0.000828715 0.000389077 0.000439638 0.530505 0.568671 1.68568e-09 0 1.23066e-08 0 8.14989e-08 0 2.34271e-07 0 4.84759e-07 0 8.4095e-07 0 1.30962e-06 0 1.88982e-06 0 2.58963e-06 0 3.39015e-06 0 4.31706e-06 0 5.3611e-06 0 6.50668e-06 0 7.7554e-06 0 9.14294e-06 0 1.06087e-05 0 1.21952e-05 0 1.38962e-05 0 1.57038e-05 0 1.7608e-05 0 1.95969e-05 0
235.984 0.000852036 0.000398009 0.000454027 0.532873 0.577808 3.56369e-09 0 2.36108e-08 0 1.42573e-07 0 3.89238e-07 0 7.77328e-07 0 1.31271e-06 0 2.00055e-06 0 2.83563e-06 0 3.82638e-06 0 4.94376e-06 0 6.22159e-06 0 7.64496e-06 0 9.19125e-06 0 1.08617e-05 0 1.27025e-05 0 1.46324e-05 0 1.67065e-05 0 1.89158e-05 0 2.12492e-05 0 2.3693e-05 0 2.62319e-05 0
248.097 0.000907768 0.000371556 0.000536212 0.590693 0.526087 6.55535e-09 0 3.96016e-08 0 2.19035e-07 0 5.69369e-07 0 1.0993e-06 0 1.80955e-06 0 2.70159e-06 0 3.76463e-06 0 5.00619e-06 0 6.38771e-06 0 7.94905e-06 0 9.66987e-06 0 1.15217e-05 0 1.35051e-05 0 1.56737e-05 0 1.79307e-05 0 2.03403e-05 0 2.28911e-05 0 2.55692e-05 0 2.83589e-05 0 3.12421e-05 0
260.832 0.000964817 0.000338804 0.000626013 0.648842 0.521956 1.12564e-08 0 6.22842e-08 0 3.16892e-07 0 7.86208e-07 0 1.46998e-06 0 2.36154e-06 0 3.45738e-06 0 4.74041e-06 0 6.21667e-06 0 7.83843e-06 0 9.6508e-06 0 1.16283e-05 0 1.37371e-05 0 1.59776e-05 0 1.84089e-05 0 2.0922e-05 0 2.3588e-05 0 2.63934e-05 0 2.93226e-05 0 3.23578e-05 0 3.54796e-05 0
274.221 0.00104217 0.000363607 0.000678568 0.651107 0.593138 2.17889e-08 0 1.10902e-07 0 5.21167e-07 0 1.2369e-06 0 2.24306e-06 0 3.52107e-06 0 5.05992e-06 0 6.83159e-06 0 8.8413e-06 0 1.10223e-05 0 1.34338e-05 0 1.60398e-05 0 1.87952e-05 0 2.17001e-05 0 2.483e-05 0 2.80441e-05 0 3.14331e-05 0 3.49793e-05 0 3.86623e-05 0 4.24599e-05 0 4.63476e-05 0
288.297 0.00104153 0.000377034 0.000664495 0.638 0.617846 3.91128e-08 0 1.83873e-07 0 8.01209e-07 0 1.82297e-06 0 3.21117e-06 0 4.93103e-06 0 6.96179e-06 0 9.26264e-06 0 1.18376e-05 0 1.45998e-05 0 1.7623e-05 0 2.08604e-05 0 2.42556e-05 0 2.78088e-05 0 3.16113e-05 0 3.54918e-05 0 3.95602e-05 0 4.37944e-05 0 4.817e-05 0 5.26603e-05 0 5.72371e-05 0
303.095 0.000947863 0.000325929 0.000621934 0.656143 0.526516 5.62932e-08 0 2.45379e-07 0 9.95073e-07 0 2.17499e-06 0 3.72683e-06 0 5.6043e-06 0 7.78025e-06 0 1.02083e-05 0 1.2891e-05 0 1.57371e-05 0 1.88222e-05 0 2.20974e-05 0 2.55057e-05 0 2.90476e-05 0 3.28139e-05 0 3.66347e-05 0 4.06187e-05 0 4.47439e-05 0 4.89865e-05 0 5.33209e-05 0 5.77203e-05 0
318.653 0.000930737 0.000335032 0.000595705 0.640036 0.481059 9.28315e-08 0 3.76582e-07 0 1.42624e-06 0 3.00067e-06 0 5.00822e-06 0 7.38275e-06 0 1.00865e-05 0 1.30601e-05 0 1.63054e-05 0 1.97127e-05 0 2.33722e-05 0 2.72254e-05 0 3.12057e-05 0 3.53147e-05 0 3.96573e-05 0 4.40379e-05 0 4.85821e-05 0 5.32647e-05 0 5.80586e-05 0 6.29354e-05 0 6.78659e-05 0
335.009 0.000814443 0.000298751 0.000515692 0.633183 0.479453 1.28194e-07 0 4.85668e-07 0 1.72361e-06 0 3.49701e-06 0 5.69253e-06 0 8.2341e-06 0 1.10796e-05 0 1.41664e-05 0 1.74963e-05 0 2.09577e-05 0 2.4643e-05 0 2.8493e-05 0 3.24422e-05 0 3.64935e-05 0 4.07504e-05 0 4.50216e-05 0 4.94306e-05 0 5.39529e-05 0 5.85628e-05 0 6.32336e-05 0 6.79379e-05 0
352.205 0.000670649 0.000328891 0.000341758 0.509593 0.473585 2.11337e-07 0 7.50251e-07 0 2.50296e-06 0 4.90586e-06 0 7.79826e-06 0 1.10787e-05 0 1.46931e-05 0 1.85628e-05 0 2.26914e-05 0 2.69426e-05 0 3.14314e-05 0 3.60861e-05 0 4.0829e-05 0 4.56656e-05 0 5.07195e-05 0 5.57648e-05 0 6.09485e-05 0 6.62423e-05 0 7.16166e-05 0 7.70411e-05 0 8.2485e-05 0
370.284 0.000662038 0.000383384 0.000278655 0.420904 0.237138 3.5732e-07 0 1.19241e-06 0 3.75087e-06 0 7.11431e-06 0 1.1056e-05 0 1.54402e-05 0 2.01977e-05 0 2.52282e-05 0 3.05392e-05 0 3.59589e-05 0 4.16365e-05 0 4.74826e-05 0 5.3402e-05 0 5.9404e-05 0 6.56429e-05 0 7.18414e-05 0 7.81817e-05 0 8.46299e-05 0 9.11508e-05 0 9.77087e-05 0 0.000104268 0
389.291 0.00089217 0.000477632 0.000414538 0.46464 0.147011 6.2636e-07 0 1.9708e-06 0 5.8622e-06 0 1.07771e-05 0 1.6392e-05 0 2.25226e-05 0 2.90794e-05 0 3.59311e-05 0 4.3093e-05 0 5.03392e-05 0 5.78738e-05 0 6.558e-05 0 7.33363e-05 0 8.11585e-05 0 8.92493e-05 0 9.72509e-05 0 0.000105401 0 0.000113658 0 0.000121977 0 0.000130315 0 0.000138627 0
409.273 0.000862777 0.000358591 0.000504186 0.584376 0.228921 6.42824e-07 0 1.91255e-06 0 5.39424e-06 0 9.62667e-06 0 1.43461e-05 0 1.9409e-05 0 2.47498e-05 0 3.02684e-05 0 3.59826e-05 0 4.17173e-05 0 4.76381e-05 0 5.36554e-05 0 5.96775e-05 0 6.57199e-05 0 7.19403e-05 0 7.80657e-05 0 8.42803e-05 0 9.05525e-05 0 9.68502e-05 0 0.000103141 0 0.000109394 0
430.281 0.000571132 0.000231382 0.00033975 0.594871 0.208643 5.51631e-07 0 1.55618e-06 0 4.17266e-06 0 7.23939e-06 0 1.0581e-05 0 1.41063e-05 0 1.77767e-05 0 2.15292e-05 0 2.53799e-05 0 2.92148e-05 0 3.31477e-05 0 3.71206e-05 0 4.10754e-05 0 4.50243e-05 0 4.90716e-05 0 5.30408e-05 0 5.70526e-05 0 6.10874e-05 0 6.51253e-05 0 6.91467e-05 0 7.31322e-05 0
452.368 0.000546256 0.000260928 0.000285328 0.522334 0.311999 8.05972e-07 0 2.16149e-06 0 5.52362e-06 0 9.32959e-06 0 1.33867e-05 0 1.75993e-05 0 2.19313e-05 0 2.63155e-05 0 3.07764e-05 0 3.51868e-05 0 3.96811e-05 0 4.41954e-05 0 4.86662e-05 0 5.311e-05 0 5.76454e-05 0 6.20761e-05 0 6.65386e-05 0 7.10117e-05 0 7.54743e-05 0 7.99059e-05 0 8.4286e-05 0
475.588 0.000885581 0.000442025 0.000443556 0.500864 0.427769 1.72556e-06 0 4.41027e-06 0 1.07668e-05 0 1.77278e-05 0 2.49949e-05 0 3.24276e-05 0 3.99817e-05 0 4.75539e-05 0 5.51966e-05 0 6.27009e-05 0 7.0302e-05 0 7.7896e-05 0 8.53808e-05 0 9.27882e-05 0 0.000100318 0 0.000107648 0 0.000115005 0 0.000122357 0 0.00012967 0 0.000136912 0 0.000144052 0
500 0.00141514 0.000601964 0.000813178 0.574626 0.26549 2.90052e-06 0 7.08176e-06 0 1.65537e-05 0 2.66039e-05 0 3.68905e-05 0 4.72621e-05 0 5.76861e-05 0 6.80408e-05 0 7.84126e-05 0 8.85304e-05 0 9.87205e-05 0 0.000108849 0 0.000118787 0 0.000128583 0 0.000138503 0 0.000148126 0 0.000157754 0 0.000167348 0 0.000176864 0 0.000186264 0 0.000195509 0
525.665 0.00143255 0.000313595 0.00111895 0.781093 0.172239 1.82363e-06 0 4.26297e-06 0 9.56176e-06 0 1.50177e-05 0 2.04979e-05 0 2.59491e-05 0 3.13704e-05 0 3.67097e-05 0 4.20193e-05 0 4.71672e-05 0 5.2324e-05 0 5.74254e-05 0 6.24092e-05 0 6.73027e-05 0 7.22411e-05 0 7.70158e-05 0 8.17794e-05 0 8.65123e-05 0 9.11952e-05 0 9.58095e-05 0 0.000100338 0
552.648 0.00154133 0.000210226 0.0013311 0.863607 0.0962521 1.44423e-06 0 3.23937e-06 0 6.98645e-06 0 1.0736e-05 0 1.44358e-05 0 1.8069e-05 0 2.16465e-05 0 2.51414e-05 0 2.85934e-05 0 3.19209e-05 0 3.52373e-05 0 3.85033e-05 0 4.16812e-05 0 4.47902e-05 0 4.79173e-05 0 5.09316e-05 0 5.39305e-05 0 5.69023e-05 0 5.98356e-05 0 6.27194e-05 0 6.55432e-05 0
581.015 0.00151717 0.000164484 0.00135269 0.891585 0.0269143 1.30809e-06 0 2.82098e-06 0 5.86174e-06 0 8.82302e-06 0 1.16961e-05 0 1.44836e-05 0 1.72026e-05 0 1.98386e-05 0 2.24256e-05 0 2.49057e-05 0 2.73658e-05 0 2.97782e-05 0 3.21167e-05 0 3.43967e-05 0 3.66829e-05 0 3.88803e-05 0 4.10608e-05 0 4.32163e-05 0 4.5339e-05 0 4.74214e-05 0 4.94565e-05 0
610.839 0.00146437 0.000156823 0.00130755 0.892907 -0.0265526 1.41614e-06 0 2.94214e-06 0 5.90122e-06 0 8.70969e-06 0 1.13915e-05 0 1.39637e-05 0 1.64505e-05 0 1.88441e-05 0 2.11792e-05 0 2.34063e-05 0 2.56056e-05 0 2.77536e-05 0 2.98284e-05 0 3.1845e-05 0 3.38611e-05 0 3.57937e-05 0 3.77067e-05 0 3.95935e-05 0 4.14476e-05 0 4.32629e-05 0 4.50337e-05 0
642.193 0.00151239 0.000196124 0.00131626 0.870322 -0.0436783 1.97443e-06 0 3.95924e-06 0 7.67944e-06 0 1.11252e-05 0 1.43662e-05 0 1.74415e-05 0 2.039e-05 0 2.3209e-05 0 2.59433e-05 0 2.85387e-05 0 3.1091e-05 0 3.35745e-05 0 3.59653e-05 0 3.82821e-05 0 4.0592e-05 0 4.28008e-05 0 4.49821e-05 0 4.71289e-05 0 4.92344e-05 0 5.12919e-05 0 5.32956e-05 0
675.157 0.00182784 0.000323915 0.00150392 0.822788 0.0264306 3.57268e-06 0 6.92719e-06 0 1.30157e-05 0 1.85263e-05 0 2.36365e-05 0 2.84363e-05 0 3.30022e-05 0 3.73398e-05 0 4.1525e-05 0 4.54795e-05 0 4.93531e-05 0 5.31092e-05 0 5.67139e-05 0 6.01972e-05 0 6.36614e-05 0 6.69661e-05 0 7.02228e-05 0 7.34216e-05 0 7.65529e-05 0 7.96077e-05 0 8.25776e-05 0
709.813 0.00226323 0.000522679 0.00174055 0.769056 0.230902 6.21255e-06 0 1.16674e-05 0 2.12717e-05 0 2.97766e-05 0 3.75587e-05 0 4.47987e-05 0 5.16353e-05 0 5.80916e-05 0 6.42902e-05 0 7.01223e-05 0 7.58142e-05 0 8.13154e-05 0 8.65795e-05 0 9.16532e-05 0 9.66869e-05 0 0.000101479 0 0.000106191 0 0.000110811 0 0.000115326 0 0.000119724 0 0.000123993 0
746.248 0.00151381 0.000376292 0.00113752 0.751427 0.445366 4.74476e-06 0 8.64522e-06 0 1.53184e-05 0 2.11073e-05 0 2.63379e-05 0 3.11609e-05 0 3.56837e-05 0 3.99313e-05 0 4.39903e-05 0 4.77944e-05 0 5.14943e-05 0 5.50593e-05 0 5.84615e-05 0 6.17326e-05 0 6.49708e-05 0 6.8047e-05 0 7.1067e-05 0 7.40225e-05 0 7.6906e-05 0 7.97104e-05 0 8.2429e-05 0
784.553 0.000778109 0.000177843 0.000600266 0.771442 0.507001 2.34378e-06 0 4.14976e-06 0 7.15706e-06 0 9.71567e-06 0 1.20005e-05 0 1.40895e-05 0 1.6036e-05 0 1.78545e-05 0 1.95848e-05 0 2.12005e-05 0 2.27669e-05 0 2.42719e-05 0 2.57045e-05 0 2.70789e-05 0 2.84366e-05 0 2.9724e-05 0 3.09857e-05 0 3.22184e-05 0 3.34194e-05 0 3.45858e-05 0 3.5715e-05 0
824.824 0.000464131 9.2849e-05 0.000371282 0.799951 0.467969 1.26101e-06 0 2.17284e-06 0 3.65301e-06 0 4.88956e-06 0 5.98162e-06 0 6.97233e-06 0 7.88988e-06 0 8.74296e-06 0 9.55138e-06 0 1.03036e-05 0 1.10308e-05 0 1.17277e-05 0 1.23894e-05 0 1.3023e-05 0 1.36477e-05 0 1.42389e-05 0 1.48175e-05 0 1.53819e-05 0 1.5931e-05 0 1.64636e-05 0 1.69787e-05 0
867.163 0.000314174 5.58e-05 0.000258374 0.822391 0.405105 7.70602e-07 0 1.29412e-06 0 2.12382e-06 0 2.80517e-06 0 3.40072e-06 0 3.93706e-06 0 4.43101e-06 0 4.88818e-06 0 5.31979e-06 0 5.72015e-06 0 6.10609e-06 0 6.47502e-06 0 6.82463e-06 0 7.15868e-06 0 7.48747e-06 0 7.79817e-06 0 8.10173e-06 0 8.3975e-06 0 8.68487e-06 0 8.96326e-06 0 9.23217e-06 0
911.674 0.000228231 3.71913e-05 0.000191039 0.837045 0.346583 5.15696e-07 0 8.45235e-07 0 1.35589e-06 0 1.76856e-06 0 2.12579e-06 0 2.44532e-06 0 2.73806e-06 0 3.00787e-06 0 3.2617e-06 0 3.49647e-06 0 3.7222e-06 0 3.93749e-06 0 4.1411e-06 0 4.3353e-06 0 4.52613e-06 0 4.70619e-06 0 4.88187e-06 0 5.05283e-06 0 5.21873e-06 0 5.37928e-06 0 5.5342e-06 0
958.471 0.000172042 2.65747e-05 0.000145467 0.845534 0.29752 3.65573e-07 0 5.85566e-07 0 9.19353e-07 0 1.18507e-06 0 1.41303e-06 0 1.61564e-06 0 1.80037e-06 0 1.96996e-06 0 2.129e-06 0 2.27569e-06 0 2.4164e-06 0 2.55032e-06 0 2.67675e-06 0 2.79712e-06 0 2.91523e-06 0 3.02652e-06 0 3.13497e-06 0 3.24038e-06 0 3.34256e-06 0 3.44135e-06 0 3.53658e-06 0
1007.67 0.000132519 1.99004e-05 0.000112619 0.84983 0.25712 2.68536e-07 0 4.20899e-07 0 6.47558e-07 0 8.25481e-07 0 9.76847e-07 0 1.11059e-06 0 1.23198e-06 0 1.34303e-06 0 1.44685e-06 0 1.54237e-06 0 1.63379e-06 0 1.72064e-06 0 1.80249e-06 0 1.8803e-06 0 1.95654e-06 0 2.02828e-06 0 2.09812e-06 0 2.16592e-06 0 2.23158e-06 0 2.295e-06 0 2.35608e-06 0
1059.39 0.000103658 1.55089e-05 8.81486e-05 0.850383 0.22377 2.031e-07 0 3.11881e-07 0 4.7075e-07 0 5.9384e-07 0 6.97746e-07 0 7.89054e-07 0 8.71584e-07 0 9.46829e-07 0 1.01699e-06 0 1.08138e-06 0 1.14289e-06 0 1.20122e-06 0 1.2561e-06 0 1.3082e-06 0 1.35919e-06 0 1.40711e-06 0 1.45371e-06 0 1.4989e-06 0 1.54263e-06 0 1.58483e-06 0 1.62545e-06 0
1113.77 8.19221e-05 1.23965e-05 6.95256e-05 0.848679 0.196006 1.55965e-07 0 2.34918e-07 0 3.48261e-07 0 4.35016e-07 0 5.07722e-07 0 5.71292e-07 0 6.28529e-07 0 6.80554e-07 0 7.28938e-07 0 7.73252e-07 0 8.15503e-07 0 8.55502e-07 0 8.93081e-07 0 9.28712e-07 0 9.63538e-07 0 9.96239e-07 0 1.028e-06 0 1.05878e-06 0 1.08854e-06 0 1.11723e-06 0 1.14482e-06 0
1170.94 6.52006e-05 1.00908e-05 5.51098e-05 0.845235 0.172574 1.20812e-07 0 1.78687e-07 0 2.60453e-07 0 3.22334e-07 0 3.7385e-07 0 4.18681e-07 0 4.58904e-07 0 4.9536e-07 0 5.29185e-07 0 5.60104e-07 0 5.89533e-07 0 6.17352e-07 0 6.43452e-07 0 6.6817e-07 0 6.92304e-07 0 7.14942e-07 0 7.36911e-07 0 7.58183e-07 0 7.78731e-07 0 7.9853e-07 0 8.17559e-07 0
1231.05 5.22147e-05 8.35264e-06 4.3862e-05 0.840033 0.152646 9.43123e-08 0 1.37121e-07 0 1.9671e-07 0 2.41337e-07 0 2.7826e-07 0 3.10254e-07 0 3.38865e-07 0 3.6473e-07 0 3.88676e-07 0 4.10524e-07 0 4.31288e-07 0 4.50887e-07 0 4.69254e-07 0 4.86629e-07 0 5.03576e-07 0 5.19459e-07 0 5.3486e-07 0 5.4976e-07 0 5.64143e-07 0 5.77993e-07 0 5.91296e-07 0
1294.24 4.20971e-05 7.04628e-06 3.50508e-05 0.832618 0.135523 7.44021e-08 0 1.06442e-07 0 1.50431e-07 0 1.83056e-07 0 2.09896e-07 0 2.33061e-07 0 2.53714e-07 0 2.7234e-07 0 2.8955e-07 0 3.05226e-07 0 3.20102e-07 0 3.34127e-07 0 3.47254e-07 0 3.59661e-07 0 3.71751e-07 0 3.83072e-07 0 3.94041e-07 0 4.04647e-07 0 4.14877e-07 0 4.24723e-07 0 4.34174e-07 0
1360.67 3.40857e-05 6.0025e-06 2.80832e-05 0.8239 0.120661 5.88001e-08 0 8.28547e-08 0 1.1546e-07 0 1.39428e-07 0 1.59042e-07 0 1.75908e-07 0 1.90904e-07 0 2.04398e-07 0 2.16844e-07 0 2.28163e-07 0 2.38891e-07 0 2.48992e-07 0 2.58438e-07 0 2.67356e-07 0 2.7604e-07 0 2.84166e-07 0 2.92033e-07 0 2.99635e-07 0 3.06964e-07 0 3.14013e-07 0 3.20776e-07 0
1430.51 2.7697e-05 5.14879e-06 2.25482e-05 0.814103 0.107683 4.64424e-08 0 6.45147e-08 0 8.87237e-08 0 1.06373e-07 0 1.20746e-07 0 1.33064e-07 0 1.43989e-07 0 1.538e-07 0 1.62833e-07 0 1.71037e-07 0 1.78803e-07 0 1.86108e-07 0 1.92932e-07 0 1.9937e-07 0 2.05634e-07 0 2.11491e-07 0 2.17158e-07 0 2.22631e-07 0 2.27904e-07 0 2.32974e-07 0 2.37836e-07 0
1503.94 2.25838e-05 4.44342e-06 1.81404e-05 0.803248 0.0962935 3.66462e-08 0 5.02287e-08 0 6.82262e-08 0 8.1247e-08 0 9.18042e-08 0 1.00824e-07 0 1.08805e-07 0 1.15959e-07 0 1.22536e-07 0 1.28501e-07 0 1.34142e-07 0 1.39443e-07 0 1.4439e-07 0 1.49054e-07 0 1.53589e-07 0 1.57826e-07 0 1.61924e-07 0 1.65879e-07 0 1.69688e-07 0 1.73348e-07 0 1.76857e-07 0
1581.14 1.8524e-05 3.8945e-06 1.46295e-05 0.789759 0.0862633 2.91735e-08 0 3.94862e-08 0 5.30143e-08 0 6.27333e-08 0 7.05813e-08 0 7.72677e-08 0 8.31712e-08 0 8.84538e-08 0 9.33037e-08 0 9.76976e-08 0 1.01848e-07 0 1.05745e-07 0 1.09379e-07 0 1.12803e-07 0 1.16129e-07 0 1.19236e-07 0 1.22239e-07 0 1.25136e-07 0 1.27924e-07 0 1.30603e-07 0 1.33169e-07 0
1662.3 1.52403e-05 3.4271e-06 1.18132e-05 0.775129 0.0773797 2.31732e-08 0 3.09964e-08 0 4.11643e-08 0 4.84222e-08 0 5.4261e-08 0 5.92229e-08 0 6.35951e-08 0 6.75015e-08 0 7.10833e-08 0 7.43248e-08 0 7.73839e-08 0 8.02537e-08 0 8.29283e-08 0 8.54462e-08 0 8.78914e-08 0 9.01737e-08 0 9.23787e-08 0 9.45049e-08 0 9.65507e-08 0 9.8515e-08 0 1.00397e-07 0
1747.63 1.25744e-05 3.02467e-06 9.54974e-06 0.759458 0.0694879 1.83536e-08 0 2.42791e-08 0 3.19152e-08 0 3.73337e-08 0 4.16779e-08 0 4.53609e-08 0 4.86004e-08 0 5.14907e-08 0 5.41377e-08 0 5.6531e-08 0 5.87876e-08 0 6.0903e-08 0 6.28732e-08 0 6.4727e-08 0 6.65262e-08 0 6.82048e-08 0 6.98258e-08 0 7.13882e-08 0 7.28911e-08 0 7.43335e-08 0 7.57147e-08 0
1837.33 1.04077e-05 2.6757e-06 7.73203e-06 0.742912 0.0624706 1.44905e-08 0 1.89704e-08 0 2.46986e-08 0 2.87414e-08 0 3.19725e-08 0 3.47058e-08 0 3.71061e-08 0 3.92449e-08 0 4.12016e-08 0 4.29691e-08 0 4.46344e-08 0 4.61944e-08 0 4.76466e-08 0 4.90122e-08 0 5.03369e-08 0 5.15723e-08 0 5.27648e-08 0 5.39138e-08 0 5.50187e-08 0 5.60787e-08 0 5.70935e-08 0
1931.64 8.63929e-06 2.3704e-06 6.26889e-06 0.725625 0.0562151 1.13982e-08 0 1.47772e-08 0 1.90668e-08 0 2.20794e-08 0 2.44801e-08 0 2.6507e-08 0 2.82844e-08 0 2.98661e-08 0 3.13119e-08 0 3.26168e-08 0 3.38453e-08 0 3.49956e-08 0 3.60656e-08 0 3.70714e-08 0 3.80467e-08 0 3.89559e-08 0 3.98332e-08 0 4.06782e-08 0 4.14904e-08 0 4.22695e-08 0 4.30152e-08 0
2030.79 7.19511e-06 2.10912e-06 5.08599e-06 0.706868 0.0506159 8.96162e-09 0 1.15124e-08 0 1.47296e-08 0 1.69786e-08 0 1.87663e-08 0 2.02728e-08 0 2.15921e-08 0 2.2765e-08 0 2.3836e-08 0 2.48019e-08 0 2.57108e-08 0 2.65613e-08 0 2.73521e-08 0 2.80951e-08 0 2.88152e-08 0 2.94863e-08 0 3.01336e-08 0 3.07569e-08 0 3.13559e-08 0 3.19303e-08 0 3.24799e-08 0
2135.03 6.02356e-06 1.89502e-06 4.12854e-06 0.685398 0.0455934 7.08279e-09 0 9.02108e-09 0 1.1451e-08 0 1.31427e-08 0 1.44842e-08 0 1.56128e-08 0 1.65999e-08 0 1.74766e-08 0 1.82766e-08 0 1.89976e-08 0 1.96756e-08 0 2.03097e-08 0 2.0899e-08 0 2.14525e-08 0 2.19887e-08 0 2.24883e-08 0 2.29701e-08 0 2.34338e-08 0 2.38794e-08 0 2.43065e-08 0 2.47151e-08 0
2244.63 5.06039e-06 1.7042e-06 3.35619e-06 0.663228 0.0411 5.5792e-09 0 7.04906e-09 0 8.88167e-09 0 1.01527e-08 0 1.11583e-08 0 1.20032e-08 0 1.27413e-08 0 1.33962e-08 0 1.39934e-08 0 1.45313e-08 0 1.50368e-08 0 1.55094e-08 0 1.59485e-08 0 1.63607e-08 0 1.67599e-08 0 1.71317e-08 0 1.74902e-08 0 1.78352e-08 0 1.81665e-08 0 1.84841e-08 0 1.87879e-08 0
2359.84 4.26262e-06 1.53273e-06 2.7299e-06 0.640426 0.0370654 4.37772e-09 0 5.48948e-09 0 6.86866e-09 0 7.82188e-09 0 8.5746e-09 0 9.20612e-09 0 9.75725e-09 0 1.02459e-08 0 1.06911e-08 0 1.1092e-08 0 1.14685e-08 0 1.18204e-08 0 1.21471e-08 0 1.24538e-08 0 1.27508e-08 0 1.30272e-08 0 1.32937e-08 0 1.35501e-08 0 1.37963e-08 0 1.40322e-08 0 1.42579e-08 0
2480.97 3.59974e-06 1.37845e-06 2.22128e-06 0.617068 0.0334379 3.42204e-09 0 4.26084e-09 0 5.29665e-09 0 6.01029e-09 0 6.57281e-09 0 7.04416e-09 0 7.45514e-09 0 7.81925e-09 0 8.15082e-09 0 8.44916e-09 0 8.72931e-09 0 8.99098e-09 0 9.23391e-09 0 9.46183e-09 0 9.68248e-09 0 9.88785e-09 0 1.00858e-08 0 1.02761e-08 0 1.04589e-08 0 1.0634e-08 0 1.08015e-08 0
2608.32 3.05891e-06 1.25042e-06 1.80849e-06 0.591221 0.0301786 2.68868e-09 0 3.32558e-09 0 4.10879e-09 0 4.64685e-09 0 5.07027e-09 0 5.42466e-09 0 5.7334e-09 0 6.00675e-09 0 6.25554e-09 0 6.47928e-09 0 6.6893e-09 0 6.8854e-09 0 7.0674e-09 0 7.23811e-09 0 7.40333e-09 0 7.55707e-09 0 7.7052e-09 0 7.84766e-09 0 7.98442e-09 0 8.11543e-09 0 8.24067e-09 0
2742.21 2.60849e-06 1.13449e-06 1.47399e-06 0.565076 0.0272502 2.10596e-09 0 2.58867e-09 0 3.17999e-09 0 3.58517e-09 0 3.90355e-09 0 4.16975e-09 0 4.40147e-09 0 4.60651e-09 0 4.79303e-09 0 4.96071e-09 0 5.11805e-09 0 5.26491e-09 0 5.40117e-09 0 5.52895e-09 0 5.65259e-09 0 5.76762e-09 0 5.87843e-09 0 5.98498e-09 0 6.08725e-09 0 6.1852e-09 0 6.27883e-09 0
2882.97 2.23006e-06 1.02846e-06 1.2016e-06 0.53882 0.0246109 1.6431e-09 0 2.00795e-09 0 2.45335e-09 0 2.75782e-09 0 2.99673e-09 0 3.19631e-09 0 3.36991e-09 0 3.52345e-09 0 3.66304e-09 0 3.78849e-09 0 3.90617e-09 0 4.01597e-09 0 4.11783e-09 0 4.21332e-09 0 4.30571e-09 0 4.39164e-09 0 4.4744e-09 0 4.55398e-09 0 4.63034e-09 0 4.70348e-09 0 4.77337e-09 0
3030.95 1.91301e-06 9.33334e-07 9.79673e-07 0.512111 0.0222301 1.27964e-09 0 1.55524e-09 0 1.89063e-09 0 2.11939e-09 0 2.29868e-09 0 2.44832e-09 0 2.57841e-09 0 2.6934e-09 0 2.79791e-09 0 2.89179e-09 0 2.97983e-09 0 3.06196e-09 0 3.13813e-09 0 3.20952e-09 0 3.27858e-09 0 3.34281e-09 0 3.40465e-09 0 3.46411e-09 0 3.52115e-09 0 3.57578e-09 0 3.62799e-09 0
3186.53 1.6533e-06 8.54107e-07 7.99193e-07 0.483392 0.0200825 1.00221e-09 0 1.21181e-09 0 1.46616e-09 0 1.6393e-09 0 1.77484e-09 0 1.88789e-09 0 1.9861e-09 0 2.07287e-09 0 2.15171e-09 0 2.22251e-09 0 2.28889e-09 0 2.35079e-09 0 2.40819e-09 0 2.46199e-09 0 2.51401e-09 0 2.56238e-09 0 2.60896e-09 0 2.65373e-09 0 2.69668e-09 0 2.73781e-09 0 2.77711e-09 0
3350.09 1.43335e-06 7.81041e-07 6.52312e-07 0.455095 0.018147 7.8237e-10 0 9.41441e-10 0 1.13396e-09 0 1.26478e-09 0 1.36709e-09 0 1.45236e-09 0 1.5264e-09 0 1.59179e-09 0 1.65118e-09 0 1.7045e-09 0 1.75448e-09 0 1.80108e-09 0 1.84428e-09 0 1.88476e-09 0 1.92389e-09 0 1.96029e-09 0 1.99532e-09 0 2.02899e-09 0 2.06129e-09 0 2.09222e-09 0 2.12176e-09 0
3522.05 1.24585e-06 7.13398e-07 5.32449e-07 0.427379 0.0163995 6.08592e-10 0 7.29019e-10 0 8.74423e-10 0 9.73069e-10 0 1.05014e-09 0 1.11434e-09 0 1.17005e-09 0 1.21924e-09 0 1.2639e-09 0 1.30399e-09 0 1.34155e-09 0 1.37657e-09 0 1.40903e-09 0 1.43944e-09 0 1.46884e-09 0 1.49617e-09 0 1.52248e-09 0 1.54776e-09 0 1.57201e-09 0 1.59523e-09 0 1.61741e-09 0
3702.84 1.08522e-06 6.50611e-07 4.34613e-07 0.400482 0.0148213 4.71626e-10 0 5.62551e-10 0 6.72097e-10 0 7.46306e-10 0 8.04238e-10 0 8.52461e-10 0 8.943e-10 0 9.31222e-10 0 9.64737e-10 0 9.94811e-10 0 1.02299e-09 0 1.04925e-09 0 1.07359e-09 0 1.09639e-09 0 1.11843e-09 0 1.13892e-09 0 1.15863e-09 0 1.17758e-09 0 1.19575e-09 0 1.21315e-09 0 1.22977e-09 0
3892.91 9.47389e-07 5.92321e-07 3.55068e-07 0.374786 0.0133993 3.64085e-10 0 4.32544e-10 0 5.14861e-10 0 5.7055e-10 0 6.13991e-10 0 6.50133e-10 0 6.81477e-10 0 7.0913e-10 0 7.34224e-10 0 7.56738e-10 0 7.77827e-10 0 7.97481e-10 0 8.15692e-10 0 8.32749e-10 0 8.49236e-10 0 8.6456e-10 0 8.79308e-10 0 8.93478e-10 0 9.07068e-10 0 9.20076e-10 0 9.325e-10 0
4092.73 8.31355e-07 5.4126e-07 2.90094e-07 0.348942 0.0121143 2.81554e-10 0 3.3324e-10 0 3.95278e-10 0 4.37196e-10 0 4.69873e-10 0 4.97047e-10 0 5.20604e-10 0 5.41382e-10 0 5.60233e-10 0 5.77142e-10 0 5.92978e-10 0 6.07735e-10 0 6.21407e-10 0 6.34211e-10 0 6.46585e-10 0 6.58086e-10 0 6.69154e-10 0 6.79786e-10 0 6.89983e-10 0 6.99742e-10 0 7.09064e-10 0
4302.81 7.34278e-07 4.97289e-07 2.36989e-07 0.322751 0.0109522 2.18509e-10 0 2.57709e-10 0 3.04685e-10 0 3.36391e-10 0 3.61091e-10 0 3.81622e-10 0 3.99416e-10 0 4.15106e-10 0 4.29338e-10 0 4.42102e-10 0 4.54054e-10 0 4.6519e-10 0 4.75507e-10 0 4.85167e-10 0 4.94502e-10 0 5.03178e-10 0 5.11526e-10 0 5.19545e-10 0 5.27235e-10 0 5.34595e-10 0 5.41625e-10 0
4523.68 6.49816e-07 4.56183e-07 1.93632e-07 0.29798 0.00990239 1.69023e-10 0 1.98684e-10 0 2.34176e-10 0 2.58107e-10 0 2.7674e-10 0 2.92222e-10 0 3.05636e-10 0 3.17462e-10 0 3.28186e-10 0 3.37802e-10 0 3.46806e-10 0 3.55194e-10 0 3.62964e-10 0 3.70239e-10 0 3.77268e-10 0 3.83801e-10 0 3.90086e-10 0 3.96123e-10 0 4.01912e-10 0 4.07453e-10 0 4.12744e-10 0
4755.88 5.76055e-07 4.17739e-07 1.58316e-07 0.274828 0.0089554 1.303e-10 0 1.52687e-10 0 1.79441e-10 0 1.97464e-10 0 2.11489e-10 0 2.23138e-10 0 2.33229e-10 0 2.42122e-10 0 2.50187e-10 0 2.57417e-10 0 2.64185e-10 0 2.7049e-10 0 2.7633e-10 0 2.81798e-10 0 2.8708e-10 0 2.91989e-10 0 2.96712e-10 0 3.01248e-10 0 3.05597e-10 0 3.0976e-10 0 3.13735e-10 0
5000 5.11354e-07 3.8193e-07 1.29425e-07 0.253102 0.00809893 1.00134e-10 0 1.16995e-10 0 1.37118e-10 0 1.50663e-10 0 1.61199e-10 0 1.69948e-10 0 1.77524e-10 0 1.842e-10 0 1.90253e-10 0 1.95678e-10 0 2.00757e-10 0 2.05488e-10 0 2.09869e-10 0 2.13971e-10 0 2.17933e-10 0 2.21615e-10 0 2.25157e-10 0 2.28559e-10 0 2.31821e-10 0 2.34942e-10 0 2.37923e-10 0
