# 2.86268e-05 1 64 : grain size, compostion index, size index
# Heating and cooling timescale: 0.00331208 1.12969e+06
# Ratio of heating to cooling to determine stochastic cutoff: 100
# Equilibrium emission is recorded even for those grains in the stochastic regime.
# Emission spectrum was computed for: 
# Type: IRSF
# Scales: 0.25 0.5 1 1.5 2 2.5 3 3.5 4 4.5 5 5.5 6 6.5 7 7.5 8 8.5 9 9.5 10
# StochasticallyHeated: 0 0 0 0 0 0 0 0 0 0 0 0 0 0 0 0 0 0 0 0 0
# Temperature: -1
# Wavelength  CExt  CAbs  CSca  Albedo G EqEm1 StEm1 EqEm2 StEm2 EqEm3 StEm3 EqEm4 StEm4 EqEm5 StEm5 EqEm6 StEm6 EqEm7 StEm7 EqEm8 StEm8 EqEm9 StEm9 EqEm10 StEm10 EqEm11 StEm11 EqEm12 StEm12 EqEm13 StEm13 EqEm14 StEm14 EqEm15 StEm15 EqEm16 StEm16 EqEm17 StEm17 EqEm18 StEm18 EqEm19 StEm19 EqEm20 StEm20 EqEm21 StEm21
0.05 5.4376e-09 1.91537e-09 3.52223e-09 0.647755 0.85758 0 0 0 0 0 0 0 0 0 0 0 0 0 0 0 0 0 0 0 0 0 0 0 0 0 0 0 0 0 0 0 0 0 0 0 0 0 0 0 0 0 0
0.0525665 5.46898e-09 1.9057e-09 3.56327e-09 0.651543 0.845701 0 0 0 0 0 0 0 0 0 0 0 0 0 0 0 0 0 0 0 0 0 0 0 0 0 0 0 0 0 0 0 0 0 0 0 0 0 0 0 0 0 0
0.0552647 5.50198e-09 1.90521e-09 3.59677e-09 0.653723 0.835828 0 0 0 0 0 0 0 0 0 0 0 0 0 0 0 0 0 0 0 0 0 0 0 0 0 0 0 0 0 0 0 0 0 0 0 0 0 0 0 0 0 0
0.0581015 5.53217e-09 1.91632e-09 3.61586e-09 0.653605 0.829705 0 0 0 0 0 0 0 0 0 0 0 0 0 0 0 0 0 0 0 0 0 0 0 0 0 0 0 0 0 0 0 0 0 0 0 0 0 0 0 0 0 0
0.0610839 5.56237e-09 1.90738e-09 3.65499e-09 0.657092 0.821418 0 0 0 0 0 0 0 0 0 0 0 0 0 0 0 0 0 0 0 0 0 0 0 0 0 0 0 0 0 0 0 0 0 0 0 0 0 0 0 0 0 0
0.0642193 5.60721e-09 1.86318e-09 3.74403e-09 0.667718 0.804474 0 0 0 0 0 0 0 0 0 0 0 0 0 0 0 0 0 0 0 0 0 0 0 0 0 0 0 0 0 0 0 0 0 0 0 0 0 0 0 0 0 0
0.0675157 5.67159e-09 1.83425e-09 3.83735e-09 0.676591 0.786181 0 0 0 0 0 0 0 0 0 0 0 0 0 0 0 0 0 0 0 0 0 0 0 0 0 0 0 0 0 0 0 0 0 0 0 0 0 0 0 0 0 0
0.0709813 5.74164e-09 1.8763e-09 3.86534e-09 0.673212 0.779783 0 0 0 0 0 0 0 0 0 0 0 0 0 0 0 0 0 0 0 0 0 0 0 0 0 0 0 0 0 0 0 0 0 0 0 0 0 0 0 0 0 0
0.0746248 5.80403e-09 1.95111e-09 3.85292e-09 0.663835 0.781124 0 0 0 0 0 0 0 0 0 0 0 0 0 0 0 0 0 0 0 0 0 0 0 0 0 0 0 0 0 0 0 0 0 0 0 0 0 0 0 0 0 0
0.0784553 5.85469e-09 2.03069e-09 3.824e-09 0.653152 0.785589 0 0 0 0 0 0 0 0 0 0 0 0 0 0 0 0 0 0 0 0 0 0 0 0 0 0 0 0 0 0 0 0 0 0 0 0 0 0 0 0 0 0
0.0824824 5.89258e-09 2.10882e-09 3.78376e-09 0.642123 0.790572 0 0 0 0 0 0 0 0 0 0 0 0 0 0 0 0 0 0 0 0 0 0 0 0 0 0 0 0 0 0 0 0 0 0 0 0 0 0 0 0 0 0
0.0867162 5.92729e-09 2.14784e-09 3.77944e-09 0.637634 0.788995 0 0 0 0 0 0 0 0 0 0 0 0 0 0 0 0 0 0 0 0 0 0 0 0 0 0 0 0 0 0 0 0 0 0 0 0 0 0 0 0 0 0
0.0911674 5.96962e-09 2.17181e-09 3.7978e-09 0.636189 0.783859 0 0 0 0 0 0 0 0 0 0 0 0 0 0 0 0 0 0 0 0 0 0 0 0 0 0 0 0 0 0 0 0 0 0 0 0 0 0 0 0 0 0
0.095847 6.00352e-09 2.21015e-09 3.79337e-09 0.631857 0.781563 0 0 0 0 0 0 0 0 0 0 0 0 0 0 0 0 0 0 0 0 0 0 0 0 0 0 0 0 0 0 0 0 0 0 0 0 0 0 0 0 0 0
0.100767 5.99993e-09 2.28926e-09 3.71067e-09 0.618452 0.790469 0 0 0 0 0 0 0 0 0 0 0 0 0 0 0 0 0 0 0 0 0 0 0 0 0 0 0 0 0 0 0 0 0 0 0 0 0 0 0 0 0 0
0.105939 5.98751e-09 2.3598e-09 3.62771e-09 0.60588 0.802467 0 0 0 0 0 0 0 0 0 0 0 0 0 0 0 0 0 0 0 0 0 0 0 0 0 0 0 0 0 0 0 0 0 0 0 0 0 0 0 0 0 0
0.111377 5.94071e-09 2.47172e-09 3.46899e-09 0.583935 0.825833 0 0 0 0 0 0 0 0 0 0 0 0 0 0 0 0 0 0 0 0 0 0 0 0 0 0 0 0 0 0 0 0 0 0 0 0 0 0 0 0 0 0
0.117094 5.93728e-09 2.61044e-09 3.32684e-09 0.560331 0.854658 0 0 0 0 0 0 0 0 0 0 0 0 0 0 0 0 0 0 0 0 0 0 0 0 0 0 0 0 0 0 0 0 0 0 0 0 0 0 0 0 0 0
0.123105 5.95227e-09 2.71417e-09 3.23809e-09 0.54401 0.874974 0 0 0 0 0 0 0 0 0 0 0 0 0 0 0 0 0 0 0 0 0 0 0 0 0 0 0 0 0 0 0 0 0 0 0 0 0 0 0 0 0 0
0.129424 5.97424e-09 2.81189e-09 3.16236e-09 0.529332 0.892978 0 0 0 0 0 0 0 0 0 0 0 0 0 0 0 0 0 0 0 0 0 0 0 0 0 0 0 0 0 0 0 0 0 0 0 0 0 0 0 0 0 0
0.136067 5.98778e-09 2.89514e-09 3.09264e-09 0.516492 0.907559 0 0 0 0 0 0 0 0 0 0 0 0 0 0 0 0 0 0 0 0 0 0 0 0 0 0 0 0 0 0 0 0 0 0 0 0 0 0 0 0 0 0
0.143051 5.974e-09 2.95134e-09 3.02265e-09 0.505969 0.91817 0 0 0 0 0 0 0 0 0 0 0 0 0 0 0 0 0 0 0 0 0 0 0 0 0 0 0 0 0 0 0 0 0 0 0 0 0 0 0 0 0 0
0.150394 5.89567e-09 2.94901e-09 2.94666e-09 0.499801 0.924563 0 0 0 0 0 0 0 0 0 0 0 0 0 0 0 0 0 0 0 0 0 0 0 0 0 0 0 0 0 0 0 0 0 0 0 0 0 0 0 0 0 0
0.158114 5.77642e-09 2.90309e-09 2.87333e-09 0.497424 0.923966 0 0 0 0 0 0 0 0 0 0 0 0 0 0 0 0 0 0 0 0 0 0 0 0 0 0 0 0 0 0 0 0 0 0 0 0 0 0 0 0 0 0
0.16623 5.75601e-09 2.82333e-09 2.93268e-09 0.509499 0.911915 0 0 0 0 0 0 0 0 0 0 0 0 0 0 0 0 0 0 0 0 0 0 0 0 0 0 0 0 0 0 0 0 0 0 0 0 0 0 0 0 0 0
0.174762 5.85533e-09 2.72722e-09 3.1281e-09 0.534232 0.885886 0 0 0 0 0 0 0 0 0 0 0 0 0 0 0 0 0 0 0 0 0 0 0 0 0 0 0 0 0 0 0 0 0 0 0 0 0 0 0 0 0 0
0.183733 5.99825e-09 2.63084e-09 3.36742e-09 0.5614 0.852858 0 0 0 0 0 0 0 0 0 0 0 0 0 0 0 0 0 0 0 0 0 0 0 0 0 0 0 0 0 0 0 0 0 0 0 0 0 0 0 0 0 0
0.193164 6.17492e-09 2.55318e-09 3.62174e-09 0.586524 0.82067 0 0 0 0 0 0 0 0 0 0 0 0 0 0 0 0 0 0 0 0 0 0 0 0 0 0 0 0 0 0 0 0 0 0 0 0 0 0 0 0 0 0
0.203079 6.36905e-09 2.51368e-09 3.85537e-09 0.605329 0.795091 0 0 0 0 0 0 0 0 0 0 0 0 0 0 0 0 0 0 0 0 0 0 0 0 0 0 0 0 0 0 0 0 0 0 0 0 0 0 0 0 0 0
0.213503 6.57833e-09 2.50159e-09 4.07675e-09 0.619723 0.775325 0 0 0 0 0 0 0 0 0 0 0 0 0 0 0 0 0 0 0 0 0 0 0 0 0 0 0 0 0 0 0 0 0 0 0 0 0 0 0 0 0 0
0.224463 6.7791e-09 2.52022e-09 4.25888e-09 0.628237 0.762185 0 0 0 0 0 0 0 0 0 0 0 0 0 0 0 0 0 0 0 0 0 0 0 0 0 0 0 0 0 0 0 0 0 0 0 0 0 0 0 0 0 0
0.235984 6.88353e-09 2.51752e-09 4.36601e-09 0.63427 0.751089 0 0 0 0 0 0 0 0 0 0 0 0 0 0 0 0 0 0 0 0 0 0 0 0 0 0 0 0 0 0 0 0 0 0 0 0 0 0 0 0 0 0
0.248097 6.8646e-09 2.51835e-09 4.34625e-09 0.63314 0.742951 0 0 0 0 0 0 0 0 0 0 0 0 0 0 0 0 0 0 0 0 0 0 0 0 0 0 0 0 0 0 0 0 0 0 0 0 0 0 0 0 0 0
0.260832 6.79879e-09 2.54838e-09 4.25041e-09 0.625171 0.738337 0 0 0 0 0 0 0 0 0 0 0 0 0 0 0 0 0 0 0 0 0 0 0 0 0 0 0 0 0 0 0 0 0 0 0 0 0 0 0 0 0 0
0.274221 6.7369e-09 2.59116e-09 4.14574e-09 0.615378 0.735735 0 0 0 0 0 0 0 0 0 0 0 0 0 0 0 0 0 0 0 0 0 0 0 0 0 0 0 0 0 0 0 0 0 0 0 0 0 0 0 0 0 0
0.288297 6.70829e-09 2.67468e-09 4.03361e-09 0.601288 0.738706 0 0 0 0 0 0 0 0 0 0 0 0 0 0 0 0 0 0 0 0 0 0 0 0 0 0 0 0 0 0 0 0 0 0 0 0 0 0 0 0 0 0
0.303095 6.70736e-09 2.74286e-09 3.9645e-09 0.591067 0.7404 0 0 0 0 0 0 0 0 0 0 0 0 0 0 0 0 0 0 0 0 0 0 0 0 0 0 0 0 0 0 0 0 0 0 0 0 0 0 0 0 0 0
0.318653 6.72059e-09 2.80851e-09 3.91209e-09 0.582104 0.741885 0 0 0 0 0 0 0 0 0 0 0 0 0 0 0 0 0 0 0 0 0 0 0 0 0 0 0 0 0 0 0 0 0 0 0 0 0 0 0 0 0 0
0.335009 6.74475e-09 2.87239e-09 3.87236e-09 0.574129 0.742575 0 0 0 0 0 0 0 0 0 0 0 0 0 0 0 0 0 0 0 0 0 0 0 0 0 0 0 0 0 0 0 0 0 0 0 0 0 0 0 0 0 0
0.352205 6.77447e-09 2.92649e-09 3.84799e-09 0.568013 0.741521 0 0 0 0 0 0 0 0 0 0 0 0 0 0 0 0 0 0 0 0 0 0 0 0 0 0 0 0 0 0 0 0 0 0 0 0 0 0 0 0 0 0
0.370284 6.81202e-09 2.97543e-09 3.83659e-09 0.563209 0.739353 0 0 0 0 0 0 0 0 0 0 0 0 0 0 0 0 0 0 0 0 0 0 0 0 0 0 0 0 0 0 0 0 0 0 0 0 0 0 0 0 0 0
0.389291 6.85448e-09 3.02103e-09 3.83345e-09 0.559262 0.735829 0 0 0 0 0 0 0 0 0 0 0 0 0 0 0 0 0 0 0 0 0 0 0 0 0 0 0 0 0 0 0 0 0 0 0 0 0 0 0 0 0 0
0.409273 6.8957e-09 3.06333e-09 3.83237e-09 0.555762 0.731219 0 0 0 0 0 0 0 0 0 0 0 0 0 0 0 0 0 0 0 0 0 0 0 0 0 0 0 0 0 0 0 0 0 0 0 0 0 0 0 0 0 0
0.430281 6.93923e-09 3.10201e-09 3.83722e-09 0.552975 0.726016 0 0 0 0 0 0 0 0 0 0 0 0 0 0 0 0 0 0 0 0 0 0 0 0 0 0 0 0 0 0 0 0 0 0 0 0 0 0 0 0 0 0
0.452368 6.99465e-09 3.14538e-09 3.84927e-09 0.550316 0.721739 0 0 0 0 0 0 0 0 0 0 0 0 0 0 0 0 0 0 0 0 0 0 0 0 0 0 0 0 0 0 0 0 0 0 0 0 0 0 0 0 0 0
0.475588 7.05514e-09 3.19249e-09 3.86265e-09 0.547495 0.717929 0 0 0 0 0 0 0 0 0 0 0 0 0 0 0 0 0 0 0 0 0 0 0 0 0 0 0 0 0 0 0 0 0 0 0 0 0 0 0 0 0 0
0.5 7.09553e-09 3.23548e-09 3.86005e-09 0.544011 0.71196 0 0 0 0 0 0 0 0 0 0 0 0 0 0 0 0 0 0 0 0 0 0 0 0 0 0 0 0 0 0 0 0 0 0 0 0 0 0 0 0 0 0
0.525665 7.10813e-09 3.28051e-09 3.82762e-09 0.538485 0.702769 0 0 0 0 0 0 0 0 0 0 0 0 0 0 0 0 0 0 0 0 0 0 0 0 0 0 0 0 0 0 0 0 0 0 0 0 0 0 0 0 0 0
0.552648 7.09684e-09 3.33209e-09 3.76474e-09 0.530482 0.691917 0 0 0 0 0 0 0 0 0 0 0 0 0 0 0 0 0 0 0 0 0 0 0 0 0 0 0 0 0 0 0 0 0 0 0 0 0 0 0 0 0 0
0.581015 7.01701e-09 3.33584e-09 3.68118e-09 0.524607 0.670329 0 0 0 0 0 0 0 0 0 0 0 0 0 0 0 0 0 0 0 0 0 0 0 0 0 0 0 0 0 0 0 0 0 0 0 0 0 0 0 0 0 0
0.610839 7.0093e-09 3.35606e-09 3.65324e-09 0.521199 0.635694 0 0 0 0 0 0 0 0 0 0 0 0 0 0 0 0 0 0 0 0 0 0 0 0 0 0 0 0 0 0 0 0 0 0 0 0 0 0 0 0 0 0
0.642193 7.13429e-09 3.40722e-09 3.72707e-09 0.522416 0.605889 0 0 0 0 0 0 0 0 0 0 0 0 0 0 0 0 0 0 0 0 0 0 0 0 0 0 0 0 0 0 0 0 0 0 0 0 0 0 0 0 0 0
0.675157 7.25198e-09 3.40953e-09 3.84245e-09 0.529849 0.591542 0 0 0 0 0 0 0 0 0 0 0 0 0 0 0 0 0 0 0 0 0 0 0 0 0 0 0 0 0 0 0 0 0 0 0 0 0 0 0 0 0 0
0.709813 7.30089e-09 3.35831e-09 3.94257e-09 0.540013 0.575955 0 0 0 0 0 0 0 0 0 0 0 0 0 0 0 0 0 0 0 0 0 0 0 0 0 0 0 0 0 0 0 0 0 0 0 0 0 0 0 0 0 0
0.746248 7.6352e-09 3.39793e-09 4.23727e-09 0.554965 0.547156 0 0 0 0 0 0 0 0 0 0 0 0 0 0 0 0 0 0 0 0 0 0 0 0 0 0 0 0 0 0 0 0 0 0 0 0 0 0 0 0 0 0
0.784553 7.83922e-09 3.21658e-09 4.62264e-09 0.589681 0.514623 0 0 0 0 0 0 0 0 0 0 0 0 0 0 0 0 0 0 0 0 0 0 0 0 0 0 0 0 0 0 0 0 0 0 0 0 0 0 0 0 0 0
0.824824 8.12865e-09 3.06048e-09 5.06817e-09 0.623495 0.50961 0 0 0 0 0 0 0 0 0 0 0 0 0 0 0 0 0 0 0 0 0 0 0 0 0 0 0 0 0 0 0 0 0 0 0 0 0 0 0 0 0 0
0.867162 8.54209e-09 3.06553e-09 5.47656e-09 0.641126 0.516102 0 0 0 0 0 0 0 0 0 0 0 0 0 0 0 0 0 0 0 0 0 0 0 0 0 0 0 0 0 0 0 0 0 0 0 0 0 0 0 0 0 0
0.911674 9.063e-09 3.17349e-09 5.88951e-09 0.649841 0.522636 0 0 0 0 0 0 0 0 0 0 0 0 0 0 0 0 0 0 0 0 0 0 0 0 0 0 0 0 0 0 0 0 0 0 0 0 0 0 0 0 0 0
0.95847 9.4517e-09 3.28417e-09 6.16752e-09 0.652531 0.511228 0 0 0 0 0 0 0 0 0 0 0 0 0 0 0 0 0 0 0 0 0 0 0 0 0 0 0 0 0 0 0 0 0 0 0 0 0 0 0 0 0 0
1.00767 8.98016e-09 3.04634e-09 5.93382e-09 0.66077 0.474944 0 0 0 0 0 0 0 0 0 0 0 0 0 0 0 0 0 0 0 0 0 0 0 0 0 0 0 0 0 0 0 0 0 0 0 0 0 0 0 0 0 0
1.05939 8.55293e-09 2.78995e-09 5.76298e-09 0.673802 0.4376 0 0 0 0 0 0 0 0 0 0 0 0 0 0 0 0 0 0 0 0 0 0 0 0 0 0 0 0 0 0 0 0 0 0 0 0 0 0 0 0 0 0
1.11377 8.48171e-09 2.66011e-09 5.8216e-09 0.686371 0.40309 0 0 0 0 0 0 0 0 0 0 0 0 0 0 0 0 0 0 0 0 0 0 0 0 0 0 0 0 0 0 0 0 0 0 0 0 0 0 0 0 0 0
1.17094 8.62267e-09 2.61588e-09 6.00679e-09 0.696628 0.371434 0 0 0 0 0 0 0 0 0 0 0 0 0 0 0 0 0 0 0 0 0 0 0 0 0 0 0 0 0 0 0 0 0 0 0 0 0 0 0 0 0 0
1.23105 8.90724e-09 2.6278e-09 6.27944e-09 0.704981 0.345717 0 0 0 0 0 0 0 0 0 0 0 0 0 0 0 0 0 0 0 0 0 0 0 0 0 0 0 0 0 0 0 0 0 0 0 0 0 0 0 0 0 0
1.29424 9.18803e-09 2.67693e-09 6.51111e-09 0.708651 0.328784 0 0 0 0 0 0 0 0 0 0 0 0 0 0 0 0 0 0 0 0 0 0 0 0 0 0 0 0 0 0 0 0 0 0 0 0 0 0 0 0 0 0
1.36067 9.1088e-09 2.71105e-09 6.39775e-09 0.70237 0.318217 0 0 0 0 0 0 0 0 0 0 0 0 0 0 0 0 0 0 0 0 0 0 0 0 0 0 0 0 0 0 0 0 0 0 0 0 0 0 0 0 0 0
1.43051 8.50232e-09 2.67767e-09 5.82464e-09 0.685066 0.303314 0 0 0 0 0 0 0 0 0 0 0 0 0 0 0 0 0 0 0 0 0 0 0 0 0 0 0 0 0 0 0 0 0 0 0 0 0 0 0 0 0 0
1.50394 7.81194e-09 2.62371e-09 5.18824e-09 0.664142 0.275274 0 0 0 0 0 0 0 0 0 0 0 0 0 0 0 0 0 0 0 0 0 0 0 0 0 0 0 0 0 0 0 0 0 0 0 0 0 0 0 0 0 0
1.58114 7.32135e-09 2.59848e-09 4.72287e-09 0.645081 0.238048 0 0 0 0 0 0 0 0 0 0 0 0 0 0 0 0 0 0 0 0 0 0 0 0 0 0 0 0 0 0 0 0 0 0 0 0 0 0 0 0 0 0
1.6623 6.98643e-09 2.5993e-09 4.38713e-09 0.62795 0.199568 0 0 0 0 0 0 0 0 0 0 0 0 0 0 0 0 0 0 0 0 0 0 0 0 0 0 0 0 0 0 0 0 0 0 0 0 0 0 0 0 0 0
1.74763 6.71273e-09 2.60919e-09 4.10355e-09 0.611308 0.164614 0 0 0 0 0 0 0 0 0 0 0 0 0 0 0 0 0 0 0 0 0 0 0 0 0 0 0 0 0 0 0 0 0 0 0 0 0 0 0 0 0 0
1.83733 6.43462e-09 2.61164e-09 3.82298e-09 0.594127 0.134424 0 0 0 0 0 0 0 0 0 0 0 0 0 0 0 0 0 0 0 0 0 0 0 0 0 0 0 0 0 0 0 0 0 0 0 0 0 0 0 0 0 0
1.93164 6.11699e-09 2.59383e-09 3.52316e-09 0.575963 0.108619 0 0 0 0 0 0 0 0 0 0 0 0 0 0 0 0 0 0 0 0 0 0 0 0 0 0 0 0 0 0 0 0 0 0 0 0 0 0 0 0 0 0
2.03079 5.74679e-09 2.54898e-09 3.19781e-09 0.556452 0.0866445 0 0 0 0 0 0 0 0 0 0 0 0 0 0 0 0 0 0 0 0 0 0 0 0 0 0 0 0 0 0 0 0 0 0 0 0 0 0 0 0 0 0
2.13503 5.32603e-09 2.47398e-09 2.85205e-09 0.535493 0.0679836 0 0 0 0 0 0 0 0 0 0 0 0 0 0 0 0 0 0 0 0 0 0 0 0 0 0 0 0 0 0 0 0 0 0 0 0 0 0 0 0 0 0
2.24463 4.8697e-09 2.37327e-09 2.49643e-09 0.512645 0.0520704 0 0 0 0 0 0 0 0 0 0 0 0 0 0 0 0 0 0 0 0 0 0 0 0 0 0 0 0 0 0 0 0 0 0 0 0 0 0 0 0 0 0
2.35984 4.40063e-09 2.25396e-09 2.14667e-09 0.48781 0.0387953 0 0 0 0 0 0 0 0 0 0 0 0 0 0 0 0 0 0 0 0 0 0 0 0 0 0 0 0 0 0 0 0 0 0 0 0 0 0 0 0 0 0
2.48097 3.93884e-09 2.12238e-09 1.81646e-09 0.461167 0.0278299 0 0 0 0 0 0 0 0 0 0 0 0 0 0 0 0 0 0 0 0 0 0 0 0 0 0 0 0 0 0 0 0 0 0 0 0 0 0 0 0 0 0
2.60832 3.50143e-09 1.98394e-09 1.51749e-09 0.433392 0.0188354 0 0 0 0 0 0 0 0 0 0 0 0 0 0 0 0 0 0 0 0 0 0 0 0 0 0 0 0 0 0 0 0 0 0 0 0 0 0 0 0 0 0
2.74221 3.09904e-09 1.84493e-09 1.25411e-09 0.404677 0.0116222 0 0 0 0 0 0 0 0 0 0 0 0 0 0 0 0 0 0 0 0 0 0 0 0 0 0 0 0 0 0 0 0 0 0 0 0 0 0 0 0 0 0
2.88297 2.73798e-09 1.71058e-09 1.0274e-09 0.37524 0.00622742 0 0 0 0 0 0 0 0 0 0 0 0 0 0 0 0 0 0 0 0 0 0 0 0 0 0 0 0 0 0 0 0 0 0 0 0 0 0 0 0 0 0
3.03095 2.41822e-09 1.58138e-09 8.36837e-10 0.346055 0.00228818 0 0 0 0 0 0 0 0 0 0 0 0 0 0 0 0 0 0 0 0 0 0 0 0 0 0 0 0 0 0 0 0 0 0 0 0 0 0 0 0 0 0
3.18653 2.13684e-09 1.45796e-09 6.7888e-10 0.317703 -0.00036263 0 0 0 0 0 0 0 0 0 0 0 0 0 0 0 0 0 0 0 0 0 0 0 0 0 0 0 0 0 0 0 0 0 0 0 0 0 0 0 0 0 0
3.35009 1.88991e-09 1.34087e-09 5.49038e-10 0.29051 -0.00194408 0 0 0 0 0 0 0 0 0 0 0 0 0 0 0 0 0 0 0 0 0 0 0 0 0 0 0 0 0 0 0 0 0 0 0 0 0 0 0 0 0 0
3.52205 1.67359e-09 1.2305e-09 4.4309e-10 0.264754 -0.00264156 0 0 0 0 0 0 0 0 0 0 0 0 0 0 0 0 0 0 0 0 0 0 0 0 0 0 0 0 0 0 0 0 0 0 0 0 0 0 0 0 0 0
3.70284 1.48421e-09 1.12673e-09 3.57485e-10 0.240858 -0.00265583 0 0 0 0 0 0 0 0 0 0 0 0 0 0 0 0 0 0 0 0 0 0 0 0 0 0 0 0 0 0 0 0 0 0 0 0 0 0 0 0 0 0
3.89291 1.31745e-09 1.02922e-09 2.88229e-10 0.218778 -0.00213063 0 0 0 0 0 0 0 0 0 0 0 0 0 0 0 0 0 0 0 0 0 0 0 0 0 0 0 0 0 0 0 0 0 0 0 0 0 0 0 0 0 0
4.09273 1.16965e-09 9.37259e-10 2.32389e-10 0.198683 -0.00149272 0 0 0 0 0 0 0 0 0 0 0 0 0 0 0 0 0 0 0 0 0 0 0 0 0 0 0 0 0 0 0 0 0 0 0 0 0 0 0 0 0 0
4.30281 1.03939e-09 8.51944e-10 1.87445e-10 0.180341 -0.00071838 0 0 0 0 0 0 0 0 0 0 0 0 0 0 0 0 0 0 0 0 0 0 0 0 0 0 0 0 0 0 0 0 0 0 0 0 0 0 0 0 0 0
4.52368 9.24505e-10 7.73137e-10 1.51368e-10 0.163729 0.000116334 0 0 0 0 0 0 0 0 0 0 0 0 0 0 0 0 0 0 0 0 0 0 0 0 0 0 0 0 0 0 0 0 0 0 0 0 0 0 0 0 0 0
4.75588 8.2273e-10 7.00439e-10 1.2229e-10 0.14864 0.00094333 0 0 0 0 0 0 0 0 0 0 0 0 0 0 0 0 0 0 0 0 0 0 0 0 0 0 0 0 0 0 0 0 0 0 0 0 0 0 0 0 0 0
5 7.3203e-10 6.33176e-10 9.88534e-11 0.13504 0.00159612 0 0 0 0 0 0 0 0 0 0 0 0 0 0 0 0 0 0 0 0 0 0 0 0 0 0 0 0 0 0 0 0 0 0 0 0 1.4013e-45 0 2.8026e-45 0 5.60519e-45 0
5.25665 6.52171e-10 5.7215e-10 8.00211e-11 0.1227 0.00199061 0 0 0 0 0 0 0 0 0 0 0 0 0 0 0 0 0 0 0 0 0 0 0 0 0 0 0 0 2.8026e-45 0 7.00649e-45 0 1.96182e-44 0 5.1848e-44 0 1.28919e-43 0 3.09687e-43 0 6.82432e-43 0
5.52648 5.81705e-10 5.16865e-10 6.48405e-11 0.111466 0.00231648 0 0 0 0 0 0 0 0 0 0 0 0 0 0 0 0 0 0 0 0 1.4013e-45 0 5.60519e-45 0 2.66247e-44 0 9.24857e-44 0 2.99878e-43 0 8.80015e-43 0 2.41864e-42 0 6.10125e-42 0 1.4502e-41 0 3.32486e-41 0 7.06409e-41 0
5.81015 5.19184e-10 4.6663e-10 5.25546e-11 0.101225 0.00260746 0 0 0 0 0 0 0 0 0 0 0 0 0 0 0 0 4.2039e-45 0 3.22299e-44 0 1.75162e-43 0 7.97339e-43 0 3.10107e-42 0 1.03962e-41 0 3.16946e-41 0 8.83393e-41 0 2.3106e-40 0 5.57221e-40 0 1.26953e-39 0 2.79505e-39 0 5.72402e-39 0
6.10839 4.63535e-10 4.20913e-10 4.2622e-11 0.0919498 0.00276939 0 0 0 0 0 0 0 0 0 0 0 0 5.60519e-45 0 7.28675e-44 0 5.96953e-43 0 3.73726e-42 0 1.86499e-41 0 7.8994e-41 0 2.87495e-40 0 9.0848e-40 0 2.62277e-39 0 6.95351e-39 0 1.73534e-38 0 4.00888e-38 0 8.77362e-38 0 1.85862e-37 0 3.67538e-37 0
6.42193 4.14779e-10 3.80176e-10 3.4603e-11 0.0834252 0.00308316 0 0 0 0 0 0 0 0 1.4013e-45 0 3.78351e-44 0 7.14662e-43 0 7.91313e-42 0 5.89708e-41 0 3.37884e-40 0 1.55876e-39 0 6.15312e-39 0 2.10252e-38 0 6.28099e-38 0 1.72184e-37 0 4.35273e-37 0 1.03884e-36 0 2.30374e-36 0 4.85269e-36 0 9.91008e-36 0 1.89553e-35 0
6.75157 3.70835e-10 3.42719e-10 2.8116e-11 0.0758181 0.00294682 0 0 0 0 0 0 1.4013e-45 0 1.24716e-43 0 4.21511e-42 0 6.87365e-41 0 6.76599e-40 0 4.57121e-39 0 2.40517e-38 0 1.02976e-37 0 3.80137e-37 0 1.22329e-36 0 3.46427e-36 0 9.04051e-36 0 2.18423e-35 0 4.99622e-35 0 1.06571e-34 0 2.16466e-34 0 4.26917e-34 0 7.91127e-34 0
7.09813 3.32012e-10 3.09162e-10 2.28506e-11 0.0688245 0.00283667 0 0 0 0 0 0 1.4013e-43 0 1.28933e-41 0 3.65539e-40 0 5.20136e-39 0 4.57904e-38 0 2.81815e-37 0 1.36733e-36 0 5.45288e-36 0 1.88858e-35 0 5.74041e-35 0 1.54509e-34 0 3.84764e-34 0 8.9042e-34 0 1.95611e-33 0 4.02094e-33 0 7.88956e-33 0 1.50524e-32 0 2.70663e-32 0
7.46248 2.97533e-10 2.78953e-10 1.8579e-11 0.0624437 0.00265965 0 0 0 0 2.24208e-44 0 1.41713e-41 0 1.04091e-39 0 2.50632e-38 0 3.1327e-37 0 2.48001e-36 0 1.39673e-35 0 6.27381e-35 0 2.33859e-34 0 7.62294e-34 0 2.19461e-33 0 5.62824e-33 0 1.3405e-32 0 2.97767e-32 0 6.29489e-32 0 1.24923e-31 0 2.37179e-31 0 4.38462e-31 0 7.66149e-31 0
7.84553 2.66857e-10 2.51735e-10 1.51219e-11 0.0566668 0.00231756 0 0 0 0 2.41444e-42 0 1.11951e-39 0 6.66667e-38 0 1.37429e-36 0 1.51847e-35 0 1.0866e-34 0 5.62444e-34 0 2.34771e-33 0 8.20668e-33 0 2.52511e-32 0 6.90389e-32 0 1.69098e-31 0 3.86041e-31 0 8.24745e-31 0 1.68096e-30 0 3.22611e-30 0 5.93634e-30 0 1.06499e-29 0 1.81089e-29 0
8.24824 2.39779e-10 2.27467e-10 1.2312e-11 0.0513471 0.00179302 0 0 2.8026e-45 0 2.04643e-40 0 7.0317e-38 0 3.42991e-36 0 6.09942e-35 0 5.99344e-34 0 3.89595e-33 0 1.86106e-32 0 7.24482e-32 0 2.3824e-31 0 6.93899e-31 0 1.80627e-30 0 4.2348e-30 0 9.28589e-30 0 1.91167e-29 0 3.76316e-29 0 6.99602e-29 0 1.24957e-28 0 2.17868e-28 0 3.60982e-28 0
8.67162 2.15855e-10 2.05832e-10 1.00232e-11 0.0464346 0.00134402 0 0 3.97969e-43 0 1.37475e-38 0 3.55196e-36 0 1.43306e-34 0 2.21432e-33 0 1.94615e-32 0 1.15457e-31 0 5.10988e-31 0 1.86148e-30 0 5.77568e-30 0 1.59668e-29 0 3.96659e-29 0 8.92073e-29 0 1.88253e-28 0 3.74129e-28 0 7.12524e-28 0 1.28514e-27 0 2.23131e-27 0 3.78622e-27 0 6.12055e-27 0
9.11674 1.94659e-10 1.86494e-10 8.16414e-12 0.0419409 0.00094197 0 0 3.56911e-41 0 7.40236e-37 0 1.45827e-34 0 4.91171e-33 0 6.63984e-32 0 5.24815e-31 0 2.8543e-30 0 1.17476e-29 0 4.01776e-29 0 1.17956e-28 0 3.10293e-28 0 7.37357e-28 0 1.59395e-27 0 3.24326e-27 0 6.23301e-27 0 1.15031e-26 0 2.01586e-26 0 3.407e-26 0 5.63385e-26 0 8.89623e-26 0
9.5847 1.75842e-10 1.69191e-10 6.6503e-12 0.0378198 0.000585069 6.02558e-44 0 2.53e-39 0 3.22967e-35 0 4.91587e-33 0 1.39451e-31 0 1.66009e-30 0 1.18616e-29 0 5.93917e-29 0 2.28126e-28 0 7.34745e-28 0 2.04662e-27 0 5.13547e-27 0 1.16985e-26 0 2.43547e-26 0 4.7866e-26 0 8.91027e-26 0 1.59594e-25 0 2.72123e-25 0 4.48279e-25 0 7.23298e-25 0 1.11694e-24 0
10.0767 1.59099e-10 1.53682e-10 5.41693e-12 0.0340476 0.0002144 5.70188e-42 0 1.43376e-37 0 1.15357e-33 0 1.37382e-31 0 3.30993e-30 0 3.49146e-29 0 2.26632e-28 0 1.04894e-27 0 3.7728e-27 0 1.14769e-26 0 3.0409e-26 0 7.29521e-26 0 1.59637e-25 0 3.20654e-25 0 6.09752e-25 0 1.10114e-24 0 1.91694e-24 0 3.1845e-24 0 5.11965e-24 0 8.06985e-24 0 1.22002e-23 0
10.5939 1.44276e-10 1.39865e-10 4.4107e-12 0.0305713 -0.000231751 4.28617e-40 0 6.57243e-36 0 3.40884e-32 0 3.2147e-30 0 6.6307e-29 0 6.23435e-28 0 3.69357e-27 0 1.5863e-26 0 5.3599e-26 0 1.54428e-25 0 3.90161e-25 0 8.96861e-25 0 1.88893e-24 0 3.66716e-24 0 6.75802e-24 0 1.1857e-23 0 2.00903e-23 0 3.2558e-23 0 5.11433e-23 0 7.88433e-23 0 1.16816e-22 0
11.1377 1.31377e-10 1.27787e-10 3.59007e-12 0.0273266 -0.000693598 2.57604e-38 0 2.46746e-34 0 8.42858e-31 0 6.36625e-29 0 1.13273e-27 0 9.54647e-27 0 5.1853e-26 0 2.074e-25 0 6.60336e-25 0 1.80675e-24 0 4.36276e-24 0 9.62928e-24 0 1.95564e-23 0 3.67568e-23 0 6.57453e-23 0 1.12227e-22 0 1.85323e-22 0 2.93335e-22 0 4.50733e-22 0 6.80327e-22 0 9.88821e-22 0
11.7094 1.19426e-10 1.16476e-10 2.95e-12 0.0247015 -0.00109353 1.24376e-36 0 7.61467e-33 0 1.74838e-29 0 1.06922e-27 0 1.65299e-26 0 1.25542e-25 0 6.27821e-25 0 2.34681e-24 0 7.06118e-24 0 1.83936e-23 0 4.2544e-23 0 9.03407e-23 0 1.77238e-22 0 3.23016e-22 0 5.61593e-22 0 9.33937e-22 0 1.50492e-21 0 2.32922e-21 0 3.50475e-21 0 5.18472e-21 0 7.3994e-21 0
12.3105 1.09368e-10 1.06976e-10 2.39209e-12 0.0218719 -0.00164455 4.92428e-35 0 1.96954e-31 0 3.09922e-28 0 1.55047e-26 0 2.09703e-25 0 1.44255e-24 0 6.66882e-24 0 2.3374e-23 0 6.6646e-23 0 1.65678e-22 0 3.67836e-22 0 7.52891e-22 0 1.42927e-21 0 2.52963e-21 0 4.28082e-21 0 6.94444e-21 0 1.09324e-20 0 1.65635e-20 0 2.44307e-20 0 3.54569e-20 0 4.97313e-20 0
12.9424 1.00649e-10 9.87006e-11 1.94841e-12 0.0193585 -0.00230594 1.60998e-33 0 4.29512e-30 0 4.71822e-27 0 1.94996e-25 0 2.32242e-24 0 1.45404e-23 0 6.23779e-23 0 2.05646e-22 0 5.57115e-22 0 1.32472e-21 0 2.82881e-21 0 5.59105e-21 0 1.02869e-20 0 1.7706e-20 0 2.92035e-20 0 4.62688e-20 0 7.12434e-20 0 1.05772e-19 0 1.53078e-19 0 2.18163e-19 0 3.00979e-19 0
13.6067 9.32218e-11 9.16343e-11 1.58747e-12 0.017029 -0.00284292 4.39584e-32 0 7.97846e-29 0 6.2267e-26 0 2.14583e-24 0 2.26453e-23 0 1.29634e-22 0 5.17957e-22 0 1.61097e-21 0 4.15701e-21 0 9.47532e-21 0 1.94978e-20 0 3.7276e-20 0 6.65722e-20 0 1.11587e-19 0 1.79605e-19 0 2.78236e-19 0 4.19486e-19 0 6.10892e-19 0 8.68298e-19 0 1.21625e-18 0 1.65179e-18 0
14.3051 8.69674e-11 8.56748e-11 1.29263e-12 0.0148634 -0.00329212 1.01232e-30 0 1.27375e-27 0 7.18134e-25 0 2.08201e-23 0 1.9584e-22 0 1.02955e-21 0 3.84459e-21 0 1.13132e-20 0 2.78725e-20 0 6.10266e-20 0 1.2123e-19 0 2.2455e-19 0 3.89833e-19 0 6.37158e-19 0 1.00198e-18 0 1.51941e-18 0 2.24529e-18 0 3.21032e-18 0 4.48536e-18 0 6.18026e-18 0 8.26892e-18 0
15.0394 8.17948e-11 8.07426e-11 1.05213e-12 0.0128631 -0.00369301 1.98518e-29 0 1.76288e-26 0 7.29501e-24 0 1.79436e-22 0 1.51287e-21 0 7.33426e-21 0 2.56816e-20 0 7.16921e-20 0 1.69023e-19 0 3.56181e-19 0 6.8424e-19 0 1.22981e-18 0 2.07831e-18 0 3.31635e-18 0 5.10122e-18 0 7.57984e-18 0 1.09895e-17 0 1.54409e-17 0 2.12242e-17 0 2.87901e-17 0 3.79762e-17 0
15.8114 7.77114e-11 7.68549e-11 8.56499e-13 0.0110215 -0.00407238 3.34916e-28 0 2.13504e-25 0 6.58332e-23 0 1.3849e-21 0 1.05222e-20 0 4.72269e-20 0 1.55555e-19 0 4.13012e-19 0 9.33793e-19 0 1.89746e-18 0 3.53074e-18 0 6.16687e-18 0 1.0158e-17 0 1.58435e-17 0 2.38635e-17 0 3.47794e-17 0 4.95182e-17 0 6.84303e-17 0 9.26105e-17 0 1.23768e-16 0 1.61066e-16 0
16.623 7.47288e-11 7.40315e-11 6.97228e-13 0.00933012 -0.00450451 4.90887e-27 0 2.2831e-24 0 5.32157e-22 0 9.64766e-21 0 6.6391e-20 0 2.76921e-19 0 8.60544e-19 0 2.17845e-18 0 4.73301e-18 0 9.29019e-18 0 1.67707e-17 0 2.85053e-17 0 4.58234e-17 0 6.99366e-17 0 1.03253e-16 0 1.47742e-16 0 2.06754e-16 0 2.81241e-16 0 3.75038e-16 0 4.94166e-16 0 6.34869e-16 0
17.4762 7.29131e-11 7.23457e-11 5.67362e-13 0.00778134 -0.0049533 6.31314e-26 0 2.17545e-23 0 3.88573e-21 0 6.11526e-20 0 3.83003e-19 0 1.48993e-18 0 4.38068e-18 0 1.0598e-17 0 2.21697e-17 0 4.21062e-17 0 7.38496e-17 0 1.22313e-16 0 1.92119e-16 0 2.87225e-16 0 4.16064e-16 0 5.85011e-16 0 8.05358e-16 0 1.07917e-15 0 1.419e-15 0 1.84473e-15 0 2.34116e-15 0
18.3733 7.23809e-11 7.19194e-11 4.61494e-13 0.0063759 -0.00539363 7.19447e-25 0 1.86389e-22 0 2.58461e-20 0 3.55548e-19 0 2.03603e-18 0 7.41211e-18 0 2.06752e-17 0 4.79068e-17 0 9.66683e-17 0 1.77938e-16 0 3.03639e-16 0 4.90665e-16 0 7.53889e-16 0 1.10518e-15 0 1.57222e-15 0 2.17415e-15 0 2.9467e-15 0 3.89253e-15 0 5.05033e-15 0 6.48195e-15 0 8.13113e-15 0
19.3164 7.31568e-11 7.27809e-11 3.75907e-13 0.00513837 -0.00587688 7.31908e-24 0 1.44559e-21 0 1.57558e-19 0 1.90703e-18 0 1.00286e-17 0 3.42768e-17 0 9.09402e-17 0 2.02249e-16 0 3.94354e-16 0 7.04586e-16 0 1.17136e-15 0 1.84902e-15 0 2.782e-15 0 4.00287e-15 0 5.59728e-15 0 7.61872e-15 0 1.01738e-14 0 1.32579e-14 0 1.6984e-14 0 2.15345e-14 0 2.67161e-14 0
20.3079 7.55165e-11 7.52101e-11 3.06425e-13 0.00405772 -0.00652029 6.71056e-23 0 1.02392e-20 0 8.87542e-19 0 9.51115e-18 0 4.61232e-17 0 1.48464e-16 0 3.75566e-16 0 8.03282e-16 0 1.51604e-15 0 2.633e-15 0 4.27002e-15 0 6.59177e-15 0 9.72199e-15 0 1.37421e-14 0 1.89039e-14 0 2.53465e-14 0 3.33722e-14 0 4.29302e-14 0 5.43348e-14 0 6.80986e-14 0 8.35998e-14 0
21.3503 7.97852e-11 7.95351e-11 2.50074e-13 0.00313434 -0.00698758 5.59104e-22 0 6.67412e-20 0 4.65262e-18 0 4.4407e-17 0 1.9937e-16 0 6.06138e-16 0 1.46541e-15 0 3.02009e-15 0 5.52578e-15 0 9.34179e-15 0 1.47964e-14 0 2.23626e-14 0 3.2362e-14 0 4.49777e-14 0 6.0916e-14 0 8.05156e-14 0 1.04596e-13 0 1.32908e-13 0 1.66292e-13 0 2.06131e-13 0 2.50532e-13 0
22.4463 8.61387e-11 8.5934e-11 2.04758e-13 0.00237707 -0.00734236 4.25084e-21 0 4.01766e-19 0 2.27656e-17 0 1.94624e-16 0 8.1201e-16 0 2.33828e-15 0 5.41458e-15 0 1.07719e-14 0 1.91362e-14 0 3.15325e-14 0 4.88353e-14 0 7.23339e-14 0 1.02806e-13 0 1.40605e-13 0 1.8763e-13 0 2.44645e-13 0 3.13778e-13 0 3.94076e-13 0 4.87695e-13 0 5.98229e-13 0 7.20194e-13 0
23.5984 9.48253e-11 9.46567e-11 1.68663e-13 0.00177867 -0.00766068 2.95907e-20 0 2.23977e-18 0 1.04209e-16 0 8.02275e-16 0 3.12176e-15 0 8.53704e-15 0 1.89746e-14 0 3.65017e-14 0 6.30511e-14 0 1.01392e-13 0 1.53711e-13 0 2.23349e-13 0 3.12037e-13 0 4.20289e-13 0 5.5301e-13 0 7.11771e-13 0 9.01881e-13 0 1.12015e-12 0 1.37191e-12 0 1.66614e-12 0 1.98774e-12 0
24.8097 1.0595e-10 1.0581e-10 1.40135e-13 0.00132265 -0.00815678 1.88724e-19 0 1.15646e-17 0 4.46077e-16 0 3.10848e-15 0 1.13192e-14 0 2.94708e-14 0 6.29971e-14 0 1.17379e-13 0 1.97414e-13 0 3.10183e-13 0 4.60782e-13 0 6.57432e-13 0 9.03614e-13 0 1.19953e-12 0 1.55731e-12 0 1.97985e-12 0 2.47983e-12 0 3.04756e-12 0 3.69574e-12 0 4.44599e-12 0 5.25865e-12 0
26.0832 1.19632e-10 1.19514e-10 1.17943e-13 0.000985883 -0.00851769 1.10352e-18 0 5.53124e-17 0 1.78506e-15 0 1.13143e-14 0 3.86803e-14 0 9.61117e-14 0 1.97969e-13 0 3.57824e-13 0 5.86726e-13 0 9.01766e-13 0 1.31395e-12 0 1.84246e-12 0 2.49337e-12 0 3.26442e-12 0 4.18444e-12 0 5.25779e-12 0 6.51356e-12 0 7.92461e-12 0 9.52003e-12 0 1.13498e-11 0 1.33147e-11 0
27.4221 1.34544e-10 1.34443e-10 1.00642e-13 0.000748021 -0.00880773 5.85862e-18 0 2.42568e-16 0 6.60688e-15 0 3.82661e-14 0 1.232e-13 0 2.92819e-13 0 5.82234e-13 0 1.0224e-12 0 1.63644e-12 0 2.46288e-12 0 3.52328e-12 0 4.85957e-12 0 6.47995e-12 0 8.37294e-12 0 1.06034e-11 0 1.31755e-11 0 1.61526e-11 0 1.94645e-11 0 2.31748e-11 0 2.73927e-11 0 3.18857e-11 0
28.8297 1.48344e-10 1.48256e-10 8.73308e-14 0.000588706 -0.00891972 2.79224e-17 0 9.6392e-16 0 2.23426e-14 0 1.1877e-13 0 3.61171e-13 0 8.22891e-13 0 1.58222e-12 0 2.70303e-12 0 4.22821e-12 0 6.23782e-12 0 8.76888e-12 0 1.19063e-11 0 1.56548e-11 0 1.99766e-11 0 2.5008e-11 0 3.07466e-11 0 3.73209e-11 0 4.45655e-11 0 5.26103e-11 0 6.16801e-11 0 7.12664e-11 0
30.3095 1.59302e-10 1.59226e-10 7.67245e-14 0.000481629 -0.00896793 1.19204e-16 0 3.46166e-15 0 6.88221e-14 0 3.37192e-13 0 9.71179e-13 0 2.12553e-12 0 3.9585e-12 0 6.58807e-12 0 1.00827e-11 0 1.45952e-11 0 2.01789e-11 0 2.69926e-11 0 3.50197e-11 0 4.41587e-11 0 5.46778e-11 0 6.65503e-11 0 8.00193e-11 0 9.47284e-11 0 1.10926e-10 0 1.29043e-10 0 1.48051e-10 0
31.8653 1.62163e-10 1.62096e-10 6.73875e-14 0.000415554 -0.00886166 4.45474e-16 0 1.09745e-14 0 1.88553e-13 0 8.54842e-13 0 2.33818e-12 0 4.92536e-12 0 8.89846e-12 0 1.44458e-11 0 2.16539e-11 0 3.0784e-11 0 4.18935e-11 0 5.5249e-11 0 7.07737e-11 0 8.82385e-11 0 1.08124e-10 0 1.30345e-10 0 1.55322e-10 0 1.82364e-10 0 2.11907e-10 0 2.44703e-10 0 2.7887e-10 0
33.5009 1.58701e-10 1.58642e-10 5.90927e-14 0.000372352 -0.00874414 1.48374e-15 0 3.12594e-14 0 4.67443e-13 0 1.96848e-12 0 5.12609e-12 0 1.04124e-11 0 1.82761e-11 0 2.89759e-11 0 4.25843e-11 0 5.95085e-11 0 7.97748e-11 0 1.03795e-10 0 1.31363e-10 0 1.62025e-10 0 1.96579e-10 0 2.34826e-10 0 2.77438e-10 0 3.23199e-10 0 3.72814e-10 0 4.27499e-10 0 4.84091e-10 0
35.2205 1.46087e-10 1.46037e-10 5.05989e-14 0.000346361 -0.00837417 4.3253e-15 0 7.85258e-14 0 1.02897e-12 0 4.03944e-12 0 1.00388e-11 0 1.96979e-11 0 3.36376e-11 0 5.21442e-11 0 7.52063e-11 0 1.03392e-10 0 1.36634e-10 0 1.75505e-10 0 2.19579e-10 0 2.68073e-10 0 3.22188e-10 0 3.81547e-10 0 4.47128e-10 0 5.1701e-10 0 5.92233e-10 0 6.74581e-10 0 7.59258e-10 0
37.0284 1.30046e-10 1.30004e-10 4.27938e-14 0.000329066 -0.00800371 1.13861e-14 0 1.79433e-13 0 2.07366e-12 0 7.61478e-12 0 1.81016e-11 0 3.43685e-11 0 5.71767e-11 0 8.67569e-11 0 1.2291e-10 0 1.66369e-10 0 2.16887e-10 0 2.75203e-10 0 3.40569e-10 0 4.11751e-10 0 4.90447e-10 0 5.76031e-10 0 6.69833e-10 0 7.69049e-10 0 8.7512e-10 0 9.90486e-10 0 1.1084e-09 0
38.9291 1.12498e-10 1.12462e-10 3.55444e-14 0.000315957 -0.0074948 2.72893e-14 0 3.75882e-13 0 3.85475e-12 0 1.32842e-11 0 3.02714e-11 0 5.57034e-11 0 9.03956e-11 0 1.34397e-10 0 1.87192e-10 0 2.49662e-10 0 3.21286e-10 0 4.02961e-10 0 4.93509e-10 0 5.91155e-10 0 6.98152e-10 0 8.13566e-10 0 9.39106e-10 0 1.07096e-09 0 1.21101e-09 0 1.36239e-09 0 1.51623e-09 0
40.9273 9.58435e-11 9.58143e-11 2.92379e-14 0.000305058 -0.00694598 6.05438e-14 0 7.33696e-13 0 6.71587e-12 0 2.17874e-11 0 4.76913e-11 0 8.51838e-11 0 1.35007e-10 0 1.96875e-10 0 2.69813e-10 0 3.54831e-10 0 4.51036e-10 0 5.59474e-10 0 6.78445e-10 0 8.05549e-10 0 9.43655e-10 0 1.09147e-09 0 1.2511e-09 0 1.41763e-09 0 1.59343e-09 0 1.78234e-09 0 1.97326e-09 0
43.0281 8.13085e-11 8.12847e-11 2.38484e-14 0.000293308 -0.00622312 1.26096e-13 0 1.35285e-12 0 1.11144e-11 0 3.40436e-11 0 7.17228e-11 0 1.24531e-10 0 1.92979e-10 0 2.76278e-10 0 3.72851e-10 0 4.83822e-10 0 6.0784e-10 0 7.46086e-10 0 8.96263e-10 0 1.05529e-09 0 1.2267e-09 0 1.40881e-09 0 1.60412e-09 0 1.80659e-09 0 2.01906e-09 0 2.24611e-09 0 2.47439e-09 0
45.2368 6.88825e-11 6.88631e-11 1.9387e-14 0.00028145 -0.00543296 2.47959e-13 0 2.36926e-12 0 1.75628e-11 0 5.09339e-11 0 1.03473e-10 0 1.74883e-10 0 2.65274e-10 0 3.73183e-10 0 4.96312e-10 0 6.35888e-10 0 7.90034e-10 0 9.60065e-10 0 1.14303e-09 0 1.33515e-09 0 1.54066e-09 0 1.75746e-09 0 1.98846e-09 0 2.22648e-09 0 2.47487e-09 0 2.73888e-09 0 3.00302e-09 0
47.5588 5.87792e-11 5.87635e-11 1.5721e-14 0.000267458 -0.00402656 4.6563e-13 0 3.98487e-12 0 2.67868e-11 0 7.3749e-11 0 1.44727e-10 0 2.38419e-10 0 3.54367e-10 0 4.90279e-10 0 6.43027e-10 0 8.13956e-10 0 1.00061e-09 0 1.20444e-09 0 1.42182e-09 0 1.64825e-09 0 1.8887e-09 0 2.14067e-09 0 2.40749e-09 0 2.68083e-09 0 2.96455e-09 0 3.26461e-09 0 3.5634e-09 0
50 5.02314e-11 5.02186e-11 1.27505e-14 0.000253836 -0.0026487 8.32351e-13 0 6.41443e-12 0 3.92881e-11 0 1.02949e-10 0 1.95488e-10 0 3.14288e-10 0 4.58181e-10 0 6.23941e-10 0 8.07568e-10 0 1.01054e-09 0 1.22981e-09 0 1.467e-09 0 1.71779e-09 0 1.97704e-09 0 2.25044e-09 0 2.53513e-09 0 2.8348e-09 0 3.14014e-09 0 3.45546e-09 0 3.78734e-09 0 4.11633e-09 0
52.5665 4.30959e-11 4.30856e-11 1.0335e-14 0.000239814 -0.00100638 1.42341e-12 0 9.92842e-12 0 5.56614e-11 0 1.39152e-10 0 2.56088e-10 0 4.02281e-10 0 5.75766e-10 0 7.72333e-10 0 9.87122e-10 0 1.22177e-09 0 1.47269e-09 0 1.74166e-09 0 2.02376e-09 0 2.31326e-09 0 2.61656e-09 0 2.93047e-09 0 3.25906e-09 0 3.59211e-09 0 3.93439e-09 0 4.29301e-09 0 4.647e-09 0
55.2648 3.70796e-11 3.70712e-11 8.37875e-15 0.000225967 0.000555826 2.3316e-12 0 1.47918e-11 0 7.62326e-11 0 1.82242e-10 0 3.25548e-10 0 5.0024e-10 0 7.03546e-10 0 9.30303e-10 0 1.17487e-09 0 1.43908e-09 0 1.71889e-09 0 2.01624e-09 0 2.32571e-09 0 2.64112e-09 0 2.96949e-09 0 3.3074e-09 0 3.65922e-09 0 4.01405e-09 0 4.37706e-09 0 4.75574e-09 0 5.12801e-09 0
58.1015 3.19894e-11 3.19826e-11 6.80224e-15 0.000212641 0.00198748 3.666e-12 0 2.12512e-11 0 1.01096e-10 0 2.31613e-10 0 4.02187e-10 0 6.05179e-10 0 8.37081e-10 0 1.09188e-09 0 1.3633e-09 0 1.65345e-09 0 1.95787e-09 0 2.27876e-09 0 2.61026e-09 0 2.94591e-09 0 3.29329e-09 0 3.64881e-09 0 4.01708e-09 0 4.38676e-09 0 4.7633e-09 0 5.15449e-09 0 5.53758e-09 0
61.0839 2.76422e-11 2.76366e-11 5.52456e-15 0.00019986 0.00320927 5.5385e-12 0 2.9466e-11 0 1.29898e-10 0 2.85794e-10 0 4.83079e-10 0 7.12543e-10 0 9.70102e-10 0 1.24909e-09 0 1.54277e-09 0 1.85357e-09 0 2.17682e-09 0 2.51489e-09 0 2.86172e-09 0 3.2107e-09 0 3.56983e-09 0 3.93547e-09 0 4.3124e-09 0 4.68907e-09 0 5.07115e-09 0 5.46653e-09 0 5.85231e-09 0
64.2193 2.39069e-11 2.39024e-11 4.48879e-15 0.000187761 0.0042158 8.05051e-12 0 3.94739e-11 0 1.61859e-10 0 3.42664e-10 0 5.64553e-10 0 8.17068e-10 0 1.09578e-09 0 1.39361e-09 0 1.70363e-09 0 2.02859e-09 0 2.36374e-09 0 2.71167e-09 0 3.06625e-09 0 3.42092e-09 0 3.78395e-09 0 4.15172e-09 0 4.52911e-09 0 4.90465e-09 0 5.28408e-09 0 5.67525e-09 0 6.05559e-09 0
67.5157 2.07005e-11 2.06969e-11 3.65008e-15 0.000176328 0.00495065 1.12836e-11 0 5.11942e-11 0 1.95942e-10 0 3.99906e-10 0 6.43e-10 0 9.13961e-10 0 1.20829e-09 0 1.51878e-09 0 1.83854e-09 0 2.17066e-09 0 2.5105e-09 0 2.86081e-09 0 3.21556e-09 0 3.5684e-09 0 3.92772e-09 0 4.29003e-09 0 4.66019e-09 0 5.02704e-09 0 5.39631e-09 0 5.77566e-09 0 6.14329e-09 0
70.9813 1.79447e-11 1.79417e-11 2.97104e-15 0.000165566 0.0054486 1.52773e-11 0 6.43807e-11 0 2.30784e-10 0 4.54896e-10 0 7.14658e-10 0 9.98535e-10 0 1.30224e-09 0 1.61871e-09 0 1.94134e-09 0 2.27355e-09 0 2.61091e-09 0 2.95634e-09 0 3.30406e-09 0 3.64806e-09 0 3.99668e-09 0 4.34662e-09 0 4.70267e-09 0 5.05418e-09 0 5.40675e-09 0 5.76773e-09 0 6.11646e-09 0
74.6248 1.55663e-11 1.55639e-11 2.41901e-15 0.000155401 0.00572688 2.00069e-11 0 7.8594e-11 0 2.64712e-10 0 5.04773e-10 0 7.75727e-10 0 1.06632e-09 0 1.37275e-09 0 1.68835e-09 0 2.00699e-09 0 2.33241e-09 0 2.66051e-09 0 2.99433e-09 0 3.32845e-09 0 3.65731e-09 0 3.98904e-09 0 4.32064e-09 0 4.65669e-09 0 4.98724e-09 0 5.31767e-09 0 5.65491e-09 0 5.97972e-09 0
78.4553 1.35128e-11 1.35108e-11 1.97002e-15 0.000145789 0.00580823 2.53853e-11 0 9.32786e-11 0 2.9609e-10 0 5.47102e-10 0 8.23338e-10 0 1.11434e-09 0 1.41702e-09 0 1.72531e-09 0 2.03372e-09 0 2.34625e-09 0 2.6592e-09 0 2.97569e-09 0 3.29075e-09 0 3.59935e-09 0 3.90929e-09 0 4.21785e-09 0 4.52939e-09 0 4.83478e-09 0 5.13908e-09 0 5.44869e-09 0 5.74607e-09 0
82.4824 1.1737e-11 1.17354e-11 1.60582e-15 0.000136817 0.00568972 3.12524e-11 0 1.07769e-10 0 3.23335e-10 0 5.79815e-10 0 8.55351e-10 0 1.14072e-09 0 1.43368e-09 0 1.72894e-09 0 2.02176e-09 0 2.31629e-09 0 2.60931e-09 0 2.90395e-09 0 3.19574e-09 0 3.48025e-09 0 3.76481e-09 0 4.04702e-09 0 4.33095e-09 0 4.60836e-09 0 4.88393e-09 0 5.16352e-09 0 5.43134e-09 0
86.7162 1.02184e-11 1.02171e-11 1.30949e-15 0.00012815 0.00533667 3.74538e-11 0 1.2158e-10 0 3.45733e-10 0 6.02574e-10 0 8.72242e-10 0 1.14705e-09 0 1.42569e-09 0 1.70372e-09 0 1.97717e-09 0 2.25028e-09 0 2.52034e-09 0 2.79041e-09 0 3.05657e-09 0 3.31496e-09 0 3.57237e-09 0 3.82674e-09 0 4.0818e-09 0 4.33022e-09 0 4.57629e-09 0 4.82528e-09 0 5.06316e-09 0
91.1674 8.92985e-12 8.92879e-12 1.06795e-15 0.000119593 0.00485216 4.38192e-11 0 1.34299e-10 0 3.62922e-10 0 6.15637e-10 0 8.75247e-10 0 1.13577e-09 0 1.39683e-09 0 1.65485e-09 0 1.90663e-09 0 2.15643e-09 0 2.40199e-09 0 2.6463e-09 0 2.88597e-09 0 3.11768e-09 0 3.34766e-09 0 3.57413e-09 0 3.8005e-09 0 4.02033e-09 0 4.23748e-09 0 4.45664e-09 0 4.66553e-09 0
95.847 7.83263e-12 7.83176e-12 8.71068e-16 0.00011121 0.00433479 5.01122e-11 0 1.45418e-10 0 3.74376e-10 0 6.18935e-10 0 8.65007e-10 0 1.10836e-09 0 1.3495e-09 0 1.5857e-09 0 1.81448e-09 0 2.04001e-09 0 2.26051e-09 0 2.4788e-09 0 2.69202e-09 0 2.89734e-09 0 3.10042e-09 0 3.29976e-09 0 3.4984e-09 0 3.69076e-09 0 3.8803e-09 0 4.07112e-09 0 4.25259e-09 0
100.767 6.89152e-12 6.89081e-12 7.11134e-16 0.00010319 0.00380604 5.60583e-11 0 1.54435e-10 0 3.79686e-10 0 6.1255e-10 0 8.4228e-10 0 1.06635e-09 0 1.28603e-09 0 1.49938e-09 0 1.70457e-09 0 1.90564e-09 0 2.10119e-09 0 2.2939e-09 0 2.48135e-09 0 2.66119e-09 0 2.83847e-09 0 3.01196e-09 0 3.18434e-09 0 3.35085e-09 0 3.5145e-09 0 3.67889e-09 0 3.83488e-09 0
105.939 6.10114e-12 6.10056e-12 5.80513e-16 9.51483e-05 0.00316383 6.16074e-11 0 1.61539e-10 0 3.80137e-10 0 5.99196e-10 0 8.11296e-10 0 1.01547e-09 0 1.21364e-09 0 1.40454e-09 0 1.58693e-09 0 1.76463e-09 0 1.93661e-09 0 2.10536e-09 0 2.26884e-09 0 2.42516e-09 0 2.57876e-09 0 2.72863e-09 0 2.87716e-09 0 3.02026e-09 0 3.1606e-09 0 3.30125e-09 0 3.43445e-09 0
111.377 5.43332e-12 5.43284e-12 4.73827e-16 8.72077e-05 0.0025335 6.65737e-11 0 1.66551e-10 0 3.75957e-10 0 5.79676e-10 0 7.73451e-10 0 9.57669e-10 0 1.13478e-09 0 1.3041e-09 0 1.46484e-09 0 1.62062e-09 0 1.77068e-09 0 1.9173e-09 0 2.05884e-09 0 2.19372e-09 0 2.32587e-09 0 2.45446e-09 0 2.58157e-09 0 2.70375e-09 0 2.82331e-09 0 2.9429e-09 0 3.05593e-09 0
117.094 4.90002e-12 4.89963e-12 3.86914e-16 7.89618e-05 0.00191362 7.12946e-11 0 1.70573e-10 0 3.70114e-10 0 5.5884e-10 0 7.35353e-10 0 9.01195e-10 0 1.05921e-09 0 1.20918e-09 0 1.35071e-09 0 1.48718e-09 0 1.61805e-09 0 1.74544e-09 0 1.86797e-09 0 1.98439e-09 0 2.09813e-09 0 2.20852e-09 0 2.31738e-09 0 2.42179e-09 0 2.52375e-09 0 2.62554e-09 0 2.72158e-09 0
123.105 4.48693e-12 4.48662e-12 3.16204e-16 7.04721e-05 0.00133736 7.5945e-11 0 1.74151e-10 0 3.63958e-10 0 5.38732e-10 0 6.99609e-10 0 8.49083e-10 0 9.90296e-10 0 1.12341e-09 0 1.24832e-09 0 1.3682e-09 0 1.48269e-09 0 1.59371e-09 0 1.70017e-09 0 1.801e-09 0 1.89926e-09 0 1.9944e-09 0 2.08802e-09 0 2.17761e-09 0 2.26494e-09 0 2.35197e-09 0 2.43394e-09 0
129.424 4.16504e-12 4.16478e-12 2.58643e-16 6.20987e-05 0.000819859 8.04214e-11 0 1.77131e-10 0 3.57228e-10 0 5.18899e-10 0 6.65485e-10 0 8.00255e-10 0 9.26558e-10 0 1.04485e-09 0 1.15528e-09 0 1.26077e-09 0 1.36113e-09 0 1.45812e-09 0 1.55083e-09 0 1.63841e-09 0 1.72354e-09 0 1.80578e-09 0 1.88654e-09 0 1.96367e-09 0 2.03873e-09 0 2.11339e-09 0 2.18361e-09 0
136.067 3.86352e-12 3.8633e-12 2.11733e-16 5.48032e-05 0.0003858 8.35358e-11 0 1.77081e-10 0 3.45258e-10 0 4.92633e-10 0 6.24365e-10 0 7.44281e-10 0 8.55818e-10 0 9.59652e-10 0 1.0561e-09 0 1.14785e-09 0 1.23481e-09 0 1.31859e-09 0 1.39844e-09 0 1.47368e-09 0 1.54664e-09 0 1.61697e-09 0 1.6859e-09 0 1.75162e-09 0 1.81546e-09 0 1.87887e-09 0 1.93842e-09 0
143.051 3.50901e-12 3.50884e-12 1.73581e-16 4.94673e-05 1.95556e-05 8.34739e-11 0 1.70635e-10 0 3.22197e-10 0 4.52015e-10 0 5.66503e-10 0 6.69751e-10 0 7.65106e-10 0 8.53371e-10 0 9.34972e-10 0 1.0123e-09 0 1.08534e-09 0 1.15549e-09 0 1.22216e-09 0 1.28484e-09 0 1.34549e-09 0 1.40385e-09 0 1.46092e-09 0 1.51526e-09 0 1.56795e-09 0 1.62021e-09 0 1.66922e-09 0
150.394 3.12369e-12 3.12354e-12 1.42263e-16 4.55434e-05 -0.000305945 8.03961e-11 0 1.58774e-10 0 2.90831e-10 0 4.01528e-10 0 4.97924e-10 0 5.84095e-10 0 6.63149e-10 0 7.35937e-10 0 8.02935e-10 0 8.66186e-10 0 9.25743e-10 0 9.82779e-10 0 1.03686e-09 0 1.08758e-09 0 1.13656e-09 0 1.18359e-09 0 1.22952e-09 0 1.27317e-09 0 1.31545e-09 0 1.35732e-09 0 1.39653e-09 0
158.114 2.74992e-12 2.7498e-12 1.16424e-16 4.23373e-05 -0.000536176 7.53676e-11 0 1.44055e-10 0 2.56387e-10 0 3.48651e-10 0 4.28044e-10 0 4.98432e-10 0 5.62604e-10 0 6.21395e-10 0 6.75288e-10 0 7.25992e-10 0 7.73591e-10 0 8.19055e-10 0 8.62059e-10 0 9.02309e-10 0 9.41105e-10 0 9.78297e-10 0 1.01456e-09 0 1.04897e-09 0 1.08224e-09 0 1.11516e-09 0 1.14595e-09 0
166.23 2.41748e-12 2.41739e-12 9.52179e-17 3.93872e-05 -0.000759158 6.94985e-11 0 1.28783e-10 0 2.2305e-10 0 2.99005e-10 0 3.63635e-10 0 4.20495e-10 0 4.72031e-10 0 5.19025e-10 0 5.6194e-10 0 6.02185e-10 0 6.39859e-10 0 6.75755e-10 0 7.09635e-10 0 7.41283e-10 0 7.71735e-10 0 8.0088e-10 0 8.29253e-10 0 8.56142e-10 0 8.82113e-10 0 9.07771e-10 0 9.31749e-10 0
174.763 2.12784e-12 2.12776e-12 7.79061e-17 3.66128e-05 -0.000974741 6.32538e-11 0 1.13821e-10 0 1.92123e-10 0 2.54086e-10 0 3.06261e-10 0 3.51831e-10 0 3.9291e-10 0 4.30205e-10 0 4.64142e-10 0 4.95872e-10 0 5.25498e-10 0 5.53661e-10 0 5.80188e-10 0 6.04922e-10 0 6.28683e-10 0 6.51391e-10 0 6.73466e-10 0 6.9436e-10 0 7.14517e-10 0 7.3441e-10 0 7.5298e-10 0
183.733 1.89656e-12 1.8965e-12 6.37111e-17 3.35929e-05 -0.0011098 5.75133e-11 0 1.00655e-10 0 1.65815e-10 0 2.16511e-10 0 2.58781e-10 0 2.95453e-10 0 3.28341e-10 0 3.5808e-10 0 3.85052e-10 0 4.10198e-10 0 4.33621e-10 0 4.55839e-10 0 4.76727e-10 0 4.96171e-10 0 5.14822e-10 0 5.32621e-10 0 5.49902e-10 0 5.66239e-10 0 5.81983e-10 0 5.97505e-10 0 6.11981e-10 0
193.164 1.69411e-12 1.69406e-12 5.20898e-17 3.07477e-05 -0.00123724 5.17394e-11 0 8.82005e-11 0 1.41996e-10 0 1.83191e-10 0 2.17225e-10 0 2.46566e-10 0 2.72756e-10 0 2.96349e-10 0 3.1768e-10 0 3.37516e-10 0 3.55951e-10 0 3.73404e-10 0 3.89783e-10 0 4.05005e-10 0 4.19586e-10 0 4.33484e-10 0 4.46961e-10 0 4.59689e-10 0 4.71942e-10 0 4.8401e-10 0 4.95256e-10 0
203.079 1.51939e-12 1.51934e-12 4.25977e-17 2.80362e-05 -0.00134165 4.61693e-11 0 7.67736e-11 0 1.20948e-10 0 1.54275e-10 0 1.81575e-10 0 2.04973e-10 0 2.25766e-10 0 2.44432e-10 0 2.6126e-10 0 2.76871e-10 0 2.91349e-10 0 3.05031e-10 0 3.1785e-10 0 3.29748e-10 0 3.41128e-10 0 3.51963e-10 0 3.62458e-10 0 3.7236e-10 0 3.81884e-10 0 3.91256e-10 0 3.99981e-10 0
213.503 1.37234e-12 1.37231e-12 3.4849e-17 2.53938e-05 -0.00139692 4.10172e-11 0 6.6624e-11 0 1.02833e-10 0 1.29774e-10 0 1.51668e-10 0 1.70331e-10 0 1.86848e-10 0 2.01628e-10 0 2.14917e-10 0 2.27217e-10 0 2.38603e-10 0 2.49345e-10 0 2.59394e-10 0 2.68708e-10 0 2.77607e-10 0 2.8607e-10 0 2.94259e-10 0 3.01978e-10 0 3.09397e-10 0 3.16691e-10 0 3.23477e-10 0
224.463 1.23943e-12 1.2394e-12 2.85041e-17 2.29978e-05 -0.00145044 3.60437e-11 0 5.72629e-11 0 8.66971e-11 0 1.08315e-10 0 1.25754e-10 0 1.40545e-10 0 1.53585e-10 0 1.65219e-10 0 1.75654e-10 0 1.85293e-10 0 1.94199e-10 0 2.02588e-10 0 2.10426e-10 0 2.17681e-10 0 2.24605e-10 0 2.31183e-10 0 2.37543e-10 0 2.43533e-10 0 2.49284e-10 0 2.54935e-10 0 2.60189e-10 0
235.984 1.11921e-12 1.11919e-12 2.33095e-17 2.08268e-05 -0.00150219 3.13454e-11 0 4.87689e-11 0 7.25089e-11 0 8.97358e-11 0 1.03538e-10 0 1.15189e-10 0 1.25426e-10 0 1.34532e-10 0 1.42682e-10 0 1.50197e-10 0 1.57128e-10 0 1.63648e-10 0 1.69731e-10 0 1.75356e-10 0 1.80719e-10 0 1.8581e-10 0 1.90727e-10 0 1.95354e-10 0 1.99794e-10 0 2.04153e-10 0 2.08204e-10 0
248.097 1.01068e-12 1.01066e-12 1.9072e-17 1.88706e-05 -0.00155212 2.69978e-11 0 4.11857e-11 0 6.01972e-11 0 7.38391e-11 0 8.46996e-11 0 9.38282e-11 0 1.01823e-10 0 1.08917e-10 0 1.15252e-10 0 1.21083e-10 0 1.26454e-10 0 1.31499e-10 0 1.36201e-10 0 1.40543e-10 0 1.4468e-10 0 1.48603e-10 0 1.5239e-10 0 1.55951e-10 0 1.59365e-10 0 1.62716e-10 0 1.65827e-10 0
260.832 9.1783e-13 9.17814e-13 1.56058e-17 1.70029e-05 -0.00155781 2.31726e-11 0 3.47005e-11 0 4.99102e-11 0 6.07112e-11 0 6.92597e-11 0 7.64163e-11 0 8.26653e-11 0 8.81973e-11 0 9.31283e-11 0 9.76593e-11 0 1.01827e-10 0 1.05737e-10 0 1.09377e-10 0 1.12736e-10 0 1.15933e-10 0 1.18963e-10 0 1.21885e-10 0 1.24631e-10 0 1.27262e-10 0 1.29843e-10 0 1.32238e-10 0
274.221 8.33902e-13 8.33889e-13 1.27665e-17 1.53094e-05 -0.0015556 1.97284e-11 0 2.90316e-11 0 4.11306e-11 0 4.96404e-11 0 5.63391e-11 0 6.19266e-11 0 6.67921e-11 0 7.10899e-11 0 7.49141e-11 0 7.84229e-11 0 8.16462e-11 0 8.46669e-11 0 8.74763e-11 0 9.00665e-11 0 9.25299e-11 0 9.48624e-11 0 9.71107e-11 0 9.92222e-11 0 1.01245e-10 0 1.03227e-10 0 1.05066e-10 0
288.297 7.57212e-13 7.57202e-13 1.04425e-17 1.37908e-05 -0.00155339 1.66512e-11 0 2.41043e-11 0 3.36687e-11 0 4.03362e-11 0 4.55586e-11 0 4.98999e-11 0 5.36708e-11 0 5.6995e-11 0 5.99482e-11 0 6.26541e-11 0 6.51369e-11 0 6.74614e-11 0 6.96212e-11 0 7.16109e-11 0 7.35019e-11 0 7.52912e-11 0 7.70149e-11 0 7.86327e-11 0 8.01815e-11 0 8.16989e-11 0 8.31059e-11 0
303.095 6.87971e-13 6.87962e-13 8.54728e-18 1.24239e-05 -0.00154456 1.39554e-11 0 1.98924e-11 0 2.74178e-11 0 3.26211e-11 0 3.66778e-11 0 4.00397e-11 0 4.29531e-11 0 4.55167e-11 0 4.77908e-11 0 4.98718e-11 0 5.17793e-11 0 5.35634e-11 0 5.52198e-11 0 5.67446e-11 0 5.81928e-11 0 5.95623e-11 0 6.08808e-11 0 6.21178e-11 0 6.33014e-11 0 6.44605e-11 0 6.55348e-11 0
318.653 6.26844e-13 6.26837e-13 6.99445e-18 1.11582e-05 -0.00151104 1.16458e-11 0 1.63612e-11 0 2.22704e-11 0 2.63254e-11 0 2.94736e-11 0 3.20751e-11 0 3.43247e-11 0 3.63009e-11 0 3.80516e-11 0 3.96519e-11 0 4.11172e-11 0 4.24866e-11 0 4.3757e-11 0 4.49257e-11 0 4.60349e-11 0 4.70834e-11 0 4.80923e-11 0 4.90384e-11 0 4.99433e-11 0 5.0829e-11 0 5.16497e-11 0
335.009 5.70725e-13 5.7072e-13 5.72229e-18 1.00264e-05 -0.00147912 9.6461e-12 0 1.33684e-11 0 1.79845e-11 0 2.113e-11 0 2.35627e-11 0 2.55677e-11 0 2.72981e-11 0 2.8816e-11 0 3.01588e-11 0 3.13851e-11 0 3.25069e-11 0 3.35545e-11 0 3.45256e-11 0 3.54185e-11 0 3.62655e-11 0 3.70657e-11 0 3.78354e-11 0 3.85567e-11 0 3.92464e-11 0 3.99213e-11 0 4.05464e-11 0
352.205 5.19335e-13 5.1933e-13 4.68252e-18 9.01637e-06 -0.00144875 7.93493e-12 0 1.08572e-11 0 1.44461e-11 0 1.68762e-11 0 1.87489e-11 0 2.02886e-11 0 2.16152e-11 0 2.27771e-11 0 2.38039e-11 0 2.47406e-11 0 2.55969e-11 0 2.63959e-11 0 2.71362e-11 0 2.78164e-11 0 2.84614e-11 0 2.90704e-11 0 2.96559e-11 0 3.02045e-11 0 3.07288e-11 0 3.12417e-11 0 3.17167e-11 0
370.284 4.73613e-13 4.73609e-13 3.83282e-18 8.09273e-06 -0.00139948 6.50297e-12 0 8.79172e-12 0 1.15777e-11 0 1.3453e-11 0 1.48935e-11 0 1.60753e-11 0 1.70918e-11 0 1.7981e-11 0 1.8766e-11 0 1.94815e-11 0 2.01351e-11 0 2.07445e-11 0 2.13089e-11 0 2.18272e-11 0 2.23183e-11 0 2.2782e-11 0 2.32275e-11 0 2.36448e-11 0 2.40436e-11 0 2.44335e-11 0 2.47944e-11 0
389.291 4.31738e-13 4.31735e-13 3.13655e-18 7.26493e-06 -0.00135029 5.29765e-12 0 7.08197e-12 0 9.23626e-12 0 1.06786e-11 0 1.17832e-11 0 1.26876e-11 0 1.34643e-11 0 1.4143e-11 0 1.47416e-11 0 1.52867e-11 0 1.57844e-11 0 1.62481e-11 0 1.66773e-11 0 1.70713e-11 0 1.74445e-11 0 1.77967e-11 0 1.8135e-11 0 1.84518e-11 0 1.87544e-11 0 1.90502e-11 0 1.93239e-11 0
409.273 3.93281e-13 3.93278e-13 2.56612e-18 6.5249e-06 -0.00130371 4.29011e-12 0 5.67482e-12 0 7.33414e-12 0 8.43962e-12 0 9.28392e-12 0 9.97395e-12 0 1.05658e-11 0 1.10823e-11 0 1.15375e-11 0 1.19518e-11 0 1.23297e-11 0 1.26817e-11 0 1.30073e-11 0 1.33061e-11 0 1.3589e-11 0 1.38559e-11 0 1.41122e-11 0 1.43521e-11 0 1.45812e-11 0 1.48051e-11 0 1.50122e-11 0
430.281 3.58789e-13 3.58787e-13 2.10055e-18 5.85457e-06 -0.00124444 3.46241e-12 0 4.53482e-12 0 5.8111e-12 0 6.65756e-12 0 7.30242e-12 0 7.82857e-12 0 8.27928e-12 0 8.67229e-12 0 9.01834e-12 0 9.33307e-12 0 9.62002e-12 0 9.88716e-12 0 1.01342e-11 0 1.03607e-11 0 1.05752e-11 0 1.07774e-11 0 1.09716e-11 0 1.11533e-11 0 1.13267e-11 0 1.14962e-11 0 1.1653e-11 0
452.368 3.27241e-13 3.27239e-13 1.71937e-18 5.25413e-06 -0.00118508 2.78089e-12 0 3.60853e-12 0 4.58732e-12 0 5.23381e-12 0 5.72521e-12 0 6.12554e-12 0 6.46808e-12 0 6.7665e-12 0 7.02908e-12 0 7.26774e-12 0 7.48524e-12 0 7.68762e-12 0 7.87468e-12 0 8.04619e-12 0 8.2085e-12 0 8.3615e-12 0 8.50836e-12 0 8.64576e-12 0 8.7769e-12 0 8.90502e-12 0 9.0235e-12 0
475.588 2.98242e-13 2.98241e-13 1.407e-18 4.71764e-06 -0.00112929 2.22223e-12 0 2.85859e-12 0 3.60685e-12 0 4.09922e-12 0 4.47269e-12 0 4.77653e-12 0 5.03623e-12 0 5.26231e-12 0 5.4611e-12 0 5.64169e-12 0 5.80618e-12 0 5.95919e-12 0 6.10055e-12 0 6.23013e-12 0 6.35271e-12 0 6.46824e-12 0 6.5791e-12 0 6.6828e-12 0 6.78175e-12 0 6.87841e-12 0 6.96779e-12 0
500 2.71635e-13 2.71634e-13 1.15122e-18 4.23813e-06 -0.00107661 1.76747e-12 0 2.25511e-12 0 2.82549e-12 0 3.19951e-12 0 3.48269e-12 0 3.71277e-12 0 3.90925e-12 0 4.08017e-12 0 4.23036e-12 0 4.36674e-12 0 4.4909e-12 0 4.60636e-12 0 4.71299e-12 0 4.8107e-12 0 4.90312e-12 0 4.99019e-12 0 5.07374e-12 0 5.15186e-12 0 5.2264e-12 0 5.2992e-12 0 5.3665e-12 0
525.665 2.4792e-13 2.47919e-13 9.42542e-19 3.80181e-06 -0.00100863 1.40338e-12 0 1.77691e-12 0 2.21172e-12 0 2.49596e-12 0 2.71078e-12 0 2.88512e-12 0 3.03388e-12 0 3.16319e-12 0 3.27677e-12 0 3.37985e-12 0 3.47366e-12 0 3.56087e-12 0 3.64138e-12 0 3.71514e-12 0 3.78489e-12 0 3.85059e-12 0 3.91361e-12 0 3.97254e-12 0 4.02875e-12 0 4.08364e-12 0 4.13438e-12 0
552.648 2.26096e-13 2.26095e-13 7.71475e-19 3.41216e-06 -0.000945123 1.10946e-12 0 1.3947e-12 0 1.72529e-12 0 1.94078e-12 0 2.10339e-12 0 2.23522e-12 0 2.34762e-12 0 2.44526e-12 0 2.53098e-12 0 2.60875e-12 0 2.6795e-12 0 2.74524e-12 0 2.80593e-12 0 2.86151e-12 0 2.91406e-12 0 2.96355e-12 0 3.01101e-12 0 3.05538e-12 0 3.0977e-12 0 3.13902e-12 0 3.1772e-12 0
581.015 2.06032e-13 2.06031e-13 6.31293e-19 3.06406e-06 -0.000885932 8.73495e-13 0 1.0907e-12 0 1.34142e-12 0 1.50443e-12 0 1.62726e-12 0 1.72675e-12 0 1.81151e-12 0 1.88511e-12 0 1.94968e-12 0 2.00825e-12 0 2.06152e-12 0 2.111e-12 0 2.15666e-12 0 2.19848e-12 0 2.238e-12 0 2.27521e-12 0 2.3109e-12 0 2.34426e-12 0 2.37607e-12 0 2.40712e-12 0 2.43582e-12 0
610.839 1.87628e-13 1.87628e-13 5.16687e-19 2.75378e-06 -0.000830789 6.85131e-13 0 8.50103e-13 0 1.03985e-12 0 1.16291e-12 0 1.25553e-12 0 1.33048e-12 0 1.3943e-12 0 1.44968e-12 0 1.49825e-12 0 1.54229e-12 0 1.58233e-12 0 1.61952e-12 0 1.65383e-12 0 1.68524e-12 0 1.71492e-12 0 1.74287e-12 0 1.76967e-12 0 1.79471e-12 0 1.81859e-12 0 1.84189e-12 0 1.86343e-12 0
642.193 1.7077e-13 1.7077e-13 4.22993e-19 2.47697e-06 -0.000779394 5.35502e-13 0 6.60516e-13 0 8.03827e-13 0 8.96578e-13 0 9.66297e-13 0 1.02267e-12 0 1.07064e-12 0 1.11226e-12 0 1.14874e-12 0 1.18181e-12 0 1.21187e-12 0 1.23978e-12 0 1.26552e-12 0 1.28909e-12 0 1.31136e-12 0 1.33232e-12 0 1.35241e-12 0 1.37119e-12 0 1.38909e-12 0 1.40656e-12 0 1.42271e-12 0
675.157 1.55322e-13 1.55321e-13 3.46198e-19 2.22891e-06 -0.000731406 4.17118e-13 0 5.1164e-13 0 6.1967e-13 0 6.8945e-13 0 7.41846e-13 0 7.84183e-13 0 8.20191e-13 0 8.51413e-13 0 8.78779e-13 0 9.03574e-13 0 9.26107e-13 0 9.47025e-13 0 9.66317e-13 0 9.83974e-13 0 1.00065e-12 0 1.01635e-12 0 1.0314e-12 0 1.04546e-12 0 1.05887e-12 0 1.07195e-12 0 1.08404e-12 0
709.813 1.4127e-13 1.4127e-13 2.83276e-19 2.00521e-06 -0.000683548 3.24068e-13 0 3.95432e-13 0 4.76772e-13 0 5.29218e-13 0 5.68561e-13 0 6.00331e-13 0 6.27337e-13 0 6.50745e-13 0 6.71257e-13 0 6.89836e-13 0 7.06717e-13 0 7.22385e-13 0 7.36833e-13 0 7.50054e-13 0 7.62542e-13 0 7.74295e-13 0 7.8556e-13 0 7.96083e-13 0 8.06115e-13 0 8.15904e-13 0 8.24947e-13 0
746.248 1.2864e-13 1.28639e-13 2.31913e-19 1.80281e-06 -0.000631579 2.51457e-13 0 3.0533e-13 0 3.66581e-13 0 4.0601e-13 0 4.35562e-13 0 4.59411e-13 0 4.79676e-13 0 4.97235e-13 0 5.12617e-13 0 5.26547e-13 0 5.392e-13 0 5.50943e-13 0 5.61769e-13 0 5.71675e-13 0 5.81031e-13 0 5.89835e-13 0 5.98272e-13 0 6.06153e-13 0 6.13666e-13 0 6.20996e-13 0 6.27767e-13 0
784.553 1.17059e-13 1.17059e-13 1.89848e-19 1.62181e-06 -0.000583543 1.94541e-13 0 2.35134e-13 0 2.81182e-13 0 3.10781e-13 0 3.32948e-13 0 3.50827e-13 0 3.66014e-13 0 3.79168e-13 0 3.90689e-13 0 4.0112e-13 0 4.10593e-13 0 4.19384e-13 0 4.27487e-13 0 4.349e-13 0 4.41901e-13 0 4.48488e-13 0 4.548e-13 0 4.60697e-13 0 4.66316e-13 0 4.71799e-13 0 4.76863e-13 0
824.824 1.06446e-13 1.06446e-13 1.55372e-19 1.45962e-06 -0.000539097 1.5008e-13 0 1.80613e-13 0 2.15177e-13 0 2.37365e-13 0 2.5397e-13 0 2.67356e-13 0 2.78722e-13 0 2.88565e-13 0 2.97183e-13 0 3.04984e-13 0 3.12069e-13 0 3.18641e-13 0 3.24699e-13 0 3.30241e-13 0 3.35473e-13 0 3.40396e-13 0 3.45114e-13 0 3.4952e-13 0 3.53719e-13 0 3.57815e-13 0 3.61599e-13 0
867.163 9.67324e-14 9.67323e-14 1.27142e-19 1.31437e-06 -0.000497965 1.15473e-13 0 1.38401e-13 0 1.64308e-13 0 1.80919e-13 0 1.93341e-13 0 2.03351e-13 0 2.11848e-13 0 2.19204e-13 0 2.25644e-13 0 2.31472e-13 0 2.36764e-13 0 2.41673e-13 0 2.46197e-13 0 2.50335e-13 0 2.54242e-13 0 2.57918e-13 0 2.61439e-13 0 2.64728e-13 0 2.67863e-13 0 2.7092e-13 0 2.73744e-13 0
911.674 8.78664e-14 8.78663e-14 1.04101e-19 1.18476e-06 -0.000459942 8.86398e-14 0 1.05835e-13 0 1.2523e-13 0 1.37652e-13 0 1.46937e-13 0 1.54416e-13 0 1.60762e-13 0 1.66255e-13 0 1.71062e-13 0 1.75413e-13 0 1.79363e-13 0 1.83026e-13 0 1.86402e-13 0 1.89489e-13 0 1.92404e-13 0 1.95146e-13 0 1.97773e-13 0 2.00227e-13 0 2.02564e-13 0 2.04845e-13 0 2.06951e-13 0
958.471 7.97619e-14 7.97618e-14 8.52115e-20 1.06832e-06 -0.000424695 6.78779e-14 0 8.07543e-14 0 9.52566e-14 0 1.04535e-13 0 1.11467e-13 0 1.17048e-13 0 1.21783e-13 0 1.2588e-13 0 1.29466e-13 0 1.3271e-13 0 1.35655e-13 0 1.38386e-13 0 1.40903e-13 0 1.43204e-13 0 1.45377e-13 0 1.4742e-13 0 1.49378e-13 0 1.51206e-13 0 1.52948e-13 0 1.54648e-13 0 1.56217e-13 0
1007.67 7.23777e-14 7.23777e-14 6.9731e-20 9.63431e-07 -0.000391616 5.18731e-14 0 6.1505e-14 0 7.23379e-14 0 7.92628e-14 0 8.44331e-14 0 8.85952e-14 0 9.21251e-14 0 9.51791e-14 0 9.78513e-14 0 1.00269e-13 0 1.02463e-13 0 1.04498e-13 0 1.06372e-13 0 1.08087e-13 0 1.09705e-13 0 1.11227e-13 0 1.12685e-13 0 1.14047e-13 0 1.15344e-13 0 1.1661e-13 0 1.17778e-13 0
1059.39 6.57312e-14 6.57312e-14 5.70772e-20 8.68342e-07 -0.000359049 3.96124e-14 0 4.68185e-14 0 5.49128e-14 0 6.00829e-14 0 6.39413e-14 0 6.70463e-14 0 6.96791e-14 0 7.19566e-14 0 7.39491e-14 0 7.57515e-14 0 7.73873e-14 0 7.8904e-14 0 8.03013e-14 0 8.1579e-14 0 8.27851e-14 0 8.39194e-14 0 8.5006e-14 0 8.60205e-14 0 8.69872e-14 0 8.793e-14 0 8.88006e-14 0
1113.77 5.96648e-14 5.96648e-14 4.673e-20 7.83209e-07 -0.000329062 3.01899e-14 0 3.55751e-14 0 4.16172e-14 0 4.54736e-14 0 4.83504e-14 0 5.06649e-14 0 5.2627e-14 0 5.43241e-14 0 5.58086e-14 0 5.71514e-14 0 5.83698e-14 0 5.94995e-14 0 6.05403e-14 0 6.14918e-14 0 6.239e-14 0 6.32347e-14 0 6.40438e-14 0 6.47992e-14 0 6.5519e-14 0 6.6221e-14 0 6.68692e-14 0
1170.94 5.41238e-14 5.41238e-14 3.8247e-20 7.06658e-07 -0.000301394 2.29621e-14 0 2.69818e-14 0 3.14871e-14 0 3.43607e-14 0 3.65036e-14 0 3.82272e-14 0 3.96881e-14 0 4.09516e-14 0 4.20566e-14 0 4.3056e-14 0 4.39628e-14 0 4.48036e-14 0 4.5578e-14 0 4.62861e-14 0 4.69544e-14 0 4.75829e-14 0 4.81849e-14 0 4.87469e-14 0 4.92823e-14 0 4.98046e-14 0 5.02868e-14 0
1231.05 4.90621e-14 4.90621e-14 3.1297e-20 6.37904e-07 -0.000275712 1.74294e-14 0 2.04262e-14 0 2.37819e-14 0 2.59209e-14 0 2.75155e-14 0 2.87978e-14 0 2.98845e-14 0 3.08242e-14 0 3.1646e-14 0 3.23891e-14 0 3.30634e-14 0 3.36885e-14 0 3.42643e-14 0 3.47907e-14 0 3.52875e-14 0 3.57547e-14 0 3.62022e-14 0 3.66199e-14 0 3.70179e-14 0 3.74061e-14 0 3.77645e-14 0
1294.24 4.45206e-14 4.45206e-14 2.56241e-20 5.75555e-07 -0.00025192 1.32274e-14 0 1.54629e-14 0 1.79641e-14 0 1.95575e-14 0 2.0745e-14 0 2.16998e-14 0 2.25088e-14 0 2.32082e-14 0 2.38198e-14 0 2.43729e-14 0 2.48747e-14 0 2.53399e-14 0 2.57683e-14 0 2.616e-14 0 2.65297e-14 0 2.68772e-14 0 2.72102e-14 0 2.7521e-14 0 2.7817e-14 0 2.81058e-14 0 2.83724e-14 0
1360.67 4.03871e-14 4.03871e-14 2.09765e-20 5.19386e-07 -0.000230025 1.00238e-14 0 1.16903e-14 0 1.35533e-14 0 1.47396e-14 0 1.56234e-14 0 1.63339e-14 0 1.69359e-14 0 1.74563e-14 0 1.79113e-14 0 1.83227e-14 0 1.8696e-14 0 1.90419e-14 0 1.93606e-14 0 1.96519e-14 0 1.99268e-14 0 2.01853e-14 0 2.04328e-14 0 2.0664e-14 0 2.08841e-14 0 2.10989e-14 0 2.12971e-14 0
1430.51 3.66157e-14 3.66157e-14 1.71675e-20 4.68856e-07 -0.00020987 7.58327e-15 0 8.82435e-15 0 1.02108e-14 0 1.10933e-14 0 1.17506e-14 0 1.22789e-14 0 1.27264e-14 0 1.31133e-14 0 1.34515e-14 0 1.37573e-14 0 1.40347e-14 0 1.42919e-14 0 1.45287e-14 0 1.47452e-14 0 1.49495e-14 0 1.51416e-14 0 1.53255e-14 0 1.54973e-14 0 1.56609e-14 0 1.58204e-14 0 1.59677e-14 0
1503.94 3.31817e-14 3.31817e-14 1.4049e-20 4.23395e-07 -0.00019132 5.72851e-15 0 6.65206e-15 0 7.68316e-15 0 8.33915e-15 0 8.82767e-15 0 9.22025e-15 0 9.55277e-15 0 9.84019e-15 0 1.00915e-14 0 1.03186e-14 0 1.05247e-14 0 1.07157e-14 0 1.08916e-14 0 1.10524e-14 0 1.12041e-14 0 1.13468e-14 0 1.14834e-14 0 1.1611e-14 0 1.17325e-14 0 1.1851e-14 0 1.19603e-14 0
1581.14 3.01016e-14 3.01016e-14 1.15033e-20 3.8215e-07 -0.000174374 4.32777e-15 0 5.01555e-15 0 5.78298e-15 0 6.27105e-15 0 6.63443e-15 0 6.92641e-15 0 7.17371e-15 0 7.38744e-15 0 7.57428e-15 0 7.7432e-15 0 7.89642e-15 0 8.03842e-15 0 8.1692e-15 0 8.28873e-15 0 8.40153e-15 0 8.50759e-15 0 8.60916e-15 0 8.70397e-15 0 8.79428e-15 0 8.88236e-15 0 8.96367e-15 0
1662.3 2.72916e-14 2.72916e-14 9.41628e-21 3.45024e-07 -0.000158817 3.26465e-15 0 3.77642e-15 0 4.34715e-15 0 4.71e-15 0 4.98011e-15 0 5.19711e-15 0 5.38089e-15 0 5.53971e-15 0 5.67855e-15 0 5.80406e-15 0 5.9179e-15 0 6.0234e-15 0 6.12056e-15 0 6.20937e-15 0 6.29316e-15 0 6.37195e-15 0 6.4474e-15 0 6.51784e-15 0 6.58493e-15 0 6.65035e-15 0 6.71075e-15 0
1747.63 2.47295e-14 2.47295e-14 7.70575e-21 3.11602e-07 -0.000144528 2.45912e-15 0 2.8396e-15 0 3.26372e-15 0 3.53327e-15 0 3.7339e-15 0 3.89506e-15 0 4.03154e-15 0 4.14947e-15 0 4.25256e-15 0 4.34575e-15 0 4.43027e-15 0 4.5086e-15 0 4.58074e-15 0 4.64667e-15 0 4.70888e-15 0 4.76737e-15 0 4.82338e-15 0 4.87567e-15 0 4.92547e-15 0 4.97404e-15 0 5.01887e-15 0
1837.33 2.23981e-14 2.23981e-14 6.30754e-21 2.8161e-07 -0.000131415 1.85004e-15 0 2.13273e-15 0 2.4477e-15 0 2.64783e-15 0 2.79676e-15 0 2.91639e-15 0 3.01768e-15 0 3.10521e-15 0 3.18171e-15 0 3.25087e-15 0 3.31359e-15 0 3.37172e-15 0 3.42525e-15 0 3.47417e-15 0 3.52033e-15 0 3.56373e-15 0 3.60529e-15 0 3.64408e-15 0 3.68104e-15 0 3.71707e-15 0 3.75033e-15 0
1931.64 2.02779e-14 2.02779e-14 5.16415e-21 2.54669e-07 -0.000119374 1.39015e-15 0 1.60004e-15 0 1.83382e-15 0 1.98232e-15 0 2.09282e-15 0 2.18156e-15 0 2.2567e-15 0 2.32163e-15 0 2.37838e-15 0 2.42967e-15 0 2.47619e-15 0 2.5193e-15 0 2.559e-15 0 2.59528e-15 0 2.62952e-15 0 2.6617e-15 0 2.69253e-15 0 2.72129e-15 0 2.7487e-15 0 2.77542e-15 0 2.80009e-15 0
2030.79 1.83949e-14 1.83949e-14 4.22682e-21 2.29783e-07 -0.000108496 1.0459e-15 0 1.20203e-15 0 1.37586e-15 0 1.48626e-15 0 1.56839e-15 0 1.63435e-15 0 1.6902e-15 0 1.73845e-15 0 1.78062e-15 0 1.81874e-15 0 1.85331e-15 0 1.88535e-15 0 1.91485e-15 0 1.94181e-15 0 1.96724e-15 0 1.99116e-15 0 2.01406e-15 0 2.03544e-15 0 2.0558e-15 0 2.07565e-15 0 2.09398e-15 0
2135.03 1.67806e-14 1.67806e-14 3.45872e-21 2.06114e-07 -9.89933e-05 7.9078e-16 0 9.07548e-16 0 1.03751e-15 0 1.12004e-15 0 1.18143e-15 0 1.23073e-15 0 1.27246e-15 0 1.30852e-15 0 1.34003e-15 0 1.36852e-15 0 1.39435e-15 0 1.41829e-15 0 1.44033e-15 0 1.46047e-15 0 1.47948e-15 0 1.49735e-15 0 1.51446e-15 0 1.53043e-15 0 1.54564e-15 0 1.56048e-15 0 1.57417e-15 0
2244.63 1.53088e-14 1.53088e-14 2.83186e-21 1.84983e-07 -9.0358e-05 5.97533e-16 0 6.84855e-16 0 7.8202e-16 0 8.43704e-16 0 8.89587e-16 0 9.2643e-16 0 9.57619e-16 0 9.84565e-16 0 1.00811e-15 0 1.0294e-15 0 1.0487e-15 0 1.06659e-15 0 1.08306e-15 0 1.09811e-15 0 1.11231e-15 0 1.12566e-15 0 1.13845e-15 0 1.15038e-15 0 1.16174e-15 0 1.17283e-15 0 1.18306e-15 0
2359.84 1.39633e-14 1.39633e-14 2.3183e-21 1.66028e-07 -8.24929e-05 4.51145e-16 0 5.16425e-16 0 5.89045e-16 0 6.35139e-16 0 6.69422e-16 0 6.96949e-16 0 7.2025e-16 0 7.40381e-16 0 7.57974e-16 0 7.73875e-16 0 7.88294e-16 0 8.01656e-16 0 8.13958e-16 0 8.25202e-16 0 8.3581e-16 0 8.45783e-16 0 8.55333e-16 0 8.64246e-16 0 8.72736e-16 0 8.81015e-16 0 8.88657e-16 0
2480.97 1.27323e-14 1.27323e-14 1.89735e-21 1.49019e-07 -7.53227e-05 3.40321e-16 0 3.89102e-16 0 4.43355e-16 0 4.77786e-16 0 5.03393e-16 0 5.23952e-16 0 5.41355e-16 0 5.56389e-16 0 5.69527e-16 0 5.81401e-16 0 5.92169e-16 0 6.02147e-16 0 6.11334e-16 0 6.1973e-16 0 6.27652e-16 0 6.35099e-16 0 6.42229e-16 0 6.48885e-16 0 6.55225e-16 0 6.61406e-16 0 6.67112e-16 0
2608.32 1.16064e-14 1.16064e-14 1.55274e-21 1.33783e-07 -6.87885e-05 2.56506e-16 0 2.92943e-16 0 3.3346e-16 0 3.59169e-16 0 3.78288e-16 0 3.93638e-16 0 4.0663e-16 0 4.17854e-16 0 4.27662e-16 0 4.36527e-16 0 4.44565e-16 0 4.52014e-16 0 4.58872e-16 0 4.65139e-16 0 4.71053e-16 0 4.76612e-16 0 4.81934e-16 0 4.86903e-16 0 4.91635e-16 0 4.96249e-16 0 5.00508e-16 0
2742.21 1.05779e-14 1.05779e-14 1.27137e-21 1.20191e-07 -6.28394e-05 1.93192e-16 0 2.20401e-16 0 2.5065e-16 0 2.69842e-16 0 2.84113e-16 0 2.9557e-16 0 3.05268e-16 0 3.13645e-16 0 3.20965e-16 0 3.27581e-16 0 3.3358e-16 0 3.39139e-16 0 3.44258e-16 0 3.48935e-16 0 3.53348e-16 0 3.57497e-16 0 3.61469e-16 0 3.65177e-16 0 3.68708e-16 0 3.72152e-16 0 3.7533e-16 0
2882.97 9.63621e-15 9.63621e-15 1.04071e-21 1.08e-07 -5.74098e-05 1.4537e-16 0 1.65677e-16 0 1.88248e-16 0 2.02568e-16 0 2.13215e-16 0 2.21762e-16 0 2.28997e-16 0 2.35246e-16 0 2.40707e-16 0 2.45642e-16 0 2.50118e-16 0 2.54264e-16 0 2.58082e-16 0 2.61571e-16 0 2.64863e-16 0 2.67958e-16 0 2.70921e-16 0 2.73686e-16 0 2.76321e-16 0 2.78889e-16 0 2.8126e-16 0
3030.95 8.77396e-15 8.77395e-15 8.51663e-22 9.70672e-08 -5.24519e-05 1.09279e-16 0 1.24426e-16 0 1.41259e-16 0 1.51937e-16 0 1.59877e-16 0 1.6625e-16 0 1.71644e-16 0 1.76303e-16 0 1.80375e-16 0 1.84054e-16 0 1.87391e-16 0 1.90483e-16 0 1.93329e-16 0 1.9593e-16 0 1.98384e-16 0 2.00692e-16 0 2.02901e-16 0 2.04962e-16 0 2.06926e-16 0 2.08841e-16 0 2.10609e-16 0
3186.53 7.98564e-15 7.98564e-15 6.97144e-22 8.72996e-08 -4.79298e-05 8.208e-17 0 9.33725e-17 0 1.05921e-16 0 1.1388e-16 0 1.19797e-16 0 1.24547e-16 0 1.28567e-16 0 1.32039e-16 0 1.35074e-16 0 1.37816e-16 0 1.40302e-16 0 1.42606e-16 0 1.44728e-16 0 1.46666e-16 0 1.48495e-16 0 1.50214e-16 0 1.5186e-16 0 1.53397e-16 0 1.5486e-16 0 1.56287e-16 0 1.57604e-16 0
3350.09 7.26482e-15 7.26482e-15 5.70764e-22 7.85654e-08 -4.38011e-05 6.15964e-17 0 7.00109e-17 0 7.93598e-17 0 8.52891e-17 0 8.96971e-17 0 9.32355e-17 0 9.62301e-17 0 9.88168e-17 0 1.01077e-16 0 1.0312e-16 0 1.04972e-16 0 1.06688e-16 0 1.08268e-16 0 1.09712e-16 0 1.11074e-16 0 1.12355e-16 0 1.13581e-16 0 1.14725e-16 0 1.15815e-16 0 1.16878e-16 0 1.17859e-16 0
3522.05 6.60502e-15 6.60502e-15 4.67171e-22 7.07297e-08 -4.00278e-05 4.61782e-17 0 5.2444e-17 0 5.94048e-17 0 6.38192e-17 0 6.71008e-17 0 6.97349e-17 0 7.19642e-17 0 7.38898e-17 0 7.55724e-17 0 7.70929e-17 0 7.84716e-17 0 7.97491e-17 0 8.09252e-17 0 8.2e-17 0 8.30141e-17 0 8.39673e-17 0 8.488e-17 0 8.57319e-17 0 8.65433e-17 0 8.73344e-17 0 8.80646e-17 0
3702.84 6.00126e-15 6.00126e-15 3.82275e-22 6.36991e-08 -3.6575e-05 3.4584e-17 0 3.92465e-17 0 4.44255e-17 0 4.77098e-17 0 5.01512e-17 0 5.21108e-17 0 5.37692e-17 0 5.52017e-17 0 5.64534e-17 0 5.75845e-17 0 5.86101e-17 0 5.95604e-17 0 6.04353e-17 0 6.12349e-17 0 6.19892e-17 0 6.26983e-17 0 6.33772e-17 0 6.40109e-17 0 6.46145e-17 0 6.52029e-17 0 6.57461e-17 0
3892.91 5.45032e-15 5.45032e-15 3.12995e-22 5.7427e-08 -3.34236e-05 2.58804e-17 0 2.93482e-17 0 3.31998e-17 0 3.56421e-17 0 3.74575e-17 0 3.89147e-17 0 4.01479e-17 0 4.12131e-17 0 4.21438e-17 0 4.29848e-17 0 4.37474e-17 0 4.4454e-17 0 4.51046e-17 0 4.56991e-17 0 4.62599e-17 0 4.67871e-17 0 4.7292e-17 0 4.77631e-17 0 4.82119e-17 0 4.86494e-17 0 4.90533e-17 0
4092.73 4.94667e-15 4.94667e-15 2.56231e-22 5.17986e-08 -3.05383e-05 1.93478e-17 0 2.19252e-17 0 2.47876e-17 0 2.66025e-17 0 2.79516e-17 0 2.90344e-17 0 2.99507e-17 0 3.07422e-17 0 3.14338e-17 0 3.20587e-17 0 3.26254e-17 0 3.31504e-17 0 3.36338e-17 0 3.40755e-17 0 3.44922e-17 0 3.4884e-17 0 3.52591e-17 0 3.56092e-17 0 3.59426e-17 0 3.62677e-17 0 3.65678e-17 0
4302.81 4.48639e-15 4.48639e-15 2.09705e-22 4.67425e-08 -2.78942e-05 1.44494e-17 0 1.63635e-17 0 1.84892e-17 0 1.98369e-17 0 2.08386e-17 0 2.16427e-17 0 2.23231e-17 0 2.29108e-17 0 2.34243e-17 0 2.38883e-17 0 2.43091e-17 0 2.46989e-17 0 2.50578e-17 0 2.53858e-17 0 2.56952e-17 0 2.59861e-17 0 2.62646e-17 0 2.65246e-17 0 2.67721e-17 0 2.70135e-17 0 2.72363e-17 0
4523.68 4.06622e-15 4.06622e-15 1.71619e-22 4.22061e-08 -2.54736e-05 1.07806e-17 0 1.22012e-17 0 1.37786e-17 0 1.47787e-17 0 1.55221e-17 0 1.61187e-17 0 1.66236e-17 0 1.70597e-17 0 1.74407e-17 0 1.7785e-17 0 1.80972e-17 0 1.83865e-17 0 1.86528e-17 0 1.88961e-17 0 1.91257e-17 0 1.93415e-17 0 1.95482e-17 0 1.97411e-17 0 1.99247e-17 0 2.01039e-17 0 2.02692e-17 0
4755.88 3.68351e-15 3.68351e-15 1.40521e-22 3.81485e-08 -2.32592e-05 8.037e-18 0 9.0907e-18 0 1.02607e-17 0 1.10024e-17 0 1.15537e-17 0 1.19962e-17 0 1.23706e-17 0 1.2694e-17 0 1.29766e-17 0 1.3232e-17 0 1.34635e-17 0 1.3678e-17 0 1.38755e-17 0 1.4056e-17 0 1.42263e-17 0 1.43863e-17 0 1.45396e-17 0 1.46826e-17 0 1.48188e-17 0 1.49516e-17 0 1.50742e-17 0
5000 3.33434e-15 3.33434e-15 1.15025e-22 3.44971e-08 -2.12238e-05 5.9855e-18 0 6.76647e-18 0 7.63357e-18 0 8.18326e-18 0 8.59183e-18 0 8.91974e-18 0 9.19722e-18 0 9.43688e-18 0 9.64629e-18 0 9.83551e-18 0 1.00071e-17 0 1.01661e-17 0 1.03124e-17 0 1.04461e-17 0 1.05723e-17 0 1.06909e-17 0 1.08045e-17 0 1.09105e-17 0 1.10114e-17 0 1.11099e-17 0 1.12007e-17 0
