# 7.4294e-06 0 55 : grain size, compostion index, size index
# Heating and cooling timescale: 0.157343 9760.29
# Ratio of heating to cooling to determine stochastic cutoff: 100
# Equilibrium emission is recorded even for those grains in the stochastic regime.
# Emission spectrum was computed for: 
# Type: ISRF
# Scales: 0.25 0.5 1 1.5 2 2.5 3 3.5 4 4.5 5 5.5 6 6.5 7 7.5 8 8.5 9 9.5 10
# StochasticallyHeated: 0 0 0 0 0 0 0 0 0 0 0 0 0 0 0 0 0 0 0 0 0
# Temperature: -1
# Wavelength  CExt  CAbs  CSca  Albedo G EqEm1 StEm1 EqEm2 StEm2 EqEm3 StEm3 EqEm4 StEm4 EqEm5 StEm5 EqEm6 StEm6 EqEm7 StEm7 EqEm8 StEm8 EqEm9 StEm9 EqEm10 StEm10 EqEm11 StEm11 EqEm12 StEm12 EqEm13 StEm13 EqEm14 StEm14 EqEm15 StEm15 EqEm16 StEm16 EqEm17 StEm17 EqEm18 StEm18 EqEm19 StEm19 EqEm20 StEm20 EqEm21 StEm21
0.05 3.13039e-10 1.4846e-10 1.64579e-10 0.525747 0.944121 0 0 0 0 0 0 0 0 0 0 0 0 0 0 0 0 0 0 0 0 0 0 0 0 0 0 0 0 0 0 0 0 0 0 0 0 0 0 0 0 0 0
0.0525665 3.16131e-10 1.51071e-10 1.6506e-10 0.522126 0.938784 0 0 0 0 0 0 0 0 0 0 0 0 0 0 0 0 0 0 0 0 0 0 0 0 0 0 0 0 0 0 0 0 0 0 0 0 0 0 0 0 0 0
0.0552647 3.19627e-10 1.53803e-10 1.65824e-10 0.518805 0.932862 0 0 0 0 0 0 0 0 0 0 0 0 0 0 0 0 0 0 0 0 0 0 0 0 0 0 0 0 0 0 0 0 0 0 0 0 0 0 0 0 0 0
0.0581015 3.23587e-10 1.5673e-10 1.66857e-10 0.515647 0.926304 0 0 0 0 0 0 0 0 0 0 0 0 0 0 0 0 0 0 0 0 0 0 0 0 0 0 0 0 0 0 0 0 0 0 0 0 0 0 0 0 0 0
0.0610839 3.28047e-10 1.59846e-10 1.68201e-10 0.512736 0.919085 0 0 0 0 0 0 0 0 0 0 0 0 0 0 0 0 0 0 0 0 0 0 0 0 0 0 0 0 0 0 0 0 0 0 0 0 0 0 0 0 0 0
0.0642193 3.33085e-10 1.63226e-10 1.69858e-10 0.509955 0.911207 0 0 0 0 0 0 0 0 0 0 0 0 0 0 0 0 0 0 0 0 0 0 0 0 0 0 0 0 0 0 0 0 0 0 0 0 0 0 0 0 0 0
0.0675157 3.38803e-10 1.66975e-10 1.71828e-10 0.507162 0.902766 0 0 0 0 0 0 0 0 0 0 0 0 0 0 0 0 0 0 0 0 0 0 0 0 0 0 0 0 0 0 0 0 0 0 0 0 0 0 0 0 0 0
0.0709813 3.45311e-10 1.71174e-10 1.74136e-10 0.504289 0.893861 0 0 0 0 0 0 0 0 0 0 0 0 0 0 0 0 0 0 0 0 0 0 0 0 0 0 0 0 0 0 0 0 0 0 0 0 0 0 0 0 0 0
0.0746248 3.52809e-10 1.76104e-10 1.76705e-10 0.500852 0.884843 0 0 0 0 0 0 0 0 0 0 0 0 0 0 0 0 0 0 0 0 0 0 0 0 0 0 0 0 0 0 0 0 0 0 0 0 0 0 0 0 0 0
0.0784553 3.6121e-10 1.82251e-10 1.78959e-10 0.495444 0.876922 0 0 0 0 0 0 0 0 0 0 0 0 0 0 0 0 0 0 0 0 0 0 0 0 0 0 0 0 0 0 0 0 0 0 0 0 0 0 0 0 0 0
0.0824824 3.69236e-10 1.89074e-10 1.80162e-10 0.487931 0.87111 0 0 0 0 0 0 0 0 0 0 0 0 0 0 0 0 0 0 0 0 0 0 0 0 0 0 0 0 0 0 0 0 0 0 0 0 0 0 0 0 0 0
0.0867162 3.76583e-10 1.96001e-10 1.80581e-10 0.479527 0.866917 0 0 0 0 0 0 0 0 0 0 0 0 0 0 0 0 0 0 0 0 0 0 0 0 0 0 0 0 0 0 0 0 0 0 0 0 0 0 0 0 0 0
0.0911674 3.83156e-10 2.02701e-10 1.80454e-10 0.470969 0.86377 0 0 0 0 0 0 0 0 0 0 0 0 0 0 0 0 0 0 0 0 0 0 0 0 0 0 0 0 0 0 0 0 0 0 0 0 0 0 0 0 0 0
0.095847 3.88793e-10 2.08953e-10 1.7984e-10 0.46256 0.861293 0 0 0 0 0 0 0 0 0 0 0 0 0 0 0 0 0 0 0 0 0 0 0 0 0 0 0 0 0 0 0 0 0 0 0 0 0 0 0 0 0 0
0.100767 3.93462e-10 2.14591e-10 1.78871e-10 0.454607 0.858948 0 0 0 0 0 0 0 0 0 0 0 0 0 0 0 0 0 0 0 0 0 0 0 0 0 0 0 0 0 0 0 0 0 0 0 0 0 0 0 0 0 0
0.105939 3.97075e-10 2.19432e-10 1.77644e-10 0.44738 0.856278 0 0 0 0 0 0 0 0 0 0 0 0 0 0 0 0 0 0 0 0 0 0 0 0 0 0 0 0 0 0 0 0 0 0 0 0 0 0 0 0 0 0
0.111377 3.99841e-10 2.23463e-10 1.76377e-10 0.441119 0.852785 0 0 0 0 0 0 0 0 0 0 0 0 0 0 0 0 0 0 0 0 0 0 0 0 0 0 0 0 0 0 0 0 0 0 0 0 0 0 0 0 0 0
0.117094 4.01904e-10 2.26707e-10 1.75197e-10 0.435917 0.847976 0 0 0 0 0 0 0 0 0 0 0 0 0 0 0 0 0 0 0 0 0 0 0 0 0 0 0 0 0 0 0 0 0 0 0 0 0 0 0 0 0 0
0.123105 4.03387e-10 2.29047e-10 1.7434e-10 0.432191 0.841087 0 0 0 0 0 0 0 0 0 0 0 0 0 0 0 0 0 0 0 0 0 0 0 0 0 0 0 0 0 0 0 0 0 0 0 0 0 0 0 0 0 0
0.129424 4.04743e-10 2.3053e-10 1.74213e-10 0.430429 0.831905 0 0 0 0 0 0 0 0 0 0 0 0 0 0 0 0 0 0 0 0 0 0 0 0 0 0 0 0 0 0 0 0 0 0 0 0 0 0 0 0 0 0
0.136067 4.06586e-10 2.31461e-10 1.75125e-10 0.43072 0.820988 0 0 0 0 0 0 0 0 0 0 0 0 0 0 0 0 0 0 0 0 0 0 0 0 0 0 0 0 0 0 0 0 0 0 0 0 0 0 0 0 0 0
0.143051 4.09299e-10 2.32214e-10 1.77084e-10 0.432653 0.80891 0 0 0 0 0 0 0 0 0 0 0 0 0 0 0 0 0 0 0 0 0 0 0 0 0 0 0 0 0 0 0 0 0 0 0 0 0 0 0 0 0 0
0.150394 4.12646e-10 2.32831e-10 1.79815e-10 0.43576 0.795768 0 0 0 0 0 0 0 0 0 0 0 0 0 0 0 0 0 0 0 0 0 0 0 0 0 0 0 0 0 0 0 0 0 0 0 0 0 0 0 0 0 0
0.158114 4.16408e-10 2.33565e-10 1.82844e-10 0.439097 0.781683 0 0 0 0 0 0 0 0 0 0 0 0 0 0 0 0 0 0 0 0 0 0 0 0 0 0 0 0 0 0 0 0 0 0 0 0 0 0 0 0 0 0
0.16623 4.20673e-10 2.34881e-10 1.85792e-10 0.441654 0.766595 0 0 0 0 0 0 0 0 0 0 0 0 0 0 0 0 0 0 0 0 0 0 0 0 0 0 0 0 0 0 0 0 0 0 0 0 0 0 0 0 0 0
0.174762 4.25502e-10 2.37001e-10 1.885e-10 0.443007 0.75008 0 0 0 0 0 0 0 0 0 0 0 0 0 0 0 0 0 0 0 0 0 0 0 0 0 0 0 0 0 0 0 0 0 0 0 0 0 0 0 0 0 0
0.183733 4.31169e-10 2.39913e-10 1.91256e-10 0.443575 0.732341 0 0 0 0 0 0 0 0 0 0 0 0 0 0 0 0 0 0 0 0 0 0 0 0 0 0 0 0 0 0 0 0 0 0 0 0 0 0 0 0 0 0
0.193164 4.37926e-10 2.43555e-10 1.94371e-10 0.443844 0.714386 0 0 0 0 0 0 0 0 0 0 0 0 0 0 0 0 0 0 0 0 0 0 0 0 0 0 0 0 0 0 0 0 0 0 0 0 0 0 0 0 0 0
0.203079 4.45831e-10 2.47893e-10 1.97938e-10 0.443976 0.697122 0 0 0 0 0 0 0 0 0 0 0 0 0 0 0 0 0 0 0 0 0 0 0 0 0 0 0 0 0 0 0 0 0 0 0 0 0 0 0 0 0 0
0.213503 4.54463e-10 2.52624e-10 2.01839e-10 0.444127 0.680508 0 0 0 0 0 0 0 0 0 0 0 0 0 0 0 0 0 0 0 0 0 0 0 0 0 0 0 0 0 0 0 0 0 0 0 0 0 0 0 0 0 0
0.224463 4.63058e-10 2.57194e-10 2.05864e-10 0.444574 0.663403 0 0 0 0 0 0 0 0 0 0 0 0 0 0 0 0 0 0 0 0 0 0 0 0 0 0 0 0 0 0 0 0 0 0 0 0 0 0 0 0 0 0
0.235984 4.70396e-10 2.60705e-10 2.09691e-10 0.445776 0.643762 0 0 0 0 0 0 0 0 0 0 0 0 0 0 0 0 0 0 0 0 0 0 0 0 0 0 0 0 0 0 0 0 0 0 0 0 0 0 0 0 0 0
0.248097 4.75291e-10 2.62219e-10 2.13072e-10 0.448297 0.619383 0 0 0 0 0 0 0 0 0 0 0 0 0 0 0 0 0 0 0 0 0 0 0 0 0 0 0 0 0 0 0 0 0 0 0 0 0 0 0 0 0 0
0.260832 4.76753e-10 2.6105e-10 2.15703e-10 0.452442 0.588986 0 0 0 0 0 0 0 0 0 0 0 0 0 0 0 0 0 0 0 0 0 0 0 0 0 0 0 0 0 0 0 0 0 0 0 0 0 0 0 0 0 0
0.274221 4.74503e-10 2.57259e-10 2.17244e-10 0.457834 0.553093 0 0 0 0 0 0 0 0 0 0 0 0 0 0 0 0 0 0 0 0 0 0 0 0 0 0 0 0 0 0 0 0 0 0 0 0 0 0 0 0 0 0
0.288297 4.68266e-10 2.51507e-10 2.16759e-10 0.462897 0.514351 0 0 0 0 0 0 0 0 0 0 0 0 0 0 0 0 0 0 0 0 0 0 0 0 0 0 0 0 0 0 0 0 0 0 0 0 0 0 0 0 0 0
0.303095 4.57617e-10 2.44823e-10 2.12795e-10 0.465006 0.475588 0 0 0 0 0 0 0 0 0 0 0 0 0 0 0 0 0 0 0 0 0 0 0 0 0 0 0 0 0 0 0 0 0 0 0 0 0 0 0 0 0 0
0.318653 4.4357e-10 2.38021e-10 2.05549e-10 0.463397 0.438012 0 0 0 0 0 0 0 0 0 0 0 0 0 0 0 0 0 0 0 0 0 0 0 0 0 0 0 0 0 0 0 0 0 0 0 0 0 0 0 0 0 0
0.335009 4.26418e-10 2.31093e-10 1.95325e-10 0.458059 0.402738 0 0 0 0 0 0 0 0 0 0 0 0 0 0 0 0 0 0 0 0 0 0 0 0 0 0 0 0 0 0 0 0 0 0 0 0 0 0 0 0 0 0
0.352205 4.06385e-10 2.23805e-10 1.8258e-10 0.449278 0.370105 0 0 0 0 0 0 0 0 0 0 0 0 0 0 0 0 0 0 0 0 0 0 0 0 0 0 0 0 0 0 0 0 0 0 0 0 0 0 0 0 0 0
0.370284 3.83927e-10 2.15965e-10 1.67962e-10 0.437484 0.34004 0 0 0 0 0 0 0 0 0 0 0 0 0 0 0 0 0 0 0 0 0 0 0 0 0 0 0 0 0 0 0 0 0 0 0 0 0 0 0 0 0 0
0.389291 3.59717e-10 2.0748e-10 1.52237e-10 0.423213 0.312305 0 0 0 0 0 0 0 0 0 0 0 0 0 0 0 0 0 0 0 0 0 0 0 0 0 0 0 0 0 0 0 0 0 0 0 0 0 0 0 0 0 0
0.409273 3.3452e-10 1.9837e-10 1.3615e-10 0.407 0.286657 0 0 0 0 0 0 0 0 0 0 0 0 0 0 0 0 0 0 0 0 0 0 0 0 0 0 0 0 0 0 0 0 0 0 0 0 0 0 0 0 0 0
0.430281 3.09055e-10 1.88725e-10 1.20329e-10 0.389347 0.262927 0 0 0 0 0 0 0 0 0 0 0 0 0 0 0 0 0 0 0 0 0 0 0 0 0 0 0 0 0 0 0 0 0 0 0 0 0 0 0 0 0 0
0.452368 2.83976e-10 1.78725e-10 1.05251e-10 0.370634 0.240983 0 0 0 0 0 0 0 0 0 0 0 0 0 0 0 0 0 0 0 0 0 0 0 0 0 0 0 0 0 0 0 0 0 0 0 0 0 0 0 0 0 0
0.475588 2.59823e-10 1.68585e-10 9.12385e-11 0.351156 0.22071 0 0 0 0 0 0 0 0 0 0 0 0 0 0 0 0 0 0 0 0 0 0 0 0 0 0 0 0 0 0 0 0 0 0 0 0 0 0 0 0 0 0
0.5 2.36927e-10 1.58439e-10 7.84888e-11 0.331278 0.20205 0 0 0 0 0 0 0 0 0 0 0 0 0 0 0 0 0 0 0 0 0 0 0 0 0 0 0 0 0 0 0 0 0 0 0 0 0 0 0 0 0 0
0.525665 2.15539e-10 1.48462e-10 6.70778e-11 0.311209 0.184919 0 0 0 0 0 0 0 0 0 0 0 0 0 0 0 0 0 0 0 0 0 0 0 0 0 0 0 0 0 0 0 0 0 0 0 0 0 0 0 0 0 0
0.552648 1.95893e-10 1.38858e-10 5.70352e-11 0.291155 0.169201 0 0 0 0 0 0 0 0 0 0 0 0 0 0 0 0 0 0 0 0 0 0 0 0 0 0 0 0 0 0 0 0 0 0 0 0 0 0 0 0 0 0
0.581015 1.77858e-10 1.29564e-10 4.82935e-11 0.271529 0.154788 0 0 0 0 0 0 0 0 0 0 0 0 0 0 0 0 0 0 0 0 0 0 0 0 0 0 0 0 0 0 0 0 0 0 0 0 0 0 0 0 0 0
0.610839 1.61385e-10 1.20654e-10 4.07316e-11 0.252387 0.141592 0 0 0 0 0 0 0 0 0 0 0 0 0 0 0 0 0 0 0 0 0 0 0 0 0 0 0 0 0 0 0 0 0 0 0 0 0 0 0 0 0 0
0.642193 1.4641e-10 1.12172e-10 3.42374e-11 0.233847 0.129531 0 0 0 0 0 0 0 0 0 0 0 0 0 0 0 0 0 0 0 0 0 0 0 0 0 0 0 0 0 0 0 0 0 0 0 0 0 0 0 0 0 0
0.675157 1.32848e-10 1.04153e-10 2.8695e-11 0.215998 0.118512 0 0 0 0 0 0 0 0 0 0 0 0 0 0 0 0 0 0 0 0 0 0 0 0 0 0 0 0 0 0 0 0 0 0 0 0 0 0 0 0 0 0
0.709813 1.20607e-10 9.66165e-11 2.39902e-11 0.198913 0.108442 0 0 0 0 0 0 0 0 0 0 0 0 0 0 0 0 0 0 0 0 0 0 0 0 0 0 0 0 0 0 0 0 0 0 0 0 0 0 0 0 0 0
0.746248 1.09578e-10 8.95633e-11 2.0015e-11 0.182655 0.0992454 0 0 0 0 0 0 0 0 0 0 0 0 0 0 0 0 0 0 0 0 0 0 0 0 0 0 0 0 0 0 0 0 0 0 0 0 0 0 0 0 0 0
0.784553 9.96604e-11 8.29914e-11 1.66689e-11 0.167257 0.0908425 0 0 0 0 0 0 0 0 0 0 0 0 0 0 0 0 0 0 0 0 0 0 0 0 0 0 0 0 0 0 0 0 0 0 0 0 0 0 0 0 0 0
0.824824 9.07457e-11 7.68834e-11 1.38623e-11 0.15276 0.0831614 0 0 0 0 0 0 0 0 0 0 0 0 0 0 0 0 0 0 0 0 0 0 0 0 0 0 0 0 0 0 0 0 0 0 0 0 0 0 0 0 0 0
0.867162 8.27395e-11 7.12252e-11 1.15143e-11 0.139163 0.0761353 0 0 0 0 0 0 0 0 0 0 0 0 0 0 0 0 0 0 0 0 0 0 0 0 0 0 0 0 0 0 0 0 0 0 0 0 0 0 0 0 0 0
0.911674 7.55438e-11 6.59895e-11 9.55431e-12 0.126474 0.0697084 0 0 0 0 0 0 0 0 0 0 0 0 0 0 0 0 0 0 0 0 0 0 0 0 0 0 0 0 0 0 0 0 0 0 0 0 0 0 0 0 0 0
0.95847 6.90756e-11 6.11537e-11 7.9219e-12 0.114684 0.0638276 0 0 0 0 0 0 0 0 0 0 0 0 0 0 0 0 0 0 0 0 0 0 0 0 0 0 0 0 0 0 0 0 0 0 0 0 0 0 0 0 0 0
1.00767 6.32587e-11 5.6694e-11 6.56467e-12 0.103775 0.0584442 0 0 0 0 0 0 0 0 0 0 0 0 0 0 0 0 0 0 0 0 0 0 0 0 0 0 0 0 0 0 0 0 0 0 0 0 0 0 0 0 0 0
1.05939 5.8021e-11 5.25829e-11 5.43811e-12 0.0937266 0.0535167 0 0 0 0 0 0 0 0 0 0 0 0 0 0 0 0 0 0 0 0 0 0 0 0 0 0 0 0 0 0 0 0 0 0 0 0 0 0 0 0 0 0
1.11377 5.32944e-11 4.87916e-11 4.50277e-12 0.0844886 0.049004 0 0 0 0 0 0 0 0 0 0 0 0 0 0 0 0 0 0 0 0 0 0 0 0 0 0 0 0 0 0 0 0 0 0 0 0 0 0 0 0 0 0
1.17094 4.90248e-11 4.52978e-11 3.727e-12 0.0760226 0.0448678 0 0 0 0 0 0 0 0 0 0 0 0 0 0 0 0 0 0 0 0 0 0 0 0 0 0 0 0 0 0 0 0 0 0 0 0 0 0 0 0 0 0
1.23105 4.51598e-11 4.20759e-11 3.08391e-12 0.0682889 0.0410786 0 0 0 0 0 0 0 0 0 0 0 0 0 0 0 0 0 0 0 0 0 0 0 0 0 0 0 0 0 0 0 0 0 0 0 0 0 0 0 0 0 0
1.29424 4.16549e-11 3.91037e-11 2.55119e-12 0.061246 0.037606 0 0 0 0 0 0 0 0 0 0 0 0 0 0 0 0 0 0 0 0 0 0 0 0 0 0 0 0 0 0 0 0 0 0 0 0 0 0 0 0 0 0
1.36067 3.84719e-11 3.63619e-11 2.10994e-12 0.0548438 0.0344236 0 0 0 0 0 0 0 0 0 0 0 0 0 0 0 0 0 0 0 0 0 0 0 0 0 0 0 0 0 0 0 0 0 0 0 0 0 0 0 0 0 0
1.43051 3.55751e-11 3.38303e-11 1.74476e-12 0.0490443 0.0315079 0 0 0 0 0 0 0 0 0 0 0 0 0 0 0 0 0 0 0 0 0 0 0 0 0 0 0 0 0 0 0 0 0 0 0 0 0 0 0 0 0 0
1.50394 3.29355e-11 3.1493e-11 1.4425e-12 0.0437978 0.0288358 0 0 0 0 0 0 0 0 0 0 0 0 0 0 0 0 0 0 0 0 0 0 0 0 0 0 0 0 0 0 0 0 0 0 0 0 0 0 0 0 0 0
1.58114 3.05235e-11 2.93311e-11 1.19245e-12 0.0390666 0.0263866 0 0 0 0 0 0 0 0 0 0 0 0 0 0 0 0 0 0 0 0 0 0 0 0 0 0 0 0 0 0 0 0 0 0 0 0 0 0 0 0 0 0
1.6623 2.83181e-11 2.73325e-11 9.85597e-13 0.0348045 0.0241427 0 0 0 0 0 0 0 0 0 0 0 0 0 0 0 0 0 0 0 0 0 0 0 0 0 0 0 0 0 0 0 0 0 0 0 0 0 0 0 0 0 0
1.74763 2.62976e-11 2.54831e-11 8.14551e-13 0.0309743 0.022088 0 0 0 0 0 0 0 0 0 0 0 0 0 0 0 0 0 0 0 0 0 0 0 0 0 0 0 0 0 0 0 0 0 0 0 0 0 0 0 0 0 0
1.83733 2.44416e-11 2.37685e-11 6.73084e-13 0.0275384 0.0202052 0 0 0 0 0 0 0 0 0 0 0 0 0 0 0 0 0 0 0 0 0 0 0 0 0 0 0 0 0 0 0 0 0 0 0 0 0 0 0 0 0 0
1.93164 2.27364e-11 2.21802e-11 5.56143e-13 0.0244605 0.0184805 0 0 0 0 0 0 0 0 0 0 0 0 0 0 0 0 0 0 0 0 0 0 0 0 0 0 0 0 0 0 0 0 0 0 0 0 0 0 0 0 0 0
2.03079 2.11685e-11 2.07089e-11 4.59582e-13 0.0217107 0.0169033 0 0 0 0 0 0 0 0 0 0 0 0 0 0 0 0 0 0 0 0 0 0 0 0 0 0 0 0 0 0 0 0 0 0 0 0 0 0 0 0 0 0
2.13503 1.97223e-11 1.93426e-11 3.79776e-13 0.0192561 0.0154579 0 0 0 0 0 0 0 0 0 0 0 0 0 0 0 0 0 0 0 0 0 0 0 0 0 0 0 0 0 0 0 0 0 0 0 0 0 0 0 0 0 0
2.24463 1.83875e-11 1.80737e-11 3.13791e-13 0.0170655 0.0141358 0 0 0 0 0 0 0 0 0 0 0 0 0 0 0 0 0 0 0 0 0 0 0 0 0 0 0 0 0 0 0 0 0 0 0 0 0 0 0 0 0 0
2.35984 1.71538e-11 1.68945e-11 2.59248e-13 0.0151132 0.0129245 0 0 0 0 0 0 0 0 0 0 0 0 0 0 0 0 0 0 0 0 0 0 0 0 0 0 0 0 0 0 0 0 0 0 0 0 0 0 0 0 0 0
2.48097 1.60125e-11 1.57983e-11 2.14162e-13 0.0133747 0.0118163 0 0 0 0 0 0 0 0 0 0 0 0 0 0 0 0 0 0 0 0 0 0 0 0 0 0 0 0 0 0 0 0 0 0 0 0 0 0 0 0 0 0
2.60832 1.49554e-11 1.47785e-11 1.76885e-13 0.0118275 0.0108014 0 0 0 0 0 0 0 0 0 0 0 0 0 0 0 0 0 0 0 0 0 0 0 0 0 0 0 0 0 0 0 0 0 0 0 0 0 0 0 0 0 0
2.74221 1.3976e-11 1.383e-11 1.46075e-13 0.0104518 0.0098732 0 0 0 0 0 0 0 0 0 0 0 0 0 0 0 0 0 0 0 0 0 0 0 0 0 0 0 0 0 0 0 0 0 0 0 0 0 0 0 0 0 0
2.88297 1.30683e-11 1.29477e-11 1.2061e-13 0.00922921 0.0090235 0 0 0 0 0 0 0 0 0 0 0 0 0 0 0 0 0 0 0 0 0 0 0 0 0 0 0 0 0 0 0 0 0 0 0 0 0 0 0 0 0 0
3.03095 1.22274e-11 1.21279e-11 9.95009e-14 0.00813752 0.00824498 0 0 0 0 0 0 0 0 0 0 0 0 0 0 0 0 0 0 0 0 0 0 0 0 0 0 0 0 0 0 0 0 0 0 0 0 0 0 0 0 0 0
3.18653 1.14654e-11 1.13833e-11 8.20772e-14 0.00715871 0.00753395 0 0 0 0 0 0 0 0 0 0 0 0 0 0 0 0 0 0 0 0 0 0 0 0 0 0 0 0 0 0 0 0 0 0 0 0 0 0 0 0 0 0
3.35009 1.08938e-11 1.0826e-11 6.77837e-14 0.00622226 0.00688225 0 0 0 0 0 0 0 0 0 0 0 0 0 0 0 0 0 0 0 0 0 0 0 0 0 0 0 0 0 0 0 0 0 0 0 0 0 0 0 0 0 0
3.52205 1.00586e-11 1.0002e-11 5.65965e-14 0.00562668 0.00628523 0 0 0 0 0 0 0 0 0 0 0 0 0 0 0 0 0 0 0 0 0 0 0 0 0 0 0 0 0 0 0 0 0 0 0 0 0 0 0 0 0 0
3.70284 9.3386e-12 9.2922e-12 4.63976e-14 0.00496837 0.00574501 0 0 0 0 0 0 0 0 0 0 0 0 0 0 0 0 0 0 0 0 0 0 0 0 0 0 0 0 0 0 0 0 0 0 0 0 0 0 0 0 0 0
3.89291 8.75526e-12 8.717e-12 3.82557e-14 0.00436945 0.00524772 0 0 0 0 0 0 0 0 0 0 0 0 0 0 0 0 0 0 0 0 0 0 0 0 0 0 0 0 0 0 0 0 0 0 0 0 0 0 0 0 0 0
4.09273 8.20712e-12 8.17556e-12 3.15599e-14 0.00384543 0.00479302 0 0 0 0 0 0 0 0 0 0 0 0 0 0 0 0 0 0 0 0 0 0 0 0 0 0 0 0 0 0 0 0 0 0 0 0 0 0 0 0 0 0
4.30281 7.69394e-12 7.66791e-12 2.60363e-14 0.003384 0.00437712 0 0 0 0 0 0 0 0 0 0 0 0 0 0 0 0 0 0 0 0 0 0 0 0 0 0 0 0 0 0 0 0 0 0 0 0 0 0 0 0 0 0
4.52368 7.21441e-12 7.19293e-12 2.14794e-14 0.00297729 0.00399693 0 0 0 0 0 0 0 0 0 0 0 0 0 0 0 0 0 0 0 0 0 0 0 0 0 0 0 0 0 0 0 0 0 0 0 0 0 0 0 0 0 0
4.75588 6.76641e-12 6.7487e-12 1.77169e-14 0.00261836 0.00364916 0 0 0 0 0 0 0 0 0 0 0 0 0 0 0 0 0 0 0 0 0 0 0 0 0 0 0 0 0 0 0 0 0 0 1.4013e-45 0 5.60519e-45 0 1.54143e-44 0 4.06377e-44 0
5 6.34847e-12 6.33386e-12 1.46119e-14 0.00230163 0.00333119 0 0 0 0 0 0 0 0 0 0 0 0 0 0 0 0 0 0 0 0 0 0 0 0 0 0 1.4013e-45 0 4.2039e-45 0 1.82169e-44 0 6.30584e-44 0 1.98984e-43 0 5.87144e-43 0 1.63251e-42 0 4.12963e-42 0
5.25665 5.95913e-12 5.94708e-12 1.2048e-14 0.00202177 0.00304008 0 0 0 0 0 0 0 0 0 0 0 0 0 0 0 0 0 0 0 0 1.4013e-45 0 5.60519e-45 0 2.66247e-44 0 1.27518e-43 0 5.0727e-43 0 1.87213e-42 0 6.18673e-42 0 1.84327e-41 0 5.16701e-41 0 1.36685e-40 0 3.3047e-40 0
5.52648 5.59832e-12 5.58839e-12 9.93089e-15 0.00177391 0.00277341 0 0 0 0 0 0 0 0 0 0 0 0 0 0 0 0 1.4013e-45 0 1.26117e-44 0 9.10844e-44 0 5.46506e-43 0 2.72272e-42 0 1.18914e-41 0 4.43091e-41 0 1.53438e-40 0 4.7834e-40 0 1.3513e-39 0 3.60189e-39 0 9.08626e-39 0 2.10414e-38 0
5.81015 5.27223e-12 5.26405e-12 8.18049e-15 0.00155162 0.00252767 0 0 0 0 0 0 0 0 0 0 0 0 0 0 1.12104e-44 0 1.37327e-43 0 1.23595e-42 0 8.57455e-42 0 4.70192e-41 0 2.16331e-40 0 8.79263e-40 0 3.07237e-39 0 1.00132e-38 0 2.95302e-38 0 7.92977e-38 0 2.01489e-37 0 4.85832e-37 0 1.07987e-36 0
6.10839 5.04833e-12 5.0416e-12 6.73622e-15 0.00133435 0.00229653 0 0 0 0 0 0 0 0 0 0 1.4013e-45 0 6.16571e-44 0 1.10843e-42 0 1.26411e-41 0 1.02219e-40 0 6.45138e-40 0 3.25564e-39 0 1.39031e-38 0 5.27689e-38 0 1.73462e-37 0 5.33644e-37 0 1.49284e-36 0 3.81999e-36 0 9.27427e-36 0 2.14216e-35 0 4.57932e-35 0
6.42193 4.67069e-12 4.66508e-12 5.61223e-15 0.00120158 0.00212137 0 0 0 0 0 0 0 0 2.8026e-45 0 1.97583e-43 0 5.57577e-42 0 8.77297e-41 0 8.8883e-40 0 6.48999e-39 0 3.7437e-38 0 1.74567e-37 0 6.94472e-37 0 2.46967e-36 0 7.66005e-36 0 2.23075e-35 0 5.93473e-35 0 1.45053e-34 0 3.37238e-34 0 7.47752e-34 0 1.54027e-33 0
6.75157 4.37399e-12 4.36939e-12 4.60314e-15 0.00105239 0.00192892 0 0 0 0 0 0 1.4013e-45 0 2.92871e-43 0 1.69669e-41 0 4.06419e-40 0 5.59002e-39 0 5.0581e-38 0 3.35164e-37 0 1.77483e-36 0 7.67664e-36 0 2.85485e-35 0 9.54261e-35 0 2.80064e-34 0 7.74127e-34 0 1.96342e-33 0 4.59399e-33 0 1.02497e-32 0 2.18599e-32 0 4.34674e-32 0
7.09813 4.14525e-12 4.14146e-12 3.78957e-15 0.000914195 0.00175339 0 0 0 0 0 0 1.31722e-43 0 2.45325e-41 0 1.16734e-39 0 2.39448e-38 0 2.8978e-37 0 2.35472e-36 0 1.42269e-35 0 6.94491e-35 0 2.79659e-34 0 9.75419e-34 0 3.07388e-33 0 8.55949e-33 0 2.25135e-32 0 5.45646e-32 0 1.22479e-31 0 2.62764e-31 0 5.40062e-31 0 1.03845e-30 0
7.46248 3.99848e-12 3.99536e-12 3.1228e-15 0.000780995 0.00159172 0 0 0 0 7.00649e-45 0 1.15635e-41 0 1.66236e-39 0 6.5507e-38 0 1.15943e-36 0 1.24232e-35 0 9.11338e-35 0 5.04326e-34 0 2.2785e-33 0 8.57185e-33 0 2.81285e-32 0 8.38116e-32 0 2.21999e-31 0 5.56981e-31 0 1.29281e-30 0 2.78961e-30 0 5.76583e-30 0 1.1441e-29 0 2.13079e-29 0
7.84553 3.80172e-12 3.7991e-12 2.6261e-15 0.000690767 0.00147756 0 0 0 0 6.34788e-43 0 7.90066e-40 0 8.91205e-38 0 2.9352e-36 0 4.51507e-35 0 4.30888e-34 0 2.86785e-33 0 1.45986e-32 0 6.12734e-32 0 2.16074e-31 0 6.6908e-31 0 1.8901e-30 0 4.77393e-30 0 1.14515e-29 0 2.55095e-29 0 5.30154e-29 0 1.05761e-28 0 2.02953e-28 0 3.66681e-28 0
8.24824 3.38918e-12 3.38703e-12 2.15045e-15 0.000634503 0.00135219 0 0 0 0 4.6198e-41 0 4.05815e-38 0 3.63446e-36 0 1.00926e-34 0 1.35854e-33 0 1.16129e-32 0 7.04596e-32 0 3.31275e-31 0 1.29638e-30 0 4.29874e-30 0 1.25965e-29 0 3.3825e-29 0 8.16549e-29 0 1.87679e-28 0 4.02044e-28 0 8.06234e-28 0 1.55504e-27 0 2.89062e-27 0 5.07389e-27 0
8.67162 3.20999e-12 3.20822e-12 1.77908e-15 0.000554232 0.00123704 0 0 1.26117e-44 0 2.8448e-39 0 1.79488e-36 0 1.29073e-34 0 3.04732e-33 0 3.61296e-32 0 2.7812e-31 0 1.54527e-30 0 6.73642e-30 0 2.46629e-29 0 7.71319e-29 0 2.1446e-28 0 5.48768e-28 0 1.26896e-27 0 2.80048e-27 0 5.78012e-27 0 1.12039e-26 0 2.09277e-26 0 3.77422e-26 0 6.44534e-26 0
9.11674 2.94027e-12 2.93881e-12 1.45885e-15 0.000496161 0.0011278 0 0 1.13785e-42 0 1.36496e-37 0 6.28632e-35 0 3.66895e-33 0 7.42307e-32 0 7.8e-31 0 5.43485e-30 0 2.77713e-29 0 1.12669e-28 0 3.87169e-28 0 1.14528e-27 0 3.0293e-27 0 7.40392e-27 0 1.6434e-26 0 3.48936e-26 0 6.9516e-26 0 1.30462e-25 0 2.36368e-25 0 4.14179e-25 0 6.89065e-25 0
9.5847 2.75794e-12 2.75674e-12 1.19935e-15 0.000434873 0.00102696 0 0 8.06209e-41 0 5.46088e-36 0 1.86426e-33 0 8.92117e-32 0 1.55847e-30 0 1.45994e-29 0 9.25261e-29 0 4.36601e-28 0 1.65423e-27 0 5.35204e-27 0 1.50153e-26 0 3.78739e-26 0 8.86155e-26 0 1.89185e-25 0 3.87188e-25 0 7.4584e-25 0 1.35737e-24 0 2.3889e-24 0 4.07292e-24 0 6.60973e-24 0
10.0767 2.59029e-12 2.5893e-12 9.87113e-16 0.000381082 0.000936019 2.66247e-44 0 4.57219e-39 0 1.79921e-34 0 4.62e-32 0 1.83036e-30 0 2.78074e-29 0 2.33538e-28 0 1.35249e-27 0 5.91638e-27 0 2.1005e-26 0 6.41724e-26 0 1.71195e-25 0 4.12741e-25 0 9.26452e-25 0 1.90598e-24 0 3.76675e-24 0 7.02732e-24 0 1.24207e-23 0 2.12647e-23 0 3.53227e-23 0 5.59842e-23 0
10.5939 2.43392e-12 2.43311e-12 8.12607e-16 0.000333868 0.000853303 2.25049e-42 0 2.09766e-37 0 4.92434e-33 0 9.64418e-31 0 3.1926e-29 0 4.24693e-28 0 3.21477e-27 0 1.70877e-26 0 6.95528e-26 0 2.32121e-25 0 6.71522e-25 0 1.70764e-24 0 3.94387e-24 0 8.5099e-24 0 1.69014e-23 0 3.23093e-23 0 5.84693e-23 0 1.00509e-22 0 1.67618e-22 0 2.71615e-22 0 4.2092e-22 0
11.1377 2.29268e-12 2.29202e-12 6.69161e-16 0.000291868 0.000777834 1.47836e-40 0 7.88264e-36 0 1.13212e-31 0 1.7136e-29 0 4.7817e-28 0 5.60582e-27 0 3.84409e-26 0 1.88323e-25 0 7.15764e-25 0 2.25224e-24 0 6.18637e-24 0 1.50308e-23 0 3.33242e-23 0 6.92555e-23 0 1.33016e-22 0 2.46359e-22 0 4.33104e-22 0 7.25074e-22 0 1.17937e-21 0 1.8666e-21 0 2.83144e-21 0
11.7094 2.14842e-12 2.14787e-12 5.51381e-16 0.000256645 0.000710079 7.75831e-39 0 2.4315e-34 0 2.18839e-30 0 2.59241e-28 0 6.14883e-27 0 6.39224e-26 0 3.99009e-25 0 1.80884e-24 0 6.44102e-24 0 1.91643e-23 0 5.01059e-23 0 1.16576e-22 0 2.48603e-22 0 4.98528e-22 0 9.27468e-22 0 1.66685e-21 0 2.85073e-21 0 4.65394e-21 0 7.39222e-21 0 1.14403e-20 0 1.70044e-20 0
12.3105 2.01906e-12 2.0186e-12 4.53961e-16 0.000224838 0.000647426 3.31396e-37 0 6.26522e-33 0 3.61513e-29 0 3.39205e-27 0 6.89309e-26 0 6.39187e-25 0 3.6486e-24 0 1.53637e-23 0 5.14186e-23 0 1.45057e-22 0 3.61872e-22 0 8.07927e-22 0 1.66039e-21 0 3.21839e-21 0 5.80879e-21 0 1.0145e-20 0 1.69018e-20 0 2.69405e-20 0 4.18358e-20 0 6.33798e-20 0 9.23995e-20 0
12.9424 1.89603e-12 1.89565e-12 3.73963e-16 0.000197235 0.000590737 1.15974e-35 0 1.35565e-31 0 5.12507e-28 0 3.85248e-26 0 6.75823e-25 0 5.62112e-24 0 2.94704e-23 0 1.15683e-22 0 3.6499e-22 0 9.78833e-22 0 2.33529e-21 0 5.01334e-21 0 9.94698e-21 0 1.86675e-20 0 3.2735e-20 0 5.5636e-20 0 9.04094e-20 0 1.40864e-19 0 2.14097e-19 0 3.17837e-19 0 4.54915e-19 0
13.6067 1.77929e-12 1.77898e-12 3.07879e-16 0.000173034 0.000538747 3.35778e-34 0 2.48448e-30 0 6.28225e-27 0 3.82437e-25 0 5.83325e-24 0 4.37505e-23 0 2.11551e-22 0 7.76789e-22 0 2.31713e-21 0 5.92188e-21 0 1.35411e-20 0 2.80054e-20 0 5.37375e-20 0 9.7797e-20 0 1.66856e-19 0 2.76337e-19 0 4.38532e-19 0 6.68628e-19 0 9.95676e-19 0 1.44989e-18 0 2.03919e-18 0
14.3051 1.67202e-12 1.67176e-12 2.53455e-16 0.000151586 0.000491218 8.13416e-33 0 3.89571e-29 0 6.71931e-26 0 3.34693e-24 0 4.46911e-23 0 3.03787e-22 0 1.36014e-21 0 4.68697e-21 0 1.32545e-20 0 3.23577e-20 0 7.10618e-20 0 1.41845e-19 0 2.63652e-19 0 4.65996e-19 0 7.74588e-19 0 1.25161e-18 0 1.94196e-18 0 2.90055e-18 0 4.23614e-18 0 6.05646e-18 0 8.3774e-18 0
15.0394 1.57133e-12 1.57112e-12 2.08639e-16 0.000132778 0.000447881 1.6611e-31 0 5.25998e-28 0 6.30509e-25 0 2.59503e-23 0 3.05325e-22 0 1.89005e-21 0 7.86506e-21 0 2.55139e-20 0 6.85815e-20 0 1.60286e-19 0 3.38744e-19 0 6.53725e-19 0 1.17887e-18 0 2.02648e-18 0 3.28591e-18 0 5.18657e-18 0 7.87655e-18 0 1.15364e-17 0 1.65397e-17 0 2.32379e-17 0 3.16379e-17 0
15.8114 1.47584e-12 1.47567e-12 1.718e-16 0.000116408 0.000408525 2.88162e-30 0 6.15619e-27 0 5.22041e-24 0 1.79198e-22 0 1.8693e-21 0 1.05861e-20 0 4.10895e-20 0 1.2585e-19 0 3.22342e-19 0 7.22777e-19 0 1.4727e-18 0 2.75231e-18 0 4.82244e-18 0 8.07336e-18 0 1.27855e-17 0 1.97363e-17 0 2.93672e-17 0 4.22185e-17 0 5.94735e-17 0 8.2183e-17 0 1.10217e-16 0
16.623 1.38699e-12 1.38685e-12 1.41406e-16 0.000101952 0.000372479 4.28546e-29 0 6.29657e-26 0 3.84168e-23 0 1.10962e-21 0 1.03229e-20 0 5.37141e-20 0 1.95132e-19 0 5.65868e-19 0 1.38432e-18 0 2.98402e-18 0 5.87246e-18 0 1.06449e-17 0 1.81477e-17 0 2.96266e-17 0 4.58773e-17 0 6.93328e-17 0 1.01183e-16 0 1.42907e-16 0 1.97974e-16 0 2.69283e-16 0 3.56002e-16 0
17.4762 1.30342e-12 1.3033e-12 1.16405e-16 8.93077e-05 0.000339642 5.50138e-28 0 5.66172e-25 0 2.52563e-22 0 6.19023e-21 0 5.16467e-20 0 2.47947e-19 0 8.45755e-19 0 2.32839e-18 0 5.45265e-18 0 1.13211e-17 0 2.15551e-17 0 3.79543e-17 0 6.30417e-17 0 1.00484e-16 0 1.52314e-16 0 2.25592e-16 0 3.23206e-16 0 4.48851e-16 0 6.11991e-16 0 8.20018e-16 0 1.06942e-15 0
18.3733 1.22413e-12 1.22404e-12 9.58354e-17 7.82884e-05 0.000309811 6.13677e-27 0 4.50126e-24 0 1.49073e-21 0 3.12539e-20 0 2.35102e-19 0 1.04546e-18 0 3.35873e-18 0 8.80062e-18 0 1.97707e-17 0 3.96105e-17 0 7.30835e-17 0 1.2518e-16 0 2.02834e-16 0 3.16026e-16 0 4.69404e-16 0 6.8203e-16 0 9.60139e-16 0 1.31218e-15 0 1.76223e-15 0 2.32775e-15 0 2.99661e-15 0
19.3164 1.15094e-12 1.15086e-12 7.88646e-17 6.85218e-05 0.000282398 5.99933e-26 0 3.18858e-23 0 7.95469e-21 0 1.43749e-19 0 9.79875e-19 0 4.05118e-18 0 1.22943e-17 0 3.07338e-17 0 6.63685e-17 0 1.28534e-16 0 2.30164e-16 0 3.84008e-16 0 6.07734e-16 0 9.26604e-16 0 1.34998e-15 0 1.92603e-15 0 2.6665e-15 0 3.58904e-15 0 4.7511e-15 0 6.19108e-15 0 7.87236e-15 0
20.3079 1.08152e-12 1.08146e-12 6.49077e-17 6.00151e-05 0.000257499 5.16494e-25 0 2.02065e-22 0 3.8502e-20 0 6.04081e-19 0 3.7494e-18 0 1.44636e-17 0 4.15776e-17 0 9.93905e-17 0 2.06713e-16 0 3.8762e-16 0 6.74643e-16 0 1.0978e-15 0 1.69888e-15 0 2.53746e-15 0 3.62956e-15 0 5.08924e-15 0 6.9348e-15 0 9.19963e-15 0 1.20127e-14 0 1.54525e-14 0 1.94197e-14 0
21.3503 1.01614e-12 1.01608e-12 5.34235e-17 5.25751e-05 0.000234814 3.94174e-24 0 1.15223e-21 0 1.69908e-19 0 2.33052e-18 0 1.32315e-17 0 4.77856e-17 0 1.30464e-16 0 2.98879e-16 0 5.99778e-16 0 1.09068e-15 0 1.84763e-15 0 2.9359e-15 0 4.44756e-15 0 6.51406e-15 0 9.15623e-15 0 1.26284e-14 0 1.69499e-14 0 2.21775e-14 0 2.8584e-14 0 3.63197e-14 0 4.51379e-14 0
22.4463 9.55337e-13 9.55294e-13 4.39564e-17 4.60114e-05 0.000214034 2.68458e-23 0 5.94752e-21 0 6.8727e-19 0 8.29545e-18 0 4.32688e-17 0 1.46769e-16 0 3.81531e-16 0 8.39382e-16 0 1.62812e-15 0 2.87551e-15 0 4.74739e-15 0 7.37497e-15 0 1.0948e-14 0 1.57388e-14 0 2.17579e-14 0 2.95415e-14 0 3.90851e-14 0 5.04725e-14 0 6.42519e-14 0 8.06912e-14 0 9.92239e-14 0
23.5984 8.97652e-13 8.97616e-13 3.61734e-17 4.02978e-05 0.000195161 1.63876e-22 0 2.78907e-20 0 2.55586e-18 0 2.73172e-17 0 1.31446e-16 0 4.20058e-16 0 1.04219e-15 0 2.20627e-15 0 4.14321e-15 0 7.11712e-15 0 1.1466e-14 0 1.74333e-14 0 2.53849e-14 0 3.58523e-14 0 4.87861e-14 0 6.52568e-14 0 8.51665e-14 0 1.08615e-13 0 1.36648e-13 0 1.69712e-13 0 2.06595e-13 0
24.8097 8.4373e-13 8.437e-13 2.97639e-17 3.52766e-05 0.000177912 9.02219e-22 0 1.1949e-19 0 8.78242e-18 0 8.36138e-17 0 3.72629e-16 0 1.12513e-15 0 2.67039e-15 0 5.44982e-15 0 9.92426e-15 0 1.66033e-14 0 2.61331e-14 0 3.89289e-14 0 5.56546e-14 0 7.72897e-14 0 1.03602e-13 0 1.36625e-13 0 1.76006e-13 0 2.21816e-13 0 2.75954e-13 0 3.39119e-13 0 4.08873e-13 0
26.0832 7.94036e-13 7.94012e-13 2.46862e-17 3.10896e-05 0.000162528 4.50673e-21 0 4.70194e-19 0 2.80181e-17 0 2.38957e-16 0 9.89994e-16 0 2.83222e-15 0 6.44422e-15 0 1.27014e-14 0 2.24625e-14 0 3.66473e-14 0 5.64185e-14 0 8.24238e-14 0 1.15798e-13 0 1.58256e-13 0 2.09119e-13 0 2.72075e-13 0 3.46191e-13 0 4.31396e-13 0 5.30994e-13 0 6.46002e-13 0 7.71798e-13 0
27.4221 7.46434e-13 7.46414e-13 2.03293e-17 2.72352e-05 0.000148208 2.04751e-20 0 1.70253e-18 0 8.30969e-17 0 6.38289e-16 0 2.46712e-15 0 6.70496e-15 0 1.46557e-14 0 2.79449e-14 0 4.80639e-14 0 7.65638e-14 0 1.15413e-13 0 1.65519e-13 0 2.28711e-13 0 3.07838e-13 0 4.01279e-13 0 5.1542e-13 0 6.48156e-13 0 7.99051e-13 0 9.73606e-13 0 1.1732e-12 0 1.38953e-12 0
28.8297 7.01459e-13 7.01442e-13 1.66955e-17 2.38011e-05 0.000135044 8.5062e-20 0 5.69991e-18 0 2.30102e-16 0 1.60001e-15 0 5.7893e-15 0 1.49842e-14 0 3.15256e-14 0 5.82469e-14 0 9.75643e-14 0 1.51923e-13 0 2.24467e-13 0 3.163e-13 0 4.30212e-13 0 5.70712e-13 0 7.34381e-13 0 9.31812e-13 0 1.15874e-12 0 1.41398e-12 0 1.70633e-12 0 2.0375e-12 0 2.39335e-12 0
30.3095 6.59078e-13 6.59064e-13 1.36778e-17 2.07529e-05 0.000122941 3.24598e-19 0 1.77141e-17 0 5.96977e-16 0 3.77607e-15 0 1.28314e-14 0 3.17043e-14 0 6.43244e-14 0 1.15337e-13 0 1.88386e-13 0 2.87072e-13 0 4.16143e-13 0 5.76657e-13 0 7.72644e-13 0 1.01093e-12 0 1.28493e-12 0 1.61153e-12 0 1.98278e-12 0 2.39613e-12 0 2.86513e-12 0 3.3917e-12 0 3.95287e-12 0
31.8653 6.19296e-13 6.19285e-13 1.12468e-17 1.81606e-05 0.000112054 1.14277e-18 0 5.13011e-17 0 1.45606e-15 0 8.41685e-15 0 2.69431e-14 0 6.36957e-14 0 1.24844e-13 0 2.1756e-13 0 3.46941e-13 0 5.17923e-13 0 7.37299e-13 0 1.00555e-12 0 1.32819e-12 0 1.71515e-12 0 2.15464e-12 0 2.67258e-12 0 3.25516e-12 0 3.89756e-12 0 4.61994e-12 0 5.42414e-12 0 6.27451e-12 0
33.5009 5.82741e-13 5.82732e-13 9.29237e-18 1.5946e-05 0.000102243 3.7314e-18 0 1.39115e-16 0 3.35338e-15 0 1.77931e-14 0 5.3812e-14 0 1.21982e-13 0 2.31358e-13 0 3.92391e-13 0 6.11647e-13 0 8.95395e-13 0 1.25287e-12 0 1.683e-12 0 2.19301e-12 0 2.7968e-12 0 3.47453e-12 0 4.26466e-12 0 5.14452e-12 0 6.10586e-12 0 7.1777e-12 0 8.36137e-12 0 9.60369e-12 0
35.2205 5.47905e-13 5.47898e-13 7.65513e-18 1.39716e-05 9.32352e-05 1.13175e-17 0 3.53611e-16 0 7.29717e-15 0 3.56891e-14 0 1.02258e-13 0 2.22722e-13 0 4.09429e-13 0 6.76722e-13 0 1.03224e-12 0 1.48324e-12 0 2.04164e-12 0 2.70334e-12 0 3.47732e-12 0 4.38237e-12 0 5.38695e-12 0 6.54616e-12 0 7.82473e-12 0 9.20955e-12 0 1.07411e-11 0 1.24195e-11 0 1.41686e-11 0
37.0284 5.14993e-13 5.14987e-13 6.28907e-18 1.22119e-05 8.49519e-05 3.2015e-17 0 8.45565e-16 0 1.50519e-14 0 6.81261e-14 0 1.85419e-13 0 3.8879e-13 0 6.93777e-13 0 1.11892e-12 0 1.67191e-12 0 2.36026e-12 0 3.19854e-12 0 4.17753e-12 0 5.30794e-12 0 6.61431e-12 0 8.04902e-12 0 9.68844e-12 0 1.14803e-11 0 1.3405e-11 0 1.55173e-11 0 1.78152e-11 0 2.0194e-11 0
38.9291 4.84089e-13 4.84084e-13 5.15284e-18 1.06444e-05 7.73276e-05 8.47838e-17 0 1.90849e-15 0 2.95176e-14 0 1.24105e-13 0 3.21662e-13 0 6.50519e-13 0 1.12846e-12 0 1.77799e-12 0 2.60513e-12 0 3.6163e-12 0 4.8285e-12 0 6.22469e-12 0 7.81711e-12 0 9.63694e-12 0 1.16154e-11 0 1.38553e-11 0 1.62823e-11 0 1.88688e-11 0 2.16865e-11 0 2.47308e-11 0 2.78619e-11 0
40.9273 4.54814e-13 4.5481e-13 4.22439e-18 9.28816e-06 7.04141e-05 2.1076e-16 0 4.07508e-15 0 5.51388e-14 0 2.16129e-13 0 5.34725e-13 0 1.04486e-12 0 1.76442e-12 0 2.71898e-12 0 3.91027e-12 0 5.3418e-12 0 7.03244e-12 0 8.95418e-12 0 1.11205e-11 0 1.357e-11 0 1.62075e-11 0 1.91671e-11 0 2.23479e-11 0 2.57121e-11 0 2.93516e-11 0 3.32579e-11 0 3.72512e-11 0
43.0281 4.28036e-13 4.28033e-13 3.49193e-18 8.15802e-06 6.42499e-05 4.94384e-16 0 8.27194e-15 0 9.85581e-14 0 3.61396e-13 0 8.55445e-13 0 1.61776e-12 0 2.66288e-12 0 4.01776e-12 0 5.67651e-12 0 7.63743e-12 0 9.92054e-12 0 1.24834e-11 0 1.53404e-11 0 1.85384e-11 0 2.19504e-11 0 2.5747e-11 0 2.97955e-11 0 3.4047e-11 0 3.86159e-11 0 4.34891e-11 0 4.84419e-11 0
45.2368 4.02609e-13 4.02606e-13 2.87767e-18 7.14755e-06 5.85827e-05 1.09502e-15 0 1.59672e-14 0 1.68568e-13 0 5.80116e-13 0 1.3166e-12 0 2.4136e-12 0 3.87734e-12 0 5.73385e-12 0 7.96553e-12 0 1.05631e-11 0 1.35466e-11 0 1.68561e-11 0 2.05065e-11 0 2.45534e-11 0 2.88337e-11 0 3.35585e-11 0 3.85594e-11 0 4.37755e-11 0 4.93456e-11 0 5.52513e-11 0 6.12206e-11 0
47.5588 3.78544e-13 3.78542e-13 2.36478e-18 6.24704e-06 5.33742e-05 2.29692e-15 0 2.93853e-14 0 2.76505e-13 0 8.95853e-13 0 1.95343e-12 0 3.47662e-12 0 5.45727e-12 0 7.91758e-12 0 1.08241e-11 0 1.41573e-11 0 1.79369e-11 0 2.20821e-11 0 2.66084e-11 0 3.15805e-11 0 3.6796e-11 0 4.25096e-11 0 4.85143e-11 0 5.47369e-11 0 6.13421e-11 0 6.83057e-11 0 7.53073e-11 0
50 3.55825e-13 3.55823e-13 1.93825e-18 5.44721e-06 4.85899e-05 4.57545e-15 0 5.16856e-14 0 4.35922e-13 0 1.33357e-12 0 2.79928e-12 0 4.84378e-12 0 7.43777e-12 0 1.05967e-11 0 1.42672e-11 0 1.84177e-11 0 2.30668e-11 0 2.81106e-11 0 3.35657e-11 0 3.95062e-11 0 4.56885e-11 0 5.24122e-11 0 5.94312e-11 0 6.66603e-11 0 7.42901e-11 0 8.22906e-11 0 9.02947e-11 0
52.5665 3.34359e-13 3.34358e-13 1.5849e-18 4.74012e-06 4.42023e-05 8.67657e-15 0 8.70713e-14 0 6.61761e-13 0 1.9169e-12 0 3.88068e-12 0 6.53762e-12 0 9.83069e-12 0 1.37659e-11 0 1.82671e-11 0 2.32891e-11 0 2.88491e-11 0 3.48196e-11 0 4.12183e-11 0 4.81288e-11 0 5.52669e-11 0 6.29769e-11 0 7.09741e-11 0 7.91626e-11 0 8.77581e-11 0 9.67251e-11 0 1.05654e-10 0
55.2648 3.1464e-13 3.14638e-13 1.31023e-18 4.16421e-06 4.03347e-05 1.57285e-14 0 1.41032e-13 0 9.70818e-13 0 2.66984e-12 0 5.22203e-12 0 8.57614e-12 0 1.26418e-11 0 1.74137e-11 0 2.27907e-11 0 2.8714e-11 0 3.51993e-11 0 4.20958e-11 0 4.9423e-11 0 5.72743e-11 0 6.53265e-11 0 7.3967e-11 0 8.2875e-11 0 9.19455e-11 0 1.01418e-10 0 1.11251e-10 0 1.20999e-10 0
58.1015 2.96062e-13 2.96061e-13 1.08014e-18 3.64837e-06 3.67746e-05 2.72765e-14 0 2.19738e-13 0 1.37664e-12 0 3.60346e-12 0 6.82101e-12 0 1.09341e-11 0 1.58152e-11 0 2.14471e-11 0 2.77032e-11 0 3.4512e-11 0 4.18886e-11 0 4.96602e-11 0 5.78494e-11 0 6.65589e-11 0 7.54308e-11 0 8.48919e-11 0 9.45897e-11 0 1.04412e-10 0 1.1462e-10 0 1.25167e-10 0 1.35578e-10 0
61.0839 2.7843e-13 2.7843e-13 8.87919e-19 3.18901e-06 3.35048e-05 4.53298e-14 0 3.29808e-13 0 1.88916e-12 0 4.71807e-12 0 8.65696e-12 0 1.35612e-11 0 1.92647e-11 0 2.57396e-11 0 3.28352e-11 0 4.0469e-11 0 4.86568e-11 0 5.72073e-11 0 6.61468e-11 0 7.55868e-11 0 8.51411e-11 0 9.52698e-11 0 1.05595e-10 0 1.16e-10 0 1.26763e-10 0 1.37836e-10 0 1.4872e-10 0
64.2193 2.61736e-13 2.61736e-13 7.2802e-19 2.7815e-06 3.05036e-05 7.23455e-14 0 4.77759e-13 0 2.5131e-12 0 6.00206e-12 0 1.06914e-11 0 1.63852e-11 0 2.28811e-11 0 3.01423e-11 0 3.79976e-11 0 4.63566e-11 0 5.5237e-11 0 6.44333e-11 0 7.39766e-11 0 8.39862e-11 0 9.40551e-11 0 1.0467e-10 0 1.15434e-10 0 1.2623e-10 0 1.37347e-10 0 1.48737e-10 0 1.59889e-10 0
67.5157 2.46064e-13 2.46063e-13 5.95399e-19 2.41969e-06 2.77438e-05 1.11159e-13 0 6.6945e-13 0 3.24727e-12 0 7.43281e-12 0 1.28721e-11 0 1.93206e-11 0 2.65443e-11 0 3.4501e-11 0 4.30037e-11 0 5.19579e-11 0 6.13849e-11 0 7.10695e-11 0 8.10485e-11 0 9.14481e-11 0 1.01849e-10 0 1.12754e-10 0 1.23759e-10 0 1.34746e-10 0 1.46013e-10 0 1.57511e-10 0 1.68727e-10 0
70.9813 2.31439e-13 2.31438e-13 4.90898e-19 2.12107e-06 2.52975e-05 1.64801e-13 0 9.09206e-13 0 4.08303e-12 0 8.97562e-12 0 1.51329e-11 0 2.22684e-11 0 3.01241e-11 0 3.86566e-11 0 4.7669e-11 0 5.70663e-11 0 6.68749e-11 0 7.68755e-11 0 8.7111e-11 0 9.77131e-11 0 1.08258e-10 0 1.19259e-10 0 1.30307e-10 0 1.41291e-10 0 1.52509e-10 0 1.63914e-10 0 1.75002e-10 0
74.6248 2.1786e-13 2.17859e-13 4.04858e-19 1.85834e-06 2.30624e-05 2.36251e-13 0 1.19912e-12 0 5.00428e-12 0 1.05859e-11 0 1.73989e-11 0 2.51251e-11 0 3.34916e-11 0 4.2459e-11 0 5.18263e-11 0 6.15022e-11 0 7.15193e-11 0 8.16592e-11 0 9.19713e-11 0 1.02591e-10 0 1.13098e-10 0 1.24007e-10 0 1.34914e-10 0 1.45714e-10 0 1.56702e-10 0 1.67833e-10 0 1.78619e-10 0
78.4553 2.04962e-13 2.04962e-13 3.32921e-19 1.6243e-06 2.101e-05 3.27579e-13 0 1.5359e-12 0 5.97802e-12 0 1.21919e-11 0 1.95588e-11 0 2.77428e-11 0 3.6467e-11 0 4.57002e-11 0 5.52444e-11 0 6.50152e-11 0 7.50523e-11 0 8.51433e-11 0 9.53437e-11 0 1.05791e-10 0 1.16076e-10 0 1.26706e-10 0 1.37289e-10 0 1.47727e-10 0 1.5831e-10 0 1.68995e-10 0 1.79315e-10 0
82.4824 1.92733e-13 1.92732e-13 2.73051e-19 1.41674e-06 1.91271e-05 4.40061e-13 0 1.91338e-12 0 6.96938e-12 0 1.37282e-11 0 2.15219e-11 0 3.00122e-11 0 3.89287e-11 0 4.8253e-11 0 5.77953e-11 0 6.74819e-11 0 7.73595e-11 0 8.72259e-11 0 9.71422e-11 0 1.07246e-10 0 1.17145e-10 0 1.27333e-10 0 1.37436e-10 0 1.47364e-10 0 1.57395e-10 0 1.6749e-10 0 1.77212e-10 0
86.7162 1.81217e-13 1.81217e-13 2.23376e-19 1.23264e-06 1.73969e-05 5.73854e-13 0 2.32239e-12 0 7.94215e-12 0 1.51359e-11 0 2.32149e-11 0 3.18537e-11 0 4.07984e-11 0 5.00462e-11 0 5.94211e-11 0 6.88615e-11 0 7.84209e-11 0 8.79112e-11 0 9.73978e-11 0 1.07016e-10 0 1.16398e-10 0 1.26014e-10 0 1.35514e-10 0 1.44817e-10 0 1.54186e-10 0 1.63587e-10 0 1.72615e-10 0
91.1674 1.70461e-13 1.70461e-13 1.83633e-19 1.07727e-06 1.58458e-05 7.27836e-13 0 2.75128e-12 0 8.86126e-12 0 1.63653e-11 0 2.45838e-11 0 3.32177e-11 0 4.20377e-11 0 5.10587e-11 0 6.01219e-11 0 6.91791e-11 0 7.82902e-11 0 8.7283e-11 0 9.6226e-11 0 1.05251e-10 0 1.14018e-10 0 1.22968e-10 0 1.31778e-10 0 1.40378e-10 0 1.49013e-10 0 1.57653e-10 0 1.65928e-10 0
95.847 1.60461e-13 1.6046e-13 1.51535e-19 9.44373e-07 1.44479e-05 8.99374e-13 0 3.18612e-12 0 9.69311e-12 0 1.73752e-11 0 2.559e-11 0 3.40765e-11 0 4.26359e-11 0 5.13012e-11 0 5.99332e-11 0 6.84977e-11 0 7.70593e-11 0 8.54634e-11 0 9.37806e-11 0 1.02137e-10 0 1.10222e-10 0 1.18447e-10 0 1.26515e-10 0 1.34367e-10 0 1.42228e-10 0 1.50072e-10 0 1.57567e-10 0
100.767 1.50997e-13 1.50996e-13 1.24661e-19 8.2559e-07 1.31622e-05 1.08301e-12 0 3.60708e-12 0 1.03949e-11 0 1.81122e-11 0 2.61796e-11 0 3.4382e-11 0 4.25554e-11 0 5.07502e-11 0 5.88481e-11 0 6.6828e-11 0 7.47583e-11 0 8.25024e-11 0 9.01314e-11 0 9.77645e-11 0 1.05122e-10 0 1.12581e-10 0 1.19875e-10 0 1.26952e-10 0 1.3402e-10 0 1.41053e-10 0 1.47758e-10 0
105.939 1.42032e-13 1.42031e-13 1.02275e-19 7.2009e-07 1.19821e-05 1.27237e-12 0 3.99629e-12 0 1.09385e-11 0 1.85528e-11 0 2.63428e-11 0 3.41446e-11 0 4.18304e-11 0 4.9466e-11 0 5.69541e-11 0 6.42858e-11 0 7.15313e-11 0 7.85723e-11 0 8.54786e-11 0 9.23617e-11 0 9.89729e-11 0 1.05653e-10 0 1.12167e-10 0 1.1847e-10 0 1.24747e-10 0 1.3098e-10 0 1.36909e-10 0
111.377 1.33543e-13 1.33543e-13 8.37016e-20 6.26777e-07 1.09002e-05 1.46015e-12 0 4.33732e-12 0 1.1305e-11 0 1.86903e-11 0 2.60933e-11 0 3.34022e-11 0 4.0525e-11 0 4.75402e-11 0 5.43707e-11 0 6.10181e-11 0 6.7553e-11 0 7.38742e-11 0 8.00492e-11 0 8.61809e-11 0 9.20509e-11 0 9.79645e-11 0 1.03714e-10 0 1.09263e-10 0 1.14777e-10 0 1.20239e-10 0 1.25424e-10 0
117.094 1.25629e-13 1.25629e-13 6.86078e-20 5.46114e-07 9.91733e-06 1.6402e-12 0 4.6206e-12 0 1.14964e-11 0 1.85511e-11 0 2.54871e-11 0 3.2243e-11 0 3.87599e-11 0 4.51262e-11 0 5.12832e-11 0 5.72409e-11 0 6.30689e-11 0 6.86819e-11 0 7.41442e-11 0 7.95494e-11 0 8.47078e-11 0 8.98898e-11 0 9.49146e-11 0 9.97526e-11 0 1.04549e-10 0 1.09291e-10 0 1.13784e-10 0
123.105 1.18255e-13 1.18255e-13 5.66486e-20 4.79039e-07 9.04406e-06 1.80553e-12 0 4.83647e-12 0 1.1514e-11 0 1.81568e-11 0 2.45692e-11 0 3.0736e-11 0 3.66275e-11 0 4.23387e-11 0 4.78272e-11 0 5.31095e-11 0 5.82529e-11 0 6.31865e-11 0 6.79704e-11 0 7.26889e-11 0 7.71789e-11 0 8.16772e-11 0 8.60285e-11 0 9.02085e-11 0 9.43443e-11 0 9.84249e-11 0 1.02284e-10 0
129.424 1.11316e-13 1.11316e-13 4.6623e-20 4.18835e-07 8.23893e-06 1.9486e-12 0 4.97578e-12 0 1.13599e-11 0 1.75271e-11 0 2.33782e-11 0 2.89378e-11 0 3.42013e-11 0 3.9267e-11 0 4.41061e-11 0 4.874e-11 0 5.32323e-11 0 5.75251e-11 0 6.16736e-11 0 6.5753e-11 0 6.96242e-11 0 7.3493e-11 0 7.72266e-11 0 8.08057e-11 0 8.43401e-11 0 8.7821e-11 0 9.11071e-11 0
136.067 1.04737e-13 1.04737e-13 3.82642e-20 3.65334e-07 7.49978e-06 2.06287e-12 0 5.03353e-12 0 1.10442e-11 0 1.66913e-11 0 2.19622e-11 0 2.69141e-11 0 3.15623e-11 0 3.60056e-11 0 4.02264e-11 0 4.42491e-11 0 4.81331e-11 0 5.18313e-11 0 5.53941e-11 0 5.88875e-11 0 6.21942e-11 0 6.54911e-11 0 6.8666e-11 0 7.17035e-11 0 7.46977e-11 0 7.76415e-11 0 8.04162e-11 0
143.051 9.84888e-14 9.84887e-14 3.13268e-20 3.18075e-07 6.82278e-06 2.14387e-12 0 5.01025e-12 0 1.05868e-11 0 1.56899e-11 0 2.03803e-11 0 2.474e-11 0 2.87998e-11 0 3.2656e-11 0 3.62998e-11 0 3.97574e-11 0 4.3083e-11 0 4.6239e-11 0 4.92704e-11 0 5.22351e-11 0 5.50345e-11 0 5.78197e-11 0 6.04963e-11 0 6.30525e-11 0 6.5568e-11 0 6.80371e-11 0 7.03611e-11 0
150.394 9.26483e-14 9.26483e-14 2.56006e-20 2.7632e-07 6.20137e-06 2.19137e-12 0 4.91583e-12 0 1.00232e-11 0 1.45821e-11 0 1.87119e-11 0 2.25125e-11 0 2.60251e-11 0 2.93417e-11 0 3.24603e-11 0 3.54074e-11 0 3.82318e-11 0 4.09039e-11 0 4.34635e-11 0 4.59606e-11 0 4.83133e-11 0 5.06492e-11 0 5.289e-11 0 5.50263e-11 0 5.71252e-11 0 5.91825e-11 0 6.11162e-11 0
158.114 8.72382e-14 8.72382e-14 2.11505e-20 2.42446e-07 5.65528e-06 2.20623e-12 0 4.7607e-12 0 9.38441e-12 0 1.34158e-11 0 1.70184e-11 0 2.03028e-11 0 2.33172e-11 0 2.61475e-11 0 2.87968e-11 0 3.12906e-11 0 3.36728e-11 0 3.592e-11 0 3.80671e-11 0 4.01569e-11 0 4.21219e-11 0 4.40692e-11 0 4.59339e-11 0 4.77089e-11 0 4.94503e-11 0 5.11549e-11 0 5.2755e-11 0
166.23 8.21354e-14 8.21353e-14 1.74161e-20 2.12042e-07 5.15203e-06 2.18726e-12 0 4.54922e-12 0 8.6854e-12 0 1.22128e-11 0 1.5325e-11 0 1.81377e-11 0 2.07021e-11 0 2.30976e-11 0 2.53302e-11 0 2.74243e-11 0 2.94185e-11 0 3.12947e-11 0 3.3083e-11 0 3.482e-11 0 3.64501e-11 0 3.80627e-11 0 3.96044e-11 0 4.10698e-11 0 4.25055e-11 0 4.39091e-11 0 4.52251e-11 0
174.763 7.73016e-14 7.73015e-14 1.42998e-20 1.84987e-07 4.6898e-06 2.13643e-12 0 4.29125e-12 0 7.94892e-12 0 1.1004e-11 0 1.36675e-11 0 1.6055e-11 0 1.82186e-11 0 2.02298e-11 0 2.20968e-11 0 2.38423e-11 0 2.54997e-11 0 2.70551e-11 0 2.85345e-11 0 2.99685e-11 0 3.13119e-11 0 3.26387e-11 0 3.39054e-11 0 3.51077e-11 0 3.62842e-11 0 3.7433e-11 0 3.8509e-11 0
183.733 7.27188e-14 7.27188e-14 1.17106e-20 1.6104e-07 4.266e-06 2.05734e-12 0 3.99825e-12 0 7.19764e-12 0 9.81831e-12 0 1.20777e-11 0 1.40875e-11 0 1.58985e-11 0 1.75744e-11 0 1.91245e-11 0 2.05691e-11 0 2.19373e-11 0 2.32182e-11 0 2.44341e-11 0 2.56106e-11 0 2.67109e-11 0 2.77961e-11 0 2.88305e-11 0 2.98113e-11 0 3.07698e-11 0 3.17048e-11 0 3.25797e-11 0
193.164 6.8391e-14 6.83909e-14 9.5674e-21 1.39893e-07 3.87746e-06 1.95509e-12 0 3.68273e-12 0 6.45326e-12 0 8.68149e-12 0 1.05826e-11 0 1.22618e-11 0 1.37669e-11 0 1.51539e-11 0 1.64324e-11 0 1.76206e-11 0 1.87431e-11 0 1.97918e-11 0 2.07853e-11 0 2.17451e-11 0 2.26413e-11 0 2.3524e-11 0 2.43644e-11 0 2.51602e-11 0 2.59372e-11 0 2.66943e-11 0 2.74021e-11 0
203.079 6.4409e-14 6.4409e-14 7.88817e-21 1.2247e-07 3.53313e-06 1.83768e-12 0 3.36091e-12 0 5.74139e-12 0 7.62345e-12 0 9.2137e-12 0 1.06091e-11 0 1.18537e-11 0 1.29962e-11 0 1.4046e-11 0 1.50191e-11 0 1.59363e-11 0 1.67915e-11 0 1.76004e-11 0 1.83805e-11 0 1.91079e-11 0 1.98235e-11 0 2.0504e-11 0 2.11477e-11 0 2.17755e-11 0 2.23868e-11 0 2.29578e-11 0
213.503 6.06457e-14 6.06457e-14 6.49887e-21 1.07161e-07 3.21899e-06 1.70694e-12 0 3.03597e-12 0 5.06339e-12 0 6.6409e-12 0 7.96187e-12 0 9.11388e-12 0 1.01368e-11 0 1.10724e-11 0 1.19297e-11 0 1.27223e-11 0 1.34678e-11 0 1.41617e-11 0 1.48169e-11 0 1.5448e-11 0 1.60357e-11 0 1.66131e-11 0 1.71616e-11 0 1.76799e-11 0 1.81851e-11 0 1.86765e-11 0 1.91351e-11 0
224.463 5.70893e-14 5.70893e-14 5.33836e-21 9.35089e-08 2.93028e-06 1.56778e-12 0 2.71604e-12 0 4.4286e-12 0 5.74143e-12 0 6.8316e-12 0 7.77698e-12 0 8.61285e-12 0 9.37495e-12 0 1.00713e-11 0 1.07137e-11 0 1.13167e-11 0 1.18771e-11 0 1.24055e-11 0 1.29137e-11 0 1.33864e-11 0 1.38504e-11 0 1.42907e-11 0 1.47064e-11 0 1.51112e-11 0 1.55046e-11 0 1.58716e-11 0
235.984 5.37234e-14 5.37234e-14 4.37333e-21 8.14046e-08 2.6654e-06 1.42458e-12 0 2.40745e-12 0 3.84281e-12 0 4.92802e-12 0 5.82221e-12 0 6.59358e-12 0 7.27298e-12 0 7.89052e-12 0 8.45338e-12 0 8.97156e-12 0 9.45717e-12 0 9.90769e-12 0 1.03319e-11 0 1.07394e-11 0 1.11181e-11 0 1.14894e-11 0 1.18414e-11 0 1.21735e-11 0 1.24967e-11 0 1.28105e-11 0 1.31031e-11 0
248.097 5.05245e-14 5.05245e-14 3.57441e-21 7.07461e-08 2.42293e-06 1.28101e-12 0 2.11478e-12 0 3.30875e-12 0 4.19992e-12 0 4.92899e-12 0 5.55488e-12 0 6.10418e-12 0 6.60208e-12 0 7.05485e-12 0 7.47088e-12 0 7.86013e-12 0 8.22075e-12 0 8.55989e-12 0 8.88532e-12 0 9.18743e-12 0 9.48336e-12 0 9.76372e-12 0 1.0028e-11 0 1.0285e-11 0 1.05344e-11 0 1.07668e-11 0
260.832 4.75852e-14 4.75852e-14 2.93881e-21 6.17588e-08 2.20554e-06 1.14296e-12 0 1.84575e-12 0 2.83399e-12 0 3.56287e-12 0 4.15522e-12 0 4.6615e-12 0 5.10435e-12 0 5.50474e-12 0 5.86808e-12 0 6.20135e-12 0 6.51269e-12 0 6.80076e-12 0 7.07138e-12 0 7.33078e-12 0 7.57137e-12 0 7.80685e-12 0 8.02977e-12 0 8.23977e-12 0 8.44383e-12 0 8.64178e-12 0 8.82607e-12 0
274.221 4.48091e-14 4.48091e-14 2.42259e-21 5.40648e-08 2.00966e-06 1.01075e-12 0 1.59874e-12 0 2.41169e-12 0 3.0047e-12 0 3.48371e-12 0 3.89143e-12 0 4.24701e-12 0 4.56772e-12 0 4.8582e-12 0 5.12421e-12 0 5.37239e-12 0 5.60174e-12 0 5.81696e-12 0 6.02308e-12 0 6.21409e-12 0 6.4009e-12 0 6.57763e-12 0 6.744e-12 0 6.90558e-12 0 7.06223e-12 0 7.20801e-12 0
288.297 4.21924e-14 4.21924e-14 1.99092e-21 4.71868e-08 1.82943e-06 8.86462e-13 0 1.37506e-12 0 2.04009e-12 0 2.52028e-12 0 2.90599e-12 0 3.23306e-12 0 3.5175e-12 0 3.77351e-12 0 4.00497e-12 0 4.21663e-12 0 4.41384e-12 0 4.5959e-12 0 4.76658e-12 0 4.9299e-12 0 5.08113e-12 0 5.22894e-12 0 5.36868e-12 0 5.50015e-12 0 5.62777e-12 0 5.75144e-12 0 5.86647e-12 0
303.095 3.97177e-14 3.97177e-14 1.63167e-21 4.10818e-08 1.66397e-06 7.7126e-13 0 1.17462e-12 0 1.71573e-12 0 2.10279e-12 0 2.41208e-12 0 2.67345e-12 0 2.90018e-12 0 3.10384e-12 0 3.28767e-12 0 3.45555e-12 0 3.61179e-12 0 3.75588e-12 0 3.89085e-12 0 4.01991e-12 0 4.13932e-12 0 4.25596e-12 0 4.36616e-12 0 4.4698e-12 0 4.57034e-12 0 4.66773e-12 0 4.75828e-12 0
318.653 3.73636e-14 3.73636e-14 1.33405e-21 3.57046e-08 1.51258e-06 6.65728e-13 0 9.96571e-13 0 1.4345e-12 0 1.74505e-12 0 1.99203e-12 0 2.20009e-12 0 2.38015e-12 0 2.54159e-12 0 2.6871e-12 0 2.81982e-12 0 2.94321e-12 0 3.0569e-12 0 3.16331e-12 0 3.26498e-12 0 3.359e-12 0 3.45078e-12 0 3.53745e-12 0 3.61892e-12 0 3.69792e-12 0 3.77441e-12 0 3.8455e-12 0
335.009 3.5176e-14 3.5176e-14 1.0938e-21 3.1095e-08 1.37581e-06 5.71158e-13 0 8.41274e-13 0 1.19443e-12 0 1.44288e-12 0 1.63962e-12 0 1.80487e-12 0 1.94758e-12 0 2.07532e-12 0 2.19029e-12 0 2.29505e-12 0 2.39234e-12 0 2.48192e-12 0 2.5657e-12 0 2.64569e-12 0 2.71962e-12 0 2.79175e-12 0 2.85984e-12 0 2.9238e-12 0 2.98581e-12 0 3.04583e-12 0 3.10158e-12 0
352.205 3.31375e-14 3.31375e-14 9.02176e-22 2.72252e-08 1.25357e-06 4.87193e-13 0 7.06777e-13 0 9.90621e-13 0 1.18886e-12 0 1.3452e-12 0 1.47618e-12 0 1.58906e-12 0 1.68996e-12 0 1.78066e-12 0 1.86321e-12 0 1.93982e-12 0 2.0103e-12 0 2.07617e-12 0 2.13903e-12 0 2.19709e-12 0 2.25372e-12 0 2.30714e-12 0 2.35731e-12 0 2.40593e-12 0 2.45297e-12 0 2.49666e-12 0
370.284 3.1208e-14 3.1208e-14 7.41804e-22 2.37696e-08 1.14115e-06 4.12952e-13 0 5.90591e-13 0 8.17826e-13 0 9.75465e-13 0 1.09934e-12 0 1.20286e-12 0 1.29193e-12 0 1.37142e-12 0 1.4428e-12 0 1.50771e-12 0 1.5679e-12 0 1.62323e-12 0 1.67491e-12 0 1.72421e-12 0 1.76972e-12 0 1.81408e-12 0 1.85592e-12 0 1.8952e-12 0 1.93325e-12 0 1.97005e-12 0 2.00422e-12 0
389.291 2.93832e-14 2.93832e-14 6.08211e-22 2.06993e-08 1.03797e-06 3.47956e-13 0 4.9102e-13 0 6.7228e-13 0 7.97253e-13 0 8.95131e-13 0 9.76743e-13 0 1.04685e-12 0 1.10934e-12 0 1.1654e-12 0 1.21633e-12 0 1.26352e-12 0 1.30687e-12 0 1.34735e-12 0 1.38593e-12 0 1.42154e-12 0 1.45624e-12 0 1.48895e-12 0 1.51965e-12 0 1.54937e-12 0 1.57812e-12 0 1.60481e-12 0
409.273 2.7656e-14 2.7656e-14 4.9742e-22 1.7986e-08 9.43531e-07 2.91539e-13 0 4.06275e-13 0 5.50369e-13 0 6.49159e-13 0 7.26295e-13 0 7.90482e-13 0 8.45537e-13 0 8.94555e-13 0 9.38487e-13 0 9.78368e-13 0 1.0153e-12 0 1.04921e-12 0 1.08085e-12 0 1.11099e-12 0 1.13881e-12 0 1.1659e-12 0 1.19143e-12 0 1.21538e-12 0 1.23857e-12 0 1.26099e-12 0 1.2818e-12 0
430.281 2.60239e-14 2.60239e-14 4.06708e-22 1.56282e-08 8.57957e-07 2.42996e-13 0 3.34665e-13 0 4.48863e-13 0 5.26754e-13 0 5.87403e-13 0 6.37778e-13 0 6.80927e-13 0 7.19305e-13 0 7.53671e-13 0 7.84847e-13 0 8.13698e-13 0 8.40174e-13 0 8.64869e-13 0 8.8839e-13 0 9.1008e-13 0 9.31201e-13 0 9.51099e-13 0 9.69764e-13 0 9.87828e-13 0 1.00529e-12 0 1.02149e-12 0
452.368 2.45276e-14 2.45276e-14 3.3565e-22 1.36846e-08 7.81428e-07 2.01914e-13 0 2.75032e-13 0 3.65449e-13 0 4.2683e-13 0 4.74503e-13 0 5.14032e-13 0 5.4785e-13 0 5.779e-13 0 6.04788e-13 0 6.29164e-13 0 6.5171e-13 0 6.7239e-13 0 6.91671e-13 0 7.10029e-13 0 7.26953e-13 0 7.43426e-13 0 7.58943e-13 0 7.73493e-13 0 7.87573e-13 0 8.01178e-13 0 8.13799e-13 0
475.588 2.31011e-14 2.31011e-14 2.76144e-22 1.19537e-08 7.11107e-07 1.66927e-13 0 2.25033e-13 0 2.96403e-13 0 3.44646e-13 0 3.82027e-13 0 4.12977e-13 0 4.39424e-13 0 4.62905e-13 0 4.839e-13 0 5.02922e-13 0 5.20507e-13 0 5.36631e-13 0 5.51657e-13 0 5.6596e-13 0 5.79141e-13 0 5.91968e-13 0 6.04047e-13 0 6.15371e-13 0 6.26327e-13 0 6.36911e-13 0 6.46728e-13 0
500 2.17535e-14 2.17535e-14 2.26521e-22 1.04131e-08 6.46874e-07 1.3741e-13 0 1.83452e-13 0 2.39656e-13 0 2.77498e-13 0 3.0676e-13 0 3.30952e-13 0 3.51604e-13 0 3.69925e-13 0 3.86296e-13 0 4.0112e-13 0 4.14819e-13 0 4.27375e-13 0 4.39072e-13 0 4.50202e-13 0 4.60456e-13 0 4.70433e-13 0 4.79826e-13 0 4.8863e-13 0 4.97145e-13 0 5.05371e-13 0 5.12999e-13 0
525.665 2.04863e-14 2.04863e-14 1.85321e-22 9.04611e-09 5.8826e-07 1.12687e-13 0 1.49082e-13 0 1.93259e-13 0 2.22898e-13 0 2.45772e-13 0 2.64659e-13 0 2.80768e-13 0 2.95048e-13 0 3.078e-13 0 3.19343e-13 0 3.30005e-13 0 3.39773e-13 0 3.4887e-13 0 3.57525e-13 0 3.65496e-13 0 3.7325e-13 0 3.80548e-13 0 3.87388e-13 0 3.94003e-13 0 4.00391e-13 0 4.06314e-13 0
552.648 1.92895e-14 1.92895e-14 1.51287e-22 7.84297e-09 5.34402e-07 9.20617e-14 0 1.2076e-13 0 1.55416e-13 0 1.78591e-13 0 1.96445e-13 0 2.11171e-13 0 2.2372e-13 0 2.34837e-13 0 2.44759e-13 0 2.53737e-13 0 2.62025e-13 0 2.69617e-13 0 2.76686e-13 0 2.83408e-13 0 2.89599e-13 0 2.9562e-13 0 3.01285e-13 0 3.06594e-13 0 3.11728e-13 0 3.16685e-13 0 3.2128e-13 0
581.015 1.81871e-14 1.81871e-14 1.24773e-22 6.86054e-09 4.86882e-07 7.50581e-14 0 9.76706e-14 0 1.2485e-13 0 1.42971e-13 0 1.5691e-13 0 1.68394e-13 0 1.78173e-13 0 1.86831e-13 0 1.94555e-13 0 2.01541e-13 0 2.07988e-13 0 2.13892e-13 0 2.19387e-13 0 2.24612e-13 0 2.29423e-13 0 2.34101e-13 0 2.38502e-13 0 2.42626e-13 0 2.46613e-13 0 2.50462e-13 0 2.5403e-13 0
610.839 1.71446e-14 1.71446e-14 1.02707e-22 5.99068e-09 4.43137e-07 6.09896e-14 0 7.87698e-14 0 1.0005e-13 0 1.142e-13 0 1.25068e-13 0 1.34014e-13 0 1.41626e-13 0 1.48362e-13 0 1.54369e-13 0 1.59799e-13 0 1.6481e-13 0 1.69397e-13 0 1.73665e-13 0 1.77723e-13 0 1.81459e-13 0 1.8509e-13 0 1.88506e-13 0 1.91707e-13 0 1.948e-13 0 1.97787e-13 0 2.00555e-13 0
642.193 1.61558e-14 1.61558e-14 8.42921e-23 5.21745e-09 4.03019e-07 4.93921e-14 0 6.33434e-14 0 7.99758e-14 0 9.10084e-14 0 9.9471e-14 0 1.06431e-13 0 1.12349e-13 0 1.17584e-13 0 1.2225e-13 0 1.26467e-13 0 1.30357e-13 0 1.33917e-13 0 1.3723e-13 0 1.40378e-13 0 1.43276e-13 0 1.46092e-13 0 1.48742e-13 0 1.51223e-13 0 1.53621e-13 0 1.55937e-13 0 1.58083e-13 0
675.157 1.52184e-14 1.52184e-14 6.89895e-23 4.53329e-09 3.66236e-07 3.98733e-14 0 5.07988e-14 0 6.3778e-14 0 7.23681e-14 0 7.89494e-14 0 8.43576e-14 0 8.89541e-14 0 9.30177e-14 0 9.66387e-14 0 9.99101e-14 0 1.02927e-13 0 1.05688e-13 0 1.08256e-13 0 1.10696e-13 0 1.12942e-13 0 1.15124e-13 0 1.17177e-13 0 1.191e-13 0 1.20958e-13 0 1.22751e-13 0 1.24413e-13 0
709.813 1.43304e-14 1.43304e-14 5.63292e-23 3.93073e-09 3.32384e-07 3.20935e-14 0 4.06342e-14 0 5.07477e-14 0 5.74277e-14 0 6.254e-14 0 6.6738e-14 0 7.03042e-14 0 7.34556e-14 0 7.62628e-14 0 7.87984e-14 0 8.11362e-14 0 8.32749e-14 0 8.52641e-14 0 8.71541e-14 0 8.88931e-14 0 9.0583e-14 0 9.21722e-14 0 9.36603e-14 0 9.50985e-14 0 9.64864e-14 0 9.77726e-14 0
746.248 1.35071e-14 1.35071e-14 4.6338e-23 3.43065e-09 3.03042e-07 2.57924e-14 0 3.24665e-14 0 4.03465e-14 0 4.55417e-14 0 4.95137e-14 0 5.27733e-14 0 5.5541e-14 0 5.79859e-14 0 6.01631e-14 0 6.21292e-14 0 6.39416e-14 0 6.55992e-14 0 6.71408e-14 0 6.86052e-14 0 6.99526e-14 0 7.12617e-14 0 7.24927e-14 0 7.36453e-14 0 7.47591e-14 0 7.58339e-14 0 7.68298e-14 0
784.553 1.27338e-14 1.27338e-14 3.81721e-23 2.9977e-09 2.75501e-07 2.0685e-14 0 2.58954e-14 0 3.20309e-14 0 3.60691e-14 0 3.91539e-14 0 4.16839e-14 0 4.38311e-14 0 4.57273e-14 0 4.74154e-14 0 4.89395e-14 0 5.03442e-14 0 5.16288e-14 0 5.28232e-14 0 5.39577e-14 0 5.50014e-14 0 5.60154e-14 0 5.69688e-14 0 5.78614e-14 0 5.87238e-14 0 5.9556e-14 0 6.03271e-14 0
824.824 1.20004e-14 1.20004e-14 3.13507e-23 2.61248e-09 2.51133e-07 1.65469e-14 0 2.06087e-14 0 2.53801e-14 0 2.85157e-14 0 3.09091e-14 0 3.2871e-14 0 3.45354e-14 0 3.60048e-14 0 3.73127e-14 0 3.84932e-14 0 3.9581e-14 0 4.05757e-14 0 4.15004e-14 0 4.23787e-14 0 4.31866e-14 0 4.39714e-14 0 4.47093e-14 0 4.54e-14 0 4.60674e-14 0 4.67113e-14 0 4.73079e-14 0
867.163 1.1305e-14 1.1305e-14 2.56761e-23 2.27121e-09 2.28625e-07 1.32048e-14 0 1.63669e-14 0 2.00733e-14 0 2.25057e-14 0 2.4361e-14 0 2.5881e-14 0 2.71701e-14 0 2.83079e-14 0 2.93203e-14 0 3.0234e-14 0 3.10759e-14 0 3.18455e-14 0 3.2561e-14 0 3.32404e-14 0 3.38653e-14 0 3.44724e-14 0 3.5043e-14 0 3.55772e-14 0 3.60933e-14 0 3.65912e-14 0 3.70525e-14 0
911.674 1.06461e-14 1.06461e-14 2.09735e-23 1.97005e-09 2.06341e-07 1.05138e-14 0 1.29725e-14 0 1.58486e-14 0 1.77337e-14 0 1.91706e-14 0 2.03473e-14 0 2.1345e-14 0 2.22253e-14 0 2.30085e-14 0 2.37152e-14 0 2.43663e-14 0 2.49614e-14 0 2.55145e-14 0 2.60398e-14 0 2.65229e-14 0 2.69921e-14 0 2.74331e-14 0 2.7846e-14 0 2.82448e-14 0 2.86296e-14 0 2.89861e-14 0
958.471 1.00311e-14 1.00311e-14 1.72057e-23 1.71524e-09 1.87004e-07 8.36067e-15 0 1.02718e-14 0 1.25034e-14 0 1.39645e-14 0 1.50774e-14 0 1.59885e-14 0 1.67608e-14 0 1.7442e-14 0 1.8048e-14 0 1.85947e-14 0 1.90983e-14 0 1.95586e-14 0 1.99864e-14 0 2.03926e-14 0 2.07661e-14 0 2.11289e-14 0 2.14699e-14 0 2.1789e-14 0 2.20973e-14 0 2.23948e-14 0 2.26703e-14 0
1007.67 9.45769e-15 9.45769e-15 1.41772e-23 1.49901e-09 1.7158e-07 6.64152e-15 0 8.12694e-15 0 9.85862e-15 0 1.09912e-14 0 1.18535e-14 0 1.25591e-14 0 1.31571e-14 0 1.36844e-14 0 1.41535e-14 0 1.45765e-14 0 1.49662e-14 0 1.53224e-14 0 1.56533e-14 0 1.59675e-14 0 1.62565e-14 0 1.65371e-14 0 1.68008e-14 0 1.70477e-14 0 1.72861e-14 0 1.75161e-14 0 1.77292e-14 0
1059.39 8.91356e-15 8.91356e-15 1.16456e-23 1.3065e-09 1.55755e-07 5.26539e-15 0 6.41871e-15 0 7.76124e-15 0 8.6385e-15 0 9.30604e-15 0 9.85215e-15 0 1.03148e-14 0 1.07227e-14 0 1.10855e-14 0 1.14127e-14 0 1.17141e-14 0 1.19895e-14 0 1.22453e-14 0 1.24883e-14 0 1.27116e-14 0 1.29286e-14 0 1.31324e-14 0 1.33232e-14 0 1.35075e-14 0 1.36853e-14 0 1.385e-14 0
1113.77 8.39777e-15 8.39777e-15 9.54021e-24 1.13604e-09 1.39966e-07 4.16668e-15 0 5.06129e-15 0 6.10127e-15 0 6.78025e-15 0 7.29669e-15 0 7.71905e-15 0 8.07678e-15 0 8.39219e-15 0 8.67262e-15 0 8.92554e-15 0 9.15843e-15 0 9.37123e-15 0 9.56897e-15 0 9.75668e-15 0 9.92926e-15 0 1.00968e-14 0 1.02544e-14 0 1.04018e-14 0 1.05441e-14 0 1.06815e-14 0 1.08087e-14 0
1170.94 7.90904e-15 7.90904e-15 7.79503e-24 9.85585e-10 1.26203e-07 3.29142e-15 0 3.98473e-15 0 4.78971e-15 0 5.31487e-15 0 5.71415e-15 0 6.0406e-15 0 6.31705e-15 0 6.56075e-15 0 6.7774e-15 0 6.97278e-15 0 7.15266e-15 0 7.31703e-15 0 7.46974e-15 0 7.61471e-15 0 7.74798e-15 0 7.87739e-15 0 7.99901e-15 0 8.11282e-15 0 8.22275e-15 0 8.32878e-15 0 8.42699e-15 0
1231.05 7.44939e-15 7.44939e-15 6.37614e-24 8.55928e-10 1.18481e-07 2.5968e-15 0 3.13389e-15 0 3.75679e-15 0 4.16288e-15 0 4.47152e-15 0 4.7238e-15 0 4.9374e-15 0 5.12567e-15 0 5.29303e-15 0 5.44394e-15 0 5.58288e-15 0 5.70981e-15 0 5.82775e-15 0 5.93969e-15 0 6.0426e-15 0 6.14252e-15 0 6.23643e-15 0 6.3243e-15 0 6.40917e-15 0 6.49103e-15 0 6.56685e-15 0
1294.24 7.02411e-15 7.02411e-15 5.25754e-24 7.48499e-10 1.04534e-07 2.04844e-15 0 2.46477e-15 0 2.94714e-15 0 3.26141e-15 0 3.50018e-15 0 3.69532e-15 0 3.86051e-15 0 4.00609e-15 0 4.13549e-15 0 4.25216e-15 0 4.35956e-15 0 4.45768e-15 0 4.54884e-15 0 4.63537e-15 0 4.71491e-15 0 4.79214e-15 0 4.86471e-15 0 4.93262e-15 0 4.9982e-15 0 5.06146e-15 0 5.12005e-15 0
1360.67 6.62066e-15 6.62066e-15 4.32148e-24 6.52726e-10 9.61284e-08 1.61338e-15 0 1.93586e-15 0 2.30914e-15 0 2.5522e-15 0 2.73682e-15 0 2.88766e-15 0 3.01534e-15 0 3.12785e-15 0 3.22784e-15 0 3.31799e-15 0 3.40098e-15 0 3.47679e-15 0 3.54722e-15 0 3.61406e-15 0 3.67551e-15 0 3.73516e-15 0 3.79122e-15 0 3.84368e-15 0 3.89434e-15 0 3.9432e-15 0 3.98846e-15 0
1430.51 6.23806e-15 6.23806e-15 3.54212e-24 5.67825e-10 8.81469e-08 1.26884e-15 0 1.51843e-15 0 1.8071e-15 0 1.99498e-15 0 2.13764e-15 0 2.25418e-15 0 2.35281e-15 0 2.43971e-15 0 2.51694e-15 0 2.58657e-15 0 2.65066e-15 0 2.7092e-15 0 2.76358e-15 0 2.81519e-15 0 2.86264e-15 0 2.9087e-15 0 2.95198e-15 0 2.99248e-15 0 3.0316e-15 0 3.06932e-15 0 3.10425e-15 0
1503.94 5.87542e-15 5.87542e-15 2.89587e-24 4.92879e-10 7.92051e-08 9.96472e-16 0 1.18951e-15 0 1.41262e-15 0 1.55775e-15 0 1.66793e-15 0 1.75792e-15 0 1.83408e-15 0 1.90117e-15 0 1.96079e-15 0 2.01453e-15 0 2.064e-15 0 2.10919e-15 0 2.15116e-15 0 2.19099e-15 0 2.22761e-15 0 2.26316e-15 0 2.29656e-15 0 2.32781e-15 0 2.358e-15 0 2.38711e-15 0 2.41407e-15 0
1581.14 5.53211e-15 5.53211e-15 2.3619e-24 4.26944e-10 7.51949e-08 7.81548e-16 0 9.30761e-16 0 1.1031e-15 0 1.21516e-15 0 1.30021e-15 0 1.36967e-15 0 1.42843e-15 0 1.48021e-15 0 1.52621e-15 0 1.56768e-15 0 1.60585e-15 0 1.64071e-15 0 1.67309e-15 0 1.70382e-15 0 1.73207e-15 0 1.75949e-15 0 1.78526e-15 0 1.80937e-15 0 1.83265e-15 0 1.8551e-15 0 1.8759e-15 0
1662.3 5.21678e-15 5.21678e-15 1.94917e-24 3.73636e-10 6.47318e-08 6.13344e-16 0 7.28823e-16 0 8.62117e-16 0 9.48756e-16 0 1.0145e-15 0 1.06818e-15 0 1.1136e-15 0 1.15361e-15 0 1.18916e-15 0 1.2212e-15 0 1.25069e-15 0 1.27762e-15 0 1.30264e-15 0 1.32638e-15 0 1.34821e-15 0 1.36939e-15 0 1.3893e-15 0 1.40792e-15 0 1.42591e-15 0 1.44325e-15 0 1.45931e-15 0
1747.63 4.91747e-15 4.91747e-15 1.60317e-24 3.26016e-10 6.06074e-08 4.80725e-16 0 5.7004e-16 0 6.73075e-16 0 7.40023e-16 0 7.90816e-16 0 8.32286e-16 0 8.67368e-16 0 8.9827e-16 0 9.25725e-16 0 9.5047e-16 0 9.73244e-16 0 9.94044e-16 0 1.01336e-15 0 1.0317e-15 0 1.04855e-15 0 1.06491e-15 0 1.08027e-15 0 1.09466e-15 0 1.10854e-15 0 1.12193e-15 0 1.13434e-15 0
1837.33 4.63364e-15 4.63364e-15 1.31479e-24 2.83748e-10 5.80559e-08 3.76333e-16 0 4.4537e-16 0 5.24973e-16 0 5.7668e-16 0 6.15902e-16 0 6.47923e-16 0 6.75008e-16 0 6.98865e-16 0 7.20059e-16 0 7.39161e-16 0 7.5674e-16 0 7.72796e-16 0 7.87708e-16 0 8.01859e-16 0 8.14865e-16 0 8.2749e-16 0 8.39353e-16 0 8.50452e-16 0 8.61169e-16 0 8.71505e-16 0 8.81077e-16 0
1931.64 4.36466e-15 4.36466e-15 1.07548e-24 2.46406e-10 5.30153e-08 2.94277e-16 0 3.4761e-16 0 4.09078e-16 0 4.48994e-16 0 4.79268e-16 0 5.0398e-16 0 5.24882e-16 0 5.43292e-16 0 5.59647e-16 0 5.74386e-16 0 5.8795e-16 0 6.00338e-16 0 6.11843e-16 0 6.22761e-16 0 6.32795e-16 0 6.42536e-16 0 6.51688e-16 0 6.6025e-16 0 6.68519e-16 0 6.76492e-16 0 6.83876e-16 0
2030.79 4.1099e-15 4.1099e-15 8.77582e-25 2.13529e-10 4.33733e-08 2.29865e-16 0 2.71045e-16 0 3.18488e-16 0 3.49287e-16 0 3.72644e-16 0 3.91708e-16 0 4.07832e-16 0 4.22032e-16 0 4.34647e-16 0 4.46015e-16 0 4.56477e-16 0 4.66031e-16 0 4.74905e-16 0 4.83325e-16 0 4.91063e-16 0 4.98575e-16 0 5.05633e-16 0 5.12236e-16 0 5.18612e-16 0 5.24762e-16 0 5.30456e-16 0
2135.03 3.87435e-15 3.87435e-15 7.22351e-25 1.86445e-10 4.49349e-08 1.79626e-16 0 2.11454e-16 0 2.48106e-16 0 2.71896e-16 0 2.89934e-16 0 3.04656e-16 0 3.17107e-16 0 3.28072e-16 0 3.37812e-16 0 3.4659e-16 0 3.54667e-16 0 3.62044e-16 0 3.68894e-16 0 3.75395e-16 0 3.81369e-16 0 3.87169e-16 0 3.92618e-16 0 3.97715e-16 0 4.02638e-16 0 4.07385e-16 0 4.1178e-16 0
2244.63 3.65247e-15 3.65247e-15 5.94535e-25 1.62776e-10 4.1943e-08 1.40282e-16 0 1.64878e-16 0 1.93193e-16 0 2.11567e-16 0 2.25498e-16 0 2.36867e-16 0 2.46481e-16 0 2.54947e-16 0 2.62468e-16 0 2.69245e-16 0 2.75482e-16 0 2.81177e-16 0 2.86466e-16 0 2.91485e-16 0 2.96097e-16 0 3.00574e-16 0 3.04781e-16 0 3.08716e-16 0 3.12516e-16 0 3.16181e-16 0 3.19574e-16 0
2359.84 3.44193e-15 3.44193e-15 4.87883e-25 1.41747e-10 3.97343e-08 1.09445e-16 0 1.28442e-16 0 1.50305e-16 0 1.6449e-16 0 1.75243e-16 0 1.84018e-16 0 1.91438e-16 0 1.97973e-16 0 2.03777e-16 0 2.09007e-16 0 2.1382e-16 0 2.18215e-16 0 2.22297e-16 0 2.2617e-16 0 2.29729e-16 0 2.33184e-16 0 2.3643e-16 0 2.39467e-16 0 2.42399e-16 0 2.45227e-16 0 2.47846e-16 0
2480.97 3.2423e-15 3.2423e-15 3.99297e-25 1.23152e-10 3.62058e-08 8.53031e-17 0 9.99685e-17 0 1.16842e-16 0 1.27787e-16 0 1.36084e-16 0 1.42854e-16 0 1.48579e-16 0 1.5362e-16 0 1.58098e-16 0 1.62133e-16 0 1.65845e-16 0 1.69236e-16 0 1.72384e-16 0 1.75372e-16 0 1.78117e-16 0 1.80783e-16 0 1.83286e-16 0 1.85629e-16 0 1.87891e-16 0 1.90072e-16 0 1.92092e-16 0
2608.32 3.05324e-15 3.05324e-15 3.25986e-25 1.06767e-10 2.77871e-08 6.64277e-17 0 7.77442e-17 0 9.07612e-17 0 9.92038e-17 0 1.05603e-16 0 1.10824e-16 0 1.15239e-16 0 1.19127e-16 0 1.2258e-16 0 1.25691e-16 0 1.28554e-16 0 1.31168e-16 0 1.33596e-16 0 1.359e-16 0 1.38017e-16 0 1.40072e-16 0 1.42002e-16 0 1.43809e-16 0 1.45553e-16 0 1.47234e-16 0 1.48792e-16 0
2742.21 2.87729e-15 2.87729e-15 2.67595e-25 9.30023e-11 2.34536e-08 5.17394e-17 0 6.04771e-17 0 7.05256e-17 0 7.70419e-17 0 8.19806e-17 0 8.60102e-17 0 8.94173e-17 0 9.24173e-17 0 9.50818e-17 0 9.74827e-17 0 9.96919e-17 0 1.01709e-16 0 1.03583e-16 0 1.0536e-16 0 1.06994e-16 0 1.08579e-16 0 1.10069e-16 0 1.11463e-16 0 1.12808e-16 0 1.14106e-16 0 1.15308e-16 0
2882.97 2.71266e-15 2.71266e-15 2.20407e-25 8.12511e-11 1.75968e-08 4.02963e-17 0 4.70453e-17 0 5.48051e-17 0 5.98366e-17 0 6.36496e-17 0 6.67607e-17 0 6.9391e-17 0 7.1707e-17 0 7.3764e-17 0 7.56175e-17 0 7.73229e-17 0 7.88801e-17 0 8.03264e-17 0 8.16985e-17 0 8.29595e-17 0 8.41835e-17 0 8.53334e-17 0 8.64092e-17 0 8.74479e-17 0 8.84496e-17 0 8.93772e-17 0
3030.95 2.55656e-15 2.55656e-15 1.80979e-25 7.07899e-11 1.68602e-08 3.13583e-17 0 3.65688e-17 0 4.25587e-17 0 4.64421e-17 0 4.93849e-17 0 5.17858e-17 0 5.38157e-17 0 5.5603e-17 0 5.71904e-17 0 5.86206e-17 0 5.99366e-17 0 6.11383e-17 0 6.22543e-17 0 6.33131e-17 0 6.42862e-17 0 6.52306e-17 0 6.61179e-17 0 6.6948e-17 0 6.77495e-17 0 6.85225e-17 0 6.92382e-17 0
3186.53 2.40858e-15 2.40858e-15 1.48201e-25 6.15304e-11 1.48026e-08 2.43832e-17 0 2.84043e-17 0 3.30261e-17 0 3.60222e-17 0 3.82925e-17 0 4.01446e-17 0 4.17105e-17 0 4.30892e-17 0 4.43137e-17 0 4.5417e-17 0 4.64321e-17 0 4.73591e-17 0 4.82199e-17 0 4.90366e-17 0 4.97872e-17 0 5.05157e-17 0 5.12001e-17 0 5.18404e-17 0 5.24586e-17 0 5.30548e-17 0 5.36068e-17 0
3350.09 2.26828e-15 2.26828e-15 1.21057e-25 5.33697e-11 1.04139e-08 1.89442e-17 0 2.20459e-17 0 2.56104e-17 0 2.79209e-17 0 2.96717e-17 0 3.10999e-17 0 3.23073e-17 0 3.33704e-17 0 3.43146e-17 0 3.51653e-17 0 3.5948e-17 0 3.66627e-17 0 3.73264e-17 0 3.79561e-17 0 3.85348e-17 0 3.90965e-17 0 3.96242e-17 0 4.01179e-17 0 4.05946e-17 0 4.10542e-17 0 4.14798e-17 0
3522.05 2.13675e-15 2.13675e-15 9.91038e-26 4.63806e-11 3.18452e-08 1.47167e-17 0 1.71098e-17 0 1.98596e-17 0 2.16418e-17 0 2.29922e-17 0 2.40938e-17 0 2.50251e-17 0 2.5845e-17 0 2.65732e-17 0 2.72293e-17 0 2.7833e-17 0 2.83842e-17 0 2.88961e-17 0 2.93818e-17 0 2.98281e-17 0 3.02613e-17 0 3.06683e-17 0 3.1049e-17 0 3.14166e-17 0 3.17711e-17 0 3.20993e-17 0
3702.84 2.01476e-15 2.01476e-15 8.16881e-26 4.05449e-11 2.80778e-08 1.14391e-17 0 1.32871e-17 0 1.54103e-17 0 1.67863e-17 0 1.78288e-17 0 1.86793e-17 0 1.93983e-17 0 2.00312e-17 0 2.05934e-17 0 2.10999e-17 0 2.15659e-17 0 2.19914e-17 0 2.23866e-17 0 2.27615e-17 0 2.3106e-17 0 2.34404e-17 0 2.37546e-17 0 2.40485e-17 0 2.43322e-17 0 2.46059e-17 0 2.48593e-17 0
3892.91 1.89899e-15 1.89899e-15 6.71185e-26 3.53444e-11 3.11702e-08 8.88476e-18 0 1.03112e-17 0 1.19499e-17 0 1.30118e-17 0 1.38164e-17 0 1.44727e-17 0 1.50275e-17 0 1.55159e-17 0 1.59497e-17 0 1.63406e-17 0 1.67002e-17 0 1.70285e-17 0 1.73334e-17 0 1.76227e-17 0 1.78886e-17 0 1.81466e-17 0 1.8389e-17 0 1.86158e-17 0 1.88348e-17 0 1.90459e-17 0 1.92414e-17 0
4092.73 1.78917e-15 1.78917e-15 5.49906e-26 3.07352e-11 2.26184e-08 6.89578e-18 0 7.99635e-18 0 9.26054e-18 0 1.00797e-17 0 1.07004e-17 0 1.12066e-17 0 1.16346e-17 0 1.20113e-17 0 1.23459e-17 0 1.26474e-17 0 1.29248e-17 0 1.31781e-17 0 1.34132e-17 0 1.36364e-17 0 1.38414e-17 0 1.40405e-17 0 1.42274e-17 0 1.44024e-17 0 1.45712e-17 0 1.47341e-17 0 1.48849e-17 0
4302.81 1.6851e-15 1.6851e-15 4.49429e-26 2.66707e-11 0 5.34842e-18 0 6.19723e-18 0 7.17213e-18 0 7.80383e-18 0 8.2824e-18 0 8.67276e-18 0 9.00275e-18 0 9.29326e-18 0 9.55127e-18 0 9.78371e-18 0 9.99758e-18 0 1.01929e-17 0 1.03742e-17 0 1.05462e-17 0 1.07044e-17 0 1.08578e-17 0 1.1002e-17 0 1.11368e-17 0 1.12671e-17 0 1.13926e-17 0 1.15089e-17 0
4523.68 1.58683e-15 1.58683e-15 3.66899e-26 2.31215e-11 0 4.14634e-18 0 4.80085e-18 0 5.55252e-18 0 6.03955e-18 0 6.4085e-18 0 6.70945e-18 0 6.96385e-18 0 7.18782e-18 0 7.38672e-18 0 7.56592e-18 0 7.73079e-18 0 7.88133e-18 0 8.02113e-18 0 8.15376e-18 0 8.27564e-18 0 8.39394e-18 0 8.50508e-18 0 8.60904e-18 0 8.70942e-18 0 8.80623e-18 0 8.89586e-18 0
4755.88 1.49633e-15 1.49633e-15 3.02639e-26 2.02253e-11 0 3.2179e-18 0 3.72326e-18 0 4.30358e-18 0 4.67958e-18 0 4.96442e-18 0 5.19674e-18 0 5.39314e-18 0 5.56603e-18 0 5.71958e-18 0 5.85791e-18 0 5.98519e-18 0 6.1014e-18 0 6.20931e-18 0 6.3117e-18 0 6.40578e-18 0 6.49711e-18 0 6.58289e-18 0 6.66315e-18 0 6.74064e-18 0 6.81536e-18 0 6.88455e-18 0
5000 1.41045e-15 1.41045e-15 2.48819e-26 1.76411e-11 0 2.49569e-18 0 2.88572e-18 0 3.33358e-18 0 3.62374e-18 0 3.84354e-18 0 4.02282e-18 0 4.17437e-18 0 4.30779e-18 0 4.42627e-18 0 4.53302e-18 0 4.63123e-18 0 4.7209e-18 0 4.80418e-18 0 4.88318e-18 0 4.95578e-18 0 5.02625e-18 0 5.09244e-18 0 5.15437e-18 0 5.21417e-18 0 5.27183e-18 0 5.32521e-18 0
