# 1.11697e-05 1 55 : grain size, compostion index, size index
# Heating and cooling timescale: 0.302677 1.56698e+06
# Ratio of heating to cooling to determine stochastic cutoff: 100
# Equilibrium emission is recorded even for those grains in the stochastic regime.
# Emission spectrum was computed for: 
# Type: ISRF
# Scales: 0.25 0.5 1 1.5 2 2.5 3 3.5 4 4.5 5 5.5 6 6.5 7 7.5 8 8.5 9 9.5 10
# StochasticallyHeated: 0 0 0 0 0 0 0 0 0 0 0 0 0 0 0 0 0 0 0 0 0
# Temperature: -1
# Wavelength  CExt  CAbs  CSca  Albedo G EqEm1 StEm1 EqEm2 StEm2 EqEm3 StEm3 EqEm4 StEm4 EqEm5 StEm5 EqEm6 StEm6 EqEm7 StEm7 EqEm8 StEm8 EqEm9 StEm9 EqEm10 StEm10 EqEm11 StEm11 EqEm12 StEm12 EqEm13 StEm13 EqEm14 StEm14 EqEm15 StEm15 EqEm16 StEm16 EqEm17 StEm17 EqEm18 StEm18 EqEm19 StEm19 EqEm20 StEm20 EqEm21 StEm21
0.05 8.28606e-10 3.78161e-10 4.50445e-10 0.543617 0.918565 0 0 0 0 0 0 0 0 0 0 0 0 0 0 0 0 0 0 0 0 0 0 0 0 0 0 0 0 0 0 0 0 0 0 0 0 0 0 0 0 0 0
0.0525665 8.34566e-10 3.79344e-10 4.55222e-10 0.54546 0.912081 0 0 0 0 0 0 0 0 0 0 0 0 0 0 0 0 0 0 0 0 0 0 0 0 0 0 0 0 0 0 0 0 0 0 0 0 0 0 0 0 0 0
0.0552647 8.41865e-10 3.78432e-10 4.63434e-10 0.550484 0.902736 0 0 0 0 0 0 0 0 0 0 0 0 0 0 0 0 0 0 0 0 0 0 0 0 0 0 0 0 0 0 0 0 0 0 0 0 0 0 0 0 0 0
0.0581015 8.53043e-10 3.76427e-10 4.76616e-10 0.558725 0.888906 0 0 0 0 0 0 0 0 0 0 0 0 0 0 0 0 0 0 0 0 0 0 0 0 0 0 0 0 0 0 0 0 0 0 0 0 0 0 0 0 0 0
0.0610839 8.68179e-10 3.77241e-10 4.90939e-10 0.565481 0.873685 0 0 0 0 0 0 0 0 0 0 0 0 0 0 0 0 0 0 0 0 0 0 0 0 0 0 0 0 0 0 0 0 0 0 0 0 0 0 0 0 0 0
0.0642193 8.84566e-10 3.82261e-10 5.02305e-10 0.567855 0.861235 0 0 0 0 0 0 0 0 0 0 0 0 0 0 0 0 0 0 0 0 0 0 0 0 0 0 0 0 0 0 0 0 0 0 0 0 0 0 0 0 0 0
0.0675157 9.0076e-10 3.90361e-10 5.10399e-10 0.566632 0.852206 0 0 0 0 0 0 0 0 0 0 0 0 0 0 0 0 0 0 0 0 0 0 0 0 0 0 0 0 0 0 0 0 0 0 0 0 0 0 0 0 0 0
0.0709813 9.1609e-10 4.00424e-10 5.15666e-10 0.562899 0.8461 0 0 0 0 0 0 0 0 0 0 0 0 0 0 0 0 0 0 0 0 0 0 0 0 0 0 0 0 0 0 0 0 0 0 0 0 0 0 0 0 0 0
0.0746248 9.29899e-10 4.11535e-10 5.18364e-10 0.557441 0.842423 0 0 0 0 0 0 0 0 0 0 0 0 0 0 0 0 0 0 0 0 0 0 0 0 0 0 0 0 0 0 0 0 0 0 0 0 0 0 0 0 0 0
0.0784553 9.41078e-10 4.23241e-10 5.17837e-10 0.550259 0.841484 0 0 0 0 0 0 0 0 0 0 0 0 0 0 0 0 0 0 0 0 0 0 0 0 0 0 0 0 0 0 0 0 0 0 0 0 0 0 0 0 0 0
0.0824824 9.48345e-10 4.35768e-10 5.12577e-10 0.540496 0.844562 0 0 0 0 0 0 0 0 0 0 0 0 0 0 0 0 0 0 0 0 0 0 0 0 0 0 0 0 0 0 0 0 0 0 0 0 0 0 0 0 0 0
0.0867162 9.52162e-10 4.42803e-10 5.09359e-10 0.53495 0.845224 0 0 0 0 0 0 0 0 0 0 0 0 0 0 0 0 0 0 0 0 0 0 0 0 0 0 0 0 0 0 0 0 0 0 0 0 0 0 0 0 0 0
0.0911674 9.6256e-10 4.46985e-10 5.15575e-10 0.535629 0.837452 0 0 0 0 0 0 0 0 0 0 0 0 0 0 0 0 0 0 0 0 0 0 0 0 0 0 0 0 0 0 0 0 0 0 0 0 0 0 0 0 0 0
0.095847 9.72948e-10 4.54072e-10 5.18876e-10 0.533303 0.8322 0 0 0 0 0 0 0 0 0 0 0 0 0 0 0 0 0 0 0 0 0 0 0 0 0 0 0 0 0 0 0 0 0 0 0 0 0 0 0 0 0 0
0.100767 9.80573e-10 4.61311e-10 5.19262e-10 0.529549 0.829096 0 0 0 0 0 0 0 0 0 0 0 0 0 0 0 0 0 0 0 0 0 0 0 0 0 0 0 0 0 0 0 0 0 0 0 0 0 0 0 0 0 0
0.105939 9.85821e-10 4.70158e-10 5.15663e-10 0.52308 0.829634 0 0 0 0 0 0 0 0 0 0 0 0 0 0 0 0 0 0 0 0 0 0 0 0 0 0 0 0 0 0 0 0 0 0 0 0 0 0 0 0 0 0
0.111377 9.90529e-10 4.79268e-10 5.11262e-10 0.51615 0.831178 0 0 0 0 0 0 0 0 0 0 0 0 0 0 0 0 0 0 0 0 0 0 0 0 0 0 0 0 0 0 0 0 0 0 0 0 0 0 0 0 0 0
0.117094 9.96137e-10 4.87437e-10 5.087e-10 0.510673 0.83085 0 0 0 0 0 0 0 0 0 0 0 0 0 0 0 0 0 0 0 0 0 0 0 0 0 0 0 0 0 0 0 0 0 0 0 0 0 0 0 0 0 0
0.123105 1.00256e-09 4.9525e-10 5.07305e-10 0.506012 0.829407 0 0 0 0 0 0 0 0 0 0 0 0 0 0 0 0 0 0 0 0 0 0 0 0 0 0 0 0 0 0 0 0 0 0 0 0 0 0 0 0 0 0
0.129424 1.00971e-09 5.02913e-10 5.06795e-10 0.501922 0.82689 0 0 0 0 0 0 0 0 0 0 0 0 0 0 0 0 0 0 0 0 0 0 0 0 0 0 0 0 0 0 0 0 0 0 0 0 0 0 0 0 0 0
0.136067 1.0173e-09 5.09959e-10 5.07338e-10 0.498712 0.823012 0 0 0 0 0 0 0 0 0 0 0 0 0 0 0 0 0 0 0 0 0 0 0 0 0 0 0 0 0 0 0 0 0 0 0 0 0 0 0 0 0 0
0.143051 1.02583e-09 5.15772e-10 5.10062e-10 0.497217 0.817324 0 0 0 0 0 0 0 0 0 0 0 0 0 0 0 0 0 0 0 0 0 0 0 0 0 0 0 0 0 0 0 0 0 0 0 0 0 0 0 0 0 0
0.150394 1.0377e-09 5.24543e-10 5.13159e-10 0.494515 0.816639 0 0 0 0 0 0 0 0 0 0 0 0 0 0 0 0 0 0 0 0 0 0 0 0 0 0 0 0 0 0 0 0 0 0 0 0 0 0 0 0 0 0
0.158114 1.05082e-09 5.35843e-10 5.14979e-10 0.490072 0.822427 0 0 0 0 0 0 0 0 0 0 0 0 0 0 0 0 0 0 0 0 0 0 0 0 0 0 0 0 0 0 0 0 0 0 0 0 0 0 0 0 0 0
0.16623 1.0325e-09 5.46313e-10 4.86191e-10 0.470885 0.80596 0 0 0 0 0 0 0 0 0 0 0 0 0 0 0 0 0 0 0 0 0 0 0 0 0 0 0 0 0 0 0 0 0 0 0 0 0 0 0 0 0 0
0.174762 9.39711e-10 5.13623e-10 4.26088e-10 0.453425 0.690611 0 0 0 0 0 0 0 0 0 0 0 0 0 0 0 0 0 0 0 0 0 0 0 0 0 0 0 0 0 0 0 0 0 0 0 0 0 0 0 0 0 0
0.183733 9.11997e-10 4.67384e-10 4.44613e-10 0.487515 0.546825 0 0 0 0 0 0 0 0 0 0 0 0 0 0 0 0 0 0 0 0 0 0 0 0 0 0 0 0 0 0 0 0 0 0 0 0 0 0 0 0 0 0
0.193164 1.02523e-09 3.78748e-10 6.46477e-10 0.630571 0.49164 0 0 0 0 0 0 0 0 0 0 0 0 0 0 0 0 0 0 0 0 0 0 0 0 0 0 0 0 0 0 0 0 0 0 0 0 0 0 0 0 0 0
0.203079 1.20433e-09 3.33256e-10 8.7107e-10 0.723284 0.460717 0 0 0 0 0 0 0 0 0 0 0 0 0 0 0 0 0 0 0 0 0 0 0 0 0 0 0 0 0 0 0 0 0 0 0 0 0 0 0 0 0 0
0.213503 1.30236e-09 2.09173e-10 1.09319e-09 0.83939 0.565992 0 0 0 0 0 0 0 0 0 0 0 0 0 0 0 0 0 0 0 0 0 0 0 0 0 0 0 0 0 0 0 0 0 0 0 0 0 0 0 0 0 0
0.224463 1.6262e-09 1.93881e-10 1.43232e-09 0.880777 0.632206 0 0 0 0 0 0 0 0 0 0 0 0 0 0 0 0 0 0 0 0 0 0 0 0 0 0 0 0 0 0 0 0 0 0 0 0 0 0 0 0 0 0
0.235984 1.77222e-09 2.10106e-10 1.56211e-09 0.881444 0.615371 0 0 0 0 0 0 0 0 0 0 0 0 0 0 0 0 0 0 0 0 0 0 0 0 0 0 0 0 0 0 0 0 0 0 0 0 0 0 0 0 0 0
0.248097 1.58898e-09 1.66428e-10 1.42255e-09 0.895261 0.6 0 0 0 0 0 0 0 0 0 0 0 0 0 0 0 0 0 0 0 0 0 0 0 0 0 0 0 0 0 0 0 0 0 0 0 0 0 0 0 0 0 0
0.260832 1.58718e-09 1.4448e-10 1.4427e-09 0.908971 0.631999 0 0 0 0 0 0 0 0 0 0 0 0 0 0 0 0 0 0 0 0 0 0 0 0 0 0 0 0 0 0 0 0 0 0 0 0 0 0 0 0 0 0
0.274221 1.68604e-09 1.49804e-10 1.53624e-09 0.91115 0.666627 0 0 0 0 0 0 0 0 0 0 0 0 0 0 0 0 0 0 0 0 0 0 0 0 0 0 0 0 0 0 0 0 0 0 0 0 0 0 0 0 0 0
0.288297 1.72559e-09 1.61661e-10 1.56393e-09 0.906315 0.680349 0 0 0 0 0 0 0 0 0 0 0 0 0 0 0 0 0 0 0 0 0 0 0 0 0 0 0 0 0 0 0 0 0 0 0 0 0 0 0 0 0 0
0.303095 1.58758e-09 1.55297e-10 1.43228e-09 0.90218 0.66446 0 0 0 0 0 0 0 0 0 0 0 0 0 0 0 0 0 0 0 0 0 0 0 0 0 0 0 0 0 0 0 0 0 0 0 0 0 0 0 0 0 0
0.318653 1.37587e-09 1.30364e-10 1.24551e-09 0.90525 0.625545 0 0 0 0 0 0 0 0 0 0 0 0 0 0 0 0 0 0 0 0 0 0 0 0 0 0 0 0 0 0 0 0 0 0 0 0 0 0 0 0 0 0
0.335009 1.23863e-09 1.09903e-10 1.12873e-09 0.911271 0.58752 0 0 0 0 0 0 0 0 0 0 0 0 0 0 0 0 0 0 0 0 0 0 0 0 0 0 0 0 0 0 0 0 0 0 0 0 0 0 0 0 0 0
0.352205 1.17493e-09 1.00644e-10 1.07429e-09 0.91434 0.56496 0 0 0 0 0 0 0 0 0 0 0 0 0 0 0 0 0 0 0 0 0 0 0 0 0 0 0 0 0 0 0 0 0 0 0 0 0 0 0 0 0 0
0.370284 1.14271e-09 9.95548e-11 1.04316e-09 0.912879 0.55994 0 0 0 0 0 0 0 0 0 0 0 0 0 0 0 0 0 0 0 0 0 0 0 0 0 0 0 0 0 0 0 0 0 0 0 0 0 0 0 0 0 0
0.389291 1.10201e-09 1.0218e-10 9.99831e-10 0.907278 0.569248 0 0 0 0 0 0 0 0 0 0 0 0 0 0 0 0 0 0 0 0 0 0 0 0 0 0 0 0 0 0 0 0 0 0 0 0 0 0 0 0 0 0
0.409273 1.02032e-09 1.0314e-10 9.17176e-10 0.898913 0.584847 0 0 0 0 0 0 0 0 0 0 0 0 0 0 0 0 0 0 0 0 0 0 0 0 0 0 0 0 0 0 0 0 0 0 0 0 0 0 0 0 0 0
0.430281 8.95121e-10 9.86407e-11 7.9648e-10 0.889802 0.593908 0 0 0 0 0 0 0 0 0 0 0 0 0 0 0 0 0 0 0 0 0 0 0 0 0 0 0 0 0 0 0 0 0 0 0 0 0 0 0 0 0 0
0.452368 7.56678e-10 8.93441e-11 6.67334e-10 0.881926 0.584596 0 0 0 0 0 0 0 0 0 0 0 0 0 0 0 0 0 0 0 0 0 0 0 0 0 0 0 0 0 0 0 0 0 0 0 0 0 0 0 0 0 0
0.475588 6.32487e-10 7.83328e-11 5.54154e-10 0.876151 0.553396 0 0 0 0 0 0 0 0 0 0 0 0 0 0 0 0 0 0 0 0 0 0 0 0 0 0 0 0 0 0 0 0 0 0 0 0 0 0 0 0 0 0
0.5 5.32981e-10 6.82309e-11 4.6475e-10 0.871982 0.506185 0 0 0 0 0 0 0 0 0 0 0 0 0 0 0 0 0 0 0 0 0 0 0 0 0 0 0 0 0 0 0 0 0 0 0 0 0 0 0 0 0 0
0.525665 4.54221e-10 5.98908e-11 3.9433e-10 0.868146 0.452728 0 0 0 0 0 0 0 0 0 0 0 0 0 0 0 0 0 0 0 0 0 0 0 0 0 0 0 0 0 0 0 0 0 0 0 0 0 0 0 0 0 0
0.552648 3.89918e-10 5.32181e-11 3.367e-10 0.863515 0.400216 0 0 0 0 0 0 0 0 0 0 0 0 0 0 0 0 0 0 0 0 0 0 0 0 0 0 0 0 0 0 0 0 0 0 0 0 0 0 0 0 0 0
0.581015 3.36174e-10 4.78775e-11 2.88296e-10 0.857581 0.352698 0 0 0 0 0 0 0 0 0 0 0 0 0 0 0 0 0 0 0 0 0 0 0 0 0 0 0 0 0 0 0 0 0 0 0 0 0 0 0 0 0 0
0.610839 2.89367e-10 4.34644e-11 2.45902e-10 0.849795 0.311065 0 0 0 0 0 0 0 0 0 0 0 0 0 0 0 0 0 0 0 0 0 0 0 0 0 0 0 0 0 0 0 0 0 0 0 0 0 0 0 0 0 0
0.642193 2.4812e-10 3.97044e-11 2.08416e-10 0.839979 0.275076 0 0 0 0 0 0 0 0 0 0 0 0 0 0 0 0 0 0 0 0 0 0 0 0 0 0 0 0 0 0 0 0 0 0 0 0 0 0 0 0 0 0
0.675157 2.11947e-10 3.64336e-11 1.75514e-10 0.828101 0.244117 0 0 0 0 0 0 0 0 0 0 0 0 0 0 0 0 0 0 0 0 0 0 0 0 0 0 0 0 0 0 0 0 0 0 0 0 0 0 0 0 0 0
0.709813 1.80503e-10 3.35422e-11 1.4696e-10 0.814173 0.217492 0 0 0 0 0 0 0 0 0 0 0 0 0 0 0 0 0 0 0 0 0 0 0 0 0 0 0 0 0 0 0 0 0 0 0 0 0 0 0 0 0 0
0.746248 1.53273e-10 3.09452e-11 1.22328e-10 0.798105 0.194381 0 0 0 0 0 0 0 0 0 0 0 0 0 0 0 0 0 0 0 0 0 0 0 0 0 0 0 0 0 0 0 0 0 0 0 0 0 0 0 0 0 0
0.784553 1.29886e-10 2.85942e-11 1.01292e-10 0.779852 0.174183 0 0 0 0 0 0 0 0 0 0 0 0 0 0 0 0 0 0 0 0 0 0 0 0 0 0 0 0 0 0 0 0 0 0 0 0 0 0 0 0 0 0
0.824824 1.10025e-10 2.64513e-11 8.35734e-11 0.759588 0.156455 0 0 0 0 0 0 0 0 0 0 0 0 0 0 0 0 0 0 0 0 0 0 0 0 0 0 0 0 0 0 0 0 0 0 0 0 0 0 0 0 0 0
0.867162 9.32903e-11 2.45008e-11 6.87895e-11 0.73737 0.140832 0 0 0 0 0 0 0 0 0 0 0 0 0 0 0 0 0 0 0 0 0 0 0 0 0 0 0 0 0 0 0 0 0 0 0 0 0 0 0 0 0 0
0.911674 7.91914e-11 2.27226e-11 5.64688e-11 0.713067 0.126946 0 0 0 0 0 0 0 0 0 0 0 0 0 0 0 0 0 0 0 0 0 0 0 0 0 0 0 0 0 0 0 0 0 0 0 0 0 0 0 0 0 0
0.95847 6.73599e-11 2.10962e-11 4.62637e-11 0.686814 0.114559 0 0 0 0 0 0 0 0 0 0 0 0 0 0 0 0 0 0 0 0 0 0 0 0 0 0 0 0 0 0 0 0 0 0 0 0 0 0 0 0 0 0
1.00767 5.74767e-11 1.96182e-11 3.78585e-11 0.658676 0.103485 0 0 0 0 0 0 0 0 0 0 0 0 0 0 0 0 0 0 0 0 0 0 0 0 0 0 0 0 0 0 0 0 0 0 0 0 0 0 0 0 0 0
1.05939 4.92297e-11 1.8278e-11 3.09517e-11 0.62872 0.0935513 0 0 0 0 0 0 0 0 0 0 0 0 0 0 0 0 0 0 0 0 0 0 0 0 0 0 0 0 0 0 0 0 0 0 0 0 0 0 0 0 0 0
1.11377 4.23361e-11 1.70559e-11 2.52802e-11 0.597131 0.0846103 0 0 0 0 0 0 0 0 0 0 0 0 0 0 0 0 0 0 0 0 0 0 0 0 0 0 0 0 0 0 0 0 0 0 0 0 0 0 0 0 0 0
1.17094 3.6566e-11 1.59365e-11 2.06295e-11 0.564173 0.0765476 0 0 0 0 0 0 0 0 0 0 0 0 0 0 0 0 0 0 0 0 0 0 0 0 0 0 0 0 0 0 0 0 0 0 0 0 0 0 0 0 0 0
1.23105 3.17526e-11 1.49144e-11 1.68382e-11 0.530293 0.0692844 0 0 0 0 0 0 0 0 0 0 0 0 0 0 0 0 0 0 0 0 0 0 0 0 0 0 0 0 0 0 0 0 0 0 0 0 0 0 0 0 0 0
1.29424 2.77492e-11 1.40132e-11 1.37361e-11 0.495007 0.0627185 0 0 0 0 0 0 0 0 0 0 0 0 0 0 0 0 0 0 0 0 0 0 0 0 0 0 0 0 0 0 0 0 0 0 0 0 0 0 0 0 0 0
1.36067 2.44059e-11 1.3196e-11 1.12099e-11 0.45931 0.0567867 0 0 0 0 0 0 0 0 0 0 0 0 0 0 0 0 0 0 0 0 0 0 0 0 0 0 0 0 0 0 0 0 0 0 0 0 0 0 0 0 0 0
1.43051 2.15858e-11 1.24446e-11 9.14115e-12 0.42348 0.0514124 0 0 0 0 0 0 0 0 0 0 0 0 0 0 0 0 0 0 0 0 0 0 0 0 0 0 0 0 0 0 0 0 0 0 0 0 0 0 0 0 0 0
1.50394 1.92145e-11 1.17542e-11 7.46034e-12 0.388266 0.0465583 0 0 0 0 0 0 0 0 0 0 0 0 0 0 0 0 0 0 0 0 0 0 0 0 0 0 0 0 0 0 0 0 0 0 0 0 0 0 0 0 0 0
1.58114 1.72023e-11 1.11148e-11 6.08748e-12 0.353876 0.04216 0 0 0 0 0 0 0 0 0 0 0 0 0 0 0 0 0 0 0 0 0 0 0 0 0 0 0 0 0 0 0 0 0 0 0 0 0 0 0 0 0 0
1.6623 1.54843e-11 1.05207e-11 4.96357e-12 0.320555 0.0381697 0 0 0 0 0 0 0 0 0 0 0 0 0 0 0 0 0 0 0 0 0 0 0 0 0 0 0 0 0 0 0 0 0 0 0 0 0 0 0 0 0 0
1.74763 1.40248e-11 9.97597e-12 4.04883e-12 0.288691 0.0345589 0 0 0 0 0 0 0 0 0 0 0 0 0 0 0 0 0 0 0 0 0 0 0 0 0 0 0 0 0 0 0 0 0 0 0 0 0 0 0 0 0 0
1.83733 1.27899e-11 9.48749e-12 3.3024e-12 0.258204 0.0312878 0 0 0 0 0 0 0 0 0 0 0 0 0 0 0 0 0 0 0 0 0 0 0 0 0 0 0 0 0 0 0 0 0 0 0 0 0 0 0 0 0 0
1.93164 1.17336e-11 9.04075e-12 2.69285e-12 0.229499 0.028322 0 0 0 0 0 0 0 0 0 0 0 0 0 0 0 0 0 0 0 0 0 0 0 0 0 0 0 0 0 0 0 0 0 0 0 0 0 0 0 0 0 0
2.03079 1.08241e-11 8.62824e-12 2.19584e-12 0.202866 0.0256348 0 0 0 0 0 0 0 0 0 0 0 0 0 0 0 0 0 0 0 0 0 0 0 0 0 0 0 0 0 0 0 0 0 0 0 0 0 0 0 0 0 0
2.13503 1.00366e-11 8.24573e-12 1.79091e-12 0.178437 0.0232029 0 0 0 0 0 0 0 0 0 0 0 0 0 0 0 0 0 0 0 0 0 0 0 0 0 0 0 0 0 0 0 0 0 0 0 0 0 0 0 0 0 0
2.24463 9.35528e-12 7.89536e-12 1.45992e-12 0.156053 0.0209975 0 0 0 0 0 0 0 0 0 0 0 0 0 0 0 0 0 0 0 0 0 0 0 0 0 0 0 0 0 0 0 0 0 0 0 0 0 0 0 0 0 0
2.35984 8.75688e-12 7.56721e-12 1.18967e-12 0.135856 0.0189983 0 0 0 0 0 0 0 0 0 0 0 0 0 0 0 0 0 0 0 0 0 0 0 0 0 0 0 0 0 0 0 0 0 0 0 0 0 0 0 0 0 0
2.48097 8.23071e-12 7.26207e-12 9.68637e-13 0.117686 0.017185 0 0 0 0 0 0 0 0 0 0 0 0 0 0 0 0 0 0 0 0 0 0 0 0 0 0 0 0 0 0 0 0 0 0 0 0 0 0 0 0 0 0
2.60832 7.77261e-12 6.98359e-12 7.8902e-13 0.101513 0.0155457 0 0 0 0 0 0 0 0 0 0 0 0 0 0 0 0 0 0 0 0 0 0 0 0 0 0 0 0 0 0 0 0 0 0 0 0 0 0 0 0 0 0
2.74221 7.36569e-12 6.72322e-12 6.42465e-13 0.0872241 0.0140603 0 0 0 0 0 0 0 0 0 0 0 0 0 0 0 0 0 0 0 0 0 0 0 0 0 0 0 0 0 0 0 0 0 0 0 0 0 0 0 0 0 0
2.88297 7.0064e-12 6.48411e-12 5.22285e-13 0.0745441 0.0127114 0 0 0 0 0 0 0 0 0 0 0 0 0 0 0 0 0 0 0 0 0 0 0 0 0 0 0 0 0 0 0 0 0 0 0 0 0 0 0 0 0 0
3.03095 6.68566e-12 6.26109e-12 4.24569e-13 0.0635045 0.0114915 0 0 0 0 0 0 0 0 0 0 0 0 0 0 0 0 0 0 0 0 0 0 0 0 0 0 0 0 0 0 0 0 0 0 0 0 0 0 0 0 0 0
3.18653 6.41187e-12 6.06687e-12 3.44995e-13 0.0538057 0.0103872 0 0 0 0 0 0 0 0 0 0 0 0 0 0 0 0 0 0 0 0 0 0 0 0 0 0 0 0 0 0 0 0 0 0 0 0 0 0 0 0 0 0
3.35009 6.16527e-12 5.88528e-12 2.79989e-13 0.045414 0.00938593 0 0 0 0 0 0 0 0 0 0 0 0 0 0 0 0 0 0 0 0 0 0 0 0 0 0 0 0 0 0 0 0 0 0 0 0 0 0 0 0 0 0
3.52205 5.91969e-12 5.69285e-12 2.26846e-13 0.0383207 0.00847775 0 0 0 0 0 0 0 0 0 0 0 0 0 0 0 0 0 0 0 0 0 0 0 0 0 0 0 0 0 0 0 0 0 0 0 0 0 0 0 0 0 0
3.70284 5.68943e-12 5.50574e-12 1.83696e-13 0.0322872 0.00765677 0 0 0 0 0 0 0 0 0 0 0 0 0 0 0 0 0 0 0 0 0 0 0 0 0 0 0 0 0 0 0 0 0 0 0 0 0 0 0 0 0 0
3.89291 5.47517e-12 5.32671e-12 1.48465e-13 0.0271161 0.0069123 0 0 0 0 0 0 0 0 0 0 0 0 0 0 0 0 0 0 0 0 0 0 0 0 0 0 0 0 0 0 0 0 0 0 0 0 0 0 0 0 0 0
4.09273 5.27802e-12 5.15835e-12 1.19672e-13 0.0226737 0.00623667 0 0 0 0 0 0 0 0 0 0 0 0 0 0 0 0 0 0 0 0 0 0 0 0 0 0 0 0 0 0 0 0 0 0 0 0 0 0 0 0 0 0
4.30281 5.08065e-12 4.98445e-12 9.6196e-14 0.0189338 0.00562401 0 0 0 0 0 0 0 0 0 0 0 0 0 0 0 0 0 0 0 0 0 0 0 0 0 0 0 0 0 0 0 0 0 0 0 0 0 0 0 0 0 0
4.52368 4.90225e-12 4.82513e-12 7.71223e-14 0.015732 0.00506924 0 0 0 0 0 0 0 0 0 0 0 0 0 0 0 0 0 0 0 0 0 0 0 0 0 0 0 0 0 0 0 0 0 0 0 0 0 0 0 0 0 0
4.75588 4.74853e-12 4.68695e-12 6.15773e-14 0.0129677 0.00456568 0 0 0 0 0 0 0 0 0 0 0 0 0 0 0 0 0 0 0 0 0 0 0 0 0 0 0 0 0 0 0 0 0 0 0 0 0 0 0 0 0 0
5 4.63103e-12 4.58217e-12 4.88622e-14 0.010551 0.00410755 0 0 0 0 0 0 0 0 0 0 0 0 0 0 0 0 0 0 0 0 0 0 0 0 0 0 0 0 0 0 0 0 0 0 0 0 0 0 0 0 0 0
5.25665 4.5611e-12 4.52257e-12 3.85251e-14 0.00844646 0.00369162 0 0 0 0 0 0 0 0 0 0 0 0 0 0 0 0 0 0 0 0 0 0 0 0 0 0 0 0 0 0 0 0 0 0 0 0 0 0 0 0 0 0
5.52648 4.532e-12 4.50183e-12 3.01737e-14 0.00665793 0.00331456 0 0 0 0 0 0 0 0 0 0 0 0 0 0 0 0 0 0 0 0 0 0 0 0 0 0 0 0 0 0 0 0 0 0 0 0 0 0 0 0 0 0
5.81015 4.5653e-12 4.54195e-12 2.3351e-14 0.00511488 0.00297067 0 0 0 0 0 0 0 0 0 0 0 0 0 0 0 0 0 0 0 0 0 0 0 0 0 0 0 0 0 0 0 0 0 0 0 0 0 0 0 0 0 0
6.10839 4.64132e-12 4.62347e-12 1.78404e-14 0.00384383 0.00265801 0 0 0 0 0 0 0 0 0 0 0 0 0 0 0 0 0 0 0 0 0 0 0 0 0 0 0 0 0 0 0 0 0 0 0 0 0 0 0 0 0 0
6.42193 4.70038e-12 4.687e-12 1.33835e-14 0.00284732 0.00237344 0 0 0 0 0 0 0 0 0 0 0 0 0 0 0 0 0 0 0 0 0 0 0 0 0 0 0 0 0 0 0 0 1.4013e-45 0 2.8026e-45 0 5.60519e-45 0 1.4013e-44 0 3.36312e-44 0
6.75157 4.70392e-12 4.69425e-12 9.66806e-15 0.00205532 0.0021106 0 0 0 0 0 0 0 0 0 0 0 0 0 0 0 0 0 0 0 0 0 0 0 0 1.4013e-45 0 2.8026e-45 0 1.12104e-44 0 3.36312e-44 0 9.66896e-44 0 2.56438e-43 0 6.33387e-43 0 1.50079e-42 0 3.33649e-42 0
7.09813 4.77082e-12 4.76435e-12 6.47168e-15 0.00135651 0.00186315 0 0 0 0 0 0 0 0 0 0 0 0 0 0 0 0 0 0 1.4013e-45 0 5.60519e-45 0 2.52234e-44 0 1.02295e-43 0 3.65739e-43 0 1.17709e-42 0 3.41777e-42 0 9.23456e-42 0 2.32826e-41 0 5.49884e-41 0 1.24895e-40 0 2.67089e-40 0
7.46248 5.86692e-12 5.86327e-12 3.64427e-15 0.000621156 0.00162202 0 0 0 0 0 0 0 0 0 0 0 0 0 0 1.4013e-45 0 1.82169e-44 0 1.28919e-43 0 6.7963e-43 0 3.06044e-42 0 1.15593e-41 0 3.90472e-41 0 1.18789e-40 0 3.27576e-40 0 8.42958e-40 0 2.03162e-39 0 4.60103e-39 0 1.00399e-38 0 2.06883e-38 0
7.84553 1.13819e-11 1.13801e-11 1.81995e-15 0.000159899 0.00139239 0 0 0 0 0 0 0 0 0 0 1.4013e-45 0 3.78351e-44 0 4.52619e-43 0 3.63217e-42 0 2.27655e-41 0 1.10983e-40 0 4.63985e-40 0 1.64274e-39 0 5.22873e-39 0 1.50659e-38 0 3.95384e-38 0 9.71564e-38 0 2.24314e-37 0 4.88129e-37 0 1.02533e-36 0 2.03953e-36 0
8.24824 2.36543e-11 2.3652e-11 2.22289e-15 9.39742e-05 0.00119688 0 0 0 0 0 0 0 0 1.12104e-44 0 4.30199e-43 0 7.74358e-42 0 8.22212e-41 0 5.96872e-40 0 3.41981e-39 0 1.54307e-38 0 6.01592e-38 0 2.00244e-37 0 6.02332e-37 0 1.64814e-36 0 4.1263e-36 0 9.70398e-36 0 2.15077e-35 0 4.50593e-35 0 9.12804e-35 0 1.75574e-34 0
8.67162 3.6095e-11 3.6091e-11 3.99869e-15 0.000110783 0.00104207 0 0 0 0 0 0 1.82169e-44 0 1.85952e-42 0 5.90507e-41 0 9.2152e-40 0 8.71938e-39 0 5.74581e-38 0 3.02314e-37 0 1.26733e-36 0 4.62335e-36 0 1.45116e-35 0 4.13657e-35 0 1.07759e-34 0 2.57966e-34 0 5.8186e-34 0 1.24047e-33 0 2.50666e-33 0 4.9059e-33 0 9.13969e-33 0
9.11674 5.32277e-11 5.32199e-11 7.80149e-15 0.000146568 0.000888082 0 0 0 0 4.2039e-45 0 2.84183e-42 0 2.31289e-40 0 6.20214e-39 0 8.46374e-38 0 7.17615e-37 0 4.31298e-36 0 2.09255e-35 0 8.17937e-35 0 2.80119e-34 0 8.31473e-34 0 2.25197e-33 0 5.59854e-33 0 1.28432e-32 0 2.78408e-32 0 5.72001e-32 0 1.11684e-31 0 2.11532e-31 0 3.82292e-31 0
9.5847 5.9977e-11 5.99659e-11 1.11145e-14 0.000185312 0.000794978 0 0 0 0 4.93257e-43 0 2.66264e-40 0 1.74827e-38 0 3.99261e-37 0 4.79581e-36 0 3.66325e-35 0 2.01708e-34 0 9.06012e-34 0 3.31338e-33 0 1.06854e-32 0 3.00766e-32 0 7.75916e-32 0 1.84509e-31 0 4.06452e-31 0 8.48423e-31 0 1.68291e-30 0 3.18028e-30 0 5.83859e-30 0 1.02513e-29 0
10.0767 5.379e-11 5.37793e-11 1.06977e-14 0.00019888 0.000754699 0 0 0 0 3.97871e-41 0 1.58082e-38 0 8.46161e-37 0 1.65869e-35 0 1.76466e-34 0 1.22054e-33 0 6.18355e-33 0 2.58104e-32 0 8.86009e-32 0 2.69855e-31 0 7.22143e-31 0 1.77875e-30 0 4.05462e-30 0 8.59399e-30 0 1.73059e-29 0 3.31985e-29 0 6.08176e-29 0 1.0839e-28 0 1.8515e-28 0
10.5939 4.51554e-11 4.51457e-11 9.70554e-15 0.000214936 0.000741401 0 0 5.74532e-44 0 2.3839e-39 0 7.07188e-37 0 3.1168e-35 0 5.28356e-34 0 5.00822e-33 0 3.15188e-32 0 1.47519e-31 0 5.7426e-31 0 1.85609e-30 0 5.35397e-30 0 1.36552e-29 0 3.21865e-29 0 7.04755e-29 0 1.43997e-28 0 2.80228e-28 0 5.20742e-28 0 9.26182e-28 0 1.60474e-27 0 2.67046e-27 0
11.1377 3.55049e-11 3.54972e-11 7.68234e-15 0.000216374 0.00075983 0 0 4.38326e-42 0 1.07303e-37 0 2.41076e-35 0 8.83188e-34 0 1.30393e-32 0 1.10745e-31 0 6.37095e-31 0 2.7654e-30 0 1.00739e-29 0 3.07478e-29 0 8.42225e-29 0 2.05209e-28 0 4.63865e-28 0 9.77548e-28 0 1.92887e-27 0 3.63364e-27 0 6.55111e-27 0 1.13287e-26 0 1.91087e-26 0 3.10181e-26 0
11.7094 2.83481e-11 2.8342e-11 6.03666e-15 0.000212948 0.000764397 5.60519e-45 0 2.66048e-40 0 3.97621e-36 0 6.85802e-34 0 2.10738e-32 0 2.72809e-31 0 2.08721e-30 0 1.10242e-29 0 4.45423e-29 0 1.52336e-28 0 4.40308e-28 0 1.14817e-27 0 2.67848e-27 0 5.81824e-27 0 1.18231e-26 0 2.25676e-26 0 4.12188e-26 0 7.22055e-26 0 1.21569e-25 0 1.99889e-25 0 3.16884e-25 0
12.3105 2.21314e-11 2.21268e-11 4.6269e-15 0.000209065 0.000760596 4.52619e-43 0 1.26243e-38 0 1.18005e-34 0 1.58279e-32 0 4.1147e-31 0 4.70064e-30 0 3.25625e-29 0 1.58566e-28 0 5.9845e-28 0 1.92745e-27 0 5.28971e-27 0 1.31631e-26 0 2.94632e-26 0 6.16217e-26 0 1.20959e-25 0 2.2371e-25 0 3.96755e-25 0 6.76254e-25 0 1.10998e-24 0 1.7813e-24 0 2.76107e-24 0
12.9424 1.72658e-11 1.72624e-11 3.44714e-15 0.000199651 0.000728121 2.85739e-41 0 4.83897e-37 0 2.89454e-33 0 3.05654e-31 0 6.7774e-30 0 6.8744e-29 0 4.33268e-28 0 1.95291e-27 0 6.90776e-27 0 2.10132e-26 0 5.48951e-26 0 1.30656e-25 0 2.81168e-25 0 5.6725e-25 0 1.0774e-24 0 1.93369e-24 0 3.33484e-24 0 5.53803e-24 0 8.87263e-24 0 1.39138e-23 0 2.11102e-23 0
13.6067 1.37902e-11 1.37877e-11 2.46789e-15 0.00017896 0.000661938 1.47334e-39 0 1.55103e-35 0 6.06801e-32 0 5.10379e-30 0 9.72787e-29 0 8.81179e-28 0 5.07633e-27 0 2.12592e-26 0 7.06993e-26 0 2.03695e-25 0 5.07763e-25 0 1.15843e-24 0 2.40135e-24 0 4.68147e-24 0 8.61754e-24 0 1.50311e-23 0 2.52419e-23 0 4.08929e-23 0 6.40252e-23 0 9.8221e-23 0 1.4602e-22 0
14.3051 1.2657e-11 1.26553e-11 1.69274e-15 0.00013374 0.000567113 7.03639e-38 0 4.71281e-34 0 1.23115e-30 0 8.34023e-29 0 1.37658e-27 0 1.11975e-26 0 5.92212e-26 0 2.31263e-25 0 7.25262e-25 0 1.98437e-24 0 4.7308e-24 0 1.0367e-23 0 2.07388e-23 0 3.9134e-23 0 6.99226e-23 0 1.18694e-22 0 1.94343e-22 0 3.07513e-22 0 4.71043e-22 0 7.07685e-22 0 1.03191e-21 0
15.0394 1.40787e-11 1.40774e-11 1.25914e-15 8.94357e-05 0.000480227 3.31713e-36 0 1.44509e-32 0 2.57094e-29 0 1.41765e-27 0 2.04054e-26 0 1.49837e-25 0 7.30563e-25 0 2.66932e-24 0 7.91687e-24 0 2.06224e-23 0 4.71227e-23 0 9.93832e-23 0 1.92194e-22 0 3.51599e-22 0 6.10666e-22 0 1.01017e-21 0 1.61465e-21 0 2.4983e-21 0 3.748e-21 0 5.52011e-21 0 7.90224e-21 0
15.8114 1.62455e-11 1.62444e-11 1.04339e-15 6.42265e-05 0.000411922 1.33461e-34 0 3.862e-31 0 4.76784e-28 0 2.16159e-26 0 2.7315e-25 0 1.8197e-24 0 8.21193e-24 0 2.81653e-23 0 7.92162e-23 0 1.96924e-22 0 4.32182e-22 0 8.78876e-22 0 1.64578e-21 0 2.92328e-21 0 4.94221e-21 0 7.97698e-21 0 1.24618e-20 0 1.88751e-20 0 2.77615e-20 0 4.01219e-20 0 5.64388e-20 0
16.623 1.86665e-11 1.86655e-11 9.53966e-16 5.11059e-05 0.00035606 4.4411e-33 0 8.70852e-30 0 7.59476e-27 0 2.85819e-25 0 3.19105e-24 0 1.93785e-23 0 8.12481e-23 0 2.6239e-22 0 7.01651e-22 0 1.66839e-21 0 3.52369e-21 0 6.92162e-21 0 1.25704e-20 0 2.17104e-20 0 3.57753e-20 0 5.64092e-20 0 8.62246e-20 0 1.27979e-19 0 1.84719e-19 0 2.62205e-19 0 3.62745e-19 0
17.4762 2.05829e-11 2.0582e-11 9.32129e-16 4.52865e-05 0.000311345 1.18866e-31 0 1.60976e-28 0 1.00869e-25 0 3.17988e-24 0 3.15568e-23 0 1.75482e-22 0 6.86014e-22 0 2.09223e-21 0 5.33244e-21 0 1.21545e-20 0 2.47505e-20 0 4.70411e-20 0 8.29788e-20 0 1.3954e-19 0 2.244e-19 0 3.46046e-19 0 5.18106e-19 0 7.54312e-19 0 1.06941e-18 0 1.49226e-18 0 2.032e-18 0
18.3733 2.12464e-11 2.12455e-11 9.19738e-16 4.32892e-05 0.000277322 2.51785e-30 0 2.3979e-27 0 1.09716e-24 0 2.92246e-23 0 2.5928e-22 0 1.32595e-21 0 4.84974e-21 0 1.40072e-20 0 3.41059e-20 0 7.46739e-20 0 1.46872e-19 0 2.7053e-19 0 4.64162e-19 0 7.60991e-19 0 1.19572e-18 0 1.80533e-18 0 2.65023e-18 0 3.78836e-18 0 5.2801e-18 0 7.24902e-18 0 9.72325e-18 0
19.3164 2.02594e-11 2.02586e-11 8.69601e-16 4.29233e-05 0.000254547 4.19939e-29 0 2.8612e-26 0 9.70719e-24 0 2.20281e-22 0 1.75675e-21 0 8.29591e-21 0 2.84812e-20 0 7.81088e-20 0 1.821e-19 0 3.83736e-19 0 7.30228e-19 0 1.30552e-18 0 2.18168e-18 0 3.49155e-18 0 5.36646e-18 0 7.94106e-18 0 1.1441e-17 0 1.60715e-17 0 2.20398e-17 0 2.97937e-17 0 3.93939e-17 0
20.3079 1.81041e-11 1.81034e-11 7.66358e-16 4.23305e-05 0.000241537 5.63849e-28 0 2.79376e-25 0 7.13153e-23 0 1.38952e-21 0 1.00132e-20 0 4.38342e-20 0 1.41694e-19 0 3.69916e-19 0 8.27492e-19 0 1.68144e-18 0 3.10073e-18 0 5.38853e-18 0 8.78192e-18 0 1.37355e-17 0 2.06729e-17 0 3.00111e-17 0 4.24742e-17 0 5.86829e-17 0 7.92439e-17 0 1.05558e-16 0 1.37681e-16 0
21.3503 1.617e-11 1.61694e-11 6.50112e-16 4.02047e-05 0.000228854 6.54879e-27 0 2.39665e-24 0 4.66745e-22 0 7.86675e-21 0 5.14785e-20 0 2.0968e-19 0 6.40057e-19 0 1.59449e-18 0 3.42934e-18 0 6.73123e-18 0 1.20476e-17 0 2.03793e-17 0 3.24304e-17 0 4.96276e-17 0 7.32167e-17 0 1.04373e-16 0 1.45233e-16 0 1.97514e-16 0 2.62835e-16 0 3.45246e-16 0 4.44506e-16 0
22.4463 1.44612e-11 1.44607e-11 5.47548e-16 3.78631e-05 0.000216743 6.63774e-26 0 1.82099e-23 0 2.74157e-21 0 4.02552e-20 0 2.40337e-19 0 9.14055e-19 0 2.64223e-18 0 6.29535e-18 0 1.30428e-17 0 2.47716e-17 0 4.30941e-17 0 7.10493e-17 0 1.10528e-16 0 1.65662e-16 0 2.39808e-16 0 3.35987e-16 0 4.6004e-16 0 6.16322e-16 0 8.08788e-16 0 1.04833e-15 0 1.33318e-15 0
23.5984 1.29634e-11 1.2963e-11 4.55476e-16 3.51354e-05 0.000204902 5.91715e-25 0 1.23411e-22 0 1.45453e-20 0 1.87316e-19 0 1.02491e-18 0 3.65185e-18 0 1.00231e-17 0 2.28899e-17 0 4.57666e-17 0 8.42425e-17 0 1.42644e-16 0 2.29506e-16 0 3.49411e-16 0 5.13459e-16 0 7.29968e-16 0 1.00603e-15 0 1.35651e-15 0 1.79157e-15 0 2.32005e-15 0 2.96934e-15 0 3.73211e-15 0
24.8097 1.16659e-11 1.16655e-11 3.79288e-16 3.25125e-05 0.000193244 4.67602e-24 0 7.51418e-22 0 7.01646e-20 0 7.97598e-19 0 4.01659e-18 0 1.34506e-17 0 3.51418e-17 0 7.7082e-17 0 1.48993e-16 0 2.66202e-16 0 4.39307e-16 0 6.90596e-16 0 1.03004e-15 0 1.48546e-15 0 2.07586e-15 0 2.81648e-15 0 3.74264e-15 0 4.8763e-15 0 6.23554e-15 0 7.88503e-15 0 9.80053e-15 0
26.0832 1.04777e-11 1.04774e-11 3.13304e-16 2.99021e-05 0.000182354 3.27652e-23 0 4.10877e-21 0 3.07435e-19 0 3.10369e-18 0 1.44435e-17 0 4.55964e-17 0 1.13671e-16 0 2.39951e-16 0 4.49121e-16 0 7.80013e-16 0 1.25613e-15 0 1.93152e-15 0 2.82522e-15 0 4.00218e-15 0 5.50223e-15 0 7.35489e-15 0 9.63873e-15 0 1.23971e-14 0 1.56636e-14 0 1.95814e-14 0 2.40813e-14 0
27.4221 9.39632e-12 9.39606e-12 2.58782e-16 2.75408e-05 0.000172242 2.04847e-22 0 2.029e-20 0 1.22977e-18 0 1.10898e-17 0 4.78756e-17 0 1.42888e-16 0 3.40679e-16 0 6.93389e-16 0 1.25871e-15 0 2.12794e-15 0 3.34803e-15 0 5.04116e-15 0 7.23801e-15 0 1.00804e-14 0 1.36449e-14 0 1.79827e-14 0 2.32576e-14 0 2.95481e-14 0 3.69097e-14 0 4.56415e-14 0 5.5566e-14 0
28.8297 8.45959e-12 8.45938e-12 2.13705e-16 2.52619e-05 0.000162186 1.15521e-21 0 9.14259e-20 0 4.53504e-18 0 3.67323e-17 0 1.47648e-16 0 4.17756e-16 0 9.54658e-16 0 1.87677e-15 0 3.30915e-15 0 5.45277e-15 0 8.39146e-15 0 1.23851e-14 0 1.74711e-14 0 2.39417e-14 0 3.19321e-14 0 4.15201e-14 0 5.30291e-14 0 6.65891e-14 0 8.22805e-14 0 1.00696e-13 0 1.2142e-13 0
30.3095 7.61288e-12 7.6127e-12 1.76387e-16 2.31695e-05 0.000152679 5.88154e-21 0 3.76019e-19 0 1.54149e-17 0 1.12733e-16 0 4.23382e-16 0 1.13861e-15 0 2.49906e-15 0 4.75342e-15 0 8.15241e-15 0 1.31098e-14 0 1.9755e-14 0 2.86078e-14 0 3.96834e-14 0 5.35505e-14 0 7.04254e-14 0 9.04051e-14 0 1.14093e-13 0 1.41684e-13 0 1.73272e-13 0 2.09973e-13 0 2.50883e-13 0
31.8653 6.86656e-12 6.86641e-12 1.45e-16 2.11169e-05 0.000143265 2.72432e-20 0 1.42172e-18 0 4.86189e-17 0 3.22647e-16 0 1.13592e-15 0 2.91082e-15 0 6.14819e-15 0 1.1333e-14 0 1.89315e-14 0 2.97456e-14 0 4.39348e-14 0 6.24835e-14 0 8.53002e-14 0 1.13436e-13 0 1.472e-13 0 1.86671e-13 0 2.32921e-13 0 2.86205e-13 0 3.46591e-13 0 4.16081e-13 0 4.92847e-13 0
33.5009 6.18252e-12 6.1824e-12 1.19394e-16 1.93116e-05 0.000134548 1.14884e-19 0 4.94263e-18 0 1.4225e-16 0 8.60689e-16 0 2.84958e-15 0 6.97417e-15 0 1.42027e-14 0 2.54097e-14 0 4.13963e-14 0 6.36235e-14 0 9.22004e-14 0 1.28891e-13 0 1.73303e-13 0 2.27281e-13 0 2.91203e-13 0 3.65028e-13 0 4.50573e-13 0 5.48108e-13 0 6.57576e-13 0 7.82406e-13 0 9.19128e-13 0
35.2205 5.61587e-12 5.61577e-12 9.80923e-17 1.7467e-05 0.000125457 4.47756e-19 0 1.60315e-17 0 3.9159e-16 0 2.16997e-15 0 6.77646e-15 0 1.58758e-14 0 3.12273e-14 0 5.43037e-14 0 8.63856e-14 0 1.30012e-13 0 1.85026e-13 0 2.5446e-13 0 3.3723e-13 0 4.36448e-13 0 5.52472e-13 0 6.84935e-13 0 8.36805e-13 0 1.00825e-12 0 1.19892e-12 0 1.41446e-12 0 1.64861e-12 0
37.0284 5.09227e-12 5.09219e-12 8.06171e-17 1.58313e-05 0.000117035 1.60278e-18 0 4.81881e-17 0 1.00701e-15 0 5.13277e-15 0 1.51619e-14 0 3.4075e-14 0 6.48469e-14 0 1.09762e-13 0 1.70695e-13 0 2.51823e-13 0 3.52259e-13 0 4.7697e-13 0 6.23486e-13 0 7.96828e-13 0 9.97111e-13 0 1.22328e-12 0 1.47998e-12 0 1.76705e-12 0 2.08351e-12 0 2.43831e-12 0 2.82079e-12 0
38.9291 4.6072e-12 4.60713e-12 6.6326e-17 1.43962e-05 0.000109288 5.28831e-18 0 1.34653e-16 0 2.42583e-15 0 1.14194e-14 0 3.19947e-14 0 6.91177e-14 0 1.27467e-13 0 2.10282e-13 0 3.20042e-13 0 4.63273e-13 0 6.3751e-13 0 8.50529e-13 0 1.09735e-12 0 1.38574e-12 0 1.71516e-12 0 2.08331e-12 0 2.49714e-12 0 2.95581e-12 0 3.45725e-12 0 4.01505e-12 0 4.61192e-12 0
40.9273 4.15827e-12 4.15822e-12 5.46357e-17 1.3139e-05 0.000102168 1.61424e-17 0 3.50934e-16 0 5.48988e-15 0 2.39606e-14 0 6.38392e-14 0 1.32821e-13 0 2.37738e-13 0 3.82725e-13 0 5.70673e-13 0 8.11286e-13 0 1.09914e-12 0 1.44592e-12 0 1.84245e-12 0 2.30031e-12 0 2.81765e-12 0 3.3901e-12 0 4.02772e-12 0 4.72845e-12 0 5.48845e-12 0 6.32759e-12 0 7.21922e-12 0
43.0281 3.75084e-12 3.75079e-12 4.48957e-17 1.19695e-05 9.53214e-05 4.58367e-17 0 8.57397e-16 0 1.17275e-14 0 4.76318e-14 0 1.20978e-13 0 2.42858e-13 0 4.22512e-13 0 6.64557e-13 0 9.71766e-13 0 1.35797e-12 0 1.81272e-12 0 2.35291e-12 0 2.96291e-12 0 3.65933e-12 0 4.43816e-12 0 5.29182e-12 0 6.23445e-12 0 7.262e-12 0 8.3681e-12 0 9.58073e-12 0 1.08606e-11 0
45.2368 3.37537e-12 3.37534e-12 3.68791e-17 1.09259e-05 8.89228e-05 1.21287e-16 0 1.96644e-15 0 2.36723e-14 0 8.97868e-14 0 2.17901e-13 0 4.22792e-13 0 7.15933e-13 0 1.10144e-12 0 1.58101e-12 0 2.17353e-12 0 2.86077e-12 0 3.66629e-12 0 4.56513e-12 0 5.58032e-12 0 6.70453e-12 0 7.92576e-12 0 9.26314e-12 0 1.07098e-11 0 1.22559e-11 0 1.39395e-11 0 1.57053e-11 0
47.5588 3.04273e-12 3.0427e-12 3.02588e-17 9.94464e-06 8.26945e-05 3.01293e-16 0 4.26368e-15 0 4.54555e-14 0 1.61544e-13 0 3.75437e-13 0 7.05263e-13 0 1.16393e-12 0 1.75341e-12 0 2.47281e-12 0 3.34714e-12 0 4.34675e-12 0 5.50363e-12 0 6.77993e-12 0 8.2068e-12 0 9.77218e-12 0 1.14582e-11 0 1.32901e-11 0 1.52571e-11 0 1.73451e-11 0 1.96043e-11 0 2.19594e-11 0
50 2.73374e-12 2.73371e-12 2.48434e-17 9.08771e-06 7.69495e-05 7.01316e-16 0 8.72011e-15 0 8.28215e-14 0 2.76668e-13 0 6.17056e-13 0 1.12401e-12 0 1.81019e-12 0 2.67295e-12 0 3.70688e-12 0 4.94392e-12 0 6.33901e-12 0 7.93418e-12 0 9.67512e-12 0 1.16026e-11 0 1.36984e-11 0 1.59375e-11 0 1.83521e-11 0 2.09269e-11 0 2.36424e-11 0 2.65625e-11 0 2.95891e-11 0
52.5665 2.45896e-12 2.45894e-12 2.03703e-17 8.28411e-06 7.13939e-05 1.54116e-15 0 1.69439e-14 0 1.4418e-13 0 4.54093e-13 0 9.73871e-13 0 1.72278e-12 0 2.71069e-12 0 3.92719e-12 0 5.36002e-12 0 7.04894e-12 0 8.92901e-12 0 1.10541e-11 0 1.33497e-11 0 1.58679e-11 0 1.85829e-11 0 2.14612e-11 0 2.4543e-11 0 2.78076e-11 0 3.12293e-11 0 3.48875e-11 0 3.86586e-11 0
55.2648 2.21023e-12 2.21021e-12 1.66916e-17 7.55196e-06 6.61282e-05 3.20056e-15 0 3.13009e-14 0 2.39908e-13 0 7.14431e-13 0 1.47618e-12 0 2.53964e-12 0 3.90851e-12 0 5.561e-12 0 7.47553e-12 0 9.70044e-12 0 1.21467e-11 0 1.48817e-11 0 1.78073e-11 0 2.09885e-11 0 2.43909e-11 0 2.79714e-11 0 3.17793e-11 0 3.57875e-11 0 3.9964e-11 0 4.44047e-11 0 4.89585e-11 0
58.1015 1.98573e-12 1.98572e-12 1.3683e-17 6.89066e-06 6.11642e-05 6.29992e-15 0 5.51206e-14 0 3.82489e-13 0 1.07993e-12 0 2.1537e-12 0 3.6084e-12 0 5.43766e-12 0 7.6046e-12 0 1.00761e-11 0 1.29097e-11 0 1.59888e-11 0 1.93956e-11 0 2.30062e-11 0 2.68994e-11 0 3.10316e-11 0 3.53497e-11 0 3.99126e-11 0 4.46868e-11 0 4.96337e-11 0 5.48658e-11 0 6.02049e-11 0
61.0839 1.78415e-12 1.78414e-12 1.1208e-17 6.282e-06 5.64519e-05 1.17906e-14 0 9.27948e-14 0 5.85804e-13 0 1.57224e-12 0 3.03161e-12 0 4.95291e-12 0 7.3158e-12 0 1.0065e-11 0 1.31542e-11 0 1.66508e-11 0 2.04079e-11 0 2.4524e-11 0 2.88478e-11 0 3.34731e-11 0 3.83466e-11 0 4.34057e-11 0 4.87188e-11 0 5.42463e-11 0 5.99435e-11 0 6.5939e-11 0 7.20284e-11 0
64.2193 1.60197e-12 1.60196e-12 9.1767e-18 5.72838e-06 5.20209e-05 2.10175e-14 0 1.49563e-13 0 8.62943e-13 0 2.20707e-12 0 4.12143e-12 0 6.57394e-12 0 9.52702e-12 0 1.29046e-11 0 1.66464e-11 0 2.08301e-11 0 2.52779e-11 0 3.0105e-11 0 3.51333e-11 0 4.04715e-11 0 4.60573e-11 0 5.18193e-11 0 5.78353e-11 0 6.40603e-11 0 7.0444e-11 0 7.71301e-11 0 8.38905e-11 0
67.5157 1.4391e-12 1.43909e-12 7.51218e-18 5.22005e-06 4.78466e-05 3.5809e-14 0 2.31539e-13 0 1.22637e-12 0 2.99601e-12 0 5.42665e-12 0 8.46078e-12 0 1.20413e-11 0 1.60705e-11 0 2.04741e-11 0 2.53411e-11 0 3.04629e-11 0 3.5972e-11 0 4.16648e-11 0 4.76652e-11 0 5.39027e-11 0 6.02982e-11 0 6.69389e-11 0 7.37747e-11 0 8.07513e-11 0 8.80253e-11 0 9.5349e-11 0
70.9813 1.29287e-12 1.29287e-12 6.15062e-18 4.75733e-06 4.39411e-05 5.84188e-14 0 3.44832e-13 0 1.68366e-12 0 3.93765e-12 0 6.92838e-12 0 1.05704e-11 0 1.47869e-11 0 1.94586e-11 0 2.44993e-11 0 3.0009e-11 0 3.57517e-11 0 4.1876e-11 0 4.81567e-11 0 5.47315e-11 0 6.15233e-11 0 6.84476e-11 0 7.55993e-11 0 8.29252e-11 0 9.03678e-11 0 9.80945e-11 0 1.05842e-10 0
74.6248 1.16229e-12 1.16228e-12 5.03296e-18 4.33021e-06 4.02774e-05 9.15062e-14 0 4.95289e-13 0 2.23813e-12 0 5.02173e-12 0 8.59542e-12 0 1.28461e-11 0 1.76782e-11 0 2.29538e-11 0 2.85768e-11 0 3.46587e-11 0 4.09398e-11 0 4.75844e-11 0 5.43493e-11 0 6.13851e-11 0 6.861e-11 0 7.59357e-11 0 8.34643e-11 0 9.11402e-11 0 9.89047e-11 0 1.06933e-10 0 1.14952e-10 0
78.4553 1.04458e-12 1.04458e-12 4.1176e-18 3.94187e-06 3.68771e-05 1.37764e-13 0 6.86654e-13 0 2.8826e-12 0 6.21753e-12 0 1.03666e-11 0 1.51924e-11 0 2.05837e-11 0 2.63879e-11 0 3.25027e-11 0 3.90508e-11 0 4.57546e-11 0 5.27918e-11 0 5.99074e-11 0 6.72621e-11 0 7.47719e-11 0 8.23471e-11 0 9.00952e-11 0 9.79599e-11 0 1.05883e-10 0 1.14042e-10 0 1.22163e-10 0
82.4824 9.39138e-13 9.39134e-13 3.36999e-18 3.58838e-06 3.37248e-05 1.99865e-13 0 9.21039e-13 0 3.605e-12 0 7.48934e-12 0 1.21794e-11 0 1.75191e-11 0 2.3387e-11 0 2.96205e-11 0 3.61153e-11 0 4.30045e-11 0 4.99991e-11 0 5.72882e-11 0 6.46103e-11 0 7.2134e-11 0 7.97751e-11 0 8.74451e-11 0 9.52546e-11 0 1.03148e-10 0 1.11069e-10 0 1.19197e-10 0 1.27258e-10 0
86.7162 8.44974e-13 8.44971e-13 2.75769e-18 3.26364e-06 3.07996e-05 2.80033e-13 0 1.19772e-12 0 4.38583e-12 0 8.79204e-12 0 1.39626e-11 0 1.9731e-11 0 2.59711e-11 0 3.25164e-11 0 3.92647e-11 0 4.63584e-11 0 5.35041e-11 0 6.08988e-11 0 6.82811e-11 0 7.58244e-11 0 8.34462e-11 0 9.10612e-11 0 9.87814e-11 0 1.06554e-10 0 1.14324e-10 0 1.22269e-10 0 1.30123e-10 0
91.1674 7.60373e-13 7.60371e-13 2.25606e-18 2.96704e-06 2.80992e-05 3.79362e-13 0 1.51142e-12 0 5.19476e-12 0 1.00661e-11 0 1.56292e-11 0 2.17167e-11 0 2.82044e-11 0 3.49277e-11 0 4.17906e-11 0 4.8943e-11 0 5.6094e-11 0 6.34455e-11 0 7.07413e-11 0 7.81568e-11 0 8.56132e-11 0 9.303e-11 0 1.00519e-10 0 1.08029e-10 0 1.15511e-10 0 1.23136e-10 0 1.3065e-10 0
95.847 6.84292e-13 6.8429e-13 1.84534e-18 2.69672e-06 2.56125e-05 4.97678e-13 0 1.85341e-12 0 5.99764e-12 0 1.12528e-11 0 1.71007e-11 0 2.33833e-11 0 2.99844e-11 0 3.67473e-11 0 4.35853e-11 0 5.06537e-11 0 5.76708e-11 0 6.48393e-11 0 7.19139e-11 0 7.90682e-11 0 8.6229e-11 0 9.33218e-11 0 1.00456e-10 0 1.07584e-10 0 1.14662e-10 0 1.21853e-10 0 1.28918e-10 0
100.767 6.16288e-13 6.16286e-13 1.51033e-18 2.45069e-06 2.33287e-05 6.33685e-13 0 2.21321e-12 0 6.76302e-12 0 1.23052e-11 0 1.83224e-11 0 2.46748e-11 0 3.12596e-11 0 3.79327e-11 0 4.46194e-11 0 5.14779e-11 0 5.82408e-11 0 6.51086e-11 0 7.18504e-11 0 7.86357e-11 0 8.53975e-11 0 9.20684e-11 0 9.87533e-11 0 1.05411e-10 0 1.12e-10 0 1.18673e-10 0 1.25212e-10 0
105.939 5.56108e-13 5.56107e-13 1.23566e-18 2.22198e-06 2.12239e-05 7.85207e-13 0 2.58e-12 0 7.46568e-12 0 1.3193e-11 0 1.9267e-11 0 2.55736e-11 0 3.20275e-11 0 3.85007e-11 0 4.49317e-11 0 5.14797e-11 0 5.7895e-11 0 6.43733e-11 0 7.07006e-11 0 7.70399e-11 0 8.33311e-11 0 8.95144e-11 0 9.56891e-11 0 1.01819e-10 0 1.07867e-10 0 1.13975e-10 0 1.19945e-10 0
111.377 5.00875e-13 5.00874e-13 1.01077e-18 2.01801e-06 1.93018e-05 9.44622e-13 0 2.92874e-12 0 8.04679e-12 0 1.38309e-11 0 1.98296e-11 0 2.59603e-11 0 3.21584e-11 0 3.83142e-11 0 4.43803e-11 0 5.05139e-11 0 5.64868e-11 0 6.2486e-11 0 6.83175e-11 0 7.41352e-11 0 7.9886e-11 0 8.55179e-11 0 9.11236e-11 0 9.66712e-11 0 1.0213e-10 0 1.07628e-10 0 1.12987e-10 0
117.094 4.51068e-13 4.51067e-13 8.27032e-19 1.8335e-06 1.75484e-05 1.10671e-12 0 3.24697e-12 0 8.49225e-12 0 1.42167e-11 0 2.00288e-11 0 2.58804e-11 0 3.17282e-11 0 3.74823e-11 0 4.31091e-11 0 4.87609e-11 0 5.42331e-11 0 5.97016e-11 0 6.49933e-11 0 7.0251e-11 0 7.54289e-11 0 8.04828e-11 0 8.54974e-11 0 9.04458e-11 0 9.53014e-11 0 1.0018e-10 0 1.04925e-10 0
123.105 4.06722e-13 4.06722e-13 6.7684e-19 1.66413e-06 1.59434e-05 1.26612e-12 0 3.52465e-12 0 8.79667e-12 0 1.43619e-11 0 1.98996e-11 0 2.53959e-11 0 3.08289e-11 0 3.61278e-11 0 4.12718e-11 0 4.64065e-11 0 5.13509e-11 0 5.62685e-11 0 6.10066e-11 0 6.56963e-11 0 7.02987e-11 0 7.47765e-11 0 7.92065e-11 0 8.3566e-11 0 8.7833e-11 0 9.21102e-11 0 9.62601e-11 0
129.424 3.67365e-13 3.67365e-13 5.53853e-19 1.50764e-06 1.44783e-05 1.4168e-12 0 3.75208e-12 0 8.95658e-12 0 1.4279e-11 0 1.94746e-11 0 2.45623e-11 0 2.95393e-11 0 3.43531e-11 0 3.8994e-11 0 4.35992e-11 0 4.80111e-11 0 5.23791e-11 0 5.65708e-11 0 6.07045e-11 0 6.4748e-11 0 6.86701e-11 0 7.25396e-11 0 7.63378e-11 0 8.00464e-11 0 8.37557e-11 0 8.73469e-11 0
136.067 3.30925e-13 3.30925e-13 4.53123e-19 1.36926e-06 1.31452e-05 1.54574e-12 0 3.90382e-12 0 8.93287e-12 0 1.3923e-11 0 1.87064e-11 0 2.33309e-11 0 2.78105e-11 0 3.21092e-11 0 3.62265e-11 0 4.02894e-11 0 4.41629e-11 0 4.79814e-11 0 5.1632e-11 0 5.52198e-11 0 5.87183e-11 0 6.21021e-11 0 6.54319e-11 0 6.86924e-11 0 7.18688e-11 0 7.50391e-11 0 7.81024e-11 0
143.051 2.99296e-13 2.99296e-13 3.70828e-19 1.239e-06 1.19264e-05 1.65711e-12 0 4.00051e-12 0 8.79361e-12 0 1.3415e-11 0 1.77693e-11 0 2.19283e-11 0 2.59197e-11 0 2.97214e-11 0 3.33404e-11 0 3.68928e-11 0 4.0264e-11 0 4.35741e-11 0 4.67273e-11 0 4.98162e-11 0 5.28195e-11 0 5.57167e-11 0 5.85605e-11 0 6.13388e-11 0 6.40398e-11 0 6.67301e-11 0 6.93249e-11 0
150.394 2.69597e-13 2.69597e-13 3.03493e-19 1.12573e-06 1.08206e-05 1.73346e-12 0 4.00926e-12 0 8.483e-12 0 1.26804e-11 0 1.65712e-11 0 2.02452e-11 0 2.37404e-11 0 2.7046e-11 0 3.01747e-11 0 3.32305e-11 0 3.6118e-11 0 3.89424e-11 0 4.16238e-11 0 4.42428e-11 0 4.67821e-11 0 4.92255e-11 0 5.16184e-11 0 5.39512e-11 0 5.62146e-11 0 5.84648e-11 0 6.06313e-11 0
158.114 2.44512e-13 2.44511e-13 2.48318e-19 1.01557e-06 9.80989e-06 1.7906e-12 0 3.97617e-12 0 8.11381e-12 0 1.18967e-11 0 1.53495e-11 0 1.85749e-11 0 2.16181e-11 0 2.44772e-11 0 2.71685e-11 0 2.97849e-11 0 3.22472e-11 0 3.46471e-11 0 3.69183e-11 0 3.91304e-11 0 4.12696e-11 0 4.33232e-11 0 4.533e-11 0 4.72824e-11 0 4.91733e-11 0 5.10499e-11 0 5.28538e-11 0
166.23 2.20807e-13 2.20807e-13 2.03142e-19 9.19997e-07 8.8934e-06 1.80792e-12 0 3.86238e-12 0 7.61546e-12 0 1.09636e-11 0 1.39754e-11 0 1.67603e-11 0 1.93675e-11 0 2.18018e-11 0 2.40814e-11 0 2.62879e-11 0 2.83566e-11 0 3.03662e-11 0 3.22624e-11 0 3.41043e-11 0 3.58812e-11 0 3.75832e-11 0 3.92431e-11 0 4.0855e-11 0 4.24134e-11 0 4.39575e-11 0 4.54394e-11 0
174.763 1.98422e-13 1.98422e-13 1.66302e-19 8.3812e-07 8.06439e-06 1.78484e-12 0 3.67566e-12 0 7.01506e-12 0 9.92575e-12 0 1.25083e-11 0 1.48736e-11 0 1.70717e-11 0 1.91121e-11 0 2.10136e-11 0 2.28467e-11 0 2.45591e-11 0 2.62175e-11 0 2.77778e-11 0 2.92897e-11 0 3.07451e-11 0 3.21362e-11 0 3.34903e-11 0 3.4803e-11 0 3.607e-11 0 3.73236e-11 0 3.85249e-11 0
183.733 1.79806e-13 1.79806e-13 1.36113e-19 7.56999e-07 7.30845e-06 1.74748e-12 0 3.47556e-12 0 6.43158e-12 0 8.95216e-12 0 1.11598e-11 0 1.31636e-11 0 1.5013e-11 0 1.67204e-11 0 1.83044e-11 0 1.98254e-11 0 2.12417e-11 0 2.26092e-11 0 2.38926e-11 0 2.51333e-11 0 2.6325e-11 0 2.74619e-11 0 2.85667e-11 0 2.96359e-11 0 3.06664e-11 0 3.16844e-11 0 3.26588e-11 0
193.164 1.62286e-13 1.62286e-13 1.11377e-19 6.86301e-07 6.62293e-06 1.67732e-12 0 3.22765e-12 0 5.80078e-12 0 7.94989e-12 0 9.80944e-12 0 1.1483e-11 0 1.30178e-11 0 1.44274e-11 0 1.57297e-11 0 1.69757e-11 0 1.81323e-11 0 1.9246e-11 0 2.02887e-11 0 2.12945e-11 0 2.22587e-11 0 2.3177e-11 0 2.40678e-11 0 2.49287e-11 0 2.57572e-11 0 2.65746e-11 0 2.7356e-11 0
203.079 1.46239e-13 1.46238e-13 9.11562e-20 6.23339e-07 6.00175e-06 1.58344e-12 0 2.95311e-12 0 5.16258e-12 0 6.97228e-12 0 8.52038e-12 0 9.90266e-12 0 1.11627e-11 0 1.23144e-11 0 1.33743e-11 0 1.43849e-11 0 1.53204e-11 0 1.62189e-11 0 1.70581e-11 0 1.78661e-11 0 1.86392e-11 0 1.93743e-11 0 2.00863e-11 0 2.07734e-11 0 2.14338e-11 0 2.20846e-11 0 2.2706e-11 0
213.503 1.32329e-13 1.32328e-13 7.46354e-20 5.64016e-07 5.43847e-06 1.47985e-12 0 2.67929e-12 0 4.56297e-12 0 6.07776e-12 0 7.35977e-12 0 8.49603e-12 0 9.52599e-12 0 1.04632e-11 0 1.13225e-11 0 1.21394e-11 0 1.28935e-11 0 1.3616e-11 0 1.42895e-11 0 1.49367e-11 0 1.55549e-11 0 1.61418e-11 0 1.67095e-11 0 1.72566e-11 0 1.77818e-11 0 1.82988e-11 0 1.87919e-11 0
224.463 1.19156e-13 1.19156e-13 6.10947e-20 5.12727e-07 4.92794e-06 1.35784e-12 0 2.39036e-12 0 3.97151e-12 0 5.22128e-12 0 6.26848e-12 0 7.19022e-12 0 8.02136e-12 0 8.77452e-12 0 9.46272e-12 0 1.01151e-11 0 1.07157e-11 0 1.129e-11 0 1.18243e-11 0 1.23368e-11 0 1.28256e-11 0 1.3289e-11 0 1.37366e-11 0 1.41675e-11 0 1.45806e-11 0 1.49869e-11 0 1.5374e-11 0
235.984 1.07667e-13 1.07667e-13 4.99989e-20 4.64383e-07 4.4642e-06 1.23434e-12 0 2.11604e-12 0 3.43461e-12 0 4.46014e-12 0 5.31144e-12 0 6.05594e-12 0 6.72401e-12 0 7.32705e-12 0 7.87635e-12 0 8.39562e-12 0 8.87262e-12 0 9.32778e-12 0 9.75048e-12 0 1.01553e-11 0 1.05408e-11 0 1.09058e-11 0 1.1258e-11 0 1.15965e-11 0 1.19209e-11 0 1.22395e-11 0 1.25428e-11 0
248.097 9.68789e-14 9.68789e-14 4.09532e-20 4.22726e-07 4.04693e-06 1.10395e-12 0 1.84562e-12 0 2.93043e-12 0 3.76149e-12 0 4.44537e-12 0 5.0399e-12 0 5.57097e-12 0 6.04864e-12 0 6.48245e-12 0 6.89154e-12 0 7.26651e-12 0 7.62365e-12 0 7.95477e-12 0 8.2714e-12 0 8.57254e-12 0 8.85729e-12 0 9.13172e-12 0 9.39531e-12 0 9.64756e-12 0 9.89514e-12 0 1.01306e-11 0
260.832 8.62134e-14 8.62134e-14 3.35283e-20 3.88899e-07 3.66635e-06 9.65386e-13 0 1.57617e-12 0 2.45116e-12 0 3.1121e-12 0 3.65159e-12 0 4.11799e-12 0 4.53286e-12 0 4.90478e-12 0 5.24163e-12 0 5.55856e-12 0 5.84848e-12 0 6.12413e-12 0 6.3793e-12 0 6.62298e-12 0 6.85445e-12 0 7.07308e-12 0 7.28356e-12 0 7.48554e-12 0 7.67866e-12 0 7.86804e-12 0 8.04805e-12 0
274.221 7.65999e-14 7.65999e-14 2.74336e-20 3.58141e-07 3.31926e-06 8.33816e-13 0 1.33125e-12 0 2.03016e-12 0 2.55119e-12 0 2.97329e-12 0 3.33633e-12 0 3.65801e-12 0 3.9455e-12 0 4.20523e-12 0 4.44907e-12 0 4.67173e-12 0 4.88309e-12 0 5.07847e-12 0 5.26482e-12 0 5.44163e-12 0 5.60845e-12 0 5.76891e-12 0 5.92275e-12 0 6.06972e-12 0 6.21375e-12 0 6.35054e-12 0
288.297 6.84017e-14 6.84016e-14 2.24369e-20 3.28017e-07 3.00302e-06 7.16467e-13 0 1.12002e-12 0 1.67685e-12 0 2.08691e-12 0 2.4168e-12 0 2.69918e-12 0 2.9485e-12 0 3.17067e-12 0 3.37094e-12 0 3.55859e-12 0 3.72964e-12 0 3.89178e-12 0 4.04146e-12 0 4.18406e-12 0 4.31921e-12 0 4.44661e-12 0 4.56905e-12 0 4.68634e-12 0 4.79831e-12 0 4.90795e-12 0 5.01203e-12 0
303.095 6.09658e-14 6.09658e-14 1.83613e-20 3.01174e-07 2.71693e-06 6.08589e-13 0 9.32659e-13 0 1.37233e-12 0 1.69246e-12 0 1.94834e-12 0 2.16641e-12 0 2.3583e-12 0 2.52886e-12 0 2.68227e-12 0 2.82576e-12 0 2.95635e-12 0 3.07997e-12 0 3.19396e-12 0 3.30243e-12 0 3.40514e-12 0 3.50188e-12 0 3.59477e-12 0 3.68369e-12 0 3.76852e-12 0 3.85154e-12 0 3.93029e-12 0
318.653 5.48891e-14 5.48891e-14 1.5022e-20 2.73679e-07 2.4575e-06 5.17479e-13 0 7.78327e-13 0 1.12672e-12 0 1.37773e-12 0 1.57717e-12 0 1.74644e-12 0 1.89495e-12 0 2.02662e-12 0 2.14483e-12 0 2.2552e-12 0 2.35551e-12 0 2.45035e-12 0 2.5377e-12 0 2.62075e-12 0 2.69932e-12 0 2.77325e-12 0 2.84419e-12 0 2.91206e-12 0 2.97676e-12 0 3.04004e-12 0 3.10004e-12 0
335.009 4.90989e-14 4.90989e-14 1.22865e-20 2.5024e-07 2.2226e-06 4.33447e-13 0 6.40551e-13 0 9.13174e-13 0 1.10768e-12 0 1.26138e-12 0 1.39134e-12 0 1.50503e-12 0 1.60562e-12 0 1.69576e-12 0 1.77979e-12 0 1.85607e-12 0 1.9281e-12 0 1.99438e-12 0 2.05733e-12 0 2.11684e-12 0 2.1728e-12 0 2.22646e-12 0 2.27776e-12 0 2.32664e-12 0 2.37442e-12 0 2.41971e-12 0
352.205 4.37969e-14 4.37968e-14 1.00511e-20 2.29494e-07 2.01033e-06 3.59144e-13 0 5.22024e-13 0 7.33562e-13 0 8.83131e-13 0 1.00072e-12 0 1.09981e-12 0 1.18627e-12 0 1.26261e-12 0 1.33091e-12 0 1.39449e-12 0 1.45213e-12 0 1.50651e-12 0 1.55649e-12 0 1.60394e-12 0 1.64875e-12 0 1.69086e-12 0 1.73122e-12 0 1.76977e-12 0 1.8065e-12 0 1.84238e-12 0 1.87636e-12 0
370.284 3.95843e-14 3.95843e-14 8.22515e-21 2.07788e-07 1.81825e-06 2.99242e-13 0 4.28231e-13 0 5.93681e-13 0 7.09693e-13 0 8.00476e-13 0 8.76734e-13 0 9.43117e-13 0 1.00162e-12 0 1.05387e-12 0 1.10246e-12 0 1.14646e-12 0 1.18793e-12 0 1.22602e-12 0 1.26214e-12 0 1.29624e-12 0 1.32826e-12 0 1.35893e-12 0 1.38822e-12 0 1.4161e-12 0 1.44333e-12 0 1.46911e-12 0
389.291 3.55767e-14 3.55767e-14 6.729e-21 1.8914e-07 1.6444e-06 2.46177e-13 0 3.47174e-13 0 4.75237e-13 0 5.64348e-13 0 6.33781e-13 0 6.91935e-13 0 7.4245e-13 0 7.8689e-13 0 8.2653e-13 0 8.63346e-13 0 8.96652e-13 0 9.28013e-13 0 9.56796e-13 0 9.84075e-13 0 1.00981e-12 0 1.03396e-12 0 1.05708e-12 0 1.07915e-12 0 1.10015e-12 0 1.12065e-12 0 1.14005e-12 0
409.273 3.20932e-14 3.20931e-14 5.50363e-21 1.71489e-07 1.48697e-06 2.01915e-13 0 2.80865e-13 0 3.79918e-13 0 4.48357e-13 0 5.01474e-13 0 5.45844e-13 0 5.84308e-13 0 6.18093e-13 0 6.48192e-13 0 6.76116e-13 0 7.01354e-13 0 7.251e-13 0 7.46879e-13 0 7.67505e-13 0 7.86953e-13 0 8.05197e-13 0 8.22653e-13 0 8.39308e-13 0 8.5515e-13 0 8.70608e-13 0 8.85234e-13 0
430.281 2.90755e-14 2.90755e-14 4.50371e-21 1.54897e-07 1.34461e-06 1.65283e-13 0 2.26962e-13 0 3.03594e-13 0 3.562e-13 0 3.9688e-13 0 4.30779e-13 0 4.60112e-13 0 4.85841e-13 0 5.08735e-13 0 5.29954e-13 0 5.49116e-13 0 5.67132e-13 0 5.83645e-13 0 5.99276e-13 0 6.14005e-13 0 6.27816e-13 0 6.41025e-13 0 6.53623e-13 0 6.65601e-13 0 6.77286e-13 0 6.88337e-13 0
452.368 2.62688e-14 2.62688e-14 3.68524e-21 1.4029e-07 1.21603e-06 1.34129e-13 0 1.81965e-13 0 2.40867e-13 0 2.81061e-13 0 3.12041e-13 0 3.37799e-13 0 3.60051e-13 0 3.79543e-13 0 3.96868e-13 0 4.12912e-13 0 4.2739e-13 0 4.40993e-13 0 4.53453e-13 0 4.65241e-13 0 4.76344e-13 0 4.86751e-13 0 4.967e-13 0 5.06186e-13 0 5.15202e-13 0 5.23994e-13 0 5.32307e-13 0
475.588 2.3921e-14 2.3921e-14 3.01511e-21 1.26044e-07 1.09972e-06 1.09103e-13 0 1.46342e-13 0 1.91818e-13 0 2.22682e-13 0 2.46399e-13 0 2.66078e-13 0 2.83052e-13 0 2.97903e-13 0 3.11091e-13 0 3.23293e-13 0 3.34296e-13 0 3.44628e-13 0 3.54087e-13 0 3.63032e-13 0 3.71454e-13 0 3.79344e-13 0 3.86884e-13 0 3.94071e-13 0 4.009e-13 0 4.07557e-13 0 4.13851e-13 0
500 2.16884e-14 2.16884e-14 2.46644e-21 1.13721e-07 9.94263e-07 8.79027e-14 0 1.16656e-13 0 1.51504e-13 0 1.75038e-13 0 1.93071e-13 0 2.08006e-13 0 2.20871e-13 0 2.32115e-13 0 2.4209e-13 0 2.51313e-13 0 2.59625e-13 0 2.67425e-13 0 2.74562e-13 0 2.81309e-13 0 2.87658e-13 0 2.93605e-13 0 2.99287e-13 0 3.047e-13 0 3.09842e-13 0 3.14854e-13 0 3.1959e-13 0
525.665 1.98158e-14 1.98158e-14 2.01911e-21 1.01894e-07 8.99495e-07 7.10207e-14 0 9.33146e-14 0 1.20147e-13 0 1.38185e-13 0 1.51973e-13 0 1.63372e-13 0 1.73178e-13 0 1.8174e-13 0 1.89331e-13 0 1.96344e-13 0 2.0266e-13 0 2.08585e-13 0 2.14004e-13 0 2.19124e-13 0 2.23941e-13 0 2.28451e-13 0 2.32759e-13 0 2.36862e-13 0 2.40759e-13 0 2.44556e-13 0 2.48144e-13 0
552.648 1.80648e-14 1.80648e-14 1.65244e-21 9.14729e-08 8.13841e-07 5.69926e-14 0 7.41845e-14 0 9.47454e-14 0 1.0851e-13 0 1.19006e-13 0 1.27671e-13 0 1.35117e-13 0 1.41612e-13 0 1.47365e-13 0 1.52678e-13 0 1.5746e-13 0 1.61944e-13 0 1.66044e-13 0 1.69916e-13 0 1.73557e-13 0 1.76966e-13 0 1.8022e-13 0 1.8332e-13 0 1.86262e-13 0 1.89129e-13 0 1.91838e-13 0
581.015 1.65467e-14 1.65467e-14 1.35201e-21 8.1709e-08 7.35898e-07 4.57558e-14 0 5.90369e-14 0 7.48288e-14 0 8.53601e-14 0 9.33744e-14 0 9.99809e-14 0 1.05652e-13 0 1.10594e-13 0 1.1497e-13 0 1.19008e-13 0 1.22642e-13 0 1.26046e-13 0 1.29159e-13 0 1.32097e-13 0 1.34859e-13 0 1.37445e-13 0 1.39912e-13 0 1.42262e-13 0 1.44492e-13 0 1.46665e-13 0 1.48717e-13 0
610.839 1.5142e-14 1.5142e-14 1.10649e-21 7.30742e-08 6.65589e-07 3.65529e-14 0 4.67757e-14 0 5.88668e-14 0 6.69021e-14 0 7.30052e-14 0 7.80298e-14 0 8.23387e-14 0 8.60915e-14 0 8.94117e-14 0 9.24742e-14 0 9.52285e-14 0 9.78087e-14 0 1.00166e-13 0 1.02391e-13 0 1.04483e-13 0 1.0644e-13 0 1.08307e-13 0 1.10085e-13 0 1.11772e-13 0 1.13415e-13 0 1.14967e-13 0
642.193 1.38975e-14 1.38975e-14 9.05881e-22 6.51828e-08 6.02516e-07 2.9177e-14 0 3.70495e-14 0 4.63158e-14 0 5.24544e-14 0 5.71087e-14 0 6.0936e-14 0 6.42153e-14 0 6.70695e-14 0 6.95933e-14 0 7.19201e-14 0 7.40119e-14 0 7.59708e-14 0 7.776e-14 0 7.94485e-14 0 8.10351e-14 0 8.25191e-14 0 8.39352e-14 0 8.5283e-14 0 8.65619e-14 0 8.78071e-14 0 8.89829e-14 0
675.157 1.27777e-14 1.27777e-14 7.41443e-22 5.80262e-08 5.45227e-07 2.32479e-14 0 2.93075e-14 0 3.64084e-14 0 4.10989e-14 0 4.46496e-14 0 4.75663e-14 0 5.00634e-14 0 5.22354e-14 0 5.41551e-14 0 5.59242e-14 0 5.7514e-14 0 5.90023e-14 0 6.03614e-14 0 6.16436e-14 0 6.28482e-14 0 6.39747e-14 0 6.50494e-14 0 6.60721e-14 0 6.70424e-14 0 6.7987e-14 0 6.88789e-14 0
709.813 1.17699e-14 1.17699e-14 6.06698e-22 5.15466e-08 4.93439e-07 1.84965e-14 0 2.31597e-14 0 2.86023e-14 0 3.21879e-14 0 3.48983e-14 0 3.71226e-14 0 3.90256e-14 0 4.06798e-14 0 4.21412e-14 0 4.34875e-14 0 4.46969e-14 0 4.58288e-14 0 4.68622e-14 0 4.78368e-14 0 4.87523e-14 0 4.96083e-14 0 5.04248e-14 0 5.12017e-14 0 5.19386e-14 0 5.2656e-14 0 5.33332e-14 0
746.248 1.0851e-14 1.0851e-14 4.96706e-22 4.57752e-08 4.45706e-07 1.46833e-14 0 1.82683e-14 0 2.24371e-14 0 2.5177e-14 0 2.72453e-14 0 2.89413e-14 0 3.03912e-14 0 3.1651e-14 0 3.27635e-14 0 3.3788e-14 0 3.47081e-14 0 3.5569e-14 0 3.63547e-14 0 3.70957e-14 0 3.77916e-14 0 3.84421e-14 0 3.90626e-14 0 3.96528e-14 0 4.02126e-14 0 4.07575e-14 0 4.12718e-14 0
784.553 1.00155e-14 1.00155e-14 4.0662e-22 4.05989e-08 4.04136e-07 1.16358e-14 0 1.43904e-14 0 1.75829e-14 0 1.96765e-14 0 2.12552e-14 0 2.25485e-14 0 2.36536e-14 0 2.46133e-14 0 2.54605e-14 0 2.62404e-14 0 2.69407e-14 0 2.75957e-14 0 2.81935e-14 0 2.8757e-14 0 2.92863e-14 0 2.97809e-14 0 3.02526e-14 0 3.07012e-14 0 3.11267e-14 0 3.15409e-14 0 3.19317e-14 0
824.824 9.2515e-15 9.2515e-15 3.32809e-22 3.59735e-08 3.6578e-07 9.20272e-15 0 1.13176e-14 0 1.37612e-14 0 1.53605e-14 0 1.65652e-14 0 1.75514e-14 0 1.83936e-14 0 1.91247e-14 0 1.97699e-14 0 2.03636e-14 0 2.08966e-14 0 2.13951e-14 0 2.18499e-14 0 2.22786e-14 0 2.26811e-14 0 2.30573e-14 0 2.34159e-14 0 2.37571e-14 0 2.40805e-14 0 2.43953e-14 0 2.46924e-14 0
867.163 8.53714e-15 8.53714e-15 2.72376e-22 3.19049e-08 3.31286e-07 7.25239e-15 0 8.87213e-15 0 1.07385e-14 0 1.19579e-14 0 1.28754e-14 0 1.36261e-14 0 1.42668e-14 0 1.48228e-14 0 1.53133e-14 0 1.57646e-14 0 1.61696e-14 0 1.65483e-14 0 1.68938e-14 0 1.72194e-14 0 1.75251e-14 0 1.78107e-14 0 1.8083e-14 0 1.8342e-14 0 1.85875e-14 0 1.88265e-14 0 1.90519e-14 0
911.674 7.86916e-15 7.86916e-15 2.23054e-22 2.83453e-08 2.98551e-07 5.69528e-15 0 6.93287e-15 0 8.35533e-15 0 9.28314e-15 0 9.98065e-15 0 1.0551e-14 0 1.10376e-14 0 1.14597e-14 0 1.18319e-14 0 1.21744e-14 0 1.24816e-14 0 1.27689e-14 0 1.30309e-14 0 1.32778e-14 0 1.35095e-14 0 1.3726e-14 0 1.39324e-14 0 1.41287e-14 0 1.43148e-14 0 1.44959e-14 0 1.46667e-14 0
958.471 7.26261e-15 7.26261e-15 1.82631e-22 2.51468e-08 2.70356e-07 4.46801e-15 0 5.41368e-15 0 6.49815e-15 0 7.20445e-15 0 7.735e-15 0 8.16857e-15 0 8.53835e-15 0 8.85901e-15 0 9.14174e-15 0 9.40175e-15 0 9.63501e-15 0 9.85305e-15 0 1.00519e-14 0 1.02393e-14 0 1.04151e-14 0 1.05794e-14 0 1.0736e-14 0 1.08849e-14 0 1.1026e-14 0 1.11633e-14 0 1.12929e-14 0
1007.67 6.69312e-15 6.69312e-15 1.49492e-22 2.23352e-08 2.44854e-07 3.49271e-15 0 4.21351e-15 0 5.03839e-15 0 5.5749e-15 0 5.97762e-15 0 6.30656e-15 0 6.58699e-15 0 6.83012e-15 0 7.04442e-15 0 7.24148e-15 0 7.41823e-15 0 7.58342e-15 0 7.73405e-15 0 7.87597e-15 0 8.00915e-15 0 8.13356e-15 0 8.25213e-15 0 8.36487e-15 0 8.47174e-15 0 8.57571e-15 0 8.67379e-15 0
1059.39 6.19158e-15 6.19158e-15 1.22384e-22 1.97661e-08 2.22632e-07 2.73514e-15 0 3.28609e-15 0 3.9154e-15 0 4.32421e-15 0 4.63086e-15 0 4.88123e-15 0 5.09461e-15 0 5.27955e-15 0 5.44253e-15 0 5.59237e-15 0 5.72675e-15 0 5.85233e-15 0 5.96682e-15 0 6.07467e-15 0 6.17588e-15 0 6.27042e-15 0 6.36052e-15 0 6.44617e-15 0 6.52736e-15 0 6.60634e-15 0 6.68085e-15 0
1113.77 5.71483e-15 5.71483e-15 1.00213e-22 1.75356e-08 2.00131e-07 2.1331e-15 0 2.55291e-15 0 3.03161e-15 0 3.34224e-15 0 3.5751e-15 0 3.76514e-15 0 3.92706e-15 0 4.06737e-15 0 4.19099e-15 0 4.30463e-15 0 4.40653e-15 0 4.50174e-15 0 4.58854e-15 0 4.6703e-15 0 4.74701e-15 0 4.81866e-15 0 4.88695e-15 0 4.95186e-15 0 5.01338e-15 0 5.07323e-15 0 5.12969e-15 0
1170.94 5.26119e-15 5.26119e-15 8.20351e-23 1.55925e-08 1.80958e-07 1.65636e-15 0 1.97517e-15 0 2.33813e-15 0 2.57342e-15 0 2.7497e-15 0 2.89352e-15 0 3.01602e-15 0 3.12215e-15 0 3.21565e-15 0 3.30157e-15 0 3.37862e-15 0 3.4506e-15 0 3.51621e-15 0 3.57801e-15 0 3.63599e-15 0 3.69014e-15 0 3.74174e-15 0 3.79079e-15 0 3.83728e-15 0 3.8825e-15 0 3.92515e-15 0
1231.05 4.84221e-15 4.84221e-15 6.71486e-23 1.38674e-08 1.64137e-07 1.28369e-15 0 1.52555e-15 0 1.80052e-15 0 1.9786e-15 0 2.11197e-15 0 2.22073e-15 0 2.31335e-15 0 2.39358e-15 0 2.46424e-15 0 2.52918e-15 0 2.58739e-15 0 2.64177e-15 0 2.69134e-15 0 2.73803e-15 0 2.78183e-15 0 2.82273e-15 0 2.8617e-15 0 2.89875e-15 0 2.93386e-15 0 2.96801e-15 0 3.00022e-15 0
1294.24 4.47874e-15 4.47874e-15 5.49904e-23 1.22781e-08 1.49709e-07 9.9825e-16 0 1.18252e-15 0 1.39176e-15 0 1.52716e-15 0 1.62851e-15 0 1.71114e-15 0 1.78149e-15 0 1.84242e-15 0 1.89608e-15 0 1.94538e-15 0 1.98957e-15 0 2.03086e-15 0 2.06848e-15 0 2.10391e-15 0 2.13715e-15 0 2.16819e-15 0 2.19777e-15 0 2.22588e-15 0 2.25252e-15 0 2.27843e-15 0 2.30287e-15 0
1360.67 4.13688e-15 4.13688e-15 4.50263e-23 1.08841e-08 1.35995e-07 7.74082e-16 0 9.14207e-16 0 1.07313e-15 0 1.17589e-15 0 1.25278e-15 0 1.31546e-15 0 1.3688e-15 0 1.415e-15 0 1.45567e-15 0 1.49304e-15 0 1.52654e-15 0 1.55783e-15 0 1.58634e-15 0 1.61319e-15 0 1.63838e-15 0 1.66189e-15 0 1.6843e-15 0 1.7056e-15 0 1.72578e-15 0 1.74541e-15 0 1.76392e-15 0
1430.51 3.8117e-15 3.8117e-15 3.68587e-23 9.6699e-09 1.22416e-07 5.97947e-16 0 7.04179e-16 0 8.24536e-16 0 9.0231e-16 0 9.60481e-16 0 1.00788e-15 0 1.04822e-15 0 1.08315e-15 0 1.1139e-15 0 1.14215e-15 0 1.16747e-15 0 1.19112e-15 0 1.21267e-15 0 1.23296e-15 0 1.25199e-15 0 1.26977e-15 0 1.2867e-15 0 1.30279e-15 0 1.31804e-15 0 1.33287e-15 0 1.34686e-15 0
1503.94 3.505e-15 3.505e-15 3.01702e-23 8.60777e-09 1.11291e-07 4.60361e-16 0 5.40698e-16 0 6.3163e-16 0 6.90353e-16 0 7.3426e-16 0 7.70031e-16 0 8.00469e-16 0 8.26817e-16 0 8.50014e-16 0 8.71323e-16 0 8.90418e-16 0 9.08252e-16 0 9.24502e-16 0 9.39804e-16 0 9.54156e-16 0 9.67556e-16 0 9.80323e-16 0 9.92456e-16 0 1.00395e-15 0 1.01513e-15 0 1.02568e-15 0
1581.14 3.25007e-15 3.25007e-15 2.47078e-23 7.60224e-09 9.87033e-08 3.56975e-16 0 4.18211e-16 0 4.87464e-16 0 5.32162e-16 0 5.65573e-16 0 5.92787e-16 0 6.1594e-16 0 6.3598e-16 0 6.53622e-16 0 6.69825e-16 0 6.84346e-16 0 6.97906e-16 0 7.10261e-16 0 7.21894e-16 0 7.32805e-16 0 7.42992e-16 0 7.52698e-16 0 7.6192e-16 0 7.7066e-16 0 7.79159e-16 0 7.87174e-16 0
1662.3 3.00787e-15 3.00787e-15 2.02288e-23 6.72529e-09 8.91228e-08 2.75955e-16 0 3.22523e-16 0 3.75147e-16 0 4.09095e-16 0 4.34464e-16 0 4.55123e-16 0 4.72697e-16 0 4.87907e-16 0 5.01295e-16 0 5.13591e-16 0 5.24609e-16 0 5.34898e-16 0 5.44272e-16 0 5.53098e-16 0 5.61376e-16 0 5.69104e-16 0 5.76467e-16 0 5.83463e-16 0 5.90093e-16 0 5.9654e-16 0 6.0262e-16 0
1747.63 2.77744e-15 2.77744e-15 1.65573e-23 5.96135e-09 8.14044e-08 2.1261e-16 0 2.47931e-16 0 2.87818e-16 0 3.13537e-16 0 3.32751e-16 0 3.48396e-16 0 3.61703e-16 0 3.73218e-16 0 3.83354e-16 0 3.92662e-16 0 4.01002e-16 0 4.0879e-16 0 4.15885e-16 0 4.22566e-16 0 4.28831e-16 0 4.3468e-16 0 4.40252e-16 0 4.45546e-16 0 4.50563e-16 0 4.55442e-16 0 4.60043e-16 0
1837.33 2.55845e-15 2.55845e-15 1.35557e-23 5.29838e-09 7.29425e-08 1.63243e-16 0 1.8996e-16 0 2.2011e-16 0 2.39544e-16 0 2.54059e-16 0 2.65876e-16 0 2.75925e-16 0 2.84621e-16 0 2.92275e-16 0 2.99303e-16 0 3.056e-16 0 3.1148e-16 0 3.16837e-16 0 3.2188e-16 0 3.2661e-16 0 3.31025e-16 0 3.35231e-16 0 3.39228e-16 0 3.43015e-16 0 3.46698e-16 0 3.5017e-16 0
1931.64 2.35034e-15 2.35034e-15 1.11007e-23 4.72301e-09 6.5179e-08 1.24877e-16 0 1.45025e-16 0 1.67749e-16 0 1.8239e-16 0 1.93323e-16 0 2.02223e-16 0 2.09791e-16 0 2.16339e-16 0 2.22102e-16 0 2.27394e-16 0 2.32135e-16 0 2.36561e-16 0 2.40594e-16 0 2.44391e-16 0 2.47951e-16 0 2.51275e-16 0 2.54441e-16 0 2.57449e-16 0 2.603e-16 0 2.63072e-16 0 2.65685e-16 0
2030.79 2.16093e-15 2.16093e-15 9.08754e-24 4.20538e-09 5.78268e-08 9.55202e-17 0 1.10722e-16 0 1.27859e-16 0 1.38897e-16 0 1.47138e-16 0 1.53845e-16 0 1.59548e-16 0 1.64482e-16 0 1.68825e-16 0 1.72812e-16 0 1.76384e-16 0 1.79719e-16 0 1.82757e-16 0 1.85617e-16 0 1.88299e-16 0 1.90803e-16 0 1.93188e-16 0 1.95454e-16 0 1.97601e-16 0 1.99689e-16 0 2.01658e-16 0
2135.03 1.99993e-15 1.99993e-15 7.43704e-24 3.71864e-09 5.24008e-08 7.34848e-17 0 8.50284e-17 0 9.80349e-17 0 1.0641e-16 0 1.12661e-16 0 1.17749e-16 0 1.22075e-16 0 1.25817e-16 0 1.2911e-16 0 1.32134e-16 0 1.34842e-16 0 1.37371e-16 0 1.39675e-16 0 1.41843e-16 0 1.43877e-16 0 1.45776e-16 0 1.47584e-16 0 1.49302e-16 0 1.5093e-16 0 1.52513e-16 0 1.54006e-16 0
2244.63 1.84702e-15 1.84702e-15 6.0899e-24 3.29715e-09 5.26504e-08 5.63673e-17 0 6.51124e-17 0 7.49614e-17 0 8.13013e-17 0 8.60332e-17 0 8.98838e-17 0 9.31574e-17 0 9.59893e-17 0 9.84811e-17 0 1.00769e-16 0 1.02818e-16 0 1.04732e-16 0 1.06475e-16 0 1.08116e-16 0 1.09654e-16 0 1.11091e-16 0 1.12459e-16 0 1.13758e-16 0 1.1499e-16 0 1.16188e-16 0 1.17317e-16 0
2359.84 1.70156e-15 1.70156e-15 4.9861e-24 2.93032e-09 4.31116e-08 4.30968e-17 0 4.9704e-17 0 5.71423e-17 0 6.19292e-17 0 6.55016e-17 0 6.84083e-17 0 7.08793e-17 0 7.30168e-17 0 7.48975e-17 0 7.66242e-17 0 7.8171e-17 0 7.9615e-17 0 8.09303e-17 0 8.21686e-17 0 8.33296e-17 0 8.44135e-17 0 8.54458e-17 0 8.64267e-17 0 8.73561e-17 0 8.82597e-17 0 8.91119e-17 0
2480.97 1.56389e-15 1.56389e-15 4.0813e-24 2.6097e-09 4.03911e-08 3.28499e-17 0 3.78292e-17 0 4.3433e-17 0 4.70385e-17 0 4.97289e-17 0 5.19177e-17 0 5.37784e-17 0 5.53878e-17 0 5.68038e-17 0 5.81039e-17 0 5.92684e-17 0 6.03555e-17 0 6.13458e-17 0 6.2278e-17 0 6.31521e-17 0 6.3968e-17 0 6.47451e-17 0 6.54835e-17 0 6.61831e-17 0 6.68634e-17 0 6.75048e-17 0
2608.32 1.44671e-15 1.44671e-15 3.34071e-24 2.30917e-09 3.51558e-08 2.51849e-17 0 2.89613e-17 0 3.32099e-17 0 3.59428e-17 0 3.79819e-17 0 3.96408e-17 0 4.10508e-17 0 4.22704e-17 0 4.33434e-17 0 4.43285e-17 0 4.52109e-17 0 4.60347e-17 0 4.6785e-17 0 4.74913e-17 0 4.81535e-17 0 4.87717e-17 0 4.93605e-17 0 4.992e-17 0 5.045e-17 0 5.09654e-17 0 5.14514e-17 0
2742.21 1.33596e-15 1.33596e-15 2.73593e-24 2.04791e-09 3.02022e-08 1.9262e-17 0 2.21206e-17 0 2.53357e-17 0 2.74035e-17 0 2.89461e-17 0 3.0201e-17 0 3.12676e-17 0 3.21901e-17 0 3.30017e-17 0 3.37468e-17 0 3.44142e-17 0 3.50372e-17 0 3.56047e-17 0 3.61388e-17 0 3.66397e-17 0 3.71072e-17 0 3.75525e-17 0 3.79756e-17 0 3.83765e-17 0 3.87662e-17 0 3.91337e-17 0
2882.97 1.23061e-15 1.23061e-15 2.24005e-24 1.82028e-09 3.27019e-08 1.46863e-17 0 1.68444e-17 0 1.92711e-17 0 2.08315e-17 0 2.19956e-17 0 2.29424e-17 0 2.37471e-17 0 2.44431e-17 0 2.50555e-17 0 2.56176e-17 0 2.61211e-17 0 2.65911e-17 0 2.70192e-17 0 2.74221e-17 0 2.78e-17 0 2.81526e-17 0 2.84886e-17 0 2.88077e-17 0 2.91101e-17 0 2.94041e-17 0 2.96813e-17 0
3030.95 1.13309e-15 1.13309e-15 1.83354e-24 1.61817e-09 3.09988e-08 1.11864e-17 0 1.28149e-17 0 1.46455e-17 0 1.58225e-17 0 1.67004e-17 0 1.74144e-17 0 1.80213e-17 0 1.85462e-17 0 1.90079e-17 0 1.94318e-17 0 1.98115e-17 0 2.01659e-17 0 2.04887e-17 0 2.07925e-17 0 2.10774e-17 0 2.13433e-17 0 2.15966e-17 0 2.18372e-17 0 2.20652e-17 0 2.22869e-17 0 2.24959e-17 0
3186.53 1.05059e-15 1.05059e-15 1.50107e-24 1.42879e-09 2.60668e-08 8.57543e-18 0 9.81264e-18 0 1.12032e-17 0 1.20971e-17 0 1.27638e-17 0 1.3306e-17 0 1.37669e-17 0 1.41654e-17 0 1.4516e-17 0 1.48379e-17 0 1.51261e-17 0 1.53952e-17 0 1.56403e-17 0 1.5871e-17 0 1.60873e-17 0 1.62892e-17 0 1.64815e-17 0 1.66642e-17 0 1.68373e-17 0 1.70056e-17 0 1.71643e-17 0
3350.09 9.72162e-16 9.72162e-16 1.22912e-24 1.26431e-09 2.68479e-08 6.55741e-18 0 7.49543e-18 0 8.54947e-18 0 9.22696e-18 0 9.73224e-18 0 1.01432e-17 0 1.04924e-17 0 1.07944e-17 0 1.10601e-17 0 1.1304e-17 0 1.15224e-17 0 1.17263e-17 0 1.1912e-17 0 1.20868e-17 0 1.22507e-17 0 1.24037e-17 0 1.25494e-17 0 1.26879e-17 0 1.2819e-17 0 1.29465e-17 0 1.30668e-17 0
3522.05 8.97542e-16 8.97542e-16 1.00618e-24 1.12103e-09 3.57542e-08 5.00045e-18 0 5.70994e-18 0 6.50704e-18 0 7.01934e-18 0 7.40138e-18 0 7.71208e-18 0 7.97611e-18 0 8.20445e-18 0 8.40531e-18 0 8.58968e-18 0 8.75482e-18 0 8.90897e-18 0 9.04936e-18 0 9.18151e-18 0 9.30541e-18 0 9.42106e-18 0 9.53121e-18 0 9.63585e-18 0 9.735e-18 0 9.83139e-18 0 9.92229e-18 0
3702.84 8.26548e-16 8.26548e-16 8.23457e-25 9.9626e-10 3.12112e-08 3.80173e-18 0 4.33696e-18 0 4.93819e-18 0 5.32456e-18 0 5.61267e-18 0 5.84698e-18 0 6.04609e-18 0 6.21827e-18 0 6.36973e-18 0 6.50877e-18 0 6.63329e-18 0 6.74952e-18 0 6.85538e-18 0 6.95503e-18 0 7.04845e-18 0 7.13565e-18 0 7.21871e-18 0 7.29761e-18 0 7.37237e-18 0 7.44505e-18 0 7.51358e-18 0
3892.91 7.59121e-16 7.59121e-16 6.74324e-25 8.88296e-10 8.07195e-09 2.88133e-18 0 3.28399e-18 0 3.73623e-18 0 4.02683e-18 0 4.24352e-18 0 4.41973e-18 0 4.56947e-18 0 4.69896e-18 0 4.81286e-18 0 4.91741e-18 0 5.01105e-18 0 5.09846e-18 0 5.17807e-18 0 5.253e-18 0 5.32325e-18 0 5.38882e-18 0 5.45127e-18 0 5.51061e-18 0 5.56682e-18 0 5.62148e-18 0 5.67301e-18 0
4092.73 6.99213e-16 6.99213e-16 5.52108e-25 7.89614e-10 1.54837e-08 2.18917e-18 0 2.49294e-18 0 2.83409e-18 0 3.05328e-18 0 3.21671e-18 0 3.34961e-18 0 3.46255e-18 0 3.5602e-18 0 3.6461e-18 0 3.72495e-18 0 3.79557e-18 0 3.86149e-18 0 3.92152e-18 0 3.97803e-18 0 4.03101e-18 0 4.08046e-18 0 4.12756e-18 0 4.1723e-18 0 4.21469e-18 0 4.25591e-18 0 4.29477e-18 0
4302.81 6.47056e-16 6.47056e-16 4.51909e-25 6.98408e-10 3.26627e-08 1.67044e-18 0 1.90068e-18 0 2.15921e-18 0 2.32531e-18 0 2.44915e-18 0 2.54985e-18 0 2.63542e-18 0 2.70942e-18 0 2.7745e-18 0 2.83425e-18 0 2.88775e-18 0 2.9377e-18 0 2.98318e-18 0 3.026e-18 0 3.06614e-18 0 3.1036e-18 0 3.13929e-18 0 3.17319e-18 0 3.2053e-18 0 3.23653e-18 0 3.26597e-18 0
4523.68 5.97453e-16 5.97453e-16 3.69881e-25 6.19095e-10 1.80554e-08 1.2713e-18 0 1.44541e-18 0 1.64089e-18 0 1.76647e-18 0 1.8601e-18 0 1.93623e-18 0 2.00092e-18 0 2.05686e-18 0 2.10606e-18 0 2.15123e-18 0 2.19168e-18 0 2.22943e-18 0 2.26382e-18 0 2.29618e-18 0 2.32653e-18 0 2.35485e-18 0 2.38182e-18 0 2.40745e-18 0 2.43173e-18 0 2.45533e-18 0 2.47759e-18 0
4755.88 5.5033e-16 5.5033e-16 3.02895e-25 5.50387e-10 8.05307e-09 9.64877e-19 0 1.09621e-18 0 1.24366e-18 0 1.33837e-18 0 1.40899e-18 0 1.46641e-18 0 1.51519e-18 0 1.55738e-18 0 1.59449e-18 0 1.62855e-18 0 1.65905e-18 0 1.68752e-18 0 1.71346e-18 0 1.73786e-18 0 1.76075e-18 0 1.7821e-18 0 1.80245e-18 0 1.82177e-18 0 1.84008e-18 0 1.85788e-18 0 1.87467e-18 0
5000 5.05848e-16 5.05848e-16 2.47971e-25 4.90209e-10 1.02726e-08 7.3051e-19 0 8.29368e-19 0 9.40341e-19 0 1.01162e-18 0 1.06477e-18 0 1.10798e-18 0 1.14469e-18 0 1.17644e-18 0 1.20436e-18 0 1.23e-18 0 1.25295e-18 0 1.27438e-18 0 1.29389e-18 0 1.31226e-18 0 1.32948e-18 0 1.34555e-18 0 1.36086e-18 0 1.3754e-18 0 1.38918e-18 0 1.40257e-18 0 1.4152e-18 0
