# 0.0081128 3 118 : grain size, compostion index, size index
# Heating and cooling timescale: 4.05908e-08 inf
# Ratio of heating to cooling to determine stochastic cutoff: 100
# Equilibrium emission is recorded even for those grains in the stochastic regime.
# Emission spectrum was computed for: 
# Type: IRSF
# Scales: 0.5 1 2 5 10
StochasticallyHeated: 0 0 0 0 0
# Temperature: -1
# Wavelength  CExt  CAbs  CSca  Albedo G EqEm1 StEm1 EqEm2 StEm2 EqEm3 StEm3 EqEm4 StEm4 EqEm5 StEm5
0.05 0.000414368 0.000175512 0.000238856 0.576435 0.931528 0 0 0 0 0 0 0 0 0 0
0.0525665 0.0004144 0.000173974 0.000240425 0.580177 0.925691 0 0 0 0 0 0 0 0 0 0
0.0552647 0.000414432 0.000171428 0.000243004 0.586355 0.916763 0 0 0 0 0 0 0 0 0 0
0.0581015 0.000414469 0.000167568 0.000246902 0.595705 0.902881 0 0 0 0 0 0 0 0 0 0
0.0610839 0.000414509 0.000163669 0.00025084 0.60515 0.887314 0 0 0 0 0 0 0 0 0 0
0.0642193 0.000414551 0.00016093 0.000253621 0.611796 0.87465 0 0 0 0 0 0 0 0 0 0
0.0675157 0.000414595 0.000159366 0.000255229 0.61561 0.86571 0 0 0 0 0 0 0 0 0 0
0.0709813 0.00041464 0.00015876 0.00025588 0.617114 0.860067 0 0 0 0 0 0 0 0 0 0
0.0746248 0.000414685 0.00015895 0.000255735 0.616697 0.857311 0 0 0 0 0 0 0 0 0 0
0.0784553 0.000414731 0.000160043 0.000254688 0.614104 0.857945 0 0 0 0 0 0 0 0 0 0
0.0824824 0.000414776 0.000162419 0.000252357 0.608417 0.863516 0 0 0 0 0 0 0 0 0 0
0.0867162 0.000414817 0.000163408 0.000251409 0.606071 0.866498 0 0 0 0 0 0 0 0 0 0
0.0911674 0.000414867 0.00016191 0.000252957 0.60973 0.859922 0 0 0 0 0 0 0 0 0 0
0.095847 0.000414919 0.00016166 0.000253259 0.610381 0.856595 0 0 0 0 0 0 0 0 0 0
0.100767 0.00041497 0.000162104 0.000252866 0.609361 0.856114 0 0 0 0 0 0 0 0 0 0
0.105939 0.000415018 0.000163707 0.000251312 0.605543 0.860058 0 0 0 0 0 0 0 0 0 0
0.111377 0.000415067 0.000165372 0.000249695 0.601578 0.865156 0 0 0 0 0 0 0 0 0 0
0.117094 0.000415117 0.00016645 0.000248667 0.599029 0.86835 0 0 0 0 0 0 0 0 0 0
0.123105 0.000415169 0.000167175 0.000247994 0.597333 0.870359 0 0 0 0 0 0 0 0 0 0
0.129424 0.000415222 0.00016761 0.000247612 0.596337 0.871332 0 0 0 0 0 0 0 0 0 0
0.136067 0.000415279 0.000167721 0.000247558 0.596124 0.87108 0 0 0 0 0 0 0 0 0 0
0.143051 0.000415337 0.000167323 0.000248014 0.59714 0.868725 0 0 0 0 0 0 0 0 0 0
0.150394 0.000415391 0.00016788 0.000247511 0.595851 0.869967 0 0 0 0 0 0 0 0 0 0
0.158114 0.000415445 0.000169655 0.000245789 0.591629 0.87647 0 0 0 0 0 0 0 0 0 0
0.16623 0.000415502 0.000171676 0.000243826 0.586822 0.88437 0 0 0 0 0 0 0 0 0 0
0.174762 0.000415564 0.000173466 0.000242099 0.582578 0.89154 0 0 0 0 0 0 0 0 0 0
0.183733 0.00041563 0.00017505 0.00024058 0.578833 0.897955 0 0 0 0 0 0 0 0 0 0
0.193164 0.000415697 0.000176389 0.000239308 0.575678 0.9034 0 0 0 0 0 0 0 0 0 0
0.203079 0.00041577 0.000177529 0.000238241 0.573011 0.90803 0 0 0 0 0 0 0 0 0 0
0.213503 0.000415845 0.000178534 0.00023731 0.570671 0.912103 0 0 0 0 0 0 0 0 0 0
0.224463 0.000415922 0.000179372 0.00023655 0.568736 0.915477 0 0 0 0 0 0 0 0 0 0
0.235984 0.000416003 0.000180032 0.000235971 0.567234 0.918104 0 0 0 0 0 0 0 0 0 0
0.248097 0.000416086 0.000180537 0.000235549 0.566106 0.920082 0 0 0 0 0 0 0 0 0 0
0.260832 0.000416172 0.00018095 0.000235222 0.565205 0.921666 0 0 0 0 0 0 0 0 0 0
0.274221 0.000416261 0.000181301 0.00023496 0.564453 0.922992 0 0 0 0 0 0 0 0 0 0
0.288297 0.000416353 0.000181601 0.000234752 0.563829 0.924095 0 0 0 0 0 0 0 0 0 0
0.303095 0.000416447 0.000181859 0.000234588 0.563309 0.925014 0 0 0 0 0 0 0 0 0 0
0.318653 0.000416546 0.000182088 0.000234458 0.562863 0.925808 0 0 0 0 0 0 0 0 0 0
0.335009 0.000416648 0.000182289 0.000234359 0.562486 0.926481 0 0 0 0 0 0 0 0 0 0
0.352205 0.000416752 0.000182473 0.000234279 0.562155 0.927073 0 0 0 0 0 0 0 0 0 0
0.370284 0.000416861 0.000182641 0.00023422 0.561865 0.927592 0 0 0 0 0 0 0 0 0 0
0.389291 0.000416973 0.000182789 0.000234183 0.561628 0.928018 0 0 0 0 0 0 0 0 0 0
0.409273 0.00041709 0.000182924 0.000234165 0.561427 0.928382 0 0 0 0 0 0 0 0 0 0
0.430281 0.000417208 0.000183056 0.000234153 0.561237 0.928723 0 0 0 0 0 0 0 0 0 0
0.452368 0.000417332 0.00018317 0.000234162 0.561093 0.928982 0 0 0 0 0 0 0 0 0 0
0.475588 0.00041746 0.00018328 0.000234179 0.560963 0.929215 0 0 0 0 0 0 0 0 0 0
0.5 0.000417592 0.000183387 0.000234206 0.560848 0.929421 0 0 0 0 0 0 0 0 0 0
0.525665 0.000417729 0.00018349 0.000234239 0.560744 0.929604 0 0 0 0 0 0 0 0 0 0
0.552647 0.000417871 0.000183596 0.000234275 0.560639 0.929787 0 0 0 0 0 0 0 0 0 0
0.581015 0.000418016 0.000183684 0.000234333 0.560582 0.929882 0 0 0 0 0 0 0 0 0 0
0.610839 0.000418168 0.000183776 0.000234392 0.560521 0.929982 0 0 0 0 0 0 0 0 0 0
0.642193 0.000418325 0.000183872 0.000234453 0.560457 0.930087 0 0 0 0 0 0 0 0 0 0
0.675157 0.000418485 0.000183965 0.000234519 0.560401 0.930166 0 0 0 0 0 0 0 0 0 0
0.709813 0.000418651 0.000184057 0.000234594 0.560357 0.930224 0 0 0 0 0 0 0 0 0 0
0.746248 0.000418826 0.000184152 0.000234673 0.560313 0.93028 0 0 0 0 0 0 0 0 0 0
0.784553 0.000419003 0.000184252 0.000234751 0.560262 0.930339 0 0 0 0 0 0 0 0 0 0
0.824824 0.000419187 0.000184349 0.000234838 0.560223 0.930373 0 0 0 0 0 0 0 0 0 0
0.867162 0.000419378 0.000184446 0.000234932 0.560191 0.93039 0 0 0 0 0 0 0 0 0 0
0.911674 0.000419574 0.000184548 0.000235027 0.560155 0.930406 0 0 0 0 0 0 0 0 0 0
0.95847 0.000419777 0.000184651 0.000235126 0.560121 0.930412 0 0 0 0 0 0 0 0 0 0
1.00767 0.000419988 0.00018476 0.000235228 0.560083 0.93042 0 0 0 0 0 0 0 0 0 0
1.05939 0.000420205 0.000184875 0.00023533 0.560037 0.930431 0 0 0 0 0 0 0 0 0 0
1.11377 0.000420429 0.000184994 0.000235435 0.559987 0.930442 0 0 0 0 0 0 0 0 0 0
1.17094 0.000420661 0.000185122 0.000235539 0.559926 0.930462 0 0 0 0 0 0 0 0 0 0
1.23105 0.000420902 0.000185255 0.000235647 0.559861 0.930485 0 0 0 0 0 0 0 0 0 0
1.29424 0.000421149 0.000185398 0.000235752 0.559781 0.930519 0 0 0 0 0 0 0 0 0 0
1.36067 0.000421405 0.000185538 0.000235867 0.559716 0.930519 0 0 0 0 0 0 0 0 0 0
1.43051 0.00042167 0.000185693 0.000235977 0.559624 0.930554 0 0 0 0 0 0 0 0 0 0
1.50394 0.000421942 0.000185852 0.00023609 0.559532 0.930577 0 0 0 0 0 0 0 0 0 0
1.58114 0.000422226 0.000186019 0.000236207 0.559433 0.9306 0 0 0 0 0 0 0 0 0 0
1.6623 0.000422517 0.0001862 0.000236317 0.559308 0.930653 0 0 0 0 0 0 0 0 0 0
1.74762 0.000422819 0.000186388 0.000236431 0.559177 0.930706 0 0 0 0 0 0 0 0 0 0
1.83733 0.000423131 0.00018659 0.000236541 0.559026 0.930779 0 0 0 0 0 0 0 0 0 0
1.93164 0.000423453 0.000186801 0.000236651 0.558861 0.930857 0 0 0 0 0 0 0 0 0 0
2.03079 0.000423787 0.00018702 0.000236767 0.558694 0.930929 0 0 0 0 0 0 0 0 0 0
2.13503 0.00042413 0.000187255 0.000236875 0.558497 0.931028 0 0 0 0 0 0 0 0 0 0
2.24463 0.000424486 0.000187505 0.000236982 0.558279 0.93115 0 0 0 0 0 0 0 0 0 0
2.35984 0.000424853 0.000187767 0.000237086 0.558042 0.931282 0 0 0 0 0 0 0 0 0 0
2.48097 0.000425234 0.000188052 0.000237182 0.557769 0.931458 0 0 0 0 0 0 0 0 0 0
2.60832 0.000425625 0.000188349 0.000237277 0.557478 0.931642 0 0 0 0 0 0 0 0 0 0
2.74221 0.000426031 0.000188659 0.000237371 0.55717 0.931834 0 0 0 0 0 0 0 0 0 0
2.88297 0.000426448 0.000188999 0.000237449 0.556806 0.932094 0 0 0 0 0 0 0 0 0 0
3.03095 0.000426882 0.000189357 0.000237524 0.556417 0.932376 0 0 0 0 0 0 0 0 0 0
3.18653 0.000427329 0.000189736 0.000237593 0.555996 0.932683 0 0 0 0 0 0 0 0 0 0
3.35009 0.000427791 0.00019014 0.000237651 0.555531 0.933037 0 0 0 0 0 0 0 0 0 0
3.52205 0.000428269 0.000190576 0.000237693 0.555009 0.93346 0 0 0 0 0 0 0 0 0 0
3.70284 0.000428762 0.000191041 0.00023772 0.554435 0.933936 0 0 0 0 0 0 0 0 0 0
3.89291 0.000429272 0.000191544 0.000237729 0.553795 0.934491 0 0 0 0 0 0 0 0 0 0
4.09273 0.0004298 0.000192091 0.000237709 0.55307 0.93515 0 0 0 0 0 0 0 0 0 0
4.30281 0.000430346 0.000192687 0.000237659 0.552251 0.935928 0 0 0 0 0 0 0 0 0 0
4.52368 0.000430909 0.000193338 0.000237571 0.551326 0.936838 0 0 0 0 0 0 0 0 0 0
4.75588 0.000431491 0.00019405 0.000237441 0.550281 0.937898 0 0 0 0 0 0 0 0 0 0
5 0.000432094 0.000194847 0.000237247 0.549064 0.939191 0 0 0 0 0 0 0 0 0 0
5.25665 0.000432712 0.000195737 0.000236975 0.547651 0.940737 0 0 0 0 0 0 0 0 0 0
5.52648 0.000433354 0.000196717 0.000236637 0.546059 0.942513 0 0 0 0 0 0 0 0 0 0
5.81015 0.000434012 0.000197836 0.000236176 0.54417 0.944679 0 0 0 0 0 0 0 0 0 0
6.10839 0.000434687 0.000199092 0.000235595 0.541988 0.947207 0 0 0 0 0 0 0 0 0 0
6.42193 0.000435382 0.000200545 0.000234837 0.539381 0.950277 0 0 0 0 0 0 0 0 0 0
6.75157 0.00043609 0.000202351 0.000233739 0.535987 0.954339 0 0 0 0 0 0 0 0 0 0
7.09813 0.000436794 0.000204782 0.000232012 0.531169 0.96014 0 0 0 0 0 0 0 0 0 0
7.46248 0.000437214 0.000208287 0.000228927 0.523605 0.968902 0 0 0 0 0 0 0 0 0 0
7.84553 0.000435297 0.000210617 0.00022468 0.516153 0.976917 0 0 0 0 0 0 0 0 0 0
8.24824 0.000432402 0.000203808 0.000228594 0.528661 0.966831 0 0 0 0 0 0 0 0 0 0
8.67162 0.00043437 0.000195162 0.000239208 0.550701 0.942649 0 0 0 0 0 0 0 0 0 0
9.11674 0.000437974 0.000183955 0.000254019 0.579987 0.902813 0 0 0 0 0 0 0 0 0 0
9.5847 0.000441991 0.000177875 0.000264116 0.59756 0.870526 0 0 0 0 0 0 0 0 0 0
10.0767 0.000444498 0.000176901 0.000267597 0.602021 0.857422 0 0 0 0 0 0 0 0 0 0
10.5939 0.000446672 0.000175924 0.000270748 0.606145 0.845118 0 0 0 0 0 0 0 0 0 0
11.1377 0.000447757 0.000177784 0.000269973 0.602946 0.844465 0 0 0 0 0 0 0 0 0 0
11.7094 0.000448543 0.00017962 0.000268923 0.599548 0.845483 0 0 0 0 0 0 0 0 0 0
12.3105 0.000449054 0.000182097 0.000266956 0.594486 0.849664 0 0 0 0 0 0 0 0 0 0
12.9424 0.000449466 0.0001854 0.000264066 0.58751 0.857695 0 0 0 0 0 0 0 0 0 0
13.6067 0.000449965 0.00018976 0.000260205 0.578278 0.870141 0 0 0 0 0 0 0 0 0 0
14.3051 0.000450695 0.000194858 0.000255836 0.567649 0.885746 0 0 0 0 0 0 0 0 0 0
15.0394 0.000451688 0.000197709 0.000253979 0.562289 0.893563 0 0 0 0 0 0 0 0 0 0
15.8114 0.000452895 0.000198217 0.000254678 0.562333 0.893076 0 0 0 0 0 0 0 0 0 0
16.623 0.000454558 0.000196758 0.0002578 0.567144 0.885321 0 0 0 0 0 0 0 0 0 0
17.4762 0.000456865 0.000193906 0.000262959 0.575574 0.871647 0 0 0 0 0 0 0 0 0 0
18.3733 0.000459652 0.000190596 0.000269056 0.585346 0.855131 0 0 0 0 0 0 0 0 0 0
19.3164 0.000462422 0.000187844 0.000274578 0.593782 0.839728 0 0 0 0 0 0 0 0 0 0
20.3079 0.000464607 0.000186552 0.000278055 0.598473 0.829324 0 0 0 0 0 0 0 0 2.8026e-45 0
21.3503 0.000466413 0.00018624 0.000280173 0.600697 0.822866 0 0 0 0 0 0 0 0 5.11474e-43 0
22.4463 0.000468131 0.000186053 0.000282078 0.602562 0.817083 0 0 0 0 0 0 0 0 7.82821e-41 0
23.5984 0.000469714 0.000186292 0.000283422 0.603392 0.812905 0 0 0 0 0 0 2.24208e-44 0 9.28456e-39 0
24.8097 0.000471318 0.000186453 0.000284865 0.604401 0.80855 0 0 0 0 0 0 3.83535e-42 0 8.61296e-37 0
26.0832 0.000472826 0.00018691 0.000285915 0.604695 0.805197 0 0 0 0 0 0 5.14909e-40 0 6.33678e-35 0
27.4221 0.000474311 0.000187354 0.000286956 0.604997 0.801821 0 0 0 0 7.00649e-45 0 5.37724e-38 0 3.73401e-33 0
28.8297 0.00047582 0.000187834 0.000287986 0.605242 0.798543 0 0 0 0 1.25556e-42 0 4.42202e-36 0 1.78177e-31 0
30.3095 0.000477326 0.00018832 0.000289006 0.605469 0.795259 0 0 1.4013e-45 0 1.71637e-40 0 2.89708e-34 0 6.95576e-30 0
31.8653 0.00047883 0.000189035 0.000289794 0.605214 0.792606 0 0 2.94273e-43 0 1.82636e-38 0 1.53071e-32 0 2.24599e-28 0
33.5009 0.000480335 0.000189694 0.000290641 0.605079 0.789724 1.4013e-45 0 4.21118e-41 0 1.52833e-36 0 6.58149e-31 0 6.04525e-27 0
35.2206 0.00048193 0.000190577 0.000291352 0.604554 0.787341 1.34525e-43 0 4.68902e-39 0 1.01922e-34 0 2.32967e-29 0 1.37053e-25 0
37.0284 0.000483538 0.000191438 0.0002921 0.604089 0.784783 1.95299e-41 0 4.09778e-37 0 5.46986e-33 0 6.8447e-28 0 2.63574e-24 0
38.9291 0.000485155 0.000192241 0.000292914 0.603754 0.781963 2.20325e-39 0 2.84374e-35 0 2.38725e-31 0 1.68422e-26 0 4.33398e-23 0
40.9273 0.000486776 0.000192987 0.000293789 0.60354 0.778883 1.94912e-37 0 1.58475e-33 0 8.5582e-30 0 3.50076e-25 0 6.13955e-22 0
43.0282 0.000488419 0.000193912 0.000294507 0.602981 0.776139 1.3701e-35 0 7.17736e-32 0 2.54773e-28 0 6.20537e-24 0 7.55714e-21 0
45.2368 0.000490075 0.00019486 0.000295215 0.602387 0.773324 7.73238e-34 0 2.66649e-30 0 6.35031e-27 0 9.44577e-23 0 8.13161e-20 0
47.5588 0.000491785 0.000195985 0.0002958 0.601482 0.77077 3.54446e-32 0 8.21211e-29 0 1.33794e-25 0 1.24498e-21 0 7.70561e-19 0
50 0.000493518 0.000197094 0.000296425 0.600635 0.767999 1.33176e-30 0 2.1137e-27 0 2.39997e-24 0 1.42943e-20 0 6.46409e-18 0
52.5665 0.000495309 0.000198346 0.000296963 0.599551 0.765377 4.14516e-29 0 4.59082e-26 0 3.69731e-23 0 1.44057e-19 0 4.83318e-17 0
55.2648 0.00049717 0.000199711 0.000297459 0.598304 0.762777 1.07844e-27 0 8.4822e-25 0 4.92745e-22 0 1.28222e-18 0 3.23852e-16 0
58.1015 0.000499072 0.000201145 0.000297927 0.596963 0.760123 2.36554e-26 0 1.34358e-23 0 5.72033e-21 0 1.01393e-17 0 1.95479e-15 0
61.0839 0.000501076 0.000202726 0.000298349 0.595417 0.757514 4.41281e-25 0 1.83895e-22 0 5.8259e-20 0 7.16708e-17 0 1.06873e-14 0
64.2193 0.000503119 0.000204376 0.000298743 0.593782 0.754795 7.05412e-24 0 2.1897e-21 0 5.23695e-19 0 4.55189e-16 0 5.31612e-14 0
67.5157 0.000505289 0.000206167 0.000299123 0.591983 0.752082 9.73923e-23 0 2.28455e-20 0 4.18174e-18 0 2.61199e-15 0 2.41789e-13 0
70.9813 0.000507513 0.00020806 0.000299453 0.59004 0.74923 1.16952e-21 0 2.10164e-19 0 2.98296e-17 0 1.36072e-14 0 1.00977e-12 0
74.6248 0.000509845 0.000210054 0.00029979 0.588003 0.746324 1.22982e-20 0 1.7152e-18 0 1.91131e-16 0 6.46582e-14 0 3.88825e-12 0
78.4553 0.000512327 0.000212211 0.000300116 0.585791 0.743306 1.1402e-19 0 1.24954e-17 0 1.10617e-15 0 2.81595e-13 0 1.38641e-11 0
82.4824 0.000514773 0.000214399 0.000300374 0.583507 0.739953 9.37174e-19 0 8.16587e-17 0 5.80779e-15 0 1.12811e-12 0 4.59193e-11 0
86.7162 0.000517354 0.000216723 0.000300632 0.581095 0.736506 6.87287e-18 0 4.81495e-16 0 2.78085e-14 0 4.17631e-12 0 1.41856e-10 0
91.1674 0.000520143 0.000219239 0.000300904 0.578503 0.733029 4.52338e-17 0 2.57522e-15 0 1.22009e-13 0 1.43461e-11 0 4.10238e-10 0
95.847 0.0005232 0.000221825 0.000301376 0.576024 0.729493 2.68436e-16 0 1.25455e-14 0 4.92332e-13 0 4.58691e-11 0 1.11357e-09 0
100.767 0.0005264 0.000224468 0.000301932 0.573579 0.725797 1.44364e-15 0 5.59227e-14 0 1.83461e-12 0 1.3698e-10 0 2.84593e-09 0
105.939 0.000529444 0.000227387 0.000302057 0.570517 0.721319 7.0764e-15 0 2.29299e-13 0 6.34371e-12 0 3.83712e-10 0 6.87455e-09 0
111.377 0.000531602 0.000230559 0.000301043 0.566293 0.71527 3.17574e-14 0 8.68323e-13 0 2.04277e-11 0 1.01133e-09 0 1.57377e-08 0
117.094 0.000532812 0.000232949 0.000299863 0.562793 0.706379 1.3046e-13 0 3.03503e-12 0 6.11981e-11 0 2.50421e-09 0 3.40816e-08 0
123.105 0.000537112 0.000235739 0.000301373 0.561099 0.700303 4.95172e-13 0 9.87902e-12 0 1.72026e-10 0 5.87253e-09 0 7.03585e-08 0
129.424 0.000544429 0.000238847 0.000305583 0.56129 0.698025 1.74266e-12 0 3.00402e-11 0 4.54986e-10 0 1.30729e-08 0 1.38742e-07 0
136.067 0.000552243 0.000241392 0.000310851 0.562888 0.698136 5.68706e-12 0 8.53112e-11 0 1.13155e-09 0 2.75958e-08 0 2.6097e-07 0
143.051 0.00055836 0.000245206 0.000313154 0.560846 0.697933 1.74018e-11 0 2.28713e-10 0 2.6739e-09 0 5.5794e-08 0 4.72821e-07 0
150.394 0.000559722 0.000250219 0.000309504 0.552959 0.689642 5.0072e-11 0 5.80325e-10 0 6.01714e-09 0 1.08246e-07 0 8.26431e-07 0
158.114 0.000548573 0.00025345 0.000295123 0.537983 0.67578 1.34305e-10 0 1.38107e-09 0 1.27745e-08 0 1.99567e-07 0 1.3797e-06 0
166.23 0.000537613 0.000256432 0.000281181 0.523018 0.638079 3.38957e-10 0 3.11065e-09 0 2.58112e-08 0 3.5259e-07 0 2.21803e-06 0
174.763 0.000546781 0.000260309 0.000286472 0.523924 0.599296 8.10849e-10 0 6.67797e-09 0 4.99729e-08 0 6.0084e-07 0 3.4551e-06 0
183.733 0.000555648 0.000263874 0.000291774 0.525106 0.599472 1.83503e-09 0 1.36345e-08 0 9.24808e-08 0 9.84795e-07 0 5.19943e-06 0
193.164 0.0005719 0.000265461 0.000306439 0.535827 0.589369 3.91475e-09 0 2.6374e-08 0 1.62928e-07 0 1.54573e-06 0 7.52428e-06 0
203.079 0.000600448 0.000249836 0.000350612 0.583917 0.549688 7.4401e-09 0 4.56667e-08 0 2.58112e-07 0 2.19401e-06 0 9.88582e-06 0
213.503 0.000635594 0.000242064 0.00039353 0.619153 0.558789 1.3895e-08 0 7.80557e-08 0 4.05404e-07 0 3.10414e-06 0 1.29956e-05 0
224.463 0.000669702 0.000256609 0.000413092 0.616831 0.609949 2.71633e-08 0 1.4026e-07 0 6.72178e-07 0 4.65989e-06 0 1.81918e-05 0
235.984 0.000657709 0.000256778 0.000400931 0.609587 0.606385 4.8058e-08 0 2.29038e-07 0 1.01679e-06 0 6.41315e-06 0 2.34261e-05 0
248.097 0.000620476 0.000238026 0.000382449 0.616381 0.537562 7.56739e-08 0 3.34178e-07 0 1.37942e-06 0 7.95222e-06 0 2.72683e-05 0
260.832 0.000595707 0.000233177 0.00036253 0.608571 0.500454 1.2122e-07 0 4.97866e-07 0 1.91766e-06 0 1.0149e-05 0 3.27703e-05 0
274.221 0.000529759 0.000223003 0.000306756 0.579048 0.492449 1.82823e-07 0 7.00835e-07 0 2.52745e-06 0 1.23314e-05 0 3.76045e-05 0
288.297 0.000459615 0.000243801 0.000215814 0.469554 0.458773 3.04527e-07 0 1.09325e-06 0 3.70331e-06 0 1.67236e-05 0 4.82998e-05 0
303.095 0.000479333 0.000284971 0.000194362 0.405484 0.266761 5.24834e-07 0 1.77017e-06 0 5.64965e-06 0 2.37037e-05 0 6.50113e-05 0
318.653 0.000598039 0.00032613 0.00027191 0.454669 0.218652 8.58427e-07 0 2.72848e-06 0 8.22864e-06 0 3.21919e-05 0 8.40599e-05 0
335.009 0.000533835 0.000241333 0.000292502 0.547926 0.251129 8.8134e-07 0 2.64756e-06 0 7.56586e-06 0 2.76948e-05 0 6.90192e-05 0
352.206 0.000388522 0.00017714 0.000211383 0.544068 0.23669 8.72592e-07 0 2.48426e-06 0 6.7447e-06 0 2.31765e-05 0 5.52542e-05 0
370.284 0.000402898 0.000210031 0.000192867 0.4787 0.348791 1.35861e-06 0 3.67541e-06 0 9.50427e-06 0 3.07548e-05 0 7.02983e-05 0
389.291 0.000651789 0.000344455 0.000307333 0.471523 0.418027 2.8522e-06 0 7.35032e-06 0 1.81472e-05 0 5.54641e-05 0 0.000121811 0
409.273 0.000895982 0.000376667 0.000519315 0.579604 0.257644 3.89678e-06 0 9.58917e-06 0 2.26552e-05 0 6.55879e-05 0 0.000138686 0
430.282 0.000947376 0.000218421 0.000728955 0.769447 0.165919 2.75883e-06 0 6.49737e-06 0 1.47217e-05 0 4.04812e-05 0 8.25743e-05 0
452.368 0.00100737 0.00015273 0.000854643 0.848388 0.0901597 2.30414e-06 0 5.20479e-06 0 1.13335e-05 0 2.96782e-05 0 5.85099e-05 0
475.588 0.00098965 0.000123486 0.000866165 0.875223 0.0241438 2.17922e-06 0 4.73123e-06 0 9.92076e-06 0 2.48018e-05 0 4.73432e-05 0
500 0.000963547 0.000121398 0.000842149 0.874009 -0.0238962 2.4569e-06 0 5.13689e-06 0 1.03922e-05 0 2.48632e-05 0 4.60324e-05 0
525.665 0.00101485 0.000157057 0.000857794 0.845241 -0.0288886 3.57722e-06 0 7.21639e-06 0 1.41111e-05 0 3.23832e-05 0 5.82475e-05 0
552.648 0.00124446 0.000259282 0.000985179 0.791651 0.0625196 6.52833e-06 0 1.27298e-05 0 2.41021e-05 0 5.31721e-05 0 9.30634e-05 0
581.015 0.00141902 0.000369989 0.00104903 0.739265 0.277911 1.01247e-05 0 1.91162e-05 0 3.51039e-05 0 7.46055e-05 0 0.000127252 0
610.838 0.000883073 0.00023886 0.000644214 0.729513 0.466517 6.99029e-06 0 1.28007e-05 0 2.28354e-05 0 4.6848e-05 0 7.79852e-05 0
642.193 0.000470821 0.000115649 0.000355171 0.754366 0.502656 3.56459e-06 0 6.34097e-06 0 1.10058e-05 0 2.18381e-05 0 3.55275e-05 0
675.157 0.000289377 6.24001e-05 0.000226976 0.784363 0.45628 1.99647e-06 0 3.45526e-06 0 5.84355e-06 0 1.12354e-05 0 1.78872e-05 0
709.813 0.000198615 3.83167e-05 0.000160299 0.807081 0.393538 1.25517e-06 0 2.11654e-06 0 3.49276e-06 0 6.51883e-06 0 1.01689e-05 0
746.247 0.00014527 2.5923e-05 0.000119347 0.821553 0.336658 8.58187e-07 0 1.41194e-06 0 2.27664e-06 0 4.13163e-06 0 6.32263e-06 0
784.553 0.000109941 1.87132e-05 9.1228e-05 0.829789 0.289196 6.18403e-07 0 9.94034e-07 0 1.56811e-06 0 2.77161e-06 0 4.16558e-06 0
824.824 8.49521e-05 1.4153e-05 7.07991e-05 0.8334 0.250193 4.6146e-07 0 7.25631e-07 0 1.12132e-06 0 1.93322e-06 0 2.85668e-06 0
867.162 6.65523e-05 1.10652e-05 5.54871e-05 0.833737 0.21798 3.52059e-07 0 5.4223e-07 0 8.21764e-07 0 1.384e-06 0 2.01279e-06 0
911.674 5.27016e-05 8.87636e-06 4.38252e-05 0.831573 0.191163 2.72738e-07 0 4.11916e-07 0 6.12934e-07 0 1.00982e-06 0 1.4468e-06 0
958.471 4.20547e-05 7.27362e-06 3.47811e-05 0.827044 0.168519 2.1372e-07 0 3.16878e-07 0 4.63451e-07 0 7.47908e-07 0 1.05661e-06 0
1007.67 3.37498e-05 6.04641e-06 2.77034e-05 0.820846 0.149159 1.68327e-07 0 2.45271e-07 0 3.52947e-07 0 5.58615e-07 0 7.78853e-07 0
1059.39 2.72544e-05 5.11196e-06 2.21424e-05 0.812435 0.132467 1.33663e-07 0 1.91599e-07 0 2.71537e-07 0 4.21994e-07 0 5.81137e-07 0
1113.77 2.21115e-05 4.36041e-06 1.77511e-05 0.802799 0.117992 1.06205e-07 0 1.49913e-07 0 2.09434e-07 0 3.19951e-07 0 4.3553e-07 0
1170.94 1.80024e-05 3.74348e-06 1.42589e-05 0.792056 0.105335 8.42808e-08 0 1.17255e-07 0 1.61618e-07 0 2.42964e-07 0 3.27155e-07 0
1231.05 1.47145e-05 3.23864e-06 1.14759e-05 0.779902 0.0942385 6.69095e-08 0 9.18291e-08 0 1.24981e-07 0 1.85075e-07 0 2.46677e-07 0
1294.24 1.20931e-05 2.83532e-06 9.2578e-06 0.765543 0.0844565 5.33861e-08 0 7.23382e-08 0 9.7292e-08 0 1.42048e-07 0 1.87527e-07 0
1360.67 9.9718e-06 2.49314e-06 7.47867e-06 0.749981 0.0757847 4.2509e-08 0 5.69124e-08 0 7.56972e-08 0 1.09063e-07 0 1.42695e-07 0
1430.51 8.24606e-06 2.19793e-06 6.04812e-06 0.733457 0.0680768 3.37314e-08 0 4.46546e-08 0 5.87762e-08 0 8.36362e-08 0 1.08511e-07 0
1503.94 6.83937e-06 1.94253e-06 4.89684e-06 0.715978 0.0612116 2.66815e-08 0 3.49503e-08 0 4.55545e-08 0 6.40704e-08 0 8.2473e-08 0
1581.14 5.7096e-06 1.73832e-06 3.97128e-06 0.695545 0.0550889 2.12563e-08 0 2.75689e-08 0 3.56049e-08 0 4.95318e-08 0 6.32886e-08 0
1662.3 4.78083e-06 1.558e-06 3.22282e-06 0.674114 0.0496095 1.68761e-08 0 2.16853e-08 0 2.7766e-08 0 3.82324e-08 0 4.85131e-08 0
1747.63 4.01456e-06 1.3976e-06 2.61696e-06 0.651866 0.0446988 1.33475e-08 0 1.70022e-08 0 2.15944e-08 0 2.94498e-08 0 3.71263e-08 0
1837.33 3.38157e-06 1.2543e-06 2.12727e-06 0.629077 0.0402994 1.05154e-08 0 1.32855e-08 0 1.67465e-08 0 2.26332e-08 0 2.8359e-08 0
1931.64 2.85639e-06 1.12553e-06 1.73085e-06 0.605959 0.0363525 8.24898e-09 0 1.03424e-08 0 1.29444e-08 0 1.73471e-08 0 2.16113e-08 0
2030.79 2.4218e-06 1.01306e-06 1.40874e-06 0.581691 0.0328008 6.46575e-09 0 8.04851e-09 0 1.00065e-08 0 1.33038e-08 0 1.64851e-08 0
2135.03 2.06651e-06 9.19688e-07 1.14682e-06 0.554956 0.0296001 5.09322e-09 0 6.29738e-09 0 7.78059e-09 0 1.02676e-08 0 1.26586e-08 0
2244.63 1.76943e-06 8.34761e-07 9.3467e-07 0.528232 0.0267252 3.9977e-09 0 4.91168e-09 0 6.03304e-09 0 7.90589e-09 0 9.7007e-09 0
2359.84 1.51905e-06 7.57043e-07 7.62004e-07 0.501633 0.0241349 3.12523e-09 0 3.81702e-09 0 4.66273e-09 0 6.07016e-09 0 7.41502e-09 0
2480.97 1.30729e-06 6.85972e-07 6.21322e-07 0.475273 0.0217991 2.43379e-09 0 2.95602e-09 0 3.59236e-09 0 4.64792e-09 0 5.65388e-09 0
2608.32 1.13328e-06 6.26475e-07 5.06804e-07 0.447201 0.0196949 1.90494e-09 0 2.30163e-09 0 2.78357e-09 0 3.58064e-09 0 4.33844e-09 0
2742.21 9.85616e-07 5.71857e-07 4.13759e-07 0.419797 0.0178003 1.48636e-09 0 1.7871e-09 0 2.15148e-09 0 2.7525e-09 0 3.32267e-09 0
2882.96 8.5907e-07 5.21262e-07 3.37808e-07 0.393225 0.0160893 1.15526e-09 0 1.38263e-09 0 1.65743e-09 0 2.1096e-09 0 2.5377e-09 0
3030.95 7.51201e-07 4.75408e-07 2.75793e-07 0.367136 0.0145433 8.96336e-10 0 1.06812e-09 0 1.27527e-09 0 1.61538e-09 0 1.9368e-09 0
3186.53 6.62272e-07 4.37011e-07 2.25262e-07 0.340135 0.0131467 6.99413e-10 0 8.30078e-10 0 9.87325e-10 0 1.24498e-09 0 1.48808e-09 0
3350.09 5.85317e-07 4.01251e-07 1.84066e-07 0.314472 0.0118864 5.44013e-10 0 6.43186e-10 0 7.62316e-10 0 9.57155e-10 0 1.14072e-09 0
3522.05 5.18241e-07 3.67847e-07 1.50394e-07 0.290201 0.0107471 4.21675e-10 0 4.96762e-10 0 5.86806e-10 0 7.33832e-10 0 8.72165e-10 0
3702.84 4.59461e-07 3.3659e-07 1.22871e-07 0.267424 0.00971722 3.25645e-10 0 3.8234e-10 0 4.50225e-10 0 5.60904e-10 0 6.64913e-10 0
3892.91 4.07819e-07 3.07355e-07 1.00464e-07 0.246344 0.00878842 2.50544e-10 0 2.93232e-10 0 3.44275e-10 0 4.27382e-10 0 5.05393e-10 0
4092.73 3.63763e-07 2.81623e-07 8.21404e-08 0.225807 0.00794836 1.93115e-10 0 2.25345e-10 0 2.63835e-10 0 3.26425e-10 0 3.85119e-10 0
4302.81 3.26532e-07 2.59384e-07 6.71482e-08 0.205641 0.00718816 1.49399e-10 0 1.73844e-10 0 2.03003e-10 0 2.50368e-10 0 2.94744e-10 0
4523.68 2.93369e-07 2.38472e-07 5.48966e-08 0.187125 0.006501 1.15208e-10 0 1.33705e-10 0 1.55746e-10 0 1.91511e-10 0 2.24993e-10 0
4755.88 2.63723e-07 2.18815e-07 4.49084e-08 0.170286 0.00588078 8.85498e-11 0 1.0251e-10 0 1.19131e-10 0 1.46077e-10 0 1.71283e-10 0
5000 2.37155e-07 2.00424e-07 3.6731e-08 0.154882 0.00531957 6.78552e-11 0 7.8369e-11 0 9.08754e-11 0 1.11134e-10 0 1.30072e-10 0
