# 4.7315e-05 0 125 : grain size, compostion index, size index
# Heating and cooling timescale: 0.00085811 1.89916e+06
# Ratio of heating to cooling to determine stochastic cutoff: 100
# Equilibrium emission is recorded even for those grains in the stochastic regime.
# Emission spectrum was computed for: 
# Type: IRSF
# Scales: 0.25 0.5 1 1.5 2 2.5 3 3.5 4 4.5 5 5.5 6 6.5 7 7.5 8 8.5 9 9.5 10
# StochasticallyHeated: 0 0 0 0 0 0 0 0 0 0 0 0 0 0 0 0 0 0 0 0 0
# Temperature: -1
# Wavelength  CExt  CAbs  CSca  Albedo G EqEm1 StEm1 EqEm2 StEm2 EqEm3 StEm3 EqEm4 StEm4 EqEm5 StEm5 EqEm6 StEm6 EqEm7 StEm7 EqEm8 StEm8 EqEm9 StEm9 EqEm10 StEm10 EqEm11 StEm11 EqEm12 StEm12 EqEm13 StEm13 EqEm14 StEm14 EqEm15 StEm15 EqEm16 StEm16 EqEm17 StEm17 EqEm18 StEm18 EqEm19 StEm19 EqEm20 StEm20 EqEm21 StEm21
0.05 3.91802e-09 1.5134e-09 2.40462e-09 0.613734 0.00576547 0 0 0 0 0 0 0 0 0 0 0 0 0 0 0 0 0 0 0 0 0 0 0 0 0 0 0 0 0 0 0 0 0 0 0 0 0 0 0 0 0 0
0.0525665 4.33057e-09 1.67275e-09 2.65782e-09 0.613734 0.00637255 0 0 0 0 0 0 0 0 0 0 0 0 0 0 0 0 0 0 0 0 0 0 0 0 0 0 0 0 0 0 0 0 0 0 0 0 0 0 0 0 0 0
0.0552647 4.78656e-09 1.84889e-09 2.93767e-09 0.613734 0.00704355 0 0 0 0 0 0 0 0 0 0 0 0 0 0 0 0 0 0 0 0 0 0 0 0 0 0 0 0 0 0 0 0 0 0 0 0 0 0 0 0 0 0
0.0581015 5.29056e-09 2.04356e-09 3.24699e-09 0.613734 0.0077852 0 0 0 0 0 0 0 0 0 0 0 0 0 0 0 0 0 0 0 0 0 0 0 0 0 0 0 0 0 0 0 0 0 0 0 0 0 0 0 0 0 0
0.0610839 5.84763e-09 2.25874e-09 3.58889e-09 0.613734 0.00860494 0 0 0 0 0 0 0 0 0 0 0 0 0 0 0 0 0 0 0 0 0 0 0 0 0 0 0 0 0 0 0 0 0 0 0 0 0 0 0 0 0 0
0.0642193 6.46335e-09 2.49658e-09 3.96678e-09 0.613734 0.009511 0 0 0 0 0 0 0 0 0 0 0 0 0 0 0 0 0 0 0 0 0 0 0 0 0 0 0 0 0 0 0 0 0 0 0 0 0 0 0 0 0 0
0.0675157 7.14391e-09 2.75945e-09 4.38446e-09 0.613734 0.0105125 0 0 0 0 0 0 0 0 0 0 0 0 0 0 0 0 0 0 0 0 0 0 0 0 0 0 0 0 0 0 0 0 0 0 0 0 0 0 0 0 0 0
0.0709813 7.89613e-09 3.05001e-09 4.84612e-09 0.613734 0.0116194 0 0 0 0 0 0 0 0 0 0 0 0 0 0 0 0 0 0 0 0 0 0 0 0 0 0 0 0 0 0 0 0 0 0 0 0 0 0 0 0 0 0
0.0746248 8.72756e-09 3.37116e-09 5.3564e-09 0.613734 0.0128428 0 0 0 0 0 0 0 0 0 0 0 0 0 0 0 0 0 0 0 0 0 0 0 0 0 0 0 0 0 0 0 0 0 0 0 0 0 0 0 0 0 0
0.0784553 9.64652e-09 3.72613e-09 5.9204e-09 0.613734 0.0141951 0 0 0 0 0 0 0 0 0 0 0 0 0 0 0 0 0 0 0 0 0 0 0 0 0 0 0 0 0 0 0 0 0 0 0 0 0 0 0 0 0 0
0.0824824 1.06623e-08 4.11847e-09 6.54379e-09 0.613734 0.0156898 0 0 0 0 0 0 0 0 0 0 0 0 0 0 0 0 0 0 0 0 0 0 0 0 0 0 0 0 0 0 0 0 0 0 0 0 0 0 0 0 0 0
0.0867162 1.17849e-08 4.55213e-09 7.23282e-09 0.613734 0.0173419 0 0 0 0 0 0 0 0 0 0 0 0 0 0 0 0 0 0 0 0 0 0 0 0 0 0 0 0 0 0 0 0 0 0 0 0 0 0 0 0 0 0
0.0911674 1.30258e-08 5.03144e-09 7.9944e-09 0.613734 0.0191679 0 0 0 0 0 0 0 0 0 0 0 0 0 0 0 0 0 0 0 0 0 0 0 0 0 0 0 0 0 0 0 0 0 0 0 0 0 0 0 0 0 0
0.095847 1.43974e-08 5.56123e-09 8.83617e-09 0.613734 0.0211862 0 0 0 0 0 0 0 0 0 0 0 0 0 0 0 0 0 0 0 0 0 0 0 0 0 0 0 0 0 0 0 0 0 0 0 0 0 0 0 0 0 0
0.100767 1.56649e-08 6.09683e-09 9.56803e-09 0.610796 0.0235692 0 0 0 0 0 0 0 0 0 0 0 0 0 0 0 0 0 0 0 0 0 0 0 0 0 0 0 0 0 0 0 0 0 0 0 0 0 0 0 0 0 0
0.105939 1.56434e-08 6.34974e-09 9.29363e-09 0.594094 0.0256046 0 0 0 0 0 0 0 0 0 0 0 0 0 0 0 0 0 0 0 0 0 0 0 0 0 0 0 0 0 0 0 0 0 0 0 0 0 0 0 0 0 0
0.111377 1.56681e-08 6.42428e-09 9.24382e-09 0.589977 0.0289403 0 0 0 0 0 0 0 0 0 0 0 0 0 0 0 0 0 0 0 0 0 0 0 0 0 0 0 0 0 0 0 0 0 0 0 0 0 0 0 0 0 0
0.117094 1.56537e-08 6.64136e-09 9.01231e-09 0.575731 0.0274507 0 0 0 0 0 0 0 0 0 0 0 0 0 0 0 0 0 0 0 0 0 0 0 0 0 0 0 0 0 0 0 0 0 0 0 0 0 0 0 0 0 0
0.123105 1.56752e-08 6.9114e-09 8.7638e-09 0.559087 0.0236555 0 0 0 0 0 0 0 0 0 0 0 0 0 0 0 0 0 0 0 0 0 0 0 0 0 0 0 0 0 0 0 0 0 0 0 0 0 0 0 0 0 0
0.129424 1.57163e-08 7.13467e-09 8.58163e-09 0.546034 0.0199126 0 0 0 0 0 0 0 0 0 0 0 0 0 0 0 0 0 0 0 0 0 0 0 0 0 0 0 0 0 0 0 0 0 0 0 0 0 0 0 0 0 0
0.136067 1.57577e-08 7.32141e-09 8.43632e-09 0.535377 0.0168557 0 0 0 0 0 0 0 0 0 0 0 0 0 0 0 0 0 0 0 0 0 0 0 0 0 0 0 0 0 0 0 0 0 0 0 0 0 0 0 0 0 0
0.143051 1.57889e-08 7.48259e-09 8.30627e-09 0.526084 0.0143876 0 0 0 0 0 0 0 0 0 0 0 0 0 0 0 0 0 0 0 0 0 0 0 0 0 0 0 0 0 0 0 0 0 0 0 0 0 0 0 0 0 0
0.150394 1.57933e-08 7.61217e-09 8.18114e-09 0.518013 0.0122986 0 0 0 0 0 0 0 0 0 0 0 0 0 0 0 0 0 0 0 0 0 0 0 0 0 0 0 0 0 0 0 0 0 0 0 0 0 0 0 0 0 0
0.158114 1.57447e-08 7.68324e-09 8.06142e-09 0.51201 0.01055 0 0 0 0 0 0 0 0 0 0 0 0 0 0 0 0 0 0 0 0 0 0 0 0 0 0 0 0 0 0 0 0 0 0 0 0 0 0 0 0 0 0
0.16623 1.56329e-08 7.65225e-09 7.9806e-09 0.510502 0.00908216 0 0 0 0 0 0 0 0 0 0 0 0 0 0 0 0 0 0 0 0 0 0 0 0 0 0 0 0 0 0 0 0 0 0 0 0 0 0 0 0 0 0
0.174762 1.55246e-08 7.50991e-09 8.01471e-09 0.516258 0.00782097 0 0 0 0 0 0 0 0 0 0 0 0 0 0 0 0 0 0 0 0 0 0 0 0 0 0 0 0 0 0 0 0 0 0 0 0 0 0 0 0 0 0
0.183733 1.55295e-08 7.25814e-09 8.27136e-09 0.532623 0.00667218 0 0 0 0 0 0 0 0 0 0 0 0 0 0 0 0 0 0 0 0 0 0 0 0 0 0 0 0 0 0 0 0 0 0 0 0 0 0 0 0 0 0
0.193164 1.57378e-08 6.90509e-09 8.83273e-09 0.561242 0.00556038 0 0 0 0 0 0 0 0 0 0 0 0 0 0 0 0 0 0 0 0 0 0 0 0 0 0 0 0 0 0 0 0 0 0 0 0 0 0 0 0 0 0
0.203079 1.61098e-08 6.53773e-09 9.57206e-09 0.594176 0.00446034 0 0 0 0 0 0 0 0 0 0 0 0 0 0 0 0 0 0 0 0 0 0 0 0 0 0 0 0 0 0 0 0 0 0 0 0 0 0 0 0 0 0
0.213503 1.6563e-08 6.26954e-09 1.02935e-08 0.621473 0.00342932 0 0 0 0 0 0 0 0 0 0 0 0 0 0 0 0 0 0 0 0 0 0 0 0 0 0 0 0 0 0 0 0 0 0 0 0 0 0 0 0 0 0
0.224463 1.70196e-08 6.15232e-09 1.08673e-08 0.638515 0.00254317 0 0 0 0 0 0 0 0 0 0 0 0 0 0 0 0 0 0 0 0 0 0 0 0 0 0 0 0 0 0 0 0 0 0 0 0 0 0 0 0 0 0
0.235984 1.73727e-08 6.13703e-09 1.12356e-08 0.646742 0.00182186 0 0 0 0 0 0 0 0 0 0 0 0 0 0 0 0 0 0 0 0 0 0 0 0 0 0 0 0 0 0 0 0 0 0 0 0 0 0 0 0 0 0
0.248097 1.75382e-08 6.15159e-09 1.13866e-08 0.649247 0.00138916 0 0 0 0 0 0 0 0 0 0 0 0 0 0 0 0 0 0 0 0 0 0 0 0 0 0 0 0 0 0 0 0 0 0 0 0 0 0 0 0 0 0
0.260832 1.74956e-08 6.19017e-09 1.13055e-08 0.646188 0.00141961 0 0 0 0 0 0 0 0 0 0 0 0 0 0 0 0 0 0 0 0 0 0 0 0 0 0 0 0 0 0 0 0 0 0 0 0 0 0 0 0 0 0
0.274221 1.73267e-08 6.30377e-09 1.1023e-08 0.636182 0.00187131 0 0 0 0 0 0 0 0 0 0 0 0 0 0 0 0 0 0 0 0 0 0 0 0 0 0 0 0 0 0 0 0 0 0 0 0 0 0 0 0 0 0
0.288297 1.71696e-08 6.51855e-09 1.0651e-08 0.620343 0.00251556 0 0 0 0 0 0 0 0 0 0 0 0 0 0 0 0 0 0 0 0 0 0 0 0 0 0 0 0 0 0 0 0 0 0 0 0 0 0 0 0 0 0
0.303095 1.71046e-08 6.78715e-09 1.03175e-08 0.603198 0.0028362 0 0 0 0 0 0 0 0 0 0 0 0 0 0 0 0 0 0 0 0 0 0 0 0 0 0 0 0 0 0 0 0 0 0 0 0 0 0 0 0 0 0
0.318653 1.71209e-08 7.04574e-09 1.00752e-08 0.588471 0.00297223 0 0 0 0 0 0 0 0 0 0 0 0 0 0 0 0 0 0 0 0 0 0 0 0 0 0 0 0 0 0 0 0 0 0 0 0 0 0 0 0 0 0
0.335009 1.71833e-08 7.26527e-09 9.918e-09 0.577189 0.00293231 0 0 0 0 0 0 0 0 0 0 0 0 0 0 0 0 0 0 0 0 0 0 0 0 0 0 0 0 0 0 0 0 0 0 0 0 0 0 0 0 0 0
0.352205 1.72698e-08 7.44066e-09 9.82916e-09 0.569152 0.00278811 0 0 0 0 0 0 0 0 0 0 0 0 0 0 0 0 0 0 0 0 0 0 0 0 0 0 0 0 0 0 0 0 0 0 0 0 0 0 0 0 0 0
0.370284 1.73682e-08 7.57743e-09 9.79082e-09 0.56372 0.00261033 0 0 0 0 0 0 0 0 0 0 0 0 0 0 0 0 0 0 0 0 0 0 0 0 0 0 0 0 0 0 0 0 0 0 0 0 0 0 0 0 0 0
0.389291 1.74721e-08 7.68348e-09 9.78858e-09 0.560242 0.00243645 0 0 0 0 0 0 0 0 0 0 0 0 0 0 0 0 0 0 0 0 0 0 0 0 0 0 0 0 0 0 0 0 0 0 0 0 0 0 0 0 0 0
0.409273 1.75786e-08 7.77087e-09 9.80773e-09 0.557936 0.00226652 0 0 0 0 0 0 0 0 0 0 0 0 0 0 0 0 0 0 0 0 0 0 0 0 0 0 0 0 0 0 0 0 0 0 0 0 0 0 0 0 0 0
0.430281 1.76844e-08 7.84776e-09 9.83664e-09 0.556232 0.00210471 0 0 0 0 0 0 0 0 0 0 0 0 0 0 0 0 0 0 0 0 0 0 0 0 0 0 0 0 0 0 0 0 0 0 0 0 0 0 0 0 0 0
0.452368 1.77911e-08 7.92314e-09 9.86793e-09 0.554656 0.00193723 0 0 0 0 0 0 0 0 0 0 0 0 0 0 0 0 0 0 0 0 0 0 0 0 0 0 0 0 0 0 0 0 0 0 0 0 0 0 0 0 0 0
0.475588 1.7898e-08 8.00106e-09 9.89698e-09 0.552964 0.00177642 0 0 0 0 0 0 0 0 0 0 0 0 0 0 0 0 0 0 0 0 0 0 0 0 0 0 0 0 0 0 0 0 0 0 0 0 0 0 0 0 0 0
0.5 1.80048e-08 8.08138e-09 9.92339e-09 0.551154 0.00162159 0 0 0 0 0 0 0 0 0 0 0 0 0 0 0 0 0 0 0 0 0 0 0 0 0 0 0 0 0 0 0 0 0 0 0 0 0 0 0 0 0 0
0.525665 1.81168e-08 8.16803e-09 9.94875e-09 0.549146 0.0014751 0 0 0 0 0 0 0 0 0 0 0 0 0 0 0 0 0 0 0 0 0 0 0 0 0 0 0 0 0 0 0 0 0 0 0 0 0 0 0 0 0 0
0.552648 1.82319e-08 8.25902e-09 9.97292e-09 0.547003 0.00134175 0 0 0 0 0 0 0 0 0 0 0 0 0 0 0 0 0 0 0 0 0 0 0 0 0 0 0 0 0 0 0 0 0 0 0 0 0 0 0 0 0 0
0.581015 1.83478e-08 8.34827e-09 9.99949e-09 0.544998 0.00121775 0 0 0 0 0 0 0 0 0 0 0 0 0 0 0 0 0 0 0 0 0 0 0 0 0 0 0 0 0 0 0 0 0 0 0 0 0 0 0 0 0 0
0.610839 1.84716e-08 8.43943e-09 1.00321e-08 0.543113 0.00110516 0 0 0 0 0 0 0 0 0 0 0 0 0 0 0 0 0 0 0 0 0 0 0 0 0 0 0 0 0 0 0 0 0 0 0 0 0 0 0 0 0 0
0.642193 1.8603e-08 8.53486e-09 1.00681e-08 0.541211 0.00100302 0 0 0 0 0 0 0 0 0 0 0 0 0 0 0 0 0 0 0 0 0 0 0 0 0 0 0 0 0 0 0 0 0 0 0 0 0 0 0 0 0 0
0.675157 1.87317e-08 8.62464e-09 1.0107e-08 0.539569 0.000910957 0 0 0 0 0 0 0 0 0 0 0 0 0 0 0 0 0 0 0 0 0 0 0 0 0 0 0 0 0 0 0 0 0 0 0 0 0 0 0 0 0 0
0.709813 1.88605e-08 8.70513e-09 1.01554e-08 0.538448 0.00082817 0 0 0 0 0 0 0 0 0 0 0 0 0 0 0 0 0 0 0 0 0 0 0 0 0 0 0 0 0 0 0 0 0 0 0 0 0 0 0 0 0 0
0.746248 1.89991e-08 8.78579e-09 1.02133e-08 0.537568 0.000754183 0 0 0 0 0 0 0 0 0 0 0 0 0 0 0 0 0 0 0 0 0 0 0 0 0 0 0 0 0 0 0 0 0 0 0 0 0 0 0 0 0 0
0.784553 1.91492e-08 8.87247e-09 1.02768e-08 0.536667 0.000686995 0 0 0 0 0 0 0 0 0 0 0 0 0 0 0 0 0 0 0 0 0 0 0 0 0 0 0 0 0 0 0 0 0 0 0 0 0 0 0 0 0 0
0.824824 1.92934e-08 8.95531e-09 1.03381e-08 0.535835 0.000626788 0 0 0 0 0 0 0 0 0 0 0 0 0 0 0 0 0 0 0 0 0 0 0 0 0 0 0 0 0 0 0 0 0 0 0 0 0 0 0 0 0 0
0.867162 1.94208e-08 9.0199e-09 1.04009e-08 0.535555 0.000572518 0 0 0 0 0 0 0 0 0 0 0 0 0 0 0 0 0 0 0 0 0 0 0 0 0 0 0 0 0 0 0 0 0 0 0 0 0 0 0 0 0 0
0.911674 1.95463e-08 9.07089e-09 1.04755e-08 0.535929 0.000523427 0 0 0 0 0 0 0 0 0 0 0 0 0 0 0 0 0 0 0 0 0 0 0 0 0 0 0 0 0 0 0 0 0 0 0 0 0 0 0 0 0 0
0.95847 1.9693e-08 9.12818e-09 1.05648e-08 0.536476 0.00047944 0 0 0 0 0 0 0 0 0 0 0 0 0 0 0 0 0 0 0 0 0 0 0 0 0 0 0 0 0 0 0 0 0 0 0 0 0 0 0 0 0 0
1.00767 1.98598e-08 9.20383e-09 1.0656e-08 0.536559 0.0004395 0 0 0 0 0 0 0 0 0 0 0 0 0 0 0 0 0 0 0 0 0 0 0 0 0 0 0 0 0 0 0 0 0 0 0 0 0 0 0 0 0 0
1.05939 2.00209e-08 9.28659e-09 1.07343e-08 0.536155 0.000403275 0 0 0 0 0 0 0 0 0 0 0 0 0 0 0 0 0 0 0 0 0 0 0 0 0 0 0 0 0 0 0 0 0 0 0 0 0 0 0 0 0 0
1.11377 2.01436e-08 9.3505e-09 1.07931e-08 0.535807 0.000370298 0 0 0 0 0 0 0 0 0 0 0 0 0 0 0 0 0 0 0 0 0 0 0 0 0 0 0 0 0 0 0 0 0 0 0 0 0 0 0 0 0 0
1.17094 2.0226e-08 9.38153e-09 1.08445e-08 0.536165 0.000339515 0 0 0 0 0 0 0 0 0 0 0 0 0 0 0 0 0 0 0 0 0 0 0 0 0 0 0 0 0 0 0 0 0 0 0 0 0 0 0 0 0 0
1.23105 2.02996e-08 9.38941e-09 1.09102e-08 0.537459 0.000311294 0 0 0 0 0 0 0 0 0 0 0 0 0 0 0 0 0 0 0 0 0 0 0 0 0 0 0 0 0 0 0 0 0 0 0 0 0 0 0 0 0 0
1.29424 2.04086e-08 9.40518e-09 1.10034e-08 0.539157 0.000285362 0 0 0 0 0 0 0 0 0 0 0 0 0 0 0 0 0 0 0 0 0 0 0 0 0 0 0 0 0 0 0 0 0 0 0 0 0 0 0 0 0 0
1.36067 2.05742e-08 9.4566e-09 1.11176e-08 0.540367 0.000261742 0 0 0 0 0 0 0 0 0 0 0 0 0 0 0 0 0 0 0 0 0 0 0 0 0 0 0 0 0 0 0 0 0 0 0 0 0 0 0 0 0 0
1.43051 2.07764e-08 9.54945e-09 1.12269e-08 0.540369 0.000240209 0 0 0 0 0 0 0 0 0 0 0 0 0 0 0 0 0 0 0 0 0 0 0 0 0 0 0 0 0 0 0 0 0 0 0 0 0 0 0 0 0 0
1.50394 2.09662e-08 9.66479e-09 1.13014e-08 0.53903 0.000220279 0 0 0 0 0 0 0 0 0 0 0 0 0 0 0 0 0 0 0 0 0 0 0 0 0 0 0 0 0 0 0 0 0 0 0 0 0 0 0 0 0 0
1.58114 2.10877e-08 9.76879e-09 1.13189e-08 0.536754 0.000201732 0 0 0 0 0 0 0 0 0 0 0 0 0 0 0 0 0 0 0 0 0 0 0 0 0 0 0 0 0 0 0 0 0 0 0 0 0 0 0 0 0 0
1.6623 2.11082e-08 9.82866e-09 1.12796e-08 0.534369 0.000184534 0 0 0 0 0 0 0 0 0 0 0 0 0 0 0 0 0 0 0 0 0 0 0 0 0 0 0 0 0 0 0 0 0 0 0 0 0 0 0 0 0 0
1.74763 2.10368e-08 9.83047e-09 1.12063e-08 0.532701 0.000169005 0 0 0 0 0 0 0 0 0 0 0 0 0 0 0 0 0 0 0 0 0 0 0 0 0 0 0 0 0 0 0 0 0 0 0 0 0 0 0 0 0 0
1.83733 2.09186e-08 9.78332e-09 1.11353e-08 0.532315 0.000154804 0 0 0 0 0 0 0 0 0 0 0 0 0 0 0 0 0 0 0 0 0 0 0 0 0 0 0 0 0 0 0 0 0 0 0 0 0 0 0 0 0 0
1.93164 2.0823e-08 9.71894e-09 1.1104e-08 0.533258 0.000141793 0 0 0 0 0 0 0 0 0 0 0 0 0 0 0 0 0 0 0 0 0 0 0 0 0 0 0 0 0 0 0 0 0 0 0 0 0 0 0 0 0 0
2.03079 2.08123e-08 9.67561e-09 1.11367e-08 0.535102 0.000129725 0 0 0 0 0 0 0 0 0 0 0 0 0 0 0 0 0 0 0 0 0 0 0 0 0 0 0 0 0 0 0 0 0 0 0 0 0 0 0 0 0 0
2.13503 2.09247e-08 9.68702e-09 1.12377e-08 0.537054 0.000118657 0 0 0 0 0 0 0 0 0 0 0 0 0 0 0 0 0 0 0 0 0 0 0 0 0 0 0 0 0 0 0 0 0 0 0 0 0 0 0 0 0 0
2.24463 2.11616e-08 9.77065e-09 1.1391e-08 0.538284 0.000108569 0 0 0 0 0 0 0 0 0 0 0 0 0 0 0 0 0 0 0 0 0 0 0 0 0 0 0 0 0 0 0 0 0 0 0 0 0 0 0 0 0 0
2.35984 2.15013e-08 9.93061e-09 1.15707e-08 0.53814 9.92926e-05 0 0 0 0 0 0 0 0 0 0 0 0 0 0 0 0 0 0 0 0 0 0 0 0 0 0 0 0 0 0 0 0 0 0 0 0 0 0 0 0 0 0
2.48097 2.18983e-08 1.01554e-08 1.17429e-08 0.536247 9.07218e-05 0 0 0 0 0 0 0 0 0 0 0 0 0 0 0 0 0 0 0 0 0 0 0 0 0 0 0 0 0 0 0 0 0 0 0 0 0 0 0 0 0 0
2.60832 2.22934e-08 1.04216e-08 1.18718e-08 0.532524 8.27967e-05 0 0 0 0 0 0 0 0 0 0 0 0 0 0 0 0 0 0 0 0 0 0 0 0 0 0 0 0 0 0 0 0 0 0 0 0 0 0 0 0 0 0
2.74221 2.26165e-08 1.06994e-08 1.19171e-08 0.526921 7.55862e-05 0 0 0 0 0 0 0 0 0 0 0 0 0 0 0 0 0 0 0 0 0 0 0 0 0 0 0 0 0 0 0 0 0 0 0 0 0 0 0 0 0 0
2.88297 2.27955e-08 1.0951e-08 1.18446e-08 0.5196 6.90729e-05 0 0 0 0 0 0 0 0 0 0 0 0 0 0 0 0 0 0 0 0 0 0 0 0 0 0 0 0 0 0 0 0 0 0 0 0 0 0 0 0 0 0
3.03095 2.27525e-08 1.11356e-08 1.16169e-08 0.510576 6.31538e-05 0 0 0 0 0 0 0 0 0 0 0 0 0 0 0 0 0 0 0 0 0 0 0 0 0 0 0 0 0 0 0 0 0 0 0 0 0 0 0 0 0 0
3.18653 2.24183e-08 1.12154e-08 1.12029e-08 0.499721 5.76567e-05 0 0 0 0 0 0 0 0 0 0 0 0 0 0 0 0 0 0 0 0 0 0 0 0 0 0 0 0 0 0 0 0 0 0 0 0 0 0 0 0 0 0
3.35009 2.1757e-08 1.11678e-08 1.05892e-08 0.486702 5.2603e-05 0 0 0 0 0 0 0 0 0 0 0 0 0 0 0 0 0 0 0 0 0 0 0 0 0 0 0 0 0 0 0 0 0 0 0 0 0 0 0 0 0 0
3.52205 2.07675e-08 1.0988e-08 9.77953e-09 0.470905 4.80102e-05 0 0 0 0 0 0 0 0 0 0 0 0 0 0 0 0 0 0 0 0 0 0 0 0 0 0 0 0 0 0 0 0 0 0 0 0 0 0 0 0 0 0
3.70284 1.95095e-08 1.06991e-08 8.81034e-09 0.451593 4.38066e-05 0 0 0 0 0 0 0 0 0 0 0 0 0 0 0 0 0 0 0 0 0 0 0 0 0 0 0 0 0 0 0 0 0 0 0 0 0 0 0 0 0 0
3.89291 1.80876e-08 1.03444e-08 7.74325e-09 0.428097 3.9926e-05 0 0 0 0 0 0 0 0 0 0 0 0 0 0 0 0 0 0 0 0 0 0 0 0 0 0 0 0 0 0 0 0 0 0 0 0 0 0 0 0 0 0
4.09273 1.66148e-08 9.96556e-09 6.64926e-09 0.4002 3.62643e-05 0 0 0 0 0 0 0 0 0 0 0 0 0 0 0 0 0 0 0 0 0 0 0 0 0 0 0 0 0 0 0 0 0 0 0 0 0 0 0 0 0 0
4.30281 1.51898e-08 9.59214e-09 5.5977e-09 0.368516 3.29535e-05 0 0 0 0 0 0 0 0 0 0 0 0 0 0 0 0 0 0 0 0 0 0 0 0 0 0 0 0 0 0 0 0 0 0 0 0 0 0 0 0 0 0
4.52368 1.38554e-08 9.2192e-09 4.63622e-09 0.334614 2.99416e-05 0 0 0 0 0 0 0 0 0 0 0 0 0 0 0 0 0 0 0 0 0 0 0 0 0 0 0 0 0 0 0 0 0 0 0 0 0 0 0 0 0 0
4.75588 1.25993e-08 8.80972e-09 3.78958e-09 0.300777 2.71796e-05 0 0 0 0 0 0 0 0 0 0 0 0 0 0 0 0 0 0 0 0 0 0 0 0 0 0 0 0 0 0 0 0 0 0 0 0 0 0 0 0 0 0
5 1.13782e-08 8.31346e-09 3.06472e-09 0.269351 2.45398e-05 0 0 0 0 0 0 0 0 0 0 0 0 0 0 0 0 0 0 0 0 0 0 0 0 0 0 0 0 0 0 0 0 0 0 0 0 0 0 0 0 0 0
5.25665 1.01471e-08 7.68971e-09 2.45741e-09 0.242178 2.21678e-05 0 0 0 0 0 0 0 0 0 0 0 0 0 0 0 0 0 0 0 0 0 0 0 0 0 0 0 0 0 0 0 0 0 0 1.4013e-45 0 2.8026e-45 0 7.00649e-45 0 2.10195e-44 0
5.52648 8.89524e-09 6.93789e-09 1.95735e-09 0.220044 2.00489e-05 0 0 0 0 0 0 0 0 0 0 0 0 0 0 0 0 0 0 0 0 0 0 0 0 0 0 1.4013e-45 0 2.8026e-45 0 1.26117e-44 0 4.2039e-44 0 1.30321e-43 0 3.93765e-43 0 1.10703e-42 0 2.83763e-42 0
5.81015 7.65245e-09 6.10015e-09 1.55231e-09 0.202851 1.8115e-05 0 0 0 0 0 0 0 0 0 0 0 0 0 0 0 0 0 0 0 0 0 0 4.2039e-45 0 2.52234e-44 0 1.14906e-43 0 4.55422e-43 0 1.66194e-42 0 5.34035e-42 0 1.59538e-41 0 4.5503e-41 0 1.21408e-40 0 2.97353e-40 0
6.10839 6.47823e-09 5.24907e-09 1.22916e-09 0.189737 1.63023e-05 0 0 0 0 0 0 0 0 0 0 0 0 0 0 0 0 1.4013e-45 0 1.4013e-44 0 1.05097e-43 0 6.24979e-43 0 3.16413e-42 0 1.34791e-41 0 5.00894e-41 0 1.71731e-40 0 5.21373e-40 0 1.47646e-39 0 4.00113e-39 0 1.01761e-38 0 2.38567e-38 0
6.42193 5.34543e-09 4.37607e-09 9.69361e-10 0.181344 1.48144e-05 0 0 0 0 0 0 0 0 0 0 0 0 1.4013e-45 0 1.68156e-44 0 2.01787e-43 0 1.78806e-42 0 1.18143e-41 0 6.43757e-41 0 3.01133e-40 0 1.19499e-39 0 4.16506e-39 0 1.34462e-38 0 3.8668e-38 0 1.04077e-37 0 2.68643e-37 0 6.52801e-37 0 1.46806e-36 0
6.75157 4.43647e-09 3.66715e-09 7.69327e-10 0.17341 1.32279e-05 0 0 0 0 0 0 0 0 0 0 4.2039e-45 0 1.20512e-43 0 2.03609e-42 0 2.15884e-41 0 1.72189e-40 0 1.03746e-39 0 5.20417e-39 0 2.25775e-38 0 8.37639e-38 0 2.74687e-37 0 8.37463e-37 0 2.28728e-36 0 5.8658e-36 0 1.44558e-35 0 3.36373e-35 0 7.27109e-35 0
7.09813 3.65286e-09 3.04138e-09 6.11474e-10 0.167396 1.18448e-05 0 0 0 0 0 0 0 0 8.40779e-45 0 5.08671e-43 0 1.28331e-41 0 1.8886e-40 0 1.78433e-39 0 1.28593e-38 0 7.09751e-38 0 3.29071e-37 0 1.32892e-36 0 4.62465e-36 0 1.43112e-35 0 4.13207e-35 0 1.07453e-34 0 2.63182e-34 0 6.20648e-34 0 1.38585e-33 0 2.88503e-33 0
7.46248 3.00662e-09 2.51922e-09 4.87406e-10 0.162111 1.05694e-05 0 0 0 0 0 0 5.60519e-45 0 9.54284e-43 0 4.93509e-41 0 1.06361e-39 0 1.37268e-38 0 1.16222e-37 0 7.60591e-37 0 3.86205e-36 0 1.6614e-35 0 6.26738e-35 0 2.05222e-34 0 6.00994e-34 0 1.6477e-33 0 4.08943e-33 0 9.58753e-33 0 2.16823e-32 0 4.65525e-32 0 9.35038e-32 0
7.84553 2.48192e-09 2.0922e-09 3.89721e-10 0.157024 9.34187e-06 0 0 0 0 0 0 5.95552e-43 0 8.8094e-41 0 3.75859e-39 0 6.9728e-38 0 7.94262e-37 0 6.05878e-36 0 3.61756e-35 0 1.69679e-34 0 6.79749e-34 0 2.40329e-33 0 7.42667e-33 0 2.06375e-32 0 5.38615e-32 0 1.27876e-31 0 2.87585e-31 0 6.24972e-31 0 1.2927e-30 0 2.50955e-30 0
8.24824 2.0585e-09 1.74602e-09 3.12484e-10 0.151802 8.19911e-06 0 0 0 0 4.48416e-44 0 5.54115e-41 0 6.41585e-39 0 2.27902e-37 0 3.66609e-36 0 3.70829e-35 0 2.56161e-34 0 1.4017e-33 0 6.09671e-33 0 2.28238e-32 0 7.58696e-32 0 2.21887e-31 0 5.86575e-31 0 1.46085e-30 0 3.32492e-30 0 7.18741e-30 0 1.50387e-29 0 3.00217e-29 0 5.64244e-29 0
8.67162 1.71771e-09 1.4665e-09 2.51207e-10 0.146246 7.20916e-06 0 0 0 0 4.70556e-42 0 4.06799e-39 0 3.73494e-37 0 1.11449e-35 0 1.5654e-34 0 1.41426e-33 0 8.88974e-33 0 4.47705e-32 0 1.81243e-31 0 6.36156e-31 0 1.99422e-30 0 5.53456e-30 0 1.39528e-29 0 3.32349e-29 0 7.2666e-29 0 1.51278e-28 0 3.05323e-28 0 5.89287e-28 0 1.07394e-27 0
9.11674 1.44327e-09 1.24086e-09 2.0241e-10 0.140244 6.32492e-06 0 0 2.8026e-45 0 3.84537e-40 0 2.3893e-37 0 1.75929e-35 0 4.44759e-34 0 5.49095e-33 0 4.45534e-32 0 2.56012e-31 0 1.19147e-30 0 4.5051e-30 0 1.48724e-29 0 4.40925e-29 0 1.16421e-28 0 2.80544e-28 0 6.40518e-28 0 1.34797e-27 0 2.70757e-27 0 5.28045e-27 0 9.86952e-27 0 1.74672e-26 0
9.5847 1.22127e-09 1.05786e-09 1.6341e-10 0.133804 5.52644e-06 0 0 2.74654e-43 0 2.50185e-38 0 1.13556e-35 0 6.7783e-34 0 1.46358e-32 0 1.59826e-31 0 1.17082e-30 0 6.1772e-30 0 2.66692e-29 0 9.44992e-29 0 2.94295e-28 0 8.27411e-28 0 2.08353e-27 0 4.80973e-27 0 1.05474e-26 0 2.14051e-26 0 4.15554e-26 0 7.84432e-26 0 1.42206e-25 0 2.4476e-25 0
10.0767 1.04122e-09 9.0905e-10 1.32167e-10 0.126935 4.78203e-06 0 0 2.51477e-41 0 1.31164e-36 0 4.41615e-34 0 2.15896e-32 0 4.01233e-31 0 3.89885e-30 0 2.5915e-29 0 1.26064e-28 0 5.06749e-28 0 1.68806e-27 0 4.9734e-27 0 1.32945e-26 0 3.20014e-26 0 7.09173e-26 0 1.49667e-25 0 2.93421e-25 0 5.51486e-25 0 1.00923e-24 0 1.77721e-24 0 2.97884e-24 0
10.5939 8.93937e-10 7.86924e-10 1.07013e-10 0.11971 4.06995e-06 1.82169e-44 0 1.82427e-39 0 5.59856e-35 0 1.41878e-32 0 5.73644e-31 0 9.24334e-30 0 8.03809e-29 0 4.87086e-28 0 2.1933e-27 0 8.23764e-27 0 2.58751e-26 0 7.23164e-26 0 1.8425e-25 0 4.24891e-25 0 9.05706e-25 0 1.843e-24 0 3.49636e-24 0 6.37204e-24 0 1.13219e-23 0 1.93942e-23 0 3.16977e-23 0
11.1377 7.719e-10 6.85249e-10 8.66511e-11 0.112257 3.40803e-06 1.79086e-42 0 1.05933e-37 0 1.96311e-33 0 3.7968e-31 0 1.28144e-29 0 1.80279e-28 0 1.41062e-27 0 7.82814e-27 0 3.27526e-26 0 1.15316e-25 0 3.42531e-25 0 9.10463e-25 0 2.21617e-24 0 4.90631e-24 0 1.0079e-23 0 1.98102e-23 0 3.64253e-23 0 6.44673e-23 0 1.11376e-22 0 1.85836e-22 0 2.96531e-22 0
11.7094 6.88418e-10 6.17281e-10 7.11372e-11 0.103334 2.82232e-06 1.47983e-40 0 5.12067e-36 0 5.87307e-32 0 8.78424e-30 0 2.49671e-28 0 3.08712e-27 0 2.18471e-26 0 1.11508e-25 0 4.35056e-25 0 1.44046e-24 0 4.05719e-24 0 1.02816e-23 0 2.39627e-23 0 5.10313e-23 0 1.01212e-22 0 1.92476e-22 0 3.43539e-22 0 5.913e-22 0 9.94644e-22 0 1.61864e-21 0 2.52453e-21 0
12.3105 5.94904e-10 5.3746e-10 5.74442e-11 0.0965604 2.20615e-06 9.36703e-39 0 1.9458e-34 0 1.41395e-30 0 1.65611e-28 0 3.99742e-27 0 4.37159e-26 0 2.81181e-25 0 1.32537e-24 0 4.83847e-24 0 1.51104e-23 0 4.04618e-23 0 9.79855e-23 0 2.19128e-22 0 4.49748e-22 0 8.62671e-22 0 1.58987e-21 0 2.75852e-21 0 4.62373e-21 0 7.58272e-21 0 1.20499e-20 0 1.83903e-20 0
12.9424 5.25451e-10 4.78749e-10 4.67019e-11 0.0888797 1.60871e-06 4.86068e-37 0 6.21436e-33 0 2.92554e-29 0 2.71556e-27 0 5.61102e-26 0 5.45984e-25 0 3.20672e-24 0 1.40131e-23 0 4.80231e-23 0 1.41864e-22 0 3.62038e-22 0 8.39685e-22 0 1.80545e-21 0 3.57777e-21 0 6.64778e-21 0 1.18913e-20 0 2.00844e-20 0 3.28265e-20 0 5.25494e-20 0 8.16401e-20 0 1.22052e-19 0
13.6067 4.67689e-10 4.29662e-10 3.80264e-11 0.0813072 1.1081e-06 2.05849e-35 0 1.65861e-31 0 5.16692e-28 0 3.8443e-26 0 6.85152e-25 0 5.96596e-24 0 3.21381e-23 0 1.30685e-22 0 4.21718e-22 0 1.18162e-21 0 2.88067e-21 0 6.41235e-21 0 1.32817e-20 0 2.54553e-20 0 4.58888e-20 0 7.97862e-20 0 1.31354e-19 0 2.096e-19 0 3.27913e-19 0 4.986e-19 0 7.30917e-19 0
14.3051 4.19036e-10 3.88053e-10 3.0983e-11 0.0739388 6.74396e-07 7.17987e-34 0 3.72902e-30 0 7.84362e-27 0 4.7285e-25 0 7.32177e-24 0 5.73614e-23 0 2.84612e-22 0 1.08072e-21 0 3.29359e-21 0 8.77562e-21 0 2.04832e-20 0 4.38485e-20 0 8.76501e-20 0 1.62735e-19 0 2.85046e-19 0 4.824e-19 0 7.75092e-19 0 1.2089e-18 0 1.85041e-18 0 2.75662e-18 0 3.96627e-18 0
15.0394 3.77844e-10 3.52585e-10 2.52598e-11 0.0668523 2.84373e-07 2.08214e-32 0 7.1217e-29 0 1.03102e-25 0 5.08812e-24 0 6.89215e-23 0 4.88326e-22 0 2.24068e-21 0 7.97165e-21 0 2.30079e-20 0 5.84392e-20 0 1.30874e-19 0 2.69941e-19 0 5.21652e-19 0 9.39701e-19 0 1.60154e-18 0 2.64164e-18 0 4.14729e-18 0 6.32963e-18 0 9.48918e-18 0 1.38639e-17 0 1.95964e-17 0
15.8114 3.42789e-10 3.2218e-10 2.06098e-11 0.0601238 -8.11128e-08 5.06557e-31 0 1.16454e-27 0 1.18174e-24 0 4.821e-23 0 5.7501e-22 0 3.70265e-21 0 1.57717e-20 0 5.27394e-20 0 1.4454e-19 0 3.50793e-19 0 7.55271e-19 0 1.50373e-18 0 2.81392e-18 0 4.92539e-18 0 8.17868e-18 0 1.31646e-17 0 2.02179e-17 0 3.02262e-17 0 4.44272e-17 0 6.37186e-17 0 8.85561e-17 0
16.623 3.12758e-10 2.95934e-10 1.68242e-11 0.0537932 -4.4917e-07 1.04259e-29 0 1.64254e-26 0 1.18877e-23 0 4.04649e-22 0 4.27618e-21 0 2.51422e-20 0 9.9779e-20 0 3.14558e-19 0 8.20684e-19 0 1.90738e-18 0 3.95575e-18 0 7.61542e-18 0 1.38213e-17 0 2.35401e-17 0 3.81326e-17 0 5.99694e-17 0 9.019e-17 0 1.32215e-16 0 1.90712e-16 0 2.68751e-16 0 3.67555e-16 0
17.4762 2.8693e-10 2.73187e-10 1.37431e-11 0.0478971 -8.02956e-07 1.83032e-28 0 2.01289e-25 0 1.0563e-22 0 3.0267e-21 0 2.8507e-20 0 1.53722e-19 0 5.70355e-19 0 1.70004e-18 0 4.23254e-18 0 9.44019e-18 0 1.88932e-17 0 3.52274e-17 0 6.21009e-17 0 1.03054e-16 0 1.63052e-16 0 2.50818e-16 0 3.69773e-16 0 5.32042e-16 0 7.53835e-16 0 1.04466e-15 0 1.40705e-15 0
18.3733 2.64558e-10 2.53328e-10 1.12304e-11 0.0424497 -1.13801e-06 2.76151e-27 0 2.15749e-24 0 8.33905e-22 0 2.0284e-20 0 1.71231e-19 0 8.50427e-19 0 2.95968e-18 0 8.36376e-18 0 1.9916e-17 0 4.27142e-17 0 8.26389e-17 0 1.49469e-16 0 2.56298e-16 0 4.14928e-16 0 6.41956e-16 0 9.66954e-16 0 1.39879e-15 0 1.97719e-15 0 2.75416e-15 0 3.75637e-15 0 4.98641e-15 0
19.3164 2.45092e-10 2.3591e-10 9.18227e-12 0.0374645 -1.47999e-06 3.60701e-26 0 2.0357e-23 0 5.88252e-21 0 1.22442e-19 0 9.31377e-19 0 4.27756e-18 0 1.40075e-17 0 3.76262e-17 0 8.58803e-17 0 1.77454e-16 0 3.32433e-16 0 5.84122e-16 0 9.75583e-16 0 1.54268e-15 0 2.33644e-15 0 3.44961e-15 0 4.90102e-15 0 6.81154e-15 0 9.33596e-15 0 1.25417e-14 0 1.64199e-14 0
20.3079 2.28039e-10 2.20529e-10 7.51004e-12 0.0329331 -1.86705e-06 4.10675e-25 0 1.70107e-22 0 3.72755e-20 0 6.68992e-19 0 4.60887e-18 0 1.9649e-17 0 6.07229e-17 0 1.55428e-16 0 3.40749e-16 0 6.79574e-16 0 1.23465e-15 0 2.11054e-15 0 3.43778e-15 0 5.31587e-15 0 7.88952e-15 0 1.14289e-14 0 1.59615e-14 0 2.18299e-14 0 2.94633e-14 0 3.9014e-14 0 5.04105e-14 0
21.3503 2.13029e-10 2.06884e-10 6.14496e-12 0.0288456 -2.15061e-06 4.10281e-24 0 1.26625e-21 0 2.13275e-19 0 3.32439e-18 0 2.08431e-17 0 8.27869e-17 0 2.4213e-16 0 5.91968e-16 0 1.24899e-15 0 2.40837e-15 0 4.24982e-15 0 7.07701e-15 0 1.12561e-14 0 1.7039e-14 0 2.48055e-14 0 3.52893e-14 0 4.84875e-14 0 6.53085e-14 0 8.68641e-14 0 1.13456e-13 0 1.44775e-13 0
22.4463 1.99725e-10 1.94695e-10 5.02938e-12 0.0251815 -2.37695e-06 3.61881e-23 0 8.4423e-21 0 1.10708e-18 0 1.50908e-17 0 8.65045e-17 0 3.21213e-16 0 8.91505e-16 0 2.08649e-15 0 4.24468e-15 0 7.9266e-15 0 1.36048e-14 0 2.20983e-14 0 3.43604e-14 0 5.09708e-14 0 7.28554e-14 0 1.01878e-13 0 1.37826e-13 0 1.8296e-13 0 2.39983e-13 0 3.09387e-13 0 3.90122e-13 0
23.5984 1.87871e-10 1.83752e-10 4.11829e-12 0.0219209 -2.58374e-06 2.83493e-22 0 5.06788e-20 0 5.23779e-18 0 6.2848e-17 0 3.3082e-16 0 1.1522e-15 0 3.04239e-15 0 6.83088e-15 0 1.34229e-14 0 2.43134e-14 0 4.0644e-14 0 6.44728e-14 0 9.81108e-14 0 1.42764e-13 0 2.00532e-13 0 2.75864e-13 0 3.67736e-13 0 4.81454e-13 0 6.23197e-13 0 7.93527e-13 0 9.89333e-13 0
24.8097 1.77235e-10 1.73861e-10 3.37366e-12 0.019035 -2.86643e-06 1.98348e-21 0 2.75263e-19 0 2.26841e-17 0 2.41089e-16 0 1.1702e-15 0 3.83476e-15 0 9.65685e-15 0 2.08424e-14 0 3.96273e-14 0 6.97263e-14 0 1.13672e-13 0 1.76299e-13 0 2.62837e-13 0 3.75522e-13 0 5.18796e-13 0 7.02658e-13 0 9.23614e-13 0 1.19343e-12 0 1.52544e-12 0 1.91959e-12 0 2.36762e-12 0
26.0832 1.67618e-10 1.64854e-10 2.76397e-12 0.0164898 -3.05466e-06 1.24598e-20 0 1.35904e-18 0 9.02947e-17 0 8.5507e-16 0 3.84227e-15 0 1.18822e-14 0 2.8603e-14 0 5.94582e-14 0 1.09555e-13 0 1.87523e-13 0 2.98502e-13 0 4.53146e-13 0 6.62534e-13 0 9.30231e-13 0 1.26502e-12 0 1.68816e-12 0 2.18959e-12 0 2.79405e-12 0 3.52881e-12 0 4.39104e-12 0 5.36073e-12 0
27.4221 1.58874e-10 1.56608e-10 2.26558e-12 0.0142602 -3.20272e-06 7.06341e-20 0 6.12699e-18 0 3.31663e-16 0 2.81428e-15 0 1.17515e-14 0 3.43924e-14 0 7.9314e-14 0 1.59087e-13 0 2.84509e-13 0 4.74374e-13 0 7.3817e-13 0 1.09798e-12 0 1.57584e-12 0 2.1762e-12 0 2.91533e-12 0 3.83606e-12 0 4.91269e-12 0 6.19471e-12 0 7.73507e-12 0 9.52289e-12 0 1.15132e-11 0
28.8297 1.50864e-10 1.49007e-10 1.85755e-12 0.0123127 -3.26258e-06 3.63084e-19 0 2.53284e-17 0 1.1283e-15 0 8.62488e-15 0 3.3587e-14 0 9.32763e-14 0 2.0651e-13 0 4.00374e-13 0 6.9599e-13 0 1.13185e-12 0 1.72364e-12 0 2.51459e-12 0 3.54586e-12 0 4.82018e-12 0 6.36581e-12 0 8.26476e-12 0 1.04573e-11 0 1.30378e-11 0 1.61042e-11 0 1.96261e-11 0 2.35091e-11 0
30.3095 1.43465e-10 1.41942e-10 1.52328e-12 0.0106178 -3.28645e-06 1.69995e-18 0 9.63885e-17 0 3.5673e-15 0 2.46912e-14 0 8.99774e-14 0 2.37725e-13 0 5.06282e-13 0 9.5034e-13 0 1.60802e-12 0 2.55367e-12 0 3.80984e-12 0 5.45656e-12 0 7.56633e-12 0 1.01325e-11 0 1.32011e-11 0 1.6922e-11 0 2.11666e-11 0 2.61071e-11 0 3.19165e-11 0 3.85227e-11 0 4.57394e-11 0
31.8653 1.36597e-10 1.35347e-10 1.24966e-12 0.0091485 -3.23407e-06 7.28171e-18 0 3.39004e-16 0 1.05184e-14 0 6.62411e-14 0 2.26621e-13 0 5.71006e-13 0 1.172e-12 0 2.13335e-12 0 3.51822e-12 0 5.46246e-12 0 7.99185e-12 0 1.12472e-11 0 1.53489e-11 0 2.02636e-11 0 2.60616e-11 0 3.30048e-11 0 4.08348e-11 0 4.98529e-11 0 6.03513e-11 0 7.21771e-11 0 8.49829e-11 0
33.5009 1.30164e-10 1.29138e-10 1.02544e-12 0.00787808 -3.17253e-06 2.86505e-17 0 1.10577e-15 0 2.90119e-14 0 1.67008e-13 0 5.38058e-13 0 1.29591e-12 0 2.56812e-12 0 4.53993e-12 0 7.30637e-12 0 1.1103e-11 0 1.59452e-11 0 2.20688e-11 0 2.96634e-11 0 3.86341e-11 0 4.90815e-11 0 6.1445e-11 0 7.52361e-11 0 9.0961e-11 0 1.09094e-10 0 1.29335e-10 0 1.51073e-10 0
35.2205 1.24101e-10 1.23259e-10 8.41655e-13 0.00678203 -2.99477e-06 1.03955e-16 0 3.35673e-15 0 7.50844e-14 0 3.96822e-13 0 1.20748e-12 0 2.78605e-12 0 5.33981e-12 0 9.18076e-12 0 1.44358e-11 0 2.14934e-11 0 3.03264e-11 0 4.13123e-11 0 5.47333e-11 0 7.03717e-11 0 8.8363e-11 0 1.09414e-10 0 1.32654e-10 0 1.58901e-10 0 1.88893e-10 0 2.22088e-10 0 2.57454e-10 0
37.0284 1.18349e-10 1.17658e-10 6.90967e-13 0.00583839 -2.81568e-06 3.49116e-16 0 9.51401e-15 0 1.82853e-13 0 8.90936e-13 0 2.56765e-12 0 5.68741e-12 0 1.05598e-11 0 1.76815e-11 0 2.71948e-11 0 3.97109e-11 0 5.50967e-11 0 7.39313e-11 0 9.66129e-11 0 1.22702e-10 0 1.52369e-10 0 1.86712e-10 0 2.24251e-10 0 2.66263e-10 0 3.13858e-10 0 3.66109e-10 0 4.21358e-10 0
38.9291 1.12867e-10 1.12299e-10 5.67425e-13 0.00502739 -2.57283e-06 1.0891e-15 0 2.52569e-14 0 4.20186e-13 0 1.89499e-12 0 5.18624e-12 0 1.10502e-11 0 1.99063e-11 0 3.2503e-11 0 4.89509e-11 0 7.01709e-11 0 9.5814e-11 0 1.26735e-10 0 1.63467e-10 0 2.05201e-10 0 2.52135e-10 0 3.05912e-10 0 3.64145e-10 0 4.28755e-10 0 5.01355e-10 0 5.80439e-10 0 6.63465e-10 0
40.9273 1.07603e-10 1.07137e-10 4.66042e-13 0.00433113 -2.31134e-06 3.1663e-15 0 6.29803e-14 0 9.13376e-13 0 3.82716e-12 0 9.9718e-12 0 2.04762e-11 0 3.5842e-11 0 5.71383e-11 0 8.43495e-11 0 1.18807e-10 0 1.59776e-10 0 2.08472e-10 0 2.65573e-10 0 3.29695e-10 0 4.01049e-10 0 4.82017e-10 0 5.68912e-10 0 6.64534e-10 0 7.71145e-10 0 8.86425e-10 0 1.00663e-09 0
43.0281 1.02529e-10 1.02146e-10 3.82834e-13 0.00373393 -1.96729e-06 8.60645e-15 0 1.47935e-13 0 1.88282e-12 0 7.35625e-12 0 1.82914e-11 0 3.62634e-11 0 6.17644e-11 0 9.62466e-11 0 1.39406e-10 0 1.93099e-10 0 2.55956e-10 0 3.29656e-10 0 4.15016e-10 0 5.09808e-10 0 6.1424e-10 0 7.31649e-10 0 8.56587e-10 0 9.92999e-10 0 1.14397e-09 0 1.30607e-09 0 1.47399e-09 0
45.2368 9.76255e-11 9.73109e-11 3.14561e-13 0.00322212 -1.58386e-06 2.19399e-14 0 3.28224e-13 0 3.68953e-12 0 1.34872e-11 0 3.20774e-11 0 6.15047e-11 0 1.02067e-10 0 1.55642e-10 0 2.21395e-10 0 3.01827e-10 0 3.9461e-10 0 5.01995e-10 0 6.24913e-10 0 7.59976e-10 0 9.0736e-10 0 1.07161e-09 0 1.24498e-09 0 1.43287e-09 0 1.63934e-09 0 1.85956e-09 0 2.0863e-09 0
47.5588 9.28695e-11 9.2611e-11 2.58505e-13 0.00278353 -9.5563e-07 5.26049e-14 0 6.89601e-13 0 6.88801e-12 0 2.36352e-11 0 5.38846e-11 0 1.00085e-10 0 1.62035e-10 0 2.42049e-10 0 3.38433e-10 0 4.54455e-10 0 5.86431e-10 0 7.37301e-10 0 9.08074e-10 0 1.09384e-09 0 1.29471e-09 0 1.51671e-09 0 1.74924e-09 0 1.99946e-09 0 2.27259e-09 0 2.56207e-09 0 2.85836e-09 0
50 8.82407e-11 8.80283e-11 2.12451e-13 0.00240763 -3.42364e-07 1.18953e-13 0 1.37526e-12 0 1.22767e-11 0 3.96645e-11 0 8.68627e-11 0 1.56535e-10 0 2.47533e-10 0 3.62592e-10 0 4.98746e-10 0 6.60157e-10 0 8.41333e-10 0 1.04602e-09 0 1.27526e-09 0 1.52225e-09 0 1.78703e-09 0 2.07733e-09 0 2.37918e-09 0 2.70182e-09 0 3.05176e-09 0 3.4204e-09 0 3.79563e-09 0
52.5665 8.37351e-11 8.35605e-11 1.74624e-13 0.00208543 3.3123e-07 2.54369e-13 0 2.60958e-12 0 2.09339e-11 0 6.38712e-11 0 1.34622e-10 0 2.35724e-10 0 3.6451e-10 0 5.24084e-10 0 7.09744e-10 0 9.26669e-10 0 1.16709e-09 0 1.43569e-09 0 1.73347e-09 0 2.05139e-09 0 2.38943e-09 0 2.75725e-09 0 3.13705e-09 0 3.54042e-09 0 3.97527e-09 0 4.43074e-09 0 4.89187e-09 0
55.2648 7.93445e-11 7.9201e-11 1.43545e-13 0.00180913 9.40075e-07 5.15671e-13 0 4.72187e-12 0 3.42171e-11 0 9.88654e-11 0 2.0093e-10 0 3.42338e-10 0 5.18225e-10 0 7.31999e-10 0 9.76747e-10 0 1.25878e-09 0 1.56761e-09 0 1.90898e-09 0 2.28383e-09 0 2.68055e-09 0 3.09911e-09 0 3.55127e-09 0 4.01507e-09 0 4.50465e-09 0 5.02942e-09 0 5.57606e-09 0 6.12672e-09 0
58.1015 7.50661e-11 7.49481e-11 1.18006e-13 0.00157202 1.47083e-06 9.9347e-13 0 8.16469e-12 0 5.37123e-11 0 1.47359e-10 0 2.89294e-10 0 4.80234e-10 0 7.12402e-10 0 9.89451e-10 0 1.30182e-09 0 1.65706e-09 0 2.04162e-09 0 2.46242e-09 0 2.92027e-09 0 3.40086e-09 0 3.90414e-09 0 4.44411e-09 0 4.9945e-09 0 5.57213e-09 0 6.18788e-09 0 6.82598e-09 0 7.46568e-09 0
61.0839 7.09009e-11 7.08039e-11 9.70116e-14 0.00136827 1.90194e-06 1.82315e-12 0 1.3519e-11 0 8.11209e-11 0 2.11854e-10 0 4.02436e-10 0 6.51723e-10 0 9.48361e-10 0 1.29622e-09 0 1.68274e-09 0 2.11685e-09 0 2.58168e-09 0 3.08544e-09 0 3.6288e-09 0 4.19468e-09 0 4.78311e-09 0 5.41032e-09 0 6.04583e-09 0 6.70913e-09 0 7.41251e-09 0 8.13783e-09 0 8.86165e-09 0
64.2193 6.68482e-11 6.67684e-11 7.9752e-14 0.00119303 2.23813e-06 3.19389e-12 0 2.14762e-11 0 1.18074e-10 0 2.94241e-10 0 5.417e-10 0 8.56848e-10 0 1.22423e-09 0 1.64794e-09 0 2.11226e-09 0 2.62758e-09 0 3.17366e-09 0 3.76008e-09 0 4.38737e-09 0 5.0358e-09 0 5.70556e-09 0 6.41505e-09 0 7.12984e-09 0 7.87199e-09 0 8.65508e-09 0 9.45881e-09 0 1.02574e-08 0
67.5157 6.29119e-11 6.28464e-11 6.55571e-14 0.00104205 2.45994e-06 5.3527e-12 0 3.27947e-11 0 1.65905e-10 0 3.95412e-10 0 7.06585e-10 0 1.09292e-09 0 1.53455e-09 0 2.03592e-09 0 2.57813e-09 0 3.17312e-09 0 3.79742e-09 0 4.46203e-09 0 5.16738e-09 0 5.89134e-09 0 6.63435e-09 0 7.41682e-09 0 8.20086e-09 0 9.01087e-09 0 9.86155e-09 0 1.07307e-08 0 1.15908e-08 0
70.9813 5.90973e-11 5.90434e-11 5.38897e-14 0.000911881 2.59306e-06 8.59941e-12 0 4.8224e-11 0 2.25396e-10 0 5.14898e-10 0 8.94394e-10 0 1.35427e-09 0 1.87027e-09 0 2.44733e-09 0 3.06361e-09 0 3.73263e-09 0 4.42804e-09 0 5.16223e-09 0 5.93564e-09 0 6.7241e-09 0 7.5284e-09 0 8.37069e-09 0 9.21034e-09 0 1.00737e-08 0 1.09764e-08 0 1.18948e-08 0 1.28e-08 0
74.6248 5.54095e-11 5.53652e-11 4.42955e-14 0.000799421 2.64385e-06 1.32696e-11 0 6.84057e-11 0 2.96538e-10 0 6.5064e-10 0 1.10013e-09 0 1.6324e-09 0 2.21914e-09 0 2.86598e-09 0 3.54858e-09 0 4.28206e-09 0 5.03768e-09 0 5.82919e-09 0 6.65705e-09 0 7.49564e-09 0 8.34615e-09 0 9.2321e-09 0 1.0111e-08 0 1.10106e-08 0 1.19472e-08 0 1.28962e-08 0 1.38282e-08 0
78.4553 5.18545e-11 5.18181e-11 3.641e-14 0.000702157 2.62444e-06 1.9704e-11 0 9.37596e-11 0 3.78361e-10 0 7.9893e-10 0 1.31667e-09 0 1.91646e-09 0 2.56655e-09 0 3.27356e-09 0 4.01124e-09 0 4.79621e-09 0 5.59804e-09 0 6.4317e-09 0 7.29776e-09 0 8.1697e-09 0 9.04922e-09 0 9.96075e-09 0 1.08608e-08 0 1.17782e-08 0 1.27294e-08 0 1.36896e-08 0 1.46292e-08 0
82.4824 4.84344e-11 4.84045e-11 2.99241e-14 0.000617828 2.53124e-06 2.82044e-11 0 1.24367e-10 0 4.68831e-10 0 9.54501e-10 0 1.53518e-09 0 2.19395e-09 0 2.89663e-09 0 3.651e-09 0 4.42963e-09 0 5.25056e-09 0 6.08238e-09 0 6.94109e-09 0 7.82747e-09 0 8.71471e-09 0 9.60501e-09 0 1.05233e-08 0 1.1426e-08 0 1.23424e-08 0 1.3289e-08 0 1.42411e-08 0 1.51695e-08 0
86.7162 4.51571e-11 4.51325e-11 2.45909e-14 0.000544563 2.35108e-06 3.89873e-11 0 1.59901e-10 0 5.64979e-10 0 1.11103e-09 0 1.74599e-09 0 2.45216e-09 0 3.19398e-09 0 3.98065e-09 0 4.78434e-09 0 5.62426e-09 0 6.46883e-09 0 7.33484e-09 0 8.22331e-09 0 9.10778e-09 0 9.99092e-09 0 1.08977e-08 0 1.17854e-08 0 1.2683e-08 0 1.36069e-08 0 1.45329e-08 0 1.54331e-08 0
91.1674 4.20228e-11 4.20026e-11 2.02059e-14 0.000480833 2.12537e-06 5.21264e-11 0 1.99555e-10 0 6.62964e-10 0 1.26141e-09 0 1.9391e-09 0 2.67867e-09 0 3.44439e-09 0 4.24698e-09 0 5.05897e-09 0 5.90053e-09 0 6.7406e-09 0 7.59649e-09 0 8.46953e-09 0 9.33411e-09 0 1.01934e-08 0 1.10718e-08 0 1.19283e-08 0 1.27914e-08 0 1.36765e-08 0 1.45608e-08 0 1.54179e-08 0
95.847 3.90363e-11 3.90197e-11 1.66e-14 0.000425247 1.89022e-06 6.75187e-11 0 2.42087e-10 0 7.58498e-10 0 1.39861e-09 0 2.10544e-09 0 2.86305e-09 0 3.63673e-09 0 4.4387e-09 0 5.2426e-09 0 6.06919e-09 0 6.88865e-09 0 7.71849e-09 0 8.56032e-09 0 9.38988e-09 0 1.02107e-08 0 1.10464e-08 0 1.18582e-08 0 1.26733e-08 0 1.35066e-08 0 1.43366e-08 0 1.51387e-08 0
100.767 3.61971e-11 3.61835e-11 1.3633e-14 0.000376632 1.6551e-06 8.4851e-11 0 2.85849e-10 0 8.47084e-10 0 1.51607e-09 0 2.23725e-09 0 2.99716e-09 0 3.76308e-09 0 4.5487e-09 0 5.32933e-09 0 6.12599e-09 0 6.91063e-09 0 7.70064e-09 0 8.49791e-09 0 9.27991e-09 0 1.00504e-08 0 1.08318e-08 0 1.15882e-08 0 1.23453e-08 0 1.31168e-08 0 1.38829e-08 0 1.46214e-08 0
105.939 3.35123e-11 3.35011e-11 1.11982e-14 0.000334151 1.37427e-06 1.03625e-10 0 3.29004e-10 0 9.2467e-10 0 1.60868e-09 0 2.32942e-09 0 3.07662e-09 0 3.82045e-09 0 4.57582e-09 0 5.32018e-09 0 6.07444e-09 0 6.81273e-09 0 7.55203e-09 0 8.29446e-09 0 9.01945e-09 0 9.73093e-09 0 1.04499e-08 0 1.11435e-08 0 1.18355e-08 0 1.25387e-08 0 1.32352e-08 0 1.39047e-08 0
111.377 3.0973e-11 3.09638e-11 9.1947e-15 0.000296862 1.10267e-06 1.23123e-10 0 3.69487e-10 0 9.87451e-10 0 1.67225e-09 0 2.37833e-09 0 3.09914e-09 0 3.8083e-09 0 4.52168e-09 0 5.21914e-09 0 5.92113e-09 0 6.60424e-09 0 7.28477e-09 0 7.96502e-09 0 8.62651e-09 0 9.27323e-09 0 9.92451e-09 0 1.05508e-08 0 1.11739e-08 0 1.18053e-08 0 1.2429e-08 0 1.30272e-08 0
117.094 2.8583e-11 2.85754e-11 7.54841e-15 0.000264088 8.33532e-07 1.42539e-10 0 4.05432e-10 0 1.03287e-09 0 1.70498e-09 0 2.38384e-09 0 3.06681e-09 0 3.73127e-09 0 4.39373e-09 0 5.0366e-09 0 5.67954e-09 0 6.30173e-09 0 6.91856e-09 0 7.53243e-09 0 8.12702e-09 0 8.70628e-09 0 9.28773e-09 0 9.84521e-09 0 1.03983e-08 0 1.09573e-08 0 1.15082e-08 0 1.20353e-08 0
123.105 2.63404e-11 2.63342e-11 6.1966e-15 0.000235251 5.82899e-07 1.60994e-10 0 4.35177e-10 0 1.05936e-09 0 1.70672e-09 0 2.34791e-09 0 2.98412e-09 0 3.59658e-09 0 4.20205e-09 0 4.78548e-09 0 5.36548e-09 0 5.92384e-09 0 6.47484e-09 0 7.02094e-09 0 7.54792e-09 0 8.05961e-09 0 8.57165e-09 0 9.06121e-09 0 9.54566e-09 0 1.00341e-08 0 1.05143e-08 0 1.09728e-08 0
129.424 2.42372e-11 2.42322e-11 5.08485e-15 0.000209795 3.6334e-07 1.77592e-10 0 4.57346e-10 0 1.06625e-09 0 1.67864e-09 0 2.27405e-09 0 2.85714e-09 0 3.41289e-09 0 3.95791e-09 0 4.47962e-09 0 4.99532e-09 0 5.48934e-09 0 5.97475e-09 0 6.45396e-09 0 6.91478e-09 0 7.36083e-09 0 7.8059e-09 0 8.23029e-09 0 8.64925e-09 0 9.07069e-09 0 9.48413e-09 0 9.87812e-09 0
136.067 2.22751e-11 2.22709e-11 4.1726e-15 0.000187321 1.7447e-07 1.91591e-10 0 4.71203e-10 0 1.05439e-09 0 1.62403e-09 0 2.16823e-09 0 2.6946e-09 0 3.19158e-09 0 3.67531e-09 0 4.13545e-09 0 4.58787e-09 0 5.01925e-09 0 5.4414e-09 0 5.85664e-09 0 6.25463e-09 0 6.63872e-09 0 7.02094e-09 0 7.3845e-09 0 7.74258e-09 0 8.10201e-09 0 8.4539e-09 0 8.78862e-09 0
143.051 2.04448e-11 2.04414e-11 3.42321e-15 0.000167437 1.30088e-08 2.02335e-10 0 4.76334e-10 0 1.02515e-09 0 1.54655e-09 0 2.03646e-09 0 2.5048e-09 0 2.94308e-09 0 3.36665e-09 0 3.76719e-09 0 4.15904e-09 0 4.53104e-09 0 4.8937e-09 0 5.24919e-09 0 5.58886e-09 0 5.91576e-09 0 6.24025e-09 0 6.54817e-09 0 6.85081e-09 0 7.15399e-09 0 7.45024e-09 0 7.73153e-09 0
150.394 1.87441e-11 1.87413e-11 2.80798e-15 0.000149806 -1.27557e-07 2.09428e-10 0 4.72972e-10 0 9.80985e-10 0 1.45108e-09 0 1.8859e-09 0 2.29702e-09 0 2.67854e-09 0 3.0448e-09 0 3.38923e-09 0 3.7246e-09 0 4.04169e-09 0 4.3497e-09 0 4.65066e-09 0 4.93739e-09 0 5.21263e-09 0 5.48519e-09 0 5.74327e-09 0 5.99642e-09 0 6.24955e-09 0 6.49644e-09 0 6.7305e-09 0
158.114 1.71671e-11 1.71648e-11 2.30311e-15 0.000134158 -2.26762e-07 2.12671e-10 0 4.61724e-10 0 9.24672e-10 0 1.34252e-09 0 1.72333e-09 0 2.07967e-09 0 2.40775e-09 0 2.72074e-09 0 3.01355e-09 0 3.2974e-09 0 3.56475e-09 0 3.82357e-09 0 4.0757e-09 0 4.31527e-09 0 4.54469e-09 0 4.77136e-09 0 4.98556e-09 0 5.19527e-09 0 5.4046e-09 0 5.60844e-09 0 5.80138e-09 0
166.23 1.57068e-11 1.57049e-11 1.88874e-15 0.000120249 -3.29291e-07 2.12078e-10 0 4.43524e-10 0 8.59201e-10 0 1.22565e-09 0 1.55498e-09 0 1.86015e-09 0 2.13906e-09 0 2.40357e-09 0 2.64983e-09 0 2.88756e-09 0 3.11068e-09 0 3.326e-09 0 3.53517e-09 0 3.73341e-09 0 3.92283e-09 0 4.10959e-09 0 4.28574e-09 0 4.45791e-09 0 4.62947e-09 0 4.79628e-09 0 4.95395e-09 0
174.763 1.43569e-11 1.43554e-11 1.54856e-15 0.000107862 -4.22877e-07 2.07873e-10 0 4.19568e-10 0 7.87615e-10 0 1.10493e-09 0 1.38639e-09 0 1.64482e-09 0 1.87938e-09 0 2.1006e-09 0 2.30563e-09 0 2.5028e-09 0 2.68722e-09 0 2.86469e-09 0 3.03662e-09 0 3.1992e-09 0 3.35421e-09 0 3.50675e-09 0 3.65038e-09 0 3.79052e-09 0 3.92997e-09 0 4.06536e-09 0 4.19316e-09 0
183.733 1.31108e-11 1.31095e-11 1.26949e-15 9.68279e-05 -4.92039e-07 2.00442e-10 0 3.91179e-10 0 7.12773e-10 0 9.8428e-10 0 1.22216e-09 0 1.4387e-09 0 1.63398e-09 0 1.81721e-09 0 1.9863e-09 0 2.14833e-09 0 2.29941e-09 0 2.44439e-09 0 2.58452e-09 0 2.71673e-09 0 2.84253e-09 0 2.96612e-09 0 3.08229e-09 0 3.19548e-09 0 3.30794e-09 0 3.41698e-09 0 3.51979e-09 0
193.164 1.19639e-11 1.19628e-11 1.04057e-15 8.69763e-05 -5.39364e-07 1.90325e-10 0 3.59778e-10 0 6.37344e-10 0 8.67096e-10 0 1.06608e-09 0 1.24577e-09 0 1.40683e-09 0 1.55723e-09 0 1.69548e-09 0 1.82751e-09 0 1.95027e-09 0 2.06777e-09 0 2.18108e-09 0 2.28776e-09 0 2.3891e-09 0 2.48848e-09 0 2.58176e-09 0 2.67252e-09 0 2.76258e-09 0 2.84979e-09 0 2.93193e-09 0
203.079 1.09098e-11 1.0909e-11 8.52938e-16 7.81806e-05 -5.85724e-07 1.78106e-10 0 3.26666e-10 0 5.63477e-10 0 7.55891e-10 0 9.20742e-10 0 1.0685e-09 0 1.2002e-09 0 1.32263e-09 0 1.43475e-09 0 1.5415e-09 0 1.64047e-09 0 1.735e-09 0 1.82595e-09 0 1.91144e-09 0 1.99249e-09 0 2.07187e-09 0 2.14626e-09 0 2.21855e-09 0 2.29019e-09 0 2.3595e-09 0 2.4247e-09 0
213.503 9.94048e-12 9.93978e-12 6.98921e-16 7.03106e-05 -6.05336e-07 1.64358e-10 0 2.92962e-10 0 4.92785e-10 0 6.52345e-10 0 7.87674e-10 0 9.08127e-10 0 1.01492e-09 0 1.11379e-09 0 1.20403e-09 0 1.28969e-09 0 1.36893e-09 0 1.44443e-09 0 1.51694e-09 0 1.58496e-09 0 1.64937e-09 0 1.71234e-09 0 1.77129e-09 0 1.82851e-09 0 1.88515e-09 0 1.93988e-09 0 1.99132e-09 0
224.463 9.05274e-12 9.05217e-12 5.72789e-16 6.32724e-05 -6.38683e-07 1.49721e-10 0 2.5976e-10 0 4.26684e-10 0 5.57819e-10 0 6.67999e-10 0 7.6543e-10 0 8.51395e-10 0 9.30675e-10 0 1.0028e-09 0 1.07109e-09 0 1.13411e-09 0 1.19403e-09 0 1.25148e-09 0 1.30529e-09 0 1.35616e-09 0 1.40584e-09 0 1.45229e-09 0 1.49732e-09 0 1.54185e-09 0 1.58485e-09 0 1.62521e-09 0
235.984 8.23882e-12 8.23836e-12 4.69302e-16 5.69623e-05 -6.56459e-07 1.34702e-10 0 2.27813e-10 0 3.6592e-10 0 4.72778e-10 0 5.61776e-10 0 6.40003e-10 0 7.08711e-10 0 7.71852e-10 0 8.29128e-10 0 8.83219e-10 0 9.33028e-10 0 9.80307e-10 0 1.02556e-09 0 1.06788e-09 0 1.10784e-09 0 1.14681e-09 0 1.1832e-09 0 1.21845e-09 0 1.25328e-09 0 1.28688e-09 0 1.3184e-09 0
248.097 7.49431e-12 7.49393e-12 3.84478e-16 5.13027e-05 -6.80426e-07 1.19787e-10 0 1.97766e-10 0 3.11024e-10 0 3.97418e-10 0 4.6879e-10 0 5.31174e-10 0 5.85738e-10 0 6.35714e-10 0 6.80927e-10 0 7.23527e-10 0 7.62678e-10 0 7.99776e-10 0 8.35228e-10 0 8.6834e-10 0 8.99565e-10 0 9.29986e-10 0 9.58366e-10 0 9.85829e-10 0 1.01294e-09 0 1.03907e-09 0 1.06356e-09 0
260.832 6.81357e-12 6.81325e-12 3.14956e-16 4.62249e-05 -6.75331e-07 1.05356e-10 0 1.7003e-10 0 2.62141e-10 0 3.31482e-10 0 3.88334e-10 0 4.37769e-10 0 4.80841e-10 0 5.20171e-10 0 5.55664e-10 0 5.89035e-10 0 6.19648e-10 0 6.48611e-10 0 6.76249e-10 0 7.0203e-10 0 7.26315e-10 0 7.49951e-10 0 7.7198e-10 0 7.93279e-10 0 8.14287e-10 0 8.34519e-10 0 8.53473e-10 0
274.221 6.19218e-12 6.19192e-12 2.58007e-16 4.16666e-05 -6.79421e-07 9.17112e-11 0 1.44871e-10 0 2.19213e-10 0 2.74493e-10 0 3.19501e-10 0 3.5845e-10 0 3.92265e-10 0 4.23056e-10 0 4.50778e-10 0 4.76792e-10 0 5.00617e-10 0 5.23124e-10 0 5.44575e-10 0 5.64561e-10 0 5.83367e-10 0 6.01654e-10 0 6.18683e-10 0 6.35134e-10 0 6.5135e-10 0 6.66954e-10 0 6.81565e-10 0
288.297 5.62528e-12 5.62507e-12 2.11343e-16 3.75702e-05 -6.73336e-07 7.90593e-11 0 1.2239e-10 0 1.81963e-10 0 2.25761e-10 0 2.61189e-10 0 2.91714e-10 0 3.18127e-10 0 3.42116e-10 0 3.63668e-10 0 3.83857e-10 0 4.02318e-10 0 4.19735e-10 0 4.36314e-10 0 4.51745e-10 0 4.66251e-10 0 4.80344e-10 0 4.93459e-10 0 5.06118e-10 0 5.18588e-10 0 5.30581e-10 0 5.41803e-10 0
303.095 5.10816e-12 5.10798e-12 1.73092e-16 3.38854e-05 -6.48052e-07 6.7526e-11 0 1.02567e-10 0 1.4999e-10 0 1.84488e-10 0 2.12228e-10 0 2.36031e-10 0 2.56565e-10 0 2.75171e-10 0 2.91854e-10 0 3.07456e-10 0 3.21703e-10 0 3.35128e-10 0 3.47892e-10 0 3.59762e-10 0 3.7091e-10 0 3.81732e-10 0 3.91796e-10 0 4.01504e-10 0 4.11061e-10 0 4.20246e-10 0 4.28837e-10 0
318.653 4.63689e-12 4.63675e-12 1.41756e-16 3.05714e-05 -6.70421e-07 5.71772e-11 0 8.53087e-11 0 1.22828e-10 0 1.49856e-10 0 1.7147e-10 0 1.89947e-10 0 2.05843e-10 0 2.20214e-10 0 2.33077e-10 0 2.45088e-10 0 2.56042e-10 0 2.66352e-10 0 2.76146e-10 0 2.85244e-10 0 2.93783e-10 0 3.02067e-10 0 3.09764e-10 0 3.17185e-10 0 3.24486e-10 0 3.315e-10 0 3.38057e-10 0
335.009 4.20818e-12 4.20806e-12 1.16115e-16 2.75926e-05 -6.18088e-07 4.80268e-11 0 7.04612e-11 0 9.99798e-11 0 1.21054e-10 0 1.37821e-10 0 1.52106e-10 0 1.64363e-10 0 1.75423e-10 0 1.85305e-10 0 1.94521e-10 0 2.02916e-10 0 2.10809e-10 0 2.18299e-10 0 2.25253e-10 0 2.31774e-10 0 2.38095e-10 0 2.43966e-10 0 2.49623e-10 0 2.55186e-10 0 2.60527e-10 0 2.65518e-10 0
352.205 3.81791e-12 3.81782e-12 9.50916e-17 2.49067e-05 -6.16815e-07 4.00325e-11 0 5.78118e-11 0 8.09144e-11 0 9.72713e-11 0 1.10225e-10 0 1.21226e-10 0 1.30644e-10 0 1.39125e-10 0 1.46693e-10 0 1.53741e-10 0 1.60154e-10 0 1.66178e-10 0 1.71891e-10 0 1.7719e-10 0 1.82156e-10 0 1.86967e-10 0 1.91432e-10 0 1.95733e-10 0 1.9996e-10 0 2.04018e-10 0 2.07807e-10 0
370.284 3.46288e-12 3.46281e-12 7.78747e-17 2.24884e-05 -5.93318e-07 3.31298e-11 0 4.71384e-11 0 6.51325e-11 0 7.77755e-11 0 8.77453e-11 0 9.61875e-11 0 1.03399e-10 0 1.09883e-10 0 1.15661e-10 0 1.21035e-10 0 1.2592e-10 0 1.30506e-10 0 1.3485e-10 0 1.38878e-10 0 1.4265e-10 0 1.46302e-10 0 1.4969e-10 0 1.52952e-10 0 1.56157e-10 0 1.59232e-10 0 1.62102e-10 0
389.291 3.14022e-12 3.14016e-12 6.3773e-17 2.03085e-05 -5.89899e-07 2.72341e-11 0 3.82134e-11 0 5.21671e-11 0 6.19025e-11 0 6.95495e-11 0 7.60076e-11 0 8.15135e-11 0 8.64563e-11 0 9.08549e-11 0 9.49425e-11 0 9.86546e-11 0 1.02136e-10 0 1.05432e-10 0 1.08486e-10 0 1.11345e-10 0 1.14111e-10 0 1.16677e-10 0 1.19145e-10 0 1.2157e-10 0 1.23895e-10 0 1.26065e-10 0
409.273 2.84698e-12 2.84692e-12 5.22219e-17 1.83429e-05 -5.61303e-07 2.22462e-11 0 3.0809e-11 0 4.15856e-11 0 4.90559e-11 0 5.49027e-11 0 5.98284e-11 0 6.40204e-11 0 6.77783e-11 0 7.11186e-11 0 7.42198e-11 0 7.70338e-11 0 7.96711e-11 0 8.21666e-11 0 8.44769e-11 0 8.66387e-11 0 8.87299e-11 0 9.06681e-11 0 9.25326e-11 0 9.4363e-11 0 9.61178e-11 0 9.77551e-11 0
430.281 2.5807e-12 2.58066e-12 4.27624e-17 1.65701e-05 -5.00672e-07 1.80652e-11 0 2.47135e-11 0 3.30056e-11 0 3.87197e-11 0 4.31773e-11 0 4.69244e-11 0 5.0108e-11 0 5.29583e-11 0 5.54893e-11 0 5.7837e-11 0 5.99657e-11 0 6.19594e-11 0 6.38448e-11 0 6.55895e-11 0 6.72211e-11 0 6.87989e-11 0 7.02607e-11 0 7.16664e-11 0 7.30459e-11 0 7.43681e-11 0 7.56013e-11 0
452.368 2.33874e-12 2.3387e-12 3.50132e-17 1.4971e-05 -5.08152e-07 1.45876e-11 0 1.97275e-11 0 2.60857e-11 0 3.04435e-11 0 3.38327e-11 0 3.66759e-11 0 3.90881e-11 0 4.12451e-11 0 4.31586e-11 0 4.49322e-11 0 4.65392e-11 0 4.80434e-11 0 4.94651e-11 0 5.07801e-11 0 5.20094e-11 0 5.31976e-11 0 5.42982e-11 0 5.53561e-11 0 5.63941e-11 0 5.73886e-11 0 5.8316e-11 0
475.588 2.1193e-12 2.11927e-12 2.86691e-17 1.35276e-05 -5.00825e-07 1.17193e-11 0 1.56783e-11 0 2.05388e-11 0 2.38535e-11 0 2.64245e-11 0 2.85773e-11 0 3.04011e-11 0 3.20304e-11 0 3.34745e-11 0 3.48119e-11 0 3.60231e-11 0 3.71561e-11 0 3.82265e-11 0 3.92161e-11 0 4.01409e-11 0 4.10344e-11 0 4.18618e-11 0 4.26569e-11 0 4.34367e-11 0 4.41838e-11 0 4.48803e-11 0
500 1.92002e-12 1.91999e-12 2.34724e-17 1.22251e-05 -4.52101e-07 9.36834e-12 0 1.24069e-11 0 1.61115e-11 0 1.86265e-11 0 2.05723e-11 0 2.21989e-11 0 2.35753e-11 0 2.48035e-11 0 2.58914e-11 0 2.68982e-11 0 2.78094e-11 0 2.86614e-11 0 2.9466e-11 0 3.02095e-11 0 3.09042e-11 0 3.15751e-11 0 3.21962e-11 0 3.27929e-11 0 3.3378e-11 0 3.39384e-11 0 3.44607e-11 0
525.665 1.7394e-12 1.73938e-12 1.9219e-17 1.10492e-05 -5.0172e-07 7.45553e-12 0 9.78034e-12 0 1.25968e-11 0 1.4501e-11 0 1.59709e-11 0 1.71977e-11 0 1.82346e-11 0 1.91591e-11 0 1.99774e-11 0 2.07342e-11 0 2.14188e-11 0 2.20587e-11 0 2.26627e-11 0 2.32207e-11 0 2.37417e-11 0 2.42449e-11 0 2.47106e-11 0 2.51579e-11 0 2.55964e-11 0 2.60163e-11 0 2.64076e-11 0
552.648 1.57549e-12 1.57547e-12 1.57354e-17 9.98764e-06 -4.27581e-07 5.90758e-12 0 7.68098e-12 0 9.81704e-12 0 1.12557e-11 0 1.2364e-11 0 1.32877e-11 0 1.40676e-11 0 1.47624e-11 0 1.53769e-11 0 1.5945e-11 0 1.64587e-11 0 1.69385e-11 0 1.73913e-11 0 1.78095e-11 0 1.81999e-11 0 1.85769e-11 0 1.89256e-11 0 1.92605e-11 0 1.95887e-11 0 1.9903e-11 0 2.01958e-11 0
581.015 1.42687e-12 1.42686e-12 1.28815e-17 9.02784e-06 -3.88278e-07 4.66228e-12 0 6.01144e-12 0 7.62793e-12 0 8.71292e-12 0 9.54711e-12 0 1.02415e-11 0 1.08273e-11 0 1.13487e-11 0 1.18096e-11 0 1.22356e-11 0 1.26205e-11 0 1.29799e-11 0 1.3319e-11 0 1.36321e-11 0 1.39243e-11 0 1.42063e-11 0 1.44672e-11 0 1.47177e-11 0 1.49631e-11 0 1.51981e-11 0 1.5417e-11 0
610.839 1.29214e-12 1.29213e-12 1.05465e-17 8.16202e-06 -3.48085e-07 3.66569e-12 0 4.68959e-12 0 5.91045e-12 0 6.72732e-12 0 7.35429e-12 0 7.87558e-12 0 8.31493e-12 0 8.70581e-12 0 9.05112e-12 0 9.37005e-12 0 9.65816e-12 0 9.92715e-12 0 1.01808e-11 0 1.04149e-11 0 1.06334e-11 0 1.08442e-11 0 1.10392e-11 0 1.12264e-11 0 1.14098e-11 0 1.15853e-11 0 1.17488e-11 0
642.193 1.17012e-12 1.17011e-12 8.63431e-18 7.37899e-06 -3.77441e-07 2.8722e-12 0 3.64758e-12 0 4.56804e-12 0 5.18216e-12 0 5.65276e-12 0 6.04363e-12 0 6.37281e-12 0 6.66549e-12 0 6.92393e-12 0 7.16252e-12 0 7.37798e-12 0 7.57908e-12 0 7.76866e-12 0 7.94361e-12 0 8.10683e-12 0 8.2643e-12 0 8.4099e-12 0 8.54965e-12 0 8.68657e-12 0 8.81758e-12 0 8.9396e-12 0
675.157 1.05944e-12 1.05944e-12 7.06863e-18 6.67203e-06 -3.25834e-07 2.24287e-12 0 2.82879e-12 0 3.52157e-12 0 3.98257e-12 0 4.33534e-12 0 4.62806e-12 0 4.8744e-12 0 5.09331e-12 0 5.28652e-12 0 5.46483e-12 0 5.6258e-12 0 5.776e-12 0 5.91756e-12 0 6.04817e-12 0 6.16999e-12 0 6.2875e-12 0 6.39614e-12 0 6.50041e-12 0 6.60253e-12 0 6.70025e-12 0 6.79124e-12 0
709.813 9.59168e-13 9.59162e-13 5.78648e-18 6.03281e-06 -1.62157e-07 1.74603e-12 0 2.18797e-12 0 2.7086e-12 0 3.05423e-12 0 3.31837e-12 0 3.53736e-12 0 3.72153e-12 0 3.88511e-12 0 4.02943e-12 0 4.16257e-12 0 4.28273e-12 0 4.39482e-12 0 4.50045e-12 0 4.59788e-12 0 4.68874e-12 0 4.77637e-12 0 4.85738e-12 0 4.93511e-12 0 5.01124e-12 0 5.08406e-12 0 5.15188e-12 0
746.248 8.6836e-13 8.68355e-13 4.7371e-18 5.45523e-06 -2.52075e-07 1.35537e-12 0 1.68816e-12 0 2.0789e-12 0 2.33774e-12 0 2.53532e-12 0 2.699e-12 0 2.83657e-12 0 2.95871e-12 0 3.06642e-12 0 3.16577e-12 0 3.2554e-12 0 3.339e-12 0 3.41775e-12 0 3.49039e-12 0 3.55811e-12 0 3.62342e-12 0 3.68379e-12 0 3.7417e-12 0 3.79842e-12 0 3.85267e-12 0 3.90318e-12 0
784.553 7.86087e-13 7.86083e-13 3.87791e-18 4.93318e-06 -2.33451e-07 1.04925e-12 0 1.29945e-12 0 1.59234e-12 0 1.78598e-12 0 1.93363e-12 0 2.05585e-12 0 2.15853e-12 0 2.24966e-12 0 2.32999e-12 0 2.40406e-12 0 2.47088e-12 0 2.53318e-12 0 2.59187e-12 0 2.64598e-12 0 2.69643e-12 0 2.74507e-12 0 2.79002e-12 0 2.83315e-12 0 2.87538e-12 0 2.91577e-12 0 2.95337e-12 0
824.824 7.11546e-13 7.11543e-13 3.17446e-18 4.46135e-06 -3.13421e-07 8.10168e-13 0 9.98012e-13 0 1.2173e-12 0 1.36202e-12 0 1.47226e-12 0 1.56346e-12 0 1.64004e-12 0 1.70797e-12 0 1.76785e-12 0 1.82304e-12 0 1.87281e-12 0 1.91921e-12 0 1.96292e-12 0 2.00321e-12 0 2.04076e-12 0 2.07697e-12 0 2.11043e-12 0 2.14253e-12 0 2.17395e-12 0 2.20401e-12 0 2.23198e-12 0
867.163 6.44068e-13 6.44065e-13 2.5986e-18 4.03466e-06 -3.55983e-07 6.24096e-13 0 7.64948e-13 0 9.28966e-13 0 1.03704e-12 0 1.11929e-12 0 1.18729e-12 0 1.24437e-12 0 1.29498e-12 0 1.33958e-12 0 1.38068e-12 0 1.41774e-12 0 1.45229e-12 0 1.48481e-12 0 1.5148e-12 0 1.54275e-12 0 1.56969e-12 0 1.59458e-12 0 1.61846e-12 0 1.64183e-12 0 1.66419e-12 0 1.68499e-12 0
911.674 5.82951e-13 5.82949e-13 2.12717e-18 3.64898e-06 -2.95786e-07 4.79674e-13 0 5.85166e-13 0 7.07729e-13 0 7.88367e-13 0 8.4969e-13 0 9.00363e-13 0 9.42878e-13 0 9.80569e-13 0 1.01377e-12 0 1.04436e-12 0 1.07194e-12 0 1.09764e-12 0 1.12184e-12 0 1.14415e-12 0 1.16493e-12 0 1.18497e-12 0 1.20348e-12 0 1.22123e-12 0 1.23861e-12 0 1.25523e-12 0 1.2707e-12 0
958.471 5.27615e-13 5.27614e-13 1.74122e-18 3.30017e-06 -1.54118e-07 3.67899e-13 0 4.46825e-13 0 5.38334e-13 0 5.9846e-13 0 6.44151e-13 0 6.81889e-13 0 7.1354e-13 0 7.41591e-13 0 7.66296e-13 0 7.89054e-13 0 8.09568e-13 0 8.28683e-13 0 8.46678e-13 0 8.63262e-13 0 8.78717e-13 0 8.93613e-13 0 9.07373e-13 0 9.20569e-13 0 9.33487e-13 0 9.45838e-13 0 9.57334e-13 0
1007.67 4.77514e-13 4.77512e-13 1.4253e-18 2.98483e-06 -7.16995e-08 2.81613e-13 0 3.40607e-13 0 4.08877e-13 0 4.5368e-13 0 4.87705e-13 0 5.15794e-13 0 5.39345e-13 0 5.60213e-13 0 5.78587e-13 0 5.95511e-13 0 6.10763e-13 0 6.24974e-13 0 6.3835e-13 0 6.50677e-13 0 6.62163e-13 0 6.73232e-13 0 6.83457e-13 0 6.93262e-13 0 7.0286e-13 0 7.12036e-13 0 7.20577e-13 0
1059.39 4.32168e-13 4.32167e-13 1.1668e-18 2.69989e-06 -1.80885e-07 2.15171e-13 0 2.59229e-13 0 3.10128e-13 0 3.43495e-13 0 3.68819e-13 0 3.89718e-13 0 4.07234e-13 0 4.22752e-13 0 4.36412e-13 0 4.48992e-13 0 4.60329e-13 0 4.7089e-13 0 4.8083e-13 0 4.89989e-13 0 4.98523e-13 0 5.06746e-13 0 5.14342e-13 0 5.21625e-13 0 5.28754e-13 0 5.3557e-13 0 5.41913e-13 0
1113.77 3.91072e-13 3.91071e-13 9.54885e-19 2.44171e-06 -2.71832e-07 1.641e-13 0 1.96974e-13 0 2.34894e-13 0 2.59728e-13 0 2.78565e-13 0 2.94105e-13 0 3.07127e-13 0 3.1866e-13 0 3.28811e-13 0 3.38158e-13 0 3.46581e-13 0 3.54426e-13 0 3.61809e-13 0 3.68611e-13 0 3.74949e-13 0 3.81056e-13 0 3.86696e-13 0 3.92104e-13 0 3.97398e-13 0 4.02458e-13 0 4.07167e-13 0
1170.94 3.53896e-13 3.53895e-13 7.81638e-19 2.20867e-06 -3.43772e-07 1.24953e-13 0 1.49466e-13 0 1.77702e-13 0 1.96177e-13 0 2.10184e-13 0 2.21736e-13 0 2.31413e-13 0 2.39982e-13 0 2.47524e-13 0 2.54467e-13 0 2.60723e-13 0 2.66549e-13 0 2.72032e-13 0 2.77083e-13 0 2.81788e-13 0 2.86323e-13 0 2.9051e-13 0 2.94525e-13 0 2.98454e-13 0 3.0221e-13 0 3.05706e-13 0
1231.05 3.20262e-13 3.20261e-13 6.39829e-19 1.99783e-06 -3.76555e-08 9.50039e-14 0 1.13271e-13 0 1.34287e-13 0 1.48026e-13 0 1.58438e-13 0 1.67022e-13 0 1.74212e-13 0 1.80577e-13 0 1.86178e-13 0 1.91335e-13 0 1.9598e-13 0 2.00306e-13 0 2.04376e-13 0 2.08126e-13 0 2.1162e-13 0 2.14985e-13 0 2.18093e-13 0 2.21073e-13 0 2.2399e-13 0 2.26778e-13 0 2.29372e-13 0
1294.24 2.89841e-13 2.8984e-13 5.23845e-19 1.80736e-06 -2.65852e-07 7.21338e-14 0 8.57399e-14 0 1.01375e-13 0 1.11589e-13 0 1.19327e-13 0 1.25704e-13 0 1.31044e-13 0 1.35772e-13 0 1.39931e-13 0 1.4376e-13 0 1.47208e-13 0 1.5042e-13 0 1.53442e-13 0 1.56225e-13 0 1.58818e-13 0 1.61316e-13 0 1.63623e-13 0 1.65834e-13 0 1.67999e-13 0 1.70068e-13 0 1.71993e-13 0
1360.67 2.62269e-13 2.62269e-13 4.28788e-19 1.63492e-06 -1.46449e-07 5.46876e-14 0 6.48152e-14 0 7.6441e-14 0 8.40307e-14 0 8.97781e-14 0 9.4514e-14 0 9.84792e-14 0 1.01989e-13 0 1.05076e-13 0 1.07918e-13 0 1.10477e-13 0 1.12861e-13 0 1.15103e-13 0 1.17168e-13 0 1.19092e-13 0 1.20946e-13 0 1.22657e-13 0 1.24298e-13 0 1.25904e-13 0 1.27438e-13 0 1.28866e-13 0
1430.51 2.37336e-13 2.37335e-13 3.51013e-19 1.47897e-06 8.06988e-08 4.14111e-14 0 4.89464e-14 0 5.75883e-14 0 6.32266e-14 0 6.74949e-14 0 7.10112e-14 0 7.39548e-14 0 7.65598e-14 0 7.88513e-14 0 8.09601e-14 0 8.28594e-14 0 8.46279e-14 0 8.62917e-14 0 8.78241e-14 0 8.92515e-14 0 9.06265e-14 0 9.18962e-14 0 9.31134e-14 0 9.43044e-14 0 9.54429e-14 0 9.65022e-14 0
1503.94 2.14749e-13 2.14749e-13 2.87307e-19 1.33787e-06 -7.18512e-08 3.1317e-14 0 3.69207e-14 0 4.33417e-14 0 4.75287e-14 0 5.06974e-14 0 5.33074e-14 0 5.54918e-14 0 5.74249e-14 0 5.91251e-14 0 6.06897e-14 0 6.20987e-14 0 6.34106e-14 0 6.46447e-14 0 6.57814e-14 0 6.68401e-14 0 6.78599e-14 0 6.88016e-14 0 6.97044e-14 0 7.05877e-14 0 7.1432e-14 0 7.22175e-14 0
1581.14 1.94317e-13 1.94317e-13 2.35197e-19 1.21038e-06 3.97363e-07 2.36574e-14 0 2.78231e-14 0 3.25927e-14 0 3.57013e-14 0 3.80532e-14 0 3.999e-14 0 4.16109e-14 0 4.30451e-14 0 4.43064e-14 0 4.5467e-14 0 4.65122e-14 0 4.74852e-14 0 4.84006e-14 0 4.92436e-14 0 5.00288e-14 0 5.07851e-14 0 5.14835e-14 0 5.21529e-14 0 5.28079e-14 0 5.3434e-14 0 5.40165e-14 0
1662.3 1.75828e-13 1.75827e-13 1.9252e-19 1.09493e-06 3.42415e-09 1.78523e-14 0 2.09478e-14 0 2.44897e-14 0 2.67971e-14 0 2.85424e-14 0 2.99795e-14 0 3.11819e-14 0 3.22458e-14 0 3.31814e-14 0 3.40422e-14 0 3.48173e-14 0 3.5539e-14 0 3.62178e-14 0 3.6843e-14 0 3.74252e-14 0 3.7986e-14 0 3.85039e-14 0 3.90002e-14 0 3.94859e-14 0 3.99501e-14 0 4.0382e-14 0
1747.63 1.59105e-13 1.59105e-13 1.57607e-19 9.9058e-07 -7.9774e-08 1.34588e-14 0 1.57586e-14 0 1.83883e-14 0 2.01007e-14 0 2.13957e-14 0 2.24618e-14 0 2.33538e-14 0 2.41429e-14 0 2.48368e-14 0 2.54752e-14 0 2.605e-14 0 2.65852e-14 0 2.70886e-14 0 2.75521e-14 0 2.79838e-14 0 2.83997e-14 0 2.87836e-14 0 2.91517e-14 0 2.95117e-14 0 2.98559e-14 0 3.01761e-14 0
1837.33 1.43961e-13 1.4396e-13 1.29004e-19 8.96108e-07 8.24733e-07 1.01362e-14 0 1.18441e-14 0 1.37959e-14 0 1.50664e-14 0 1.6027e-14 0 1.68177e-14 0 1.74793e-14 0 1.80644e-14 0 1.8579e-14 0 1.90523e-14 0 1.94786e-14 0 1.98753e-14 0 2.02485e-14 0 2.05922e-14 0 2.09123e-14 0 2.12205e-14 0 2.15052e-14 0 2.1778e-14 0 2.20449e-14 0 2.23e-14 0 2.25374e-14 0
1931.64 1.3027e-13 1.3027e-13 1.05614e-19 8.10732e-07 -3.19468e-07 7.62779e-15 0 8.89598e-15 0 1.03445e-14 0 1.12871e-14 0 1.19996e-14 0 1.25861e-14 0 1.30766e-14 0 1.35106e-14 0 1.38921e-14 0 1.42431e-14 0 1.45591e-14 0 1.48533e-14 0 1.513e-14 0 1.53848e-14 0 1.5622e-14 0 1.58506e-14 0 1.60616e-14 0 1.62638e-14 0 1.64617e-14 0 1.66508e-14 0 1.68267e-14 0
2030.79 1.17872e-13 1.17872e-13 8.64546e-20 7.33462e-07 4.32233e-07 5.73486e-15 0 6.67622e-15 0 7.75093e-15 0 8.45006e-15 0 8.97847e-15 0 9.41333e-15 0 9.77708e-15 0 1.00988e-14 0 1.03816e-14 0 1.06419e-14 0 1.08761e-14 0 1.10942e-14 0 1.12993e-14 0 1.14881e-14 0 1.1664e-14 0 1.18334e-14 0 1.19898e-14 0 1.21397e-14 0 1.22864e-14 0 1.24265e-14 0 1.25569e-14 0
2135.03 1.0665e-13 1.0665e-13 7.07717e-20 6.63587e-07 -6.09317e-07 4.30815e-15 0 5.00674e-15 0 5.80395e-15 0 6.32242e-15 0 6.71423e-15 0 7.03664e-15 0 7.3063e-15 0 7.54479e-15 0 7.75446e-15 0 7.94734e-15 0 8.12098e-15 0 8.28261e-15 0 8.43462e-15 0 8.5746e-15 0 8.70495e-15 0 8.8305e-15 0 8.9464e-15 0 9.0575e-15 0 9.16619e-15 0 9.27006e-15 0 9.3667e-15 0
2244.63 9.64943e-14 9.64942e-14 5.79256e-20 6.00301e-07 -1.74812e-07 3.23386e-15 0 3.75219e-15 0 4.34345e-15 0 4.72788e-15 0 5.01836e-15 0 5.25736e-15 0 5.45725e-15 0 5.63403e-15 0 5.78944e-15 0 5.93239e-15 0 6.06108e-15 0 6.18087e-15 0 6.29353e-15 0 6.39727e-15 0 6.49387e-15 0 6.5869e-15 0 6.6728e-15 0 6.75512e-15 0 6.83566e-15 0 6.91264e-15 0 6.98425e-15 0
2359.84 8.73095e-14 8.73094e-14 4.7418e-20 5.43103e-07 -1.48946e-07 2.42587e-15 0 2.81039e-15 0 3.24887e-15 0 3.5339e-15 0 3.74924e-15 0 3.92641e-15 0 4.07458e-15 0 4.2056e-15 0 4.32079e-15 0 4.42674e-15 0 4.52212e-15 0 4.61089e-15 0 4.69438e-15 0 4.77126e-15 0 4.84285e-15 0 4.91179e-15 0 4.97544e-15 0 5.03645e-15 0 5.09614e-15 0 5.15317e-15 0 5.20624e-15 0
2480.97 7.89983e-14 7.89982e-14 3.88157e-20 4.91348e-07 -5.57623e-07 1.81853e-15 0 2.10374e-15 0 2.42887e-15 0 2.64018e-15 0 2.79981e-15 0 2.93112e-15 0 3.04094e-15 0 3.13805e-15 0 3.22341e-15 0 3.30193e-15 0 3.37261e-15 0 3.4384e-15 0 3.50027e-15 0 3.55724e-15 0 3.61029e-15 0 3.66138e-15 0 3.70854e-15 0 3.75375e-15 0 3.79797e-15 0 3.84024e-15 0 3.87956e-15 0
2608.32 7.14755e-14 7.14754e-14 3.17727e-20 4.44525e-07 -6.9818e-07 1.36234e-15 0 1.57385e-15 0 1.8149e-15 0 1.97153e-15 0 2.08984e-15 0 2.18716e-15 0 2.26855e-15 0 2.34051e-15 0 2.40377e-15 0 2.46195e-15 0 2.51433e-15 0 2.56307e-15 0 2.60892e-15 0 2.65113e-15 0 2.69044e-15 0 2.72829e-15 0 2.76324e-15 0 2.79673e-15 0 2.8295e-15 0 2.86082e-15 0 2.88995e-15 0
2742.21 6.46686e-14 6.46686e-14 2.60066e-20 4.02152e-07 4.25973e-09 1.01997e-15 0 1.1768e-15 0 1.35549e-15 0 1.47158e-15 0 1.55927e-15 0 1.63139e-15 0 1.6917e-15 0 1.74502e-15 0 1.7919e-15 0 1.83501e-15 0 1.87382e-15 0 1.90994e-15 0 1.94391e-15 0 1.97518e-15 0 2.00431e-15 0 2.03235e-15 0 2.05824e-15 0 2.08306e-15 0 2.10734e-15 0 2.13054e-15 0 2.15212e-15 0
2882.97 5.85087e-14 5.85087e-14 2.12866e-20 3.63819e-07 -3.77804e-08 7.63191e-16 0 8.7947e-16 0 1.01192e-15 0 1.09796e-15 0 1.16293e-15 0 1.21638e-15 0 1.26107e-15 0 1.30058e-15 0 1.33531e-15 0 1.36725e-15 0 1.396e-15 0 1.42277e-15 0 1.44793e-15 0 1.4711e-15 0 1.49268e-15 0 1.51346e-15 0 1.53264e-15 0 1.55103e-15 0 1.56901e-15 0 1.5862e-15 0 1.60219e-15 0
3030.95 5.29379e-14 5.29379e-14 1.74252e-20 3.29162e-07 1.44354e-06 5.7078e-16 0 6.56983e-16 0 7.55154e-16 0 8.18915e-16 0 8.67065e-16 0 9.06668e-16 0 9.39779e-16 0 9.69056e-16 0 9.94789e-16 0 1.01846e-15 0 1.03976e-15 0 1.05959e-15 0 1.07823e-15 0 1.0954e-15 0 1.11139e-15 0 1.12678e-15 0 1.14099e-15 0 1.15461e-15 0 1.16794e-15 0 1.18067e-15 0 1.19252e-15 0
3186.53 4.78965e-14 4.78965e-14 1.4263e-20 2.97787e-07 1.29194e-06 4.26655e-16 0 4.90555e-16 0 5.63312e-16 0 6.10561e-16 0 6.4624e-16 0 6.75583e-16 0 7.00117e-16 0 7.21808e-16 0 7.40873e-16 0 7.58408e-16 0 7.74191e-16 0 7.8888e-16 0 8.02693e-16 0 8.15412e-16 0 8.27254e-16 0 8.38659e-16 0 8.49187e-16 0 8.59277e-16 0 8.69148e-16 0 8.78581e-16 0 8.87357e-16 0
3350.09 4.33346e-14 4.33346e-14 1.16753e-20 2.69421e-07 -2.45696e-07 3.18765e-16 0 3.66127e-16 0 4.20045e-16 0 4.55055e-16 0 4.81491e-16 0 5.03231e-16 0 5.21407e-16 0 5.37477e-16 0 5.51602e-16 0 5.64592e-16 0 5.76285e-16 0 5.87167e-16 0 5.974e-16 0 6.06822e-16 0 6.15595e-16 0 6.24043e-16 0 6.31842e-16 0 6.39317e-16 0 6.46629e-16 0 6.53617e-16 0 6.60118e-16 0
3522.05 3.92083e-14 3.92083e-14 9.55644e-21 2.43735e-07 1.49069e-06 2.38059e-16 0 2.73161e-16 0 3.13116e-16 0 3.39058e-16 0 3.58644e-16 0 3.74752e-16 0 3.88218e-16 0 4.00124e-16 0 4.10588e-16 0 4.20212e-16 0 4.28874e-16 0 4.36935e-16 0 4.44516e-16 0 4.51496e-16 0 4.57995e-16 0 4.64254e-16 0 4.70031e-16 0 4.75568e-16 0 4.80985e-16 0 4.86162e-16 0 4.90977e-16 0
3702.84 3.54736e-14 3.54736e-14 7.82221e-21 2.20508e-07 -1.751e-06 1.77702e-16 0 2.03716e-16 0 2.33321e-16 0 2.52541e-16 0 2.67052e-16 0 2.78985e-16 0 2.88961e-16 0 2.97781e-16 0 3.05533e-16 0 3.12662e-16 0 3.19079e-16 0 3.25051e-16 0 3.30666e-16 0 3.35837e-16 0 3.40651e-16 0 3.45287e-16 0 3.49567e-16 0 3.53668e-16 0 3.57681e-16 0 3.61515e-16 0 3.65082e-16 0
3892.91 3.20948e-14 3.20948e-14 6.40284e-21 1.99498e-07 5.96458e-07 1.32596e-16 0 1.51873e-16 0 1.73809e-16 0 1.88048e-16 0 1.98799e-16 0 2.07639e-16 0 2.15029e-16 0 2.21563e-16 0 2.27305e-16 0 2.32586e-16 0 2.3734e-16 0 2.41763e-16 0 2.45923e-16 0 2.49753e-16 0 2.53319e-16 0 2.56753e-16 0 2.59923e-16 0 2.62961e-16 0 2.65933e-16 0 2.68774e-16 0 2.71416e-16 0
4092.73 2.90373e-14 2.90373e-14 5.24085e-21 1.80487e-07 -6.48458e-07 9.88992e-17 0 1.13183e-16 0 1.29435e-16 0 1.39984e-16 0 1.47948e-16 0 1.54497e-16 0 1.59971e-16 0 1.64811e-16 0 1.69065e-16 0 1.72976e-16 0 1.76497e-16 0 1.79774e-16 0 1.82855e-16 0 1.85692e-16 0 1.88334e-16 0 1.90877e-16 0 1.93225e-16 0 1.95476e-16 0 1.97677e-16 0 1.99781e-16 0 2.01738e-16 0
4302.81 2.62713e-14 2.62713e-14 4.28969e-21 1.63284e-07 -3.4202e-07 7.37399e-17 0 8.43234e-17 0 9.63638e-17 0 1.04179e-16 0 1.10078e-16 0 1.14929e-16 0 1.18985e-16 0 1.2257e-16 0 1.25721e-16 0 1.28618e-16 0 1.31226e-16 0 1.33654e-16 0 1.35936e-16 0 1.38037e-16 0 1.39994e-16 0 1.41878e-16 0 1.43617e-16 0 1.45284e-16 0 1.46915e-16 0 1.48473e-16 0 1.49922e-16 0
4523.68 2.37692e-14 2.37691e-14 3.51126e-21 1.47723e-07 5.57705e-06 5.49627e-17 0 6.28042e-17 0 7.17243e-17 0 7.75137e-17 0 8.18839e-17 0 8.54774e-17 0 8.84814e-17 0 9.1137e-17 0 9.34709e-17 0 9.56173e-17 0 9.75491e-17 0 9.93469e-17 0 1.01037e-16 0 1.02594e-16 0 1.04043e-16 0 1.05439e-16 0 1.06727e-16 0 1.07961e-16 0 1.09169e-16 0 1.10323e-16 0 1.11397e-16 0
4755.88 2.15041e-14 2.15041e-14 2.87381e-21 1.3364e-07 2.33096e-06 4.09514e-17 0 4.67607e-17 0 5.33686e-17 0 5.7657e-17 0 6.08941e-17 0 6.35558e-17 0 6.57808e-17 0 6.77478e-17 0 6.94765e-17 0 7.10662e-17 0 7.24971e-17 0 7.38286e-17 0 7.50808e-17 0 7.62336e-17 0 7.73069e-17 0 7.83405e-17 0 7.92946e-17 0 8.02091e-17 0 8.11036e-17 0 8.19584e-17 0 8.27536e-17 0
5000 1.94553e-14 1.94553e-14 2.35224e-21 1.20905e-07 -5.87882e-07 3.05031e-17 0 3.48068e-17 0 3.97018e-17 0 4.28784e-17 0 4.52761e-17 0 4.72477e-17 0 4.88957e-17 0 5.03526e-17 0 5.1633e-17 0 5.28105e-17 0 5.38703e-17 0 5.48565e-17 0 5.57839e-17 0 5.66378e-17 0 5.74327e-17 0 5.81983e-17 0 5.8905e-17 0 5.95822e-17 0 6.02448e-17 0 6.08779e-17 0 6.14668e-17 0
