# 0.00026607 1 155 : grain size, compostion index, size index
# Heating and cooling timescale: 2.87328e-05 2.50642e+13
# Ratio of heating to cooling to determine stochastic cutoff: 100
# Equilibrium emission is recorded even for those grains in the stochastic regime.
# Emission spectrum was computed for: 
# Type: IRSF
# Scales: 0.25 0.5 1 1.5 2 2.5 3 3.5 4 4.5 5 5.5 6 6.5 7 7.5 8 8.5 9 9.5 10
# StochasticallyHeated: 0 0 0 0 0 0 0 0 0 0 0 0 0 0 0 0 0 0 0 0 0
# Temperature: -1
# Wavelength  CExt  CAbs  CSca  Albedo G EqEm1 StEm1 EqEm2 StEm2 EqEm3 StEm3 EqEm4 StEm4 EqEm5 StEm5 EqEm6 StEm6 EqEm7 StEm7 EqEm8 StEm8 EqEm9 StEm9 EqEm10 StEm10 EqEm11 StEm11 EqEm12 StEm12 EqEm13 StEm13 EqEm14 StEm14 EqEm15 StEm15 EqEm16 StEm16 EqEm17 StEm17 EqEm18 StEm18 EqEm19 StEm19 EqEm20 StEm20 EqEm21 StEm21
0.05 1.1434e-07 5.088e-08 6.34601e-08 0.555012 0.214725 0 0 0 0 0 0 0 0 0 0 0 0 0 0 0 0 0 0 0 0 0 0 0 0 0 0 0 0 0 0 0 0 0 0 0 0 0 0 0 0 0 0
0.0525665 1.26379e-07 5.62374e-08 7.01421e-08 0.555012 0.237335 0 0 0 0 0 0 0 0 0 0 0 0 0 0 0 0 0 0 0 0 0 0 0 0 0 0 0 0 0 0 0 0 0 0 0 0 0 0 0 0 0 0
0.0552647 1.39687e-07 6.21589e-08 7.75277e-08 0.555012 0.262325 0 0 0 0 0 0 0 0 0 0 0 0 0 0 0 0 0 0 0 0 0 0 0 0 0 0 0 0 0 0 0 0 0 0 0 0 0 0 0 0 0 0
0.0581015 1.54395e-07 6.87039e-08 8.5691e-08 0.555012 0.289947 0 0 0 0 0 0 0 0 0 0 0 0 0 0 0 0 0 0 0 0 0 0 0 0 0 0 0 0 0 0 0 0 0 0 0 0 0 0 0 0 0 0
0.0610839 1.70652e-07 7.59381e-08 9.47139e-08 0.555012 0.320477 0 0 0 0 0 0 0 0 0 0 0 0 0 0 0 0 0 0 0 0 0 0 0 0 0 0 0 0 0 0 0 0 0 0 0 0 0 0 0 0 0 0
0.0642193 1.88621e-07 8.3934e-08 1.04687e-07 0.555012 0.354221 0 0 0 0 0 0 0 0 0 0 0 0 0 0 0 0 0 0 0 0 0 0 0 0 0 0 0 0 0 0 0 0 0 0 0 0 0 0 0 0 0 0
0.0675157 2.08482e-07 9.27719e-08 1.1571e-07 0.555012 0.391519 0 0 0 0 0 0 0 0 0 0 0 0 0 0 0 0 0 0 0 0 0 0 0 0 0 0 0 0 0 0 0 0 0 0 0 0 0 0 0 0 0 0
0.0709813 2.30434e-07 1.0254e-07 1.27893e-07 0.555012 0.432744 0 0 0 0 0 0 0 0 0 0 0 0 0 0 0 0 0 0 0 0 0 0 0 0 0 0 0 0 0 0 0 0 0 0 0 0 0 0 0 0 0 0
0.0746248 2.54697e-07 1.13337e-07 1.4136e-07 0.555012 0.47831 0 0 0 0 0 0 0 0 0 0 0 0 0 0 0 0 0 0 0 0 0 0 0 0 0 0 0 0 0 0 0 0 0 0 0 0 0 0 0 0 0 0
0.0784553 2.81516e-07 1.25271e-07 1.56245e-07 0.555012 0.528674 0 0 0 0 0 0 0 0 0 0 0 0 0 0 0 0 0 0 0 0 0 0 0 0 0 0 0 0 0 0 0 0 0 0 0 0 0 0 0 0 0 0
0.0824824 3.11158e-07 1.38462e-07 1.72696e-07 0.555012 0.584341 0 0 0 0 0 0 0 0 0 0 0 0 0 0 0 0 0 0 0 0 0 0 0 0 0 0 0 0 0 0 0 0 0 0 0 0 0 0 0 0 0 0
0.0867162 3.43921e-07 1.53041e-07 1.9088e-07 0.555012 0.645869 0 0 0 0 0 0 0 0 0 0 0 0 0 0 0 0 0 0 0 0 0 0 0 0 0 0 0 0 0 0 0 0 0 0 0 0 0 0 0 0 0 0
0.0911674 3.80135e-07 1.69156e-07 2.10979e-07 0.555012 0.713876 0 0 0 0 0 0 0 0 0 0 0 0 0 0 0 0 0 0 0 0 0 0 0 0 0 0 0 0 0 0 0 0 0 0 0 0 0 0 0 0 0 0
0.095847 4.20161e-07 1.86967e-07 2.33194e-07 0.555012 0.789044 0 0 0 0 0 0 0 0 0 0 0 0 0 0 0 0 0 0 0 0 0 0 0 0 0 0 0 0 0 0 0 0 0 0 0 0 0 0 0 0 0 0
0.100767 4.57415e-07 2.03574e-07 2.5384e-07 0.554946 0.858938 0 0 0 0 0 0 0 0 0 0 0 0 0 0 0 0 0 0 0 0 0 0 0 0 0 0 0 0 0 0 0 0 0 0 0 0 0 0 0 0 0 0
0.105939 4.57838e-07 2.03978e-07 2.5386e-07 0.554476 0.862733 0 0 0 0 0 0 0 0 0 0 0 0 0 0 0 0 0 0 0 0 0 0 0 0 0 0 0 0 0 0 0 0 0 0 0 0 0 0 0 0 0 0
0.111377 4.58263e-07 2.04495e-07 2.53768e-07 0.553761 0.867615 0 0 0 0 0 0 0 0 0 0 0 0 0 0 0 0 0 0 0 0 0 0 0 0 0 0 0 0 0 0 0 0 0 0 0 0 0 0 0 0 0 0
0.117094 4.58685e-07 2.0497e-07 2.53715e-07 0.553135 0.870713 0 0 0 0 0 0 0 0 0 0 0 0 0 0 0 0 0 0 0 0 0 0 0 0 0 0 0 0 0 0 0 0 0 0 0 0 0 0 0 0 0 0
0.123105 4.59117e-07 2.05698e-07 2.53419e-07 0.55197 0.872635 0 0 0 0 0 0 0 0 0 0 0 0 0 0 0 0 0 0 0 0 0 0 0 0 0 0 0 0 0 0 0 0 0 0 0 0 0 0 0 0 0 0
0.129424 4.59518e-07 2.0653e-07 2.52988e-07 0.55055 0.873537 0 0 0 0 0 0 0 0 0 0 0 0 0 0 0 0 0 0 0 0 0 0 0 0 0 0 0 0 0 0 0 0 0 0 0 0 0 0 0 0 0 0
0.136067 4.5996e-07 2.07065e-07 2.52895e-07 0.549819 0.873239 0 0 0 0 0 0 0 0 0 0 0 0 0 0 0 0 0 0 0 0 0 0 0 0 0 0 0 0 0 0 0 0 0 0 0 0 0 0 0 0 0 0
0.143051 4.60399e-07 2.08032e-07 2.52367e-07 0.548149 0.870941 0 0 0 0 0 0 0 0 0 0 0 0 0 0 0 0 0 0 0 0 0 0 0 0 0 0 0 0 0 0 0 0 0 0 0 0 0 0 0 0 0 0
0.150394 4.60875e-07 2.09602e-07 2.51273e-07 0.545209 0.872058 0 0 0 0 0 0 0 0 0 0 0 0 0 0 0 0 0 0 0 0 0 0 0 0 0 0 0 0 0 0 0 0 0 0 0 0 0 0 0 0 0 0
0.158114 4.61433e-07 2.11653e-07 2.4978e-07 0.541315 0.878257 0 0 0 0 0 0 0 0 0 0 0 0 0 0 0 0 0 0 0 0 0 0 0 0 0 0 0 0 0 0 0 0 0 0 0 0 0 0 0 0 0 0
0.16623 4.6209e-07 2.13798e-07 2.48292e-07 0.537324 0.885878 0 0 0 0 0 0 0 0 0 0 0 0 0 0 0 0 0 0 0 0 0 0 0 0 0 0 0 0 0 0 0 0 0 0 0 0 0 0 0 0 0 0
0.174762 4.62769e-07 2.15733e-07 2.47036e-07 0.533821 0.892795 0 0 0 0 0 0 0 0 0 0 0 0 0 0 0 0 0 0 0 0 0 0 0 0 0 0 0 0 0 0 0 0 0 0 0 0 0 0 0 0 0 0
0.183733 4.63446e-07 2.16262e-07 2.47184e-07 0.53336 0.898968 0 0 0 0 0 0 0 0 0 0 0 0 0 0 0 0 0 0 0 0 0 0 0 0 0 0 0 0 0 0 0 0 0 0 0 0 0 0 0 0 0 0
0.193164 4.6549e-07 2.10853e-07 2.54637e-07 0.547029 0.904192 0 0 0 0 0 0 0 0 0 0 0 0 0 0 0 0 0 0 0 0 0 0 0 0 0 0 0 0 0 0 0 0 0 0 0 0 0 0 0 0 0 0
0.203079 4.65858e-07 2.11643e-07 2.54215e-07 0.545693 0.908615 0 0 0 0 0 0 0 0 0 0 0 0 0 0 0 0 0 0 0 0 0 0 0 0 0 0 0 0 0 0 0 0 0 0 0 0 0 0 0 0 0 0
0.213503 4.65491e-07 2.14434e-07 2.51057e-07 0.539337 0.912455 0 0 0 0 0 0 0 0 0 0 0 0 0 0 0 0 0 0 0 0 0 0 0 0 0 0 0 0 0 0 0 0 0 0 0 0 0 0 0 0 0 0
0.224463 4.65228e-07 2.16463e-07 2.48765e-07 0.534716 0.915566 0 0 0 0 0 0 0 0 0 0 0 0 0 0 0 0 0 0 0 0 0 0 0 0 0 0 0 0 0 0 0 0 0 0 0 0 0 0 0 0 0 0
0.235984 4.6507e-07 2.18485e-07 2.46584e-07 0.53021 0.917852 0 0 0 0 0 0 0 0 0 0 0 0 0 0 0 0 0 0 0 0 0 0 0 0 0 0 0 0 0 0 0 0 0 0 0 0 0 0 0 0 0 0
0.248097 4.6509e-07 2.2023e-07 2.4486e-07 0.526478 0.91968 0 0 0 0 0 0 0 0 0 0 0 0 0 0 0 0 0 0 0 0 0 0 0 0 0 0 0 0 0 0 0 0 0 0 0 0 0 0 0 0 0 0
0.260832 4.65346e-07 2.21671e-07 2.43676e-07 0.523644 0.921037 0 0 0 0 0 0 0 0 0 0 0 0 0 0 0 0 0 0 0 0 0 0 0 0 0 0 0 0 0 0 0 0 0 0 0 0 0 0 0 0 0 0
0.274221 4.65769e-07 2.22845e-07 2.42923e-07 0.521553 0.922056 0 0 0 0 0 0 0 0 0 0 0 0 0 0 0 0 0 0 0 0 0 0 0 0 0 0 0 0 0 0 0 0 0 0 0 0 0 0 0 0 0 0
0.288297 4.66332e-07 2.23792e-07 2.4254e-07 0.520101 0.922775 0 0 0 0 0 0 0 0 0 0 0 0 0 0 0 0 0 0 0 0 0 0 0 0 0 0 0 0 0 0 0 0 0 0 0 0 0 0 0 0 0 0
0.303095 4.67009e-07 2.24617e-07 2.42392e-07 0.519031 0.923332 0 0 0 0 0 0 0 0 0 0 0 0 0 0 0 0 0 0 0 0 0 0 0 0 0 0 0 0 0 0 0 0 0 0 0 0 0 0 0 0 0 0
0.318653 4.6776e-07 2.25326e-07 2.42434e-07 0.518288 0.923937 0 0 0 0 0 0 0 0 0 0 0 0 0 0 0 0 0 0 0 0 0 0 0 0 0 0 0 0 0 0 0 0 0 0 0 0 0 0 0 0 0 0
0.335009 4.686e-07 2.25974e-07 2.42626e-07 0.517768 0.923889 0 0 0 0 0 0 0 0 0 0 0 0 0 0 0 0 0 0 0 0 0 0 0 0 0 0 0 0 0 0 0 0 0 0 0 0 0 0 0 0 0 0
0.352205 4.69505e-07 2.26586e-07 2.42919e-07 0.517393 0.923875 0 0 0 0 0 0 0 0 0 0 0 0 0 0 0 0 0 0 0 0 0 0 0 0 0 0 0 0 0 0 0 0 0 0 0 0 0 0 0 0 0 0
0.370284 4.70464e-07 2.27164e-07 2.43299e-07 0.517148 0.924185 0 0 0 0 0 0 0 0 0 0 0 0 0 0 0 0 0 0 0 0 0 0 0 0 0 0 0 0 0 0 0 0 0 0 0 0 0 0 0 0 0 0
0.389291 4.71492e-07 2.27749e-07 2.43743e-07 0.516962 0.92311 0 0 0 0 0 0 0 0 0 0 0 0 0 0 0 0 0 0 0 0 0 0 0 0 0 0 0 0 0 0 0 0 0 0 0 0 0 0 0 0 0 0
0.409273 4.72575e-07 2.28334e-07 2.44241e-07 0.51683 0.923627 0 0 0 0 0 0 0 0 0 0 0 0 0 0 0 0 0 0 0 0 0 0 0 0 0 0 0 0 0 0 0 0 0 0 0 0 0 0 0 0 0 0
0.430281 4.73717e-07 2.28928e-07 2.44789e-07 0.516741 0.921878 0 0 0 0 0 0 0 0 0 0 0 0 0 0 0 0 0 0 0 0 0 0 0 0 0 0 0 0 0 0 0 0 0 0 0 0 0 0 0 0 0 0
0.452368 4.74907e-07 2.29533e-07 2.45374e-07 0.516677 0.922026 0 0 0 0 0 0 0 0 0 0 0 0 0 0 0 0 0 0 0 0 0 0 0 0 0 0 0 0 0 0 0 0 0 0 0 0 0 0 0 0 0 0
0.475588 4.76158e-07 2.30159e-07 2.45999e-07 0.516633 0.92035 0 0 0 0 0 0 0 0 0 0 0 0 0 0 0 0 0 0 0 0 0 0 0 0 0 0 0 0 0 0 0 0 0 0 0 0 0 0 0 0 0 0
0.5 4.77476e-07 2.30808e-07 2.46668e-07 0.516608 0.918781 0 0 0 0 0 0 0 0 0 0 0 0 0 0 0 0 0 0 0 0 0 0 0 0 0 0 0 0 0 0 0 0 0 0 0 0 0 0 0 0 0 0
0.525665 4.78853e-07 2.31477e-07 2.47376e-07 0.516601 0.919035 0 0 0 0 0 0 0 0 0 0 0 0 0 0 0 0 0 0 0 0 0 0 0 0 0 0 0 0 0 0 0 0 0 0 0 0 0 0 0 0 0 0
0.552648 4.80302e-07 2.32169e-07 2.48132e-07 0.516618 0.915409 0 0 0 0 0 0 0 0 0 0 0 0 0 0 0 0 0 0 0 0 0 0 0 0 0 0 0 0 0 0 0 0 0 0 0 0 0 0 0 0 0 0
0.581015 4.8182e-07 2.32903e-07 2.48917e-07 0.516618 0.913744 0 0 0 0 0 0 0 0 0 0 0 0 0 0 0 0 0 0 0 0 0 0 0 0 0 0 0 0 0 0 0 0 0 0 0 0 0 0 0 0 0 0
0.610839 4.83422e-07 2.33669e-07 2.49753e-07 0.516635 0.913452 0 0 0 0 0 0 0 0 0 0 0 0 0 0 0 0 0 0 0 0 0 0 0 0 0 0 0 0 0 0 0 0 0 0 0 0 0 0 0 0 0 0
0.642193 4.85094e-07 2.34463e-07 2.50632e-07 0.516666 0.909631 0 0 0 0 0 0 0 0 0 0 0 0 0 0 0 0 0 0 0 0 0 0 0 0 0 0 0 0 0 0 0 0 0 0 0 0 0 0 0 0 0 0
0.675157 4.86853e-07 2.35299e-07 2.51554e-07 0.516694 0.90614 0 0 0 0 0 0 0 0 0 0 0 0 0 0 0 0 0 0 0 0 0 0 0 0 0 0 0 0 0 0 0 0 0 0 0 0 0 0 0 0 0 0
0.709813 4.88706e-07 2.36186e-07 2.5252e-07 0.516712 0.905359 0 0 0 0 0 0 0 0 0 0 0 0 0 0 0 0 0 0 0 0 0 0 0 0 0 0 0 0 0 0 0 0 0 0 0 0 0 0 0 0 0 0
0.746248 4.90659e-07 2.37123e-07 2.53536e-07 0.516726 0.903424 0 0 0 0 0 0 0 0 0 0 0 0 0 0 0 0 0 0 0 0 0 0 0 0 0 0 0 0 0 0 0 0 0 0 0 0 0 0 0 0 0 0
0.784553 4.92716e-07 2.38106e-07 2.5461e-07 0.516748 0.897416 0 0 0 0 0 0 0 0 0 0 0 0 0 0 0 0 0 0 0 0 0 0 0 0 0 0 0 0 0 0 0 0 0 0 0 0 0 0 0 0 0 0
0.824824 4.94879e-07 2.39148e-07 2.55731e-07 0.516755 0.890927 0 0 0 0 0 0 0 0 0 0 0 0 0 0 0 0 0 0 0 0 0 0 0 0 0 0 0 0 0 0 0 0 0 0 0 0 0 0 0 0 0 0
0.867162 4.97151e-07 2.40239e-07 2.56913e-07 0.51677 0.887803 0 0 0 0 0 0 0 0 0 0 0 0 0 0 0 0 0 0 0 0 0 0 0 0 0 0 0 0 0 0 0 0 0 0 0 0 0 0 0 0 0 0
0.911674 4.99553e-07 2.41411e-07 2.58142e-07 0.516746 0.887824 0 0 0 0 0 0 0 0 0 0 0 0 0 0 0 0 0 0 0 0 0 0 0 0 0 0 0 0 0 0 0 0 0 0 0 0 0 0 0 0 0 0
0.95847 5.02081e-07 2.4266e-07 2.59421e-07 0.516691 0.886708 0 0 0 0 0 0 0 0 0 0 0 0 0 0 0 0 0 0 0 0 0 0 0 0 0 0 0 0 0 0 0 0 0 0 0 0 0 0 0 0 0 0
1.00767 5.04736e-07 2.43978e-07 2.60758e-07 0.516623 0.880604 0 0 0 0 0 0 0 0 0 0 0 0 0 0 0 0 0 0 0 0 0 0 0 0 0 0 0 0 0 0 0 0 0 0 0 0 0 0 0 0 0 0
1.05939 5.08687e-07 2.4589e-07 2.62797e-07 0.516618 0.870118 0 0 0 0 0 0 0 0 0 0 0 0 0 0 0 0 0 0 0 0 0 0 0 0 0 0 0 0 0 0 0 0 0 0 0 0 0 0 0 0 0 0
1.11377 5.1631e-07 2.47461e-07 2.68849e-07 0.520712 0.862082 0 0 0 0 0 0 0 0 0 0 0 0 0 0 0 0 0 0 0 0 0 0 0 0 0 0 0 0 0 0 0 0 0 0 0 0 0 0 0 0 0 0
1.17094 5.28313e-07 2.49451e-07 2.78861e-07 0.527834 0.859281 0 0 0 0 0 0 0 0 0 0 0 0 0 0 0 0 0 0 0 0 0 0 0 0 0 0 0 0 0 0 0 0 0 0 0 0 0 0 0 0 0 0
1.23105 5.39153e-07 2.51521e-07 2.87632e-07 0.533489 0.857653 0 0 0 0 0 0 0 0 0 0 0 0 0 0 0 0 0 0 0 0 0 0 0 0 0 0 0 0 0 0 0 0 0 0 0 0 0 0 0 0 0 0
1.29424 5.44139e-07 2.53598e-07 2.90542e-07 0.533947 0.856235 0 0 0 0 0 0 0 0 0 0 0 0 0 0 0 0 0 0 0 0 0 0 0 0 0 0 0 0 0 0 0 0 0 0 0 0 0 0 0 0 0 0
1.36067 5.43303e-07 2.55772e-07 2.8753e-07 0.529227 0.850173 0 0 0 0 0 0 0 0 0 0 0 0 0 0 0 0 0 0 0 0 0 0 0 0 0 0 0 0 0 0 0 0 0 0 0 0 0 0 0 0 0 0
1.43051 5.38513e-07 2.57935e-07 2.80578e-07 0.521024 0.832273 0 0 0 0 0 0 0 0 0 0 0 0 0 0 0 0 0 0 0 0 0 0 0 0 0 0 0 0 0 0 0 0 0 0 0 0 0 0 0 0 0 0
1.50394 5.3498e-07 2.59983e-07 2.74997e-07 0.514033 0.814887 0 0 0 0 0 0 0 0 0 0 0 0 0 0 0 0 0 0 0 0 0 0 0 0 0 0 0 0 0 0 0 0 0 0 0 0 0 0 0 0 0 0
1.58114 5.35668e-07 2.62118e-07 2.73549e-07 0.51067 0.801782 0 0 0 0 0 0 0 0 0 0 0 0 0 0 0 0 0 0 0 0 0 0 0 0 0 0 0 0 0 0 0 0 0 0 0 0 0 0 0 0 0 0
1.6623 5.40809e-07 2.64264e-07 2.76544e-07 0.511353 0.800385 0 0 0 0 0 0 0 0 0 0 0 0 0 0 0 0 0 0 0 0 0 0 0 0 0 0 0 0 0 0 0 0 0 0 0 0 0 0 0 0 0 0
1.74763 5.47952e-07 2.66463e-07 2.81489e-07 0.513711 0.809765 0 0 0 0 0 0 0 0 0 0 0 0 0 0 0 0 0 0 0 0 0 0 0 0 0 0 0 0 0 0 0 0 0 0 0 0 0 0 0 0 0 0
1.83733 5.55144e-07 2.68265e-07 2.86879e-07 0.516766 0.825207 0 0 0 0 0 0 0 0 0 0 0 0 0 0 0 0 0 0 0 0 0 0 0 0 0 0 0 0 0 0 0 0 0 0 0 0 0 0 0 0 0 0
1.93164 5.59924e-07 2.70988e-07 2.88936e-07 0.516028 0.833266 0 0 0 0 0 0 0 0 0 0 0 0 0 0 0 0 0 0 0 0 0 0 0 0 0 0 0 0 0 0 0 0 0 0 0 0 0 0 0 0 0 0
2.03079 5.61204e-07 2.73338e-07 2.87866e-07 0.512943 0.843502 0 0 0 0 0 0 0 0 0 0 0 0 0 0 0 0 0 0 0 0 0 0 0 0 0 0 0 0 0 0 0 0 0 0 0 0 0 0 0 0 0 0
2.13503 5.59989e-07 2.75616e-07 2.84374e-07 0.50782 0.830409 0 0 0 0 0 0 0 0 0 0 0 0 0 0 0 0 0 0 0 0 0 0 0 0 0 0 0 0 0 0 0 0 0 0 0 0 0 0 0 0 0 0
2.24463 5.59023e-07 2.78218e-07 2.80805e-07 0.502313 0.823664 0 0 0 0 0 0 0 0 0 0 0 0 0 0 0 0 0 0 0 0 0 0 0 0 0 0 0 0 0 0 0 0 0 0 0 0 0 0 0 0 0 0
2.35984 5.58262e-07 2.80586e-07 2.77676e-07 0.497394 0.779976 0 0 0 0 0 0 0 0 0 0 0 0 0 0 0 0 0 0 0 0 0 0 0 0 0 0 0 0 0 0 0 0 0 0 0 0 0 0 0 0 0 0
2.48097 5.62335e-07 2.82863e-07 2.79471e-07 0.496984 0.743242 0 0 0 0 0 0 0 0 0 0 0 0 0 0 0 0 0 0 0 0 0 0 0 0 0 0 0 0 0 0 0 0 0 0 0 0 0 0 0 0 0 0
2.60832 5.68007e-07 2.84751e-07 2.83256e-07 0.498684 0.682138 0 0 0 0 0 0 0 0 0 0 0 0 0 0 0 0 0 0 0 0 0 0 0 0 0 0 0 0 0 0 0 0 0 0 0 0 0 0 0 0 0 0
2.74221 5.79175e-07 2.87064e-07 2.92111e-07 0.504357 0.606009 0 0 0 0 0 0 0 0 0 0 0 0 0 0 0 0 0 0 0 0 0 0 0 0 0 0 0 0 0 0 0 0 0 0 0 0 0 0 0 0 0 0
2.88297 5.92536e-07 2.90189e-07 3.02347e-07 0.510259 0.585971 0 0 0 0 0 0 0 0 0 0 0 0 0 0 0 0 0 0 0 0 0 0 0 0 0 0 0 0 0 0 0 0 0 0 0 0 0 0 0 0 0 0
3.03095 6.06056e-07 2.91739e-07 3.14317e-07 0.518627 0.545023 0 0 0 0 0 0 0 0 0 0 0 0 0 0 0 0 0 0 0 0 0 0 0 0 0 0 0 0 0 0 0 0 0 0 0 0 0 0 0 0 0 0
3.18653 6.22059e-07 2.93905e-07 3.28154e-07 0.527529 0.551541 0 0 0 0 0 0 0 0 0 0 0 0 0 0 0 0 0 0 0 0 0 0 0 0 0 0 0 0 0 0 0 0 0 0 0 0 0 0 0 0 0 0
3.35009 6.3717e-07 2.96587e-07 3.40583e-07 0.534525 0.585039 0 0 0 0 0 0 0 0 0 0 0 0 0 0 0 0 0 0 0 0 0 0 0 0 0 0 0 0 0 0 0 0 0 0 0 0 0 0 0 0 0 0
3.52205 6.435e-07 2.99914e-07 3.43586e-07 0.533934 0.598499 0 0 0 0 0 0 0 0 0 0 0 0 0 0 0 0 0 0 0 0 0 0 0 0 0 0 0 0 0 0 0 0 0 0 0 0 0 0 0 0 0 0
3.70284 6.63501e-07 2.97908e-07 3.65593e-07 0.551006 0.641339 0 0 0 0 0 0 0 0 0 0 0 0 0 0 0 0 0 0 0 0 0 0 0 0 0 0 0 0 0 0 0 0 0 0 0 0 0 0 0 0 0 0
3.89291 6.78543e-07 2.98231e-07 3.80312e-07 0.560483 0.671178 0 0 0 0 0 0 0 0 0 0 0 0 0 0 0 0 0 0 0 0 0 0 0 0 0 0 0 0 0 0 0 0 0 0 0 0 0 0 0 0 0 0
4.09273 6.89199e-07 2.98168e-07 3.91031e-07 0.56737 0.686327 0 0 0 0 0 0 0 0 0 0 0 0 0 0 0 0 0 0 0 0 0 0 0 0 0 0 0 0 0 0 0 0 0 0 0 0 0 0 0 0 0 0
4.30281 6.95616e-07 2.97791e-07 3.97826e-07 0.571904 0.702367 0 0 0 0 0 0 0 0 0 0 0 0 0 0 0 0 0 0 0 0 0 0 0 0 0 0 0 0 0 0 0 0 0 0 0 0 0 0 0 0 0 0
4.52368 6.97881e-07 2.97587e-07 4.00293e-07 0.573584 0.724079 0 0 0 0 0 0 0 0 0 0 0 0 0 0 0 0 0 0 0 0 0 0 0 0 0 0 0 0 0 0 0 0 0 0 0 0 0 0 0 0 0 0
4.75588 6.96467e-07 2.98306e-07 3.98161e-07 0.571687 0.735374 0 0 0 0 0 0 0 0 0 0 0 0 0 0 0 0 0 0 0 0 0 0 0 0 0 0 0 0 0 0 0 0 0 0 0 0 0 0 0 0 0 0
5 6.91654e-07 2.99644e-07 3.9201e-07 0.566772 0.737584 0 0 0 0 0 0 0 0 0 0 0 0 0 0 0 0 0 0 0 0 0 0 0 0 0 0 0 0 0 0 0 0 0 0 0 0 0 0 0 0 0 0
5.25665 6.82888e-07 2.99994e-07 3.82894e-07 0.560699 0.73341 0 0 0 0 0 0 0 0 0 0 0 0 0 0 0 0 0 0 0 0 0 0 0 0 0 0 0 0 0 0 0 0 0 0 0 0 0 0 0 0 0 0
5.52648 6.70526e-07 2.98716e-07 3.7181e-07 0.554505 0.736199 0 0 0 0 0 0 0 0 0 0 0 0 0 0 0 0 0 0 0 0 0 0 0 0 0 0 0 0 0 0 0 0 0 0 0 0 0 0 0 0 0 0
5.81015 6.56168e-07 2.96748e-07 3.59419e-07 0.547755 0.74381 0 0 0 0 0 0 0 0 0 0 0 0 0 0 0 0 0 0 0 0 0 0 0 0 0 0 0 0 0 0 0 0 0 0 0 0 0 0 0 0 0 0
6.10839 6.40564e-07 2.95466e-07 3.45098e-07 0.53874 0.747934 0 0 0 0 0 0 0 0 0 0 0 0 0 0 0 0 0 0 0 0 0 0 0 0 0 0 0 0 0 0 0 0 0 0 0 0 0 0 0 0 0 0
6.42193 6.23012e-07 2.9489e-07 3.28122e-07 0.52667 0.738139 0 0 0 0 0 0 0 0 0 0 0 0 0 0 0 0 0 0 0 0 0 0 0 0 0 0 0 0 0 0 0 0 0 0 0 0 0 0 0 0 0 0
6.75157 6.0053e-07 2.93792e-07 3.06738e-07 0.510778 0.716886 0 0 0 0 0 0 0 0 0 0 0 0 0 0 0 0 0 0 0 0 0 0 0 0 0 0 0 0 0 0 0 0 0 0 0 0 0 0 0 0 0 0
7.09813 5.76493e-07 2.90808e-07 2.85685e-07 0.495556 0.700586 0 0 0 0 0 0 0 0 0 0 0 0 0 0 0 0 0 0 0 0 0 0 0 0 0 0 0 0 0 0 0 0 0 0 0 0 0 0 0 0 0 0
7.46248 5.43227e-07 2.84562e-07 2.58665e-07 0.476164 0.70509 0 0 0 0 0 0 0 0 0 0 0 0 0 0 0 0 0 0 0 0 0 0 0 0 0 0 0 0 0 0 0 0 0 0 0 0 1.4013e-45 0 4.2039e-45 0 1.26117e-44 0
7.84553 4.97771e-07 2.74271e-07 2.23499e-07 0.449001 0.705456 0 0 0 0 0 0 0 0 0 0 0 0 0 0 0 0 0 0 0 0 0 0 0 0 0 0 1.4013e-45 0 2.8026e-45 0 1.26117e-44 0 3.92364e-44 0 1.14906e-43 0 3.18095e-43 0 8.29569e-43 0 2.0529e-42 0
8.24824 4.42578e-07 2.71405e-07 1.71173e-07 0.386764 0.672891 0 0 0 0 0 0 0 0 0 0 0 0 0 0 0 0 0 0 0 0 1.4013e-45 0 8.40779e-45 0 3.92364e-44 0 1.65353e-43 0 6.24979e-43 0 2.08934e-42 0 6.33387e-42 0 1.7505e-41 0 4.58533e-41 0 1.14098e-40 0 2.70329e-40 0
8.67162 4.24668e-07 2.82618e-07 1.4205e-07 0.334496 0.635231 0 0 0 0 0 0 0 0 0 0 0 0 0 0 0 0 4.2039e-45 0 3.92364e-44 0 2.71852e-43 0 1.44194e-42 0 6.48521e-42 0 2.55541e-41 0 9.05435e-41 0 2.85446e-40 0 8.19883e-40 0 2.15644e-39 0 5.3891e-39 0 1.28262e-38 0 2.91355e-38 0
9.11674 4.53074e-07 3.09734e-07 1.4334e-07 0.316372 0.596324 0 0 0 0 0 0 0 0 0 0 0 0 5.60519e-45 0 8.40779e-44 0 8.96831e-43 0 6.88038e-42 0 4.28559e-41 0 2.09015e-40 0 8.73654e-40 0 3.21932e-39 0 1.07236e-38 0 3.19638e-38 0 8.71992e-38 0 2.18773e-37 0 5.22817e-37 0 1.19274e-36 0 2.603e-36 0
9.5847 5.19874e-07 3.40298e-07 1.79576e-07 0.345422 0.568602 0 0 0 0 0 0 0 0 0 0 3.64338e-44 0 9.55686e-43 0 1.38757e-41 0 1.32407e-40 0 9.19309e-40 0 5.23688e-39 0 2.36395e-38 0 9.21454e-38 0 3.18598e-37 0 1.0007e-36 0 2.8279e-36 0 7.34579e-36 0 1.76204e-35 0 4.03551e-35 0 8.84316e-35 0 1.85775e-34 0
10.0767 5.71633e-07 3.57051e-07 2.14582e-07 0.375385 0.539428 0 0 0 0 0 0 0 0 1.14906e-43 0 5.96813e-42 0 1.33297e-40 0 1.69798e-39 0 1.45124e-38 0 9.16646e-38 0 4.79646e-37 0 2.01154e-36 0 7.33695e-36 0 2.3877e-35 0 7.09208e-35 0 1.90505e-34 0 4.72322e-34 0 1.08558e-33 0 2.38768e-33 0 5.03558e-33 0 1.02021e-32 0
10.5939 5.96165e-07 3.61269e-07 2.34896e-07 0.394012 0.503279 0 0 0 0 0 0 1.09301e-43 0 1.70412e-41 0 7.26694e-40 0 1.3946e-38 0 1.56893e-37 0 1.20758e-36 0 6.97101e-36 0 3.36453e-35 0 1.31563e-34 0 4.50487e-34 0 1.38397e-33 0 3.89795e-33 0 9.97737e-33 0 2.36644e-32 0 5.22245e-32 0 1.10529e-31 0 2.24763e-31 0 4.3994e-31 0
11.1377 6.12177e-07 3.61848e-07 2.50329e-07 0.408916 0.468721 0 0 0 0 1.12104e-44 0 1.57548e-41 0 1.92883e-39 0 6.84784e-38 0 1.13764e-36 0 1.1372e-35 0 7.92275e-35 0 4.1984e-34 0 1.87644e-33 0 6.86483e-33 0 2.2135e-32 0 6.43762e-32 0 1.72377e-31 0 4.21434e-31 0 9.58289e-31 0 2.03465e-30 0 4.15138e-30 0 8.15444e-30 0 1.54462e-29 0
11.7094 6.20039e-07 3.58827e-07 2.61212e-07 0.421283 0.436237 0 0 0 0 1.86653e-42 0 1.75078e-39 0 1.69507e-37 0 5.05544e-36 0 7.32189e-35 0 6.54093e-34 0 4.14493e-33 0 2.02473e-32 0 8.41142e-32 0 2.88843e-31 0 8.79606e-31 0 2.42827e-30 0 6.19676e-30 0 1.45031e-29 0 3.16817e-29 0 6.4839e-29 0 1.27767e-28 0 2.42831e-28 0 4.45848e-28 0
12.3105 6.11669e-07 3.49942e-07 2.61727e-07 0.42789 0.412973 0 0 1.4013e-45 0 2.2349e-40 0 1.50123e-37 0 1.16264e-35 0 2.93778e-34 0 3.73427e-33 0 2.99771e-32 0 1.73587e-31 0 7.84753e-31 0 3.04115e-30 0 9.83267e-30 0 2.83586e-29 0 7.45009e-29 0 1.8162e-28 0 4.07783e-28 0 8.57451e-28 0 1.69454e-27 0 3.23036e-27 0 5.95005e-27 0 1.06052e-26 0
12.9424 5.6242e-07 3.32392e-07 2.30029e-07 0.408998 0.403977 0 0 1.7236e-43 0 2.03624e-38 0 9.95369e-36 0 6.23377e-34 0 1.34539e-32 0 1.51051e-31 0 1.09532e-30 0 5.82141e-30 0 2.44486e-29 0 8.86822e-29 0 2.70762e-28 0 7.41551e-28 0 1.85839e-27 0 4.33755e-27 0 9.3618e-27 0 1.89837e-26 0 3.62893e-26 0 6.70343e-26 0 1.19844e-25 0 2.07663e-25 0
13.6067 5.19599e-07 3.19081e-07 2.00517e-07 0.385908 0.40266 0 0 2.21994e-41 0 1.48226e-36 0 5.35528e-34 0 2.74046e-32 0 5.09077e-31 0 5.07903e-30 0 3.34341e-29 0 1.63778e-28 0 6.4129e-28 0 2.18431e-27 0 6.31536e-27 0 1.6466e-26 0 3.94552e-26 0 8.83567e-26 0 1.83671e-25 0 3.59809e-25 0 6.66395e-25 0 1.19464e-24 0 2.07604e-24 0 3.50206e-24 0
14.3051 4.78099e-07 3.06867e-07 1.71232e-07 0.358151 0.371014 1.4013e-44 0 2.22684e-39 0 8.64423e-35 0 2.34261e-32 0 9.89234e-31 0 1.59332e-29 0 1.42078e-28 0 8.53054e-28 0 3.8668e-27 0 1.41647e-26 0 4.54444e-26 0 1.24753e-25 0 3.104e-25 0 7.12702e-25 0 1.53443e-24 0 3.07775e-24 0 5.83453e-24 0 1.04857e-23 0 1.82695e-23 0 3.09035e-23 0 5.08168e-23 0
15.0394 4.46667e-07 3.02013e-07 1.44655e-07 0.323853 0.314365 2.03328e-42 0 1.79979e-37 0 4.17066e-33 0 8.59787e-31 0 3.02428e-29 0 4.253e-28 0 3.40819e-27 0 1.87486e-26 0 7.89398e-26 0 2.71407e-25 0 8.22577e-25 0 2.14949e-24 0 5.11538e-24 0 1.12782e-23 0 2.33894e-23 0 4.53467e-23 0 8.33213e-23 0 1.45518e-22 0 2.46759e-22 0 4.06826e-22 0 6.52924e-22 0
15.8114 4.38296e-07 3.09646e-07 1.2865e-07 0.293522 0.266483 2.37877e-40 0 1.20711e-35 0 1.71243e-31 0 2.72151e-29 0 8.04541e-28 0 9.94417e-27 0 7.19894e-26 0 3.64385e-25 0 1.43023e-24 0 4.62963e-24 0 1.3292e-23 0 3.31422e-23 0 7.56031e-23 0 1.60375e-22 0 3.20959e-22 0 6.02474e-22 0 1.07461e-21 0 1.82636e-21 0 3.01818e-21 0 4.85601e-21 0 7.61556e-21 0
16.623 4.50692e-07 3.25846e-07 1.24846e-07 0.277009 0.227619 2.23853e-38 0 6.69297e-34 0 5.95353e-30 0 7.38757e-28 0 1.85111e-26 0 2.02365e-25 0 1.33003e-24 0 6.21967e-24 0 2.2836e-23 0 6.97994e-23 0 1.90341e-22 0 4.5389e-22 0 9.9454e-22 0 2.03364e-21 0 3.93437e-21 0 7.16162e-21 0 1.2418e-20 0 2.05657e-20 0 3.31627e-20 0 5.21315e-20 0 7.99801e-20 0
17.4762 4.71853e-07 3.43008e-07 1.28844e-07 0.273061 0.195963 1.6716e-36 0 3.02181e-32 0 1.72429e-28 0 1.69088e-26 0 3.62028e-25 0 3.52153e-24 0 2.11122e-23 0 9.15654e-23 0 3.15504e-22 0 9.1316e-22 0 2.37113e-21 0 5.41934e-21 0 1.14284e-20 0 2.25667e-20 0 4.22745e-20 0 7.47331e-20 0 1.26149e-19 0 2.03834e-19 0 3.21109e-19 0 4.93755e-19 0 7.41853e-19 0
18.3733 4.89688e-07 3.5536e-07 1.34328e-07 0.274313 0.17017 9.85618e-35 0 1.10406e-30 0 4.12985e-27 0 3.23746e-25 0 5.96851e-24 0 5.19538e-23 0 2.85393e-22 0 1.15221e-21 0 3.73743e-21 0 1.02702e-20 0 2.5454e-20 0 5.58752e-20 0 1.13615e-19 0 2.17017e-19 0 3.94269e-19 0 6.77871e-19 0 1.11536e-18 0 1.7605e-18 0 2.71253e-18 0 4.08423e-18 0 6.01566e-18 0
19.3164 4.9599e-07 3.59115e-07 1.36875e-07 0.275963 0.150313 4.59699e-33 0 3.2663e-29 0 8.1762e-26 0 5.18007e-24 0 8.28328e-23 0 6.48742e-22 0 3.27926e-21 0 1.23672e-20 0 3.78759e-20 0 9.90686e-20 0 2.34891e-19 0 4.96202e-19 0 9.74603e-19 0 1.80369e-18 0 3.18274e-18 0 5.32923e-18 0 8.55804e-18 0 1.32104e-17 0 1.99292e-17 0 2.94135e-17 0 4.25118e-17 0
20.3079 4.84235e-07 3.52411e-07 1.31824e-07 0.272232 0.136778 1.7058e-31 0 7.86067e-28 0 1.34285e-24 0 6.9477e-23 0 9.70355e-22 0 6.87318e-21 0 3.21e-20 0 1.13463e-19 0 3.29012e-19 0 8.21102e-19 0 1.86647e-18 0 3.80151e-18 0 7.22457e-18 0 1.29746e-17 0 2.22685e-17 0 3.63601e-17 0 5.70546e-17 0 8.62239e-17 0 1.27492e-16 0 1.84623e-16 0 2.62082e-16 0
21.3503 4.65802e-07 3.42604e-07 1.23197e-07 0.264484 0.125728 5.18775e-30 0 1.58359e-26 0 1.88098e-23 0 8.02642e-22 0 9.85607e-21 0 6.34482e-20 0 2.74844e-19 0 9.13403e-19 0 2.51447e-18 0 6.00121e-18 0 1.31054e-17 0 2.57812e-17 0 4.74836e-17 0 8.28726e-17 0 1.38533e-16 0 2.20847e-16 0 3.39003e-16 0 5.02094e-16 0 7.28359e-16 0 1.03585e-15 0 1.44551e-15 0
22.4463 4.43878e-07 3.29432e-07 1.14446e-07 0.257832 0.116272 1.303e-28 0 2.68827e-25 0 2.25992e-22 0 8.02863e-21 0 8.72257e-20 0 5.12714e-19 0 2.06756e-18 0 6.4799e-18 0 1.69777e-17 0 3.88354e-17 0 8.16355e-17 0 1.55376e-16 0 2.77762e-16 0 4.71771e-16 0 7.69095e-16 0 1.19847e-15 0 1.80158e-15 0 2.61762e-15 0 3.72889e-15 0 5.21272e-15 0 7.15686e-15 0
23.5984 4.12061e-07 3.0892e-07 1.03141e-07 0.250306 0.108366 2.6886e-27 0 3.82143e-24 0 2.31235e-21 0 6.90078e-20 0 6.67298e-19 0 3.59744e-18 0 1.35522e-17 0 4.01696e-17 0 1.00412e-16 0 2.20591e-16 0 4.47184e-16 0 8.24791e-16 0 1.43323e-15 0 2.37215e-15 0 3.77597e-15 0 5.75799e-15 0 8.48504e-15 0 1.21055e-14 0 1.69494e-14 0 2.33097e-14 0 3.15118e-14 0
24.8097 3.74526e-07 2.84556e-07 8.99704e-08 0.240224 0.101191 4.6291e-26 0 4.61603e-23 0 2.04304e-20 0 5.16551e-19 0 4.47119e-18 0 2.2201e-17 0 7.83908e-17 0 2.20351e-16 0 5.26715e-16 0 1.1135e-15 0 2.18074e-15 0 3.90375e-15 0 6.60295e-15 0 1.0663e-14 0 1.65924e-14 0 2.47859e-14 0 3.58399e-14 0 5.0253e-14 0 6.92143e-14 0 9.37176e-14 0 1.24843e-13 0
26.0832 3.36162e-07 2.59224e-07 7.69375e-08 0.228871 0.0951979 6.74931e-25 0 4.80418e-22 0 1.57921e-19 0 3.41023e-18 0 2.65662e-17 0 1.21983e-16 0 4.04988e-16 0 1.08237e-15 0 2.47948e-15 0 5.05361e-15 0 9.57775e-15 0 1.66646e-14 0 2.7473e-14 0 4.33397e-14 0 6.59992e-14 0 9.66774e-14 0 1.37299e-13 0 1.89363e-13 0 2.56768e-13 0 3.42562e-13 0 4.4999e-13 0
27.4221 2.99017e-07 2.34087e-07 6.49296e-08 0.217144 0.0899679 8.41616e-24 0 4.34721e-21 0 1.07683e-18 0 2.00145e-17 0 1.41046e-16 0 6.01192e-16 0 1.88239e-15 0 4.79513e-15 0 1.05489e-14 0 2.07659e-14 0 3.81466e-14 0 6.46015e-14 0 1.03933e-13 0 1.6035e-13 0 2.39223e-13 0 3.4395e-13 0 4.80174e-13 0 6.51944e-13 0 8.70961e-13 0 1.14574e-12 0 1.48513e-12 0
28.8297 2.6374e-07 2.09613e-07 5.41267e-08 0.205228 0.085012 9.04341e-23 0 3.44322e-20 0 6.51659e-18 0 1.05015e-16 0 6.72764e-16 0 2.67161e-15 0 7.91166e-15 0 1.92544e-14 0 4.07587e-14 0 7.76251e-14 0 1.38424e-13 0 2.2847e-13 0 3.59135e-13 0 5.42472e-13 0 7.93653e-13 0 1.12104e-12 0 1.53976e-12 0 2.05958e-12 0 2.71285e-12 0 3.52126e-12 0 4.50688e-12 0
30.3095 2.31313e-07 1.8657e-07 4.47431e-08 0.193431 0.0804681 8.45155e-22 0 2.40753e-19 0 3.52739e-17 0 4.96295e-16 0 2.90383e-15 0 1.07805e-14 0 3.02771e-14 0 7.05536e-14 0 1.43982e-13 0 2.65723e-13 0 4.60654e-13 0 7.41936e-13 0 1.14079e-12 0 1.6888e-12 0 2.42529e-12 0 3.36847e-12 0 4.55546e-12 0 6.00747e-12 0 7.80723e-12 0 1.00055e-11 0 1.26527e-11 0
31.8653 2.01913e-07 1.65181e-07 3.67325e-08 0.181922 0.0761192 6.91942e-21 0 1.49575e-18 0 1.71789e-16 0 2.12431e-15 0 1.14022e-14 0 3.97049e-14 0 1.06029e-13 0 2.37077e-13 0 4.67253e-13 0 8.36914e-13 0 1.41241e-12 0 2.22252e-12 0 3.34627e-12 0 4.85979e-12 0 6.85689e-12 0 9.37197e-12 0 1.24891e-11 0 1.62488e-11 0 2.08483e-11 0 2.63969e-11 0 3.30005e-11 0
33.5009 1.7573e-07 1.45707e-07 3.00237e-08 0.170851 0.0720672 5.00188e-20 0 8.31629e-18 0 7.5767e-16 0 8.2866e-15 0 4.09749e-14 0 1.34251e-13 0 3.41719e-13 0 7.34637e-13 0 1.40071e-12 0 2.43848e-12 0 4.01145e-12 0 6.17411e-12 0 9.112e-12 0 1.29944e-11 0 1.80288e-11 0 2.42686e-11 0 3.18901e-11 0 4.09608e-11 0 5.19197e-11 0 6.49845e-11 0 8.03606e-11 0
35.2205 1.52595e-07 1.28141e-07 2.44548e-08 0.160259 0.067753 3.21348e-19 0 4.1624e-17 0 3.04243e-15 0 2.9607e-14 0 1.35408e-13 0 4.18678e-13 0 1.01817e-12 0 2.10861e-12 0 3.89572e-12 0 6.60088e-12 0 1.05981e-11 0 1.5972e-11 0 2.31284e-11 0 3.24162e-11 0 4.42619e-11 0 5.87227e-11 0 7.61422e-11 0 9.66117e-11 0 1.21051e-10 0 1.4986e-10 0 1.83407e-10 0
37.0284 1.32363e-07 1.12493e-07 1.98697e-08 0.150115 0.0637018 1.84747e-18 0 1.88717e-16 0 1.11863e-14 0 9.74119e-14 0 4.13644e-13 0 1.21039e-12 0 2.81854e-12 0 5.63329e-12 0 1.01004e-11 0 1.66791e-11 0 2.61673e-11 0 3.86538e-11 0 5.49703e-11 0 7.57856e-11 0 1.01918e-10 0 1.33362e-10 0 1.70743e-10 0 2.1414e-10 0 2.65371e-10 0 3.25121e-10 0 3.93996e-10 0
38.9291 1.1471e-07 9.85907e-08 1.61198e-08 0.140526 0.059922 9.55632e-18 0 7.788e-16 0 3.78218e-14 0 2.96332e-13 0 1.17255e-12 0 3.25585e-12 0 7.27509e-12 0 1.4057e-11 0 2.44956e-11 0 3.94717e-11 0 6.05793e-11 0 8.7798e-11 0 1.22731e-10 0 1.66573e-10 0 2.20793e-10 0 2.85144e-10 0 3.60692e-10 0 4.47394e-10 0 5.48652e-10 0 6.65553e-10 0 7.99016e-10 0
40.9273 9.94323e-08 8.63614e-08 1.30709e-08 0.131455 0.0563963 4.47538e-17 0 2.94209e-15 0 1.18206e-13 0 8.37577e-13 0 3.09893e-12 0 8.18635e-12 0 1.7588e-11 0 3.29083e-11 0 5.58116e-11 0 8.78629e-11 0 1.32057e-10 0 1.87954e-10 0 2.58475e-10 0 3.45615e-10 0 4.51855e-10 0 5.76309e-10 0 7.20682e-10 0 8.84565e-10 0 1.07401e-09 0 1.29063e-09 0 1.53567e-09 0
43.0281 8.62013e-08 7.56117e-08 1.05895e-08 0.122846 0.0529682 1.90678e-16 0 1.02182e-14 0 3.42803e-13 0 2.20755e-12 0 7.66226e-12 0 1.93035e-11 0 3.99529e-11 0 7.25022e-11 0 1.19831e-10 0 1.84514e-10 0 2.71859e-10 0 3.80322e-10 0 5.14947e-10 0 6.78854e-10 0 8.75989e-10 0 1.10407e-09 0 1.36567e-09 0 1.65953e-09 0 1.99596e-09 0 2.37709e-09 0 2.80451e-09 0
45.2368 7.48038e-08 6.62239e-08 8.5799e-09 0.114699 0.0497121 7.43138e-16 0 3.27885e-14 0 9.26622e-13 0 5.4485e-12 0 1.77966e-11 0 4.28573e-11 0 8.56074e-11 0 1.50897e-10 0 2.43357e-10 0 3.66902e-10 0 5.30454e-10 0 7.30022e-10 0 9.73916e-10 0 1.2667e-09 0 1.61433e-09 0 2.01179e-09 0 2.46276e-09 0 2.96436e-09 0 3.53332e-09 0 4.17226e-09 0 4.88289e-09 0
47.5588 6.50127e-08 5.80596e-08 6.95306e-09 0.106949 0.0464844 2.66263e-15 0 9.76483e-14 0 2.34419e-12 0 1.26416e-11 0 3.8973e-11 0 8.99119e-11 0 1.73633e-10 0 2.97702e-10 0 4.69042e-10 0 6.93126e-10 0 9.84223e-10 0 1.33355e-09 0 1.75422e-09 0 2.2525e-09 0 2.83687e-09 0 3.49754e-09 0 4.23949e-09 0 5.05698e-09 0 5.97613e-09 0 6.99978e-09 0 8.12933e-09 0
50 5.65383e-08 5.09029e-08 5.63542e-09 0.0996744 0.0434561 8.79838e-15 0 2.70631e-13 0 5.56306e-12 0 2.76308e-11 0 8.06273e-11 0 1.7857e-10 0 3.33941e-10 0 5.57682e-10 0 8.59364e-10 0 1.24594e-09 0 1.73918e-09 0 2.32178e-09 0 3.01356e-09 0 3.8226e-09 0 4.76039e-09 0 5.80935e-09 0 6.97588e-09 0 8.2497e-09 0 9.66998e-09 0 1.12393e-08 0 1.29579e-08 0
52.5665 4.92592e-08 4.46892e-08 4.57002e-09 0.092775 0.0404768 2.69556e-14 0 7.01416e-13 0 1.24397e-11 0 5.71351e-11 0 1.58228e-10 0 3.37093e-10 0 6.11417e-10 0 9.95819e-10 0 1.50246e-09 0 2.13917e-09 0 2.93779e-09 0 3.86697e-09 0 4.95564e-09 0 6.2135e-09 0 7.65541e-09 0 9.25189e-09 0 1.10109e-08 0 1.29153e-08 0 1.50219e-08 0 1.73319e-08 0 1.98439e-08 0
55.2648 4.29959e-08 3.92884e-08 3.70752e-09 0.0862296 0.0376172 7.68575e-14 0 1.70573e-12 0 2.62888e-11 0 1.12083e-10 0 2.95339e-10 0 6.06387e-10 0 1.06835e-09 0 1.69907e-09 0 2.51254e-09 0 3.51613e-09 0 4.75458e-09 0 6.17498e-09 0 7.81818e-09 0 9.69495e-09 0 1.18237e-08 0 1.41579e-08 0 1.6707e-08 0 1.94446e-08 0 2.24499e-08 0 2.5722e-08 0 2.9256e-08 0
58.1015 3.75878e-08 3.4578e-08 3.00978e-09 0.0800733 0.0348824 2.04617e-13 0 3.90336e-12 0 5.26383e-11 0 2.09085e-10 0 5.25485e-10 0 1.04168e-09 0 1.78521e-09 0 2.77556e-09 0 4.02677e-09 0 5.54348e-09 0 7.38639e-09 0 9.47136e-09 0 1.18544e-08 0 1.45465e-08 0 1.75693e-08 0 2.08536e-08 0 2.44102e-08 0 2.82003e-08 0 3.23312e-08 0 3.67982e-08 0 4.15918e-08 0
61.0839 3.29319e-08 3.04874e-08 2.44443e-09 0.074227 0.0322586 5.10749e-13 0 8.43693e-12 0 1.00204e-10 0 3.72098e-10 0 8.94033e-10 0 1.71404e-09 0 2.86122e-09 0 4.35366e-09 0 6.20255e-09 0 8.40656e-09 0 1.10454e-08 0 1.39923e-08 0 1.7322e-08 0 2.10444e-08 0 2.51844e-08 0 2.96431e-08 0 3.44329e-08 0 3.94999e-08 0 4.49848e-08 0 5.08776e-08 0 5.71625e-08 0
64.2193 2.8903e-08 2.69167e-08 1.98635e-09 0.0687248 0.0297712 1.19861e-12 0 1.72659e-11 0 1.81726e-10 0 6.32953e-10 0 1.45707e-09 0 2.70612e-09 0 4.40567e-09 0 6.56773e-09 0 9.19657e-09 0 1.22808e-08 0 1.59222e-08 0 1.99386e-08 0 2.44274e-08 0 2.9396e-08 0 3.48718e-08 0 4.07202e-08 0 4.69554e-08 0 5.35053e-08 0 6.05493e-08 0 6.80707e-08 0 7.60458e-08 0
67.5157 2.54216e-08 2.38068e-08 1.61486e-09 0.063523 0.0274123 2.65394e-12 0 3.35613e-11 0 3.14889e-10 0 1.03194e-09 0 2.28077e-09 0 4.1098e-09 0 6.53359e-09 0 9.55189e-09 0 1.31571e-08 0 1.73233e-08 0 2.21768e-08 0 2.74677e-08 0 3.33195e-08 0 3.9736e-08 0 4.67464e-08 0 5.41747e-08 0 6.2037e-08 0 7.02414e-08 0 7.90103e-08 0 8.83185e-08 0 9.81335e-08 0
70.9813 2.23989e-08 2.10853e-08 1.31358e-09 0.058645 0.0251915 5.55827e-12 0 6.20992e-11 0 5.22314e-10 0 1.61532e-09 0 3.43456e-09 0 6.01345e-09 0 9.34599e-09 0 1.34125e-08 0 1.81883e-08 0 2.3628e-08 0 2.98854e-08 0 3.66308e-08 0 4.40177e-08 0 5.2045e-08 0 6.07432e-08 0 6.98906e-08 0 7.9506e-08 0 8.94764e-08 0 1.0007e-07 0 1.11253e-07 0 1.22982e-07 0
74.6248 1.97772e-08 1.87081e-08 1.06901e-09 0.0540529 0.0230996 1.1046e-11 0 1.09692e-10 0 8.3151e-10 0 2.43363e-09 0 4.98737e-09 0 8.49665e-09 0 1.29241e-08 0 1.82232e-08 0 2.43471e-08 0 3.12274e-08 0 3.90468e-08 0 4.73868e-08 0 5.64344e-08 0 6.61825e-08 0 7.6663e-08 0 8.76057e-08 0 9.90331e-08 0 1.10811e-07 0 1.23256e-07 0 1.36323e-07 0 1.4996e-07 0
78.4553 1.74981e-08 1.66277e-08 8.70417e-10 0.0497435 0.0211533 2.0884e-11 0 1.854e-10 0 1.27306e-09 0 3.53562e-09 0 6.99632e-09 0 1.16131e-08 0 1.73064e-08 0 2.39964e-08 0 3.16102e-08 0 4.00533e-08 0 4.95393e-08 0 5.95549e-08 0 7.03233e-08 0 8.18314e-08 0 9.41122e-08 0 1.06847e-07 0 1.20064e-07 0 1.33608e-07 0 1.47843e-07 0 1.62714e-07 0 1.7816e-07 0
82.4824 1.55068e-08 1.47976e-08 7.09109e-10 0.045729 0.0193441 3.76418e-11 0 3.00376e-10 0 1.87739e-09 0 4.96033e-09 0 9.49386e-09 0 1.53737e-08 0 2.24687e-08 0 3.0661e-08 0 3.98496e-08 0 4.99132e-08 0 6.10972e-08 0 7.27922e-08 0 8.52595e-08 0 9.84806e-08 0 1.1249e-07 0 1.26923e-07 0 1.41813e-07 0 1.5699e-07 0 1.72859e-07 0 1.89359e-07 0 2.06418e-07 0
86.7162 1.37665e-08 1.31886e-08 5.77916e-10 0.0419799 0.0176636 6.48484e-11 0 4.6758e-10 0 2.67231e-09 0 6.73351e-09 0 1.24856e-08 0 1.9748e-08 0 2.8332e-08 0 3.80799e-08 0 4.88626e-08 0 6.05333e-08 0 7.33691e-08 0 8.6669e-08 0 1.00733e-07 0 1.15537e-07 0 1.31119e-07 0 1.47073e-07 0 1.6344e-07 0 1.80036e-07 0 1.97305e-07 0 2.15179e-07 0 2.33579e-07 0
91.1674 1.22443e-08 1.17731e-08 4.71138e-10 0.0384783 0.0161111 1.07037e-10 0 7.00815e-10 0 3.67851e-09 0 8.85998e-09 0 1.59407e-08 0 2.46548e-08 0 3.47539e-08 0 4.60418e-08 0 5.83643e-08 0 7.15524e-08 0 8.59146e-08 0 1.00667e-07 0 1.16146e-07 0 1.32328e-07 0 1.49249e-07 0 1.66474e-07 0 1.8405e-07 0 2.01784e-07 0 2.20154e-07 0 2.39084e-07 0 2.58492e-07 0
95.847 1.09085e-08 1.05242e-08 3.84239e-10 0.0352238 0.0146808 1.69605e-10 0 1.01312e-09 0 4.90428e-09 0 1.13161e-08 0 1.97843e-08 0 2.99549e-08 0 4.15232e-08 0 5.42598e-08 0 6.79901e-08 0 8.25286e-08 0 9.82132e-08 0 1.14191e-07 0 1.30834e-07 0 1.48116e-07 0 1.66078e-07 0 1.84261e-07 0 2.0272e-07 0 2.21258e-07 0 2.40377e-07 0 2.59997e-07 0 2.80035e-07 0
100.767 9.73256e-09 9.41914e-09 3.13421e-10 0.0322033 0.0133652 2.58474e-10 0 1.41496e-09 0 6.34186e-09 0 1.40479e-08 0 2.38995e-08 0 3.54603e-08 0 4.83776e-08 0 6.23966e-08 0 7.73299e-08 0 9.29822e-08 0 1.09718e-07 0 1.26633e-07 0 1.44129e-07 0 1.62183e-07 0 1.80839e-07 0 1.99624e-07 0 2.18602e-07 0 2.37577e-07 0 2.57065e-07 0 2.76987e-07 0 2.97256e-07 0
105.939 8.69697e-09 8.44114e-09 2.55823e-10 0.0294152 0.012155 3.79641e-10 0 1.91272e-09 0 7.96743e-09 0 1.69766e-08 0 2.81426e-08 0 4.09596e-08 0 5.50394e-08 0 7.01128e-08 0 8.5988e-08 0 1.02467e-07 0 1.19938e-07 0 1.37464e-07 0 1.55473e-07 0 1.73944e-07 0 1.92926e-07 0 2.11944e-07 0 2.31068e-07 0 2.50108e-07 0 2.69587e-07 0 2.89425e-07 0 3.09538e-07 0
111.377 7.78225e-09 7.57344e-09 2.08808e-10 0.0268313 0.0110503 5.38326e-10 0 2.50632e-09 0 9.73761e-09 0 1.99963e-08 0 3.23406e-08 0 4.62153e-08 0 6.1213e-08 0 7.70619e-08 0 9.35745e-08 0 1.10559e-07 0 1.2842e-07 0 1.4621e-07 0 1.64375e-07 0 1.82901e-07 0 2.0184e-07 0 2.20723e-07 0 2.39629e-07 0 2.58378e-07 0 2.77486e-07 0 2.96877e-07 0 3.16472e-07 0
117.094 6.973e-09 6.80252e-09 1.70486e-10 0.0244494 0.0100418 7.38233e-10 0 3.18839e-09 0 1.15935e-08 0 2.29857e-08 0 3.63136e-08 0 5.09969e-08 0 6.66268e-08 0 8.2941e-08 0 9.97648e-08 0 1.16918e-07 0 1.3482e-07 0 1.52529e-07 0 1.70505e-07 0 1.88738e-07 0 2.07285e-07 0 2.25694e-07 0 2.44049e-07 0 2.62181e-07 0 2.80595e-07 0 2.9922e-07 0 3.17981e-07 0
123.105 6.25692e-09 6.11767e-09 1.39253e-10 0.0222558 0.00911856 9.80844e-10 0 3.9442e-09 0 1.34659e-08 0 2.58211e-08 0 3.98931e-08 0 5.51037e-08 0 7.10602e-08 0 8.75211e-08 0 1.04331e-07 0 1.21329e-07 0 1.38939e-07 0 1.56249e-07 0 1.73719e-07 0 1.91348e-07 0 2.09197e-07 0 2.26836e-07 0 2.44354e-07 0 2.61597e-07 0 2.7905e-07 0 2.96646e-07 0 3.14317e-07 0
129.424 5.62132e-09 5.5076e-09 1.13724e-10 0.0202309 0.00827796 1.26441e-09 0 4.75053e-09 0 1.52754e-08 0 2.83752e-08 0 4.2919e-08 0 5.83575e-08 0 7.43297e-08 0 9.0624e-08 0 1.0711e-07 0 1.2365e-07 0 1.40667e-07 0 1.57293e-07 0 1.73982e-07 0 1.90741e-07 0 2.07632e-07 0 2.24257e-07 0 2.40706e-07 0 2.56842e-07 0 2.73122e-07 0 2.89487e-07 0 3.05874e-07 0
136.067 5.05575e-09 4.96282e-09 9.29288e-11 0.0183808 0.00751353 1.58359e-09 0 5.57748e-09 0 1.69409e-08 0 3.05329e-08 0 4.52609e-08 0 6.06278e-08 0 7.63177e-08 0 9.21554e-08 0 1.08039e-07 0 1.23856e-07 0 1.40022e-07 0 1.55725e-07 0 1.71408e-07 0 1.87084e-07 0 2.02817e-07 0 2.18242e-07 0 2.33449e-07 0 2.48319e-07 0 2.63276e-07 0 2.78267e-07 0 2.93239e-07 0
143.051 4.55314e-09 4.47721e-09 7.59316e-11 0.0166767 0.00681392 1.93032e-09 0 6.39344e-09 0 1.83949e-08 0 3.22153e-08 0 4.68482e-08 0 6.18681e-08 0 7.70127e-08 0 9.21471e-08 0 1.07199e-07 0 1.22082e-07 0 1.37199e-07 0 1.51803e-07 0 1.66317e-07 0 1.80762e-07 0 1.952e-07 0 2.09304e-07 0 2.23163e-07 0 2.36672e-07 0 2.50222e-07 0 2.63767e-07 0 2.77259e-07 0
150.394 4.10376e-09 4.0417e-09 6.2062e-11 0.0151232 0.00617922 2.29194e-09 0 7.16027e-09 0 1.95665e-08 0 3.33448e-08 0 4.76157e-08 0 6.2038e-08 0 7.64082e-08 0 9.06323e-08 0 1.04668e-07 0 1.18452e-07 0 1.32371e-07 0 1.45748e-07 0 1.58982e-07 0 1.72097e-07 0 1.85158e-07 0 1.97872e-07 0 2.10325e-07 0 2.22429e-07 0 2.34536e-07 0 2.46608e-07 0 2.58604e-07 0
158.114 3.70265e-09 3.65191e-09 5.07387e-11 0.0137034 0.00560078 2.655e-09 0 7.84612e-09 0 2.04158e-08 0 3.39015e-08 0 4.75803e-08 0 6.12017e-08 0 7.46218e-08 0 8.77858e-08 0 1.00678e-07 0 1.13259e-07 0 1.25893e-07 0 1.37975e-07 0 1.49876e-07 0 1.61625e-07 0 1.73282e-07 0 1.84593e-07 0 1.95638e-07 0 2.06344e-07 0 2.17027e-07 0 2.27652e-07 0 2.38186e-07 0
166.23 3.3444e-09 3.30292e-09 4.14844e-11 0.0124041 0.00507661 3.00454e-09 0 8.42209e-09 0 2.09175e-08 0 3.38895e-08 0 4.67884e-08 0 5.94546e-08 0 7.18011e-08 0 8.38088e-08 0 9.54856e-08 0 1.06812e-07 0 1.18126e-07 0 1.28895e-07 0 1.39461e-07 0 1.49852e-07 0 1.60127e-07 0 1.70066e-07 0 1.79745e-07 0 1.89102e-07 0 1.98416e-07 0 2.07659e-07 0 2.16803e-07 0
174.763 3.02334e-09 2.98942e-09 3.3919e-11 0.0112191 0.00460148 3.32471e-09 0 8.86292e-09 0 2.10598e-08 0 3.33309e-08 0 4.53052e-08 0 5.69085e-08 0 6.8105e-08 0 7.89066e-08 0 8.93402e-08 0 9.94032e-08 0 1.09406e-07 0 1.18885e-07 0 1.28148e-07 0 1.37227e-07 0 1.46177e-07 0 1.54808e-07 0 1.63191e-07 0 1.71275e-07 0 1.79304e-07 0 1.87255e-07 0 1.95105e-07 0
183.733 2.73645e-09 2.70871e-09 2.77341e-11 0.0101351 0.00416866 3.60296e-09 0 9.15682e-09 0 2.08626e-08 0 3.22936e-08 0 4.32505e-08 0 5.37355e-08 0 6.37566e-08 0 7.33505e-08 0 8.25592e-08 0 9.13932e-08 0 1.00133e-07 0 1.08381e-07 0 1.16413e-07 0 1.24258e-07 0 1.31969e-07 0 1.39384e-07 0 1.46569e-07 0 1.53481e-07 0 1.60332e-07 0 1.67103e-07 0 1.73775e-07 0
193.164 2.47806e-09 2.45538e-09 2.26822e-11 0.0091532 0.00377711 3.82525e-09 0 9.29045e-09 0 2.03389e-08 0 3.08264e-08 0 4.07102e-08 0 5.00567e-08 0 5.89093e-08 0 6.73237e-08 0 7.53521e-08 0 8.3015e-08 0 9.05626e-08 0 9.76582e-08 0 1.04544e-07 0 1.11249e-07 0 1.1782e-07 0 1.24124e-07 0 1.30217e-07 0 1.36067e-07 0 1.41853e-07 0 1.4756e-07 0 1.53174e-07 0
203.079 2.24595e-09 2.22739e-09 1.8556e-11 0.008262 0.00342229 3.98427e-09 0 9.26831e-09 0 1.95361e-08 0 2.90237e-08 0 3.78231e-08 0 4.60514e-08 0 5.37789e-08 0 6.1074e-08 0 6.79955e-08 0 7.45705e-08 0 8.10197e-08 0 8.70606e-08 0 9.29039e-08 0 9.85778e-08 0 1.04123e-07 0 1.0943e-07 0 1.14549e-07 0 1.19453e-07 0 1.24294e-07 0 1.29062e-07 0 1.33743e-07 0
213.503 2.03782e-09 2.02265e-09 1.51754e-11 0.00744687 0.00310022 4.0764e-09 0 9.10217e-09 0 1.85084e-08 0 2.6981e-08 0 3.4721e-08 0 4.18825e-08 0 4.85543e-08 0 5.48127e-08 0 6.07194e-08 0 6.63053e-08 0 7.1763e-08 0 7.68577e-08 0 8.17709e-08 0 8.65287e-08 0 9.11674e-08 0 9.55964e-08 0 9.98591e-08 0 1.03936e-07 0 1.07954e-07 0 1.11903e-07 0 1.15776e-07 0
224.463 1.8497e-09 1.83728e-09 1.24173e-11 0.00671315 0.00280846 4.09773e-09 0 8.8009e-09 0 1.7296e-08 0 2.47652e-08 0 3.14918e-08 0 3.7654e-08 0 4.33518e-08 0 4.86644e-08 0 5.36537e-08 0 5.83523e-08 0 6.29263e-08 0 6.71825e-08 0 7.12754e-08 0 7.52288e-08 0 7.90743e-08 0 8.27382e-08 0 8.62577e-08 0 8.96179e-08 0 9.29238e-08 0 9.61687e-08 0 9.93459e-08 0
235.984 1.6807e-09 1.67054e-09 1.01581e-11 0.006044 0.00254395 4.05353e-09 0 8.39063e-09 0 1.59655e-08 0 2.24749e-08 0 2.8259e-08 0 3.35083e-08 0 3.83278e-08 0 4.27963e-08 0 4.69733e-08 0 5.08917e-08 0 5.46931e-08 0 5.82197e-08 0 6.16021e-08 0 6.48615e-08 0 6.80251e-08 0 7.10333e-08 0 7.39178e-08 0 7.66671e-08 0 7.9368e-08 0 8.20152e-08 0 8.46037e-08 0
248.097 1.52836e-09 1.52005e-09 8.31113e-12 0.00543793 0.00230574 3.94834e-09 0 7.89185e-09 0 1.45638e-08 0 2.0175e-08 0 2.50981e-08 0 2.95271e-08 0 3.35665e-08 0 3.7292e-08 0 4.07595e-08 0 4.40002e-08 0 4.71342e-08 0 5.00336e-08 0 5.28076e-08 0 5.54748e-08 0 5.80584e-08 0 6.05105e-08 0 6.28579e-08 0 6.50919e-08 0 6.72834e-08 0 6.94285e-08 0 7.15233e-08 0
260.832 1.39043e-09 1.38363e-09 6.80031e-12 0.0048908 0.00208855 3.7887e-09 0 7.32567e-09 0 1.3133e-08 0 1.79185e-08 0 2.20678e-08 0 2.57699e-08 0 2.91255e-08 0 3.22052e-08 0 3.50599e-08 0 3.77189e-08 0 4.02826e-08 0 4.26483e-08 0 4.49064e-08 0 4.70732e-08 0 4.9168e-08 0 5.11529e-08 0 5.30501e-08 0 5.4853e-08 0 5.66194e-08 0 5.83461e-08 0 6.00305e-08 0
274.221 1.26605e-09 1.26049e-09 5.5645e-12 0.00439515 0.00189052 3.58592e-09 0 6.71906e-09 0 1.17199e-08 0 1.57628e-08 0 1.92292e-08 0 2.22984e-08 0 2.50642e-08 0 2.7591e-08 0 2.99243e-08 0 3.20908e-08 0 3.41739e-08 0 3.60913e-08 0 3.79178e-08 0 3.9667e-08 0 4.13551e-08 0 4.29521e-08 0 4.44764e-08 0 4.5923e-08 0 4.73386e-08 0 4.87208e-08 0 5.00677e-08 0
288.297 1.15353e-09 1.14898e-09 4.55411e-12 0.00394798 0.00171023 3.34943e-09 0 6.09194e-09 0 1.03544e-08 0 1.37388e-08 0 1.66106e-08 0 1.91351e-08 0 2.13979e-08 0 2.34561e-08 0 2.53502e-08 0 2.71036e-08 0 2.87852e-08 0 3.03296e-08 0 3.17978e-08 0 3.32014e-08 0 3.45539e-08 0 3.58314e-08 0 3.70491e-08 0 3.82034e-08 0 3.93316e-08 0 4.04321e-08 0 4.15034e-08 0
303.095 1.0517e-09 1.04797e-09 3.72693e-12 0.00354374 0.00154711 3.0898e-09 0 5.46371e-09 0 9.06216e-09 0 1.18716e-08 0 1.42324e-08 0 1.62938e-08 0 1.81322e-08 0 1.97979e-08 0 2.13257e-08 0 2.27361e-08 0 2.40855e-08 0 2.53223e-08 0 2.64959e-08 0 2.7616e-08 0 2.86937e-08 0 2.97103e-08 0 3.06781e-08 0 3.15944e-08 0 3.24892e-08 0 3.3361e-08 0 3.4209e-08 0
318.653 9.59263e-10 9.56213e-10 3.05026e-12 0.00317979 0.00139923 2.81633e-09 0 4.84934e-09 0 7.85958e-09 0 1.01729e-08 0 1.20993e-08 0 1.3771e-08 0 1.52549e-08 0 1.65943e-08 0 1.78192e-08 0 1.89471e-08 0 2.00239e-08 0 2.10088e-08 0 2.19419e-08 0 2.2831e-08 0 2.36853e-08 0 2.44902e-08 0 2.52556e-08 0 2.59795e-08 0 2.66857e-08 0 2.73732e-08 0 2.80412e-08 0
335.009 8.75934e-10 8.73438e-10 2.49694e-12 0.0028506 0.00126542 2.53996e-09 0 4.26485e-09 0 6.76338e-09 0 8.65537e-09 0 1.02176e-08 0 1.15655e-08 0 1.27567e-08 0 1.38284e-08 0 1.48056e-08 0 1.57033e-08 0 1.65586e-08 0 1.73396e-08 0 1.80783e-08 0 1.87812e-08 0 1.94557e-08 0 2.00905e-08 0 2.06934e-08 0 2.12632e-08 0 2.18185e-08 0 2.23586e-08 0 2.28831e-08 0
352.205 8.00224e-10 7.98181e-10 2.04369e-12 0.0025539 0.00114435 2.26651e-09 0 3.71642e-09 0 5.77394e-09 0 7.31068e-09 0 8.56969e-09 0 9.65009e-09 0 1.06011e-08 0 1.1454e-08 0 1.22297e-08 0 1.29407e-08 0 1.36169e-08 0 1.42333e-08 0 1.48154e-08 0 1.53687e-08 0 1.5899e-08 0 1.63975e-08 0 1.68705e-08 0 1.73172e-08 0 1.77521e-08 0 1.81749e-08 0 1.8585e-08 0
370.284 7.31475e-10 7.29802e-10 1.67293e-12 0.00228706 0.00103496 2.00256e-09 0 3.21089e-09 0 4.89305e-09 0 6.13344e-09 0 7.14229e-09 0 8.00372e-09 0 8.75919e-09 0 9.43469e-09 0 1.00476e-08 0 1.06083e-08 0 1.11406e-08 0 1.16251e-08 0 1.20821e-08 0 1.25159e-08 0 1.29312e-08 0 1.33212e-08 0 1.3691e-08 0 1.40399e-08 0 1.43793e-08 0 1.47091e-08 0 1.50288e-08 0
389.291 6.68592e-10 6.67222e-10 1.36959e-12 0.00204847 0.000935959 1.75183e-09 0 2.7502e-09 0 4.11546e-09 0 5.11025e-09 0 5.91392e-09 0 6.597e-09 0 7.19401e-09 0 7.72639e-09 0 8.20838e-09 0 8.64851e-09 0 9.06564e-09 0 9.44479e-09 0 9.80199e-09 0 1.01407e-08 0 1.04646e-08 0 1.07686e-08 0 1.10565e-08 0 1.1328e-08 0 1.15919e-08 0 1.18481e-08 0 1.20964e-08 0
409.273 6.11981e-10 6.1086e-10 1.12127e-12 0.0018322 0.000846341 1.52043e-09 0 2.33991e-09 0 3.4421e-09 0 4.23638e-09 0 4.87407e-09 0 5.41379e-09 0 5.88401e-09 0 6.30228e-09 0 6.6802e-09 0 7.02471e-09 0 7.35074e-09 0 7.64671e-09 0 7.92522e-09 0 8.18904e-09 0 8.44114e-09 0 8.67749e-09 0 8.90122e-09 0 9.11199e-09 0 9.3168e-09 0 9.5155e-09 0 9.70793e-09 0
430.281 5.6047e-10 5.59552e-10 9.17809e-13 0.00163757 0.000765232 1.30876e-09 0 1.9768e-09 0 2.86155e-09 0 3.49265e-09 0 3.99642e-09 0 4.42113e-09 0 4.79008e-09 0 5.11752e-09 0 5.41281e-09 0 5.68159e-09 0 5.9356e-09 0 6.16592e-09 0 6.38243e-09 0 6.58733e-09 0 6.78297e-09 0 6.96624e-09 0 7.13961e-09 0 7.30283e-09 0 7.46135e-09 0 7.61505e-09 0 7.76383e-09 0
452.368 5.13371e-10 5.12619e-10 7.51414e-13 0.00146369 0.000692026 1.11744e-09 0 1.65836e-09 0 2.36457e-09 0 2.86359e-09 0 3.25981e-09 0 3.59265e-09 0 3.88102e-09 0 4.1364e-09 0 4.36633e-09 0 4.5753e-09 0 4.77256e-09 0 4.95121e-09 0 5.11901e-09 0 5.27767e-09 0 5.42904e-09 0 5.57074e-09 0 5.70471e-09 0 5.83076e-09 0 5.95311e-09 0 6.07169e-09 0 6.18641e-09 0
475.588 4.7051e-10 4.69894e-10 6.15185e-13 0.00130749 0.00062588 9.47252e-10 0 1.38269e-09 0 1.94374e-09 0 2.33672e-09 0 2.64724e-09 0 2.90722e-09 0 3.13191e-09 0 3.33052e-09 0 3.50905e-09 0 3.6711e-09 0 3.82389e-09 0 3.96214e-09 0 4.09186e-09 0 4.21444e-09 0 4.33129e-09 0 4.44062e-09 0 4.54392e-09 0 4.64106e-09 0 4.73531e-09 0 4.8266e-09 0 4.91489e-09 0
500 4.31605e-10 4.31101e-10 5.0363e-13 0.00116688 0.000566019 7.97823e-10 0 1.14659e-09 0 1.5905e-09 0 1.89894e-09 0 2.14156e-09 0 2.34409e-09 0 2.51873e-09 0 2.67282e-09 0 2.81114e-09 0 2.93654e-09 0 3.05464e-09 0 3.16141e-09 0 3.26153e-09 0 3.35605e-09 0 3.44611e-09 0 3.53031e-09 0 3.60983e-09 0 3.68458e-09 0 3.75707e-09 0 3.82725e-09 0 3.89511e-09 0
525.665 3.9595e-10 3.95537e-10 4.12353e-13 0.00104143 0.000511932 6.67412e-10 0 9.4525e-10 0 1.29492e-09 0 1.53608e-09 0 1.725e-09 0 1.88226e-09 0 2.01759e-09 0 2.13681e-09 0 2.24368e-09 0 2.34046e-09 0 2.43152e-09 0 2.51378e-09 0 2.59085e-09 0 2.66358e-09 0 2.73282e-09 0 2.79754e-09 0 2.85862e-09 0 2.91601e-09 0 2.97164e-09 0 3.02549e-09 0 3.07753e-09 0
552.648 3.63587e-10 3.6325e-10 3.37626e-13 0.000928596 0.000463078 5.55248e-10 0 7.75673e-10 0 1.05022e-09 0 1.23828e-09 0 1.38506e-09 0 1.50692e-09 0 1.61159e-09 0 1.70366e-09 0 1.78609e-09 0 1.86067e-09 0 1.93079e-09 0 1.99407e-09 0 2.05333e-09 0 2.10921e-09 0 2.16239e-09 0 2.21206e-09 0 2.25893e-09 0 2.30295e-09 0 2.3456e-09 0 2.38687e-09 0 2.42674e-09 0
581.015 3.34049e-10 3.33773e-10 2.76403e-13 0.000827432 0.00041888 4.59384e-10 0 6.33538e-10 0 8.48386e-10 0 9.94644e-10 0 1.10839e-09 0 1.20261e-09 0 1.2834e-09 0 1.35437e-09 0 1.41785e-09 0 1.47522e-09 0 1.52911e-09 0 1.57772e-09 0 1.62321e-09 0 1.66609e-09 0 1.70687e-09 0 1.74495e-09 0 1.78086e-09 0 1.81457e-09 0 1.84723e-09 0 1.87882e-09 0 1.90933e-09 0
610.839 3.07076e-10 3.0685e-10 2.26294e-13 0.000736933 0.000378915 3.78113e-10 0 5.15192e-10 0 6.82823e-10 0 7.96285e-10 0 8.84247e-10 0 9.56955e-10 0 1.0192e-09 0 1.07381e-09 0 1.1226e-09 0 1.16667e-09 0 1.20803e-09 0 1.24532e-09 0 1.2802e-09 0 1.31305e-09 0 1.34428e-09 0 1.37344e-09 0 1.40092e-09 0 1.42671e-09 0 1.45169e-09 0 1.47585e-09 0 1.49917e-09 0
642.193 2.82378e-10 2.82193e-10 1.85285e-13 0.000656159 0.000342793 3.09666e-10 0 4.17173e-10 0 5.47587e-10 0 6.35395e-10 0 7.03272e-10 0 7.59269e-10 0 8.07137e-10 0 8.49089e-10 0 8.86537e-10 0 9.20331e-10 0 9.52034e-10 0 9.80594e-10 0 1.00729e-09 0 1.03243e-09 0 1.05633e-09 0 1.07862e-09 0 1.09963e-09 0 1.11934e-09 0 1.13842e-09 0 1.15687e-09 0 1.17468e-09 0
675.157 2.59799e-10 2.59647e-10 1.51709e-13 0.000583949 0.000310142 2.52469e-10 0 3.36521e-10 0 4.3773e-10 0 5.05549e-10 0 5.57835e-10 0 6.00893e-10 0 6.37653e-10 0 6.69836e-10 0 6.9854e-10 0 7.24425e-10 0 7.48694e-10 0 7.70546e-10 0 7.90964e-10 0 8.10182e-10 0 8.28441e-10 0 8.4547e-10 0 8.61513e-10 0 8.76562e-10 0 8.91128e-10 0 9.05206e-10 0 9.18793e-10 0
709.813 2.3916e-10 2.39035e-10 1.24202e-13 0.000519329 0.000280614 2.04985e-10 0 2.70517e-10 0 3.48894e-10 0 4.01183e-10 0 4.41398e-10 0 4.74463e-10 0 5.02657e-10 0 5.27317e-10 0 5.49296e-10 0 5.69103e-10 0 5.87663e-10 0 6.04367e-10 0 6.19969e-10 0 6.34648e-10 0 6.4859e-10 0 6.61589e-10 0 6.73832e-10 0 6.85314e-10 0 6.96424e-10 0 7.0716e-10 0 7.17519e-10 0
746.248 2.20358e-10 2.20256e-10 1.01691e-13 0.000461484 0.000253881 1.65847e-10 0 2.16829e-10 0 2.77429e-10 0 3.17696e-10 0 3.48597e-10 0 3.73965e-10 0 3.95574e-10 0 4.14458e-10 0 4.31277e-10 0 4.46425e-10 0 4.60613e-10 0 4.73376e-10 0 4.85293e-10 0 4.96501e-10 0 5.07143e-10 0 5.17062e-10 0 5.26403e-10 0 5.3516e-10 0 5.43633e-10 0 5.51818e-10 0 5.59715e-10 0
784.553 2.03046e-10 2.02963e-10 8.32643e-14 0.000410076 0.00022968 1.33635e-10 0 1.7319e-10 0 2.19942e-10 0 2.50893e-10 0 2.74597e-10 0 2.94032e-10 0 3.10569e-10 0 3.2501e-10 0 3.37864e-10 0 3.49435e-10 0 3.60268e-10 0 3.70009e-10 0 3.791e-10 0 3.87649e-10 0 3.95764e-10 0 4.03325e-10 0 4.10444e-10 0 4.17117e-10 0 4.23572e-10 0 4.29807e-10 0 4.3582e-10 0
824.824 1.87266e-10 1.87198e-10 6.81703e-14 0.000364029 0.000207819 1.07362e-10 0 1.38e-10 0 1.74027e-10 0 1.97798e-10 0 2.1597e-10 0 2.3085e-10 0 2.43501e-10 0 2.54541e-10 0 2.64361e-10 0 2.73198e-10 0 2.81467e-10 0 2.889e-10 0 2.95835e-10 0 3.02354e-10 0 3.08541e-10 0 3.14305e-10 0 3.1973e-10 0 3.24815e-10 0 3.29732e-10 0 3.34481e-10 0 3.39061e-10 0
867.163 1.72742e-10 1.72686e-10 5.58178e-14 0.000323128 0.000188069 8.59544e-11 0 1.09635e-10 0 1.37349e-10 0 1.5558e-10 0 1.69494e-10 0 1.80874e-10 0 1.90542e-10 0 1.98973e-10 0 2.06468e-10 0 2.1321e-10 0 2.19517e-10 0 2.25184e-10 0 2.3047e-10 0 2.35438e-10 0 2.40151e-10 0 2.44542e-10 0 2.48673e-10 0 2.52545e-10 0 2.56288e-10 0 2.59903e-10 0 2.63389e-10 0
911.674 1.59483e-10 1.59437e-10 4.56984e-14 0.000286542 0.000170197 6.86411e-11 0 8.69211e-11 0 1.08223e-10 0 1.22196e-10 0 1.32845e-10 0 1.41546e-10 0 1.48932e-10 0 1.55369e-10 0 1.6109e-10 0 1.66233e-10 0 1.71042e-10 0 1.75363e-10 0 1.79392e-10 0 1.83178e-10 0 1.86769e-10 0 1.90113e-10 0 1.9326e-10 0 1.96208e-10 0 1.99058e-10 0 2.0181e-10 0 2.04463e-10 0
958.471 1.47252e-10 1.47215e-10 3.74206e-14 0.000254126 0.000154039 5.46439e-11 0 6.87283e-11 0 8.50767e-11 0 9.5774e-11 0 1.03915e-10 0 1.1056e-10 0 1.16198e-10 0 1.21109e-10 0 1.25471e-10 0 1.29391e-10 0 1.33056e-10 0 1.36348e-10 0 1.39416e-10 0 1.42299e-10 0 1.45033e-10 0 1.47579e-10 0 1.49974e-10 0 1.52217e-10 0 1.54386e-10 0 1.5648e-10 0 1.58498e-10 0
1007.67 1.36091e-10 1.3606e-10 3.0635e-14 0.000225107 0.00013941 4.34127e-11 0 5.42559e-11 0 6.67971e-11 0 7.49845e-11 0 8.12073e-11 0 8.62831e-11 0 9.05861e-11 0 9.43326e-11 0 9.76594e-11 0 1.00648e-10 0 1.03442e-10 0 1.0595e-10 0 1.08288e-10 0 1.10483e-10 0 1.12566e-10 0 1.14504e-10 0 1.16327e-10 0 1.18035e-10 0 1.19686e-10 0 1.21279e-10 0 1.22815e-10 0
1059.39 1.25789e-10 1.25764e-10 2.50869e-14 0.000199436 0.00012617 3.43965e-11 0 4.27317e-11 0 5.23409e-11 0 5.86011e-11 0 6.33537e-11 0 6.72274e-11 0 7.05094e-11 0 7.33658e-11 0 7.59013e-11 0 7.81786e-11 0 8.03063e-11 0 8.22164e-11 0 8.39965e-11 0 8.56681e-11 0 8.72529e-11 0 8.87281e-11 0 9.01156e-11 0 9.14149e-11 0 9.26708e-11 0 9.3883e-11 0 9.50513e-11 0
1113.77 1.16354e-10 1.16334e-10 2.05345e-14 0.000176482 0.00011418 2.72014e-11 0 3.36041e-11 0 4.09637e-11 0 4.57491e-11 0 4.93785e-11 0 5.23345e-11 0 5.48378e-11 0 5.70156e-11 0 5.89481e-11 0 6.06834e-11 0 6.23043e-11 0 6.37591e-11 0 6.51147e-11 0 6.63875e-11 0 6.7594e-11 0 6.87169e-11 0 6.97729e-11 0 7.07618e-11 0 7.17175e-11 0 7.26398e-11 0 7.35287e-11 0
1170.94 1.07663e-10 1.07647e-10 1.68138e-14 0.00015617 0.000103324 2.14652e-11 0 2.63785e-11 0 3.2011e-11 0 3.56671e-11 0 3.84373e-11 0 4.06922e-11 0 4.26009e-11 0 4.42608e-11 0 4.57332e-11 0 4.70551e-11 0 4.82896e-11 0 4.93975e-11 0 5.04296e-11 0 5.13985e-11 0 5.23168e-11 0 5.31715e-11 0 5.39751e-11 0 5.47275e-11 0 5.54547e-11 0 5.61564e-11 0 5.68326e-11 0
1231.05 9.96955e-11 9.96818e-11 1.37667e-14 0.000138088 9.3516e-05 1.69119e-11 0 2.06805e-11 0 2.49902e-11 0 2.77833e-11 0 2.98978e-11 0 3.1618e-11 0 3.30734e-11 0 3.43388e-11 0 3.54609e-11 0 3.64681e-11 0 3.74086e-11 0 3.82524e-11 0 3.90384e-11 0 3.97761e-11 0 4.04753e-11 0 4.1126e-11 0 4.17377e-11 0 4.23104e-11 0 4.28638e-11 0 4.33979e-11 0 4.39125e-11 0
1294.24 9.23565e-11 9.23452e-11 1.12744e-14 0.000122075 8.46467e-05 1.33011e-11 0 1.61896e-11 0 1.94856e-11 0 2.16188e-11 0 2.32324e-11 0 2.45444e-11 0 2.56541e-11 0 2.66186e-11 0 2.74737e-11 0 2.8241e-11 0 2.89574e-11 0 2.96001e-11 0 3.01987e-11 0 3.07604e-11 0 3.12928e-11 0 3.17881e-11 0 3.22538e-11 0 3.26897e-11 0 3.31109e-11 0 3.35174e-11 0 3.3909e-11 0
1360.67 8.55868e-11 8.55776e-11 9.23162e-15 0.000107863 7.66121e-05 1.04433e-11 0 1.26559e-11 0 1.51755e-11 0 1.6804e-11 0 1.80351e-11 0 1.90356e-11 0 1.98815e-11 0 2.06165e-11 0 2.12681e-11 0 2.18527e-11 0 2.23983e-11 0 2.28878e-11 0 2.33436e-11 0 2.37713e-11 0 2.41766e-11 0 2.45537e-11 0 2.49082e-11 0 2.524e-11 0 2.55606e-11 0 2.58699e-11 0 2.61679e-11 0
1430.51 7.93806e-11 7.9373e-11 7.55895e-15 9.52242e-05 6.93381e-05 8.1906e-12 0 9.88531e-12 0 1.18116e-11 0 1.30553e-11 0 1.39947e-11 0 1.4758e-11 0 1.54031e-11 0 1.59635e-11 0 1.64601e-11 0 1.69056e-11 0 1.73214e-11 0 1.76944e-11 0 1.80416e-11 0 1.83675e-11 0 1.86762e-11 0 1.89634e-11 0 1.92334e-11 0 1.94861e-11 0 1.97302e-11 0 1.99657e-11 0 2.01927e-11 0
1503.94 7.36309e-11 7.36247e-11 6.18941e-15 8.406e-05 6.27517e-05 6.41281e-12 0 7.70988e-12 0 9.18179e-12 0 1.0131e-11 0 1.08477e-11 0 1.14297e-11 0 1.19215e-11 0 1.23486e-11 0 1.27271e-11 0 1.30665e-11 0 1.33833e-11 0 1.36674e-11 0 1.39319e-11 0 1.418e-11 0 1.44151e-11 0 1.46338e-11 0 1.48394e-11 0 1.50318e-11 0 1.52177e-11 0 1.5397e-11 0 1.55698e-11 0
1581.14 6.83684e-11 6.83634e-11 5.06796e-15 7.41272e-05 5.67941e-05 5.01753e-12 0 6.01055e-12 0 7.13572e-12 0 7.86065e-12 0 8.4077e-12 0 8.85178e-12 0 9.22693e-12 0 9.55268e-12 0 9.84128e-12 0 1.01001e-11 0 1.03416e-11 0 1.05581e-11 0 1.07598e-11 0 1.09489e-11 0 1.11281e-11 0 1.12947e-11 0 1.14514e-11 0 1.1598e-11 0 1.17396e-11 0 1.18763e-11 0 1.20079e-11 0
1662.3 6.34701e-11 6.34659e-11 4.15015e-15 6.53875e-05 5.14018e-05 3.91882e-12 0 4.6784e-12 0 5.53789e-12 0 6.09116e-12 0 6.50847e-12 0 6.84713e-12 0 7.13315e-12 0 7.38147e-12 0 7.60144e-12 0 7.79868e-12 0 7.9827e-12 0 8.1477e-12 0 8.3013e-12 0 8.4454e-12 0 8.58189e-12 0 8.70885e-12 0 8.82816e-12 0 8.93983e-12 0 9.0477e-12 0 9.15175e-12 0 9.25199e-12 0
1747.63 5.89905e-11 5.89871e-11 3.39834e-15 5.76083e-05 4.6519e-05 3.05961e-12 0 3.64092e-12 0 4.2979e-12 0 4.72047e-12 0 5.03906e-12 0 5.29754e-12 0 5.51579e-12 0 5.70524e-12 0 5.87304e-12 0 6.02349e-12 0 6.16384e-12 0 6.28967e-12 0 6.4068e-12 0 6.51668e-12 0 6.62075e-12 0 6.71754e-12 0 6.80851e-12 0 6.89365e-12 0 6.97587e-12 0 7.05519e-12 0 7.1316e-12 0
1837.33 5.48296e-11 5.48269e-11 2.78273e-15 5.07523e-05 4.20983e-05 2.38551e-12 0 2.83018e-12 0 3.33215e-12 0 3.65479e-12 0 3.89795e-12 0 4.09518e-12 0 4.26168e-12 0 4.40619e-12 0 4.53417e-12 0 4.6489e-12 0 4.75592e-12 0 4.85187e-12 0 4.94117e-12 0 5.02494e-12 0 5.10428e-12 0 5.17807e-12 0 5.24741e-12 0 5.3123e-12 0 5.37498e-12 0 5.43544e-12 0 5.49367e-12 0
1931.64 5.1013e-11 5.10107e-11 2.27882e-15 4.46714e-05 3.81022e-05 1.8593e-12 0 2.1996e-12 0 2.58337e-12 0 2.82988e-12 0 3.01559e-12 0 3.16619e-12 0 3.29331e-12 0 3.40361e-12 0 3.50129e-12 0 3.58886e-12 0 3.67053e-12 0 3.74374e-12 0 3.81189e-12 0 3.8758e-12 0 3.93633e-12 0 3.99263e-12 0 4.04553e-12 0 4.09504e-12 0 4.14285e-12 0 4.18897e-12 0 4.23339e-12 0
2030.79 4.73989e-11 4.73971e-11 1.8662e-15 3.93723e-05 3.44852e-05 1.44542e-12 0 1.70539e-12 0 1.99829e-12 0 2.18632e-12 0 2.32794e-12 0 2.44275e-12 0 2.53964e-12 0 2.62371e-12 0 2.69815e-12 0 2.76488e-12 0 2.82711e-12 0 2.88289e-12 0 2.93481e-12 0 2.98351e-12 0 3.02962e-12 0 3.0725e-12 0 3.1128e-12 0 3.15051e-12 0 3.18693e-12 0 3.22206e-12 0 3.2559e-12 0
2135.03 4.39394e-11 4.39379e-11 1.52818e-15 3.47792e-05 3.12062e-05 1.11975e-12 0 1.31781e-12 0 1.54077e-12 0 1.68383e-12 0 1.79154e-12 0 1.87884e-12 0 1.95252e-12 0 2.01643e-12 0 2.07302e-12 0 2.12374e-12 0 2.17104e-12 0 2.21344e-12 0 2.2529e-12 0 2.2899e-12 0 2.32495e-12 0 2.35753e-12 0 2.38816e-12 0 2.41681e-12 0 2.44448e-12 0 2.47118e-12 0 2.49688e-12 0
2244.63 4.07115e-11 4.07103e-11 1.25123e-15 3.07339e-05 2.82376e-05 8.66053e-13 0 1.01681e-12 0 1.18639e-12 0 1.29515e-12 0 1.37701e-12 0 1.44335e-12 0 1.49933e-12 0 1.54789e-12 0 1.59088e-12 0 1.6294e-12 0 1.66533e-12 0 1.69753e-12 0 1.7275e-12 0 1.75561e-12 0 1.78222e-12 0 1.80697e-12 0 1.83022e-12 0 1.85198e-12 0 1.873e-12 0 1.89326e-12 0 1.91278e-12 0
2359.84 3.77348e-11 3.77337e-11 1.02454e-15 2.71512e-05 2.55529e-05 6.69378e-13 0 7.84132e-13 0 9.1313e-13 0 9.9582e-13 0 1.05805e-12 0 1.10847e-12 0 1.15101e-12 0 1.18791e-12 0 1.22057e-12 0 1.24985e-12 0 1.27714e-12 0 1.30161e-12 0 1.32437e-12 0 1.34572e-12 0 1.36594e-12 0 1.38474e-12 0 1.4024e-12 0 1.41893e-12 0 1.43489e-12 0 1.45028e-12 0 1.46511e-12 0
2480.97 3.49667e-11 3.49659e-11 8.39004e-16 2.39943e-05 2.31257e-05 5.16722e-13 0 6.04022e-13 0 7.02098e-13 0 7.64941e-13 0 8.12223e-13 0 8.50532e-13 0 8.82846e-13 0 9.10873e-13 0 9.35682e-13 0 9.57914e-13 0 9.78644e-13 0 9.97223e-13 0 1.01451e-12 0 1.03072e-12 0 1.04607e-12 0 1.06035e-12 0 1.07376e-12 0 1.08631e-12 0 1.09843e-12 0 1.11012e-12 0 1.12137e-12 0
2608.32 3.24041e-11 3.24034e-11 6.86975e-16 2.12002e-05 2.09297e-05 3.98537e-13 0 4.64938e-13 0 5.39492e-13 0 5.87247e-13 0 6.23171e-13 0 6.52272e-13 0 6.76817e-13 0 6.98105e-13 0 7.16947e-13 0 7.33831e-13 0 7.49574e-13 0 7.63682e-13 0 7.76809e-13 0 7.8912e-13 0 8.00777e-13 0 8.11615e-13 0 8.21799e-13 0 8.31327e-13 0 8.40529e-13 0 8.49403e-13 0 8.5795e-13 0
2742.21 3.00259e-11 3.00253e-11 5.62516e-16 1.87343e-05 1.89415e-05 3.07077e-13 0 3.57563e-13 0 4.1422e-13 0 4.50499e-13 0 4.77784e-13 0 4.99885e-13 0 5.18525e-13 0 5.3469e-13 0 5.48997e-13 0 5.61817e-13 0 5.73769e-13 0 5.8448e-13 0 5.94447e-13 0 6.03793e-13 0 6.12642e-13 0 6.2087e-13 0 6.28601e-13 0 6.35834e-13 0 6.42819e-13 0 6.49555e-13 0 6.56043e-13 0
2882.97 2.78266e-11 2.78261e-11 4.60547e-16 1.65506e-05 1.71423e-05 2.36447e-13 0 2.7483e-13 0 3.17884e-13 0 3.45445e-13 0 3.6617e-13 0 3.82956e-13 0 3.97112e-13 0 4.09387e-13 0 4.20251e-13 0 4.29985e-13 0 4.39061e-13 0 4.47193e-13 0 4.5476e-13 0 4.61856e-13 0 4.68575e-13 0 4.74821e-13 0 4.8069e-13 0 4.86182e-13 0 4.91484e-13 0 4.96598e-13 0 5.01523e-13 0
3030.95 2.57883e-11 2.57879e-11 3.7711e-16 1.46233e-05 1.55159e-05 1.81919e-13 0 2.11094e-13 0 2.43806e-13 0 2.64741e-13 0 2.80481e-13 0 2.93228e-13 0 3.03977e-13 0 3.13298e-13 0 3.21547e-13 0 3.28937e-13 0 3.35828e-13 0 3.42002e-13 0 3.47747e-13 0 3.53133e-13 0 3.58234e-13 0 3.62976e-13 0 3.67431e-13 0 3.716e-13 0 3.75625e-13 0 3.79507e-13 0 3.83246e-13 0
3186.53 2.39017e-11 2.39014e-11 3.08771e-16 1.29184e-05 1.4041e-05 1.39876e-13 0 1.6205e-13 0 1.86903e-13 0 2.02804e-13 0 2.14758e-13 0 2.24438e-13 0 2.32601e-13 0 2.39678e-13 0 2.45941e-13 0 2.51553e-13 0 2.56784e-13 0 2.61472e-13 0 2.65833e-13 0 2.69923e-13 0 2.73795e-13 0 2.77395e-13 0 2.80777e-13 0 2.83942e-13 0 2.86997e-13 0 2.89944e-13 0 2.92782e-13 0
3350.09 2.21506e-11 2.21504e-11 2.52807e-16 1.14131e-05 1.27057e-05 1.07462e-13 0 1.2431e-13 0 1.43187e-13 0 1.55263e-13 0 1.6434e-13 0 1.71689e-13 0 1.77886e-13 0 1.83259e-13 0 1.88014e-13 0 1.92273e-13 0 1.96244e-13 0 1.99803e-13 0 2.03113e-13 0 2.06218e-13 0 2.09157e-13 0 2.11889e-13 0 2.14456e-13 0 2.16858e-13 0 2.19178e-13 0 2.21414e-13 0 2.23568e-13 0
3522.05 2.05201e-11 2.05199e-11 2.07018e-16 1.00885e-05 1.14969e-05 8.24736e-14 0 9.52685e-14 0 1.096e-13 0 1.18765e-13 0 1.25654e-13 0 1.31232e-13 0 1.35934e-13 0 1.40012e-13 0 1.43619e-13 0 1.46852e-13 0 1.49865e-13 0 1.52565e-13 0 1.55076e-13 0 1.57432e-13 0 1.59662e-13 0 1.61735e-13 0 1.63683e-13 0 1.65505e-13 0 1.67264e-13 0 1.68961e-13 0 1.70595e-13 0
3702.84 1.90176e-11 1.90174e-11 1.6949e-16 8.91228e-06 1.0405e-05 6.32829e-14 0 7.30022e-14 0 8.38857e-14 0 9.08449e-14 0 9.6075e-14 0 1.00309e-13 0 1.03879e-13 0 1.06974e-13 0 1.09713e-13 0 1.12166e-13 0 1.14453e-13 0 1.16502e-13 0 1.18409e-13 0 1.20197e-13 0 1.21889e-13 0 1.23463e-13 0 1.24941e-13 0 1.26324e-13 0 1.27659e-13 0 1.28947e-13 0 1.30187e-13 0
3892.91 1.76247e-11 1.76246e-11 1.38768e-16 7.87352e-06 9.41651e-06 4.85278e-14 0 5.59098e-14 0 6.41738e-14 0 6.94572e-14 0 7.34276e-14 0 7.66418e-14 0 7.93515e-14 0 8.17006e-14 0 8.37792e-14 0 8.56413e-14 0 8.73772e-14 0 8.89325e-14 0 9.03795e-14 0 9.17362e-14 0 9.30207e-14 0 9.42148e-14 0 9.53367e-14 0 9.63863e-14 0 9.73998e-14 0 9.83772e-14 0 9.93184e-14 0
4092.73 1.63341e-11 1.6334e-11 1.13609e-16 6.95535e-06 8.52108e-06 3.71928e-14 0 4.27989e-14 0 4.90735e-14 0 5.30844e-14 0 5.60983e-14 0 5.8538e-14 0 6.05947e-14 0 6.23777e-14 0 6.39554e-14 0 6.53686e-14 0 6.66861e-14 0 6.78664e-14 0 6.89646e-14 0 6.99943e-14 0 7.09691e-14 0 7.18753e-14 0 7.27267e-14 0 7.35233e-14 0 7.42924e-14 0 7.50341e-14 0 7.57484e-14 0
4302.81 1.51379e-11 1.51378e-11 9.3014e-17 6.14446e-06 7.71003e-06 2.84902e-14 0 3.27472e-14 0 3.75109e-14 0 4.05555e-14 0 4.28432e-14 0 4.4695e-14 0 4.6256e-14 0 4.76092e-14 0 4.88065e-14 0 4.98791e-14 0 5.08789e-14 0 5.17747e-14 0 5.26081e-14 0 5.33895e-14 0 5.41293e-14 0 5.4817e-14 0 5.54631e-14 0 5.60676e-14 0 5.66513e-14 0 5.72141e-14 0 5.77561e-14 0
4523.68 1.40298e-11 1.40297e-11 7.61529e-17 5.42795e-06 6.97732e-06 2.18137e-14 0 2.50461e-14 0 2.86625e-14 0 3.09736e-14 0 3.271e-14 0 3.41155e-14 0 3.53003e-14 0 3.63273e-14 0 3.7236e-14 0 3.805e-14 0 3.88088e-14 0 3.94886e-14 0 4.01211e-14 0 4.07141e-14 0 4.12755e-14 0 4.17974e-14 0 4.22877e-14 0 4.27464e-14 0 4.31893e-14 0 4.36164e-14 0 4.40277e-14 0
4755.88 1.30003e-11 1.30002e-11 6.23449e-17 4.79566e-06 6.31417e-06 1.66907e-14 0 1.91444e-14 0 2.18891e-14 0 2.3643e-14 0 2.49607e-14 0 2.60272e-14 0 2.69262e-14 0 2.77055e-14 0 2.8395e-14 0 2.90126e-14 0 2.95883e-14 0 3.01041e-14 0 3.0584e-14 0 3.10339e-14 0 3.14598e-14 0 3.18558e-14 0 3.22278e-14 0 3.25758e-14 0 3.29118e-14 0 3.32359e-14 0 3.3548e-14 0
5000 1.20483e-11 1.20483e-11 5.10412e-17 4.23638e-06 5.71373e-06 1.27672e-14 0 1.463e-14 0 1.67133e-14 0 1.80445e-14 0 1.90445e-14 0 1.98539e-14 0 2.05361e-14 0 2.11275e-14 0 2.16507e-14 0 2.21194e-14 0 2.25563e-14 0 2.29477e-14 0 2.33118e-14 0 2.36532e-14 0 2.39764e-14 0 2.42769e-14 0 2.45592e-14 0 2.48232e-14 0 2.50782e-14 0 2.53241e-14 0 2.55609e-14 0
