# 0.000659502 2 94 : grain size, compostion index, size index
# Heating and cooling timescale: 5.5808e-06 9.60416e+23
# Ratio of heating to cooling to determine stochastic cutoff: 100
# Equilibrium emission is recorded even for those grains in the stochastic regime.
# Emission spectrum was computed for: 
# Type: IRSF
# Scales: 0.25 0.5 1 1.5 2 2.5 3 3.5 4 4.5 5 5.5 6 6.5 7 7.5 8 8.5 9 9.5 10
# StochasticallyHeated: 0 0 0 0 0 0 0 0 0 0 0 0 0 0 0 0 0 0 0 0 0
# Temperature: -1
# Wavelength  CExt  CAbs  CSca  Albedo G EqEm1 StEm1 EqEm2 StEm2 EqEm3 StEm3 EqEm4 StEm4 EqEm5 StEm5 EqEm6 StEm6 EqEm7 StEm7 EqEm8 StEm8 EqEm9 StEm9 EqEm10 StEm10 EqEm11 StEm11 EqEm12 StEm12 EqEm13 StEm13 EqEm14 StEm14 EqEm15 StEm15 EqEm16 StEm16 EqEm17 StEm17 EqEm18 StEm18 EqEm19 StEm19 EqEm20 StEm20 EqEm21 StEm21
0.05 2.75937e-06 1.16447e-06 1.5949e-06 0.577995 0.932139 0 0 0 0 0 0 0 0 0 0 0 0 0 0 0 0 0 0 0 0 0 0 0 0 0 0 0 0 0 0 0 0 0 0 0 0 0 0 0 0 0 0
0.0525665 2.76055e-06 1.15461e-06 1.60594e-06 0.581745 0.926382 0 0 0 0 0 0 0 0 0 0 0 0 0 0 0 0 0 0 0 0 0 0 0 0 0 0 0 0 0 0 0 0 0 0 0 0 0 0 0 0 0 0
0.0552647 2.7618e-06 1.13803e-06 1.62378e-06 0.587941 0.917575 0 0 0 0 0 0 0 0 0 0 0 0 0 0 0 0 0 0 0 0 0 0 0 0 0 0 0 0 0 0 0 0 0 0 0 0 0 0 0 0 0 0
0.0581015 2.76331e-06 1.1128e-06 1.65051e-06 0.597295 0.90388 0 0 0 0 0 0 0 0 0 0 0 0 0 0 0 0 0 0 0 0 0 0 0 0 0 0 0 0 0 0 0 0 0 0 0 0 0 0 0 0 0 0
0.0610839 2.76507e-06 1.08755e-06 1.67753e-06 0.606685 0.888526 0 0 0 0 0 0 0 0 0 0 0 0 0 0 0 0 0 0 0 0 0 0 0 0 0 0 0 0 0 0 0 0 0 0 0 0 0 0 0 0 0 0
0.0642193 2.76694e-06 1.07019e-06 1.69675e-06 0.613222 0.876043 0 0 0 0 0 0 0 0 0 0 0 0 0 0 0 0 0 0 0 0 0 0 0 0 0 0 0 0 0 0 0 0 0 0 0 0 0 0 0 0 0 0
0.0675157 2.76887e-06 1.06077e-06 1.7081e-06 0.616894 0.86724 0 0 0 0 0 0 0 0 0 0 0 0 0 0 0 0 0 0 0 0 0 0 0 0 0 0 0 0 0 0 0 0 0 0 0 0 0 0 0 0 0 0
0.0709813 2.77083e-06 1.05781e-06 1.71302e-06 0.618232 0.861693 0 0 0 0 0 0 0 0 0 0 0 0 0 0 0 0 0 0 0 0 0 0 0 0 0 0 0 0 0 0 0 0 0 0 0 0 0 0 0 0 0 0
0.0746248 2.7728e-06 1.06024e-06 1.71256e-06 0.617628 0.858995 0 0 0 0 0 0 0 0 0 0 0 0 0 0 0 0 0 0 0 0 0 0 0 0 0 0 0 0 0 0 0 0 0 0 0 0 0 0 0 0 0 0
0.0784553 2.7747e-06 1.06872e-06 1.70598e-06 0.614833 0.859637 0 0 0 0 0 0 0 0 0 0 0 0 0 0 0 0 0 0 0 0 0 0 0 0 0 0 0 0 0 0 0 0 0 0 0 0 0 0 0 0 0 0
0.0824824 2.77643e-06 1.08573e-06 1.69071e-06 0.608949 0.865142 0 0 0 0 0 0 0 0 0 0 0 0 0 0 0 0 0 0 0 0 0 0 0 0 0 0 0 0 0 0 0 0 0 0 0 0 0 0 0 0 0 0
0.0867162 2.77789e-06 1.09301e-06 1.68488e-06 0.606532 0.868109 0 0 0 0 0 0 0 0 0 0 0 0 0 0 0 0 0 0 0 0 0 0 0 0 0 0 0 0 0 0 0 0 0 0 0 0 0 0 0 0 0 0
0.0911674 2.77991e-06 1.08406e-06 1.69585e-06 0.610038 0.861655 0 0 0 0 0 0 0 0 0 0 0 0 0 0 0 0 0 0 0 0 0 0 0 0 0 0 0 0 0 0 0 0 0 0 0 0 0 0 0 0 0 0
0.095847 2.78204e-06 1.08379e-06 1.69825e-06 0.610434 0.858386 0 0 0 0 0 0 0 0 0 0 0 0 0 0 0 0 0 0 0 0 0 0 0 0 0 0 0 0 0 0 0 0 0 0 0 0 0 0 0 0 0 0
0.100767 2.784e-06 1.08805e-06 1.69595e-06 0.609177 0.857919 0 0 0 0 0 0 0 0 0 0 0 0 0 0 0 0 0 0 0 0 0 0 0 0 0 0 0 0 0 0 0 0 0 0 0 0 0 0 0 0 0 0
0.105939 2.7857e-06 1.09993e-06 1.68577e-06 0.605151 0.861801 0 0 0 0 0 0 0 0 0 0 0 0 0 0 0 0 0 0 0 0 0 0 0 0 0 0 0 0 0 0 0 0 0 0 0 0 0 0 0 0 0 0
0.111377 2.78725e-06 1.11198e-06 1.67527e-06 0.601046 0.866828 0 0 0 0 0 0 0 0 0 0 0 0 0 0 0 0 0 0 0 0 0 0 0 0 0 0 0 0 0 0 0 0 0 0 0 0 0 0 0 0 0 0
0.117094 2.78891e-06 1.12013e-06 1.66878e-06 0.598362 0.86998 0 0 0 0 0 0 0 0 0 0 0 0 0 0 0 0 0 0 0 0 0 0 0 0 0 0 0 0 0 0 0 0 0 0 0 0 0 0 0 0 0 0
0.123105 2.79066e-06 1.12596e-06 1.6647e-06 0.596526 0.871964 0 0 0 0 0 0 0 0 0 0 0 0 0 0 0 0 0 0 0 0 0 0 0 0 0 0 0 0 0 0 0 0 0 0 0 0 0 0 0 0 0 0
0.129424 2.79247e-06 1.12989e-06 1.66258e-06 0.595381 0.872927 0 0 0 0 0 0 0 0 0 0 0 0 0 0 0 0 0 0 0 0 0 0 0 0 0 0 0 0 0 0 0 0 0 0 0 0 0 0 0 0 0 0
0.136067 2.79437e-06 1.13171e-06 1.66266e-06 0.595004 0.872681 0 0 0 0 0 0 0 0 0 0 0 0 0 0 0 0 0 0 0 0 0 0 0 0 0 0 0 0 0 0 0 0 0 0 0 0 0 0 0 0 0 0
0.143051 2.79631e-06 1.1302e-06 1.66611e-06 0.595823 0.870361 0 0 0 0 0 0 0 0 0 0 0 0 0 0 0 0 0 0 0 0 0 0 0 0 0 0 0 0 0 0 0 0 0 0 0 0 0 0 0 0 0 0
0.150394 2.79792e-06 1.13489e-06 1.66303e-06 0.59438 0.871563 0 0 0 0 0 0 0 0 0 0 0 0 0 0 0 0 0 0 0 0 0 0 0 0 0 0 0 0 0 0 0 0 0 0 0 0 0 0 0 0 0 0
0.158114 2.79942e-06 1.1475e-06 1.65192e-06 0.590093 0.877948 0 0 0 0 0 0 0 0 0 0 0 0 0 0 0 0 0 0 0 0 0 0 0 0 0 0 0 0 0 0 0 0 0 0 0 0 0 0 0 0 0 0
0.16623 2.80119e-06 1.16182e-06 1.63937e-06 0.585242 0.885715 0 0 0 0 0 0 0 0 0 0 0 0 0 0 0 0 0 0 0 0 0 0 0 0 0 0 0 0 0 0 0 0 0 0 0 0 0 0 0 0 0 0
0.174762 2.80323e-06 1.17474e-06 1.62849e-06 0.580932 0.892766 0 0 0 0 0 0 0 0 0 0 0 0 0 0 0 0 0 0 0 0 0 0 0 0 0 0 0 0 0 0 0 0 0 0 0 0 0 0 0 0 0 0
0.183733 2.80544e-06 1.18643e-06 1.61901e-06 0.577096 0.899069 0 0 0 0 0 0 0 0 0 0 0 0 0 0 0 0 0 0 0 0 0 0 0 0 0 0 0 0 0 0 0 0 0 0 0 0 0 0 0 0 0 0
0.193164 2.80782e-06 1.19662e-06 1.6112e-06 0.573827 0.904416 0 0 0 0 0 0 0 0 0 0 0 0 0 0 0 0 0 0 0 0 0 0 0 0 0 0 0 0 0 0 0 0 0 0 0 0 0 0 0 0 0 0
0.203079 2.81031e-06 1.20557e-06 1.60474e-06 0.571018 0.908957 0 0 0 0 0 0 0 0 0 0 0 0 0 0 0 0 0 0 0 0 0 0 0 0 0 0 0 0 0 0 0 0 0 0 0 0 0 0 0 0 0 0
0.213503 2.81291e-06 1.21373e-06 1.59918e-06 0.568515 0.912945 0 0 0 0 0 0 0 0 0 0 0 0 0 0 0 0 0 0 0 0 0 0 0 0 0 0 0 0 0 0 0 0 0 0 0 0 0 0 0 0 0 0
0.224463 2.81562e-06 1.22086e-06 1.59476e-06 0.566397 0.916244 0 0 0 0 0 0 0 0 0 0 0 0 0 0 0 0 0 0 0 0 0 0 0 0 0 0 0 0 0 0 0 0 0 0 0 0 0 0 0 0 0 0
0.235984 2.81842e-06 1.22688e-06 1.59154e-06 0.564693 0.918804 0 0 0 0 0 0 0 0 0 0 0 0 0 0 0 0 0 0 0 0 0 0 0 0 0 0 0 0 0 0 0 0 0 0 0 0 0 0 0 0 0 0
0.248097 2.82131e-06 1.23194e-06 1.58937e-06 0.563345 0.920724 0 0 0 0 0 0 0 0 0 0 0 0 0 0 0 0 0 0 0 0 0 0 0 0 0 0 0 0 0 0 0 0 0 0 0 0 0 0 0 0 0 0
0.260832 2.82428e-06 1.23644e-06 1.58784e-06 0.562211 0.922253 0 0 0 0 0 0 0 0 0 0 0 0 0 0 0 0 0 0 0 0 0 0 0 0 0 0 0 0 0 0 0 0 0 0 0 0 0 0 0 0 0 0
0.274221 2.82736e-06 1.24062e-06 1.58675e-06 0.561211 0.923526 0 0 0 0 0 0 0 0 0 0 0 0 0 0 0 0 0 0 0 0 0 0 0 0 0 0 0 0 0 0 0 0 0 0 0 0 0 0 0 0 0 0
0.288297 2.83054e-06 1.24452e-06 1.58602e-06 0.560325 0.924575 0 0 0 0 0 0 0 0 0 0 0 0 0 0 0 0 0 0 0 0 0 0 0 0 0 0 0 0 0 0 0 0 0 0 0 0 0 0 0 0 0 0
0.303095 2.83382e-06 1.24821e-06 1.58561e-06 0.55953 0.925442 0 0 0 0 0 0 0 0 0 0 0 0 0 0 0 0 0 0 0 0 0 0 0 0 0 0 0 0 0 0 0 0 0 0 0 0 0 0 0 0 0 0
0.318653 2.83721e-06 1.2518e-06 1.58541e-06 0.55879 0.926181 0 0 0 0 0 0 0 0 0 0 0 0 0 0 0 0 0 0 0 0 0 0 0 0 0 0 0 0 0 0 0 0 0 0 0 0 0 0 0 0 0 0
0.335009 2.84069e-06 1.2553e-06 1.5854e-06 0.558102 0.926797 0 0 0 0 0 0 0 0 0 0 0 0 0 0 0 0 0 0 0 0 0 0 0 0 0 0 0 0 0 0 0 0 0 0 0 0 0 0 0 0 0 0
0.352205 2.84435e-06 1.25876e-06 1.5856e-06 0.557454 0.927331 0 0 0 0 0 0 0 0 0 0 0 0 0 0 0 0 0 0 0 0 0 0 0 0 0 0 0 0 0 0 0 0 0 0 0 0 0 0 0 0 0 0
0.370284 2.84804e-06 1.2622e-06 1.58584e-06 0.556817 0.927785 0 0 0 0 0 0 0 0 0 0 0 0 0 0 0 0 0 0 0 0 0 0 0 0 0 0 0 0 0 0 0 0 0 0 0 0 0 0 0 0 0 0
0.389291 2.85202e-06 1.26561e-06 1.58641e-06 0.556241 0.928152 0 0 0 0 0 0 0 0 0 0 0 0 0 0 0 0 0 0 0 0 0 0 0 0 0 0 0 0 0 0 0 0 0 0 0 0 0 0 0 0 0 0
0.409273 2.85599e-06 1.26902e-06 1.58697e-06 0.555664 0.928444 0 0 0 0 0 0 0 0 0 0 0 0 0 0 0 0 0 0 0 0 0 0 0 0 0 0 0 0 0 0 0 0 0 0 0 0 0 0 0 0 0 0
0.430281 2.86001e-06 1.27251e-06 1.5875e-06 0.555068 0.928704 0 0 0 0 0 0 0 0 0 0 0 0 0 0 0 0 0 0 0 0 0 0 0 0 0 0 0 0 0 0 0 0 0 0 0 0 0 0 0 0 0 0
0.452368 2.86414e-06 1.27597e-06 1.58816e-06 0.5545 0.928876 0 0 0 0 0 0 0 0 0 0 0 0 0 0 0 0 0 0 0 0 0 0 0 0 0 0 0 0 0 0 0 0 0 0 0 0 0 0 0 0 0 0
0.475588 2.86836e-06 1.27951e-06 1.58885e-06 0.553922 0.929011 0 0 0 0 0 0 0 0 0 0 0 0 0 0 0 0 0 0 0 0 0 0 0 0 0 0 0 0 0 0 0 0 0 0 0 0 0 0 0 0 0 0
0.5 2.87289e-06 1.28312e-06 1.58977e-06 0.553369 0.929116 0 0 0 0 0 0 0 0 0 0 0 0 0 0 0 0 0 0 0 0 0 0 0 0 0 0 0 0 0 0 0 0 0 0 0 0 0 0 0 0 0 0
0.525665 2.87759e-06 1.2868e-06 1.59078e-06 0.552818 0.929188 0 0 0 0 0 0 0 0 0 0 0 0 0 0 0 0 0 0 0 0 0 0 0 0 0 0 0 0 0 0 0 0 0 0 0 0 0 0 0 0 0 0
0.552648 2.88275e-06 1.2906e-06 1.59215e-06 0.552303 0.929258 0 0 0 0 0 0 0 0 0 0 0 0 0 0 0 0 0 0 0 0 0 0 0 0 0 0 0 0 0 0 0 0 0 0 0 0 0 0 0 0 0 0
0.581015 2.88878e-06 1.29434e-06 1.59444e-06 0.551941 0.929256 0 0 0 0 0 0 0 0 0 0 0 0 0 0 0 0 0 0 0 0 0 0 0 0 0 0 0 0 0 0 0 0 0 0 0 0 0 0 0 0 0 0
0.610839 2.89405e-06 1.29819e-06 1.59586e-06 0.551428 0.929195 0 0 0 0 0 0 0 0 0 0 0 0 0 0 0 0 0 0 0 0 0 0 0 0 0 0 0 0 0 0 0 0 0 0 0 0 0 0 0 0 0 0
0.642193 2.8972e-06 1.30212e-06 1.59509e-06 0.550561 0.92901 0 0 0 0 0 0 0 0 0 0 0 0 0 0 0 0 0 0 0 0 0 0 0 0 0 0 0 0 0 0 0 0 0 0 0 0 0 0 0 0 0 0
0.675157 2.90296e-06 1.30608e-06 1.59688e-06 0.550086 0.928881 0 0 0 0 0 0 0 0 0 0 0 0 0 0 0 0 0 0 0 0 0 0 0 0 0 0 0 0 0 0 0 0 0 0 0 0 0 0 0 0 0 0
0.709813 2.91259e-06 1.31004e-06 1.60255e-06 0.550216 0.928854 0 0 0 0 0 0 0 0 0 0 0 0 0 0 0 0 0 0 0 0 0 0 0 0 0 0 0 0 0 0 0 0 0 0 0 0 0 0 0 0 0 0
0.746248 2.91314e-06 1.31405e-06 1.59909e-06 0.548924 0.928376 0 0 0 0 0 0 0 0 0 0 0 0 0 0 0 0 0 0 0 0 0 0 0 0 0 0 0 0 0 0 0 0 0 0 0 0 0 0 0 0 0 0
0.784553 2.92289e-06 1.31807e-06 1.60482e-06 0.549053 0.928252 0 0 0 0 0 0 0 0 0 0 0 0 0 0 0 0 0 0 0 0 0 0 0 0 0 0 0 0 0 0 0 0 0 0 0 0 0 0 0 0 0 0
0.824824 2.92924e-06 1.32198e-06 1.60726e-06 0.548695 0.927877 0 0 0 0 0 0 0 0 0 0 0 0 0 0 0 0 0 0 0 0 0 0 0 0 0 0 0 0 0 0 0 0 0 0 0 0 0 0 0 0 0 0
0.867162 2.93197e-06 1.32574e-06 1.60623e-06 0.547832 0.927265 0 0 0 0 0 0 0 0 0 0 0 0 0 0 0 0 0 0 0 0 0 0 0 0 0 0 0 0 0 0 0 0 0 0 0 0 0 0 0 0 0 0
0.911674 2.94505e-06 1.32953e-06 1.61551e-06 0.548553 0.927 0 0 0 0 0 0 0 0 0 0 0 0 0 0 0 0 0 0 0 0 0 0 0 0 0 0 0 0 0 0 0 0 0 0 0 0 0 0 0 0 0 0
0.95847 2.94486e-06 1.33292e-06 1.61194e-06 0.547375 0.926027 0 0 0 0 0 0 0 0 0 0 0 0 0 0 0 0 0 0 0 0 0 0 0 0 0 0 0 0 0 0 0 0 0 0 0 0 0 0 0 0 0 0
1.00767 2.95733e-06 1.33643e-06 1.6209e-06 0.548094 0.925562 0 0 0 0 0 0 0 0 0 0 0 0 0 0 0 0 0 0 0 0 0 0 0 0 0 0 0 0 0 0 0 0 0 0 0 0 0 0 0 0 0 0
1.05939 2.96672e-06 1.33978e-06 1.62694e-06 0.548398 0.924881 0 0 0 0 0 0 0 0 0 0 0 0 0 0 0 0 0 0 0 0 0 0 0 0 0 0 0 0 0 0 0 0 0 0 0 0 0 0 0 0 0 0
1.11377 2.9598e-06 1.34272e-06 1.61708e-06 0.546348 0.923192 0 0 0 0 0 0 0 0 0 0 0 0 0 0 0 0 0 0 0 0 0 0 0 0 0 0 0 0 0 0 0 0 0 0 0 0 0 0 0 0 0 0
1.17094 2.99828e-06 1.34487e-06 1.65341e-06 0.551453 0.923478 0 0 0 0 0 0 0 0 0 0 0 0 0 0 0 0 0 0 0 0 0 0 0 0 0 0 0 0 0 0 0 0 0 0 0 0 0 0 0 0 0 0
1.23105 2.96889e-06 1.34688e-06 1.62201e-06 0.546335 0.920453 0 0 0 0 0 0 0 0 0 0 0 0 0 0 0 0 0 0 0 0 0 0 0 0 0 0 0 0 0 0 0 0 0 0 0 0 0 0 0 0 0 0
1.29424 2.998e-06 1.34974e-06 1.64826e-06 0.549786 0.92033 0 0 0 0 0 0 0 0 0 0 0 0 0 0 0 0 0 0 0 0 0 0 0 0 0 0 0 0 0 0 0 0 0 0 0 0 0 0 0 0 0 0
1.36067 3.02772e-06 1.35101e-06 1.67671e-06 0.553786 0.919922 0 0 0 0 0 0 0 0 0 0 0 0 0 0 0 0 0 0 0 0 0 0 0 0 0 0 0 0 0 0 0 0 0 0 0 0 0 0 0 0 0 0
1.43051 2.98365e-06 1.35331e-06 1.63034e-06 0.546426 0.91544 0 0 0 0 0 0 0 0 0 0 0 0 0 0 0 0 0 0 0 0 0 0 0 0 0 0 0 0 0 0 0 0 0 0 0 0 0 0 0 0 0 0
1.50394 3.02139e-06 1.35436e-06 1.66703e-06 0.551743 0.914962 0 0 0 0 0 0 0 0 0 0 0 0 0 0 0 0 0 0 0 0 0 0 0 0 0 0 0 0 0 0 0 0 0 0 0 0 0 0 0 0 0 0
1.58114 3.07488e-06 1.35394e-06 1.72093e-06 0.559676 0.915197 0 0 0 0 0 0 0 0 0 0 0 0 0 0 0 0 0 0 0 0 0 0 0 0 0 0 0 0 0 0 0 0 0 0 0 0 0 0 0 0 0 0
1.6623 3.02199e-06 1.35375e-06 1.66824e-06 0.552034 0.910455 0 0 0 0 0 0 0 0 0 0 0 0 0 0 0 0 0 0 0 0 0 0 0 0 0 0 0 0 0 0 0 0 0 0 0 0 0 0 0 0 0 0
1.74763 3.00509e-06 1.35571e-06 1.64937e-06 0.54886 0.906733 0 0 0 0 0 0 0 0 0 0 0 0 0 0 0 0 0 0 0 0 0 0 0 0 0 0 0 0 0 0 0 0 0 0 0 0 0 0 0 0 0 0
1.83733 3.09916e-06 1.35674e-06 1.74242e-06 0.562223 0.908659 0 0 0 0 0 0 0 0 0 0 0 0 0 0 0 0 0 0 0 0 0 0 0 0 0 0 0 0 0 0 0 0 0 0 0 0 0 0 0 0 0 0
1.93164 3.1339e-06 1.35548e-06 1.77842e-06 0.567478 0.906883 0 0 0 0 0 0 0 0 0 0 0 0 0 0 0 0 0 0 0 0 0 0 0 0 0 0 0 0 0 0 0 0 0 0 0 0 0 0 0 0 0 0
2.03079 3.0596e-06 1.35634e-06 1.70326e-06 0.556693 0.899197 0 0 0 0 0 0 0 0 0 0 0 0 0 0 0 0 0 0 0 0 0 0 0 0 0 0 0 0 0 0 0 0 0 0 0 0 0 0 0 0 0 0
2.13503 3.01507e-06 1.35272e-06 1.66235e-06 0.551348 0.892581 0 0 0 0 0 0 0 0 0 0 0 0 0 0 0 0 0 0 0 0 0 0 0 0 0 0 0 0 0 0 0 0 0 0 0 0 0 0 0 0 0 0
2.24463 3.11242e-06 1.35016e-06 1.76226e-06 0.566203 0.895368 0 0 0 0 0 0 0 0 0 0 0 0 0 0 0 0 0 0 0 0 0 0 0 0 0 0 0 0 0 0 0 0 0 0 0 0 0 0 0 0 0 0
2.35984 3.22945e-06 1.35424e-06 1.87521e-06 0.580659 0.89967 0 0 0 0 0 0 0 0 0 0 0 0 0 0 0 0 0 0 0 0 0 0 0 0 0 0 0 0 0 0 0 0 0 0 0 0 0 0 0 0 0 0
2.48097 3.20788e-06 1.35587e-06 1.85201e-06 0.577332 0.896387 0 0 0 0 0 0 0 0 0 0 0 0 0 0 0 0 0 0 0 0 0 0 0 0 0 0 0 0 0 0 0 0 0 0 0 0 0 0 0 0 0 0
2.60832 3.087e-06 1.35305e-06 1.73395e-06 0.561694 0.884668 0 0 0 0 0 0 0 0 0 0 0 0 0 0 0 0 0 0 0 0 0 0 0 0 0 0 0 0 0 0 0 0 0 0 0 0 0 0 0 0 0 0
2.74221 3.02376e-06 1.35164e-06 1.67212e-06 0.552993 0.873772 0 0 0 0 0 0 0 0 0 0 0 0 0 0 0 0 0 0 0 0 0 0 0 0 0 0 0 0 0 0 0 0 0 0 0 0 0 0 0 0 0 0
2.88297 3.1044e-06 1.34759e-06 1.75681e-06 0.56591 0.87221 0 0 0 0 0 0 0 0 0 0 0 0 0 0 0 0 0 0 0 0 0 0 0 0 0 0 0 0 0 0 0 0 0 0 0 0 0 0 0 0 0 0
3.03095 3.27268e-06 1.34466e-06 1.92801e-06 0.589124 0.877298 0 0 0 0 0 0 0 0 0 0 0 0 0 0 0 0 0 0 0 0 0 0 0 0 0 0 0 0 0 0 0 0 0 0 0 0 0 0 0 0 0 0
3.18653 3.38313e-06 1.3459e-06 2.03723e-06 0.602173 0.877935 0 0 0 0 0 0 0 0 0 0 0 0 0 0 0 0 0 0 0 0 0 0 0 0 0 0 0 0 0 0 0 0 0 0 0 0 0 0 0 0 0 0
3.35009 3.35013e-06 1.34674e-06 2.00339e-06 0.598003 0.868197 0 0 0 0 0 0 0 0 0 0 0 0 0 0 0 0 0 0 0 0 0 0 0 0 0 0 0 0 0 0 0 0 0 0 0 0 0 0 0 0 0 0
3.52205 3.21043e-06 1.34984e-06 1.86059e-06 0.579546 0.854074 0 0 0 0 0 0 0 0 0 0 0 0 0 0 0 0 0 0 0 0 0 0 0 0 0 0 0 0 0 0 0 0 0 0 0 0 0 0 0 0 0 0
3.70284 3.07952e-06 1.34769e-06 1.73184e-06 0.562371 0.842408 0 0 0 0 0 0 0 0 0 0 0 0 0 0 0 0 0 0 0 0 0 0 0 0 0 0 0 0 0 0 0 0 0 0 0 0 0 0 0 0 0 0
3.89291 3.05906e-06 1.33735e-06 1.72171e-06 0.562823 0.834362 0 0 0 0 0 0 0 0 0 0 0 0 0 0 0 0 0 0 0 0 0 0 0 0 0 0 0 0 0 0 0 0 0 0 0 0 0 0 0 0 0 0
4.09273 3.17659e-06 1.33422e-06 1.84237e-06 0.579983 0.847027 0 0 0 0 0 0 0 0 0 0 0 0 0 0 0 0 0 0 0 0 0 0 0 0 0 0 0 0 0 0 0 0 0 0 0 0 0 0 0 0 0 0
4.30281 3.39692e-06 1.33707e-06 2.05985e-06 0.606388 0.862855 0 0 0 0 0 0 0 0 0 0 0 0 0 0 0 0 0 0 0 0 0 0 0 0 0 0 0 0 0 0 0 0 0 0 0 0 0 0 0 0 0 0
4.52368 3.63366e-06 1.34675e-06 2.2869e-06 0.629367 0.874433 0 0 0 0 0 0 0 0 0 0 0 0 0 0 0 0 0 0 0 0 0 0 0 0 0 0 0 0 0 0 0 0 0 0 0 0 0 0 0 0 0 0
4.75588 3.75419e-06 1.36007e-06 2.39411e-06 0.637718 0.870104 0 0 0 0 0 0 0 0 0 0 0 0 0 0 0 0 0 0 0 0 0 0 0 0 0 0 0 0 0 0 0 0 0 0 0 0 0 0 0 0 0 0
5 3.62448e-06 1.36659e-06 2.2579e-06 0.622957 0.858085 0 0 0 0 0 0 0 0 0 0 0 0 0 0 0 0 0 0 0 0 0 0 0 0 0 0 0 0 0 0 0 0 0 0 0 0 0 0 0 0 0 0
5.25665 3.42091e-06 1.38879e-06 2.03212e-06 0.594029 0.821444 0 0 0 0 0 0 0 0 0 0 0 0 0 0 0 0 0 0 0 0 0 0 0 0 0 0 0 0 0 0 0 0 0 0 0 0 0 0 0 0 0 0
5.52648 3.11879e-06 1.36421e-06 1.75458e-06 0.562584 0.772478 0 0 0 0 0 0 0 0 0 0 0 0 0 0 0 0 0 0 0 0 0 0 0 0 0 0 0 0 0 0 0 0 0 0 0 0 0 0 0 0 0 0
5.81015 2.99732e-06 1.42295e-06 1.57437e-06 0.525259 0.714723 0 0 0 0 0 0 0 0 0 0 0 0 0 0 0 0 0 0 0 0 0 0 0 0 0 0 0 0 0 0 0 0 0 0 0 0 0 0 0 0 0 0
6.10839 3.04143e-06 1.37573e-06 1.6657e-06 0.547671 0.714621 0 0 0 0 0 0 0 0 0 0 0 0 0 0 0 0 0 0 0 0 0 0 0 0 0 0 0 0 0 0 0 0 0 0 0 0 0 0 0 0 0 0
6.42193 3.37711e-06 1.40204e-06 1.97507e-06 0.584839 0.734627 0 0 0 0 0 0 0 0 0 0 0 0 0 0 0 0 0 0 0 0 0 0 0 0 0 0 0 0 0 0 0 0 0 0 0 0 0 0 0 0 0 0
6.75157 3.91531e-06 1.33893e-06 2.57638e-06 0.658026 0.79922 0 0 0 0 0 0 0 0 0 0 0 0 0 0 0 0 0 0 0 0 0 0 0 0 0 0 0 0 0 0 0 0 0 0 0 0 0 0 0 0 0 0
7.09813 4.42431e-06 1.27888e-06 3.14543e-06 0.710942 0.841444 0 0 0 0 0 0 0 0 0 0 0 0 0 0 0 0 0 0 0 0 0 0 0 0 0 0 0 0 0 0 0 0 0 0 0 0 0 0 0 0 0 0
7.46248 4.2964e-06 1.29257e-06 3.00383e-06 0.699151 0.891608 0 0 0 0 0 0 0 0 0 0 0 0 0 0 0 0 0 0 0 0 0 0 0 0 0 0 0 0 0 0 0 0 0 0 0 0 0 0 0 0 0 0
7.84553 3.00529e-06 1.47166e-06 1.53363e-06 0.51031 0.913628 0 0 0 0 0 0 0 0 0 0 0 0 0 0 0 0 0 0 0 0 0 0 0 0 0 0 0 0 0 0 0 0 0 0 0 0 0 0 0 0 0 0
8.24824 2.69113e-06 1.61248e-06 1.07864e-06 0.400814 0.902861 0 0 0 0 0 0 0 0 0 0 0 0 0 0 0 0 0 0 0 0 0 0 0 0 0 0 0 0 0 0 0 0 0 0 0 0 0 0 0 0 0 0
8.67162 2.90419e-06 1.6676e-06 1.23659e-06 0.425795 0.876064 0 0 0 0 0 0 0 0 0 0 0 0 0 0 0 0 0 0 0 0 0 0 0 0 0 0 0 0 0 0 0 0 0 0 0 0 0 0 0 0 0 0
9.11674 3.18775e-06 1.70469e-06 1.48306e-06 0.465236 0.835887 0 0 0 0 0 0 0 0 0 0 0 0 0 0 0 0 0 0 0 0 0 0 0 0 0 0 0 0 0 0 0 0 1.4013e-45 0 5.60519e-45 0 1.4013e-44 0 3.50325e-44 0 8.12753e-44 0
9.5847 3.4584e-06 1.77061e-06 1.68779e-06 0.488025 0.804169 0 0 0 0 0 0 0 0 0 0 0 0 0 0 0 0 0 0 0 0 0 0 0 0 2.8026e-45 0 1.12104e-44 0 4.06377e-44 0 1.28919e-43 0 3.71344e-43 0 1.01874e-42 0 2.57419e-42 0 6.14049e-42 0 1.38574e-41 0
10.0767 3.5846e-06 1.81296e-06 1.77164e-06 0.494237 0.787692 0 0 0 0 0 0 0 0 0 0 0 0 0 0 0 0 0 0 4.2039e-45 0 2.66247e-44 0 1.34525e-43 0 5.73131e-43 0 2.09494e-42 0 6.95044e-42 0 2.10545e-41 0 5.72753e-41 0 1.49725e-40 0 3.61735e-40 0 8.27049e-40 0 1.79359e-39 0
10.5939 3.67695e-06 1.83619e-06 1.84076e-06 0.500623 0.770818 0 0 0 0 0 0 0 0 0 0 0 0 1.4013e-45 0 1.26117e-44 0 1.14906e-43 0 8.3097e-43 0 4.6383e-42 0 2.14034e-41 0 8.47407e-41 0 2.90824e-40 0 9.10267e-40 0 2.61204e-39 0 6.76683e-39 0 1.68785e-38 0 3.90598e-38 0 8.577e-38 0 1.79107e-37 0
11.1377 3.71829e-06 1.8678e-06 1.85049e-06 0.497672 0.763711 0 0 0 0 0 0 0 0 0 0 7.00649e-45 0 1.68156e-43 0 2.14679e-42 0 1.83388e-41 0 1.1992e-40 0 6.14986e-40 0 2.63409e-39 0 9.75112e-39 0 3.15097e-38 0 9.328e-38 0 2.54242e-37 0 6.28737e-37 0 1.49981e-36 0 3.33152e-36 0 7.03993e-36 0 1.41819e-35 0
11.7094 3.74811e-06 1.90055e-06 1.84756e-06 0.492932 0.75722 0 0 0 0 0 0 0 0 3.08286e-44 0 1.31862e-42 0 2.59759e-41 0 2.92311e-40 0 2.24893e-39 0 1.34177e-38 0 6.35314e-38 0 2.53459e-37 0 8.80195e-37 0 2.68595e-36 0 7.54101e-36 0 1.95716e-35 0 4.63074e-35 0 1.05873e-34 0 2.26186e-34 0 4.60817e-34 0 8.97105e-34 0
12.3105 3.77059e-06 1.93978e-06 1.83081e-06 0.485551 0.752235 0 0 0 0 0 0 4.34403e-44 0 5.19742e-42 0 1.82385e-40 0 3.10583e-39 0 3.10548e-38 0 2.16269e-37 0 1.18256e-36 0 5.18995e-36 0 1.93528e-35 0 6.32436e-35 0 1.82759e-34 0 4.8789e-34 0 1.20864e-33 0 2.74194e-33 0 6.02085e-33 0 1.23949e-32 0 2.43902e-32 0 4.59627e-32 0
12.9424 3.79497e-06 1.99221e-06 1.80276e-06 0.475039 0.749213 0 0 0 0 7.00649e-45 0 6.98267e-42 0 6.68857e-40 0 1.97293e-38 0 2.92543e-37 0 2.61408e-36 0 1.6559e-35 0 8.3337e-35 0 3.40264e-34 0 1.18984e-33 0 3.66989e-33 0 1.00697e-32 0 2.56234e-32 0 6.07262e-32 0 1.32363e-31 0 2.79698e-31 0 5.55859e-31 0 1.05824e-30 0 1.93347e-30 0
13.6067 3.86115e-06 2.06181e-06 1.79933e-06 0.466009 0.747826 0 0 0 0 1.30321e-42 0 8.82846e-40 0 6.76845e-38 0 1.69241e-36 0 2.19993e-35 0 1.76644e-34 0 1.02252e-33 0 4.75566e-33 0 1.81283e-32 0 5.96331e-32 0 1.74088e-31 0 4.54703e-31 0 1.10547e-30 0 2.51182e-30 0 5.27059e-30 0 1.07378e-29 0 2.06361e-29 0 3.80711e-29 0 6.75413e-29 0
14.3051 4.02158e-06 2.12053e-06 1.90104e-06 0.472711 0.755244 0 0 1.4013e-45 0 1.7585e-40 0 8.66678e-38 0 5.37586e-36 0 1.14871e-34 0 1.31742e-33 0 9.55533e-33 0 5.07675e-32 0 2.19045e-31 0 7.8218e-31 0 2.42766e-30 0 6.72593e-30 0 1.67631e-29 0 3.90242e-29 0 8.51871e-29 0 1.72397e-28 0 3.39233e-28 0 6.31477e-28 0 1.13068e-27 0 1.95055e-27 0
15.0394 3.99752e-06 2.109e-06 1.88852e-06 0.472424 0.755474 0 0 2.81661e-43 0 1.7867e-38 0 6.50574e-36 0 3.29888e-34 0 6.07019e-33 0 6.18e-32 0 4.06907e-31 0 1.9926e-30 0 8.00513e-30 0 2.68629e-29 0 7.88894e-29 0 2.07958e-28 0 4.95693e-28 0 1.10733e-27 0 2.32682e-27 0 4.54957e-27 0 8.66135e-27 0 1.56412e-26 0 2.72208e-26 0 4.57252e-26 0
15.8114 3.87566e-06 2.0921e-06 1.78356e-06 0.460196 0.744791 0 0 3.8645e-41 0 1.42702e-36 0 3.89605e-34 0 1.63097e-32 0 2.60332e-31 0 2.36652e-30 0 1.42119e-29 0 6.44012e-29 0 2.41743e-28 0 7.64659e-28 0 2.13054e-27 0 5.35666e-27 0 1.22381e-26 0 2.62866e-26 0 5.32691e-26 0 1.00801e-25 0 1.85964e-25 0 3.26273e-25 0 5.52666e-25 0 9.05149e-25 0
16.623 3.79895e-06 2.0942e-06 1.70474e-06 0.448741 0.725251 5.1848e-44 0 4.14991e-39 0 9.17016e-35 0 1.90383e-32 0 6.64147e-31 0 9.25992e-30 0 7.55766e-29 0 4.15834e-28 0 1.75033e-27 0 6.15932e-27 0 1.84174e-26 0 4.88117e-26 0 1.17322e-25 0 2.57442e-25 0 5.32707e-25 0 1.04293e-24 0 1.91302e-24 0 3.42529e-24 0 5.84695e-24 0 9.65242e-24 0 1.54324e-23 0
17.4762 3.80621e-06 2.10778e-06 1.69843e-06 0.446225 0.699232 7.63287e-42 0 3.52297e-37 0 4.77681e-33 0 7.64278e-31 0 2.24166e-29 0 2.74816e-28 0 2.02444e-27 0 1.0249e-26 0 4.02167e-26 0 1.33089e-25 0 3.77235e-25 0 9.53322e-25 0 2.19533e-24 0 4.63592e-24 0 9.2582e-24 0 1.75407e-23 0 3.12356e-23 0 5.43596e-23 0 9.04002e-23 0 1.45629e-22 0 2.27558e-22 0
18.3733 3.87478e-06 2.12434e-06 1.75044e-06 0.451752 0.670587 8.72104e-40 0 2.38251e-35 0 2.03007e-31 0 2.53519e-29 0 6.30505e-28 0 6.83936e-27 0 4.5702e-26 0 2.13758e-25 0 7.84617e-25 0 2.44916e-24 0 6.59775e-24 0 1.59355e-23 0 3.52321e-23 0 7.1734e-23 0 1.385e-22 0 2.54343e-22 0 4.40339e-22 0 7.45873e-22 0 1.20997e-21 0 1.90432e-21 0 2.91154e-21 0
19.3164 3.96719e-06 2.14089e-06 1.8263e-06 0.460351 0.643369 7.8121e-38 0 1.29607e-33 0 7.09909e-30 0 7.00394e-28 0 1.48894e-26 0 1.43766e-25 0 8.7559e-25 0 3.79818e-24 0 1.30839e-23 0 3.86332e-23 0 9.9158e-23 0 2.29403e-22 0 4.8792e-22 0 9.59531e-22 0 1.79404e-21 0 3.19827e-21 0 5.39069e-21 0 8.89913e-21 0 1.40993e-20 0 2.17044e-20 0 3.25033e-20 0
20.3079 4.05294e-06 2.16385e-06 1.8891e-06 0.466105 0.62146 5.56891e-36 0 5.74911e-32 0 2.06844e-28 0 1.63088e-26 0 2.98635e-25 0 2.5813e-24 0 1.43937e-23 0 5.81211e-23 0 1.88482e-22 0 5.2788e-22 0 1.29394e-21 0 2.87343e-21 0 5.89044e-21 0 1.12078e-20 0 2.03247e-20 0 3.52247e-20 0 5.7877e-20 0 9.32353e-20 0 1.44435e-19 0 2.17709e-19 0 3.19663e-19 0
21.3503 4.11593e-06 2.19258e-06 1.92336e-06 0.467295 0.603 3.1939e-34 0 2.09981e-30 0 5.06526e-27 0 3.22679e-25 0 5.12672e-24 0 3.98845e-23 0 2.04503e-22 0 7.71374e-22 0 2.36187e-21 0 6.29047e-21 0 1.47588e-20 0 3.15225e-20 0 6.23946e-20 0 1.15048e-19 0 2.02657e-19 0 3.4192e-19 0 5.48346e-19 0 8.63015e-19 0 1.30867e-18 0 1.93345e-18 0 2.78615e-18 0
22.4463 4.15987e-06 2.21568e-06 1.94419e-06 0.467369 0.58244 1.48186e-32 0 6.34253e-29 0 1.04602e-25 0 5.44031e-24 0 7.55182e-23 0 5.31515e-22 0 2.51623e-21 0 8.89541e-21 0 2.57887e-20 0 6.54764e-20 0 1.47357e-19 0 3.03284e-19 0 5.80627e-19 0 1.03909e-18 0 1.78046e-18 0 2.92823e-18 0 4.58901e-18 0 7.06426e-18 0 1.04966e-17 0 1.52152e-17 0 2.15378e-17 0
23.5984 4.17822e-06 2.22807e-06 1.95015e-06 0.466743 0.55786 5.60677e-31 0 1.59539e-27 0 1.83259e-24 0 7.85888e-23 0 9.59424e-22 0 6.139e-21 0 2.6938e-20 0 8.95375e-20 0 2.46433e-19 0 5.97857e-19 0 1.29325e-18 0 2.56954e-18 0 4.76578e-18 0 8.28991e-18 0 1.3836e-17 0 2.22092e-17 0 3.40503e-17 0 5.13241e-17 0 7.4801e-17 0 1.06479e-16 0 1.4819e-16 0
24.8097 4.17919e-06 2.22484e-06 1.95436e-06 0.46764 0.526011 1.74316e-29 0 3.36392e-26 0 2.73926e-23 0 9.77763e-22 0 1.0564e-20 0 6.17391e-20 0 2.5204e-19 0 7.90024e-19 0 2.0695e-18 0 4.80809e-18 0 1.00161e-17 0 1.92448e-17 0 3.46332e-17 0 5.86369e-17 0 9.54485e-17 0 1.49712e-16 0 2.24794e-16 0 3.32112e-16 0 4.75208e-16 0 6.64893e-16 0 9.1054e-16 0
26.0832 4.1758e-06 2.21313e-06 1.96267e-06 0.470011 0.488193 4.5091e-28 0 6.01431e-25 0 3.53066e-22 0 1.05841e-20 0 1.01809e-19 0 5.45859e-19 0 2.08048e-18 0 6.16749e-18 0 1.5414e-17 0 3.43674e-17 0 6.90734e-17 0 1.28552e-16 0 2.24802e-16 0 3.70947e-16 0 5.8963e-16 0 9.04739e-16 0 1.33178e-15 0 1.93044e-15 0 2.7143e-15 0 3.73598e-15 0 5.03831e-15 0
27.4221 4.18648e-06 2.20044e-06 1.98604e-06 0.474394 0.44587 9.82291e-27 0 9.22054e-24 0 3.96506e-21 0 1.0068e-19 0 8.67109e-19 0 4.28314e-18 0 1.52924e-17 0 4.2991e-17 0 1.02745e-16 0 2.20288e-16 0 4.27911e-16 0 7.72592e-16 0 1.31468e-15 0 2.11696e-15 0 3.28968e-15 0 4.94332e-15 0 7.14051e-15 0 1.01644e-14 0 1.40559e-14 0 1.90472e-14 0 2.53145e-14 0
28.8297 4.22273e-06 2.19671e-06 2.02601e-06 0.479788 0.402642 1.82553e-25 0 1.2268e-22 0 3.92364e-20 0 8.50747e-19 0 6.5959e-18 0 3.01366e-17 0 1.01116e-16 0 2.70275e-16 0 6.19037e-16 0 1.27872e-15 0 2.40468e-15 0 4.21819e-15 0 6.99398e-15 0 1.10031e-14 0 1.67344e-14 0 2.46513e-14 0 3.49745e-14 0 4.89348e-14 0 6.66071e-14 0 8.89301e-14 0 1.16562e-13 0
30.3095 4.2904e-06 2.20839e-06 2.08201e-06 0.485271 0.361539 2.92595e-24 0 1.4309e-21 0 3.45322e-19 0 6.44319e-18 0 4.52009e-17 0 1.91757e-16 0 6.06472e-16 0 1.54507e-15 0 3.3985e-15 0 6.77582e-15 0 1.23553e-14 0 2.10866e-14 0 3.41101e-14 0 5.24887e-14 0 7.82112e-14 0 1.13054e-13 0 1.57682e-13 0 2.17033e-13 0 2.90998e-13 0 3.8308e-13 0 4.95519e-13 0
31.8653 4.38565e-06 2.23914e-06 2.14651e-06 0.489439 0.325367 4.08158e-23 0 1.47525e-20 0 2.72365e-18 0 4.40534e-17 0 2.81008e-16 0 1.11092e-15 0 3.32142e-15 0 8.08414e-15 0 1.71103e-14 0 3.29838e-14 0 5.84056e-14 0 9.71119e-14 0 1.53444e-13 0 2.31204e-13 0 3.37864e-13 0 4.79673e-13 0 6.58243e-13 0 8.91982e-13 0 1.17897e-12 0 1.53134e-12 0 1.95608e-12 0
33.5009 4.49726e-06 2.28551e-06 2.21175e-06 0.4918 0.294166 4.98182e-22 0 1.35061e-19 0 1.93272e-17 0 2.72883e-16 0 1.5901e-15 0 5.87816e-15 0 1.66595e-14 0 3.88249e-14 0 7.922e-14 0 1.47898e-13 0 2.54683e-13 0 4.13082e-13 0 6.38285e-13 0 9.42684e-13 0 1.35229e-12 0 1.8873e-12 0 2.55019e-12 0 3.40485e-12 0 4.43946e-12 0 5.69319e-12 0 7.18585e-12 0
35.2205 4.59846e-06 2.34208e-06 2.25638e-06 0.490682 0.268918 5.34249e-21 0 1.10177e-18 0 1.23732e-16 0 1.53515e-15 0 8.2078e-15 0 2.84656e-14 0 7.66747e-14 0 1.71459e-13 0 3.3788e-13 0 6.11861e-13 0 1.02604e-12 0 1.62535e-12 0 2.45866e-12 0 3.56273e-12 0 5.02151e-12 0 6.89507e-12 0 9.18092e-12 0 1.2086e-11 0 1.55557e-11 0 1.97079e-11 0 2.45938e-11 0
37.0284 4.6703e-06 2.39839e-06 2.27191e-06 0.486458 0.248433 5.04319e-20 0 8.01783e-18 0 7.15054e-16 0 7.84532e-15 0 3.86491e-14 0 1.26143e-13 0 3.23731e-13 0 6.9603e-13 0 1.32693e-12 0 2.33424e-12 0 3.81678e-12 0 5.91187e-12 0 8.76395e-12 0 1.24715e-11 0 1.7286e-11 0 2.33708e-11 0 3.06867e-11 0 3.98583e-11 0 5.06726e-11 0 6.34611e-11 0 7.83424e-11 0
38.9291 4.68884e-06 2.44255e-06 2.24629e-06 0.479072 0.23223 4.19628e-19 0 5.20879e-17 0 3.73077e-15 0 3.6415e-14 0 1.65957e-13 0 5.11257e-13 0 1.25307e-12 0 2.5953e-12 0 4.7943e-12 0 8.20441e-12 0 1.3097e-11 0 1.98574e-11 0 2.88769e-11 0 4.03913e-11 0 5.50986e-11 0 7.34051e-11 0 9.51104e-11 0 1.2197e-10 0 1.53255e-10 0 1.89836e-10 0 2.31953e-10 0
40.9273 4.63367e-06 2.46205e-06 2.17162e-06 0.46866 0.220051 3.08113e-18 0 3.0224e-16 0 1.75728e-14 0 1.53466e-13 0 6.49484e-13 0 1.89388e-12 0 4.44304e-12 0 8.88084e-12 0 1.59213e-11 0 2.65405e-11 0 4.14111e-11 0 6.15236e-11 0 8.78473e-11 0 1.20879e-10 0 1.62413e-10 0 2.13365e-10 0 2.72981e-10 0 3.45844e-10 0 4.29738e-10 0 5.26777e-10 0 6.37383e-10 0
43.0281 4.48635e-06 2.44496e-06 2.04139e-06 0.455023 0.212896 1.99831e-17 0 1.56699e-15 0 7.47146e-14 0 5.86982e-13 0 2.3152e-12 0 6.40739e-12 0 1.44187e-11 0 2.78623e-11 0 4.8547e-11 0 7.89327e-11 0 1.20512e-10 0 1.75615e-10 0 2.46432e-10 0 3.3385e-10 0 4.42138e-10 0 5.73159e-10 0 7.24535e-10 0 9.07386e-10 0 1.1156e-09 0 1.35399e-09 0 1.62311e-09 0
45.2368 4.2479e-06 2.38217e-06 1.86573e-06 0.439211 0.209526 1.14616e-16 0 7.26367e-15 0 2.86783e-13 0 2.03735e-12 0 7.51505e-12 0 1.97897e-11 0 4.28043e-11 0 8.00955e-11 0 1.35825e-10 0 2.15659e-10 0 3.22531e-10 0 4.61442e-10 0 6.36896e-10 0 8.50129e-10 0 1.11054e-09 0 1.4215e-09 0 1.77649e-09 0 2.20051e-09 0 2.67831e-09 0 3.22004e-09 0 3.82604e-09 0
47.5588 3.91853e-06 2.26555e-06 1.65299e-06 0.421838 0.209521 5.81344e-16 0 3.00861e-14 0 9.92705e-13 0 6.40851e-12 0 2.21793e-11 0 5.57088e-11 0 1.16042e-10 0 2.10595e-10 0 3.48034e-10 0 5.40265e-10 0 7.92273e-10 0 1.11385e-09 0 1.51337e-09 0 1.99176e-09 0 2.56816e-09 0 3.24788e-09 0 4.01503e-09 0 4.92165e-09 0 5.9331e-09 0 7.06928e-09 0 8.32928e-09 0
50 3.53096e-06 2.10177e-06 1.42919e-06 0.404759 0.210685 2.61836e-15 0 1.11759e-13 0 3.10884e-12 0 1.83228e-11 0 5.96838e-11 0 1.43319e-10 0 2.88028e-10 0 5.07729e-10 0 8.18753e-10 0 1.24398e-09 0 1.79045e-09 0 2.47566e-09 0 3.31368e-09 0 4.30308e-09 0 5.47991e-09 0 6.85131e-09 0 8.38234e-09 0 1.01735e-08 0 1.21528e-08 0 1.43568e-08 0 1.67807e-08 0
52.5665 3.10298e-06 1.89707e-06 1.20591e-06 0.388631 0.211558 1.04932e-14 0 3.72874e-13 0 8.81783e-12 0 4.76585e-11 0 1.46543e-10 0 3.37161e-10 0 6.54889e-10 0 1.12291e-09 0 1.76903e-09 0 2.63345e-09 0 3.72352e-09 0 5.0677e-09 0 6.68725e-09 0 8.57386e-09 0 1.07906e-08 0 1.33447e-08 0 1.61668e-08 0 1.94367e-08 0 2.30176e-08 0 2.69715e-08 0 3.12861e-08 0
55.2648 2.66799e-06 1.66918e-06 9.98819e-07 0.374371 0.210434 3.76517e-14 0 1.12391e-12 0 2.27749e-11 0 1.1336e-10 0 3.29963e-10 0 7.28904e-10 0 1.37064e-09 0 2.28911e-09 0 3.52711e-09 0 5.1496e-09 0 7.15908e-09 0 9.59796e-09 0 1.2495e-08 0 1.58269e-08 0 1.96964e-08 0 2.41072e-08 0 2.8933e-08 0 3.44736e-08 0 4.04892e-08 0 4.70785e-08 0 5.42153e-08 0
58.1015 2.25418e-06 1.4375e-06 8.16684e-07 0.362297 0.206302 1.21966e-13 0 3.08441e-12 0 5.39632e-11 0 2.48353e-10 0 6.86154e-10 0 1.45821e-09 0 2.65879e-09 0 4.33063e-09 0 6.53336e-09 0 9.36412e-09 0 1.28105e-08 0 1.69305e-08 0 2.17587e-08 0 2.72446e-08 0 3.35455e-08 0 4.06546e-08 0 4.83602e-08 0 5.71302e-08 0 6.65744e-08 0 7.68412e-08 0 8.78821e-08 0
61.0839 1.87859e-06 1.21737e-06 6.61224e-07 0.351979 0.199022 3.59753e-13 0 7.77036e-12 0 1.18218e-10 0 5.04992e-10 0 1.32766e-09 0 2.71958e-09 0 4.81536e-09 0 7.65866e-09 0 1.13245e-08 0 1.59484e-08 0 2.14867e-08 0 2.80131e-08 0 3.55636e-08 0 4.40438e-08 0 5.36818e-08 0 6.44505e-08 0 7.60194e-08 0 8.90776e-08 0 1.03031e-07 0 1.1809e-07 0 1.34175e-07 0
64.2193 1.55182e-06 1.01963e-06 5.32196e-07 0.342949 0.189195 9.75456e-13 0 1.81339e-11 0 2.41553e-10 0 9.61225e-10 0 2.41064e-09 0 4.76807e-09 0 8.2102e-09 0 1.27655e-08 0 1.85187e-08 0 2.56477e-08 0 3.4055e-08 0 4.38278e-08 0 5.49962e-08 0 6.74027e-08 0 8.13624e-08 0 9.68159e-08 0 1.13278e-07 0 1.31712e-07 0 1.51265e-07 0 1.72223e-07 0 1.94466e-07 0
67.5157 1.27601e-06 8.49075e-07 4.26939e-07 0.334588 0.177512 2.4529e-12 0 3.95359e-11 0 4.64096e-10 0 1.72638e-09 0 4.1395e-09 0 7.91946e-09 0 1.32796e-08 0 2.02074e-08 0 2.87868e-08 0 3.92397e-08 0 5.13862e-08 0 6.53229e-08 0 8.10654e-08 0 9.83709e-08 0 1.17658e-07 0 1.38822e-07 0 1.61185e-07 0 1.86042e-07 0 2.12221e-07 0 2.40099e-07 0 2.69505e-07 0
70.9813 1.04808e-06 7.05921e-07 3.4216e-07 0.326463 0.164889 5.76389e-12 0 8.11116e-11 0 8.44259e-10 0 2.94543e-09 0 6.76731e-09 0 1.25432e-08 0 2.05086e-08 0 3.05745e-08 0 4.28095e-08 0 5.74783e-08 0 7.42859e-08 0 9.33334e-08 0 1.14612e-07 0 1.37771e-07 0 1.63349e-07 0 1.91181e-07 0 2.20366e-07 0 2.52575e-07 0 2.8627e-07 0 3.21929e-07 0 3.59324e-07 0
74.6248 8.61423e-07 5.87427e-07 2.73996e-07 0.318073 0.151928 1.27293e-11 0 1.57435e-10 0 1.46158e-09 0 4.79733e-09 0 1.05835e-08 0 1.90342e-08 0 3.03835e-08 0 4.44217e-08 0 6.11841e-08 0 8.09756e-08 0 1.03352e-07 0 1.28413e-07 0 1.56115e-07 0 1.85982e-07 0 2.18685e-07 0 2.53987e-07 0 2.90737e-07 0 3.31018e-07 0 3.72891e-07 0 4.16944e-07 0 4.62886e-07 0
78.4553 7.09731e-07 4.9022e-07 2.19511e-07 0.309288 0.139253 2.65537e-11 0 2.90465e-10 0 2.41861e-09 0 7.49103e-09 0 1.58999e-08 0 2.77878e-08 0 4.33552e-08 0 6.22221e-08 0 8.43721e-08 0 1.10147e-07 0 1.38919e-07 0 1.70785e-07 0 2.05657e-07 0 2.42917e-07 0 2.83382e-07 0 3.26731e-07 0 3.71547e-07 0 4.20353e-07 0 4.70781e-07 0 5.23536e-07 0 5.78265e-07 0
82.4824 5.87074e-07 4.10947e-07 1.76126e-07 0.300007 0.127134 5.25622e-11 0 5.11582e-10 0 3.84102e-09 0 1.12577e-08 0 2.30326e-08 0 3.91713e-08 0 5.98029e-08 0 8.43266e-08 0 1.12658e-07 0 1.45172e-07 0 1.8103e-07 0 2.20323e-07 0 2.62915e-07 0 3.08034e-07 0 3.56652e-07 0 4.08363e-07 0 4.6147e-07 0 5.18952e-07 0 5.78003e-07 0 6.39448e-07 0 7.02874e-07 0
86.7162 4.87669e-07 3.46206e-07 1.41464e-07 0.290081 0.115704 9.90484e-11 0 8.6266e-10 0 5.8698e-09 0 1.6324e-08 0 3.22509e-08 0 5.34448e-08 0 7.9926e-08 0 1.10827e-07 0 1.45982e-07 0 1.85799e-07 0 2.29209e-07 0 2.76297e-07 0 3.26876e-07 0 3.80022e-07 0 4.36866e-07 0 4.9691e-07 0 5.58192e-07 0 6.24134e-07 0 6.91506e-07 0 7.61253e-07 0 8.32906e-07 0
91.1674 4.06818e-07 2.93076e-07 1.13742e-07 0.279589 0.105094 1.78133e-10 0 1.39586e-09 0 8.649e-09 0 2.28813e-08 0 4.37278e-08 0 7.06987e-08 0 1.03672e-07 0 1.41477e-07 0 1.83865e-07 0 2.31276e-07 0 2.82401e-07 0 3.37325e-07 0 3.95815e-07 0 4.56797e-07 0 5.21563e-07 0 5.8953e-07 0 6.58485e-07 0 7.32273e-07 0 8.07268e-07 0 8.84532e-07 0 9.63548e-07 0
95.847 3.40848e-07 2.49291e-07 9.15575e-08 0.268617 0.0953276 3.06503e-10 0 2.1721e-09 0 1.2312e-08 0 3.1061e-08 0 5.7512e-08 0 9.08292e-08 0 1.30725e-07 0 1.75708e-07 0 2.25449e-07 0 2.80424e-07 0 3.39091e-07 0 4.01541e-07 0 4.67502e-07 0 5.35768e-07 0 6.07784e-07 0 6.82892e-07 0 7.58659e-07 0 8.39309e-07 0 9.20872e-07 0 1.00452e-06 0 1.08969e-06 0
100.767 2.87075e-07 2.13224e-07 7.38508e-08 0.257253 0.0863907 5.06157e-10 0 3.25992e-09 0 1.69774e-08 0 4.09388e-08 0 7.35558e-08 0 1.13604e-07 0 1.60622e-07 0 2.12799e-07 0 2.69737e-07 0 3.31956e-07 0 3.977e-07 0 4.67074e-07 0 5.39777e-07 0 6.14495e-07 0 6.92814e-07 0 7.74015e-07 0 8.55487e-07 0 9.41776e-07 0 1.02863e-06 0 1.11731e-06 0 1.20724e-06 0
105.939 2.43072e-07 1.83457e-07 5.96157e-08 0.245259 0.0781985 8.04352e-10 0 4.73013e-09 0 2.27272e-08 0 5.24986e-08 0 9.16653e-08 0 1.38601e-07 0 1.92679e-07 0 2.51787e-07 0 3.15485e-07 0 3.84343e-07 0 4.56418e-07 0 5.31843e-07 0 6.10303e-07 0 6.90401e-07 0 7.73852e-07 0 8.59886e-07 0 9.45766e-07 0 1.03629e-06 0 1.127e-06 0 1.21923e-06 0 1.3124e-06 0
111.377 2.06394e-07 1.58221e-07 4.81727e-08 0.233402 0.0707778 1.22835e-09 0 6.62496e-09 0 2.94832e-08 0 6.53769e-08 0 1.11087e-07 0 1.64611e-07 0 2.25187e-07 0 2.9045e-07 0 3.59944e-07 0 4.343e-07 0 5.11435e-07 0 5.91521e-07 0 6.74242e-07 0 7.58155e-07 0 8.45076e-07 0 9.34211e-07 0 1.02275e-06 0 1.11566e-06 0 1.20836e-06 0 1.30224e-06 0 1.39673e-06 0
117.094 1.75966e-07 1.36985e-07 3.89813e-08 0.221527 0.0640607 1.80906e-09 0 8.98634e-09 0 3.71807e-08 0 7.93018e-08 0 1.31305e-07 0 1.90871e-07 0 2.57148e-07 0 3.27578e-07 0 4.01728e-07 0 4.80293e-07 0 5.61103e-07 0 6.44376e-07 0 7.29812e-07 0 8.15959e-07 0 9.04704e-07 0 9.95249e-07 0 1.08477e-06 0 1.17831e-06 0 1.27125e-06 0 1.36503e-06 0 1.45908e-06 0
123.105 1.5074e-07 1.19157e-07 3.15829e-08 0.209519 0.0579572 2.57664e-09 0 1.18357e-08 0 4.56899e-08 0 9.3913e-08 0 1.51717e-07 0 2.16552e-07 0 2.87533e-07 0 3.61984e-07 0 4.39524e-07 0 5.20922e-07 0 6.03968e-07 0 6.88937e-07 0 7.75558e-07 0 8.62399e-07 0 9.51393e-07 0 1.04175e-06 0 1.1307e-06 0 1.22326e-06 0 1.31487e-06 0 1.40698e-06 0 1.49905e-06 0
129.424 1.29768e-07 1.0416e-07 2.56084e-08 0.19734 0.0524259 3.55651e-09 0 1.51648e-08 0 5.48053e-08 0 1.08756e-07 0 1.71631e-07 0 2.40759e-07 0 3.15283e-07 0 3.92485e-07 0 4.72068e-07 0 5.54875e-07 0 6.3871e-07 0 7.23906e-07 0 8.10232e-07 0 8.96306e-07 0 9.84078e-07 0 1.07279e-06 0 1.15975e-06 0 1.24988e-06 0 1.33877e-06 0 1.42784e-06 0 1.51659e-06 0
136.067 1.11856e-07 9.10784e-08 2.07776e-08 0.185753 0.0474308 4.74388e-09 0 1.88451e-08 0 6.39654e-08 0 1.22758e-07 0 1.89462e-07 0 2.61419e-07 0 3.37864e-07 0 4.16127e-07 0 4.96018e-07 0 5.78452e-07 0 6.61298e-07 0 7.44948e-07 0 8.2922e-07 0 9.12812e-07 0 9.97651e-07 0 1.08303e-06 0 1.16638e-06 0 1.25246e-06 0 1.33706e-06 0 1.42155e-06 0 1.50548e-06 0
143.051 9.7046e-08 8.01691e-08 1.68768e-08 0.173906 0.0428912 6.16399e-09 0 2.28918e-08 0 7.32013e-08 0 1.36084e-07 0 2.0563e-07 0 2.79307e-07 0 3.56496e-07 0 4.34638e-07 0 5.13669e-07 0 5.94566e-07 0 6.75304e-07 0 7.56327e-07 0 8.37506e-07 0 9.17635e-07 0 9.98597e-07 0 1.07973e-06 0 1.15865e-06 0 1.23986e-06 0 1.31941e-06 0 1.39862e-06 0 1.47708e-06 0
150.394 8.4181e-08 7.04622e-08 1.37187e-08 0.162967 0.0387997 7.75144e-09 0 2.70012e-08 0 8.15797e-08 0 1.47141e-07 0 2.17905e-07 0 2.91596e-07 0 3.67781e-07 0 4.4409e-07 0 5.20588e-07 0 5.98301e-07 0 6.7535e-07 0 7.52222e-07 0 8.28842e-07 0 9.04119e-07 0 9.79856e-07 0 1.05546e-06 0 1.12873e-06 0 1.20388e-06 0 1.27726e-06 0 1.35012e-06 0 1.42209e-06 0
158.114 7.36432e-08 6.24878e-08 1.11555e-08 0.15148 0.0350794 9.54754e-09 0 3.12921e-08 0 8.9578e-08 0 1.56986e-07 0 2.28078e-07 0 3.00907e-07 0 3.75262e-07 0 4.48984e-07 0 5.22273e-07 0 5.96192e-07 0 6.6902e-07 0 7.41281e-07 0 8.12951e-07 0 8.83053e-07 0 9.533e-07 0 1.02316e-06 0 1.09064e-06 0 1.15963e-06 0 1.22679e-06 0 1.2933e-06 0 1.35882e-06 0
166.23 6.4369e-08 5.5294e-08 9.07501e-09 0.140984 0.031724 1.1407e-08 0 3.5282e-08 0 9.59484e-08 0 1.63614e-07 0 2.33422e-07 0 3.03833e-07 0 3.74863e-07 0 4.44615e-07 0 5.13406e-07 0 5.82318e-07 0 6.4981e-07 0 7.16426e-07 0 7.82189e-07 0 8.46244e-07 0 9.10185e-07 0 9.73552e-07 0 1.03456e-06 0 1.09675e-06 0 1.15712e-06 0 1.21675e-06 0 1.27535e-06 0
174.763 5.6179e-08 4.8787e-08 7.39201e-09 0.13158 0.0287042 1.3229e-08 0 3.87238e-08 0 1.00294e-07 0 1.66635e-07 0 2.33658e-07 0 3.00268e-07 0 3.66705e-07 0 4.31353e-07 0 4.94632e-07 0 5.57612e-07 0 6.18948e-07 0 6.79188e-07 0 7.38393e-07 0 7.95832e-07 0 8.52962e-07 0 9.09391e-07 0 9.63555e-07 0 1.01861e-06 0 1.07191e-06 0 1.12443e-06 0 1.17592e-06 0
183.733 4.95001e-08 4.34775e-08 6.02255e-09 0.121667 0.0259611 1.51049e-08 0 4.19576e-08 0 1.03745e-07 0 1.68163e-07 0 2.31958e-07 0 2.94477e-07 0 3.56166e-07 0 4.15676e-07 0 4.73511e-07 0 5.30721e-07 0 5.8614e-07 0 6.40314e-07 0 6.93335e-07 0 7.44581e-07 0 7.95377e-07 0 8.45391e-07 0 8.93261e-07 0 9.41783e-07 0 9.88653e-07 0 1.03472e-06 0 1.07979e-06 0
193.164 4.35592e-08 3.86515e-08 4.90773e-09 0.112668 0.0234835 1.67916e-08 0 4.43759e-08 0 1.04992e-07 0 1.66237e-07 0 2.25752e-07 0 2.83306e-07 0 3.39517e-07 0 3.93302e-07 0 4.45219e-07 0 4.96278e-07 0 5.45489e-07 0 5.93382e-07 0 6.4007e-07 0 6.85034e-07 0 7.2946e-07 0 7.73072e-07 0 8.14701e-07 0 8.56791e-07 0 8.9735e-07 0 9.37125e-07 0 9.75963e-07 0
203.079 3.83571e-08 3.43554e-08 4.00172e-09 0.104328 0.0212463 1.82371e-08 0 4.59663e-08 0 1.04294e-07 0 1.6149e-07 0 2.16081e-07 0 2.68211e-07 0 3.18636e-07 0 3.6651e-07 0 4.12427e-07 0 4.57339e-07 0 5.00418e-07 0 5.42169e-07 0 5.82716e-07 0 6.21636e-07 0 6.59973e-07 0 6.97502e-07 0 7.33232e-07 0 7.69273e-07 0 8.03925e-07 0 8.37837e-07 0 8.70886e-07 0
213.503 3.39701e-08 3.07047e-08 3.26542e-09 0.0961261 0.0192242 1.94831e-08 0 4.69448e-08 0 1.02358e-07 0 1.55173e-07 0 2.04731e-07 0 2.51493e-07 0 2.96313e-07 0 3.38555e-07 0 3.78826e-07 0 4.18011e-07 0 4.55429e-07 0 4.91549e-07 0 5.26505e-07 0 5.59952e-07 0 5.92803e-07 0 6.24877e-07 0 6.5534e-07 0 6.85999e-07 0 7.15416e-07 0 7.44147e-07 0 7.72097e-07 0
224.463 3.00042e-08 2.73393e-08 2.66483e-09 0.0888153 0.0173966 2.03076e-08 0 4.6882e-08 0 9.84296e-08 0 1.4625e-07 0 1.90403e-07 0 2.31597e-07 0 2.7074e-07 0 3.07376e-07 0 3.42105e-07 0 3.75732e-07 0 4.07707e-07 0 4.38458e-07 0 4.6812e-07 0 4.96416e-07 0 5.24134e-07 0 5.51129e-07 0 5.76709e-07 0 6.024e-07 0 6.27001e-07 0 6.50985e-07 0 6.74278e-07 0
235.984 2.6627e-08 2.44522e-08 2.17481e-09 0.0816767 0.0157406 2.08442e-08 0 4.62037e-08 0 9.35863e-08 0 1.36429e-07 0 1.75387e-07 0 2.11347e-07 0 2.4524e-07 0 2.76755e-07 0 3.0647e-07 0 3.3511e-07 0 3.62234e-07 0 3.88229e-07 0 4.13224e-07 0 4.37003e-07 0 4.60236e-07 0 4.8281e-07 0 5.04156e-07 0 5.25552e-07 0 5.46003e-07 0 5.65906e-07 0 5.85205e-07 0
248.097 2.35786e-08 2.18017e-08 1.77692e-09 0.0753615 0.014254 2.09294e-08 0 4.46355e-08 0 8.73836e-08 0 1.25107e-07 0 1.58917e-07 0 1.89813e-07 0 2.18709e-07 0 2.45415e-07 0 2.70466e-07 0 2.94509e-07 0 3.17193e-07 0 3.38861e-07 0 3.59635e-07 0 3.79346e-07 0 3.9856e-07 0 4.17187e-07 0 4.34766e-07 0 4.52353e-07 0 4.69134e-07 0 4.8544e-07 0 5.01227e-07 0
260.832 2.06912e-08 1.92397e-08 1.45148e-09 0.0701496 0.0129011 2.04306e-08 0 4.20034e-08 0 7.96177e-08 0 1.12054e-07 0 1.40732e-07 0 1.66691e-07 0 1.90795e-07 0 2.12942e-07 0 2.3362e-07 0 2.53384e-07 0 2.71967e-07 0 2.89662e-07 0 3.0658e-07 0 3.22594e-07 0 3.38169e-07 0 3.53237e-07 0 3.67431e-07 0 3.81607e-07 0 3.95111e-07 0 4.08214e-07 0 4.20881e-07 0
274.221 1.81488e-08 1.69636e-08 1.18519e-09 0.0653038 0.0116695 1.95897e-08 0 3.88974e-08 0 7.15077e-08 0 9.90223e-08 0 1.23038e-07 0 1.44584e-07 0 1.64454e-07 0 1.82613e-07 0 1.99492e-07 0 2.15564e-07 0 2.30625e-07 0 2.44925e-07 0 2.58563e-07 0 2.71442e-07 0 2.83941e-07 0 2.96011e-07 0 3.07361e-07 0 3.18678e-07 0 3.29443e-07 0 3.39873e-07 0 3.49943e-07 0
288.297 1.60097e-08 1.50422e-08 9.67513e-10 0.0604328 0.0105486 1.85877e-08 0 3.571e-08 0 6.37717e-08 0 8.69661e-08 0 1.06968e-07 0 1.24762e-07 0 1.41069e-07 0 1.55896e-07 0 1.69619e-07 0 1.82641e-07 0 1.94806e-07 0 2.06325e-07 0 2.17285e-07 0 2.27612e-07 0 2.37616e-07 0 2.47259e-07 0 2.56311e-07 0 2.65324e-07 0 2.73885e-07 0 2.82169e-07 0 2.90158e-07 0
303.095 1.4113e-08 1.33226e-08 7.90438e-10 0.0560078 0.00953691 1.7348e-08 0 3.23018e-08 0 5.61235e-08 0 7.54345e-08 0 9.18993e-08 0 1.06432e-07 0 1.19671e-07 0 1.31652e-07 0 1.42698e-07 0 1.53143e-07 0 1.62874e-07 0 1.72065e-07 0 1.8079e-07 0 1.88995e-07 0 1.96929e-07 0 2.04564e-07 0 2.11721e-07 0 2.18837e-07 0 2.25586e-07 0 2.3211e-07 0 2.38393e-07 0
318.653 1.25717e-08 1.1926e-08 6.45702e-10 0.0513614 0.00862046 1.61284e-08 0 2.9154e-08 0 4.93557e-08 0 6.54356e-08 0 7.90002e-08 0 9.08856e-08 0 1.01652e-07 0 1.11352e-07 0 1.20263e-07 0 1.28664e-07 0 1.36469e-07 0 1.43824e-07 0 1.50791e-07 0 1.57331e-07 0 1.63644e-07 0 1.6971e-07 0 1.75388e-07 0 1.81026e-07 0 1.86368e-07 0 1.91524e-07 0 1.96486e-07 0
335.009 1.11401e-08 1.06127e-08 5.27391e-10 0.0473417 0.00779176 1.47018e-08 0 2.58398e-08 0 4.26842e-08 0 5.58635e-08 0 6.68708e-08 0 7.64495e-08 0 8.50815e-08 0 9.28262e-08 0 9.99169e-08 0 1.06582e-07 0 1.1276e-07 0 1.18568e-07 0 1.2406e-07 0 1.29206e-07 0 1.34166e-07 0 1.38924e-07 0 1.43373e-07 0 1.47785e-07 0 1.5196e-07 0 1.55987e-07 0 1.59857e-07 0
352.205 9.8532e-09 9.4223e-09 4.30901e-10 0.0437321 0.00704332 1.31972e-08 0 2.25876e-08 0 3.64567e-08 0 4.71346e-08 0 5.597e-08 0 6.36095e-08 0 7.04607e-08 0 7.6584e-08 0 8.21726e-08 0 8.74122e-08 0 9.22565e-08 0 9.68026e-08 0 1.01093e-07 0 1.05107e-07 0 1.0897e-07 0 1.12672e-07 0 1.16128e-07 0 1.19552e-07 0 1.22788e-07 0 1.25907e-07 0 1.28902e-07 0
370.284 8.83229e-09 8.48007e-09 3.52225e-10 0.0398792 0.00636723 1.18615e-08 0 1.97982e-08 0 3.12626e-08 0 3.9957e-08 0 4.70888e-08 0 5.32187e-08 0 5.86912e-08 0 6.35649e-08 0 6.8e-08 0 7.21478e-08 0 7.59746e-08 0 7.9559e-08 0 8.29362e-08 0 8.60911e-08 0 8.91234e-08 0 9.20253e-08 0 9.47319e-08 0 9.74103e-08 0 9.994e-08 0 1.02375e-07 0 1.04712e-07 0
389.291 7.88021e-09 7.59235e-09 2.87862e-10 0.0365298 0.00575571 1.04823e-08 0 1.7086e-08 0 2.64286e-08 0 3.34146e-08 0 3.90989e-08 0 4.39574e-08 0 4.82769e-08 0 5.2111e-08 0 5.55907e-08 0 5.88374e-08 0 6.18269e-08 0 6.46223e-08 0 6.7252e-08 0 6.97052e-08 0 7.20602e-08 0 7.43114e-08 0 7.64089e-08 0 7.84826e-08 0 8.04394e-08 0 8.23215e-08 0 8.41262e-08 0
409.273 7.06038e-09 6.82516e-09 2.35223e-10 0.0333159 0.0052025 9.19889e-09 0 1.46621e-08 0 2.22421e-08 0 2.78361e-08 0 3.23536e-08 0 3.6195e-08 0 3.9597e-08 0 4.26074e-08 0 4.53327e-08 0 4.78702e-08 0 5.02024e-08 0 5.23796e-08 0 5.44249e-08 0 5.63306e-08 0 5.81579e-08 0 5.99028e-08 0 6.1527e-08 0 6.31313e-08 0 6.4644e-08 0 6.60978e-08 0 6.7491e-08 0
430.281 6.35639e-09 6.16406e-09 1.92327e-10 0.0302573 0.00470316 8.02603e-09 0 1.25253e-08 0 1.86555e-08 0 2.31244e-08 0 2.67082e-08 0 2.97412e-08 0 3.24176e-08 0 3.47793e-08 0 3.69123e-08 0 3.88944e-08 0 4.07131e-08 0 4.24085e-08 0 4.3999e-08 0 4.54792e-08 0 4.68971e-08 0 4.82497e-08 0 4.95077e-08 0 5.07493e-08 0 5.19191e-08 0 5.30425e-08 0 5.41184e-08 0
452.368 5.71054e-09 5.55328e-09 1.57257e-10 0.027538 0.00425184 6.91701e-09 0 1.05817e-08 0 1.54911e-08 0 1.90295e-08 0 2.18488e-08 0 2.42242e-08 0 2.63135e-08 0 2.81522e-08 0 2.98093e-08 0 3.13465e-08 0 3.27547e-08 0 3.40656e-08 0 3.52941e-08 0 3.64361e-08 0 3.75289e-08 0 3.85705e-08 0 3.95384e-08 0 4.04931e-08 0 4.13919e-08 0 4.22545e-08 0 4.30802e-08 0
475.588 5.17261e-09 5.04404e-09 1.28574e-10 0.0248566 0.00384418 5.95455e-09 0 8.94005e-09 0 1.28771e-08 0 1.56848e-08 0 1.79086e-08 0 1.97746e-08 0 2.14108e-08 0 2.28473e-08 0 2.41395e-08 0 2.53361e-08 0 2.64307e-08 0 2.74485e-08 0 2.84011e-08 0 2.92858e-08 0 3.01317e-08 0 3.09373e-08 0 3.16854e-08 0 3.24227e-08 0 3.31165e-08 0 3.37819e-08 0 3.44184e-08 0
500 4.6678e-09 4.56269e-09 1.05112e-10 0.0225185 0.00347548 5.06049e-09 0 7.46471e-09 0 1.05892e-08 0 1.27958e-08 0 1.45337e-08 0 1.59866e-08 0 1.7257e-08 0 1.83699e-08 0 1.93691e-08 0 2.0293e-08 0 2.11371e-08 0 2.1921e-08 0 2.2654e-08 0 2.33342e-08 0 2.39839e-08 0 2.46023e-08 0 2.51761e-08 0 2.57412e-08 0 2.62727e-08 0 2.67822e-08 0 2.72694e-08 0
525.665 4.24607e-09 4.16007e-09 8.60003e-11 0.0202541 0.00314334 4.29926e-09 0 6.23734e-09 0 8.72211e-09 0 1.04611e-08 0 1.18238e-08 0 1.2959e-08 0 1.39491e-08 0 1.48147e-08 0 1.55905e-08 0 1.63069e-08 0 1.69606e-08 0 1.75671e-08 0 1.81336e-08 0 1.86589e-08 0 1.91603e-08 0 1.96371e-08 0 2.00793e-08 0 2.05147e-08 0 2.09238e-08 0 2.13159e-08 0 2.16905e-08 0
552.648 3.85568e-09 3.78533e-09 7.03473e-11 0.0182451 0.00284274 3.61701e-09 0 5.16618e-09 0 7.12759e-09 0 8.48885e-09 0 9.55056e-09 0 1.04323e-08 0 1.11994e-08 0 1.18688e-08 0 1.24679e-08 0 1.30203e-08 0 1.35239e-08 0 1.39906e-08 0 1.44262e-08 0 1.48298e-08 0 1.52148e-08 0 1.55807e-08 0 1.59199e-08 0 1.62536e-08 0 1.6567e-08 0 1.68673e-08 0 1.71541e-08 0
581.015 3.51883e-09 3.4613e-09 5.75314e-11 0.0163496 0.00257071 3.03577e-09 0 4.2728e-09 0 5.82096e-09 0 6.88716e-09 0 7.71516e-09 0 8.40077e-09 0 8.99597e-09 0 9.51444e-09 0 9.97784e-09 0 1.04047e-08 0 1.07933e-08 0 1.11532e-08 0 1.14888e-08 0 1.17996e-08 0 1.20958e-08 0 1.23772e-08 0 1.26379e-08 0 1.28943e-08 0 1.3135e-08 0 1.33655e-08 0 1.35856e-08 0
610.839 3.20967e-09 3.16261e-09 4.70646e-11 0.0146634 0.0023251 2.5286e-09 0 3.51022e-09 0 4.72566e-09 0 5.55679e-09 0 6.19969e-09 0 6.7306e-09 0 7.19058e-09 0 7.59063e-09 0 7.94774e-09 0 8.2763e-09 0 8.57519e-09 0 8.85174e-09 0 9.1095e-09 0 9.34797e-09 0 9.57519e-09 0 9.79091e-09 0 9.99065e-09 0 1.0187e-08 0 1.03713e-08 0 1.05477e-08 0 1.0716e-08 0
642.193 2.93717e-09 2.89865e-09 3.85173e-11 0.0131137 0.00210348 2.09912e-09 0 2.87652e-09 0 3.82966e-09 0 4.47719e-09 0 4.97624e-09 0 5.38736e-09 0 5.74289e-09 0 6.05166e-09 0 6.32696e-09 0 6.58e-09 0 6.81e-09 0 7.02266e-09 0 7.22072e-09 0 7.40387e-09 0 7.57828e-09 0 7.74379e-09 0 7.89697e-09 0 8.04749e-09 0 8.18871e-09 0 8.32382e-09 0 8.45275e-09 0
675.157 2.69325e-09 2.66174e-09 3.15148e-11 0.0117014 0.00190284 1.73533e-09 0 2.34929e-09 0 3.09523e-09 0 3.59897e-09 0 3.98591e-09 0 4.30395e-09 0 4.57853e-09 0 4.81668e-09 0 5.02879e-09 0 5.22358e-09 0 5.40049e-09 0 5.56395e-09 0 5.7161e-09 0 5.85672e-09 0 5.99057e-09 0 6.11753e-09 0 6.23499e-09 0 6.35037e-09 0 6.45858e-09 0 6.56208e-09 0 6.66081e-09 0
709.813 2.47479e-09 2.44901e-09 2.57799e-11 0.010417 0.00172123 1.42929e-09 0 1.91302e-09 0 2.49587e-09 0 2.88732e-09 0 3.18708e-09 0 3.43296e-09 0 3.64492e-09 0 3.82854e-09 0 3.99191e-09 0 4.14183e-09 0 4.27788e-09 0 4.40352e-09 0 4.5204e-09 0 4.62838e-09 0 4.7311e-09 0 4.8285e-09 0 4.91858e-09 0 5.00704e-09 0 5.08997e-09 0 5.16927e-09 0 5.2449e-09 0
746.248 2.27659e-09 2.25549e-09 2.11001e-11 0.00926831 0.00155722 1.1721e-09 0 1.5521e-09 0 2.00647e-09 0 2.31009e-09 0 2.54195e-09 0 2.73178e-09 0 2.89519e-09 0 3.03659e-09 0 3.1623e-09 0 3.27756e-09 0 3.3821e-09 0 3.47857e-09 0 3.56829e-09 0 3.65112e-09 0 3.7299e-09 0 3.80457e-09 0 3.87361e-09 0 3.94138e-09 0 4.0049e-09 0 4.06562e-09 0 4.12352e-09 0
784.553 2.09716e-09 2.07989e-09 1.72689e-11 0.00823445 0.00140881 9.57602e-10 0 1.2554e-09 0 1.609e-09 0 1.84419e-09 0 2.02334e-09 0 2.16976e-09 0 2.29564e-09 0 2.40446e-09 0 2.50113e-09 0 2.58969e-09 0 2.66998e-09 0 2.74403e-09 0 2.81286e-09 0 2.87639e-09 0 2.93679e-09 0 2.99402e-09 0 3.04691e-09 0 3.09882e-09 0 3.14746e-09 0 3.19395e-09 0 3.23826e-09 0
824.824 1.93374e-09 1.91961e-09 1.41311e-11 0.00730769 0.00127461 7.79366e-10 0 1.01217e-09 0 1.28682e-09 0 1.46874e-09 0 1.60698e-09 0 1.71979e-09 0 1.81667e-09 0 1.90033e-09 0 1.9746e-09 0 2.0426e-09 0 2.10421e-09 0 2.16102e-09 0 2.21379e-09 0 2.26248e-09 0 2.30876e-09 0 2.3526e-09 0 2.3931e-09 0 2.43284e-09 0 2.47007e-09 0 2.50565e-09 0 2.53955e-09 0
867.163 1.7816e-09 1.77003e-09 1.15628e-11 0.00649012 0.00115323 6.30934e-10 0 8.12202e-10 0 1.0248e-09 0 1.16508e-09 0 1.27145e-09 0 1.35813e-09 0 1.43248e-09 0 1.49665e-09 0 1.55356e-09 0 1.60565e-09 0 1.65282e-09 0 1.69629e-09 0 1.73666e-09 0 1.7739e-09 0 1.80928e-09 0 1.84278e-09 0 1.87373e-09 0 1.90408e-09 0 1.93252e-09 0 1.95969e-09 0 1.98557e-09 0
911.674 1.63989e-09 1.63042e-09 9.46721e-12 0.00577309 0.00104366 5.08139e-10 0 6.48739e-10 0 8.12758e-10 0 9.20598e-10 0 1.00222e-09 0 1.06864e-09 0 1.12556e-09 0 1.17465e-09 0 1.21816e-09 0 1.25796e-09 0 1.29399e-09 0 1.32717e-09 0 1.35799e-09 0 1.3864e-09 0 1.41339e-09 0 1.43893e-09 0 1.46253e-09 0 1.48567e-09 0 1.50734e-09 0 1.52804e-09 0 1.54777e-09 0
958.471 1.51157e-09 1.50382e-09 7.75026e-12 0.0051273 0.000944592 4.08206e-10 0 5.17126e-10 0 6.43568e-10 0 7.26436e-10 0 7.89043e-10 0 8.39933e-10 0 8.83507e-10 0 9.21056e-10 0 9.54323e-10 0 9.84738e-10 0 1.01226e-09 0 1.0376e-09 0 1.06112e-09 0 1.0828e-09 0 1.1034e-09 0 1.12288e-09 0 1.14088e-09 0 1.15853e-09 0 1.17505e-09 0 1.19083e-09 0 1.20586e-09 0
1007.67 1.39146e-09 1.38511e-09 6.34299e-12 0.00455852 0.000854849 3.26284e-10 0 4.10349e-10 0 5.07502e-10 0 5.70988e-10 0 6.18875e-10 0 6.57758e-10 0 6.91024e-10 0 7.19673e-10 0 7.45042e-10 0 7.68226e-10 0 7.89195e-10 0 8.085e-10 0 8.26413e-10 0 8.42921e-10 0 8.58594e-10 0 8.73425e-10 0 8.87118e-10 0 9.00541e-10 0 9.13108e-10 0 9.25108e-10 0 9.36537e-10 0
1059.39 1.28586e-09 1.28067e-09 5.19206e-12 0.0040378 0.000773562 2.60912e-10 0 3.25904e-10 0 4.00707e-10 0 4.49458e-10 0 4.86177e-10 0 5.15963e-10 0 5.41428e-10 0 5.63345e-10 0 5.82745e-10 0 6.00467e-10 0 6.1649e-10 0 6.31238e-10 0 6.44918e-10 0 6.57523e-10 0 6.69487e-10 0 6.80808e-10 0 6.91257e-10 0 7.01499e-10 0 7.11087e-10 0 7.2024e-10 0 7.28957e-10 0
1113.77 1.18577e-09 1.18152e-09 4.25096e-12 0.00358498 0.00070006 2.07519e-10 0 2.57557e-10 0 3.14936e-10 0 3.5224e-10 0 3.803e-10 0 4.03042e-10 0 4.22471e-10 0 4.39185e-10 0 4.53973e-10 0 4.67478e-10 0 4.79684e-10 0 4.90916e-10 0 5.01332e-10 0 5.10928e-10 0 5.20034e-10 0 5.28649e-10 0 5.36599e-10 0 5.44391e-10 0 5.51684e-10 0 5.58646e-10 0 5.65276e-10 0
1170.94 1.09075e-09 1.08728e-09 3.47947e-12 0.00318997 0.000633494 1.64142e-10 0 2.02501e-10 0 2.46338e-10 0 2.74776e-10 0 2.96141e-10 0 3.13442e-10 0 3.28215e-10 0 3.40917e-10 0 3.52152e-10 0 3.62407e-10 0 3.71675e-10 0 3.802e-10 0 3.88105e-10 0 3.95386e-10 0 4.02294e-10 0 4.08828e-10 0 4.14858e-10 0 4.20767e-10 0 4.26297e-10 0 4.31575e-10 0 4.366e-10 0
1231.05 1.00316e-09 1.00031e-09 2.84779e-12 0.00283883 0.00057335 1.29436e-10 0 1.58788e-10 0 1.92227e-10 0 2.13877e-10 0 2.30124e-10 0 2.43271e-10 0 2.54491e-10 0 2.64134e-10 0 2.7266e-10 0 2.8044e-10 0 2.8747e-10 0 2.93935e-10 0 2.99928e-10 0 3.05447e-10 0 3.10683e-10 0 3.15635e-10 0 3.20204e-10 0 3.24681e-10 0 3.2887e-10 0 3.32868e-10 0 3.36674e-10 0
1294.24 9.27241e-10 9.24909e-10 2.33194e-12 0.00251492 0.000518954 1.0231e-10 0 1.24848e-10 0 1.50454e-10 0 1.67001e-10 0 1.79407e-10 0 1.89439e-10 0 1.97996e-10 0 2.05348e-10 0 2.11845e-10 0 2.17774e-10 0 2.23129e-10 0 2.28053e-10 0 2.32617e-10 0 2.36819e-10 0 2.40805e-10 0 2.44574e-10 0 2.48051e-10 0 2.51458e-10 0 2.54646e-10 0 2.57688e-10 0 2.60584e-10 0
1360.67 8.55958e-10 8.54049e-10 1.90924e-12 0.00223053 0.000469679 8.05617e-11 0 9.78217e-11 0 1.17381e-10 0 1.3e-10 0 1.39452e-10 0 1.47091e-10 0 1.53604e-10 0 1.59197e-10 0 1.6414e-10 0 1.68648e-10 0 1.72719e-10 0 1.76462e-10 0 1.79931e-10 0 1.83124e-10 0 1.86153e-10 0 1.89017e-10 0 1.91658e-10 0 1.94246e-10 0 1.96667e-10 0 1.98978e-10 0 2.01177e-10 0
1430.51 7.88256e-10 7.86693e-10 1.56279e-12 0.00198259 0.00042506 6.31347e-11 0 7.63043e-11 0 9.11939e-11 0 1.00786e-10 0 1.07964e-10 0 1.13763e-10 0 1.18704e-10 0 1.22947e-10 0 1.26695e-10 0 1.30113e-10 0 1.33199e-10 0 1.36036e-10 0 1.38664e-10 0 1.41084e-10 0 1.43379e-10 0 1.45548e-10 0 1.47549e-10 0 1.49509e-10 0 1.51342e-10 0 1.53092e-10 0 1.54757e-10 0
1503.94 7.2449e-10 7.23211e-10 1.27912e-12 0.00176554 0.000384677 4.92718e-11 0 5.92894e-11 0 7.05915e-11 0 7.78623e-11 0 8.32998e-11 0 8.76896e-11 0 9.14295e-11 0 9.46395e-11 0 9.74744e-11 0 1.00059e-10 0 1.02393e-10 0 1.04537e-10 0 1.06524e-10 0 1.08353e-10 0 1.10087e-10 0 1.11727e-10 0 1.13239e-10 0 1.1472e-10 0 1.16105e-10 0 1.17427e-10 0 1.18685e-10 0
1581.14 6.71503e-10 6.70456e-10 1.04747e-12 0.00155988 0.000348155 3.86977e-11 0 4.63742e-11 0 5.50183e-11 0 6.05724e-11 0 6.47232e-11 0 6.80728e-11 0 7.09254e-11 0 7.33733e-11 0 7.55346e-11 0 7.75051e-11 0 7.92835e-11 0 8.09178e-11 0 8.24318e-11 0 8.38252e-11 0 8.51463e-11 0 8.63951e-11 0 8.75467e-11 0 8.86747e-11 0 8.97297e-11 0 9.07363e-11 0 9.16942e-11 0
1662.3 6.21221e-10 6.20364e-10 8.57534e-13 0.0013804 0.000315078 3.02767e-11 0 3.61426e-11 0 4.27364e-11 0 4.69684e-11 0 5.01292e-11 0 5.26788e-11 0 5.48495e-11 0 5.67117e-11 0 5.83557e-11 0 5.98542e-11 0 6.12065e-11 0 6.24491e-11 0 6.36001e-11 0 6.46592e-11 0 6.56634e-11 0 6.66125e-11 0 6.74877e-11 0 6.83449e-11 0 6.91466e-11 0 6.99114e-11 0 7.06392e-11 0
1747.63 5.73431e-10 5.72729e-10 7.01857e-13 0.00122396 0.000285125 2.35925e-11 0 2.8061e-11 0 3.30763e-11 0 3.62918e-11 0 3.86921e-11 0 4.06275e-11 0 4.22749e-11 0 4.36878e-11 0 4.4935e-11 0 4.60716e-11 0 4.70972e-11 0 4.80394e-11 0 4.89122e-11 0 4.97152e-11 0 5.04765e-11 0 5.1196e-11 0 5.18595e-11 0 5.25092e-11 0 5.31168e-11 0 5.36965e-11 0 5.42481e-11 0
1837.33 5.28058e-10 5.27483e-10 5.74594e-13 0.00108813 0.000258043 1.83087e-11 0 2.17021e-11 0 2.55052e-11 0 2.79413e-11 0 2.97588e-11 0 3.12239e-11 0 3.24706e-11 0 3.35397e-11 0 3.44831e-11 0 3.53429e-11 0 3.61186e-11 0 3.68312e-11 0 3.74911e-11 0 3.80983e-11 0 3.86739e-11 0 3.92179e-11 0 3.97194e-11 0 4.02106e-11 0 4.06699e-11 0 4.11081e-11 0 4.1525e-11 0
1931.64 4.84971e-10 4.84501e-10 4.70513e-13 0.000970187 0.000233553 1.41473e-11 0 1.67155e-11 0 1.95901e-11 0 2.14298e-11 0 2.28018e-11 0 2.39074e-11 0 2.4848e-11 0 2.56544e-11 0 2.6366e-11 0 2.70144e-11 0 2.75993e-11 0 2.81366e-11 0 2.86341e-11 0 2.90919e-11 0 2.95258e-11 0 2.99358e-11 0 3.03139e-11 0 3.0684e-11 0 3.10302e-11 0 3.13604e-11 0 3.16746e-11 0
2030.79 4.45779e-10 4.45394e-10 3.85169e-13 0.000864035 0.000211362 1.09245e-11 0 1.28686e-11 0 1.50421e-11 0 1.6432e-11 0 1.74682e-11 0 1.83029e-11 0 1.90129e-11 0 1.96216e-11 0 2.01585e-11 0 2.06478e-11 0 2.10891e-11 0 2.14944e-11 0 2.18697e-11 0 2.2215e-11 0 2.25423e-11 0 2.28516e-11 0 2.31367e-11 0 2.34159e-11 0 2.36769e-11 0 2.3926e-11 0 2.41629e-11 0
2135.03 4.12474e-10 4.12159e-10 3.15203e-13 0.000764176 0.000191244 8.47979e-12 0 9.96038e-12 0 1.16139e-11 0 1.26706e-11 0 1.3458e-11 0 1.40922e-11 0 1.46316e-11 0 1.50938e-11 0 1.55016e-11 0 1.58731e-11 0 1.62082e-11 0 1.6516e-11 0 1.68009e-11 0 1.7063e-11 0 1.73115e-11 0 1.75462e-11 0 1.77626e-11 0 1.79745e-11 0 1.81727e-11 0 1.83617e-11 0 1.85415e-11 0
2244.63 3.80859e-10 3.80601e-10 2.581e-13 0.000677679 0.000173073 6.55957e-12 0 7.6842e-12 0 8.93896e-12 0 9.74036e-12 0 1.03373e-11 0 1.0818e-11 0 1.12267e-11 0 1.1577e-11 0 1.1886e-11 0 1.21674e-11 0 1.24212e-11 0 1.26543e-11 0 1.28702e-11 0 1.30687e-11 0 1.32569e-11 0 1.34346e-11 0 1.35985e-11 0 1.3759e-11 0 1.3909e-11 0 1.40521e-11 0 1.41883e-11 0
2359.84 3.50802e-10 3.50591e-10 2.11314e-13 0.000602373 0.000156623 5.05531e-12 0 5.90706e-12 0 6.85654e-12 0 7.46261e-12 0 7.91395e-12 0 8.27729e-12 0 8.58619e-12 0 8.85088e-12 0 9.08434e-12 0 9.29698e-12 0 9.48874e-12 0 9.66484e-12 0 9.82788e-12 0 9.97784e-12 0 1.012e-11 0 1.02542e-11 0 1.0378e-11 0 1.04992e-11 0 1.06125e-11 0 1.07206e-11 0 1.08234e-11 0
2480.97 3.22369e-10 3.22196e-10 1.72964e-13 0.00053654 0.000141729 3.88235e-12 0 4.52567e-12 0 5.24222e-12 0 5.69938e-12 0 6.03973e-12 0 6.31367e-12 0 6.54652e-12 0 6.74604e-12 0 6.922e-12 0 7.08225e-12 0 7.22676e-12 0 7.35946e-12 0 7.48232e-12 0 7.59531e-12 0 7.70239e-12 0 7.80356e-12 0 7.89682e-12 0 7.98812e-12 0 8.07349e-12 0 8.15491e-12 0 8.23238e-12 0
2608.32 2.9817e-10 2.98029e-10 1.41575e-13 0.000474812 0.000128259 2.99763e-12 0 3.4865e-12 0 4.03062e-12 0 4.37761e-12 0 4.63587e-12 0 4.84371e-12 0 5.02035e-12 0 5.17169e-12 0 5.30515e-12 0 5.42669e-12 0 5.53628e-12 0 5.63691e-12 0 5.73007e-12 0 5.81575e-12 0 5.89695e-12 0 5.97366e-12 0 6.04437e-12 0 6.11359e-12 0 6.17832e-12 0 6.24004e-12 0 6.29877e-12 0
2742.21 2.75309e-10 2.75193e-10 1.15942e-13 0.000421134 0.000116091 2.30806e-12 0 2.67878e-12 0 3.09113e-12 0 3.35398e-12 0 3.54957e-12 0 3.70695e-12 0 3.8407e-12 0 3.95527e-12 0 4.0563e-12 0 4.1483e-12 0 4.23125e-12 0 4.30742e-12 0 4.37793e-12 0 4.44278e-12 0 4.50423e-12 0 4.56228e-12 0 4.61579e-12 0 4.66818e-12 0 4.71716e-12 0 4.76387e-12 0 4.80831e-12 0
2882.97 2.53569e-10 2.53474e-10 9.49265e-14 0.000374362 0.000105071 1.77094e-12 0 2.05127e-12 0 2.36291e-12 0 2.56148e-12 0 2.70921e-12 0 2.82807e-12 0 2.92906e-12 0 3.01557e-12 0 3.09185e-12 0 3.16131e-12 0 3.22394e-12 0 3.28144e-12 0 3.33466e-12 0 3.38361e-12 0 3.43e-12 0 3.47382e-12 0 3.51421e-12 0 3.55375e-12 0 3.59072e-12 0 3.62597e-12 0 3.65951e-12 0
3030.95 2.3345e-10 2.33372e-10 7.76983e-14 0.000332826 9.50864e-05 1.35698e-12 0 1.56882e-12 0 1.80419e-12 0 1.95412e-12 0 2.06563e-12 0 2.15534e-12 0 2.23156e-12 0 2.29685e-12 0 2.35441e-12 0 2.40682e-12 0 2.45407e-12 0 2.49745e-12 0 2.53761e-12 0 2.57454e-12 0 2.60954e-12 0 2.6426e-12 0 2.67307e-12 0 2.7029e-12 0 2.73079e-12 0 2.75738e-12 0 2.78268e-12 0
3186.53 2.16432e-10 2.16368e-10 6.36086e-14 0.000293897 8.60464e-05 1.04615e-12 0 1.20731e-12 0 1.38628e-12 0 1.50025e-12 0 1.585e-12 0 1.65318e-12 0 1.71109e-12 0 1.7607e-12 0 1.80443e-12 0 1.84425e-12 0 1.88015e-12 0 1.91311e-12 0 1.94362e-12 0 1.97167e-12 0 1.99826e-12 0 2.02337e-12 0 2.04652e-12 0 2.06917e-12 0 2.09036e-12 0 2.11056e-12 0 2.12978e-12 0
3350.09 2.00258e-10 2.00206e-10 5.20838e-14 0.000260084 7.7871e-05 8.04242e-13 0 9.26575e-13 0 1.06237e-12 0 1.14882e-12 0 1.2131e-12 0 1.2648e-12 0 1.30871e-12 0 1.34633e-12 0 1.37949e-12 0 1.40968e-12 0 1.43689e-12 0 1.46188e-12 0 1.48501e-12 0 1.50627e-12 0 1.52643e-12 0 1.54546e-12 0 1.56301e-12 0 1.58018e-12 0 1.59624e-12 0 1.61155e-12 0 1.62612e-12 0
3522.05 1.84874e-10 1.84831e-10 4.26362e-14 0.000230623 7.04678e-05 6.16393e-13 0 7.09024e-13 0 8.11809e-13 0 8.77224e-13 0 9.25858e-13 0 9.64969e-13 0 9.98193e-13 0 1.02664e-12 0 1.05173e-12 0 1.07456e-12 0 1.09515e-12 0 1.11405e-12 0 1.13154e-12 0 1.14762e-12 0 1.16286e-12 0 1.17726e-12 0 1.19053e-12 0 1.20352e-12 0 1.21566e-12 0 1.22724e-12 0 1.23826e-12 0
3702.84 1.70238e-10 1.70204e-10 3.48931e-14 0.000204966 6.37637e-05 4.7087e-13 0 5.40819e-13 0 6.18407e-13 0 6.67775e-13 0 7.04475e-13 0 7.33985e-13 0 7.59051e-13 0 7.80517e-13 0 7.99439e-13 0 8.16665e-13 0 8.32194e-13 0 8.46451e-13 0 8.59646e-13 0 8.71779e-13 0 8.83275e-13 0 8.94134e-13 0 9.04143e-13 0 9.13941e-13 0 9.231e-13 0 9.31834e-13 0 9.40143e-13 0
3892.91 1.56341e-10 1.56313e-10 2.85736e-14 0.000182764 5.77086e-05 3.58487e-13 0 4.11158e-13 0 4.69561e-13 0 5.06714e-13 0 5.3433e-13 0 5.56535e-13 0 5.75394e-13 0 5.91544e-13 0 6.0578e-13 0 6.18739e-13 0 6.30422e-13 0 6.41146e-13 0 6.51073e-13 0 6.602e-13 0 6.68848e-13 0 6.77016e-13 0 6.84545e-13 0 6.91915e-13 0 6.98804e-13 0 7.05374e-13 0 7.11624e-13 0
4092.73 1.43995e-10 1.43971e-10 2.33946e-14 0.000162468 5.22247e-05 2.73536e-13 0 3.13304e-13 0 3.57388e-13 0 3.85426e-13 0 4.06265e-13 0 4.23019e-13 0 4.37249e-13 0 4.49434e-13 0 4.60174e-13 0 4.69951e-13 0 4.78764e-13 0 4.86855e-13 0 4.94343e-13 0 5.01228e-13 0 5.07752e-13 0 5.13914e-13 0 5.19593e-13 0 5.25153e-13 0 5.3035e-13 0 5.35305e-13 0 5.4002e-13 0
4302.81 1.33247e-10 1.33228e-10 1.91487e-14 0.000143708 4.72562e-05 2.09567e-13 0 2.39731e-13 0 2.73159e-13 0 2.94416e-13 0 3.10214e-13 0 3.22914e-13 0 3.337e-13 0 3.42936e-13 0 3.51076e-13 0 3.58487e-13 0 3.65167e-13 0 3.71299e-13 0 3.76974e-13 0 3.82192e-13 0 3.87136e-13 0 3.91806e-13 0 3.9611e-13 0 4.00323e-13 0 4.04262e-13 0 4.08017e-13 0 4.1159e-13 0
4523.68 1.23027e-10 1.23012e-10 1.56727e-14 0.000127392 4.27602e-05 1.60104e-13 0 1.82929e-13 0 2.08218e-13 0 2.24297e-13 0 2.36245e-13 0 2.4585e-13 0 2.54007e-13 0 2.60992e-13 0 2.67148e-13 0 2.72751e-13 0 2.77802e-13 0 2.82439e-13 0 2.86731e-13 0 2.90676e-13 0 2.94415e-13 0 2.97946e-13 0 3.012e-13 0 3.04386e-13 0 3.07364e-13 0 3.10203e-13 0 3.12905e-13 0
4755.88 1.13319e-10 1.13306e-10 1.28343e-14 0.000113258 3.86982e-05 1.21956e-13 0 1.39184e-13 0 1.58267e-13 0 1.70399e-13 0 1.79414e-13 0 1.8666e-13 0 1.92814e-13 0 1.98083e-13 0 2.02727e-13 0 2.06954e-13 0 2.10764e-13 0 2.14262e-13 0 2.17499e-13 0 2.20475e-13 0 2.23295e-13 0 2.25958e-13 0 2.28413e-13 0 2.30816e-13 0 2.33062e-13 0 2.35204e-13 0 2.37241e-13 0
5000 1.04156e-10 1.04146e-10 1.0507e-14 0.000100878 3.50194e-05 9.26503e-14 0 1.05625e-13 0 1.19994e-13 0 1.29128e-13 0 1.35915e-13 0 1.4137e-13 0 1.46002e-13 0 1.49968e-13 0 1.53463e-13 0 1.56645e-13 0 1.59513e-13 0 1.62146e-13 0 1.64582e-13 0 1.66822e-13 0 1.68945e-13 0 1.70949e-13 0 1.72797e-13 0 1.74605e-13 0 1.76296e-13 0 1.77908e-13 0 1.79442e-13 0
