# 4.3758e-08 4 2 : grain size, compostion index, size index
# This grain was stochastically heated: Yes
# Heating and cooling timescale: 4.6813e+07 0.0758201
# Ratio of heating to cooling to determine stochastic cutoff: 100
# Equilibrium emission is recorded even for those grains in the stochastic regime.
# Emission spectrum was computed for: 
# Type: IRSF
# Scale: 1
# Temperature: -1
# Wavelength  CExt  CAbs  CSca  Albedo G EqEmission StEmission
0.05 3.53838e-16 3.53827e-16 1.16552e-20 3.29394e-05 0.000446143 0 2.89119e-60
0.0525665 3.65871e-16 3.6586e-16 1.1101e-20 3.03414e-05 0.000401072 0 2.97168e-58
0.0552647 3.83753e-16 3.83742e-16 1.09957e-20 2.86531e-05 0.000358956 0 2.45412e-56
0.0581015 4.20575e-16 4.20563e-16 1.18257e-20 2.8118e-05 0.000319055 0 1.69667e-54
0.0610839 4.76388e-16 4.76375e-16 1.32817e-20 2.78799e-05 0.000282619 0 9.81983e-53
0.0642193 5.30043e-16 5.30029e-16 1.43785e-20 2.7127e-05 0.000250932 0 4.56904e-51
0.0675157 5.62729e-16 5.62715e-16 1.45817e-20 2.59125e-05 0.000224221 0 1.67669e-49
0.0709813 5.6459e-16 5.64576e-16 1.38003e-20 2.44431e-05 0.000202546 0 4.85145e-48
0.0746248 5.34802e-16 5.3479e-16 1.22223e-20 2.28538e-05 0.000185988 0 1.11573e-46
0.0784553 4.78784e-16 4.78774e-16 1.01154e-20 2.11272e-05 0.000174779 0 2.05918e-45
0.0824824 4.05927e-16 4.05919e-16 7.74623e-21 1.90828e-05 0.000168716 0 3.08167e-44
0.0867162 3.71955e-16 3.71949e-16 6.10661e-21 1.64176e-05 0.000155626 0 4.30489e-43
0.0911674 3.51058e-16 3.51052e-16 5.39362e-21 1.53639e-05 0.000142353 0 5.40826e-42
0.095847 3.03536e-16 3.03532e-16 4.52048e-21 1.48927e-05 0.000136888 0 5.5357e-41
0.100767 2.56592e-16 2.56588e-16 3.65195e-21 1.42325e-05 0.000133164 0 5.12902e-40
0.105939 2.08229e-16 2.08226e-16 2.81083e-21 1.34987e-05 0.000131415 0 4.59008e-39
0.111377 1.75041e-16 1.75039e-16 2.15549e-21 1.23142e-05 0.000125596 0 4.78057e-38
0.117094 1.49595e-16 1.49593e-16 1.69103e-21 1.13041e-05 0.000118522 0 5.86321e-37
0.123105 1.28599e-16 1.28598e-16 1.34466e-21 1.04562e-05 0.000111174 0 7.65043e-36
0.129424 1.1052e-16 1.10519e-16 1.08147e-21 9.78531e-06 0.00010403 0 9.53194e-35
0.136067 9.43367e-17 9.43358e-17 8.81715e-22 9.34646e-06 9.74819e-05 0 1.06842e-33
0.143051 7.77043e-17 7.77036e-17 7.33114e-22 9.43466e-06 9.24349e-05 0 1.02781e-32
0.150394 5.53107e-17 5.53101e-17 5.86689e-22 1.06072e-05 8.79888e-05 0 7.57532e-32
0.158114 3.64701e-17 3.64697e-17 4.46942e-22 1.2255e-05 8.04635e-05 0 4.59692e-31
0.16623 2.38572e-17 2.38568e-17 3.35785e-22 1.40748e-05 7.1579e-05 0 2.47072e-30
0.174762 1.62129e-17 1.62126e-17 2.53156e-22 1.56145e-05 6.31785e-05 0 1.2378e-29
0.183733 1.0847e-17 1.08468e-17 1.91532e-22 1.76576e-05 5.57417e-05 0 5.50545e-29
0.193164 7.39404e-18 7.39389e-18 1.46073e-22 1.97555e-05 4.93063e-05 0 2.26105e-28
0.203079 5.14439e-18 5.14427e-18 1.12239e-22 2.18177e-05 4.37455e-05 0 8.63034e-28
0.213503 3.80312e-18 3.80303e-18 8.66108e-23 2.27736e-05 3.88921e-05 0 3.2018e-27
0.224463 3.20356e-18 3.20349e-18 6.73348e-23 2.10188e-05 3.4676e-05 0 1.24344e-26
0.235984 3.04022e-18 3.04017e-18 5.29028e-23 1.7401e-05 3.10225e-05 0 5.01893e-26
0.248097 3.01893e-18 3.01889e-18 4.19453e-23 1.38941e-05 2.78312e-05 0 1.96316e-25
0.260832 2.94121e-18 2.94118e-18 3.34392e-23 1.13692e-05 2.50094e-05 0 7.00382e-25
0.274221 2.84403e-18 2.844e-18 2.67582e-23 9.40855e-06 2.24982e-05 0 2.31369e-24
0.288297 2.74009e-18 2.74007e-18 2.15009e-23 7.84677e-06 2.02626e-05 0 7.12907e-24
0.303095 2.63605e-18 2.63603e-18 1.7322e-23 6.57118e-06 1.82619e-05 0 2.05991e-23
0.318653 2.53129e-18 2.53127e-18 1.39794e-23 5.52265e-06 1.64663e-05 0 5.59666e-23
0.335009 2.42738e-18 2.42737e-18 1.13077e-23 4.65839e-06 1.4856e-05 0 1.43466e-22
0.352205 2.32598e-18 2.32597e-18 9.16125e-24 3.93866e-06 1.34087e-05 0 3.48157e-22
0.370284 2.22661e-18 2.2266e-18 7.42944e-24 3.33666e-06 1.21053e-05 0 8.01771e-22
0.389291 2.13017e-18 2.13016e-18 6.03314e-24 2.83224e-06 1.09318e-05 0 1.75721e-21
0.409273 2.03573e-18 2.03572e-18 4.90771e-24 2.41079e-06 9.87652e-06 0 3.67226e-21
0.430281 1.94391e-18 1.94391e-18 3.99327e-24 2.05424e-06 8.92366e-06 0 7.33629e-21
0.452368 1.85538e-18 1.85537e-18 3.25319e-24 1.75338e-06 8.06485e-06 0 1.40452e-20
0.475588 1.77009e-18 1.77009e-18 2.65126e-24 1.49781e-06 7.28925e-06 0 2.58216e-20
0.5 1.68867e-18 1.68867e-18 2.16305e-24 1.28092e-06 6.59016e-06 0 4.56938e-20
0.525665 1.6109e-18 1.6109e-18 1.76494e-24 1.09563e-06 5.95814e-06 0 7.79714e-20
0.552647 1.53677e-18 1.53677e-18 1.43972e-24 9.36848e-07 5.38633e-06 0 1.28534e-19
0.581015 1.46516e-18 1.46516e-18 1.17667e-24 8.03096e-07 4.87156e-06 0 2.04895e-19
0.610839 1.39709e-18 1.39709e-18 9.618e-25 6.88432e-07 4.40613e-06 0 3.16584e-19
0.642193 1.3323e-18 1.3323e-18 7.85885e-25 5.89871e-07 3.98481e-06 0 4.74797e-19
0.675157 1.27072e-18 1.27072e-18 6.42272e-25 5.05439e-07 3.60382e-06 0 6.92198e-19
0.709813 1.2123e-18 1.2123e-18 5.25416e-25 4.33402e-07 3.2602e-06 0 9.82375e-19
0.746248 1.15681e-18 1.15681e-18 4.29782e-25 3.71523e-07 2.94921e-06 0 1.35886e-18
0.784553 1.104e-18 1.104e-18 3.51445e-25 3.18337e-07 2.66751e-06 0 1.83403e-18
0.824824 1.05323e-18 1.05323e-18 2.87498e-25 2.72968e-07 2.41309e-06 0 2.4169e-18
0.867162 1.00466e-18 1.00466e-18 2.35384e-25 2.34292e-07 2.1834e-06 0 3.11383e-18
0.911674 9.58303e-19 9.58303e-19 1.92672e-25 2.01055e-07 1.97538e-06 0 3.92653e-18
0.95847 9.13822e-19 9.13822e-19 1.57692e-25 1.72564e-07 1.78704e-06 0 4.84961e-18
1.00767 8.7159e-19 8.7159e-19 1.29095e-25 1.48115e-07 1.6169e-06 0 5.87502e-18
1.05939 8.31672e-19 8.31672e-19 1.05694e-25 1.27087e-07 1.46295e-06 0 6.98869e-18
1.11377 7.93687e-19 7.93687e-19 8.6511e-26 1.08999e-07 1.32357e-06 0 8.16771e-18
1.17094 7.57377e-19 7.57377e-19 7.07807e-26 9.3455e-08 1.19739e-06 1.32553e-310 9.38375e-18
1.23105 7.22823e-19 7.22823e-19 5.79394e-26 8.0157e-08 1.0834e-06 9.06819e-296 1.06084e-17
1.29424 6.91657e-19 6.91657e-19 4.741e-26 6.85455e-08 9.8013e-07 1.15653e-281 1.1839e-17
1.36067 6.62397e-19 6.62397e-19 3.88092e-26 5.8589e-08 8.86367e-07 2.97999e-268 1.30289e-17
1.43051 6.34541e-19 6.34541e-19 3.17449e-26 5.00281e-08 8.02057e-07 1.67646e-255 1.41404e-17
1.50394 6.08023e-19 6.08023e-19 2.59849e-26 4.27367e-08 7.25576e-07 2.21805e-243 1.51447e-17
1.58114 5.82625e-19 5.82625e-19 2.12638e-26 3.64966e-08 6.56587e-07 7.40455e-232 1.60125e-17
1.6623 5.58278e-19 5.58278e-19 1.73859e-26 3.11421e-08 5.93389e-07 6.67102e-221 1.67223e-17
1.74762 5.35345e-19 5.35345e-19 1.42187e-26 2.65598e-08 5.36809e-07 1.73044e-210 1.72722e-17
1.83733 5.144e-19 5.144e-19 1.16258e-26 2.26007e-08 4.86044e-07 1.37508e-200 1.76769e-17
1.93164 4.94824e-19 4.94824e-19 9.50165e-27 1.92021e-08 4.39424e-07 3.5439e-191 1.79185e-17
2.03079 4.76335e-19 4.76335e-19 7.76446e-27 1.63004e-08 3.96963e-07 3.12845e-182 1.7992e-17
2.13503 4.58815e-19 4.58815e-19 6.34507e-27 1.38292e-08 3.5953e-07 9.96762e-174 1.79019e-17
2.24463 4.42494e-19 4.42494e-19 5.18187e-27 1.17106e-08 3.25412e-07 1.20528e-165 1.76703e-17
2.35984 4.26898e-19 4.26898e-19 4.22979e-27 9.90819e-09 2.94066e-07 5.79478e-158 1.72947e-17
2.48097 4.12154e-19 4.12154e-19 3.4493e-27 8.36896e-09 2.66457e-07 1.15927e-150 1.67981e-17
2.60832 3.98517e-19 3.98517e-19 2.8137e-27 7.06043e-09 2.40401e-07 1.00797e-143 1.62106e-17
2.74221 3.85568e-19 3.85568e-19 2.29407e-27 5.94984e-09 2.16291e-07 3.96429e-137 1.55354e-17
2.88297 3.73549e-19 3.73549e-19 1.86721e-27 4.99856e-09 1.97017e-07 7.33638e-131 1.4802e-17
3.03095 3.62189e-19 3.62189e-19 1.51954e-27 4.19542e-09 1.76297e-07 6.62462e-125 1.40185e-17
3.18653 3.52272e-19 3.52272e-19 1.23599e-27 3.50863e-09 1.59464e-07 3.03003e-119 1.32323e-17
3.35009 3.42895e-19 3.42895e-19 1.00402e-27 2.92809e-09 1.44868e-07 7.2416e-114 1.2424e-17
3.52205 3.32715e-19 3.32715e-19 8.1415e-28 2.44699e-09 1.29965e-07 9.29761e-109 1.15614e-17
3.70284 3.22689e-19 3.22689e-19 6.59796e-28 2.04468e-09 1.18404e-07 6.6273e-104 1.06954e-17
3.89291 3.12997e-19 3.12997e-19 5.33632e-28 1.70491e-09 1.07722e-07 2.70058e-99 9.84459e-18
4.09273 3.03815e-19 3.03815e-19 4.30423e-28 1.41673e-09 9.60098e-08 6.46919e-95 9.02435e-18
4.30281 2.94202e-19 2.94202e-19 3.46196e-28 1.17673e-09 8.78602e-08 9.3207e-91 8.21549e-18
4.52368 2.85352e-19 2.85352e-19 2.77707e-28 9.73209e-10 7.72018e-08 8.31236e-87 7.45944e-18
4.75588 2.77673e-19 2.77673e-19 2.21846e-28 7.98945e-10 7.16557e-08 4.70536e-83 6.76824e-18
5 2.71909e-19 2.71909e-19 1.76122e-28 6.47723e-10 6.00869e-08 1.73414e-79 6.15713e-18
5.25665 2.68777e-19 2.68777e-19 1.38926e-28 5.16882e-10 5.55777e-08 4.26371e-76 5.63472e-18
5.52648 2.67909e-19 2.67909e-19 1.08855e-28 4.06315e-10 5.11108e-08 7.12827e-73 5.18346e-18
5.81015 2.70641e-19 2.70641e-19 8.42757e-29 3.11393e-10 4.3106e-08 8.30378e-70 4.81853e-18
6.10839 2.75821e-19 2.75821e-19 6.44126e-29 2.3353e-10 3.87221e-08 6.83231e-67 4.50697e-18
6.42193 2.79916e-19 2.79916e-19 4.83389e-29 1.72691e-10 3.42506e-08 3.98856e-64 4.18768e-18
6.75157 2.80646e-19 2.80646e-19 3.49334e-29 1.24475e-10 2.7539e-08 1.66611e-61 3.83577e-18
7.09813 2.85146e-19 2.85146e-19 2.33948e-29 8.20452e-11 2.11381e-08 5.19029e-59 3.55363e-18
7.46248 3.51354e-19 3.51354e-19 1.31824e-29 3.75189e-11 2.08427e-08 1.46456e-56 3.98589e-18
7.84553 6.82874e-19 6.82874e-19 6.58851e-30 9.6482e-12 1.86993e-08 4.93905e-54 7.04146e-18
8.24824 1.42056e-18 1.42056e-18 8.0512e-30 5.66763e-12 2.60569e-08 1.3691e-51 1.3298e-17
8.67162 2.1682e-18 2.1682e-18 1.44819e-29 6.67925e-12 1.84837e-08 2.16636e-49 1.84073e-17
9.11674 3.19654e-18 3.19654e-18 2.82398e-29 8.83449e-12 1.42306e-08 2.60751e-47 2.45919e-17
9.5847 3.59634e-18 3.59634e-18 4.01678e-29 1.11691e-11 1.36743e-08 1.90849e-45 2.50574e-17
10.0767 3.22217e-18 3.22217e-18 3.86237e-29 1.19869e-11 1.37887e-08 8.96187e-44 2.03245e-17
10.5939 2.70294e-18 2.70294e-18 3.50191e-29 1.29559e-11 1.12581e-08 3.20829e-42 1.5432e-17
11.1377 2.12489e-18 2.12489e-18 2.77163e-29 1.30437e-11 4.95916e-09 8.85226e-41 1.09808e-17
11.7094 1.69668e-18 1.69668e-18 2.17807e-29 1.28372e-11 1.06899e-08 2.05985e-39 7.93747e-18
12.3105 1.32489e-18 1.32489e-18 1.66968e-29 1.26024e-11 2.0968e-08 3.92768e-38 5.61292e-18
12.9424 1.03404e-18 1.03404e-18 1.24422e-29 1.20326e-11 -3.88182e-09 6.32616e-37 3.969e-18
13.6067 8.26361e-19 8.26361e-19 8.91011e-30 1.07823e-11 5.02701e-09 8.8907e-36 2.87549e-18
14.3051 7.58991e-19 7.58991e-19 6.11339e-30 8.05463e-12 1.36648e-09 1.23326e-34 2.39605e-18
15.0394 8.44688e-19 8.44688e-19 4.5484e-30 5.38472e-12 -1.27907e-10 1.7935e-33 2.42121e-18
15.8114 9.75009e-19 9.75009e-19 3.76952e-30 3.86614e-12 -1.26365e-08 2.35717e-32 2.53992e-18
16.623 1.12053e-18 1.12053e-18 3.44661e-30 3.07588e-12 -5.6619e-09 2.70586e-31 2.65543e-18
17.4762 1.23566e-18 1.23566e-18 3.36764e-30 2.72538e-12 7.28491e-09 2.63128e-30 2.66661e-18
18.3733 1.27548e-18 1.27548e-18 3.32267e-30 2.60504e-12 -5.46333e-09 2.12752e-29 2.50925e-18
19.3164 1.21618e-18 1.21618e-18 3.14136e-30 2.58298e-12 8.33237e-09 1.4196e-28 2.18345e-18
20.3079 1.08678e-18 1.08678e-18 2.76836e-30 2.54731e-12 2.20519e-08 7.97491e-28 1.78248e-18
21.3503 9.70722e-19 9.70722e-19 2.3485e-30 2.41933e-12 -4.65021e-09 4.0439e-27 1.45604e-18
22.4463 8.68184e-19 8.68184e-19 1.97805e-30 2.27838e-12 2.64765e-08 1.86345e-26 1.19213e-18
23.5984 7.78316e-19 7.78316e-19 1.64551e-30 2.11419e-12 3.13642e-08 7.84846e-26 9.79305e-19
24.8097 7.00461e-19 7.00461e-19 1.37032e-30 1.95631e-12 4.0101e-09 3.0397e-25 8.08331e-19
26.0832 6.29165e-19 6.29165e-19 1.13197e-30 1.79917e-12 -3.90624e-08 1.08086e-24 6.6646e-19
27.4221 5.64271e-19 5.64271e-19 9.35025e-31 1.65705e-12 1.24735e-08 3.54468e-24 5.4907e-19
28.8297 5.08054e-19 5.08054e-19 7.72187e-31 1.51989e-12 -9.50562e-09 1.08212e-23 4.54432e-19
30.3095 4.57235e-19 4.57235e-19 6.37364e-31 1.39395e-12 -1.63931e-08 3.0732e-23 3.76155e-19
31.8653 4.12438e-19 4.12438e-19 5.2397e-31 1.27042e-12 -2.55051e-08 8.17001e-23 3.12223e-19
33.5009 3.71375e-19 3.71375e-19 4.31454e-31 1.16177e-12 9.78464e-09 2.03169e-22 2.58801e-19
35.2206 3.37359e-19 3.37359e-19 3.54486e-31 1.05077e-12 -1.42872e-08 4.79155e-22 2.16481e-19
37.0284 3.05924e-19 3.05924e-19 2.91342e-31 9.52335e-13 -2.88519e-08 1.06364e-21 1.80802e-19
38.9291 2.76796e-19 2.76796e-19 2.39701e-31 8.65985e-13 1.46185e-07 2.22768e-21 1.50682e-19
40.9273 2.49839e-19 2.49839e-19 1.97458e-31 7.90342e-13 -1.09132e-07 4.41324e-21 1.25281e-19
43.0282 2.25369e-19 2.25369e-19 1.6226e-31 7.19973e-13 -3.3897e-08 8.30663e-21 1.04093e-19
45.2368 2.02819e-19 2.02819e-19 1.33289e-31 6.57185e-13 2.04216e-08 1.4865e-20 8.6275e-20
47.5588 1.82839e-19 1.82839e-19 1.09364e-31 5.98145e-13 2.04306e-08 2.54549e-20 7.16162e-20
50 1.64278e-19 1.64278e-19 8.97926e-32 5.46589e-13 -2.95799e-08 4.15926e-20 5.92352e-20
52.5665 1.47772e-19 1.47772e-19 7.36266e-32 4.98245e-13 -6.7781e-09 6.52791e-20 4.9036e-20
55.2648 1.32829e-19 1.32829e-19 6.03308e-32 4.54198e-13 1.47355e-07 9.84262e-20 4.05498e-20
58.1015 1.19341e-19 1.19341e-19 4.94572e-32 4.14418e-13 9.75865e-08 1.4288e-19 3.35031e-20
61.0839 1.0723e-19 1.0723e-19 4.0512e-32 3.77805e-13 9.61602e-08 2.0016e-19 2.76709e-20
64.2193 9.62835e-20 9.62835e-20 3.31699e-32 3.44503e-13 1.17725e-07 2.70876e-19 2.28282e-20
67.5157 8.64974e-20 8.64974e-20 2.71536e-32 3.13924e-13 1.41371e-07 3.55119e-19 1.88334e-20
70.9813 7.771e-20 7.771e-20 2.22323e-32 2.86093e-13 8.64421e-08 4.51523e-19 1.55306e-20
74.6248 6.98632e-20 6.98632e-20 1.81925e-32 2.60402e-13 1.57868e-07 5.57972e-19 1.28093e-20
78.4553 6.27891e-20 6.27891e-20 1.48839e-32 2.37045e-13 2.06563e-07 6.70441e-19 1.0556e-20
82.4824 5.64524e-20 5.64524e-20 1.21816e-32 2.15785e-13 9.78849e-08 7.8489e-19 8.69769e-21
86.7162 5.07931e-20 5.07931e-20 9.96837e-33 1.96254e-13 5.53557e-08 8.96772e-19 7.1681e-21
91.1674 4.57085e-20 4.57085e-20 8.15509e-33 1.78415e-13 1.51695e-07 1.0006e-18 5.90534e-21
95.847 4.11355e-20 4.11355e-20 6.6705e-33 1.62159e-13 -4.3723e-07 1.09146e-18 4.8628e-21
100.767 3.70482e-20 3.70482e-20 5.45955e-33 1.47363e-13 4.47005e-07 1.16605e-18 4.00527e-21
105.939 3.34309e-20 3.34309e-20 4.4667e-33 1.3361e-13 1.03923e-07 1.22278e-18 3.30359e-21
111.377 3.01109e-20 3.01109e-20 3.65374e-33 1.21343e-13 2.46212e-07 1.25518e-18 2.71842e-21
117.094 2.7117e-20 2.7117e-20 2.98958e-33 1.10247e-13 3.67136e-07 1.26464e-18 2.23551e-21
123.105 2.44514e-20 2.44514e-20 2.44667e-33 1.00063e-13 7.62378e-07 1.2535e-18 1.83979e-21
129.424 2.20855e-20 2.20855e-20 2.0021e-33 9.06522e-14 -3.08362e-07 1.22398e-18 1.51601e-21
136.067 1.98949e-20 1.98949e-20 1.63797e-33 8.23313e-14 1.45343e-07 1.17319e-18 1.24527e-21
143.051 1.79936e-20 1.79936e-20 1.34049e-33 7.44985e-14 3.45589e-07 1.11216e-18 1.02653e-21
150.394 1.62082e-20 1.62082e-20 1.09709e-33 6.76873e-14 -8.35678e-07 1.03519e-18 8.42432e-22
158.114 1.47001e-20 1.47001e-20 8.97641e-34 6.10635e-14 -1.04855e-06 9.57125e-19 6.95795e-22
166.23 1.3275e-20 1.3275e-20 7.34336e-34 5.5317e-14 7.59147e-07 8.69941e-19 5.71973e-22
174.763 1.19294e-20 1.19294e-20 6.01163e-34 5.03936e-14 8.30118e-07 7.77352e-19 4.67692e-22
183.733 1.08102e-20 1.08102e-20 4.92035e-34 4.5516e-14 1.21008e-06 6.92479e-19 3.85484e-22
193.164 9.75694e-21 9.75694e-21 4.02619e-34 4.12649e-14 -1.47546e-06 6.07802e-19 3.16337e-22
203.079 8.79213e-21 8.79213e-21 3.29521e-34 3.74791e-14 -1.74393e-06 5.27204e-19 2.59075e-22
213.503 7.95587e-21 7.95587e-21 2.69801e-34 3.39122e-14 1.09751e-06 4.54801e-19 2.12986e-22
224.463 7.16397e-21 7.16397e-21 2.20853e-34 3.08283e-14 2.74468e-06 3.86891e-19 1.74175e-22
235.984 6.47324e-21 6.47324e-21 1.80742e-34 2.79214e-14 -7.91659e-07 3.27446e-19 1.42876e-22
248.097 5.82462e-21 5.82462e-21 1.48043e-34 2.54167e-14 1.87066e-06 2.73756e-19 1.16667e-22
260.832 5.18339e-21 5.18339e-21 1.21203e-34 2.33829e-14 2.07125e-06 2.24644e-19 9.41826e-23
274.221 4.60542e-21 4.60542e-21 9.91701e-35 2.15333e-14 -9.72808e-07 1.82741e-19 7.58816e-23
288.297 4.1125e-21 4.1125e-21 8.11079e-35 1.97223e-14 2.4832e-06 1.48404e-19 6.14201e-23
303.095 3.66546e-21 3.66546e-21 6.63748e-35 1.81082e-14 -5.78215e-07 1.19537e-19 4.96015e-23
318.653 3.30011e-21 3.30011e-21 5.43035e-35 1.64551e-14 2.2447e-07 9.66877e-20 4.04458e-23
335.009 2.952e-21 2.952e-21 4.44149e-35 1.50457e-14 -2.80835e-06 7.72708e-20 3.27529e-23
352.206 2.63321e-21 2.63321e-21 3.63342e-35 1.37984e-14 6.77713e-06 6.126e-20 2.64367e-23
370.284 2.37995e-21 2.37995e-21 2.97334e-35 1.24933e-14 3.5045e-08 4.89699e-20 2.16106e-23
389.291 2.139e-21 2.139e-21 2.43246e-35 1.1372e-14 -1.0677e-05 3.87483e-20 1.75577e-23
409.273 1.92956e-21 1.92956e-21 1.98954e-35 1.03109e-14 5.24234e-06 3.06416e-20 1.43099e-23
430.282 1.74812e-21 1.74812e-21 1.62804e-35 9.31308e-15 -8.91772e-06 2.42374e-20 1.17064e-23
452.368 1.57938e-21 1.57938e-21 1.33219e-35 8.43489e-15 -2.99198e-06 1.90467e-20 9.5444e-24
475.588 1.43822e-21 1.43822e-21 1.08993e-35 7.57835e-15 -9.18059e-06 1.50327e-20 7.83837e-24
500 1.30399e-21 1.30399e-21 8.91611e-36 6.83755e-15 9.68035e-06 1.1774e-20 6.40514e-24
525.665 1.1914e-21 1.1914e-21 7.29896e-36 6.12637e-15 -1.48309e-06 9.26381e-21 5.27076e-24
552.648 1.08612e-21 1.08612e-21 5.97344e-36 5.49978e-15 -6.91554e-06 7.2514e-21 4.32478e-24
581.015 9.94852e-22 9.94852e-22 4.88735e-36 4.91264e-15 -1.85184e-05 5.68751e-21 3.56318e-24
610.838 9.104e-22 9.104e-22 3.99993e-36 4.39359e-15 4.23015e-06 4.44527e-21 2.93132e-24
642.193 8.35578e-22 8.35578e-22 3.27471e-36 3.91909e-15 -3.06455e-07 3.47621e-21 2.41759e-24
675.157 7.6825e-22 7.6825e-22 2.68024e-36 3.48876e-15 -8.53319e-06 2.717e-21 1.99699e-24
709.813 7.07653e-22 7.07653e-22 2.19316e-36 3.0992e-15 -1.32189e-05 2.123e-21 1.65281e-24
746.247 6.52406e-22 6.52406e-22 1.79552e-36 2.75215e-15 -2.55475e-05 1.657e-21 1.36995e-24
784.553 6.02174e-22 6.02174e-22 1.46989e-36 2.44097e-15 -1.13312e-05 1.29236e-21 1.13818e-24
824.824 5.56237e-22 5.56237e-22 1.20311e-36 2.16294e-15 1.84912e-05 1.00696e-21 9.48183e-25
867.162 5.13287e-22 5.13287e-22 9.84681e-37 1.91838e-15 5.36288e-05 7.82492e-22 7.91352e-25
911.674 4.73126e-22 4.73126e-22 8.06327e-37 1.70426e-15 8.44122e-07 6.06438e-22 6.62248e-25
958.471 4.36658e-22 4.36658e-22 6.6023e-37 1.51201e-15 4.27549e-05 4.69896e-22 5.57586e-25
1007.67 4.02417e-22 4.02417e-22 5.40402e-37 1.34289e-15 -9.93683e-06 3.63068e-22 4.71482e-25
1059.39 3.72263e-22 3.72263e-22 4.42389e-37 1.18838e-15 -5.14936e-05 2.8122e-22 4.02778e-25
1113.77 3.436e-22 3.436e-22 3.62268e-37 1.05433e-15 4.56601e-06 2.17071e-22 3.45692e-25
1170.94 3.16325e-22 3.16325e-22 2.96538e-37 9.37448e-16 -4.60876e-05 1.66929e-22 2.97987e-25
1231.05 2.91133e-22 2.91133e-22 2.42737e-37 8.33765e-16 -5.14654e-06 1.28194e-22 2.58482e-25
1294.24 2.69281e-22 2.69281e-22 1.98771e-37 7.38156e-16 -8.2494e-05 9.88357e-23 2.26632e-25
1360.67 2.48727e-22 2.48727e-22 1.62774e-37 6.54427e-16 3.04826e-05 7.60226e-23 1.9936e-25
1430.51 2.29175e-22 2.29175e-22 1.33253e-37 5.81446e-16 7.82673e-05 5.82774e-23 1.75519e-25
1503.94 2.10735e-22 2.10735e-22 1.0906e-37 5.1752e-16 -3.72598e-05 4.45462e-23 1.5451e-25
1581.14 1.95408e-22 1.95408e-22 8.93186e-38 4.57088e-16 1.58245e-05 3.43086e-23 1.37221e-25
1662.3 1.80846e-22 1.80846e-22 7.31232e-38 4.0434e-16 -3.63536e-05 2.63525e-23 1.21523e-25
1747.63 1.66991e-22 1.66991e-22 5.9852e-38 3.58414e-16 -2.71331e-05 2.01811e-23 1.07155e-25
1837.33 1.53825e-22 1.53825e-22 4.90022e-38 3.18558e-16 -1.98807e-05 1.54071e-23 9.39671e-26
1931.64 1.41312e-22 1.41312e-22 4.01277e-38 2.83964e-16 -2.12341e-05 1.17228e-23 8.18575e-26
2030.79 1.29924e-22 1.29924e-22 3.28491e-38 2.52832e-16 -5.42282e-05 8.92149e-24 7.10435e-26
2135.03 1.20244e-22 1.20244e-22 2.68872e-38 2.23605e-16 0.000105771 6.83049e-24 6.17551e-26
2244.63 1.11051e-22 1.11051e-22 2.20181e-38 1.98271e-16 0.00015051 5.21571e-24 5.32828e-26
2359.84 1.02305e-22 1.02305e-22 1.80257e-38 1.76196e-16 6.53294e-05 3.97072e-24 4.56051e-26
2480.97 9.40277e-23 9.40277e-23 1.47545e-38 1.56916e-16 3.61685e-05 3.01435e-24 3.87236e-26
2608.32 8.69826e-23 8.69826e-23 1.20777e-38 1.38852e-16 0.000119881 2.30217e-24 3.29082e-26
2742.21 8.03239e-23 8.03239e-23 9.88916e-39 1.23116e-16 -0.000124889 1.75438e-24 2.77613e-26
2882.96 7.39896e-23 7.39896e-23 8.09669e-39 1.0943e-16 -0.000117206 1.33305e-24 2.32331e-26
3030.95 6.81263e-23 6.81263e-23 6.6247e-39 9.72414e-17 -0.000496293 1.01207e-24 1.93316e-26
3186.53 6.31661e-23 6.31661e-23 5.42211e-39 8.58389e-17 -0.000761977 7.73471e-25 1.61142e-26
3350.09 5.84505e-23 5.84505e-23 4.44272e-39 7.60083e-17 -0.000134341 5.89735e-25 1.33388e-26
3522.05 5.39641e-23 5.39641e-23 3.6368e-39 6.7393e-17 -0.000133338 4.48475e-25 1.09639e-26
3702.84 4.96955e-23 4.96955e-23 2.97639e-39 5.98925e-17 -0.000131047 3.40075e-25 8.94784e-27
3892.91 4.56416e-23 4.56416e-23 2.43787e-39 5.34134e-17 0.000126055 2.57107e-25 7.25123e-27
4092.73 4.20396e-23 4.20396e-23 1.99526e-39 4.74614e-17 -0.000346488 1.94888e-25 5.86894e-27
4302.81 3.89038e-23 3.89038e-23 1.63354e-39 4.19892e-17 1.61639e-05 1.48379e-25 4.75371e-27
4523.68 3.59214e-23 3.59214e-23 1.33899e-39 3.72757e-17 0.00147818 1.12687e-25 3.82748e-27
4755.88 3.30882e-23 3.30882e-23 1.09523e-39 3.31004e-17 0.00026965 8.53558e-26 3.06352e-27
5000 3.04137e-23 3.04137e-23 8.96369e-40 2.94725e-17 -2.50704e-05 6.45012e-26 2.43868e-27
