# 2.87424e-07 3 20 : grain size, compostion index, size index
# This grain was stochastically heated: Yes
# Heating and cooling timescale: 16327.8 97.0239
# Ratio of heating to cooling to determine stochastic cutoff: 100
# Equilibrium emission is recorded even for those grains in the stochastic regime.
# Emission spectrum was computed for: 
# Type: IRSF
# Scales:  0.5 1 2 5 10
# Temperature: -1
# Wavelength  CExt  CAbs  CSca  Albedo G EqEm1 StEm1 EqEm2 StEm2 EqEm3 StEm3 EqEm4 StEm4 EqEm5 StEm5
0.05 9.76509e-14 9.67908e-14 8.60136e-16 0.00880828 0.0196736 0 0 0 0 0 0 0 0 0 0
0.0525665 1.0116e-13 1.00335e-13 8.25275e-16 0.00815813 0.0176595 0 0 0 0 0 0 0 0 0 0
0.0552647 1.06173e-13 1.05351e-13 8.21946e-16 0.00774154 0.0157912 0 0 0 0 0 0 0 0 0 0
0.0581015 1.16375e-13 1.15487e-13 8.87795e-16 0.00762873 0.0140317 0 0 0 0 0 0 0 0 0 0
0.0610839 1.32119e-13 1.31116e-13 1.00305e-15 0.00759205 0.012421 0 0 0 0 0 0 0 0 0 0
0.0642193 1.47873e-13 1.46777e-13 1.09604e-15 0.00741205 0.0110082 0 0 0 0 0 0 0 0 0 0
0.0675157 1.58403e-13 1.57278e-13 1.12493e-15 0.00710171 0.00980714 0 0 0 0 0 0 0 0 0 0
0.0709813 1.60586e-13 1.59508e-13 1.07859e-15 0.00671658 0.00882527 0 0 0 0 0 0 0 0 0 0
0.0746248 1.53646e-13 1.52679e-13 9.6696e-16 0.00629345 0.0080698 0 0 0 0 0 0 0 0 0 0
0.0784553 1.38651e-13 1.37843e-13 8.08031e-16 0.00582781 0.00755297 0 0 0 0 0 0 0 0 0 0
0.0824824 1.18123e-13 1.175e-13 6.22678e-16 0.00527145 0.00726774 0 0 0 0 0 0 0 0 0 0
0.0867162 1.08078e-13 1.07587e-13 4.91341e-16 0.00454615 0.00670056 0 0 0 0 0 0 0 0 0 0
0.0911674 1.02132e-13 1.01696e-13 4.35178e-16 0.00426096 0.00612239 0 0 0 0 0 0 0 0 0 0
0.095847 8.85564e-14 8.81905e-14 3.65964e-16 0.00413255 0.00587726 0 0 0 0 0 0 0 0 0 0
0.100767 7.49441e-14 7.4648e-14 2.96143e-16 0.00395152 0.00571276 0 0 0 0 0 0 0 0 0 0
0.105939 6.08091e-14 6.05811e-14 2.2803e-16 0.00374993 0.00563847 0 0 0 0 0 0 0 0 0 0
0.111377 5.1022e-14 5.08472e-14 1.7476e-16 0.00342519 0.00539258 0 0 0 0 0 0 0 0 0 0
0.117094 4.35238e-14 4.33868e-14 1.37021e-16 0.00314819 0.0050921 0 0 0 0 0 0 0 0 0 0
0.123105 3.73497e-14 3.72408e-14 1.08894e-16 0.00291553 0.00477909 0 0 0 0 0 0 0 0 0 0
0.129424 3.20478e-14 3.19603e-14 8.75358e-17 0.00273141 0.00447426 0 0 0 0 0 0 0 0 0 0
0.136067 2.73192e-14 2.72479e-14 7.13363e-17 0.00261122 0.0041945 0 0 0 0 0 0 0 0 0 0
0.143051 2.24855e-14 2.24262e-14 5.92979e-17 0.00263717 0.00397912 0 0 0 0 0 0 0 0 0 0
0.150394 1.59943e-14 1.59469e-14 4.74332e-17 0.00296563 0.00379003 0 0 0 0 0 0 0 0 0 0
0.158114 1.0531e-14 1.04949e-14 3.61057e-17 0.00342853 0.00346724 0 0 0 0 0 0 0 0 0 0
0.16623 6.87811e-15 6.851e-15 2.71025e-17 0.00394041 0.00308487 0 0 0 0 0 0 0 0 0 0
0.174762 4.66754e-15 4.64712e-15 2.04176e-17 0.00437437 0.00272305 0 0 0 0 0 0 0 0 0 0
0.183733 3.11955e-15 3.10411e-15 1.54373e-17 0.00494856 0.00240268 0 0 0 0 0 0 0 0 0 0
0.193164 2.12491e-15 2.11314e-15 1.17668e-17 0.00553755 0.00212545 0 0 0 0 0 0 0 0 0 0
0.203079 1.47762e-15 1.46859e-15 9.03718e-18 0.00611602 0.00188588 0 0 0 0 0 0 0 0 0 0
0.213503 1.09163e-15 1.08466e-15 6.97103e-18 0.00638587 0.00167677 0 0 0 0 0 0 0 0 0 0
0.224463 9.18356e-16 9.12938e-16 5.41785e-18 0.0058995 0.0014951 0 0 0 0 0 0 0 0 0 0
0.235984 8.70079e-16 8.65823e-16 4.25556e-18 0.004891 0.00133767 0 0 0 0 0 0 0 0 0 0
0.248097 8.62655e-16 8.59282e-16 3.37343e-18 0.00391052 0.00120013 0 0 0 0 0 0 0 0 0 0
0.260832 8.39451e-16 8.36762e-16 2.68888e-18 0.00320314 0.0010785 0 0 0 0 0 0 0 0 0 0
0.274221 8.10927e-16 8.08776e-16 2.15133e-18 0.00265293 0.000970262 0 0 0 0 0 0 0 0 0 0
0.288297 7.80664e-16 7.78936e-16 1.72844e-18 0.00221406 0.000873884 0 0 0 0 0 0 0 0 0 0
0.303095 7.50512e-16 7.4912e-16 1.39235e-18 0.0018552 0.000787631 0 0 0 0 0 0 0 0 0 0
0.318653 7.20266e-16 7.19143e-16 1.12357e-18 0.00155994 0.00071021 0 0 0 0 0 0 0 0 0 0
0.335009 6.90359e-16 6.89451e-16 9.08764e-19 0.00131636 0.000640776 0 0 0 0 0 0 0 0 0 0
0.352205 6.61238e-16 6.60502e-16 7.36208e-19 0.00111338 0.000578367 0 0 0 0 0 0 0 0 0 0
0.370284 6.32752e-16 6.32155e-16 5.97002e-19 0.000943501 0.000522158 0 0 0 0 0 0 0 0 0 0
0.389291 6.05151e-16 6.04667e-16 4.84774e-19 0.000801078 0.000471554 0 0 0 0 0 0 0 0 0 0
0.409273 5.7816e-16 5.77766e-16 3.94326e-19 0.000682036 0.000426041 0 0 0 0 0 0 0 0 0 0
0.430281 5.5195e-16 5.51629e-16 3.20837e-19 0.000581279 0.000384944 0 0 0 0 0 0 0 0 0 0
0.452368 5.26698e-16 5.26436e-16 2.61366e-19 0.000496235 0.000347903 0 0 0 0 0 0 0 0 0 0
0.475588 5.02393e-16 5.0218e-16 2.12999e-19 0.000423969 0.000314451 0 0 0 0 0 0 0 0 0 0
0.5 4.79205e-16 4.79031e-16 1.73772e-19 0.000362625 0.000284296 0 0 0 0 0 0 0 0 0 0
0.525665 4.57067e-16 4.56925e-16 1.41785e-19 0.000310206 0.000257034 0 0 0 0 0 0 0 0 0 0
0.552647 4.35979e-16 4.35864e-16 1.15656e-19 0.000265279 0.000232369 0 0 0 0 0 0 0 0 0 0
0.581015 4.15617e-16 4.15522e-16 9.45223e-20 0.000227426 0.000210162 0 0 0 0 0 0 0 0 0 0
0.610839 3.96264e-16 3.96187e-16 7.72603e-20 0.000194972 0.000190086 0 0 0 0 0 0 0 0 0 0
0.642193 3.77855e-16 3.77792e-16 6.31282e-20 0.00016707 0.000171911 0 0 0 0 0 0 0 0 0 0
0.675157 3.60362e-16 3.6031e-16 5.15911e-20 0.000143165 0.000155477 0 0 0 0 0 0 0 0 0 0
0.709813 3.43772e-16 3.4373e-16 4.22041e-20 0.000122768 0.000140651 0 0 0 0 0 0 0 0 0 0
0.746248 3.28014e-16 3.27979e-16 3.45219e-20 0.000105245 0.000127234 0 0 0 0 0 0 0 0 0 0
0.784553 3.13023e-16 3.12995e-16 2.82292e-20 9.01826e-05 0.000115087 0 0 0 0 0 0 0 0 0 0
0.824824 2.98611e-16 2.98588e-16 2.30925e-20 7.73331e-05 0.000104107 0 0 0 0 0 0 0 0 0 0
0.867162 2.84829e-16 2.8481e-16 1.89064e-20 6.6378e-05 9.41969e-05 0 0 0 0 0 0 0 0 0 0
0.911674 2.71675e-16 2.7166e-16 1.54756e-20 5.69635e-05 8.52236e-05 0 0 0 0 0 0 0 0 0 0
0.95847 2.59056e-16 2.59044e-16 1.26659e-20 4.88924e-05 7.71014e-05 0 0 0 0 0 0 0 0 0 0
1.00767 2.47075e-16 2.47065e-16 1.03689e-20 4.19667e-05 6.97585e-05 0 0 0 0 0 0 0 0 0 0
1.05939 2.35754e-16 2.35745e-16 8.48929e-21 3.60092e-05 6.31171e-05 0 0 0 0 0 0 0 0 0 0
1.11377 2.2498e-16 2.24973e-16 6.94846e-21 3.08848e-05 5.71031e-05 0 0 0 0 0 0 0 0 0 0
1.17094 2.14683e-16 2.14677e-16 5.68498e-21 2.64808e-05 5.1657e-05 0 0 0 0 0 0 0 0 0 0
1.23105 2.04884e-16 2.0488e-16 4.65358e-21 2.27132e-05 4.67371e-05 0 0 0 0 0 0 0 0 0 0
1.29424 1.96046e-16 1.96042e-16 3.80785e-21 1.94232e-05 4.22818e-05 0 0 0 0 0 0 0 0 0 0
1.36067 1.8775e-16 1.87747e-16 3.11706e-21 1.66022e-05 3.82535e-05 0 0 0 0 0 0 0 0 0 0
1.43051 1.79851e-16 1.79849e-16 2.54965e-21 1.41765e-05 3.46032e-05 0 0 0 0 0 0 0 0 0 0
1.50394 1.72333e-16 1.72331e-16 2.08703e-21 1.21104e-05 3.13072e-05 0 0 0 0 0 0 0 0 0 0
1.58114 1.65132e-16 1.65131e-16 1.70784e-21 1.03423e-05 2.83229e-05 0 0 0 0 0 0 0 0 0 0
1.6623 1.5823e-16 1.58229e-16 1.39638e-21 8.82497e-06 2.56178e-05 0 0 0 0 0 0 0 0 0 0
1.74762 1.51729e-16 1.51728e-16 1.14199e-21 7.52653e-06 2.31726e-05 0 0 0 0 0 0 0 0 0 0
1.83733 1.45791e-16 1.4579e-16 9.33738e-22 6.40462e-06 2.09601e-05 0 0 0 0 0 0 0 0 0 0
1.93164 1.40242e-16 1.40241e-16 7.63135e-22 5.44156e-06 1.89566e-05 0 0 0 0 0 0 0 1.4013e-45 0 7.00649e-45
2.03079 1.35001e-16 1.35e-16 6.23606e-22 4.61927e-06 1.71438e-05 0 0 0 0 0 2.8026e-45 0 2.94273e-44 0 1.77965e-43
2.13503 1.30035e-16 1.30034e-16 5.09608e-22 3.91902e-06 1.5505e-05 0 4.2039e-45 0 1.96182e-44 0 8.68805e-44 0 7.35682e-43 0 4.17587e-42
2.24463 1.25408e-16 1.25408e-16 4.16186e-22 3.31865e-06 1.40208e-05 0 1.14906e-43 0 4.72238e-43 0 2.05711e-42 0 1.62887e-41 0 8.68076e-41
2.35984 1.20988e-16 1.20987e-16 3.39718e-22 2.80787e-06 1.2677e-05 0 2.42705e-42 0 9.89317e-42 0 4.22239e-41 0 3.16625e-40 0 1.60039e-39
2.48097 1.16809e-16 1.16808e-16 2.77032e-22 2.37167e-06 1.14596e-05 0 4.46566e-41 0 1.79666e-40 0 7.52559e-40 0 5.41168e-39 0 2.619e-38
2.60832 1.12943e-16 1.12943e-16 2.25983e-22 2.00086e-06 1.03602e-05 0 7.23583e-40 0 2.85641e-39 0 1.17414e-38 0 8.16031e-38 0 3.81085e-37
2.74221 1.09273e-16 1.09273e-16 1.84249e-22 1.68613e-06 9.36502e-06 0 1.04847e-38 0 4.0197e-38 0 1.61586e-37 0 1.08909e-36 0 4.93591e-36
2.88297 1.05866e-16 1.05866e-16 1.49965e-22 1.41655e-06 8.46218e-06 0 1.38422e-37 0 5.08012e-37 0 1.98249e-36 0 1.29456e-35 0 5.71309e-35
3.03095 1.02646e-16 1.02646e-16 1.22042e-22 1.18895e-06 7.64637e-06 0 1.69324e-36 0 5.84984e-36 0 2.19181e-35 0 1.37914e-34 0 5.93179e-34
3.18653 9.98356e-17 9.98355e-17 9.92685e-23 9.9432e-07 6.90853e-06 0 1.94789e-35 0 6.2426e-35 0 2.2158e-34 0 1.33056e-33 0 5.56816e-33
3.35009 9.71776e-17 9.71776e-17 8.06384e-23 8.29804e-07 6.24007e-06 0 2.11163e-34 0 6.2297e-34 0 2.0684e-33 0 1.1703e-32 0 4.74507e-32
3.52205 9.42927e-17 9.42926e-17 6.53885e-23 6.93463e-07 5.63418e-06 0 2.14023e-33 0 5.82304e-33 0 1.7938e-32 0 9.43445e-32 0 3.68282e-31
3.70284 9.14509e-17 9.14508e-17 5.29914e-23 5.79452e-07 5.08681e-06 0 2.01607e-32 0 5.10765e-32 0 1.45814e-31 0 7.05072e-31 0 2.62987e-30
3.89291 8.87042e-17 8.87041e-17 4.28585e-23 4.83162e-07 4.5908e-06 0 1.75011e-31 0 4.1844e-31 0 1.11331e-30 0 4.92166e-30 0 1.74127e-29
4.09273 8.61019e-17 8.61019e-17 3.45694e-23 4.01494e-07 4.14084e-06 0 1.3914e-30 0 3.18222e-30 0 7.9702e-30 0 3.22471e-29 0 1.07626e-28
4.30281 8.33774e-17 8.33774e-17 2.78046e-23 3.33478e-07 3.73311e-06 0 1.00616e-29 0 2.22669e-29 0 5.31057e-29 0 1.98e-28 0 6.21906e-28
4.52368 8.0869e-17 8.0869e-17 2.2304e-23 2.75804e-07 3.36404e-06 0 6.63665e-29 0 1.43397e-28 0 3.29194e-28 0 1.14293e-27 0 3.38203e-27
4.75588 7.86928e-17 7.86928e-17 1.78175e-23 2.26418e-07 3.0292e-06 0 4.00259e-28 0 8.49965e-28 0 1.89533e-27 0 6.19981e-27 0 1.73535e-26
5 7.70592e-17 7.70592e-17 1.41451e-23 1.83562e-07 2.72472e-06 0 2.21842e-27 0 4.6519e-27 0 1.01482e-26 0 3.16282e-26 0 8.42411e-26
5.25665 7.61714e-17 7.61714e-17 1.11578e-23 1.46482e-07 2.4483e-06 0 1.1366e-26 0 2.36146e-26 0 5.0671e-26 0 1.51948e-25 0 3.87723e-25
5.52648 7.59254e-17 7.59254e-17 8.7427e-24 1.15149e-07 2.19788e-06 0 5.39466e-26 0 1.11315e-25 0 2.35884e-25 0 6.86099e-25 0 1.68851e-24
5.81015 7.66997e-17 7.66997e-17 6.76857e-24 8.82477e-08 1.96936e-06 0 2.39213e-25 0 4.91051e-25 0 1.03067e-24 0 2.92654e-24 0 6.98893e-24
6.10839 7.81677e-17 7.81677e-17 5.17328e-24 6.61818e-08 1.7619e-06 0 9.89866e-25 0 2.02394e-24 0 4.21679e-24 0 1.17473e-23 1.4013e-45 2.73669e-23
6.42193 7.93279e-17 7.93279e-17 3.88232e-24 4.89402e-08 1.57306e-06 0 3.78605e-24 0 7.71733e-24 0 1.59859e-23 0 4.38631e-23 6.16571e-44 1.00122e-22
6.75157 7.95346e-17 7.95346e-17 2.80565e-24 3.52759e-08 1.39874e-06 0 1.33238e-23 0 2.70924e-23 0 5.58629e-23 0 1.51419e-22 3.49063e-42 3.3987e-22
7.09813 8.08101e-17 8.08101e-17 1.87894e-24 2.32514e-08 1.23467e-06 0 4.43999e-23 0 9.01051e-23 0 1.85105e-22 1.12104e-44 4.96784e-22 1.63213e-40 1.09967e-21
7.46248 9.95732e-17 9.95732e-17 1.05874e-24 1.06328e-08 1.07461e-06 0 1.68187e-22 0 3.40771e-22 0 6.97941e-22 8.3097e-43 1.85793e-21 7.58377e-39 4.06538e-21
7.84553 1.93526e-16 1.93526e-16 5.29153e-25 2.73428e-09 9.2217e-07 0 9.44787e-22 0 1.91173e-21 0 3.90568e-21 7.86142e-41 1.03269e-20 4.59913e-37 2.23783e-20
8.24824 4.02583e-16 4.02583e-16 6.46627e-25 1.60619e-09 7.9234e-07 0 5.35618e-21 0 1.08259e-20 2.52234e-44 2.2071e-20 6.50827e-39 5.80265e-20 2.49293e-35 1.24715e-19
8.67162 6.14463e-16 6.14463e-16 1.16311e-24 1.89289e-09 6.89931e-07 0 2.10654e-20 0 4.25369e-20 2.34717e-42 8.65662e-20 3.2625e-37 2.26495e-19 8.35306e-34 4.83408e-19
9.11674 9.05894e-16 9.05894e-16 2.26807e-24 2.50368e-09 5.88049e-07 0 7.58635e-20 9.80909e-45 1.53064e-19 1.68821e-40 3.11022e-19 1.31588e-35 8.10411e-19 2.2967e-32 1.71928e-18
9.5847 1.0192e-15 1.0192e-15 3.22605e-24 3.16528e-09 5.26568e-07 0 1.98156e-19 7.17465e-43 3.9952e-19 7.56965e-39 8.10737e-19 3.40428e-34 2.10493e-18 4.12697e-31 4.44236e-18
10.0767 9.1316e-16 9.1316e-16 3.10204e-24 3.39704e-09 5.0003e-07 1.4013e-45 3.92675e-19 3.3222e-41 7.91211e-19 2.23029e-37 1.60372e-18 5.9448e-33 4.15075e-18 5.09554e-30 8.7201e-18
10.5939 7.66011e-16 7.66011e-16 2.81255e-24 3.67168e-09 4.91476e-07 9.80909e-44 6.95679e-19 1.17382e-39 1.40096e-18 5.12502e-36 2.83672e-18 8.30586e-32 7.32176e-18 5.11957e-29 1.53203e-17
11.1377 6.02191e-16 6.02191e-16 2.22603e-24 3.69655e-09 5.03642e-07 4.23753e-42 1.10532e-18 3.19865e-38 2.22479e-18 9.27546e-35 4.50071e-18 9.36463e-31 1.15882e-17 4.2182e-28 2.41614e-17
11.7094 4.80838e-16 4.80838e-16 1.7493e-24 3.63803e-09 5.06764e-07 1.50694e-40 1.71052e-18 7.35524e-37 3.44141e-18 1.44517e-33 6.95617e-18 9.302e-30 1.78713e-17 3.10923e-27 3.71433e-17
12.3105 3.75473e-16 3.75473e-16 1.34099e-24 3.57148e-09 5.039e-07 4.30115e-39 2.48741e-18 1.38675e-35 5.00242e-18 1.88159e-32 1.0104e-17 7.89274e-29 2.59072e-17 1.98641e-26 5.36917e-17
12.9424 2.93046e-16 2.93046e-16 9.99295e-25 3.41003e-09 4.82189e-07 1.01676e-37 3.48036e-18 2.20973e-34 6.99675e-18 2.10827e-31 1.41226e-17 5.88509e-28 3.61469e-17 1.13077e-25 7.47202e-17
13.6067 2.3419e-16 2.3419e-16 7.15611e-25 3.05569e-09 4.38294e-07 2.05834e-36 4.80894e-18 3.07399e-33 9.66441e-18 2.09804e-30 1.94952e-17 3.97558e-27 4.98171e-17 5.90917e-25 1.02738e-16
14.3051 2.15097e-16 2.15097e-16 4.90995e-25 2.28267e-09 3.76093e-07 4.0401e-35 7.37773e-18 4.22282e-32 1.48223e-17 2.09576e-29 2.98829e-17 2.74729e-26 7.62483e-17 3.19874e-24 1.56913e-16
15.0394 2.39383e-16 2.39383e-16 3.65302e-25 1.52602e-09 3.1805e-07 8.17408e-34 1.32717e-17 6.08471e-31 2.66559e-17 2.23029e-28 5.37127e-17 2.05926e-25 1.36866e-16 1.90069e-23 2.81112e-16
15.8114 2.76317e-16 2.76317e-16 3.02747e-25 1.09565e-09 2.73044e-07 1.47071e-32 2.39994e-17 7.9271e-30 4.81896e-17 2.17794e-27 9.70575e-17 1.44084e-24 2.47005e-16 1.06627e-22 5.06423e-16
16.623 3.17555e-16 3.17555e-16 2.76812e-25 8.71699e-10 2.35935e-07 2.27603e-31 4.19417e-17 9.02399e-29 8.41961e-17 1.88474e-26 1.69502e-16 9.0805e-24 4.30876e-16 5.44624e-22 8.81955e-16
17.4762 3.50182e-16 3.50182e-16 2.7047e-25 7.72369e-10 2.06357e-07 2.94065e-30 6.83673e-17 8.70579e-28 1.37213e-16 1.40086e-25 2.76122e-16 4.99192e-23 7.01156e-16 2.45158e-21 1.43302e-15
18.3733 3.61469e-16 3.61469e-16 2.6686e-25 7.38265e-10 1.83269e-07 3.11551e-29 1.01542e-16 6.98606e-27 2.03752e-16 8.77173e-25 4.09866e-16 2.34619e-22 1.03975e-15 9.52734e-21 2.12205e-15
19.3164 3.44663e-16 3.44663e-16 2.52297e-25 7.3201e-10 1.69026e-07 2.68826e-28 1.35786e-16 4.62811e-26 2.72411e-16 4.58968e-24 5.47786e-16 9.34441e-22 1.38835e-15 3.16681e-20 2.82985e-15
20.3079 3.07992e-16 3.07992e-16 2.2234e-25 7.21901e-10 1.60168e-07 1.92853e-27 1.66072e-16 2.58221e-25 3.33109e-16 2.04597e-23 6.69623e-16 3.21326e-21 1.6957e-15 9.16876e-20 3.45216e-15
21.3503 2.751e-16 2.751e-16 1.88619e-25 6.85636e-10 1.51671e-07 1.23399e-26 1.98373e-16 1.30089e-24 3.9783e-16 8.32598e-23 7.99481e-16 1.02155e-20 2.02295e-15 2.47497e-19 4.11377e-15
22.4463 2.46042e-16 2.46042e-16 1.58866e-25 6.45689e-10 1.43947e-07 7.09431e-26 2.321e-16 5.95759e-24 4.65393e-16 3.11229e-22 9.3499e-16 3.0194e-20 2.36409e-15 6.26097e-19 4.80252e-15
23.5984 2.20574e-16 2.20574e-16 1.32158e-25 5.99156e-10 1.36101e-07 3.6878e-25 2.66572e-16 2.4945e-23 5.34436e-16 1.07427e-21 1.07341e-15 8.33582e-20 2.71224e-15 1.49067e-18 5.50445e-15
24.8097 1.9851e-16 1.9851e-16 1.10056e-25 5.54413e-10 1.27327e-07 1.74478e-24 3.01317e-16 9.6072e-23 6.0401e-16 3.44303e-21 1.21285e-15 2.16027e-19 3.06263e-15 3.35577e-18 6.20999e-15
26.0832 1.78304e-16 1.78304e-16 9.09142e-26 5.09882e-10 1.21944e-07 7.50518e-24 3.33591e-16 3.39799e-22 6.68619e-16 1.02253e-20 1.34228e-15 5.2418e-19 3.38745e-15 7.12199e-18 6.86289e-15
27.4221 1.59913e-16 1.59913e-16 7.5096e-26 4.69604e-10 1.1461e-07 2.94995e-23 3.62248e-16 1.10874e-21 7.2597e-16 2.82553e-20 1.45711e-15 1.19515e-18 3.67522e-15 1.42962e-17 7.44013e-15
28.8297 1.43982e-16 1.43982e-16 6.20177e-26 4.30733e-10 1.08059e-07 1.06984e-22 3.88298e-16 3.3685e-21 7.7809e-16 7.32906e-20 1.56141e-15 2.58206e-18 3.9363e-15 2.73617e-17 7.96293e-15
30.3095 1.2958e-16 1.2958e-16 5.11896e-26 3.95044e-10 1.00364e-07 3.57922e-22 4.09445e-16 9.52273e-21 8.20382e-16 1.78265e-19 1.64598e-15 5.27785e-18 4.14755e-15 4.98401e-17 8.38465e-15
31.8653 1.16884e-16 1.16884e-16 4.20825e-26 3.60036e-10 9.53507e-08 1.11199e-21 4.26246e-16 2.52057e-20 8.53966e-16 4.08963e-19 1.71307e-15 1.02621e-17 4.31474e-15 8.68457e-17 8.71718e-15
33.5009 1.05247e-16 1.05247e-16 3.46521e-26 3.29246e-10 8.82246e-08 3.20709e-21 4.36686e-16 6.24215e-20 8.74807e-16 8.8396e-19 1.75461e-15 1.89519e-17 4.41757e-15 1.44504e-16 8.91974e-15
35.2206 9.56068e-17 9.56068e-17 2.84704e-26 2.97787e-10 8.31529e-08 8.70885e-21 4.45313e-16 1.46635e-19 8.9202e-16 1.82447e-18 1.78888e-15 3.36791e-17 4.50216e-15 2.32549e-16 9.08558e-15
37.0284 8.66982e-17 8.66982e-17 2.3399e-26 2.69891e-10 7.62122e-08 2.21066e-20 4.47613e-16 3.24287e-19 8.96563e-16 3.56754e-18 1.79775e-15 5.71179e-17 4.52292e-15 3.58885e-16 9.12277e-15
38.9291 7.84437e-17 7.84437e-17 1.92515e-26 2.45418e-10 7.39271e-08 5.25995e-20 4.43599e-16 6.76767e-19 8.88464e-16 6.62265e-18 1.7813e-15 9.26043e-17 4.48006e-15 5.31916e-16 9.03192e-15
40.9273 7.08038e-17 7.08038e-17 1.58588e-26 2.23982e-10 6.79651e-08 1.17646e-19 4.33673e-16 1.33619e-18 8.68531e-16 1.16976e-17 1.74114e-15 1.43801e-16 4.37771e-15 7.58418e-16 8.82146e-15
43.0282 6.38693e-17 6.38693e-17 1.30318e-26 2.04039e-10 6.41902e-08 2.48524e-19 4.19278e-16 2.50689e-18 8.39655e-16 1.97405e-17 1.68307e-15 2.14696e-16 4.23049e-15 1.04402e-15 8.52091e-15
45.2368 5.74785e-17 5.74785e-17 1.07051e-26 1.86245e-10 5.58538e-08 4.96343e-19 4.00436e-16 4.4724e-18 8.01879e-16 3.18425e-17 1.60719e-15 3.08225e-16 4.03861e-15 1.38746e-15 8.1308e-15
47.5588 5.18163e-17 5.18163e-17 8.78353e-27 1.69513e-10 5.64566e-08 9.43489e-19 3.79573e-16 7.63625e-18 7.60063e-16 4.93999e-17 1.52324e-15 4.28009e-16 3.82657e-15 1.79022e-15 7.70044e-15
50 4.65562e-17 4.65562e-17 7.21167e-27 1.54903e-10 5.13091e-08 1.7026e-18 3.55505e-16 1.24428e-17 7.11835e-16 7.34809e-17 1.42645e-15 5.72953e-16 3.58242e-15 2.23477e-15 7.20579e-15
52.5665 4.18783e-17 4.18783e-17 5.91328e-27 1.41202e-10 4.60276e-08 2.93697e-18 3.30656e-16 1.94773e-17 6.62049e-16 1.0547e-16 1.32655e-15 7.43922e-16 3.33058e-15 2.71508e-15 6.69599e-15
55.2648 3.76436e-17 3.76436e-17 4.84546e-27 1.28719e-10 4.64372e-08 4.84461e-18 3.05003e-16 2.92936e-17 6.10656e-16 1.46069e-16 1.22346e-15 9.36558e-16 3.07079e-15 3.20881e-15 6.17051e-15
58.1015 3.38211e-17 3.38211e-17 3.97214e-27 1.17446e-10 4.09772e-08 7.66014e-18 2.7922e-16 4.24223e-17 5.59007e-16 1.95574e-16 1.11986e-15 1.14522e-15 2.80984e-15 3.69484e-15 5.64299e-15
61.0839 3.03888e-17 3.03888e-17 3.25369e-27 1.07069e-10 4.07627e-08 1.16399e-17 2.53943e-16 5.92943e-17 5.08374e-16 2.53703e-16 1.01831e-15 1.3628e-15 2.55411e-15 4.15253e-15 5.12624e-15
64.2193 2.72866e-17 2.72866e-17 2.66403e-27 9.76314e-11 3.6272e-08 1.70186e-17 2.29372e-16 8.00695e-17 4.59156e-16 3.19123e-16 9.19601e-16 1.57916e-15 2.3056e-15 4.55719e-15 4.62429e-15
67.5157 2.45132e-17 2.45132e-17 2.18083e-27 8.89655e-11 2.80022e-08 2.40143e-17 2.0608e-16 1.04756e-16 4.125e-16 3.90258e-16 8.26038e-16 1.78618e-15 2.07008e-15 4.89494e-15 4.14869e-15
70.9813 2.20229e-17 2.20229e-17 1.78557e-27 8.1078e-11 2.51794e-08 3.2746e-17 1.84157e-16 1.32934e-16 3.68588e-16 4.64437e-16 7.37979e-16 1.97363e-15 1.84844e-15 5.14926e-15 3.70127e-15
74.6248 1.97991e-17 1.97991e-17 1.46112e-27 7.37976e-11 2.94099e-08 4.32501e-17 1.63837e-16 1.63967e-16 3.27889e-16 5.38927e-16 6.56366e-16 2.13411e-15 1.64304e-15 5.31382e-15 3.28673e-15
78.4553 1.77943e-17 1.77943e-17 1.19539e-27 6.71781e-11 2.37592e-08 5.53633e-17 1.45017e-16 1.9667e-16 2.90193e-16 6.09944e-16 5.80777e-16 2.25856e-15 1.45283e-15 5.37945e-15 2.90298e-15
82.4824 1.59985e-17 1.59985e-17 9.78356e-28 6.1153e-11 3.15768e-08 6.88352e-17 1.27827e-16 2.29855e-16 2.55761e-16 6.74561e-16 5.11735e-16 2.34344e-15 1.27912e-15 5.35105e-15 2.55263e-15
86.7162 1.43947e-17 1.43947e-17 8.00603e-28 5.56181e-11 1.51453e-08 8.3281e-17 1.12279e-16 2.62199e-16 2.2462e-16 7.30116e-16 4.49292e-16 2.38718e-15 1.12203e-15 5.23684e-15 2.23591e-15
91.1674 1.29537e-17 1.29537e-17 6.54973e-28 5.05627e-11 3.12721e-08 9.81224e-17 9.82426e-17 2.92111e-16 1.96505e-16 7.73791e-16 3.9292e-16 2.3883e-15 9.80244e-16 5.04367e-15 1.95018e-15
95.847 1.16577e-17 1.16577e-17 5.35739e-28 4.59557e-11 1.83532e-08 1.1272e-16 8.56394e-17 3.18176e-16 1.71262e-16 8.03764e-16 3.42309e-16 2.34863e-15 8.52978e-16 4.78398e-15 1.69387e-15
100.767 1.04994e-17 1.04994e-17 4.3848e-28 4.17624e-11 1.46084e-08 1.26499e-16 7.44411e-17 3.39453e-16 1.48833e-16 8.19684e-16 2.97342e-16 2.27378e-15 7.39937e-16 4.47554e-15 1.46635e-15
105.939 9.47426e-18 9.47426e-18 3.58741e-28 3.78648e-11 2.27792e-08 1.39009e-16 6.46094e-17 3.55502e-16 1.29142e-16 8.22416e-16 2.57866e-16 2.17146e-15 6.40721e-16 4.13755e-15 1.26679e-15
111.377 8.53335e-18 8.53335e-18 2.93449e-28 3.43885e-11 6.49105e-09 1.49184e-16 5.57904e-17 3.6447e-16 1.1148e-16 8.09513e-16 2.22464e-16 2.03957e-15 5.51801e-16 3.76844e-15 1.08816e-15
117.094 7.6849e-18 7.6849e-18 2.40107e-28 3.12439e-11 1.58666e-08 1.56797e-16 4.80201e-17 3.66782e-16 9.59194e-17 7.83745e-16 1.91279e-16 1.88882e-15 4.73521e-16 3.38966e-15 9.31094e-16
123.105 6.92946e-18 6.92946e-18 1.96503e-28 2.83576e-11 1.77871e-08 1.61786e-16 4.12618e-17 3.63145e-16 8.23861e-17 7.48006e-16 1.6416e-16 1.72833e-15 4.0549e-16 3.01727e-15 7.94774e-16
129.424 6.25898e-18 6.25898e-18 1.60798e-28 2.56907e-11 7.53526e-09 1.64117e-16 3.54155e-17 3.54214e-16 7.06797e-17 7.04635e-16 1.40707e-16 1.56443e-15 3.46693e-16 2.66081e-15 6.7713e-16
136.067 5.63816e-18 5.63816e-18 1.31553e-28 2.33326e-11 8.05952e-09 1.63107e-16 3.02342e-17 3.39172e-16 6.03069e-17 6.52791e-16 1.19933e-16 1.39559e-15 2.94684e-16 2.31585e-15 5.73311e-16
143.051 5.09934e-18 5.09934e-18 1.07661e-28 2.11128e-11 2.41246e-08 1.60028e-16 2.58481e-17 3.21223e-16 5.15263e-17 5.99191e-16 1.02351e-16 1.23602e-15 2.50699e-16 2.00387e-15 4.85659e-16
150.394 4.59337e-18 4.59337e-18 8.81122e-29 1.91825e-11 1.93065e-08 1.53886e-16 2.19547e-17 2.98719e-16 4.37344e-17 5.40935e-16 8.67578e-17 1.07877e-15 2.11767e-16 1.71094e-15 4.0833e-16
158.114 4.166e-18 4.166e-18 7.20938e-29 1.73053e-11 -1.82718e-08 1.46747e-16 1.87314e-17 2.75956e-16 3.72835e-17 4.85887e-16 7.38499e-17 9.3854e-16 1.79564e-16 1.45803e-15 3.44486e-16
166.23 3.76214e-18 3.76214e-18 5.89775e-29 1.56766e-11 1.43124e-08 1.37341e-16 1.58763e-17 2.50616e-16 3.15718e-17 4.2971e-16 6.24307e-17 8.05384e-16 1.5115e-16 1.227e-15 2.88388e-16
174.763 3.38075e-18 3.38075e-18 4.82822e-29 1.42815e-11 -6.59384e-09 1.26171e-16 1.3361e-17 2.23768e-16 2.65424e-17 3.74171e-16 5.23858e-17 6.81633e-16 1.26233e-16 1.01956e-15 2.39428e-16
183.733 3.06359e-18 3.06359e-18 3.95175e-29 1.28991e-11 -1.92281e-09 1.15381e-16 1.1315e-17 1.99193e-16 2.24514e-17 3.25278e-16 4.42171e-17 5.76893e-16 1.05997e-16 8.48104e-16 1.99777e-16
193.164 2.76511e-18 2.76511e-18 3.23362e-29 1.16944e-11 2.98694e-08 1.03813e-16 9.52447e-18 1.74715e-16 1.88735e-17 2.78997e-16 3.70823e-17 4.82475e-16 8.83903e-17 6.97862e-16 1.65469e-16
203.079 2.49167e-18 2.49167e-18 2.64654e-29 1.06215e-11 7.00456e-08 9.21792e-17 7.98848e-18 1.51448e-16 1.58061e-17 2.36795e-16 3.09732e-17 3.99877e-16 7.33729e-17 5.69619e-16 1.36373e-16
213.503 2.25468e-18 2.25468e-18 2.16689e-29 9.61063e-12 -2.25772e-08 8.12968e-17 6.71531e-18 1.30569e-16 1.32646e-17 2.00133e-16 2.59164e-17 3.30492e-16 6.0983e-17 4.64073e-16 1.12487e-16
224.463 2.03025e-18 2.03025e-18 1.77376e-29 8.73666e-12 2.34339e-08 7.06145e-17 5.60691e-18 1.11009e-16 1.10542e-17 1.66996e-16 2.15275e-17 2.70034e-16 5.02894e-17 3.74102e-16 9.20234e-17
235.984 1.83451e-18 1.83451e-18 1.45162e-29 7.91288e-12 4.42253e-08 6.09507e-17 4.68905e-18 9.39014e-17 9.22502e-18 1.38794e-16 1.79008e-17 2.20041e-16 4.14923e-17 3.01009e-16 7.5293e-17
248.097 1.65068e-18 1.65068e-18 1.189e-29 7.20305e-12 -4.96223e-08 5.19088e-17 3.89796e-18 7.84647e-17 7.65051e-18 1.14071e-16 1.47871e-17 1.77521e-16 3.399e-17 2.39978e-16 6.11434e-17
260.832 1.46896e-18 1.46896e-18 9.7343e-30 6.62665e-12 1.77784e-09 4.3345e-17 3.19902e-18 6.4357e-17 6.26217e-18 9.21158e-17 1.20516e-17 1.40877e-16 2.74567e-17 1.88332e-16 4.8946e-17
274.221 1.30517e-18 1.30517e-18 7.96482e-30 6.10252e-12 9.6725e-08 3.58425e-17 2.61661e-18 5.23288e-17 5.10714e-18 7.38115e-17 9.78275e-18 1.11053e-16 2.20782e-17 1.46918e-16 3.89921e-17
288.297 1.16548e-18 1.16548e-18 6.51412e-30 5.58923e-12 1.40275e-07 2.95597e-17 2.14723e-18 4.24781e-17 4.17748e-18 5.90989e-17 7.96137e-18 8.7563e-17 1.77896e-17 1.14713e-16 3.11177e-17
303.095 1.03878e-18 1.03878e-18 5.33086e-30 5.13183e-12 -8.36285e-08 2.41572e-17 1.75566e-18 3.42019e-17 3.40356e-18 4.69745e-17 6.45093e-18 6.86044e-17 1.42645e-17 8.90542e-17 2.47077e-17
318.653 9.35244e-19 9.35244e-19 4.36137e-30 4.66335e-12 3.04576e-08 1.98071e-17 1.44749e-18 2.76538e-17 2.79523e-18 3.75239e-17 5.26678e-18 5.40674e-17 1.15194e-17 6.9582e-17 1.97542e-17
335.009 8.36592e-19 8.36592e-19 3.56717e-30 4.26393e-12 2.52657e-08 1.60329e-17 1.18361e-18 2.20926e-17 2.27596e-18 2.96393e-17 4.26142e-18 4.21693e-17 9.21505e-18 5.38332e-17 1.5643e-17
352.206 7.46247e-19 7.46247e-19 2.91814e-30 3.91042e-12 -4.00754e-08 1.28641e-17 9.63392e-19 1.75092e-17 1.84396e-18 2.32412e-17 3.42948e-18 3.26762e-17 7.32916e-18 4.13995e-17 1.23147e-17
370.284 6.74473e-19 6.74473e-19 2.38802e-30 3.54058e-12 9.94521e-08 1.03995e-17 7.93086e-19 1.39921e-17 1.51042e-18 1.83881e-17 2.78927e-18 2.55668e-17 5.88898e-18 3.21628e-17 9.79331e-18
389.291 6.06189e-19 6.06189e-19 1.95365e-30 3.22283e-12 -6.81854e-08 8.31607e-18 6.48031e-19 1.10683e-17 1.22753e-18 1.441e-17 2.24996e-18 1.98276e-17 4.6915e-18 2.47773e-17 7.72169e-18
409.273 5.46833e-19 5.46833e-19 1.59788e-30 2.92206e-12 2.8266e-07 6.64162e-18 5.30462e-19 8.75027e-18 9.99041e-19 1.12925e-17 1.81684e-18 1.53866e-17 3.74044e-18 1.91079e-17 6.09314e-18
430.282 4.95414e-19 4.95414e-19 1.30756e-30 2.63934e-12 -1.69469e-07 5.30245e-18 4.35252e-19 6.91965e-18 8.14691e-19 8.85674e-18 1.4695e-18 1.19575e-17 2.9864e-18 1.47626e-17 4.81512e-18
452.368 4.47592e-19 4.47592e-19 1.06994e-30 2.39044e-12 -3.02978e-07 4.20328e-18 3.55446e-19 5.43643e-18 6.60969e-19 6.90475e-18 1.18212e-18 9.24217e-18 2.37106e-18 1.13476e-17 3.78425e-18
475.588 4.07589e-19 4.07589e-19 8.75382e-31 2.14771e-12 -2.71744e-07 3.34465e-18 2.91982e-19 4.28979e-18 5.39208e-19 5.40908e-18 9.55909e-19 7.18191e-18 1.89211e-18 8.77254e-18 2.98962e-18
500 3.6955e-19 3.6955e-19 7.16088e-31 1.93773e-12 -1.40331e-07 2.63973e-18 2.38316e-19 3.35917e-18 4.36908e-19 4.20695e-18 7.67569e-19 5.54359e-18 1.49924e-18 6.73859e-18 2.3455e-18
525.665 3.37641e-19 3.37641e-19 5.86214e-31 1.73621e-12 -3.9763e-07 2.09189e-18 1.95599e-19 2.64247e-18 3.55867e-19 3.28834e-18 6.19421e-19 4.30239e-18 1.19387e-18 5.20604e-18 1.84967e-18
552.648 3.07805e-19 3.07805e-19 4.79755e-31 1.55863e-12 -3.30163e-07 1.64852e-18 1.59838e-19 2.06805e-18 2.885e-19 2.55818e-18 4.97433e-19 3.32476e-18 9.46097e-19 4.00588e-18 1.45188e-18
581.015 2.81939e-19 2.81939e-19 3.92533e-31 1.39226e-12 6.53818e-08 1.30117e-18 1.30948e-19 1.62176e-18 2.34411e-19 1.99488e-18 4.00306e-19 2.57645e-18 7.51379e-19 3.09179e-18 1.14238e-18
610.838 2.58006e-19 2.58006e-19 3.21251e-31 1.24513e-12 -1.00636e-07 1.02302e-18 1.06939e-19 1.26734e-18 1.89808e-19 1.55072e-18 3.20999e-19 1.99103e-18 5.94691e-19 2.38025e-18 8.95984e-19
642.193 2.36801e-19 2.36801e-19 2.63007e-31 1.11067e-12 1.74066e-07 8.04459e-19 8.73913e-20 9.90907e-19 1.53757e-19 1.2065e-18 2.57495e-19 1.54051e-18 4.7092e-19 1.83511e-18 7.03273e-19
675.157 2.1772e-19 2.1772e-19 2.15265e-31 9.88722e-13 6.83831e-07 6.3205e-19 7.13766e-20 7.74377e-19 1.24457e-19 9.38483e-19 2.06387e-19 1.19207e-18 3.72683e-19 1.41529e-18 5.51821e-19
709.813 2.00548e-19 2.00548e-19 1.76145e-31 8.78319e-13 -7.2813e-08 4.96296e-19 5.82684e-20 6.05001e-19 1.00674e-19 7.30019e-19 1.65314e-19 9.2275e-19 2.94813e-19 1.09209e-18 4.32917e-19
746.247 1.84891e-19 1.84891e-19 1.4421e-31 7.79975e-13 -6.65479e-07 3.89143e-19 4.74966e-20 4.72142e-19 8.13032e-20 5.67372e-19 1.32203e-19 7.13868e-19 2.32902e-19 8.42371e-19 3.39276e-19
784.553 1.70655e-19 1.70655e-19 1.18055e-31 6.91774e-13 2.30914e-07 3.04822e-19 3.86694e-20 3.68199e-19 6.5573e-20 4.4076e-19 1.05593e-19 5.52166e-19 1.83815e-19 6.49743e-19 2.65709e-19
824.824 1.57637e-19 1.57637e-19 9.66252e-32 6.12962e-13 -2.52006e-07 2.38472e-19 3.14319e-20 2.86854e-19 5.27969e-20 3.42141e-19 8.42041e-20 4.26875e-19 1.44889e-19 5.00991e-19 2.07887e-19
867.162 1.45465e-19 1.45465e-19 7.908e-32 5.43638e-13 4.82104e-08 1.86022e-19 2.54624e-20 2.22887e-19 4.23645e-20 2.64939e-19 6.69267e-20 3.29287e-19 1.13866e-19 3.85501e-19 1.62211e-19
911.674 1.34083e-19 1.34083e-19 6.47598e-32 4.82984e-13 -7.9104e-07 1.44687e-19 2.05546e-20 1.72722e-19 3.38747e-20 2.04652e-19 5.30164e-20 2.53438e-19 8.92167e-20 2.9601e-19 1.26226e-19
958.471 1.23748e-19 1.23748e-19 5.30237e-32 4.28481e-13 -6.74305e-07 1.12489e-19 1.65743e-20 1.33821e-19 2.70569e-20 1.5808e-19 4.19593e-20 1.95098e-19 6.98646e-20 2.27369e-19 9.81967e-20
1007.67 1.14044e-19 1.14044e-19 4.34024e-32 3.80576e-13 -7.44937e-07 8.7192e-20 1.3314e-20 1.03388e-19 2.15305e-20 1.21783e-19 3.30906e-20 1.4982e-19 5.45359e-20 1.74238e-19 7.61694e-20
1059.39 1.05499e-19 1.05499e-19 3.5532e-32 3.36801e-13 -8.02301e-07 6.77384e-20 1.07105e-20 8.00745e-20 1.71591e-20 9.4069e-20 2.6142e-20 1.15375e-19 4.26604e-20 1.33916e-19 5.9224e-20
1113.77 9.73754e-20 9.73754e-20 2.90953e-32 2.98795e-13 1.14912e-07 5.24339e-20 8.57701e-21 6.18038e-20 1.36149e-20 7.24219e-20 2.05661e-20 8.85719e-20 3.32431e-20 1.02615e-19 4.58845e-20
1170.94 8.96458e-20 8.96458e-20 2.38175e-32 2.65684e-13 4.50185e-07 4.0429e-20 6.83526e-21 4.7524e-20 1.07519e-20 5.55563e-20 1.61072e-20 6.77624e-20 2.57985e-20 7.8369e-20 3.5413e-20
1231.05 8.25066e-20 8.25066e-20 1.94954e-32 2.36289e-13 -1.5529e-06 3.11254e-20 5.43357e-21 3.64938e-20 8.47114e-21 4.25661e-20 1.25887e-20 5.17864e-20 1.99865e-20 5.97935e-20 2.72908e-20
1294.24 7.63136e-20 7.63136e-20 1.59656e-32 2.0921e-13 -2.45577e-07 2.40538e-20 4.33132e-21 2.81343e-20 6.69392e-21 3.27462e-20 9.8705e-21 3.97438e-20 1.55393e-20 4.58174e-20 2.1112e-20
1360.67 7.04888e-20 7.04888e-20 1.30727e-32 1.85457e-13 2.54191e-07 1.85428e-20 3.44059e-21 2.16391e-20 5.27209e-21 2.5136e-20 7.71567e-21 3.04383e-20 1.20491e-20 3.5038e-20 1.6292e-20
1430.51 6.49478e-20 6.49478e-20 1.07013e-32 1.64767e-13 -1.34187e-06 1.42444e-20 2.7206e-21 1.65871e-20 4.13425e-21 1.92313e-20 6.0067e-21 2.32382e-20 9.30804e-21 2.67126e-20 1.25283e-20
1503.94 5.97219e-20 5.97219e-20 8.75941e-33 1.4667e-13 -3.2192e-07 1.09097e-20 2.14259e-21 1.26782e-20 3.22964e-21 1.46731e-20 4.6597e-21 1.76945e-20 7.16748e-21 2.03132e-20 9.60539e-21
1581.14 5.53782e-20 5.53782e-20 7.17349e-33 1.29536e-13 -2.49694e-06 8.41809e-21 1.69822e-21 9.764e-21 2.53976e-21 1.12813e-20 3.63979e-21 1.35783e-20 5.55924e-21 1.55685e-20 7.41938e-21
1662.3 5.12514e-20 5.12514e-20 5.87308e-33 1.14594e-13 -1.4198e-06 6.47736e-21 1.34085e-21 7.49941e-21 1.99007e-21 8.65107e-21 2.83365e-21 1.03937e-20 4.29887e-21 1.19031e-20 5.71475e-21
1747.63 4.7325e-20 4.7325e-20 4.80711e-33 1.01577e-13 -1.7748e-06 4.96868e-21 1.05433e-21 5.74286e-21 1.55332e-21 6.61484e-21 2.19811e-21 7.93375e-21 3.3133e-21 9.07573e-21 4.38811e-21
1837.33 4.35937e-20 4.35937e-20 3.93567e-33 9.02807e-14 1.51348e-06 3.79924e-21 8.25553e-22 4.38413e-21 1.20764e-21 5.04264e-21 1.69882e-21 6.03831e-21 2.54502e-21 6.90017e-21 3.35863e-21
1931.64 4.00476e-20 4.00476e-20 3.22289e-33 8.04765e-14 -1.87921e-06 2.89504e-21 6.43552e-22 3.33564e-21 9.34963e-22 3.83152e-21 1.30778e-21 4.58104e-21 1.94777e-21 5.22967e-21 2.56176e-21
2030.79 3.68204e-20 3.68204e-20 2.6384e-33 7.1656e-14 -1.14313e-06 2.20632e-21 5.01253e-22 2.53845e-21 7.2343e-22 2.91212e-21 1.00641e-21 3.47675e-21 1.49059e-21 3.96527e-21 1.95417e-21
2135.03 3.4077e-20 3.4077e-20 2.15922e-33 6.33628e-14 1.89245e-06 1.69145e-21 3.92368e-22 1.94342e-21 5.62694e-22 2.22682e-21 7.78742e-22 2.65495e-21 1.14728e-21 3.02529e-21 1.49951e-21
2244.63 3.14716e-20 3.14716e-20 1.7681e-33 5.6181e-14 2.76353e-06 1.2932e-21 3.06019e-22 1.48393e-21 4.36188e-22 1.6984e-21 6.00675e-22 2.02231e-21 8.80488e-22 2.30244e-21 1.14746e-21
2359.84 2.8993e-20 2.8993e-20 1.44764e-33 4.99306e-14 2.22014e-06 9.85674e-22 2.37726e-22 1.12967e-21 3.36867e-22 1.29156e-21 4.61707e-22 1.53599e-21 6.73539e-22 1.74735e-21 8.75348e-22
2480.97 2.66473e-20 2.66473e-20 1.18494e-33 4.44675e-14 1.42463e-07 7.4911e-22 1.83981e-22 8.57562e-22 2.59249e-22 9.79454e-22 3.53722e-22 1.16347e-21 5.13657e-22 1.32256e-21 6.65814e-22
2608.32 2.46507e-20 2.46507e-20 9.69918e-34 3.93465e-14 2.58399e-06 5.72728e-22 1.43119e-22 6.5493e-22 2.00589e-22 7.473e-22 2.72509e-22 8.86721e-22 3.94007e-22 1.00724e-21 5.09452e-22
2742.21 2.27636e-20 2.27636e-20 7.94331e-34 3.48947e-14 1.40081e-06 4.36891e-22 1.10993e-22 4.99081e-22 1.54764e-22 5.68952e-22 2.09392e-22 6.74396e-22 3.01502e-22 7.65535e-22 3.88922e-22
2882.96 2.09685e-20 2.09685e-20 6.50367e-34 3.10164e-14 4.58459e-06 3.32282e-22 8.57563e-23 3.7921e-22 1.18988e-22 4.31926e-22 1.6036e-22 5.1147e-22 2.29996e-22 5.80214e-22 2.96018e-22
3030.95 1.93068e-20 1.93068e-20 5.32343e-34 2.75727e-14 1.10128e-05 2.52501e-22 6.61511e-23 2.87896e-22 9.13556e-23 3.2765e-22 1.22662e-22 3.87627e-22 1.75272e-22 4.39456e-22 2.25105e-22
3186.53 1.79011e-20 1.79011e-20 4.3581e-34 2.43454e-14 -2.08852e-07 1.93136e-22 5.13265e-23 2.20017e-22 7.05654e-23 2.50204e-22 9.44124e-23 2.95741e-22 1.34428e-22 3.35089e-22 1.72299e-22
3350.09 1.65647e-20 1.65647e-20 3.56853e-34 2.15429e-14 -4.17503e-06 1.47377e-22 3.97021e-23 1.67749e-22 5.43508e-23 1.90625e-22 7.24734e-23 2.2513e-22 1.02843e-22 2.54941e-22 1.31563e-22
3522.05 1.52933e-20 1.52933e-20 2.92124e-34 1.91014e-14 -7.59779e-06 1.12161e-22 3.0609e-23 1.27565e-22 4.17319e-23 1.4486e-22 5.54688e-23 1.70945e-22 7.84614e-23 1.9348e-22 1.00189e-22
3702.84 1.40836e-20 1.40836e-20 2.39072e-34 1.69752e-14 -1.76934e-05 8.51126e-23 2.35153e-23 9.67299e-23 3.1936e-23 1.09772e-22 4.23191e-23 1.2944e-22 5.96792e-23 1.46431e-22 7.6074e-23
3892.91 1.29347e-20 1.29347e-20 1.95778e-34 1.51358e-14 -3.27557e-06 6.43919e-23 1.80002e-23 7.31292e-23 2.43556e-23 8.29373e-23 3.21806e-23 9.77272e-23 4.52508e-23 1.10503e-22 5.75871e-23
4092.73 1.19139e-20 1.19139e-20 1.60297e-34 1.34546e-14 1.27894e-05 4.8841e-23 1.38062e-23 5.54311e-23 1.86149e-23 6.28283e-23 2.45278e-23 7.39818e-23 3.43953e-23 8.3616e-23 4.37038e-23
4302.81 1.10252e-20 1.10252e-20 1.31204e-34 1.19003e-14 -4.89927e-06 3.72083e-23 1.063e-23 4.22021e-23 1.42844e-23 4.78069e-23 1.87725e-23 5.62575e-23 2.62561e-23 6.35565e-23 3.33124e-23
4523.68 1.01801e-20 1.01801e-20 1.07388e-34 1.05489e-14 -4.50923e-06 2.82747e-23 8.15961e-24 3.20502e-23 1.09297e-23 3.62874e-23 1.4328e-23 4.26755e-23 1.99903e-23 4.81929e-23 2.5327e-23
4755.88 9.37712e-21 9.37712e-21 8.79413e-35 9.37829e-15 1.42933e-05 2.14287e-23 6.24354e-24 2.42762e-23 8.33772e-24 2.74718e-23 1.09043e-23 3.22892e-23 1.51778e-23 3.64498e-23 1.92041e-23
5000 8.61918e-21 8.61918e-21 7.19943e-35 8.3528e-15 -1.70238e-06 1.62016e-23 4.76379e-24 1.83446e-23 6.34323e-24 2.07494e-23 8.27723e-24 2.43746e-23 1.14955e-23 2.75054e-23 1.45264e-23
