# 4.34943e-05 2 68 : grain size, compostion index, size index
# Heating and cooling timescale: 0.00408878 2.45874e+07
# Ratio of heating to cooling to determine stochastic cutoff: 100
# Equilibrium emission is recorded even for those grains in the stochastic regime.
# Emission spectrum was computed for: 
# Type: ISRF
# Scales: 0.25 0.5 1 1.5 2 2.5 3 3.5 4 4.5 5 5.5 6 6.5 7 7.5 8 8.5 9 9.5 10
# StochasticallyHeated: 0 0 0 0 0 0 0 0 0 0 0 0 0 0 0 0 0 0 0 0 0
# Temperature: -1
# Wavelength  CExt  CAbs  CSca  Albedo G EqEm1 StEm1 EqEm2 StEm2 EqEm3 StEm3 EqEm4 StEm4 EqEm5 StEm5 EqEm6 StEm6 EqEm7 StEm7 EqEm8 StEm8 EqEm9 StEm9 EqEm10 StEm10 EqEm11 StEm11 EqEm12 StEm12 EqEm13 StEm13 EqEm14 StEm14 EqEm15 StEm15 EqEm16 StEm16 EqEm17 StEm17 EqEm18 StEm18 EqEm19 StEm19 EqEm20 StEm20 EqEm21 StEm21
0.05 1.23982e-08 5.2901e-09 7.10813e-09 0.573318 0.931061 0 0 0 0 0 0 0 0 0 0 0 0 0 0 0 0 0 0 0 0 0 0 0 0 0 0 0 0 0 0 0 0 0 0 0 0 0 0 0 0 0 0
0.0525665 1.24332e-08 5.26443e-09 7.16876e-09 0.576583 0.925371 0 0 0 0 0 0 0 0 0 0 0 0 0 0 0 0 0 0 0 0 0 0 0 0 0 0 0 0 0 0 0 0 0 0 0 0 0 0 0 0 0 0
0.0552647 1.24732e-08 5.20742e-09 7.26578e-09 0.582511 0.916778 0 0 0 0 0 0 0 0 0 0 0 0 0 0 0 0 0 0 0 0 0 0 0 0 0 0 0 0 0 0 0 0 0 0 0 0 0 0 0 0 0 0
0.0581015 1.2528e-08 5.11697e-09 7.41102e-09 0.591557 0.903553 0 0 0 0 0 0 0 0 0 0 0 0 0 0 0 0 0 0 0 0 0 0 0 0 0 0 0 0 0 0 0 0 0 0 0 0 0 0 0 0 0 0
0.0610839 1.25988e-08 5.03867e-09 7.56009e-09 0.600066 0.888787 0 0 0 0 0 0 0 0 0 0 0 0 0 0 0 0 0 0 0 0 0 0 0 0 0 0 0 0 0 0 0 0 0 0 0 0 0 0 0 0 0 0
0.0642193 1.26756e-08 5.00513e-09 7.67043e-09 0.605136 0.876783 0 0 0 0 0 0 0 0 0 0 0 0 0 0 0 0 0 0 0 0 0 0 0 0 0 0 0 0 0 0 0 0 0 0 0 0 0 0 0 0 0 0
0.0675157 1.27533e-08 5.01237e-09 7.74091e-09 0.606974 0.868289 0 0 0 0 0 0 0 0 0 0 0 0 0 0 0 0 0 0 0 0 0 0 0 0 0 0 0 0 0 0 0 0 0 0 0 0 0 0 0 0 0 0
0.0709813 1.28299e-08 5.05164e-09 7.77825e-09 0.60626 0.862882 0 0 0 0 0 0 0 0 0 0 0 0 0 0 0 0 0 0 0 0 0 0 0 0 0 0 0 0 0 0 0 0 0 0 0 0 0 0 0 0 0 0
0.0746248 1.29029e-08 5.11607e-09 7.78687e-09 0.603496 0.860151 0 0 0 0 0 0 0 0 0 0 0 0 0 0 0 0 0 0 0 0 0 0 0 0 0 0 0 0 0 0 0 0 0 0 0 0 0 0 0 0 0 0
0.0784553 1.29673e-08 5.20568e-09 7.76165e-09 0.598554 0.860524 0 0 0 0 0 0 0 0 0 0 0 0 0 0 0 0 0 0 0 0 0 0 0 0 0 0 0 0 0 0 0 0 0 0 0 0 0 0 0 0 0 0
0.0824824 1.30154e-08 5.32755e-09 7.68783e-09 0.590673 0.865407 0 0 0 0 0 0 0 0 0 0 0 0 0 0 0 0 0 0 0 0 0 0 0 0 0 0 0 0 0 0 0 0 0 0 0 0 0 0 0 0 0 0
0.0867162 1.30488e-08 5.38842e-09 7.66041e-09 0.587057 0.867916 0 0 0 0 0 0 0 0 0 0 0 0 0 0 0 0 0 0 0 0 0 0 0 0 0 0 0 0 0 0 0 0 0 0 0 0 0 0 0 0 0 0
0.0911674 1.31126e-08 5.38815e-09 7.72445e-09 0.589086 0.861571 0 0 0 0 0 0 0 0 0 0 0 0 0 0 0 0 0 0 0 0 0 0 0 0 0 0 0 0 0 0 0 0 0 0 0 0 0 0 0 0 0 0
0.095847 1.31757e-08 5.43305e-09 7.74263e-09 0.587646 0.858124 0 0 0 0 0 0 0 0 0 0 0 0 0 0 0 0 0 0 0 0 0 0 0 0 0 0 0 0 0 0 0 0 0 0 0 0 0 0 0 0 0 0
0.100767 1.32248e-08 5.49128e-09 7.73347e-09 0.584772 0.857236 0 0 0 0 0 0 0 0 0 0 0 0 0 0 0 0 0 0 0 0 0 0 0 0 0 0 0 0 0 0 0 0 0 0 0 0 0 0 0 0 0 0
0.105939 1.32576e-08 5.57719e-09 7.68041e-09 0.579321 0.86035 0 0 0 0 0 0 0 0 0 0 0 0 0 0 0 0 0 0 0 0 0 0 0 0 0 0 0 0 0 0 0 0 0 0 0 0 0 0 0 0 0 0
0.111377 1.32865e-08 5.66057e-09 7.62596e-09 0.573962 0.864567 0 0 0 0 0 0 0 0 0 0 0 0 0 0 0 0 0 0 0 0 0 0 0 0 0 0 0 0 0 0 0 0 0 0 0 0 0 0 0 0 0 0
0.117094 1.33205e-08 5.72757e-09 7.59296e-09 0.570019 0.867007 0 0 0 0 0 0 0 0 0 0 0 0 0 0 0 0 0 0 0 0 0 0 0 0 0 0 0 0 0 0 0 0 0 0 0 0 0 0 0 0 0 0
0.123105 1.33578e-08 5.78513e-09 7.57271e-09 0.566911 0.868323 0 0 0 0 0 0 0 0 0 0 0 0 0 0 0 0 0 0 0 0 0 0 0 0 0 0 0 0 0 0 0 0 0 0 0 0 0 0 0 0 0 0
0.129424 1.3398e-08 5.83498e-09 7.56298e-09 0.564488 0.868638 0 0 0 0 0 0 0 0 0 0 0 0 0 0 0 0 0 0 0 0 0 0 0 0 0 0 0 0 0 0 0 0 0 0 0 0 0 0 0 0 0 0
0.136067 1.34403e-08 5.87573e-09 7.56456e-09 0.562827 0.867763 0 0 0 0 0 0 0 0 0 0 0 0 0 0 0 0 0 0 0 0 0 0 0 0 0 0 0 0 0 0 0 0 0 0 0 0 0 0 0 0 0 0
0.143051 1.34833e-08 5.90012e-09 7.58323e-09 0.562414 0.864838 0 0 0 0 0 0 0 0 0 0 0 0 0 0 0 0 0 0 0 0 0 0 0 0 0 0 0 0 0 0 0 0 0 0 0 0 0 0 0 0 0 0
0.150394 1.35174e-08 5.95026e-09 7.56711e-09 0.559807 0.865147 0 0 0 0 0 0 0 0 0 0 0 0 0 0 0 0 0 0 0 0 0 0 0 0 0 0 0 0 0 0 0 0 0 0 0 0 0 0 0 0 0 0
0.158114 1.35561e-08 6.04348e-09 7.51261e-09 0.554187 0.870434 0 0 0 0 0 0 0 0 0 0 0 0 0 0 0 0 0 0 0 0 0 0 0 0 0 0 0 0 0 0 0 0 0 0 0 0 0 0 0 0 0 0
0.16623 1.3608e-08 6.15387e-09 7.45413e-09 0.547775 0.877109 0 0 0 0 0 0 0 0 0 0 0 0 0 0 0 0 0 0 0 0 0 0 0 0 0 0 0 0 0 0 0 0 0 0 0 0 0 0 0 0 0 0
0.174762 1.3669e-08 6.26059e-09 7.40841e-09 0.541986 0.882885 0 0 0 0 0 0 0 0 0 0 0 0 0 0 0 0 0 0 0 0 0 0 0 0 0 0 0 0 0 0 0 0 0 0 0 0 0 0 0 0 0 0
0.183733 1.37536e-08 6.33183e-09 7.42178e-09 0.539624 0.886222 0 0 0 0 0 0 0 0 0 0 0 0 0 0 0 0 0 0 0 0 0 0 0 0 0 0 0 0 0 0 0 0 0 0 0 0 0 0 0 0 0 0
0.193164 1.36326e-08 6.24641e-09 7.38616e-09 0.541802 0.873987 0 0 0 0 0 0 0 0 0 0 0 0 0 0 0 0 0 0 0 0 0 0 0 0 0 0 0 0 0 0 0 0 0 0 0 0 0 0 0 0 0 0
0.203079 1.44091e-08 5.87175e-09 8.53731e-09 0.592496 0.866046 0 0 0 0 0 0 0 0 0 0 0 0 0 0 0 0 0 0 0 0 0 0 0 0 0 0 0 0 0 0 0 0 0 0 0 0 0 0 0 0 0 0
0.213503 1.35709e-08 5.39913e-09 8.17176e-09 0.602154 0.831169 0 0 0 0 0 0 0 0 0 0 0 0 0 0 0 0 0 0 0 0 0 0 0 0 0 0 0 0 0 0 0 0 0 0 0 0 0 0 0 0 0 0
0.224463 1.31859e-08 5.14269e-09 8.04319e-09 0.609985 0.805677 0 0 0 0 0 0 0 0 0 0 0 0 0 0 0 0 0 0 0 0 0 0 0 0 0 0 0 0 0 0 0 0 0 0 0 0 0 0 0 0 0 0
0.235984 1.46216e-08 4.97419e-09 9.64741e-09 0.659805 0.81965 0 0 0 0 0 0 0 0 0 0 0 0 0 0 0 0 0 0 0 0 0 0 0 0 0 0 0 0 0 0 0 0 0 0 0 0 0 0 0 0 0 0
0.248097 1.52794e-08 4.99368e-09 1.02858e-08 0.673177 0.821131 0 0 0 0 0 0 0 0 0 0 0 0 0 0 0 0 0 0 0 0 0 0 0 0 0 0 0 0 0 0 0 0 0 0 0 0 0 0 0 0 0 0
0.260832 1.4526e-08 5.01765e-09 9.50839e-09 0.654575 0.800081 0 0 0 0 0 0 0 0 0 0 0 0 0 0 0 0 0 0 0 0 0 0 0 0 0 0 0 0 0 0 0 0 0 0 0 0 0 0 0 0 0 0
0.274221 1.34476e-08 4.91939e-09 8.52818e-09 0.63418 0.762546 0 0 0 0 0 0 0 0 0 0 0 0 0 0 0 0 0 0 0 0 0 0 0 0 0 0 0 0 0 0 0 0 0 0 0 0 0 0 0 0 0 0
0.288297 1.3016e-08 4.78454e-09 8.23145e-09 0.632411 0.753722 0 0 0 0 0 0 0 0 0 0 0 0 0 0 0 0 0 0 0 0 0 0 0 0 0 0 0 0 0 0 0 0 0 0 0 0 0 0 0 0 0 0
0.303095 1.35432e-08 4.75461e-09 8.78855e-09 0.648929 0.77069 0 0 0 0 0 0 0 0 0 0 0 0 0 0 0 0 0 0 0 0 0 0 0 0 0 0 0 0 0 0 0 0 0 0 0 0 0 0 0 0 0 0
0.318653 1.48267e-08 4.74125e-09 1.00854e-08 0.680221 0.801342 0 0 0 0 0 0 0 0 0 0 0 0 0 0 0 0 0 0 0 0 0 0 0 0 0 0 0 0 0 0 0 0 0 0 0 0 0 0 0 0 0 0
0.335009 1.6337e-08 4.66004e-09 1.1677e-08 0.714755 0.823402 0 0 0 0 0 0 0 0 0 0 0 0 0 0 0 0 0 0 0 0 0 0 0 0 0 0 0 0 0 0 0 0 0 0 0 0 0 0 0 0 0 0
0.352205 1.70373e-08 4.72233e-09 1.2315e-08 0.722825 0.827578 0 0 0 0 0 0 0 0 0 0 0 0 0 0 0 0 0 0 0 0 0 0 0 0 0 0 0 0 0 0 0 0 0 0 0 0 0 0 0 0 0 0
0.370284 1.67901e-08 4.56351e-09 1.22266e-08 0.728202 0.823514 0 0 0 0 0 0 0 0 0 0 0 0 0 0 0 0 0 0 0 0 0 0 0 0 0 0 0 0 0 0 0 0 0 0 0 0 0 0 0 0 0 0
0.389291 1.6522e-08 4.65525e-09 1.18667e-08 0.718239 0.794574 0 0 0 0 0 0 0 0 0 0 0 0 0 0 0 0 0 0 0 0 0 0 0 0 0 0 0 0 0 0 0 0 0 0 0 0 0 0 0 0 0 0
0.409273 1.49482e-08 4.62054e-09 1.03277e-08 0.690897 0.749529 0 0 0 0 0 0 0 0 0 0 0 0 0 0 0 0 0 0 0 0 0 0 0 0 0 0 0 0 0 0 0 0 0 0 0 0 0 0 0 0 0 0
0.430281 1.40027e-08 4.47153e-09 9.53118e-09 0.680667 0.692486 0 0 0 0 0 0 0 0 0 0 0 0 0 0 0 0 0 0 0 0 0 0 0 0 0 0 0 0 0 0 0 0 0 0 0 0 0 0 0 0 0 0
0.452368 1.27551e-08 4.51244e-09 8.24267e-09 0.646225 0.614964 0 0 0 0 0 0 0 0 0 0 0 0 0 0 0 0 0 0 0 0 0 0 0 0 0 0 0 0 0 0 0 0 0 0 0 0 0 0 0 0 0 0
0.475588 1.17927e-08 4.23315e-09 7.5595e-09 0.641035 0.520471 0 0 0 0 0 0 0 0 0 0 0 0 0 0 0 0 0 0 0 0 0 0 0 0 0 0 0 0 0 0 0 0 0 0 0 0 0 0 0 0 0 0
0.5 1.25413e-08 4.24583e-09 8.29548e-09 0.661452 0.507906 0 0 0 0 0 0 0 0 0 0 0 0 0 0 0 0 0 0 0 0 0 0 0 0 0 0 0 0 0 0 0 0 0 0 0 0 0 0 0 0 0 0
0.525665 1.27568e-08 4.58655e-09 8.17029e-09 0.640463 0.454834 0 0 0 0 0 0 0 0 0 0 0 0 0 0 0 0 0 0 0 0 0 0 0 0 0 0 0 0 0 0 0 0 0 0 0 0 0 0 0 0 0 0
0.552648 1.33095e-08 3.75318e-09 9.55627e-09 0.718007 0.502649 0 0 0 0 0 0 0 0 0 0 0 0 0 0 0 0 0 0 0 0 0 0 0 0 0 0 0 0 0 0 0 0 0 0 0 0 0 0 0 0 0 0
0.581015 1.56176e-08 4.00438e-09 1.16132e-08 0.743599 0.543388 0 0 0 0 0 0 0 0 0 0 0 0 0 0 0 0 0 0 0 0 0 0 0 0 0 0 0 0 0 0 0 0 0 0 0 0 0 0 0 0 0 0
0.610839 1.65354e-08 4.16726e-09 1.23682e-08 0.74798 0.543572 0 0 0 0 0 0 0 0 0 0 0 0 0 0 0 0 0 0 0 0 0 0 0 0 0 0 0 0 0 0 0 0 0 0 0 0 0 0 0 0 0 0
0.642193 1.74376e-08 3.39405e-09 1.40436e-08 0.80536 0.608687 0 0 0 0 0 0 0 0 0 0 0 0 0 0 0 0 0 0 0 0 0 0 0 0 0 0 0 0 0 0 0 0 0 0 0 0 0 0 0 0 0 0
0.675157 2.05707e-08 3.46151e-09 1.71092e-08 0.831726 0.640602 0 0 0 0 0 0 0 0 0 0 0 0 0 0 0 0 0 0 0 0 0 0 0 0 0 0 0 0 0 0 0 0 0 0 0 0 0 0 0 0 0 0
0.709813 2.25014e-08 3.81555e-09 1.86858e-08 0.83043 0.632153 0 0 0 0 0 0 0 0 0 0 0 0 0 0 0 0 0 0 0 0 0 0 0 0 0 0 0 0 0 0 0 0 0 0 0 0 0 0 0 0 0 0
0.746248 2.15998e-08 3.24037e-09 1.83594e-08 0.849981 0.64326 0 0 0 0 0 0 0 0 0 0 0 0 0 0 0 0 0 0 0 0 0 0 0 0 0 0 0 0 0 0 0 0 0 0 0 0 0 0 0 0 0 0
0.784553 2.29728e-08 2.90227e-09 2.00705e-08 0.873665 0.686639 0 0 0 0 0 0 0 0 0 0 0 0 0 0 0 0 0 0 0 0 0 0 0 0 0 0 0 0 0 0 0 0 0 0 0 0 0 0 0 0 0 0
0.824824 2.54153e-08 3.02343e-09 2.23919e-08 0.881039 0.701274 0 0 0 0 0 0 0 0 0 0 0 0 0 0 0 0 0 0 0 0 0 0 0 0 0 0 0 0 0 0 0 0 0 0 0 0 0 0 0 0 0 0
0.867162 2.62857e-08 3.19437e-09 2.30913e-08 0.878475 0.686076 0 0 0 0 0 0 0 0 0 0 0 0 0 0 0 0 0 0 0 0 0 0 0 0 0 0 0 0 0 0 0 0 0 0 0 0 0 0 0 0 0 0
0.911674 2.43889e-08 2.82039e-09 2.15686e-08 0.884358 0.660748 0 0 0 0 0 0 0 0 0 0 0 0 0 0 0 0 0 0 0 0 0 0 0 0 0 0 0 0 0 0 0 0 0 0 0 0 0 0 0 0 0 0
0.95847 2.33178e-08 2.41138e-09 2.09064e-08 0.896586 0.66147 0 0 0 0 0 0 0 0 0 0 0 0 0 0 0 0 0 0 0 0 0 0 0 0 0 0 0 0 0 0 0 0 0 0 0 0 0 0 0 0 0 0
1.00767 2.38556e-08 2.3248e-09 2.15308e-08 0.902547 0.679881 0 0 0 0 0 0 0 0 0 0 0 0 0 0 0 0 0 0 0 0 0 0 0 0 0 0 0 0 0 0 0 0 0 0 0 0 0 0 0 0 0 0
1.05939 2.46613e-08 2.43038e-09 2.22309e-08 0.90145 0.694963 0 0 0 0 0 0 0 0 0 0 0 0 0 0 0 0 0 0 0 0 0 0 0 0 0 0 0 0 0 0 0 0 0 0 0 0 0 0 0 0 0 0
1.11377 2.42597e-08 2.5059e-09 2.17538e-08 0.896705 0.694432 0 0 0 0 0 0 0 0 0 0 0 0 0 0 0 0 0 0 0 0 0 0 0 0 0 0 0 0 0 0 0 0 0 0 0 0 0 0 0 0 0 0
1.17094 2.20777e-08 2.32948e-09 1.97482e-08 0.894487 0.671306 0 0 0 0 0 0 0 0 0 0 0 0 0 0 0 0 0 0 0 0 0 0 0 0 0 0 0 0 0 0 0 0 0 0 0 0 0 0 0 0 0 0
1.23105 1.95956e-08 1.99682e-09 1.75988e-08 0.898099 0.632666 0 0 0 0 0 0 0 0 0 0 0 0 0 0 0 0 0 0 0 0 0 0 0 0 0 0 0 0 0 0 0 0 0 0 0 0 0 0 0 0 0 0
1.29424 1.79984e-08 1.74411e-09 1.62543e-08 0.903097 0.59733 0 0 0 0 0 0 0 0 0 0 0 0 0 0 0 0 0 0 0 0 0 0 0 0 0 0 0 0 0 0 0 0 0 0 0 0 0 0 0 0 0 0
1.36067 1.72035e-08 1.62838e-09 1.55752e-08 0.905346 0.575675 0 0 0 0 0 0 0 0 0 0 0 0 0 0 0 0 0 0 0 0 0 0 0 0 0 0 0 0 0 0 0 0 0 0 0 0 0 0 0 0 0 0
1.43051 1.67447e-08 1.61787e-09 1.51268e-08 0.90338 0.569813 0 0 0 0 0 0 0 0 0 0 0 0 0 0 0 0 0 0 0 0 0 0 0 0 0 0 0 0 0 0 0 0 0 0 0 0 0 0 0 0 0 0
1.50394 1.6139e-08 1.6563e-09 1.44827e-08 0.897373 0.57698 0 0 0 0 0 0 0 0 0 0 0 0 0 0 0 0 0 0 0 0 0 0 0 0 0 0 0 0 0 0 0 0 0 0 0 0 0 0 0 0 0 0
1.58114 1.50022e-08 1.67181e-09 1.33303e-08 0.888562 0.589713 0 0 0 0 0 0 0 0 0 0 0 0 0 0 0 0 0 0 0 0 0 0 0 0 0 0 0 0 0 0 0 0 0 0 0 0 0 0 0 0 0 0
1.6623 1.3289e-08 1.61138e-09 1.16776e-08 0.878743 0.596919 0 0 0 0 0 0 0 0 0 0 0 0 0 0 0 0 0 0 0 0 0 0 0 0 0 0 0 0 0 0 0 0 0 0 0 0 0 0 0 0 0 0
1.74763 1.13541e-08 1.47769e-09 9.87641e-09 0.869854 0.587369 0 0 0 0 0 0 0 0 0 0 0 0 0 0 0 0 0 0 0 0 0 0 0 0 0 0 0 0 0 0 0 0 0 0 0 0 0 0 0 0 0 0
1.83733 9.58206e-09 1.31555e-09 8.26651e-09 0.862707 0.557142 0 0 0 0 0 0 0 0 0 0 0 0 0 0 0 0 0 0 0 0 0 0 0 0 0 0 0 0 0 0 0 0 0 0 0 0 0 0 0 0 0 0
1.93164 8.12619e-09 1.16225e-09 6.96394e-09 0.856975 0.511306 0 0 0 0 0 0 0 0 0 0 0 0 0 0 0 0 0 0 0 0 0 0 0 0 0 0 0 0 0 0 0 0 0 0 0 0 0 0 0 0 0 0
2.03079 6.96137e-09 1.03338e-09 5.92799e-09 0.851555 0.458571 0 0 0 0 0 0 0 0 0 0 0 0 0 0 0 0 0 0 0 0 0 0 0 0 0 0 0 0 0 0 0 0 0 0 0 0 0 0 0 0 0 0
2.13503 6.00605e-09 9.29498e-10 5.07655e-09 0.84524 0.40619 0 0 0 0 0 0 0 0 0 0 0 0 0 0 0 0 0 0 0 0 0 0 0 0 0 0 0 0 0 0 0 0 0 0 0 0 0 0 0 0 0 0
2.24463 5.19309e-09 8.46104e-10 4.34698e-09 0.837071 0.358142 0 0 0 0 0 0 0 0 0 0 0 0 0 0 0 0 0 0 0 0 0 0 0 0 0 0 0 0 0 0 0 0 0 0 0 0 0 0 0 0 0 0
2.35984 4.48457e-09 7.77202e-10 3.70736e-09 0.826694 0.315786 0 0 0 0 0 0 0 0 0 0 0 0 0 0 0 0 0 0 0 0 0 0 0 0 0 0 0 0 0 0 0 0 0 0 0 0 0 0 0 0 0 0
2.48097 3.85811e-09 7.18692e-10 3.13942e-09 0.813719 0.279067 0 0 0 0 0 0 0 0 0 0 0 0 0 0 0 0 0 0 0 0 0 0 0 0 0 0 0 0 0 0 0 0 0 0 0 0 0 0 0 0 0 0
2.60832 3.30919e-09 6.68497e-10 2.64069e-09 0.797988 0.247517 0 0 0 0 0 0 0 0 0 0 0 0 0 0 0 0 0 0 0 0 0 0 0 0 0 0 0 0 0 0 0 0 0 0 0 0 0 0 0 0 0 0
2.74221 2.82959e-09 6.2393e-10 2.20566e-09 0.779498 0.220267 0 0 0 0 0 0 0 0 0 0 0 0 0 0 0 0 0 0 0 0 0 0 0 0 0 0 0 0 0 0 0 0 0 0 0 0 0 0 0 0 0 0
2.88297 2.4119e-09 5.8403e-10 1.82787e-09 0.757855 0.19656 0 0 0 0 0 0 0 0 0 0 0 0 0 0 0 0 0 0 0 0 0 0 0 0 0 0 0 0 0 0 0 0 0 0 0 0 0 0 0 0 0 0
3.03095 2.05474e-09 5.47988e-10 1.50676e-09 0.733306 0.175906 0 0 0 0 0 0 0 0 0 0 0 0 0 0 0 0 0 0 0 0 0 0 0 0 0 0 0 0 0 0 0 0 0 0 0 0 0 0 0 0 0 0
3.18653 1.75266e-09 5.16456e-10 1.23621e-09 0.705331 0.15778 0 0 0 0 0 0 0 0 0 0 0 0 0 0 0 0 0 0 0 0 0 0 0 0 0 0 0 0 0 0 0 0 0 0 0 0 0 0 0 0 0 0
3.35009 1.49726e-09 4.87707e-10 1.00955e-09 0.674267 0.141749 0 0 0 0 0 0 0 0 0 0 0 0 0 0 0 0 0 0 0 0 0 0 0 0 0 0 0 0 0 0 0 0 0 0 0 0 0 0 0 0 0 0
3.52205 1.28053e-09 4.59668e-10 8.20863e-10 0.641033 0.127491 0 0 0 0 0 0 0 0 0 0 0 0 0 0 0 0 0 0 0 0 0 0 0 0 0 0 0 0 0 0 0 0 0 0 0 0 0 0 0 0 0 0
3.70284 1.09938e-09 4.33661e-10 6.65723e-10 0.605542 0.114804 0 0 0 0 0 0 0 0 0 0 0 0 0 0 0 0 0 0 0 0 0 0 0 0 0 0 0 0 0 0 0 0 0 0 0 0 0 0 0 0 0 0
3.89291 9.47735e-10 4.0971e-10 5.38025e-10 0.567695 0.103437 0 0 0 0 0 0 0 0 0 0 0 0 0 0 0 0 0 0 0 0 0 0 0 0 0 0 0 0 0 0 0 0 0 0 0 0 0 0 0 0 0 0
4.09273 8.21012e-10 3.87863e-10 4.33149e-10 0.527579 0.0932145 0 0 0 0 0 0 0 0 0 0 0 0 0 0 0 0 0 0 0 0 0 0 0 0 0 0 0 0 0 0 0 0 0 0 0 0 0 0 0 0 0 0
4.30281 7.1427e-10 3.66814e-10 3.47457e-10 0.48645 0.0840071 0 0 0 0 0 0 0 0 0 0 0 0 0 0 0 0 0 0 0 0 0 0 0 0 0 0 0 0 0 0 0 0 0 0 0 0 0 0 0 0 0 0
4.52368 6.25774e-10 3.47954e-10 2.7782e-10 0.443962 0.0757114 0 0 0 0 0 0 0 0 0 0 0 0 0 0 0 0 0 0 0 0 0 0 0 0 0 0 0 0 0 0 0 0 0 0 0 0 0 0 0 0 0 0
4.75588 5.52712e-10 3.31578e-10 2.21134e-10 0.400089 0.068207 0 0 0 0 0 0 0 0 0 0 0 0 0 0 0 0 0 0 0 0 0 0 0 0 0 0 0 0 0 0 0 0 0 0 0 0 0 0 0 0 0 0
5 4.93185e-10 3.18327e-10 1.74858e-10 0.354548 0.0613962 0 0 0 0 0 0 0 0 0 0 0 0 0 0 0 0 0 0 0 0 0 0 0 0 0 0 0 0 0 0 0 0 0 0 0 0 0 0 0 0 0 0
5.25665 4.462e-10 3.0885e-10 1.37351e-10 0.307823 0.0552215 0 0 0 0 0 0 0 0 0 0 0 0 0 0 0 0 0 0 0 0 0 0 0 0 0 0 0 0 0 0 0 0 0 0 0 0 0 0 0 0 0 0
5.52648 4.09712e-10 3.02545e-10 1.07167e-10 0.261566 0.0496271 0 0 0 0 0 0 0 0 0 0 0 0 0 0 0 0 0 0 0 0 0 0 0 0 0 0 0 0 0 0 0 0 0 0 0 0 0 0 0 0 0 0
5.81015 3.83233e-10 3.00631e-10 8.26016e-11 0.215539 0.0445259 0 0 0 0 0 0 0 0 0 0 0 0 0 0 0 0 0 0 0 0 0 0 0 0 0 0 0 0 0 0 0 0 0 0 0 0 0 0 0 0 0 0
6.10839 3.64539e-10 3.01686e-10 6.28527e-11 0.172417 0.039886 0 0 0 0 0 0 0 0 0 0 0 0 0 0 0 0 0 0 0 0 0 0 0 0 0 0 0 0 0 0 0 0 0 0 0 0 0 0 0 0 0 0
6.42193 3.48682e-10 3.01726e-10 4.69563e-11 0.134668 0.0356601 0 0 0 0 0 0 0 0 0 0 0 0 0 0 0 0 0 0 0 0 0 0 0 0 0 0 0 0 0 0 0 0 0 0 0 0 0 0 1.4013e-45 0 2.8026e-45 0
6.75157 3.31962e-10 2.98197e-10 3.37649e-11 0.101713 0.0317547 0 0 0 0 0 0 0 0 0 0 0 0 0 0 0 0 0 0 0 0 0 0 0 0 0 0 0 0 0 0 2.8026e-45 0 7.00649e-45 0 1.96182e-44 0 5.32493e-44 0 1.33123e-43 0 3.1249e-43 0
7.09813 3.20913e-10 2.98441e-10 2.24716e-11 0.0700239 0.0280801 0 0 0 0 0 0 0 0 0 0 0 0 0 0 0 0 0 0 0 0 0 0 1.4013e-45 0 7.00649e-45 0 2.94273e-44 0 1.00893e-43 0 3.237e-43 0 9.24857e-43 0 2.51813e-42 0 6.3647e-42 0 1.49939e-41 0 3.39044e-41 0
7.46248 3.73776e-10 3.61232e-10 1.25445e-11 0.0335615 0.0245117 0 0 0 0 0 0 0 0 0 0 0 0 0 0 0 0 1.4013e-45 0 9.80909e-45 0 5.60519e-44 0 2.76056e-43 0 1.15047e-42 0 4.24033e-42 0 1.38925e-41 0 4.19002e-41 0 1.13778e-40 0 2.94842e-40 0 7.12193e-40 0 1.60904e-39 0 3.4963e-39 0
7.84553 6.93706e-10 6.87516e-10 6.18986e-12 0.00892289 0.0211324 0 0 0 0 0 0 0 0 0 0 0 0 2.8026e-45 0 3.50325e-44 0 3.27904e-43 0 2.27851e-42 0 1.23412e-41 0 5.63266e-41 0 2.19476e-40 0 7.5882e-40 0 2.34631e-39 0 6.70492e-39 0 1.73403e-38 0 4.28941e-38 0 9.92446e-38 0 2.15473e-37 0 4.50796e-37 0
8.24824 1.41471e-09 1.40722e-09 7.48685e-12 0.00529215 0.0182454 0 0 0 0 0 0 0 0 0 0 3.22299e-44 0 6.76827e-43 0 8.55353e-42 0 7.27568e-41 0 4.6068e-40 0 2.29815e-39 0 9.73964e-39 0 3.5512e-38 0 1.15564e-37 0 3.3817e-37 0 9.18077e-37 0 2.2667e-36 0 5.36453e-36 0 1.19139e-35 0 2.49058e-35 0 5.02615e-35 0
8.67162 2.14803e-09 2.13458e-09 1.34492e-11 0.00626116 0.0159183 0 0 0 0 0 0 1.4013e-45 0 1.49939e-43 0 5.98775e-42 0 1.10009e-40 0 1.22944e-39 0 9.41941e-39 0 5.45028e-38 0 2.51373e-37 0 9.92804e-37 0 3.39833e-36 0 1.04398e-35 0 2.89893e-35 0 7.49557e-35 0 1.77075e-34 0 4.01815e-34 0 8.58281e-34 0 1.73078e-33 0 3.37511e-33 0
9.11674 3.17249e-09 3.14616e-09 2.63351e-11 0.00830108 0.013583 0 0 0 0 0 0 2.29813e-43 0 2.57012e-41 0 8.57803e-40 0 1.36729e-38 0 1.35818e-37 0 9.421e-37 0 5.00344e-36 0 2.14168e-35 0 7.90994e-35 0 2.54967e-34 0 7.41505e-34 0 1.95885e-33 0 4.83533e-33 0 1.09534e-32 0 2.38805e-32 0 4.91535e-32 0 9.57842e-32 0 1.80792e-31 0
9.5847 3.65423e-09 3.61589e-09 3.834e-11 0.0104919 0.0120893 0 0 0 0 3.64338e-44 0 3.0261e-41 0 2.69221e-39 0 7.57108e-38 0 1.05419e-36 0 9.36126e-36 0 5.90755e-35 0 2.89183e-34 0 1.153e-33 0 3.99524e-33 0 1.21628e-32 0 3.3576e-32 0 8.45899e-32 0 1.99794e-31 0 4.34878e-31 0 9.12716e-31 0 1.81359e-30 0 3.42084e-30 0 6.25962e-30 0
10.0767 3.33263e-09 3.29511e-09 3.7512e-11 0.011256 0.0114002 0 0 0 0 4.2081e-42 0 2.47993e-39 0 1.7721e-37 0 4.23437e-36 0 5.18452e-35 0 4.13825e-34 0 2.38686e-33 0 1.08122e-32 0 4.02943e-32 0 1.31404e-31 0 3.78873e-31 0 9.95306e-31 0 2.39692e-30 0 5.42867e-30 0 1.13759e-29 0 2.30268e-29 0 4.42465e-29 0 8.09126e-29 0 1.43754e-28 0
10.5939 2.83612e-09 2.80169e-09 3.44362e-11 0.012142 0.0111302 0 0 4.2039e-45 0 3.48426e-40 0 1.50375e-37 0 8.72375e-36 0 1.78529e-34 0 1.93425e-33 0 1.39501e-32 0 7.38637e-32 0 3.10804e-31 0 1.08623e-30 0 3.34364e-30 0 9.15487e-30 0 2.29422e-29 0 5.29294e-29 0 1.15187e-28 0 2.32813e-28 0 4.55306e-28 0 8.47422e-28 0 1.50466e-27 0 2.59929e-27 0
11.1377 2.24163e-09 2.21427e-09 2.73684e-11 0.0122091 0.0113829 0 0 4.28797e-43 0 2.11824e-38 0 6.79809e-36 0 3.23453e-34 0 5.71227e-33 0 5.50921e-32 0 3.60793e-31 0 1.76105e-30 0 6.9081e-30 0 2.27122e-29 0 6.61787e-29 0 1.72502e-28 0 4.1333e-28 0 9.15445e-28 0 1.918e-27 0 3.74571e-27 0 7.08938e-27 0 1.28006e-26 0 2.21002e-26 0 3.71725e-26 0
11.7094 1.79119e-09 1.76966e-09 2.15228e-11 0.012016 0.0114595 0 0 3.56771e-41 0 1.04064e-36 0 2.51964e-34 0 9.92806e-33 0 1.52398e-31 0 1.31584e-30 0 7.86181e-30 0 3.55157e-29 0 1.30324e-28 0 4.04287e-28 0 1.11808e-27 0 2.7812e-27 0 6.38568e-27 0 1.36045e-26 0 2.74926e-26 0 5.19647e-26 0 9.53354e-26 0 1.67243e-25 0 2.81147e-25 0 4.61034e-25 0
12.3105 1.39594e-09 1.37946e-09 1.64821e-11 0.0118071 0.0114292 4.06377e-44 0 2.28159e-39 0 4.02854e-35 0 7.46085e-33 0 2.45705e-31 0 3.30078e-30 0 2.56526e-29 0 1.40459e-28 0 5.89482e-28 0 2.03007e-27 0 5.95894e-27 0 1.56813e-26 0 3.73095e-26 0 8.22564e-26 0 1.68891e-25 0 3.29779e-25 0 6.0425e-25 0 1.07621e-24 0 1.83684e-24 0 3.01053e-24 0 4.81898e-24 0
12.9424 1.08355e-09 1.0713e-09 1.22522e-11 0.0113074 0.0109694 3.46821e-42 0 1.15799e-37 0 1.26842e-33 0 1.82049e-31 0 5.05496e-30 0 5.98188e-29 0 4.20603e-28 0 2.11952e-27 0 8.29367e-27 0 2.68885e-26 0 7.48844e-26 0 1.87969e-25 0 4.28693e-25 0 9.09354e-25 0 1.80267e-24 0 3.40677e-24 0 6.06032e-24 0 1.04939e-23 0 1.74492e-23 0 2.79171e-23 0 4.36725e-23 0
13.6067 8.58323e-10 8.4958e-10 8.74347e-12 0.0101867 0.00998978 2.40753e-40 0 4.83425e-36 0 3.36248e-32 0 3.78682e-30 0 8.93974e-29 0 9.37672e-28 0 5.99418e-27 0 2.79128e-26 0 1.02184e-25 0 3.12797e-25 0 8.28647e-25 0 1.98861e-24 0 4.3564e-24 0 8.90777e-24 0 1.70782e-23 0 3.12877e-23 0 5.41143e-23 0 9.12242e-23 0 1.47968e-22 0 2.31366e-22 0 3.54118e-22 0
14.3051 7.7887e-10 7.72897e-10 5.97284e-12 0.0076686 0.00856524 1.52247e-38 0 1.88463e-34 0 8.51058e-31 0 7.61038e-29 0 1.53964e-27 0 1.43982e-26 0 8.4072e-26 0 3.63167e-25 0 1.24787e-24 0 3.61681e-24 0 9.13642e-24 0 2.10085e-23 0 4.42939e-23 0 8.74618e-23 0 1.62439e-22 0 2.88924e-22 0 4.86526e-22 0 7.99522e-22 0 1.26658e-21 0 1.93769e-21 0 2.90475e-21 0
15.0394 8.58403e-10 8.53974e-10 4.42904e-12 0.00515963 0.00725522 9.39039e-37 0 7.33739e-33 0 2.19703e-29 0 1.57763e-27 0 2.75583e-26 0 2.31068e-25 0 1.23785e-24 0 4.97847e-24 0 1.6106e-23 0 4.43179e-23 0 1.06999e-22 0 2.36234e-22 0 4.80259e-22 0 9.17327e-22 0 1.65298e-21 0 2.85859e-21 0 4.69271e-21 0 7.5269e-21 0 1.1659e-20 0 1.74703e-20 0 2.56767e-20 0
15.8114 9.84889e-10 9.81226e-10 3.66369e-12 0.0037199 0.00622433 4.8891e-35 0 2.46617e-31 0 4.99562e-28 0 2.91161e-26 0 4.42313e-25 0 3.34294e-24 0 1.64993e-23 0 6.1999e-23 0 1.894e-22 0 4.96033e-22 0 1.14715e-21 0 2.43664e-21 0 4.78497e-21 0 8.85534e-21 0 1.55047e-20 0 2.61055e-20 0 4.18305e-20 0 6.55643e-20 0 9.94113e-20 0 1.46049e-19 0 2.10655e-19 0
16.623 1.12799e-09 1.12464e-09 3.34743e-12 0.0029676 0.00538 2.08221e-33 0 6.92681e-30 0 9.67522e-27 0 4.62385e-25 0 6.15049e-24 0 4.21135e-23 0 1.92268e-22 0 6.77262e-22 0 1.95918e-21 0 4.8954e-21 0 1.08673e-20 0 2.22493e-20 0 4.22762e-20 0 7.59224e-20 0 1.29345e-19 0 2.12311e-19 0 3.32458e-19 0 5.09778e-19 0 7.57398e-19 0 1.09202e-18 0 1.54716e-18 0
17.4762 1.24223e-09 1.23896e-09 3.27186e-12 0.00263386 0.00470277 7.05756e-32 0 1.58017e-28 0 1.54979e-25 0 6.13232e-24 0 7.18881e-23 0 4.48101e-22 0 1.8996e-21 0 6.29235e-21 0 1.72825e-20 0 4.12955e-20 0 8.81712e-20 0 1.74313e-19 0 3.20993e-19 0 5.60216e-19 0 9.29908e-19 0 1.48989e-18 0 2.28249e-18 0 3.42759e-18 0 4.99501e-18 0 7.0743e-18 0 9.85379e-18 0
18.3733 1.28243e-09 1.27919e-09 3.2315e-12 0.00251983 0.00418615 1.87356e-30 0 2.87842e-27 0 2.0168e-24 0 6.66843e-23 0 6.93204e-22 0 3.95165e-21 0 1.56113e-20 0 4.87744e-20 0 1.27515e-19 0 2.92004e-19 0 6.00798e-19 0 1.14889e-18 0 2.05352e-18 0 3.48779e-18 0 5.64793e-18 0 8.84316e-18 0 1.32684e-17 0 1.95334e-17 0 2.79473e-17 0 3.89141e-17 0 5.33334e-17 0
19.3164 1.22375e-09 1.22069e-09 3.05843e-12 0.00249922 0.00383943 3.87533e-29 0 4.16119e-26 0 2.11737e-23 0 5.90169e-22 0 5.47227e-21 0 2.86535e-20 0 1.05854e-19 0 3.12828e-19 0 7.80364e-19 0 1.71615e-18 0 3.40876e-18 0 6.31539e-18 0 1.09725e-17 0 1.81604e-17 0 2.87239e-17 0 4.40003e-17 0 6.47236e-17 0 9.35021e-17 0 1.31458e-16 0 1.80109e-16 0 2.43078e-16 0
20.3079 1.09399e-09 1.09129e-09 2.6965e-12 0.00246483 0.0036417 6.38378e-28 0 4.87535e-25 0 1.82995e-22 0 4.3357e-21 0 3.60602e-20 0 1.74154e-19 0 6.03607e-19 0 1.6919e-18 0 4.03631e-18 0 8.54147e-18 0 1.64068e-17 0 2.94952e-17 0 4.98821e-17 0 8.05526e-17 0 1.24588e-16 0 1.86915e-16 0 2.69816e-16 0 3.82849e-16 0 5.29383e-16 0 7.14235e-16 0 9.49934e-16 0
21.3503 9.76626e-10 9.74339e-10 2.28711e-12 0.00234185 0.00345059 8.99902e-27 0 4.97012e-24 0 1.39671e-21 0 2.83538e-20 0 2.12649e-19 0 9.50995e-19 0 3.102e-18 0 8.26816e-18 0 1.89052e-17 0 3.85687e-17 0 7.17603e-17 0 1.25365e-16 0 2.06646e-16 0 3.25987e-16 0 4.93571e-16 0 7.25968e-16 0 1.02934e-15 0 1.43581e-15 0 1.9542e-15 0 2.5983e-15 0 3.40795e-15 0
22.4463 8.72804e-10 8.70878e-10 1.92565e-12 0.00220628 0.00326855 1.09641e-25 0 4.449e-23 0 9.49388e-21 0 1.66384e-19 0 1.13094e-18 0 4.70104e-18 0 1.4474e-17 0 3.67763e-17 0 8.07615e-17 0 1.59125e-16 0 2.87225e-16 0 4.88297e-16 0 7.85487e-16 0 1.21184e-15 0 1.79804e-15 0 2.59529e-15 0 3.61762e-15 0 4.96484e-15 0 6.65641e-15 0 8.72811e-15 0 1.12973e-14 0
23.5984 7.81621e-10 7.8002e-10 1.60106e-12 0.00204839 0.00309109 1.164e-24 0 3.52285e-22 0 5.7857e-20 0 8.81664e-19 0 5.45751e-18 0 2.11611e-17 0 6.16719e-17 0 1.49725e-16 0 3.1641e-16 0 6.03121e-16 0 1.05771e-15 0 1.75217e-15 0 2.75391e-15 0 4.15971e-15 0 6.05411e-15 0 8.58331e-15 0 1.1772e-14 0 1.59081e-14 0 2.10251e-14 0 2.72064e-14 0 3.4774e-14 0
24.8097 7.02681e-10 7.01348e-10 1.33258e-12 0.00189642 0.00291625 1.08612e-23 0 2.48707e-21 0 3.18406e-19 0 4.24788e-18 0 2.40553e-17 0 8.7301e-17 0 2.41483e-16 0 5.61418e-16 0 1.14387e-15 0 2.11277e-15 0 3.60498e-15 0 5.82653e-15 0 8.9577e-15 0 1.32607e-14 0 1.89494e-14 0 2.64118e-14 0 3.56692e-14 0 4.74983e-14 0 6.19274e-14 0 7.9132e-14 0 9.99381e-14 0
26.0832 6.30419e-10 6.29319e-10 1.10015e-12 0.00174511 0.00275316 8.91236e-23 0 1.56527e-20 0 1.58123e-18 0 1.85888e-17 0 9.67213e-17 0 3.29609e-16 0 8.67547e-16 0 1.93554e-15 0 3.80893e-15 0 6.8276e-15 0 1.13498e-14 0 1.79191e-14 0 2.69763e-14 0 3.91772e-14 0 5.50165e-14 0 7.54493e-14 0 1.00411e-13 0 1.31854e-13 0 1.69696e-13 0 2.14261e-13 0 2.6753e-13 0
27.4221 5.6477e-10 5.63861e-10 9.08225e-13 0.00160813 0.00260165 6.47498e-22 0 8.83576e-20 0 7.12505e-18 0 7.42657e-17 0 3.56524e-16 0 1.14437e-15 0 2.87304e-15 0 6.16361e-15 0 1.17349e-14 0 2.04443e-14 0 3.31524e-14 0 5.11869e-14 0 7.55356e-14 0 1.07718e-13 0 1.48782e-13 0 2.00917e-13 0 2.63682e-13 0 3.41677e-13 0 4.34356e-13 0 5.42216e-13 0 6.6972e-13 0
28.8297 5.0794e-10 5.07191e-10 7.49642e-13 0.00147585 0.00245081 4.21207e-21 0 4.52128e-19 0 2.94253e-17 0 2.73538e-16 0 1.21634e-15 0 3.68812e-15 0 8.85238e-15 0 1.82965e-14 0 3.37568e-14 0 5.72375e-14 0 9.06513e-14 0 1.37027e-13 0 1.98404e-13 0 2.78075e-13 0 3.78072e-13 0 5.03119e-13 0 6.51583e-13 0 8.33703e-13 0 1.0475e-12 0 1.29353e-12 0 1.58132e-12 0
30.3095 4.5665e-10 4.56032e-10 6.18435e-13 0.00135429 0.0023081 2.4565e-20 0 2.09862e-18 0 1.11391e-16 0 9.28695e-16 0 3.83946e-15 0 1.10281e-14 0 2.53623e-14 0 5.05945e-14 0 9.0596e-14 0 1.49704e-13 0 2.31833e-13 0 3.43438e-13 0 4.88362e-13 0 6.73282e-13 0 9.0177e-13 0 1.1834e-12 0 1.51338e-12 0 1.91322e-12 0 2.37719e-12 0 2.90546e-12 0 3.51721e-12 0
31.8653 4.1146e-10 4.10952e-10 5.08151e-13 0.00123499 0.00216667 1.29467e-19 0 8.90157e-18 0 3.89196e-16 0 2.92564e-15 0 1.12856e-14 0 3.07879e-14 0 6.79846e-14 0 1.31124e-13 0 2.2821e-13 0 3.67966e-13 0 5.57799e-13 0 8.10621e-13 0 1.13304e-12 0 1.53777e-12 0 2.03047e-12 0 2.62948e-12 0 3.32254e-12 0 4.15255e-12 0 5.10518e-12 0 6.17883e-12 0 7.41034e-12 0
33.5009 3.70125e-10 3.69707e-10 4.18234e-13 0.00112998 0.00203559 6.17328e-19 0 3.45237e-17 0 1.2552e-15 0 8.55056e-15 0 3.08795e-14 0 8.02134e-14 0 1.70404e-13 0 3.18291e-13 0 5.39172e-13 0 8.49319e-13 0 1.26159e-12 0 1.80025e-12 0 2.47549e-12 0 3.31003e-12 0 4.31163e-12 0 5.51358e-12 0 6.8877e-12 0 8.51511e-12 0 1.03635e-11 0 1.24267e-11 0 1.47718e-11 0
35.2205 3.35872e-10 3.35528e-10 3.43472e-13 0.00102263 0.00189867 2.70401e-18 0 1.24247e-16 0 3.79041e-15 0 2.35116e-14 0 7.975e-14 0 1.97727e-13 0 4.04877e-13 0 7.33531e-13 0 1.211e-12 0 1.86575e-12 0 2.71839e-12 0 3.8123e-12 0 5.16133e-12 0 6.80411e-12 0 8.74935e-12 0 1.10549e-11 0 1.36608e-11 0 1.67145e-11 0 2.01486e-11 0 2.39466e-11 0 2.82265e-11 0
37.0284 3.04283e-10 3.04001e-10 2.82175e-13 0.000927344 0.00177172 1.08166e-17 0 4.12294e-16 0 1.06447e-14 0 6.03994e-14 0 1.93011e-13 0 4.57788e-13 0 9.05158e-13 0 1.59301e-12 0 2.56635e-12 0 3.87132e-12 0 5.5378e-12 0 7.63907e-12 0 1.01904e-11 0 1.32538e-11 0 1.6835e-11 0 2.10297e-11 0 2.57198e-11 0 3.11607e-11 0 3.72218e-11 0 4.38665e-11 0 5.12931e-11 0
38.9291 2.75073e-10 2.74841e-10 2.32073e-13 0.000843678 0.00165487 3.96676e-17 0 1.26578e-15 0 2.78835e-14 0 1.45358e-13 0 4.38888e-13 0 9.97983e-13 0 1.90866e-12 0 3.26766e-12 0 5.14306e-12 0 7.60411e-12 0 1.0689e-11 0 1.4515e-11 0 1.90923e-11 0 2.45152e-11 0 3.07777e-11 0 3.8031e-11 0 4.60578e-11 0 5.52808e-11 0 6.54629e-11 0 7.6533e-11 0 8.88092e-11 0
40.9273 2.48088e-10 2.47897e-10 1.9111e-13 0.00077033 0.00154744 1.33896e-16 0 3.60795e-15 0 6.8341e-14 0 3.2867e-13 0 9.40253e-13 0 2.05397e-12 0 3.80584e-12 0 6.34685e-12 0 9.77071e-12 0 1.4173e-11 0 1.95942e-11 0 2.62133e-11 0 3.40213e-11 0 4.31545e-11 0 5.35801e-11 0 6.55266e-11 0 7.86182e-11 0 9.35242e-11 0 1.0984e-10 0 1.27439e-10 0 1.4681e-10 0
43.0281 2.23617e-10 2.2346e-10 1.56994e-13 0.000702064 0.00144405 4.18358e-16 0 9.59841e-15 0 1.57489e-13 0 7.01501e-13 0 1.90645e-12 0 4.00873e-12 0 7.20751e-12 0 1.17233e-11 0 1.76713e-11 0 2.51719e-11 0 3.42543e-11 0 4.51792e-11 0 5.78947e-11 0 7.25892e-11 0 8.91787e-11 0 1.07996e-10 0 1.28425e-10 0 1.51485e-10 0 1.76521e-10 0 2.03323e-10 0 2.32616e-10 0
45.2368 2.01097e-10 2.00968e-10 1.28925e-13 0.00064111 0.00134738 1.21244e-15 0 2.38716e-14 0 3.41671e-13 0 1.41485e-12 0 3.66191e-12 0 7.42558e-12 0 1.29739e-11 0 2.06071e-11 0 3.04464e-11 0 4.26268e-11 0 5.71411e-11 0 7.43536e-11 0 9.41335e-11 0 1.1673e-10 0 1.41973e-10 0 1.70331e-10 0 2.00845e-10 0 2.35007e-10 0 2.71809e-10 0 3.10925e-10 0 3.53391e-10 0
47.5588 1.81159e-10 1.81054e-10 1.05755e-13 0.00058377 0.00125322 3.28406e-15 0 5.59037e-14 0 7.02653e-13 0 2.71465e-12 0 6.70728e-12 0 1.31395e-11 0 2.23401e-11 0 3.46915e-11 0 5.0288e-11 0 6.92589e-11 0 9.15225e-11 0 1.17571e-10 0 1.47143e-10 0 1.80557e-10 0 2.17514e-10 0 2.5865e-10 0 3.02544e-10 0 3.51298e-10 0 4.03435e-10 0 4.58474e-10 0 5.17846e-10 0
50 1.62665e-10 1.62578e-10 8.68088e-14 0.000533667 0.00116633 8.30012e-15 0 1.2303e-13 0 1.36659e-12 0 4.94257e-12 0 1.16844e-11 0 2.21503e-11 0 3.66972e-11 0 5.57748e-11 0 7.93977e-11 0 1.07654e-10 0 1.40338e-10 0 1.78088e-10 0 2.20453e-10 0 2.67826e-10 0 3.19726e-10 0 3.7699e-10 0 4.37604e-10 0 5.0443e-10 0 5.75393e-10 0 6.49822e-10 0 7.29622e-10 0
52.5665 1.4623e-10 1.46159e-10 7.11635e-14 0.000486656 0.00108226 1.97251e-14 0 2.56316e-13 0 2.53135e-12 0 8.5982e-12 0 1.94903e-11 0 3.58121e-11 0 5.78865e-11 0 8.61998e-11 0 1.20611e-10 0 1.61122e-10 0 2.07337e-10 0 2.60067e-10 0 3.18597e-10 0 3.83399e-10 0 4.53754e-10 0 5.30737e-10 0 6.11602e-10 0 7.00124e-10 0 7.93502e-10 0 8.90838e-10 0 9.94595e-10 0
55.2648 1.31366e-10 1.31307e-10 5.83008e-14 0.000443805 0.00100254 4.41303e-14 0 5.05958e-13 0 4.46819e-12 0 1.42974e-11 0 3.11398e-11 0 5.55428e-11 0 8.76988e-11 0 1.28079e-10 0 1.76294e-10 0 2.32202e-10 0 2.95148e-10 0 3.66137e-10 0 4.44116e-10 0 5.29639e-10 0 6.21694e-10 0 7.21627e-10 0 8.2584e-10 0 9.39151e-10 0 1.05792e-09 0 1.181e-09 0 1.31148e-09 0
58.1015 1.17962e-10 1.17914e-10 4.77839e-14 0.00040508 0.000927362 9.32415e-14 0 9.48996e-13 0 7.53518e-12 0 2.27802e-11 0 4.7765e-11 0 8.28232e-11 0 1.27889e-10 0 1.83353e-10 0 2.48469e-10 0 3.22893e-10 0 4.05645e-10 0 4.97944e-10 0 5.98328e-10 0 7.07438e-10 0 8.23924e-10 0 9.4943e-10 0 1.07941e-09 0 1.21983e-09 0 1.36613e-09 0 1.5169e-09 0 1.67589e-09 0
61.0839 1.05935e-10 1.05896e-10 3.91346e-14 0.000369419 0.000855973 1.8667e-13 0 1.69641e-12 0 1.21738e-11 0 3.48685e-11 0 7.05157e-11 0 1.1903e-10 0 1.79939e-10 0 2.53479e-10 0 3.3844e-10 0 4.34224e-10 0 5.39465e-10 0 6.55617e-10 0 7.80757e-10 0 9.15615e-10 0 1.05847e-09 0 1.21129e-09 0 1.36852e-09 0 1.53735e-09 0 1.71224e-09 0 1.89151e-09 0 2.07962e-09 0
64.2193 9.50746e-11 9.50425e-11 3.20372e-14 0.000336969 0.000788828 3.54776e-13 0 2.89478e-12 0 1.88679e-11 0 5.13353e-11 0 1.00308e-10 0 1.65047e-10 0 2.44519e-10 0 3.38738e-10 0 4.45938e-10 0 5.65227e-10 0 6.94817e-10 0 8.36418e-10 0 9.87609e-10 0 1.14922e-09 0 1.31916e-09 0 1.49971e-09 0 1.68431e-09 0 1.88138e-09 0 2.08441e-09 0 2.29149e-09 0 2.50775e-09 0
67.5157 8.5372e-11 8.53457e-11 2.62226e-14 0.000307157 0.000725561 6.42459e-13 0 4.73147e-12 0 2.8142e-11 0 7.29164e-11 0 1.37893e-10 0 2.21438e-10 0 3.21829e-10 0 4.38798e-10 0 5.69962e-10 0 7.14115e-10 0 8.69039e-10 0 1.03672e-09 0 1.21422e-09 0 1.4025e-09 0 1.59909e-09 0 1.80661e-09 0 2.01752e-09 0 2.24144e-09 0 2.47094e-09 0 2.70388e-09 0 2.94607e-09 0
70.9813 7.66667e-11 7.66453e-11 2.14672e-14 0.000280006 0.000666357 1.1107e-12 0 7.42008e-12 0 4.0454e-11 0 1.00056e-10 0 1.83422e-10 0 2.87818e-10 0 4.10736e-10 0 5.51607e-10 0 7.07402e-10 0 8.76613e-10 0 1.05661e-09 0 1.24967e-09 0 1.4524e-09 0 1.66585e-09 0 1.88722e-09 0 2.11947e-09 0 2.35419e-09 0 2.60207e-09 0 2.85488e-09 0 3.11031e-09 0 3.37475e-09 0
74.6248 6.88977e-11 6.88801e-11 1.75643e-14 0.000254934 0.00061081 1.83847e-12 0 1.11944e-11 0 5.61811e-11 0 1.32945e-10 0 2.36607e-10 0 3.63198e-10 0 5.09388e-10 0 6.74316e-10 0 8.54331e-10 0 1.04766e-09 0 1.25133e-09 0 1.46789e-09 0 1.69354e-09 0 1.92948e-09 0 2.17262e-09 0 2.42621e-09 0 2.68112e-09 0 2.94898e-09 0 3.22089e-09 0 3.49443e-09 0 3.77645e-09 0
78.4553 6.18991e-11 6.18847e-11 1.43684e-14 0.000232127 0.000559251 2.91703e-12 0 1.62622e-11 0 7.54336e-11 0 1.71152e-10 0 2.96153e-10 0 4.45191e-10 0 6.14158e-10 0 8.01953e-10 0 1.00437e-09 0 1.21946e-09 0 1.44395e-09 0 1.6807e-09 0 1.92558e-09 0 2.17993e-09 0 2.44046e-09 0 2.71067e-09 0 2.98091e-09 0 3.26353e-09 0 3.54914e-09 0 3.83528e-09 0 4.12915e-09 0
82.4824 5.56332e-11 5.56214e-11 1.17586e-14 0.000211359 0.000511449 4.44865e-12 0 2.28051e-11 0 9.81483e-11 0 2.13959e-10 0 3.60445e-10 0 5.31162e-10 0 7.2134e-10 0 9.29724e-10 0 1.15168e-09 0 1.38513e-09 0 1.62665e-09 0 1.87939e-09 0 2.13897e-09 0 2.4069e-09 0 2.67976e-09 0 2.96126e-09 0 3.24142e-09 0 3.5331e-09 0 3.82662e-09 0 4.11953e-09 0 4.41925e-09 0
86.7162 5.00404e-11 5.00308e-11 9.62135e-15 0.000192272 0.00046709 6.53631e-12 0 3.09373e-11 0 1.2399e-10 0 2.60203e-10 0 4.27331e-10 0 6.17922e-10 0 8.26725e-10 0 1.05244e-09 0 1.29014e-09 0 1.53775e-09 0 1.79178e-09 0 2.05565e-09 0 2.32487e-09 0 2.60106e-09 0 2.88081e-09 0 3.16798e-09 0 3.45245e-09 0 3.74736e-09 0 4.04293e-09 0 4.33678e-09 0 4.63642e-09 0
91.1674 4.50182e-11 4.50104e-11 7.87062e-15 0.000174832 0.000426135 9.26418e-12 0 4.06437e-11 0 1.52218e-10 0 3.08088e-10 0 4.93869e-10 0 7.014e-10 0 9.25176e-10 0 1.16398e-09 0 1.41277e-09 0 1.66956e-09 0 1.93092e-09 0 2.2005e-09 0 2.47381e-09 0 2.7526e-09 0 3.03351e-09 0 3.3205e-09 0 3.60354e-09 0 3.89578e-09 0 4.18755e-09 0 4.4766e-09 0 4.77037e-09 0
95.847 4.05036e-11 4.04972e-11 6.43736e-15 0.000158933 0.000388424 1.26874e-11 0 5.17853e-11 0 1.81837e-10 0 3.55589e-10 0 5.57038e-10 0 7.77689e-10 0 1.01204e-09 0 1.2591e-09 0 1.51386e-09 0 1.77452e-09 0 2.03781e-09 0 2.30757e-09 0 2.57944e-09 0 2.85525e-09 0 3.1318e-09 0 3.41303e-09 0 3.68926e-09 0 3.97335e-09 0 4.25596e-09 0 4.535e-09 0 4.81769e-09 0
100.767 3.64704e-11 3.64651e-11 5.26836e-15 0.000144456 0.000353786 1.68293e-11 0 6.41324e-11 0 2.11801e-10 0 4.00848e-10 0 6.14338e-10 0 8.43842e-10 0 1.08412e-09 0 1.33449e-09 0 1.59017e-09 0 1.8496e-09 0 2.10978e-09 0 2.37466e-09 0 2.64009e-09 0 2.90799e-09 0 3.17534e-09 0 3.44605e-09 0 3.71089e-09 0 3.98228e-09 0 4.25132e-09 0 4.51612e-09 0 4.78358e-09 0
105.939 3.29022e-11 3.28979e-11 4.31002e-15 0.000130995 0.000321865 2.16808e-11 0 7.73969e-11 0 2.4113e-10 0 4.42372e-10 0 6.64008e-10 0 8.98066e-10 0 1.13979e-09 0 1.38889e-09 0 1.64093e-09 0 1.89467e-09 0 2.14741e-09 0 2.40315e-09 0 2.65805e-09 0 2.91406e-09 0 3.16842e-09 0 3.42492e-09 0 3.67492e-09 0 3.93021e-09 0 4.18247e-09 0 4.42999e-09 0 4.67931e-09 0
111.377 2.96287e-11 2.96252e-11 3.5254e-15 0.000118986 0.000292714 2.70661e-11 0 9.08025e-11 0 2.67636e-10 0 4.76682e-10 0 7.01486e-10 0 9.34906e-10 0 1.17286e-09 0 1.41551e-09 0 1.65889e-09 0 1.90207e-09 0 2.14273e-09 0 2.38487e-09 0 2.62496e-09 0 2.86499e-09 0 3.10247e-09 0 3.34102e-09 0 3.5727e-09 0 3.80849e-09 0 4.04077e-09 0 4.26804e-09 0 4.49634e-09 0
117.094 2.66779e-11 2.6675e-11 2.88442e-15 0.000108121 0.000266121 3.28472e-11 0 1.03875e-10 0 2.90442e-10 0 5.02952e-10 0 7.26351e-10 0 9.54611e-10 0 1.18445e-09 0 1.41651e-09 0 1.64732e-09 0 1.87633e-09 0 2.10156e-09 0 2.32696e-09 0 2.54936e-09 0 2.77073e-09 0 2.98888e-09 0 3.20721e-09 0 3.41853e-09 0 3.63294e-09 0 3.84354e-09 0 4.04903e-09 0 4.25494e-09 0
123.105 2.40514e-11 2.4049e-11 2.36051e-15 9.81443e-05 0.00024178 3.88584e-11 0 1.16172e-10 0 3.0894e-10 0 5.20869e-10 0 7.38898e-10 0 9.58294e-10 0 1.17664e-09 0 1.39502e-09 0 1.61051e-09 0 1.82288e-09 0 2.03055e-09 0 2.23729e-09 0 2.44036e-09 0 2.64165e-09 0 2.83924e-09 0 3.03633e-09 0 3.22648e-09 0 3.41884e-09 0 3.60726e-09 0 3.79064e-09 0 3.97395e-09 0
129.424 2.17209e-11 2.1719e-11 1.93151e-15 8.8924e-05 0.000219559 4.48909e-11 0 1.27224e-10 0 3.22586e-10 0 5.3023e-10 0 7.39511e-10 0 9.47071e-10 0 1.15136e-09 0 1.35385e-09 0 1.55218e-09 0 1.74639e-09 0 1.93526e-09 0 2.12238e-09 0 2.30537e-09 0 2.48604e-09 0 2.66277e-09 0 2.83846e-09 0 3.00747e-09 0 3.17796e-09 0 3.34452e-09 0 3.50624e-09 0 3.66752e-09 0
136.067 1.95638e-11 1.95622e-11 1.58017e-15 8.07703e-05 0.000199342 5.04831e-11 0 1.35987e-10 0 3.29532e-10 0 5.28727e-10 0 7.25618e-10 0 9.18222e-10 0 1.1058e-09 0 1.29017e-09 0 1.46946e-09 0 1.64399e-09 0 1.81282e-09 0 1.97933e-09 0 2.14149e-09 0 2.30101e-09 0 2.45652e-09 0 2.61063e-09 0 2.75847e-09 0 2.90721e-09 0 3.05216e-09 0 3.19258e-09 0 3.33232e-09 0
143.051 1.76918e-11 1.76906e-11 1.29314e-15 7.30926e-05 0.000180857 5.57025e-11 0 1.42972e-10 0 3.31861e-10 0 5.20396e-10 0 7.03332e-10 0 8.79969e-10 0 1.05029e-09 0 1.21636e-09 0 1.37678e-09 0 1.53204e-09 0 1.68151e-09 0 1.82828e-09 0 1.97066e-09 0 2.11023e-09 0 2.24587e-09 0 2.3799e-09 0 2.50812e-09 0 2.6368e-09 0 2.76192e-09 0 2.88287e-09 0 3.00299e-09 0
150.394 1.59346e-11 1.59335e-11 1.05831e-15 6.64158e-05 0.000164087 5.98876e-11 0 1.46817e-10 0 3.27131e-10 0 5.01934e-10 0 6.68596e-10 0 8.27545e-10 0 9.79379e-10 0 1.12629e-09 0 1.26732e-09 0 1.40309e-09 0 1.53318e-09 0 1.66039e-09 0 1.78336e-09 0 1.90351e-09 0 2.01991e-09 0 2.13462e-09 0 2.24408e-09 0 2.35369e-09 0 2.46002e-09 0 2.56261e-09 0 2.6643e-09 0
158.114 1.44505e-11 1.44496e-11 8.65885e-16 5.99208e-05 0.00014876 6.34938e-11 0 1.49013e-10 0 3.19377e-10 0 4.80019e-10 0 6.30656e-10 0 7.72654e-10 0 9.07094e-10 0 1.03625e-09 0 1.1595e-09 0 1.27754e-09 0 1.39016e-09 0 1.49987e-09 0 1.60555e-09 0 1.70848e-09 0 1.80793e-09 0 1.90568e-09 0 1.99873e-09 0 2.09171e-09 0 2.18172e-09 0 2.2684e-09 0 2.35417e-09 0
166.23 1.30484e-11 1.30477e-11 7.08342e-16 5.42857e-05 0.00013486 6.57146e-11 0 1.47963e-10 0 3.0565e-10 0 4.50476e-10 0 5.84163e-10 0 7.08802e-10 0 8.25822e-10 0 9.37485e-10 0 1.04344e-09 0 1.14445e-09 0 1.24041e-09 0 1.33356e-09 0 1.423e-09 0 1.50986e-09 0 1.59356e-09 0 1.67562e-09 0 1.75358e-09 0 1.83131e-09 0 1.90642e-09 0 1.97861e-09 0 2.04994e-09 0
174.763 1.17247e-11 1.17241e-11 5.79869e-16 4.94572e-05 0.000122289 6.64191e-11 0 1.43777e-10 0 2.86794e-10 0 4.14908e-10 0 5.31426e-10 0 6.38934e-10 0 7.39075e-10 0 8.34027e-10 0 9.23654e-10 0 1.00871e-09 0 1.08921e-09 0 1.16708e-09 0 1.24163e-09 0 1.31382e-09 0 1.38322e-09 0 1.45112e-09 0 1.51547e-09 0 1.57952e-09 0 1.6413e-09 0 1.70058e-09 0 1.75906e-09 0
183.733 1.06238e-11 1.06234e-11 4.74597e-16 4.46729e-05 0.000110825 6.64972e-11 0 1.38666e-10 0 2.67574e-10 0 3.80352e-10 0 4.81495e-10 0 5.73908e-10 0 6.5935e-10 0 7.39883e-10 0 8.15525e-10 0 8.87005e-10 0 9.54415e-10 0 1.01942e-09 0 1.08147e-09 0 1.14141e-09 0 1.19889e-09 0 1.25501e-09 0 1.3081e-09 0 1.36084e-09 0 1.41163e-09 0 1.46029e-09 0 1.50822e-09 0
193.164 9.5881e-12 9.58771e-12 3.88344e-16 4.05027e-05 0.000100429 6.51953e-11 0 1.31214e-10 0 2.45359e-10 0 3.43013e-10 0 4.29444e-10 0 5.0769e-10 0 5.79532e-10 0 6.46868e-10 0 7.09821e-10 0 7.69078e-10 0 8.24771e-10 0 8.78316e-10 0 9.29291e-10 0 9.7842e-10 0 1.02543e-09 0 1.07124e-09 0 1.11449e-09 0 1.15739e-09 0 1.19864e-09 0 1.2381e-09 0 1.27691e-09 0
203.079 8.63943e-12 8.63911e-12 3.17833e-16 3.67886e-05 9.1009e-05 6.27966e-11 0 1.22206e-10 0 2.21809e-10 0 3.05244e-10 0 3.78177e-10 0 4.43637e-10 0 5.03346e-10 0 5.59018e-10 0 6.10841e-10 0 6.59442e-10 0 7.04976e-10 0 7.48632e-10 0 7.90091e-10 0 8.29958e-10 0 8.68032e-10 0 9.05059e-10 0 9.39967e-10 0 9.74534e-10 0 1.00772e-09 0 1.03943e-09 0 1.07058e-09 0
213.503 7.81726e-12 7.817e-12 2.60226e-16 3.32886e-05 8.24677e-05 5.98188e-11 0 1.12758e-10 0 1.98971e-10 0 2.69768e-10 0 3.30936e-10 0 3.85392e-10 0 4.34762e-10 0 4.80569e-10 0 5.23036e-10 0 5.62726e-10 0 5.99803e-10 0 6.35259e-10 0 6.68852e-10 0 7.01089e-10 0 7.31818e-10 0 7.61651e-10 0 7.89733e-10 0 8.175e-10 0 8.44121e-10 0 8.69525e-10 0 8.94453e-10 0
224.463 7.03876e-12 7.03854e-12 2.13012e-16 3.02627e-05 7.47258e-05 5.58879e-11 0 1.02213e-10 0 1.75619e-10 0 2.3478e-10 0 2.85338e-10 0 3.3001e-10 0 3.70278e-10 0 4.07469e-10 0 4.41819e-10 0 4.7382e-10 0 5.03633e-10 0 5.32073e-10 0 5.58961e-10 0 5.84715e-10 0 6.09221e-10 0 6.32975e-10 0 6.55302e-10 0 6.77348e-10 0 6.98459e-10 0 7.18581e-10 0 7.38305e-10 0
235.984 6.35979e-12 6.35962e-12 1.74323e-16 2.74102e-05 6.76933e-05 5.16821e-11 0 9.18561e-11 0 1.53896e-10 0 2.03024e-10 0 2.44582e-10 0 2.81041e-10 0 3.13732e-10 0 3.43797e-10 0 3.71467e-10 0 3.97169e-10 0 4.21052e-10 0 4.43784e-10 0 4.65234e-10 0 4.85742e-10 0 5.05225e-10 0 5.24081e-10 0 5.41782e-10 0 5.59238e-10 0 5.75934e-10 0 5.91831e-10 0 6.07398e-10 0
248.097 5.72232e-12 5.72218e-12 1.42784e-16 2.49522e-05 6.13652e-05 4.6978e-11 0 8.12666e-11 0 1.32951e-10 0 1.7321e-10 0 2.0694e-10 0 2.36339e-10 0 2.62567e-10 0 2.86594e-10 0 3.08634e-10 0 3.29051e-10 0 3.47978e-10 0 3.65955e-10 0 3.82888e-10 0 3.99049e-10 0 4.1438e-10 0 4.29198e-10 0 4.43091e-10 0 4.56776e-10 0 4.6985e-10 0 4.82287e-10 0 4.94454e-10 0
260.832 5.09215e-12 5.09203e-12 1.16896e-16 2.29561e-05 5.55945e-05 4.17161e-11 0 7.03413e-11 0 1.12521e-10 0 1.44872e-10 0 1.71737e-10 0 1.95008e-10 0 2.15674e-10 0 2.34536e-10 0 2.51786e-10 0 2.67725e-10 0 2.82468e-10 0 2.96445e-10 0 3.09587e-10 0 3.22112e-10 0 3.33976e-10 0 3.45429e-10 0 3.56154e-10 0 3.66708e-10 0 3.76781e-10 0 3.86354e-10 0 3.95712e-10 0
274.221 4.52419e-12 4.5241e-12 9.56456e-17 2.11409e-05 5.03315e-05 3.65566e-11 0 6.01695e-11 0 9.42314e-11 0 1.19982e-10 0 1.41189e-10 0 1.59455e-10 0 1.75607e-10 0 1.90298e-10 0 2.03697e-10 0 2.16047e-10 0 2.27448e-10 0 2.38238e-10 0 2.48366e-10 0 2.58006e-10 0 2.67125e-10 0 2.75919e-10 0 2.84144e-10 0 2.92231e-10 0 2.99942e-10 0 3.07263e-10 0 3.14415e-10 0
288.297 4.03985e-12 4.03977e-12 7.82246e-17 1.93633e-05 4.5535e-05 3.18444e-11 0 5.12313e-11 0 7.86467e-11 0 9.90959e-11 0 1.15807e-10 0 1.30125e-10 0 1.42735e-10 0 1.54169e-10 0 1.6457e-10 0 1.74137e-10 0 1.82951e-10 0 1.91279e-10 0 1.99086e-10 0 2.06506e-10 0 2.13518e-10 0 2.20271e-10 0 2.26582e-10 0 2.32781e-10 0 2.38687e-10 0 2.44291e-10 0 2.4976e-10 0
303.095 3.60059e-12 3.60052e-12 6.40146e-17 1.77789e-05 4.11982e-05 2.74012e-11 0 4.31445e-11 0 6.49982e-11 0 8.1096e-11 0 9.41575e-11 0 1.05293e-10 0 1.15065e-10 0 1.239e-10 0 1.31918e-10 0 1.39277e-10 0 1.46046e-10 0 1.52432e-10 0 1.5841e-10 0 1.64085e-10 0 1.69442e-10 0 1.74597e-10 0 1.79409e-10 0 1.84132e-10 0 1.88629e-10 0 1.92892e-10 0 1.97051e-10 0
318.653 3.24162e-12 3.24157e-12 5.23725e-17 1.61563e-05 3.72642e-05 2.35845e-11 0 3.63891e-11 0 5.38591e-11 0 6.65788e-11 0 7.68311e-11 0 8.55324e-11 0 9.31424e-11 0 1.00004e-10 0 1.06217e-10 0 1.11909e-10 0 1.17137e-10 0 1.22062e-10 0 1.26666e-10 0 1.31033e-10 0 1.3515e-10 0 1.39109e-10 0 1.42802e-10 0 1.46423e-10 0 1.49868e-10 0 1.53133e-10 0 1.56315e-10 0
335.009 2.89961e-12 2.89956e-12 4.28352e-17 1.47728e-05 3.37024e-05 1.99826e-11 0 3.02481e-11 0 4.40306e-11 0 5.39576e-11 0 6.19101e-11 0 6.86313e-11 0 7.44912e-11 0 7.97619e-11 0 8.45245e-11 0 8.88806e-11 0 9.28752e-11 0 9.66337e-11 0 1.00144e-10 0 1.03469e-10 0 1.06602e-10 0 1.09611e-10 0 1.12416e-10 0 1.15165e-10 0 1.17779e-10 0 1.20254e-10 0 1.22665e-10 0
352.205 2.58642e-12 2.58639e-12 3.50416e-17 1.35483e-05 3.04817e-05 1.6737e-11 0 2.48834e-11 0 3.56589e-11 0 4.33428e-11 0 4.94636e-11 0 5.46168e-11 0 5.90968e-11 0 6.31171e-11 0 6.67431e-11 0 7.00544e-11 0 7.30869e-11 0 7.59367e-11 0 7.85955e-11 0 8.11119e-11 0 8.34807e-11 0 8.57543e-11 0 8.78724e-11 0 8.99466e-11 0 9.19175e-11 0 9.37828e-11 0 9.55991e-11 0
370.284 2.33761e-12 2.33758e-12 2.86756e-17 1.2267e-05 2.75693e-05 1.4088e-11 0 2.05935e-11 0 2.90804e-11 0 3.50767e-11 0 3.98282e-11 0 4.38145e-11 0 4.72708e-11 0 5.03661e-11 0 5.31529e-11 0 5.56942e-11 0 5.80187e-11 0 6.02009e-11 0 6.22348e-11 0 6.41581e-11 0 6.59673e-11 0 6.77025e-11 0 6.9318e-11 0 7.08991e-11 0 7.24006e-11 0 7.3821e-11 0 7.52035e-11 0
389.291 2.10092e-12 2.10089e-12 2.34595e-17 1.11663e-05 2.49325e-05 1.17011e-11 0 1.68345e-11 0 2.3446e-11 0 2.80776e-11 0 3.17302e-11 0 3.47845e-11 0 3.74263e-11 0 3.97876e-11 0 4.19103e-11 0 4.38434e-11 0 4.56096e-11 0 4.7266e-11 0 4.88086e-11 0 5.02661e-11 0 5.16362e-11 0 5.29494e-11 0 5.41713e-11 0 5.53666e-11 0 5.65011e-11 0 5.75739e-11 0 5.86175e-11 0
409.273 1.89517e-12 1.89515e-12 1.91873e-17 1.01243e-05 2.25452e-05 9.68394e-12 0 1.37255e-11 0 1.88698e-11 0 2.24452e-11 0 2.52525e-11 0 2.75929e-11 0 2.96128e-11 0 3.1415e-11 0 3.30327e-11 0 3.45042e-11 0 3.58472e-11 0 3.71057e-11 0 3.82767e-11 0 3.93824e-11 0 4.0421e-11 0 4.1416e-11 0 4.23413e-11 0 4.32459e-11 0 4.41043e-11 0 4.49155e-11 0 4.57044e-11 0
430.281 1.71695e-12 1.71693e-12 1.57012e-17 9.14484e-06 2.03886e-05 7.99431e-12 0 1.11727e-11 0 1.51744e-11 0 1.79356e-11 0 2.00948e-11 0 2.189e-11 0 2.34361e-11 0 2.48134e-11 0 2.60481e-11 0 2.717e-11 0 2.8193e-11 0 2.91507e-11 0 3.00412e-11 0 3.08815e-11 0 3.16704e-11 0 3.24258e-11 0 3.31279e-11 0 3.3814e-11 0 3.44647e-11 0 3.50795e-11 0 3.56772e-11 0
452.368 1.55119e-12 1.55117e-12 1.28477e-17 8.28253e-06 1.8438e-05 6.53913e-12 0 9.01925e-12 0 1.21106e-11 0 1.42294e-11 0 1.58802e-11 0 1.72492e-11 0 1.84261e-11 0 1.94729e-11 0 2.04102e-11 0 2.1261e-11 0 2.20362e-11 0 2.27613e-11 0 2.34351e-11 0 2.40706e-11 0 2.46668e-11 0 2.52374e-11 0 2.57676e-11 0 2.62855e-11 0 2.67764e-11 0 2.72401e-11 0 2.76908e-11 0
475.588 1.41253e-12 1.41252e-12 1.05115e-17 7.44158e-06 1.66751e-05 5.35881e-12 0 7.30036e-12 0 9.6981e-12 0 1.13315e-11 0 1.25998e-11 0 1.36492e-11 0 1.45497e-11 0 1.53497e-11 0 1.60652e-11 0 1.67141e-11 0 1.73047e-11 0 1.78569e-11 0 1.83697e-11 0 1.88531e-11 0 1.93064e-11 0 1.974e-11 0 2.01427e-11 0 2.0536e-11 0 2.09087e-11 0 2.12605e-11 0 2.16024e-11 0
500 1.28069e-12 1.28068e-12 8.59864e-18 6.7141e-06 1.50797e-05 4.34779e-12 0 5.85465e-12 0 7.69982e-12 0 8.94981e-12 0 9.9173e-12 0 1.07161e-11 0 1.14006e-11 0 1.20079e-11 0 1.25505e-11 0 1.30422e-11 0 1.34894e-11 0 1.39073e-11 0 1.42951e-11 0 1.46605e-11 0 1.5003e-11 0 1.53306e-11 0 1.56346e-11 0 1.59314e-11 0 1.62126e-11 0 1.6478e-11 0 1.67358e-11 0
525.665 1.1701e-12 1.17009e-12 7.0391e-18 6.01583e-06 1.36418e-05 3.53589e-12 0 4.70977e-12 0 6.13605e-12 0 7.0973e-12 0 7.8392e-12 0 8.45059e-12 0 8.97372e-12 0 9.43733e-12 0 9.85118e-12 0 1.02259e-11 0 1.05665e-11 0 1.08846e-11 0 1.11797e-11 0 1.14575e-11 0 1.17179e-11 0 1.19668e-11 0 1.21977e-11 0 1.24231e-11 0 1.26366e-11 0 1.2838e-11 0 1.30336e-11 0
552.648 1.06669e-12 1.06669e-12 5.7608e-18 5.40061e-06 1.23399e-05 2.85499e-12 0 3.76416e-12 0 4.86095e-12 0 5.59667e-12 0 6.16302e-12 0 6.62893e-12 0 7.02707e-12 0 7.37954e-12 0 7.69392e-12 0 7.97836e-12 0 8.23679e-12 0 8.47798e-12 0 8.70162e-12 0 8.91212e-12 0 9.10931e-12 0 9.29772e-12 0 9.47252e-12 0 9.64306e-12 0 9.80455e-12 0 9.95688e-12 0 1.01048e-11 0
581.015 9.77044e-13 9.7704e-13 4.71343e-18 4.82418e-06 1.11612e-05 2.30534e-12 0 3.0105e-12 0 3.85562e-12 0 4.4201e-12 0 4.85359e-12 0 5.20964e-12 0 5.51353e-12 0 5.78231e-12 0 6.02187e-12 0 6.23848e-12 0 6.43516e-12 0 6.61864e-12 0 6.78871e-12 0 6.94872e-12 0 7.09856e-12 0 7.24168e-12 0 7.37443e-12 0 7.50392e-12 0 7.62649e-12 0 7.7421e-12 0 7.85432e-12 0
610.839 8.94099e-13 8.94095e-13 3.85749e-18 4.31439e-06 1.00966e-05 1.85166e-12 0 2.39642e-12 0 3.0454e-12 0 3.47718e-12 0 3.80804e-12 0 4.0794e-12 0 4.31076e-12 0 4.51522e-12 0 4.69732e-12 0 4.86187e-12 0 5.01122e-12 0 5.15049e-12 0 5.27951e-12 0 5.40088e-12 0 5.51449e-12 0 5.62298e-12 0 5.72358e-12 0 5.82169e-12 0 5.91454e-12 0 6.00209e-12 0 6.08706e-12 0
642.193 8.20609e-13 8.20606e-13 3.1581e-18 3.84848e-06 9.13558e-06 1.48553e-12 0 1.90644e-12 0 2.40516e-12 0 2.73576e-12 0 2.98861e-12 0 3.1957e-12 0 3.37209e-12 0 3.52785e-12 0 3.66649e-12 0 3.79171e-12 0 3.90531e-12 0 4.01119e-12 0 4.10926e-12 0 4.20148e-12 0 4.28778e-12 0 4.37017e-12 0 4.44655e-12 0 4.52102e-12 0 4.59148e-12 0 4.65792e-12 0 4.72239e-12 0
675.157 7.54484e-13 7.54481e-13 2.58483e-18 3.42596e-06 8.26541e-06 1.1893e-12 0 1.51427e-12 0 1.89738e-12 0 2.15053e-12 0 2.34378e-12 0 2.50187e-12 0 2.63641e-12 0 2.75513e-12 0 2.86074e-12 0 2.95608e-12 0 3.04253e-12 0 3.12309e-12 0 3.19768e-12 0 3.26779e-12 0 3.33339e-12 0 3.39601e-12 0 3.45405e-12 0 3.51062e-12 0 3.56414e-12 0 3.61459e-12 0 3.66354e-12 0
709.813 6.94973e-13 6.94971e-13 2.11509e-18 3.04341e-06 7.47749e-06 9.50465e-13 0 1.20124e-12 0 1.49554e-12 0 1.68943e-12 0 1.8372e-12 0 1.95795e-12 0 2.06062e-12 0 2.15117e-12 0 2.23168e-12 0 2.30432e-12 0 2.37017e-12 0 2.43151e-12 0 2.48829e-12 0 2.54165e-12 0 2.59156e-12 0 2.63919e-12 0 2.68333e-12 0 2.72635e-12 0 2.76705e-12 0 2.8054e-12 0 2.8426e-12 0
746.248 6.4071e-13 6.40708e-13 1.73162e-18 2.70266e-06 6.7657e-06 7.57679e-13 0 9.50957e-13 0 1.17684e-12 0 1.32525e-12 0 1.43819e-12 0 1.53039e-12 0 1.60873e-12 0 1.67778e-12 0 1.73914e-12 0 1.79448e-12 0 1.84464e-12 0 1.89134e-12 0 1.93456e-12 0 1.97517e-12 0 2.01314e-12 0 2.04938e-12 0 2.08295e-12 0 2.11566e-12 0 2.1466e-12 0 2.17576e-12 0 2.20405e-12 0
784.553 5.91377e-13 5.91375e-13 1.41756e-18 2.39705e-06 6.12151e-06 6.02785e-13 0 7.51636e-13 0 9.24942e-13 0 1.03852e-12 0 1.12484e-12 0 1.19525e-12 0 1.25503e-12 0 1.30769e-12 0 1.35446e-12 0 1.39664e-12 0 1.43485e-12 0 1.47042e-12 0 1.50333e-12 0 1.53425e-12 0 1.56316e-12 0 1.59073e-12 0 1.61628e-12 0 1.64117e-12 0 1.6647e-12 0 1.68688e-12 0 1.70839e-12 0
824.824 5.46261e-13 5.4626e-13 1.16024e-18 2.12397e-06 5.53891e-06 4.78497e-13 0 5.93019e-13 0 7.25897e-13 0 8.12787e-13 0 8.7874e-13 0 9.32488e-13 0 9.78098e-13 0 1.01826e-12 0 1.05392e-12 0 1.08606e-12 0 1.11517e-12 0 1.14226e-12 0 1.16732e-12 0 1.19086e-12 0 1.21286e-12 0 1.23385e-12 0 1.25329e-12 0 1.27223e-12 0 1.29014e-12 0 1.30701e-12 0 1.32337e-12 0
867.163 5.0408e-13 5.04079e-13 9.4956e-19 1.88375e-06 5.0119e-06 3.78394e-13 0 4.66275e-13 0 5.67921e-13 0 6.34252e-13 0 6.84545e-13 0 7.25499e-13 0 7.60234e-13 0 7.90803e-13 0 8.17938e-13 0 8.42389e-13 0 8.64528e-13 0 8.85129e-13 0 9.04181e-13 0 9.22071e-13 0 9.38794e-13 0 9.54742e-13 0 9.69512e-13 0 9.83899e-13 0 9.97502e-13 0 1.01032e-12 0 1.02274e-12 0
911.674 4.64637e-13 4.64636e-13 7.77611e-19 1.67359e-06 4.53602e-06 2.98117e-13 0 3.6538e-13 0 4.42957e-13 0 4.93488e-13 0 5.31761e-13 0 5.62907e-13 0 5.8931e-13 0 6.12537e-13 0 6.33148e-13 0 6.51715e-13 0 6.68523e-13 0 6.8416e-13 0 6.98619e-13 0 7.12194e-13 0 7.24881e-13 0 7.36979e-13 0 7.48183e-13 0 7.59094e-13 0 7.69409e-13 0 7.79126e-13 0 7.88547e-13 0
958.471 4.28823e-13 4.28822e-13 6.36691e-19 1.48474e-06 4.10574e-06 2.34589e-13 0 2.86068e-13 0 3.45287e-13 0 3.83796e-13 0 4.12936e-13 0 4.36634e-13 0 4.56715e-13 0 4.74374e-13 0 4.90039e-13 0 5.04148e-13 0 5.16917e-13 0 5.28795e-13 0 5.39775e-13 0 5.50084e-13 0 5.59717e-13 0 5.68901e-13 0 5.77405e-13 0 5.85687e-13 0 5.93516e-13 0 6.0089e-13 0 6.08039e-13 0
1007.67 3.95195e-13 3.95194e-13 5.2116e-19 1.31874e-06 3.71591e-06 1.83906e-13 0 2.232e-13 0 2.68296e-13 0 2.97576e-13 0 3.19714e-13 0 3.37708e-13 0 3.52948e-13 0 3.66346e-13 0 3.78229e-13 0 3.88928e-13 0 3.9861e-13 0 4.07614e-13 0 4.15937e-13 0 4.2375e-13 0 4.31049e-13 0 4.38008e-13 0 4.44451e-13 0 4.50726e-13 0 4.56656e-13 0 4.62241e-13 0 4.67656e-13 0
1059.39 3.65581e-13 3.65581e-13 4.26654e-19 1.16706e-06 3.36276e-06 1.44404e-13 0 1.74478e-13 0 2.08918e-13 0 2.31248e-13 0 2.48119e-13 0 2.61825e-13 0 2.73428e-13 0 2.83627e-13 0 2.92669e-13 0 3.0081e-13 0 3.08175e-13 0 3.15024e-13 0 3.21353e-13 0 3.27294e-13 0 3.32844e-13 0 3.38135e-13 0 3.43033e-13 0 3.47802e-13 0 3.52309e-13 0 3.56554e-13 0 3.60669e-13 0
1113.77 3.37431e-13 3.37431e-13 3.49363e-19 1.03536e-06 3.04332e-06 1.12904e-13 0 1.35846e-13 0 1.62069e-13 0 1.7905e-13 0 1.9187e-13 0 2.0228e-13 0 2.11091e-13 0 2.18833e-13 0 2.25695e-13 0 2.31872e-13 0 2.3746e-13 0 2.42655e-13 0 2.47456e-13 0 2.51962e-13 0 2.56171e-13 0 2.60183e-13 0 2.63896e-13 0 2.67512e-13 0 2.70929e-13 0 2.74147e-13 0 2.77266e-13 0
1170.94 3.10646e-13 3.10645e-13 2.8599e-19 9.20631e-07 2.75412e-06 8.78785e-14 0 1.0532e-13 0 1.2522e-13 0 1.38091e-13 0 1.47803e-13 0 1.55686e-13 0 1.62356e-13 0 1.68214e-13 0 1.73407e-13 0 1.7808e-13 0 1.82307e-13 0 1.86236e-13 0 1.89867e-13 0 1.93274e-13 0 1.96456e-13 0 1.99489e-13 0 2.02297e-13 0 2.0503e-13 0 2.07613e-13 0 2.10046e-13 0 2.12403e-13 0
1231.05 2.85906e-13 2.85906e-13 2.34093e-19 8.18777e-07 2.49283e-06 6.82581e-14 0 8.15029e-14 0 9.65903e-14 0 1.06339e-13 0 1.1369e-13 0 1.19655e-13 0 1.247e-13 0 1.29131e-13 0 1.33058e-13 0 1.36591e-13 0 1.39786e-13 0 1.42756e-13 0 1.455e-13 0 1.48075e-13 0 1.50479e-13 0 1.52771e-13 0 1.54893e-13 0 1.56958e-13 0 1.58909e-13 0 1.60747e-13 0 1.62527e-13 0
1294.24 2.64445e-13 2.64445e-13 1.91707e-19 7.24941e-07 2.25626e-06 5.31918e-14 0 6.32921e-14 0 7.47809e-14 0 8.21972e-14 0 8.77869e-14 0 9.23207e-14 0 9.61548e-14 0 9.95213e-14 0 1.02504e-13 0 1.05188e-13 0 1.07614e-13 0 1.09869e-13 0 1.11953e-13 0 1.13908e-13 0 1.15734e-13 0 1.17473e-13 0 1.19084e-13 0 1.20651e-13 0 1.22132e-13 0 1.23527e-13 0 1.24879e-13 0
1360.67 2.4426e-13 2.4426e-13 1.5697e-19 6.42635e-07 2.04222e-06 4.13285e-14 0 4.90151e-14 0 5.77469e-14 0 6.33786e-14 0 6.76214e-14 0 7.10616e-14 0 7.39701e-14 0 7.65235e-14 0 7.87855e-14 0 8.08204e-14 0 8.26601e-14 0 8.437e-14 0 8.59495e-14 0 8.74313e-14 0 8.88151e-14 0 9.01338e-14 0 9.13542e-14 0 9.25422e-14 0 9.36646e-14 0 9.47214e-14 0 9.57456e-14 0
1430.51 2.25059e-13 2.25059e-13 1.28496e-19 5.70944e-07 1.84813e-06 3.19838e-14 0 3.78155e-14 0 4.44322e-14 0 4.86965e-14 0 5.19077e-14 0 5.45108e-14 0 5.67111e-14 0 5.86424e-14 0 6.03531e-14 0 6.18918e-14 0 6.32829e-14 0 6.45756e-14 0 6.57698e-14 0 6.68899e-14 0 6.7936e-14 0 6.89327e-14 0 6.98552e-14 0 7.0753e-14 0 7.16013e-14 0 7.24e-14 0 7.3174e-14 0
1503.94 2.0695e-13 2.0695e-13 1.05179e-19 5.08235e-07 1.6727e-06 2.46675e-14 0 2.90805e-14 0 3.40822e-14 0 3.73034e-14 0 3.97281e-14 0 4.16932e-14 0 4.33538e-14 0 4.48113e-14 0 4.61021e-14 0 4.72631e-14 0 4.83125e-14 0 4.92877e-14 0 5.01885e-14 0 5.10334e-14 0 5.18223e-14 0 5.25741e-14 0 5.32697e-14 0 5.39468e-14 0 5.45865e-14 0 5.51888e-14 0 5.57725e-14 0
1581.14 1.91898e-13 1.91898e-13 8.61359e-20 4.48862e-07 1.51394e-06 1.91593e-14 0 2.25251e-14 0 2.63362e-14 0 2.8789e-14 0 3.06348e-14 0 3.21302e-14 0 3.33939e-14 0 3.45027e-14 0 3.54846e-14 0 3.63677e-14 0 3.71659e-14 0 3.79076e-14 0 3.85926e-14 0 3.92351e-14 0 3.98351e-14 0 4.04067e-14 0 4.09356e-14 0 4.14505e-14 0 4.19368e-14 0 4.23947e-14 0 4.28385e-14 0
1662.3 1.77598e-13 1.77597e-13 7.05212e-20 3.97084e-07 1.37001e-06 1.48338e-14 0 1.73948e-14 0 2.02921e-14 0 2.21557e-14 0 2.35576e-14 0 2.46932e-14 0 2.56526e-14 0 2.64944e-14 0 2.72398e-14 0 2.79101e-14 0 2.85159e-14 0 2.90788e-14 0 2.95986e-14 0 3.00862e-14 0 3.05414e-14 0 3.09752e-14 0 3.13765e-14 0 3.17671e-14 0 3.21362e-14 0 3.24836e-14 0 3.28202e-14 0
1747.63 1.63991e-13 1.63991e-13 5.77217e-20 3.5198e-07 1.23983e-06 1.14454e-14 0 1.33889e-14 0 1.55857e-14 0 1.6998e-14 0 1.80601e-14 0 1.89203e-14 0 1.9647e-14 0 2.02845e-14 0 2.08489e-14 0 2.13564e-14 0 2.18151e-14 0 2.22413e-14 0 2.26348e-14 0 2.30039e-14 0 2.33485e-14 0 2.36768e-14 0 2.39806e-14 0 2.42763e-14 0 2.45556e-14 0 2.48185e-14 0 2.50733e-14 0
1837.33 1.51062e-13 1.51062e-13 4.72576e-20 3.12836e-07 1.12222e-06 8.79997e-15 0 1.02707e-14 0 1.19318e-14 0 1.29993e-14 0 1.38019e-14 0 1.44518e-14 0 1.50007e-14 0 1.54822e-14 0 1.59085e-14 0 1.62918e-14 0 1.66381e-14 0 1.69599e-14 0 1.72571e-14 0 1.75358e-14 0 1.7796e-14 0 1.80439e-14 0 1.82733e-14 0 1.84965e-14 0 1.87074e-14 0 1.89059e-14 0 1.90982e-14 0
1931.64 1.38773e-13 1.38773e-13 3.8699e-20 2.78865e-07 1.0156e-06 6.74053e-15 0 7.85004e-15 0 9.10243e-15 0 9.90688e-15 0 1.05116e-14 0 1.10011e-14 0 1.14146e-14 0 1.17772e-14 0 1.20983e-14 0 1.23869e-14 0 1.26477e-14 0 1.289e-14 0 1.31138e-14 0 1.33236e-14 0 1.35195e-14 0 1.37062e-14 0 1.38788e-14 0 1.40469e-14 0 1.42056e-14 0 1.43551e-14 0 1.44999e-14 0
2030.79 1.2759e-13 1.2759e-13 3.16808e-20 2.48301e-07 9.19183e-07 5.16224e-15 0 5.99971e-15 0 6.94446e-15 0 7.55107e-15 0 8.00694e-15 0 8.37597e-15 0 8.6876e-15 0 8.96092e-15 0 9.20286e-15 0 9.42037e-15 0 9.61691e-15 0 9.79949e-15 0 9.96808e-15 0 1.01262e-14 0 1.02738e-14 0 1.04144e-14 0 1.05445e-14 0 1.06711e-14 0 1.07907e-14 0 1.09033e-14 0 1.10123e-14 0
2135.03 1.18084e-13 1.18084e-13 2.59268e-20 2.19562e-07 8.31824e-07 3.97597e-15 0 4.61211e-15 0 5.32935e-15 0 5.78971e-15 0 6.13561e-15 0 6.41559e-15 0 6.65199e-15 0 6.85931e-15 0 7.04282e-15 0 7.20779e-15 0 7.35686e-15 0 7.49533e-15 0 7.62318e-15 0 7.74308e-15 0 7.85501e-15 0 7.96164e-15 0 8.06029e-15 0 8.15629e-15 0 8.24698e-15 0 8.33234e-15 0 8.41505e-15 0
2244.63 1.09056e-13 1.09056e-13 2.12305e-20 1.94676e-07 7.52658e-07 3.05314e-15 0 3.53521e-15 0 4.07846e-15 0 4.42703e-15 0 4.6889e-15 0 4.90083e-15 0 5.07976e-15 0 5.23667e-15 0 5.37555e-15 0 5.5004e-15 0 5.6132e-15 0 5.71798e-15 0 5.81473e-15 0 5.90546e-15 0 5.99015e-15 0 6.07083e-15 0 6.14547e-15 0 6.21811e-15 0 6.28672e-15 0 6.3513e-15 0 6.41388e-15 0
2359.84 1.00467e-13 1.00467e-13 1.73825e-20 1.73018e-07 6.81003e-07 2.33674e-15 0 2.70106e-15 0 3.11143e-15 0 3.37466e-15 0 3.57239e-15 0 3.73239e-15 0 3.86747e-15 0 3.98592e-15 0 4.09076e-15 0 4.18499e-15 0 4.27014e-15 0 4.34922e-15 0 4.42224e-15 0 4.49071e-15 0 4.55463e-15 0 4.61552e-15 0 4.67185e-15 0 4.72667e-15 0 4.77844e-15 0 4.82718e-15 0 4.8744e-15 0
2480.97 9.23387e-14 9.23386e-14 1.42282e-20 1.54087e-07 6.16342e-07 1.78288e-15 0 2.05751e-15 0 2.36673e-15 0 2.56503e-15 0 2.71396e-15 0 2.83447e-15 0 2.93619e-15 0 3.02539e-15 0 3.10433e-15 0 3.17529e-15 0 3.2394e-15 0 3.29895e-15 0 3.35393e-15 0 3.40548e-15 0 3.4536e-15 0 3.49944e-15 0 3.54185e-15 0 3.58312e-15 0 3.6221e-15 0 3.65879e-15 0 3.69434e-15 0
2608.32 8.54197e-14 8.54197e-14 1.16463e-20 1.36342e-07 5.57728e-07 1.36813e-15 0 1.57646e-15 0 1.81094e-15 0 1.96127e-15 0 2.07417e-15 0 2.1655e-15 0 2.2426e-15 0 2.31021e-15 0 2.37003e-15 0 2.4238e-15 0 2.47239e-15 0 2.51751e-15 0 2.55917e-15 0 2.59823e-15 0 2.6347e-15 0 2.66943e-15 0 2.70157e-15 0 2.73284e-15 0 2.76237e-15 0 2.79017e-15 0 2.81711e-15 0
2742.21 7.88803e-14 7.88803e-14 9.53794e-21 1.20917e-07 5.05021e-07 1.04729e-15 0 1.20501e-15 0 1.38248e-15 0 1.49624e-15 0 1.58165e-15 0 1.65076e-15 0 1.70908e-15 0 1.76022e-15 0 1.80548e-15 0 1.84615e-15 0 1.8829e-15 0 1.91703e-15 0 1.94854e-15 0 1.97809e-15 0 2.00567e-15 0 2.03194e-15 0 2.05624e-15 0 2.07989e-15 0 2.10223e-15 0 2.12326e-15 0 2.14363e-15 0
2882.97 7.266e-14 7.26599e-14 7.80924e-21 1.07477e-07 4.57273e-07 7.9916e-16 0 9.18259e-16 0 1.05223e-15 0 1.13809e-15 0 1.20255e-15 0 1.25469e-15 0 1.2987e-15 0 1.33729e-15 0 1.37143e-15 0 1.40212e-15 0 1.42985e-15 0 1.4556e-15 0 1.47937e-15 0 1.50166e-15 0 1.52247e-15 0 1.54229e-15 0 1.56062e-15 0 1.57846e-15 0 1.59531e-15 0 1.61118e-15 0 1.62654e-15 0
3030.95 6.69022e-14 6.69022e-14 6.39204e-21 9.55431e-08 4.13323e-07 6.09185e-16 0 6.99068e-16 0 8.00145e-16 0 8.64913e-16 0 9.13532e-16 0 9.52862e-16 0 9.86055e-16 0 1.01516e-15 0 1.04091e-15 0 1.06405e-15 0 1.08496e-15 0 1.10437e-15 0 1.1223e-15 0 1.13911e-15 0 1.1548e-15 0 1.16975e-15 0 1.18357e-15 0 1.19702e-15 0 1.20973e-15 0 1.22169e-15 0 1.23328e-15 0
3186.53 6.20309e-14 6.20309e-14 5.233e-21 8.43612e-08 3.74515e-07 4.6734e-16 0 5.35639e-16 0 6.12425e-16 0 6.61619e-16 0 6.98546e-16 0 7.28414e-16 0 7.53621e-16 0 7.7572e-16 0 7.95274e-16 0 8.12848e-16 0 8.28724e-16 0 8.43469e-16 0 8.57081e-16 0 8.69844e-16 0 8.81757e-16 0 8.93105e-16 0 9.03602e-16 0 9.13816e-16 0 9.23464e-16 0 9.32545e-16 0 9.41342e-16 0
3350.09 5.74001e-14 5.74001e-14 4.28493e-21 7.46501e-08 3.38686e-07 3.57611e-16 0 4.094e-16 0 4.67611e-16 0 5.049e-16 0 5.32887e-16 0 5.55524e-16 0 5.74628e-16 0 5.91375e-16 0 6.06194e-16 0 6.19511e-16 0 6.31542e-16 0 6.42715e-16 0 6.5303e-16 0 6.62701e-16 0 6.71729e-16 0 6.80327e-16 0 6.88281e-16 0 6.96021e-16 0 7.03331e-16 0 7.10212e-16 0 7.16878e-16 0
3522.05 5.29944e-14 5.29944e-14 3.50772e-21 6.61904e-08 3.0686e-07 2.72881e-16 0 3.12057e-16 0 3.56083e-16 0 3.84282e-16 0 4.05445e-16 0 4.22562e-16 0 4.37006e-16 0 4.49668e-16 0 4.60872e-16 0 4.70941e-16 0 4.80036e-16 0 4.88483e-16 0 4.96282e-16 0 5.03593e-16 0 5.10418e-16 0 5.16918e-16 0 5.22932e-16 0 5.28783e-16 0 5.34309e-16 0 5.39511e-16 0 5.4455e-16 0
3702.84 4.88025e-14 4.88025e-14 2.87071e-21 5.8823e-08 2.76769e-07 2.07594e-16 0 2.37151e-16 0 2.70362e-16 0 2.91631e-16 0 3.07592e-16 0 3.205e-16 0 3.31393e-16 0 3.40942e-16 0 3.49391e-16 0 3.56984e-16 0 3.63843e-16 0 3.70213e-16 0 3.76093e-16 0 3.81607e-16 0 3.86753e-16 0 3.91654e-16 0 3.96189e-16 0 4.00601e-16 0 4.04768e-16 0 4.0869e-16 0 4.1249e-16 0
3892.91 4.48214e-14 4.48214e-14 2.35082e-21 5.24485e-08 2.4988e-07 1.57428e-16 0 1.79667e-16 0 2.0465e-16 0 2.20647e-16 0 2.32652e-16 0 2.42361e-16 0 2.50554e-16 0 2.57735e-16 0 2.64089e-16 0 2.69799e-16 0 2.74957e-16 0 2.79748e-16 0 2.8417e-16 0 2.88316e-16 0 2.92186e-16 0 2.95872e-16 0 2.99282e-16 0 3.02599e-16 0 3.05733e-16 0 3.08682e-16 0 3.1154e-16 0
4092.73 4.12842e-14 4.12841e-14 1.92475e-21 4.6622e-08 2.26819e-07 1.19677e-16 0 1.36456e-16 0 1.55303e-16 0 1.6737e-16 0 1.76425e-16 0 1.83748e-16 0 1.89927e-16 0 1.95343e-16 0 2.00135e-16 0 2.04442e-16 0 2.08332e-16 0 2.11945e-16 0 2.1528e-16 0 2.18407e-16 0 2.21325e-16 0 2.24105e-16 0 2.26676e-16 0 2.29178e-16 0 2.31542e-16 0 2.33766e-16 0 2.35921e-16 0
4302.81 3.82046e-14 3.82046e-14 1.57544e-21 4.12369e-08 2.05855e-07 9.13674e-17 0 1.04086e-16 0 1.18369e-16 0 1.27514e-16 0 1.34376e-16 0 1.39925e-16 0 1.44607e-16 0 1.48711e-16 0 1.52342e-16 0 1.55605e-16 0 1.58553e-16 0 1.6129e-16 0 1.63817e-16 0 1.66186e-16 0 1.68398e-16 0 1.70504e-16 0 1.72452e-16 0 1.74348e-16 0 1.76139e-16 0 1.77824e-16 0 1.79456e-16 0
4523.68 3.52759e-14 3.52759e-14 1.28947e-21 3.65538e-08 1.85848e-07 6.95707e-17 0 7.91888e-17 0 8.99895e-17 0 9.6904e-17 0 1.02092e-16 0 1.06287e-16 0 1.09827e-16 0 1.1293e-16 0 1.15675e-16 0 1.18142e-16 0 1.2037e-16 0 1.2244e-16 0 1.2435e-16 0 1.26141e-16 0 1.27813e-16 0 1.29405e-16 0 1.30878e-16 0 1.32311e-16 0 1.33664e-16 0 1.34938e-16 0 1.36172e-16 0
4755.88 3.24936e-14 3.24936e-14 1.05595e-21 3.24971e-08 1.68031e-07 5.28269e-17 0 6.00828e-17 0 6.82299e-17 0 7.34452e-17 0 7.73581e-17 0 8.05222e-17 0 8.31919e-17 0 8.5532e-17 0 8.76023e-17 0 8.94627e-17 0 9.11433e-17 0 9.27039e-17 0 9.41445e-17 0 9.54952e-17 0 9.6756e-17 0 9.79567e-17 0 9.90674e-17 0 1.00148e-16 0 1.01169e-16 0 1.0213e-16 0 1.0306e-16 0
5000 2.98671e-14 2.98671e-14 8.64473e-22 2.8944e-08 1.51021e-07 4.00133e-17 0 4.54752e-17 0 5.16073e-17 0 5.55325e-17 0 5.84773e-17 0 6.08585e-17 0 6.28677e-17 0 6.46287e-17 0 6.61868e-17 0 6.75868e-17 0 6.88515e-17 0 7.00259e-17 0 7.11101e-17 0 7.21265e-17 0 7.30752e-17 0 7.39788e-17 0 7.48146e-17 0 7.56279e-17 0 7.6396e-17 0 7.7119e-17 0 7.78194e-17 0
