# 0.00029854 1 157 : grain size, compostion index, size index
# Heating and cooling timescale: 2.28475e-05 1.73082e+14
# Ratio of heating to cooling to determine stochastic cutoff: 100
# Equilibrium emission is recorded even for those grains in the stochastic regime.
# Emission spectrum was computed for: 
# Type: IRSF
# Scales: 0.25 0.5 1 1.5 2 2.5 3 3.5 4 4.5 5 5.5 6 6.5 7 7.5 8 8.5 9 9.5 10
# StochasticallyHeated: 0 0 0 0 0 0 0 0 0 0 0 0 0 0 0 0 0 0 0 0 0
# Temperature: -1
# Wavelength  CExt  CAbs  CSca  Albedo G EqEm1 StEm1 EqEm2 StEm2 EqEm3 StEm3 EqEm4 StEm4 EqEm5 StEm5 EqEm6 StEm6 EqEm7 StEm7 EqEm8 StEm8 EqEm9 StEm9 EqEm10 StEm10 EqEm11 StEm11 EqEm12 StEm12 EqEm13 StEm13 EqEm14 StEm14 EqEm15 StEm15 EqEm16 StEm16 EqEm17 StEm17 EqEm18 StEm18 EqEm19 StEm19 EqEm20 StEm20 EqEm21 StEm21
0.05 1.43715e-07 6.39525e-08 7.97623e-08 0.555004 0.214695 0 0 0 0 0 0 0 0 0 0 0 0 0 0 0 0 0 0 0 0 0 0 0 0 0 0 0 0 0 0 0 0 0 0 0 0 0 0 0 0 0 0
0.0525665 1.58847e-07 7.06864e-08 8.81609e-08 0.555004 0.237301 0 0 0 0 0 0 0 0 0 0 0 0 0 0 0 0 0 0 0 0 0 0 0 0 0 0 0 0 0 0 0 0 0 0 0 0 0 0 0 0 0 0
0.0552647 1.75573e-07 7.81293e-08 9.74438e-08 0.555004 0.262288 0 0 0 0 0 0 0 0 0 0 0 0 0 0 0 0 0 0 0 0 0 0 0 0 0 0 0 0 0 0 0 0 0 0 0 0 0 0 0 0 0 0
0.0581015 1.9406e-07 8.6356e-08 1.07704e-07 0.555004 0.289905 0 0 0 0 0 0 0 0 0 0 0 0 0 0 0 0 0 0 0 0 0 0 0 0 0 0 0 0 0 0 0 0 0 0 0 0 0 0 0 0 0 0
0.0610839 2.14494e-07 9.54488e-08 1.19045e-07 0.555004 0.320431 0 0 0 0 0 0 0 0 0 0 0 0 0 0 0 0 0 0 0 0 0 0 0 0 0 0 0 0 0 0 0 0 0 0 0 0 0 0 0 0 0 0
0.0642193 2.37079e-07 1.05499e-07 1.3158e-07 0.555004 0.354171 0 0 0 0 0 0 0 0 0 0 0 0 0 0 0 0 0 0 0 0 0 0 0 0 0 0 0 0 0 0 0 0 0 0 0 0 0 0 0 0 0 0
0.0675157 2.62042e-07 1.16608e-07 1.45434e-07 0.555004 0.391463 0 0 0 0 0 0 0 0 0 0 0 0 0 0 0 0 0 0 0 0 0 0 0 0 0 0 0 0 0 0 0 0 0 0 0 0 0 0 0 0 0 0
0.0709813 2.89634e-07 1.28886e-07 1.60748e-07 0.555004 0.432682 0 0 0 0 0 0 0 0 0 0 0 0 0 0 0 0 0 0 0 0 0 0 0 0 0 0 0 0 0 0 0 0 0 0 0 0 0 0 0 0 0 0
0.0746248 3.20131e-07 1.42457e-07 1.77674e-07 0.555004 0.478242 0 0 0 0 0 0 0 0 0 0 0 0 0 0 0 0 0 0 0 0 0 0 0 0 0 0 0 0 0 0 0 0 0 0 0 0 0 0 0 0 0 0
0.0784553 3.53839e-07 1.57457e-07 1.96382e-07 0.555004 0.528598 0 0 0 0 0 0 0 0 0 0 0 0 0 0 0 0 0 0 0 0 0 0 0 0 0 0 0 0 0 0 0 0 0 0 0 0 0 0 0 0 0 0
0.0824824 3.91097e-07 1.74036e-07 2.1706e-07 0.555004 0.584257 0 0 0 0 0 0 0 0 0 0 0 0 0 0 0 0 0 0 0 0 0 0 0 0 0 0 0 0 0 0 0 0 0 0 0 0 0 0 0 0 0 0
0.0867162 4.32277e-07 1.92362e-07 2.39916e-07 0.555004 0.645777 0 0 0 0 0 0 0 0 0 0 0 0 0 0 0 0 0 0 0 0 0 0 0 0 0 0 0 0 0 0 0 0 0 0 0 0 0 0 0 0 0 0
0.0911674 4.77794e-07 2.12616e-07 2.65178e-07 0.555004 0.713774 0 0 0 0 0 0 0 0 0 0 0 0 0 0 0 0 0 0 0 0 0 0 0 0 0 0 0 0 0 0 0 0 0 0 0 0 0 0 0 0 0 0
0.095847 5.28104e-07 2.35004e-07 2.931e-07 0.555004 0.788931 0 0 0 0 0 0 0 0 0 0 0 0 0 0 0 0 0 0 0 0 0 0 0 0 0 0 0 0 0 0 0 0 0 0 0 0 0 0 0 0 0 0
0.100767 5.74926e-07 2.55877e-07 3.19049e-07 0.55494 0.858816 0 0 0 0 0 0 0 0 0 0 0 0 0 0 0 0 0 0 0 0 0 0 0 0 0 0 0 0 0 0 0 0 0 0 0 0 0 0 0 0 0 0
0.105939 5.75404e-07 2.56359e-07 3.19045e-07 0.554471 0.862628 0 0 0 0 0 0 0 0 0 0 0 0 0 0 0 0 0 0 0 0 0 0 0 0 0 0 0 0 0 0 0 0 0 0 0 0 0 0 0 0 0 0
0.111377 5.75874e-07 2.56981e-07 3.18894e-07 0.553756 0.867528 0 0 0 0 0 0 0 0 0 0 0 0 0 0 0 0 0 0 0 0 0 0 0 0 0 0 0 0 0 0 0 0 0 0 0 0 0 0 0 0 0 0
0.117094 5.76351e-07 2.57555e-07 3.18796e-07 0.553128 0.870639 0 0 0 0 0 0 0 0 0 0 0 0 0 0 0 0 0 0 0 0 0 0 0 0 0 0 0 0 0 0 0 0 0 0 0 0 0 0 0 0 0 0
0.123105 5.76816e-07 2.58431e-07 3.18384e-07 0.551969 0.872572 0 0 0 0 0 0 0 0 0 0 0 0 0 0 0 0 0 0 0 0 0 0 0 0 0 0 0 0 0 0 0 0 0 0 0 0 0 0 0 0 0 0
0.129424 5.77287e-07 2.59463e-07 3.17824e-07 0.550547 0.873485 0 0 0 0 0 0 0 0 0 0 0 0 0 0 0 0 0 0 0 0 0 0 0 0 0 0 0 0 0 0 0 0 0 0 0 0 0 0 0 0 0 0
0.136067 5.77772e-07 2.60101e-07 3.17671e-07 0.549821 0.873197 0 0 0 0 0 0 0 0 0 0 0 0 0 0 0 0 0 0 0 0 0 0 0 0 0 0 0 0 0 0 0 0 0 0 0 0 0 0 0 0 0 0
0.143051 5.78266e-07 2.6129e-07 3.16976e-07 0.548149 0.870904 0 0 0 0 0 0 0 0 0 0 0 0 0 0 0 0 0 0 0 0 0 0 0 0 0 0 0 0 0 0 0 0 0 0 0 0 0 0 0 0 0 0
0.150394 5.78808e-07 2.63237e-07 3.1557e-07 0.545208 0.872038 0 0 0 0 0 0 0 0 0 0 0 0 0 0 0 0 0 0 0 0 0 0 0 0 0 0 0 0 0 0 0 0 0 0 0 0 0 0 0 0 0 0
0.158114 5.7944e-07 2.6578e-07 3.13659e-07 0.541315 0.878263 0 0 0 0 0 0 0 0 0 0 0 0 0 0 0 0 0 0 0 0 0 0 0 0 0 0 0 0 0 0 0 0 0 0 0 0 0 0 0 0 0 0
0.16623 5.80176e-07 2.68436e-07 3.1174e-07 0.537319 0.885908 0 0 0 0 0 0 0 0 0 0 0 0 0 0 0 0 0 0 0 0 0 0 0 0 0 0 0 0 0 0 0 0 0 0 0 0 0 0 0 0 0 0
0.174762 5.80937e-07 2.7082e-07 3.10117e-07 0.533821 0.89285 0 0 0 0 0 0 0 0 0 0 0 0 0 0 0 0 0 0 0 0 0 0 0 0 0 0 0 0 0 0 0 0 0 0 0 0 0 0 0 0 0 0
0.183733 5.81687e-07 2.71438e-07 3.10249e-07 0.533361 0.899044 0 0 0 0 0 0 0 0 0 0 0 0 0 0 0 0 0 0 0 0 0 0 0 0 0 0 0 0 0 0 0 0 0 0 0 0 0 0 0 0 0 0
0.193164 5.83995e-07 2.64535e-07 3.19459e-07 0.547024 0.904289 0 0 0 0 0 0 0 0 0 0 0 0 0 0 0 0 0 0 0 0 0 0 0 0 0 0 0 0 0 0 0 0 0 0 0 0 0 0 0 0 0 0
0.203079 5.84405e-07 2.65501e-07 3.18904e-07 0.54569 0.908733 0 0 0 0 0 0 0 0 0 0 0 0 0 0 0 0 0 0 0 0 0 0 0 0 0 0 0 0 0 0 0 0 0 0 0 0 0 0 0 0 0 0
0.213503 5.83982e-07 2.69017e-07 3.14965e-07 0.539341 0.912618 0 0 0 0 0 0 0 0 0 0 0 0 0 0 0 0 0 0 0 0 0 0 0 0 0 0 0 0 0 0 0 0 0 0 0 0 0 0 0 0 0 0
0.224463 5.83687e-07 2.71579e-07 3.12108e-07 0.534718 0.915796 0 0 0 0 0 0 0 0 0 0 0 0 0 0 0 0 0 0 0 0 0 0 0 0 0 0 0 0 0 0 0 0 0 0 0 0 0 0 0 0 0 0
0.235984 5.83509e-07 2.74127e-07 3.09382e-07 0.53021 0.918192 0 0 0 0 0 0 0 0 0 0 0 0 0 0 0 0 0 0 0 0 0 0 0 0 0 0 0 0 0 0 0 0 0 0 0 0 0 0 0 0 0 0
0.248097 5.83529e-07 2.76318e-07 3.07211e-07 0.526471 0.92004 0 0 0 0 0 0 0 0 0 0 0 0 0 0 0 0 0 0 0 0 0 0 0 0 0 0 0 0 0 0 0 0 0 0 0 0 0 0 0 0 0 0
0.260832 5.83816e-07 2.78106e-07 3.0571e-07 0.523641 0.921429 0 0 0 0 0 0 0 0 0 0 0 0 0 0 0 0 0 0 0 0 0 0 0 0 0 0 0 0 0 0 0 0 0 0 0 0 0 0 0 0 0 0
0.274221 5.84298e-07 2.79549e-07 3.04749e-07 0.521564 0.922531 0 0 0 0 0 0 0 0 0 0 0 0 0 0 0 0 0 0 0 0 0 0 0 0 0 0 0 0 0 0 0 0 0 0 0 0 0 0 0 0 0 0
0.288297 5.84937e-07 2.80716e-07 3.04221e-07 0.520091 0.923425 0 0 0 0 0 0 0 0 0 0 0 0 0 0 0 0 0 0 0 0 0 0 0 0 0 0 0 0 0 0 0 0 0 0 0 0 0 0 0 0 0 0
0.303095 5.85678e-07 2.81693e-07 3.03985e-07 0.519031 0.92412 0 0 0 0 0 0 0 0 0 0 0 0 0 0 0 0 0 0 0 0 0 0 0 0 0 0 0 0 0 0 0 0 0 0 0 0 0 0 0 0 0 0
0.318653 5.86533e-07 2.82538e-07 3.03996e-07 0.518292 0.924584 0 0 0 0 0 0 0 0 0 0 0 0 0 0 0 0 0 0 0 0 0 0 0 0 0 0 0 0 0 0 0 0 0 0 0 0 0 0 0 0 0 0
0.335009 5.87475e-07 2.83299e-07 3.04176e-07 0.517769 0.924825 0 0 0 0 0 0 0 0 0 0 0 0 0 0 0 0 0 0 0 0 0 0 0 0 0 0 0 0 0 0 0 0 0 0 0 0 0 0 0 0 0 0
0.352205 5.88491e-07 2.84012e-07 3.04479e-07 0.517389 0.925209 0 0 0 0 0 0 0 0 0 0 0 0 0 0 0 0 0 0 0 0 0 0 0 0 0 0 0 0 0 0 0 0 0 0 0 0 0 0 0 0 0 0
0.370284 5.89571e-07 2.84678e-07 3.04893e-07 0.517144 0.925212 0 0 0 0 0 0 0 0 0 0 0 0 0 0 0 0 0 0 0 0 0 0 0 0 0 0 0 0 0 0 0 0 0 0 0 0 0 0 0 0 0 0
0.389291 5.90721e-07 2.85342e-07 3.05379e-07 0.51696 0.924921 0 0 0 0 0 0 0 0 0 0 0 0 0 0 0 0 0 0 0 0 0 0 0 0 0 0 0 0 0 0 0 0 0 0 0 0 0 0 0 0 0 0
0.409273 5.91941e-07 2.86007e-07 3.05934e-07 0.516831 0.925172 0 0 0 0 0 0 0 0 0 0 0 0 0 0 0 0 0 0 0 0 0 0 0 0 0 0 0 0 0 0 0 0 0 0 0 0 0 0 0 0 0 0
0.430281 5.93206e-07 2.86671e-07 3.06535e-07 0.516744 0.924035 0 0 0 0 0 0 0 0 0 0 0 0 0 0 0 0 0 0 0 0 0 0 0 0 0 0 0 0 0 0 0 0 0 0 0 0 0 0 0 0 0 0
0.452368 5.9455e-07 2.87361e-07 3.07189e-07 0.516675 0.924447 0 0 0 0 0 0 0 0 0 0 0 0 0 0 0 0 0 0 0 0 0 0 0 0 0 0 0 0 0 0 0 0 0 0 0 0 0 0 0 0 0 0
0.475588 5.95957e-07 2.88063e-07 3.07894e-07 0.516638 0.92266 0 0 0 0 0 0 0 0 0 0 0 0 0 0 0 0 0 0 0 0 0 0 0 0 0 0 0 0 0 0 0 0 0 0 0 0 0 0 0 0 0 0
0.5 5.97435e-07 2.88793e-07 3.08642e-07 0.516612 0.922832 0 0 0 0 0 0 0 0 0 0 0 0 0 0 0 0 0 0 0 0 0 0 0 0 0 0 0 0 0 0 0 0 0 0 0 0 0 0 0 0 0 0
0.525665 5.98979e-07 2.89545e-07 3.09434e-07 0.516602 0.921119 0 0 0 0 0 0 0 0 0 0 0 0 0 0 0 0 0 0 0 0 0 0 0 0 0 0 0 0 0 0 0 0 0 0 0 0 0 0 0 0 0 0
0.552648 6.00602e-07 2.9032e-07 3.10283e-07 0.516619 0.919741 0 0 0 0 0 0 0 0 0 0 0 0 0 0 0 0 0 0 0 0 0 0 0 0 0 0 0 0 0 0 0 0 0 0 0 0 0 0 0 0 0 0
0.581015 6.02308e-07 2.91144e-07 3.11164e-07 0.516619 0.919644 0 0 0 0 0 0 0 0 0 0 0 0 0 0 0 0 0 0 0 0 0 0 0 0 0 0 0 0 0 0 0 0 0 0 0 0 0 0 0 0 0 0
0.610839 6.041e-07 2.92006e-07 3.12094e-07 0.516627 0.916315 0 0 0 0 0 0 0 0 0 0 0 0 0 0 0 0 0 0 0 0 0 0 0 0 0 0 0 0 0 0 0 0 0 0 0 0 0 0 0 0 0 0
0.642193 6.05979e-07 2.92891e-07 3.13088e-07 0.516665 0.91486 0 0 0 0 0 0 0 0 0 0 0 0 0 0 0 0 0 0 0 0 0 0 0 0 0 0 0 0 0 0 0 0 0 0 0 0 0 0 0 0 0 0
0.675157 6.07953e-07 2.93827e-07 3.14126e-07 0.516695 0.914234 0 0 0 0 0 0 0 0 0 0 0 0 0 0 0 0 0 0 0 0 0 0 0 0 0 0 0 0 0 0 0 0 0 0 0 0 0 0 0 0 0 0
0.709813 6.10033e-07 2.94823e-07 3.15211e-07 0.51671 0.910529 0 0 0 0 0 0 0 0 0 0 0 0 0 0 0 0 0 0 0 0 0 0 0 0 0 0 0 0 0 0 0 0 0 0 0 0 0 0 0 0 0 0
0.746248 6.12221e-07 2.95868e-07 3.16354e-07 0.516731 0.907568 0 0 0 0 0 0 0 0 0 0 0 0 0 0 0 0 0 0 0 0 0 0 0 0 0 0 0 0 0 0 0 0 0 0 0 0 0 0 0 0 0 0
0.784553 6.14535e-07 2.9698e-07 3.17555e-07 0.51674 0.906512 0 0 0 0 0 0 0 0 0 0 0 0 0 0 0 0 0 0 0 0 0 0 0 0 0 0 0 0 0 0 0 0 0 0 0 0 0 0 0 0 0 0
0.824824 6.16957e-07 2.98141e-07 3.18815e-07 0.516755 0.904113 0 0 0 0 0 0 0 0 0 0 0 0 0 0 0 0 0 0 0 0 0 0 0 0 0 0 0 0 0 0 0 0 0 0 0 0 0 0 0 0 0 0
0.867162 6.19499e-07 2.99363e-07 3.20136e-07 0.516766 0.899328 0 0 0 0 0 0 0 0 0 0 0 0 0 0 0 0 0 0 0 0 0 0 0 0 0 0 0 0 0 0 0 0 0 0 0 0 0 0 0 0 0 0
0.911674 6.22199e-07 3.00674e-07 3.21524e-07 0.516755 0.893386 0 0 0 0 0 0 0 0 0 0 0 0 0 0 0 0 0 0 0 0 0 0 0 0 0 0 0 0 0 0 0 0 0 0 0 0 0 0 0 0 0 0
0.95847 6.25037e-07 3.02083e-07 3.22954e-07 0.516696 0.889477 0 0 0 0 0 0 0 0 0 0 0 0 0 0 0 0 0 0 0 0 0 0 0 0 0 0 0 0 0 0 0 0 0 0 0 0 0 0 0 0 0 0
1.00767 6.28036e-07 3.03598e-07 3.24438e-07 0.516592 0.88754 0 0 0 0 0 0 0 0 0 0 0 0 0 0 0 0 0 0 0 0 0 0 0 0 0 0 0 0 0 0 0 0 0 0 0 0 0 0 0 0 0 0
1.05939 6.31762e-07 3.05917e-07 3.25845e-07 0.515772 0.886757 0 0 0 0 0 0 0 0 0 0 0 0 0 0 0 0 0 0 0 0 0 0 0 0 0 0 0 0 0 0 0 0 0 0 0 0 0 0 0 0 0 0
1.11377 6.35811e-07 3.08428e-07 3.27383e-07 0.514907 0.882844 0 0 0 0 0 0 0 0 0 0 0 0 0 0 0 0 0 0 0 0 0 0 0 0 0 0 0 0 0 0 0 0 0 0 0 0 0 0 0 0 0 0
1.17094 6.40528e-07 3.1099e-07 3.29539e-07 0.514479 0.874264 0 0 0 0 0 0 0 0 0 0 0 0 0 0 0 0 0 0 0 0 0 0 0 0 0 0 0 0 0 0 0 0 0 0 0 0 0 0 0 0 0 0
1.23105 6.47704e-07 3.1332e-07 3.34384e-07 0.516261 0.865971 0 0 0 0 0 0 0 0 0 0 0 0 0 0 0 0 0 0 0 0 0 0 0 0 0 0 0 0 0 0 0 0 0 0 0 0 0 0 0 0 0 0
1.29424 6.60437e-07 3.15906e-07 3.44531e-07 0.521672 0.860932 0 0 0 0 0 0 0 0 0 0 0 0 0 0 0 0 0 0 0 0 0 0 0 0 0 0 0 0 0 0 0 0 0 0 0 0 0 0 0 0 0 0
1.36067 6.73495e-07 3.18172e-07 3.55323e-07 0.52758 0.858396 0 0 0 0 0 0 0 0 0 0 0 0 0 0 0 0 0 0 0 0 0 0 0 0 0 0 0 0 0 0 0 0 0 0 0 0 0 0 0 0 0 0
1.43051 6.82243e-07 3.20986e-07 3.61257e-07 0.529514 0.857918 0 0 0 0 0 0 0 0 0 0 0 0 0 0 0 0 0 0 0 0 0 0 0 0 0 0 0 0 0 0 0 0 0 0 0 0 0 0 0 0 0 0
1.50394 6.82999e-07 3.23593e-07 3.59406e-07 0.526218 0.853238 0 0 0 0 0 0 0 0 0 0 0 0 0 0 0 0 0 0 0 0 0 0 0 0 0 0 0 0 0 0 0 0 0 0 0 0 0 0 0 0 0 0
1.58114 6.78906e-07 3.26411e-07 3.52495e-07 0.51921 0.838453 0 0 0 0 0 0 0 0 0 0 0 0 0 0 0 0 0 0 0 0 0 0 0 0 0 0 0 0 0 0 0 0 0 0 0 0 0 0 0 0 0 0
1.6623 6.7476e-07 3.29086e-07 3.45673e-07 0.512291 0.822973 0 0 0 0 0 0 0 0 0 0 0 0 0 0 0 0 0 0 0 0 0 0 0 0 0 0 0 0 0 0 0 0 0 0 0 0 0 0 0 0 0 0
1.74763 6.74615e-07 3.32354e-07 3.42261e-07 0.507342 0.807218 0 0 0 0 0 0 0 0 0 0 0 0 0 0 0 0 0 0 0 0 0 0 0 0 0 0 0 0 0 0 0 0 0 0 0 0 0 0 0 0 0 0
1.83733 6.79074e-07 3.35231e-07 3.43843e-07 0.506341 0.803746 0 0 0 0 0 0 0 0 0 0 0 0 0 0 0 0 0 0 0 0 0 0 0 0 0 0 0 0 0 0 0 0 0 0 0 0 0 0 0 0 0 0
1.93164 6.86887e-07 3.38542e-07 3.48344e-07 0.507135 0.809226 0 0 0 0 0 0 0 0 0 0 0 0 0 0 0 0 0 0 0 0 0 0 0 0 0 0 0 0 0 0 0 0 0 0 0 0 0 0 0 0 0 0
2.03079 6.95518e-07 3.42086e-07 3.53432e-07 0.508157 0.823603 0 0 0 0 0 0 0 0 0 0 0 0 0 0 0 0 0 0 0 0 0 0 0 0 0 0 0 0 0 0 0 0 0 0 0 0 0 0 0 0 0 0
2.13503 7.01428e-07 3.45622e-07 3.55806e-07 0.507259 0.832187 0 0 0 0 0 0 0 0 0 0 0 0 0 0 0 0 0 0 0 0 0 0 0 0 0 0 0 0 0 0 0 0 0 0 0 0 0 0 0 0 0 0
2.24463 7.0433e-07 3.49124e-07 3.55206e-07 0.504317 0.845927 0 0 0 0 0 0 0 0 0 0 0 0 0 0 0 0 0 0 0 0 0 0 0 0 0 0 0 0 0 0 0 0 0 0 0 0 0 0 0 0 0 0
2.35984 7.04587e-07 3.52504e-07 3.52083e-07 0.499701 0.833317 0 0 0 0 0 0 0 0 0 0 0 0 0 0 0 0 0 0 0 0 0 0 0 0 0 0 0 0 0 0 0 0 0 0 0 0 0 0 0 0 0 0
2.48097 7.04593e-07 3.55455e-07 3.49138e-07 0.495517 0.830347 0 0 0 0 0 0 0 0 0 0 0 0 0 0 0 0 0 0 0 0 0 0 0 0 0 0 0 0 0 0 0 0 0 0 0 0 0 0 0 0 0 0
2.60832 7.04867e-07 3.59078e-07 3.45789e-07 0.490573 0.78872 0 0 0 0 0 0 0 0 0 0 0 0 0 0 0 0 0 0 0 0 0 0 0 0 0 0 0 0 0 0 0 0 0 0 0 0 0 0 0 0 0 0
2.74221 7.09179e-07 3.61977e-07 3.47202e-07 0.489583 0.756638 0 0 0 0 0 0 0 0 0 0 0 0 0 0 0 0 0 0 0 0 0 0 0 0 0 0 0 0 0 0 0 0 0 0 0 0 0 0 0 0 0 0
2.88297 7.16191e-07 3.65205e-07 3.50986e-07 0.490073 0.697691 0 0 0 0 0 0 0 0 0 0 0 0 0 0 0 0 0 0 0 0 0 0 0 0 0 0 0 0 0 0 0 0 0 0 0 0 0 0 0 0 0 0
3.03095 7.26549e-07 3.68009e-07 3.5854e-07 0.493484 0.627393 0 0 0 0 0 0 0 0 0 0 0 0 0 0 0 0 0 0 0 0 0 0 0 0 0 0 0 0 0 0 0 0 0 0 0 0 0 0 0 0 0 0
3.18653 7.40348e-07 3.71825e-07 3.68524e-07 0.497771 0.602403 0 0 0 0 0 0 0 0 0 0 0 0 0 0 0 0 0 0 0 0 0 0 0 0 0 0 0 0 0 0 0 0 0 0 0 0 0 0 0 0 0 0
3.35009 7.55637e-07 3.74233e-07 3.81403e-07 0.504744 0.55933 0 0 0 0 0 0 0 0 0 0 0 0 0 0 0 0 0 0 0 0 0 0 0 0 0 0 0 0 0 0 0 0 0 0 0 0 0 0 0 0 0 0
3.52205 7.64423e-07 3.78097e-07 3.86326e-07 0.505382 0.565163 0 0 0 0 0 0 0 0 0 0 0 0 0 0 0 0 0 0 0 0 0 0 0 0 0 0 0 0 0 0 0 0 0 0 0 0 0 0 0 0 0 0
3.70284 7.85823e-07 3.77553e-07 4.0827e-07 0.519545 0.593487 0 0 0 0 0 0 0 0 0 0 0 0 0 0 0 0 0 0 0 0 0 0 0 0 0 0 0 0 0 0 0 0 0 0 0 0 0 0 0 0 0 0
3.89291 8.04082e-07 3.78227e-07 4.25855e-07 0.529616 0.608668 0 0 0 0 0 0 0 0 0 0 0 0 0 0 0 0 0 0 0 0 0 0 0 0 0 0 0 0 0 0 0 0 0 0 0 0 0 0 0 0 0 0
4.09273 8.22601e-07 3.78928e-07 4.43673e-07 0.539354 0.652876 0 0 0 0 0 0 0 0 0 0 0 0 0 0 0 0 0 0 0 0 0 0 0 0 0 0 0 0 0 0 0 0 0 0 0 0 0 0 0 0 0 0
4.30281 8.39468e-07 3.80117e-07 4.59351e-07 0.547194 0.680471 0 0 0 0 0 0 0 0 0 0 0 0 0 0 0 0 0 0 0 0 0 0 0 0 0 0 0 0 0 0 0 0 0 0 0 0 0 0 0 0 0 0
4.52368 8.51164e-07 3.81081e-07 4.70083e-07 0.552282 0.698891 0 0 0 0 0 0 0 0 0 0 0 0 0 0 0 0 0 0 0 0 0 0 0 0 0 0 0 0 0 0 0 0 0 0 0 0 0 0 0 0 0 0
4.75588 8.57477e-07 3.81687e-07 4.7579e-07 0.554872 0.718269 0 0 0 0 0 0 0 0 0 0 0 0 0 0 0 0 0 0 0 0 0 0 0 0 0 0 0 0 0 0 0 0 0 0 0 0 0 0 0 0 0 0
5 8.5956e-07 3.82164e-07 4.77396e-07 0.555396 0.736963 0 0 0 0 0 0 0 0 0 0 0 0 0 0 0 0 0 0 0 0 0 0 0 0 0 0 0 0 0 0 0 0 0 0 0 0 0 0 0 0 0 0
5.25665 8.58422e-07 3.83046e-07 4.75376e-07 0.553779 0.748787 0 0 0 0 0 0 0 0 0 0 0 0 0 0 0 0 0 0 0 0 0 0 0 0 0 0 0 0 0 0 0 0 0 0 0 0 0 0 0 0 0 0
5.52648 8.54021e-07 3.84464e-07 4.69557e-07 0.549819 0.75299 0 0 0 0 0 0 0 0 0 0 0 0 0 0 0 0 0 0 0 0 0 0 0 0 0 0 0 0 0 0 0 0 0 0 0 0 0 0 0 0 0 0
5.81015 8.45406e-07 3.85129e-07 4.60276e-07 0.544445 0.75301 0 0 0 0 0 0 0 0 0 0 0 0 0 0 0 0 0 0 0 0 0 0 0 0 0 0 0 0 0 0 0 0 0 0 0 0 0 0 0 0 0 0
6.10839 8.31775e-07 3.83913e-07 4.47862e-07 0.538441 0.75657 0 0 0 0 0 0 0 0 0 0 0 0 0 0 0 0 0 0 0 0 0 0 0 0 0 0 0 0 0 0 0 0 0 0 0 0 0 0 0 0 0 0
6.42193 8.14104e-07 3.81243e-07 4.32861e-07 0.531702 0.762533 0 0 0 0 0 0 0 0 0 0 0 0 0 0 0 0 0 0 0 0 0 0 0 0 0 0 0 0 0 0 0 0 0 0 0 0 0 0 0 0 0 0
6.75157 7.91752e-07 3.78592e-07 4.13161e-07 0.521831 0.762705 0 0 0 0 0 0 0 0 0 0 0 0 0 0 0 0 0 0 0 0 0 0 0 0 0 0 0 0 0 0 0 0 0 0 0 0 0 0 0 0 0 0
7.09813 7.69253e-07 3.76459e-07 3.92794e-07 0.510617 0.749481 0 0 0 0 0 0 0 0 0 0 0 0 0 0 0 0 0 0 0 0 0 0 0 0 0 0 0 0 0 0 0 0 0 0 0 0 0 0 0 0 0 0
7.46248 7.35129e-07 3.72435e-07 3.62695e-07 0.493375 0.737632 0 0 0 0 0 0 0 0 0 0 0 0 0 0 0 0 0 0 0 0 0 0 0 0 0 0 0 0 0 0 0 0 0 0 0 0 0 0 0 0 1.4013e-45 0
7.84553 6.81609e-07 3.6255e-07 3.19059e-07 0.468097 0.742562 0 0 0 0 0 0 0 0 0 0 0 0 0 0 0 0 0 0 0 0 0 0 0 0 0 0 0 0 0 0 1.4013e-45 0 4.2039e-45 0 1.4013e-44 0 3.78351e-44 0 1.02295e-43 0 2.53635e-43 0
8.24824 6.05099e-07 3.57289e-07 2.47811e-07 0.409537 0.72517 0 0 0 0 0 0 0 0 0 0 0 0 0 0 0 0 0 0 0 0 0 0 1.4013e-45 0 4.2039e-45 0 1.96182e-44 0 7.56701e-44 0 2.57839e-43 0 7.91734e-43 0 2.29393e-42 0 6.05641e-42 0 1.57072e-41 0 3.7381e-41 0
8.67162 5.7369e-07 3.68119e-07 2.05571e-07 0.358332 0.692538 0 0 0 0 0 0 0 0 0 0 0 0 0 0 0 0 0 0 4.2039e-45 0 3.22299e-44 0 1.80768e-43 0 8.37976e-43 0 3.31687e-42 0 1.22207e-41 0 3.91425e-41 0 1.13857e-40 0 3.12959e-40 0 7.87964e-40 0 1.95071e-39 0 4.4499e-39 0
9.11674 5.9976e-07 3.96216e-07 2.03544e-07 0.339376 0.653727 0 0 0 0 0 0 0 0 0 0 0 0 0 0 9.80909e-45 0 1.12104e-43 0 8.82818e-43 0 5.51411e-42 0 2.88962e-41 0 1.24091e-40 0 4.59362e-40 0 1.58784e-39 0 4.80474e-39 0 1.3266e-38 0 3.47079e-38 0 8.35349e-38 0 1.97848e-37 0 4.33514e-37 0
9.5847 6.77687e-07 4.29155e-07 2.48532e-07 0.366736 0.6257 0 0 0 0 0 0 0 0 0 0 4.2039e-45 0 1.17709e-43 0 1.79787e-42 0 1.82155e-41 0 1.30043e-40 0 7.43095e-40 0 3.59162e-39 0 1.43645e-38 0 4.98831e-38 0 1.62295e-37 0 4.65255e-37 0 1.22243e-36 0 3.05155e-36 0 7.03619e-36 0 1.59779e-35 0 3.36943e-35 0
10.0767 7.40784e-07 4.48941e-07 2.91843e-07 0.393965 0.602875 0 0 0 0 0 0 0 0 1.4013e-44 0 7.76319e-43 0 1.82561e-41 0 2.45121e-40 0 2.21796e-39 0 1.43854e-38 0 7.54953e-38 0 3.37877e-37 0 1.26289e-36 0 4.12698e-36 0 1.26756e-35 0 3.45162e-35 0 8.65116e-35 0 2.06525e-34 0 4.57167e-34 0 9.97391e-34 0 2.02807e-33 0
10.5939 7.72787e-07 4.56306e-07 3.16481e-07 0.409532 0.575613 0 0 0 0 0 0 1.4013e-44 0 2.29813e-42 0 1.06025e-40 0 2.13796e-39 0 2.52879e-38 0 2.05486e-37 0 1.21649e-36 0 5.88778e-36 0 2.44914e-35 0 8.58352e-35 0 2.64742e-34 0 7.69779e-34 0 1.99608e-33 0 4.7835e-33 0 1.09444e-32 0 2.33049e-32 0 4.89437e-32 0 9.61315e-32 0
11.1377 7.92962e-07 4.5847e-07 3.34492e-07 0.421825 0.548947 0 0 0 0 1.4013e-45 0 2.20564e-42 0 2.91086e-40 0 1.11361e-38 0 1.93924e-37 0 2.03311e-36 0 1.49145e-35 0 8.09513e-35 0 3.62771e-34 0 1.40757e-33 0 4.64011e-33 0 1.35457e-32 0 3.73865e-32 0 9.25386e-32 0 2.125e-31 0 4.66935e-31 0 9.58259e-31 0 1.94088e-30 0 3.68854e-30 0
11.7094 8.03555e-07 4.54732e-07 3.48824e-07 0.4341 0.518208 0 0 0 0 2.43826e-43 0 2.73032e-40 0 2.83869e-38 0 9.08984e-37 0 1.37679e-35 0 1.28698e-34 0 8.5657e-34 0 4.28068e-33 0 1.78286e-32 0 6.47446e-32 0 2.01358e-31 0 5.57862e-31 0 1.46525e-30 0 3.46978e-30 0 7.65087e-30 0 1.61777e-29 0 3.20552e-29 0 6.27263e-29 0 1.15529e-28 0
12.3105 8.01552e-07 4.44532e-07 3.5702e-07 0.445411 0.487905 0 0 0 0 3.26222e-41 0 2.59952e-38 0 2.15439e-36 0 5.82451e-35 0 7.72581e-34 0 6.4752e-33 0 3.92874e-32 0 1.81505e-31 0 7.05082e-31 0 2.40426e-30 0 7.07438e-30 0 1.86483e-29 0 4.67248e-29 0 1.06086e-28 0 2.25061e-28 0 4.58805e-28 0 8.79246e-28 0 1.66505e-27 0 2.97658e-27 0
12.9424 7.58401e-07 4.30237e-07 3.28165e-07 0.432706 0.465295 0 0 2.24208e-44 0 3.36594e-39 0 1.93568e-36 0 1.293e-34 0 2.97593e-33 0 3.47931e-32 0 2.62859e-31 0 1.46047e-30 0 6.26149e-30 0 2.27643e-29 0 7.31115e-29 0 2.04084e-28 0 5.13105e-28 0 1.22925e-27 0 2.68141e-27 0 5.4835e-27 0 1.07965e-26 0 2.00435e-26 0 3.67916e-26 0 6.39325e-26 0
13.6067 7.15654e-07 4.20355e-07 2.95299e-07 0.412629 0.459053 0 0 3.3435e-42 0 2.75737e-37 0 1.16274e-34 0 6.32637e-33 0 1.24933e-31 0 1.29542e-30 0 8.8667e-30 0 4.53075e-29 0 1.80921e-28 0 6.17584e-28 0 1.87364e-27 0 4.97442e-27 0 1.19561e-26 0 2.74472e-26 0 5.76348e-26 0 1.13818e-25 0 2.16805e-25 0 3.90518e-25 0 6.95887e-25 0 1.17705e-24 0
14.3051 6.68488e-07 4.09425e-07 2.59063e-07 0.387536 0.447387 1.4013e-45 0 3.77569e-40 0 1.7919e-35 0 5.62522e-33 0 2.51808e-31 0 4.29873e-30 0 3.97631e-29 0 2.47769e-28 0 1.16914e-27 0 4.36342e-27 0 1.40282e-26 0 4.03143e-26 0 1.02049e-25 0 2.34998e-25 0 5.18025e-25 0 1.04908e-24 0 2.00403e-24 0 3.69912e-24 0 6.4743e-24 0 1.12161e-23 0 1.84907e-23 0
15.0394 6.26625e-07 4.03492e-07 2.23132e-07 0.356086 0.397742 3.01279e-43 0 3.37955e-38 0 9.48114e-34 0 2.24792e-31 0 8.35805e-30 0 1.24226e-28 0 1.03082e-27 0 5.87426e-27 0 2.56966e-26 0 8.99311e-26 0 2.731e-25 0 7.45411e-25 0 1.80324e-24 0 3.98678e-24 0 8.45566e-24 0 1.6544e-23 0 3.06206e-23 0 5.48545e-23 0 9.34194e-23 0 1.57555e-22 0 2.53481e-22 0
15.8114 6.10923e-07 4.10391e-07 2.00532e-07 0.328244 0.34351 3.89449e-41 0 2.47463e-36 0 4.21059e-32 0 7.6438e-30 0 2.38213e-28 0 3.10345e-27 0 2.32245e-26 0 1.21568e-25 0 4.94821e-25 0 1.629e-24 0 4.68575e-24 0 1.21776e-23 0 2.82156e-23 0 6.00114e-23 0 1.22692e-22 0 2.32316e-22 0 4.1725e-22 0 7.26496e-22 0 1.2055e-21 0 1.9819e-21 0 3.11538e-21 0
16.623 6.23266e-07 4.27582e-07 1.95684e-07 0.313965 0.295604 4.01858e-39 0 1.48811e-34 0 1.57362e-30 0 2.21602e-28 0 5.83853e-27 0 6.71044e-26 0 4.55172e-25 0 2.1976e-24 0 8.35247e-24 0 2.59431e-23 0 7.08724e-23 0 1.75796e-22 0 3.90948e-22 0 8.01422e-22 0 1.58227e-21 0 2.90406e-21 0 5.06881e-21 0 8.58982e-21 0 1.39053e-20 0 2.23128e-20 0 3.43077e-20 0
17.4762 6.50544e-07 4.47256e-07 2.03288e-07 0.312489 0.2552 3.28598e-37 0 7.28065e-33 0 4.89729e-29 0 5.41656e-27 0 1.21643e-25 0 1.24096e-24 0 7.66637e-24 0 3.42751e-23 0 1.22049e-22 0 3.58681e-22 0 9.32942e-22 0 2.21373e-21 0 4.73463e-21 0 9.37148e-21 0 1.7898e-20 0 3.18899e-20 0 5.4168e-20 0 8.94616e-20 0 1.41456e-19 0 2.21802e-19 0 3.3395e-19 0
18.3733 6.77931e-07 4.63401e-07 2.1453e-07 0.316447 0.22146 2.1252e-35 0 2.88894e-31 0 1.26367e-27 0 1.11075e-25 0 2.1429e-24 0 1.95175e-23 0 1.10317e-22 0 4.58436e-22 0 1.53428e-21 0 4.2778e-21 0 1.06193e-20 0 2.41571e-20 0 4.97837e-20 0 9.53085e-20 0 1.76363e-19 0 3.05499e-19 0 5.05668e-19 0 8.1493e-19 0 1.26005e-18 0 1.93284e-18 0 2.85256e-18 0
19.3164 6.9542e-07 4.72378e-07 2.23042e-07 0.32073 0.194667 1.09167e-33 0 9.32447e-30 0 2.70868e-26 0 1.91349e-24 0 3.19487e-23 0 2.61237e-22 0 1.35684e-21 0 5.25966e-21 0 1.65947e-20 0 4.40092e-20 0 1.04506e-19 0 2.28381e-19 0 4.54328e-19 0 8.42643e-19 0 1.51311e-18 0 2.55166e-18 0 4.12091e-18 0 6.48827e-18 0 9.82102e-18 0 1.47534e-17 0 2.13638e-17 0
20.3079 6.92405e-07 4.71442e-07 2.20963e-07 0.319124 0.17565 4.47885e-32 0 2.45893e-28 0 4.83945e-25 0 2.77706e-23 0 4.04128e-22 0 2.98225e-21 0 1.42924e-20 0 5.18567e-20 0 1.54686e-19 0 3.91152e-19 0 8.90441e-19 0 1.87304e-18 0 3.60307e-18 0 6.48409e-18 0 1.13152e-17 0 1.86009e-17 0 2.93455e-17 0 4.51911e-17 0 6.70333e-17 0 9.87181e-17 0 1.40389e-16 0
21.3503 6.78994e-07 4.66469e-07 2.12525e-07 0.313 0.160218 1.50105e-30 0 5.41243e-27 0 7.35551e-24 0 3.46363e-22 0 4.42268e-21 0 2.96026e-20 0 1.3142e-19 0 4.47751e-19 0 1.26622e-18 0 3.06008e-18 0 6.69189e-18 0 1.35745e-17 0 2.52917e-17 0 4.42277e-17 0 7.51108e-17 0 1.20513e-16 0 1.8594e-16 0 2.80369e-16 0 4.0795e-16 0 5.89529e-16 0 8.24089e-16 0
22.4463 6.60554e-07 4.57348e-07 2.03206e-07 0.30763 0.147046 4.14621e-29 0 1.00226e-25 0 9.57694e-23 0 3.73652e-21 0 4.21322e-20 0 2.57008e-19 0 1.0609e-18 0 3.40452e-18 0 9.15135e-18 0 2.11835e-17 0 4.45885e-17 0 8.73777e-17 0 1.57928e-16 0 2.68736e-16 0 4.44738e-16 0 6.97285e-16 0 1.05331e-15 0 1.55669e-15 0 2.22396e-15 0 3.1566e-15 0 4.34096e-15 0
23.5984 6.27653e-07 4.38846e-07 1.88807e-07 0.300814 0.136189 9.40708e-28 0 1.55453e-24 0 1.06251e-21 0 3.46645e-20 0 3.47265e-19 0 1.93933e-18 0 7.46992e-18 0 2.26451e-17 0 5.80012e-17 0 1.2887e-16 0 2.61576e-16 0 4.96032e-16 0 8.70998e-16 0 1.44415e-15 0 2.33189e-15 0 3.57667e-15 0 5.29513e-15 0 7.67789e-15 0 1.07796e-14 0 1.50407e-14 0 2.03648e-14 0
24.8097 5.82719e-07 4.13291e-07 1.69428e-07 0.290754 0.126476 1.7732e-26 0 2.0407e-23 0 1.01417e-20 0 2.79103e-19 0 2.4985e-18 0 1.28292e-17 0 4.62666e-17 0 1.32865e-16 0 3.25035e-16 0 6.94573e-16 0 1.36192e-15 0 2.5032e-15 0 4.27627e-15 0 6.91732e-15 0 1.09112e-14 0 1.63899e-14 0 2.38042e-14 0 3.38953e-14 0 4.68065e-14 0 6.42553e-14 0 8.57223e-14 0
26.0832 5.32208e-07 3.83772e-07 1.48436e-07 0.278907 0.11853 2.81249e-25 0 2.29435e-22 0 8.42069e-20 0 1.97111e-18 0 1.58544e-17 0 7.51584e-17 0 2.54595e-16 0 6.9442e-16 0 1.6262e-15 0 3.34858e-15 0 6.35354e-15 0 1.13358e-14 0 1.88655e-14 0 2.98087e-14 0 4.59849e-14 0 6.77156e-14 0 9.65725e-14 0 1.35159e-13 0 1.83725e-13 0 2.48344e-13 0 3.26683e-13 0
27.4221 4.79856e-07 3.52086e-07 1.2777e-07 0.266267 0.111718 3.79053e-24 0 2.22902e-21 0 6.13174e-19 0 1.23052e-17 0 8.93964e-17 0 3.92783e-16 0 1.25358e-15 0 3.25574e-15 0 7.31406e-15 0 1.45388e-14 0 2.67365e-14 0 4.6373e-14 0 7.528e-14 0 1.1632e-13 0 1.75685e-13 0 2.53865e-13 0 3.55828e-13 0 4.89897e-13 0 6.56022e-13 0 8.73801e-13 0 1.13415e-12 0
28.8297 4.27385e-07 3.19223e-07 1.08163e-07 0.25308 0.105418 4.37412e-23 0 1.88404e-20 0 3.93963e-18 0 6.82915e-17 0 4.50349e-16 0 1.84076e-15 0 5.55124e-15 0 1.3761e-14 0 2.97164e-14 0 5.71214e-14 0 1.01966e-13 0 1.72163e-13 0 2.72949e-13 0 4.12886e-13 0 6.11176e-13 0 8.67418e-13 0 1.19593e-12 0 1.62103e-12 0 2.14e-12 0 2.8108e-12 0 3.60213e-12 0
30.3095 3.77217e-07 2.86775e-07 9.04421e-08 0.239762 0.0997486 4.36352e-22 0 1.39774e-19 0 2.25165e-17 0 3.39565e-16 0 2.04226e-15 0 7.79298e-15 0 2.22685e-14 0 5.28082e-14 0 1.09831e-13 0 2.04489e-13 0 3.54847e-13 0 5.84008e-13 0 9.05291e-13 0 1.34203e-12 0 1.94886e-12 0 2.71906e-12 0 3.69051e-12 0 4.92859e-12 0 6.41882e-12 0 8.31936e-12 0 1.05332e-11 0
31.8653 3.30363e-07 2.55509e-07 7.48534e-08 0.226579 0.0944442 3.79187e-21 0 9.1645e-19 0 1.15193e-16 0 1.52164e-15 0 8.3841e-15 0 2.99677e-14 0 8.13539e-14 0 1.84961e-13 0 3.71171e-13 0 6.70411e-13 0 1.13246e-12 0 1.81902e-12 0 2.76002e-12 0 4.01363e-12 0 5.72331e-12 0 7.85639e-12 0 1.05054e-11 0 1.3833e-11 0 1.77847e-11 0 2.27605e-11 0 2.84871e-11 0
33.5009 2.87765e-07 2.26258e-07 6.15064e-08 0.213739 0.0895366 2.89466e-20 0 5.35171e-18 0 5.31266e-16 0 6.1869e-15 0 3.1364e-14 0 1.05346e-13 0 2.72376e-13 0 5.94913e-13 0 1.15393e-12 0 2.02493e-12 0 3.33409e-12 0 5.23289e-12 0 7.77992e-12 0 1.11086e-11 0 1.55685e-11 0 2.10429e-11 0 2.77418e-11 0 3.60414e-11 0 4.57725e-11 0 5.78774e-11 0 7.16501e-11 0
35.2205 2.49578e-07 1.99321e-07 5.02566e-08 0.201366 0.084324 1.95484e-19 0 2.80109e-17 0 2.22154e-15 0 2.29488e-14 0 1.07473e-13 0 3.40249e-13 0 8.39854e-13 0 1.76573e-12 0 3.3159e-12 0 5.66119e-12 0 9.09706e-12 0 1.39671e-11 0 2.03672e-11 0 2.85802e-11 0 3.93998e-11 0 5.24763e-11 0 6.82548e-11 0 8.75489e-11 0 1.09897e-10 0 1.37377e-10 0 1.68305e-10 0
37.0284 2.1586e-07 1.74966e-07 4.08942e-08 0.189448 0.0794227 1.17646e-18 0 1.32288e-16 0 8.47449e-15 0 7.81101e-14 0 3.39241e-13 0 1.01524e-12 0 2.39782e-12 0 4.86161e-12 0 8.85312e-12 0 1.47252e-11 0 2.31204e-11 0 3.47625e-11 0 4.97665e-11 0 6.86889e-11 0 9.32197e-11 0 1.22434e-10 0 1.57216e-10 0 1.99221e-10 0 2.47314e-10 0 3.05805e-10 0 3.70955e-10 0
38.9291 1.86301e-07 1.53116e-07 3.3185e-08 0.178125 0.0748382 6.34726e-18 0 5.66751e-16 0 2.96334e-14 0 2.45064e-13 0 9.90697e-13 0 2.81034e-12 0 6.36477e-12 0 1.24669e-11 0 2.20478e-11 0 3.57718e-11 0 5.49428e-11 0 8.09801e-11 0 1.13919e-10 0 1.54779e-10 0 2.06947e-10 0 2.68208e-10 0 3.40224e-10 0 4.26169e-10 0 5.23493e-10 0 6.40628e-10 0 7.69817e-10 0
40.9273 1.6067e-07 1.33777e-07 2.68931e-08 0.167381 0.0705509 3.09039e-17 0 2.21602e-15 0 9.55133e-14 0 7.1247e-13 0 2.69034e-12 0 7.253e-12 0 1.57837e-11 0 2.99177e-11 0 5.14571e-11 0 8.15379e-11 0 1.22639e-10 0 1.77367e-10 0 2.45388e-10 0 3.28451e-10 0 4.3297e-10 0 5.54079e-10 0 6.9474e-10 0 8.60724e-10 0 1.04672e-09 0 1.26837e-09 0 1.51054e-09 0
43.0281 1.38487e-07 1.16723e-07 2.17637e-08 0.157153 0.0663747 1.36497e-16 0 7.94485e-15 0 2.84953e-13 0 1.92694e-12 0 6.81923e-12 0 1.75152e-11 0 3.6696e-11 0 6.74186e-11 0 1.12927e-10 0 1.74965e-10 0 2.57969e-10 0 3.66426e-10 0 4.98981e-10 0 6.58444e-10 0 8.56343e-10 0 1.08276e-09 0 1.34272e-09 0 1.64621e-09 0 1.98291e-09 0 2.38037e-09 0 2.81077e-09 0
45.2368 1.19424e-07 1.01817e-07 1.76068e-08 0.147431 0.0623918 5.50076e-16 0 2.62551e-14 0 7.90672e-13 0 4.87037e-12 0 1.62043e-11 0 3.97475e-11 0 8.03212e-11 0 1.4325e-10 0 2.33978e-10 0 3.5485e-10 0 5.13366e-10 0 7.1681e-10 0 9.61513e-10 0 1.25173e-09 0 1.60719e-09 0 2.00899e-09 0 2.46528e-09 0 2.99258e-09 0 3.57206e-09 0 4.24997e-09 0 4.97786e-09 0
47.5588 1.03104e-07 8.88601e-08 1.42442e-08 0.138153 0.0584219 2.03325e-15 0 8.03556e-14 0 2.04926e-12 0 1.15508e-11 0 3.62404e-11 0 8.50837e-11 0 1.66131e-10 0 2.88035e-10 0 4.59329e-10 0 6.82593e-10 0 9.69871e-10 0 1.33233e-09 0 1.76172e-09 0 2.26411e-09 0 2.8718e-09 0 3.55086e-09 0 4.31403e-09 0 5.18743e-09 0 6.13863e-09 0 7.24193e-09 0 8.41703e-09 0
50 8.90628e-08 7.75389e-08 1.1524e-08 0.129391 0.0546819 6.91781e-15 0 2.28471e-13 0 4.97437e-12 0 2.57683e-11 0 7.64577e-11 0 1.72178e-10 0 3.25381e-10 0 5.49186e-10 0 8.56055e-10 0 1.24779e-09 0 1.74279e-09 0 2.35728e-09 0 3.07476e-09 0 3.90349e-09 0 4.89404e-09 0 5.98888e-09 0 7.20722e-09 0 8.58869e-09 0 1.00804e-08 0 1.17965e-08 0 1.36104e-08 0
52.5665 7.7073e-08 6.77449e-08 9.3281e-09 0.121029 0.0509834 2.17839e-14 0 6.06514e-13 0 1.13612e-11 0 5.4312e-11 0 1.52816e-10 0 3.30759e-10 0 6.05943e-10 0 9.96919e-10 0 1.52065e-09 0 2.1761e-09 0 2.99019e-09 0 3.98529e-09 0 5.13128e-09 0 6.43883e-09 0 7.98412e-09 0 9.6744e-09 0 1.15377e-08 0 1.3632e-08 0 1.5875e-08 0 1.84357e-08 0 2.11224e-08 0
55.2648 6.68245e-08 5.92706e-08 7.55386e-09 0.11304 0.0474193 6.374e-14 0 1.50862e-12 0 2.44925e-11 0 1.08475e-10 0 2.9018e-10 0 6.04835e-10 0 1.07577e-09 0 1.72739e-09 0 2.58111e-09 0 3.62959e-09 0 4.91064e-09 0 6.45369e-09 0 8.20758e-09 0 1.01855e-08 0 1.2498e-08 0 1.50026e-08 0 1.7739e-08 0 2.07889e-08 0 2.40301e-08 0 2.77032e-08 0 3.15303e-08 0
58.1015 5.80395e-08 5.19177e-08 6.12183e-09 0.105477 0.043999 1.73898e-13 0 3.52673e-12 0 4.99718e-11 0 2.0581e-10 0 5.24735e-10 0 1.0552e-09 0 1.82477e-09 0 2.86311e-09 0 4.19507e-09 0 5.80178e-09 0 7.7345e-09 0 1.00302e-08 0 1.26072e-08 0 1.54813e-08 0 1.88074e-08 0 2.23759e-08 0 2.62415e-08 0 3.05161e-08 0 3.50252e-08 0 4.00994e-08 0 4.53517e-08 0
61.0839 5.05292e-08 4.55655e-08 4.96367e-09 0.0982337 0.0407079 4.44249e-13 0 7.77834e-12 0 9.68335e-11 0 3.7218e-10 0 9.06528e-10 0 1.76183e-09 0 2.96636e-09 0 4.55304e-09 0 6.54791e-09 0 8.91351e-09 0 1.17172e-08 0 1.50034e-08 0 1.86487e-08 0 2.26717e-08 0 2.72821e-08 0 3.21845e-08 0 3.74521e-08 0 4.3233e-08 0 4.92885e-08 0 5.60576e-08 0 6.30201e-08 0
64.2193 4.40798e-08 4.00525e-08 4.02738e-09 0.0913656 0.0375809 1.06578e-12 0 1.62266e-11 0 1.78607e-10 0 6.428e-10 0 1.49909e-09 0 2.82047e-09 0 4.62949e-09 0 6.95867e-09 0 9.83156e-09 0 1.31834e-08 0 1.71003e-08 0 2.16335e-08 0 2.66058e-08 0 3.20383e-08 0 3.82066e-08 0 4.47098e-08 0 5.16438e-08 0 5.9199e-08 0 6.70602e-08 0 7.57922e-08 0 8.47203e-08 0
67.5157 3.85456e-08 3.52762e-08 3.26941e-09 0.0848193 0.0346101 2.40976e-12 0 3.21214e-11 0 3.1449e-10 0 1.06324e-09 0 2.37917e-09 0 4.34028e-09 0 6.95381e-09 0 1.02465e-08 0 1.42345e-08 0 1.8816e-08 0 2.40984e-08 0 3.01387e-08 0 3.66933e-08 0 4.37866e-08 0 5.17697e-08 0 6.01184e-08 0 6.8955e-08 0 7.85176e-08 0 8.84043e-08 0 9.93203e-08 0 1.10418e-07 0
70.9813 3.37761e-08 3.11201e-08 2.65599e-09 0.0786352 0.0318093 5.14857e-12 0 6.04769e-11 0 5.29695e-10 0 1.68741e-09 0 3.63027e-09 0 6.43106e-09 0 1.00691e-08 0 1.45588e-08 0 1.99032e-08 0 2.59532e-08 0 3.28401e-08 0 4.06256e-08 0 4.89879e-08 0 5.79556e-08 0 6.7964e-08 0 7.83503e-08 0 8.9267e-08 0 1.01004e-07 0 1.13066e-07 0 1.26307e-07 0 1.39695e-07 0
74.6248 2.96691e-08 2.75102e-08 2.15893e-09 0.0727668 0.0291683 1.04287e-11 0 1.08617e-10 0 8.55697e-10 0 2.576e-09 0 5.33851e-09 0 9.19685e-09 0 1.40878e-08 0 2.00058e-08 0 2.69354e-08 0 3.46709e-08 0 4.33698e-08 0 5.30972e-08 0 6.34443e-08 0 7.44448e-08 0 8.66245e-08 0 9.91716e-08 0 1.12272e-07 0 1.2627e-07 0 1.40573e-07 0 1.56188e-07 0 1.71897e-07 0
78.4553 2.61226e-08 2.43667e-08 1.7559e-09 0.0672176 0.0267099 2.00788e-11 0 1.86516e-10 0 1.32853e-09 0 3.78992e-09 0 7.57971e-09 0 1.27157e-08 0 1.90766e-08 0 2.66304e-08 0 3.53377e-08 0 4.49291e-08 0 5.55909e-08 0 6.73902e-08 0 7.98256e-08 0 9.29382e-08 0 1.07347e-07 0 1.22086e-07 0 1.37379e-07 0 1.53624e-07 0 1.70131e-07 0 1.88061e-07 0 2.06009e-07 0
82.4824 2.3046e-08 2.16169e-08 1.42902e-09 0.0620076 0.0244237 3.6827e-11 0 3.06822e-10 0 1.98569e-09 0 5.38198e-09 0 1.04056e-08 0 1.70209e-08 0 2.50348e-08 0 3.43834e-08 0 4.49999e-08 0 5.65468e-08 0 6.9242e-08 0 8.31538e-08 0 9.76871e-08 0 1.12892e-07 0 1.2948e-07 0 1.46337e-07 0 1.63722e-07 0 1.82085e-07 0 2.00648e-07 0 2.20712e-07 0 2.40703e-07 0
86.7162 2.03732e-08 1.92096e-08 1.16358e-09 0.0571134 0.0222994 6.45083e-11 0 4.84598e-10 0 2.86292e-09 0 7.39092e-09 0 1.38371e-08 0 2.20967e-08 0 3.18938e-08 0 4.31304e-08 0 5.5711e-08 0 6.92302e-08 0 8.39388e-08 0 9.99065e-08 0 1.16449e-07 0 1.33627e-07 0 1.52239e-07 0 1.71034e-07 0 1.90307e-07 0 2.10557e-07 0 2.30927e-07 0 2.52839e-07 0 2.74576e-07 0
91.1674 1.80483e-08 1.71005e-08 9.47759e-10 0.0525124 0.020337 1.08177e-10 0 7.3645e-10 0 3.9894e-09 0 9.833e-09 0 1.7854e-08 0 2.78672e-08 0 3.95087e-08 0 5.26466e-08 0 6.71586e-08 0 8.25753e-08 0 9.91821e-08 0 1.1705e-07 0 1.35415e-07 0 1.54351e-07 0 1.74734e-07 0 1.95194e-07 0 2.16061e-07 0 2.37874e-07 0 2.59714e-07 0 2.83103e-07 0 3.06207e-07 0
95.847 1.60208e-08 1.52484e-08 7.72362e-10 0.0482101 0.018529 1.74038e-10 0 1.0789e-09 0 5.3817e-09 0 1.26932e-08 0 2.23858e-08 0 3.41894e-08 0 4.7653e-08 0 6.26155e-08 0 7.89318e-08 0 9.60772e-08 0 1.14372e-07 0 1.3389e-07 0 1.53798e-07 0 1.74189e-07 0 1.96002e-07 0 2.17773e-07 0 2.39862e-07 0 2.62843e-07 0 2.85747e-07 0 3.10174e-07 0 3.34205e-07 0
100.767 1.42453e-08 1.36158e-08 6.29574e-10 0.0441951 0.0168661 2.69113e-10 0 1.52611e-09 0 7.03802e-09 0 1.59187e-08 0 2.73075e-08 0 4.08528e-08 0 5.6025e-08 0 7.26416e-08 0 9.05415e-08 0 1.09157e-07 0 1.28841e-07 0 1.49673e-07 0 1.7077e-07 0 1.9224e-07 0 2.15072e-07 0 2.37736e-07 0 2.6062e-07 0 2.84317e-07 0 3.07837e-07 0 3.32818e-07 0 3.57302e-07 0
105.939 1.26904e-08 1.21769e-08 5.13551e-10 0.0404675 0.0153366 4.00824e-10 0 2.08838e-09 0 8.93843e-09 0 1.94274e-08 0 3.24599e-08 0 4.76156e-08 0 6.43006e-08 0 8.23216e-08 0 1.0151e-07 0 1.21269e-07 0 1.41985e-07 0 1.63741e-07 0 1.85622e-07 0 2.07756e-07 0 2.31163e-07 0 2.54278e-07 0 2.77508e-07 0 3.0146e-07 0 3.25135e-07 0 3.50186e-07 0 3.7465e-07 0
111.377 1.13228e-08 1.09039e-08 4.18929e-10 0.0369987 0.0139408 5.75966e-10 0 2.76856e-09 0 1.10377e-08 0 2.3098e-08 0 3.76379e-08 0 5.41884e-08 0 7.21118e-08 0 9.12158e-08 0 1.11334e-07 0 1.31856e-07 0 1.53198e-07 0 1.75448e-07 0 1.97682e-07 0 2.20043e-07 0 2.43564e-07 0 2.66678e-07 0 2.89804e-07 0 3.1355e-07 0 3.36933e-07 0 3.61584e-07 0 3.85574e-07 0
117.094 1.01188e-08 9.77696e-09 3.41857e-10 0.0337843 0.0126668 7.99993e-10 0 3.56167e-09 0 1.32726e-08 0 2.67916e-08 0 4.26287e-08 0 6.02921e-08 0 7.91237e-08 0 9.89449e-08 0 1.196e-07 0 1.40482e-07 0 1.62032e-07 0 1.84343e-07 0 2.06501e-07 0 2.28663e-07 0 2.51856e-07 0 2.74543e-07 0 2.97146e-07 0 3.20265e-07 0 3.42946e-07 0 3.66776e-07 0 3.89892e-07 0
123.105 9.05777e-09 8.77867e-09 2.791e-10 0.0308134 0.0115007 1.07594e-09 0 4.4534e-09 0 1.55635e-08 0 3.03573e-08 0 4.722e-08 0 6.56661e-08 0 8.50418e-08 0 1.05193e-07 0 1.25983e-07 0 1.46825e-07 0 1.68174e-07 0 1.90134e-07 0 2.11815e-07 0 2.33387e-07 0 2.55855e-07 0 2.77735e-07 0 2.99447e-07 0 3.21572e-07 0 3.43204e-07 0 3.65856e-07 0 3.87762e-07 0
129.424 8.11952e-09 7.89168e-09 2.27838e-10 0.0280605 0.0104392 1.40325e-09 0 5.41903e-09 0 1.78161e-08 0 3.36367e-08 0 5.12057e-08 0 7.00733e-08 0 8.96133e-08 0 1.09706e-07 0 1.30239e-07 0 1.50658e-07 0 1.7143e-07 0 1.92661e-07 0 2.13507e-07 0 2.34146e-07 0 2.55544e-07 0 2.76295e-07 0 2.96808e-07 0 3.17639e-07 0 3.37938e-07 0 3.59128e-07 0 3.79561e-07 0
136.067 7.2878e-09 7.1017e-09 1.86101e-10 0.0255359 0.00947406 1.7772e-09 0 6.42507e-09 0 1.99318e-08 0 3.64824e-08 0 5.44119e-08 0 7.33317e-08 0 9.2664e-08 0 1.12329e-07 0 1.32246e-07 0 1.51901e-07 0 1.71763e-07 0 1.91945e-07 0 2.11655e-07 0 2.31079e-07 0 2.5113e-07 0 2.70498e-07 0 2.89576e-07 0 3.08883e-07 0 3.2764e-07 0 3.47162e-07 0 3.65934e-07 0
143.051 6.55108e-09 6.39907e-09 1.5201e-10 0.0232037 0.00859094 2.18952e-09 0 7.43442e-09 0 2.18237e-08 0 3.87854e-08 0 5.67312e-08 0 7.53551e-08 0 9.41436e-08 0 1.13061e-07 0 1.32056e-07 0 1.50667e-07 0 1.69356e-07 0 1.88239e-07 0 2.06589e-07 0 2.24592e-07 0 2.431e-07 0 2.60911e-07 0 2.78395e-07 0 2.96033e-07 0 3.13118e-07 0 3.30852e-07 0 3.47859e-07 0
150.394 5.89454e-09 5.77034e-09 1.24206e-10 0.0210714 0.00778992 2.62634e-09 0 8.40118e-09 0 2.33999e-08 0 4.04379e-08 0 5.80639e-08 0 7.60684e-08 0 9.40131e-08 0 1.11906e-07 0 1.29727e-07 0 1.47068e-07 0 1.64378e-07 0 1.81776e-07 0 1.98602e-07 0 2.1504e-07 0 2.31875e-07 0 2.48017e-07 0 2.63813e-07 0 2.797e-07 0 2.95046e-07 0 3.10932e-07 0 3.2613e-07 0
158.114 5.31011e-09 5.20859e-09 1.01513e-10 0.0191169 0.00706003 3.07211e-09 0 9.28509e-09 0 2.46023e-08 0 4.13988e-08 0 5.84078e-08 0 7.55227e-08 0 9.23855e-08 0 1.09045e-07 0 1.25511e-07 0 1.4143e-07 0 1.5723e-07 0 1.7303e-07 0 1.88243e-07 0 2.03047e-07 0 2.18152e-07 0 2.32587e-07 0 2.46668e-07 0 2.60792e-07 0 2.74398e-07 0 2.88449e-07 0 3.0186e-07 0
166.23 4.78956e-09 4.70658e-09 8.29773e-11 0.0173246 0.00639873 3.50904e-09 0 1.00487e-08 0 2.53914e-08 0 4.16595e-08 0 5.78023e-08 0 7.38155e-08 0 8.94217e-08 0 1.04706e-07 0 1.19703e-07 0 1.34111e-07 0 1.48338e-07 0 1.62496e-07 0 1.76071e-07 0 1.8923e-07 0 2.02611e-07 0 2.15358e-07 0 2.27757e-07 0 2.4016e-07 0 2.52079e-07 0 2.64359e-07 0 2.76053e-07 0
174.763 4.3242e-09 4.25637e-09 6.78298e-11 0.0156861 0.0057994 3.91763e-09 0 1.06578e-08 0 2.57428e-08 0 4.12334e-08 0 5.63114e-08 0 7.10671e-08 0 8.53002e-08 0 9.91246e-08 0 1.12596e-07 0 1.25465e-07 0 1.38106e-07 0 1.5063e-07 0 1.6259e-07 0 1.74144e-07 0 1.85853e-07 0 1.96974e-07 0 2.07763e-07 0 2.18528e-07 0 2.28848e-07 0 2.39458e-07 0 2.4954e-07 0
183.733 3.90927e-09 3.85382e-09 5.54492e-11 0.014184 0.00525351 4.28165e-09 0 1.10938e-08 0 2.56719e-08 0 4.01924e-08 0 5.407e-08 0 6.74783e-08 0 8.02858e-08 0 9.26287e-08 0 1.04579e-07 0 1.15931e-07 0 1.2703e-07 0 1.3798e-07 0 1.48397e-07 0 1.58426e-07 0 1.6856e-07 0 1.78157e-07 0 1.87444e-07 0 1.96688e-07 0 2.05532e-07 0 2.14604e-07 0 2.23208e-07 0
193.164 3.53638e-09 3.49104e-09 4.53403e-11 0.0128211 0.00475974 4.58277e-09 0 1.13363e-08 0 2.51868e-08 0 3.85883e-08 0 5.11766e-08 0 6.31925e-08 0 7.45646e-08 0 8.54437e-08 0 9.59121e-08 0 1.05805e-07 0 1.15434e-07 0 1.24897e-07 0 1.33866e-07 0 1.42475e-07 0 1.51148e-07 0 1.5934e-07 0 1.67249e-07 0 1.75103e-07 0 1.82602e-07 0 1.90279e-07 0 1.97548e-07 0
203.079 3.20204e-09 3.16495e-09 3.7085e-11 0.0115817 0.00431235 4.81029e-09 0 1.13865e-08 0 2.43394e-08 0 3.6532e-08 0 4.77984e-08 0 5.84301e-08 0 6.84049e-08 0 7.78811e-08 0 8.69471e-08 0 9.54731e-08 0 1.03737e-07 0 1.11827e-07 0 1.1947e-07 0 1.26784e-07 0 1.34133e-07 0 1.41057e-07 0 1.47726e-07 0 1.54336e-07 0 1.60634e-07 0 1.67071e-07 0 1.73154e-07 0
213.503 2.90272e-09 2.8724e-09 3.03246e-11 0.0104469 0.00390629 4.95785e-09 0 1.12551e-08 0 2.31921e-08 0 3.41387e-08 0 4.40981e-08 0 5.33955e-08 0 6.20471e-08 0 7.02126e-08 0 7.79822e-08 0 8.52556e-08 0 9.22775e-08 0 9.91275e-08 0 1.05579e-07 0 1.11736e-07 0 1.17906e-07 0 1.23706e-07 0 1.2928e-07 0 1.34795e-07 0 1.4004e-07 0 1.45391e-07 0 1.5044e-07 0
224.463 2.63264e-09 2.60783e-09 2.48104e-11 0.00942415 0.0035385 5.01887e-09 0 1.09499e-08 0 2.1792e-08 0 3.14913e-08 0 4.01877e-08 0 4.82238e-08 0 5.56442e-08 0 6.26046e-08 0 6.9194e-08 0 7.5336e-08 0 8.12436e-08 0 8.69876e-08 0 9.23817e-08 0 9.75158e-08 0 1.02649e-07 0 1.07464e-07 0 1.12082e-07 0 1.16643e-07 0 1.20973e-07 0 1.25383e-07 0 1.29539e-07 0
235.984 2.39043e-09 2.37014e-09 2.0294e-11 0.00848969 0.00320508 4.99817e-09 0 1.05013e-08 0 2.02212e-08 0 2.87153e-08 0 3.62268e-08 0 4.31017e-08 0 4.9404e-08 0 5.52816e-08 0 6.08193e-08 0 6.59603e-08 0 7.08879e-08 0 7.56643e-08 0 8.01374e-08 0 8.43846e-08 0 8.86215e-08 0 9.25876e-08 0 9.63851e-08 0 1.00128e-07 0 1.03677e-07 0 1.07286e-07 0 1.10682e-07 0
248.097 2.17228e-09 2.15568e-09 1.66009e-11 0.00764213 0.00290484 4.89945e-09 0 9.93225e-09 0 1.85371e-08 0 2.58921e-08 0 3.23124e-08 0 3.8136e-08 0 4.34383e-08 0 4.83566e-08 0 5.29697e-08 0 5.72363e-08 0 6.13125e-08 0 6.52523e-08 0 6.89325e-08 0 7.24188e-08 0 7.58896e-08 0 7.91323e-08 0 8.22319e-08 0 8.52824e-08 0 8.81701e-08 0 9.11031e-08 0 9.38589e-08 0
260.832 1.97505e-09 1.96147e-09 1.35821e-11 0.00687685 0.00263111 4.7299e-09 0 9.26881e-09 0 1.67946e-08 0 2.30944e-08 0 2.85268e-08 0 3.3413e-08 0 3.78335e-08 0 4.19132e-08 0 4.57238e-08 0 4.92357e-08 0 5.25808e-08 0 5.58053e-08 0 5.88101e-08 0 6.16506e-08 0 6.4473e-08 0 6.71053e-08 0 6.96174e-08 0 7.20861e-08 0 7.44198e-08 0 7.67871e-08 0 7.90087e-08 0
274.221 1.79737e-09 1.78625e-09 1.11132e-11 0.00618303 0.00238156 4.5025e-09 0 8.54414e-09 0 1.50542e-08 0 2.03976e-08 0 2.49529e-08 0 2.90179e-08 0 3.26736e-08 0 3.60316e-08 0 3.91559e-08 0 4.20258e-08 0 4.47518e-08 0 4.73728e-08 0 4.98099e-08 0 5.21093e-08 0 5.43898e-08 0 5.65133e-08 0 5.85368e-08 0 6.05227e-08 0 6.23975e-08 0 6.42971e-08 0 6.60778e-08 0
288.297 1.63683e-09 1.62774e-09 9.09399e-12 0.00555585 0.00215436 4.22866e-09 0 7.78394e-09 0 1.33566e-08 0 1.78467e-08 0 2.16338e-08 0 2.49884e-08 0 2.79886e-08 0 3.07323e-08 0 3.32758e-08 0 3.56051e-08 0 3.78118e-08 0 3.99285e-08 0 4.18927e-08 0 4.37425e-08 0 4.55742e-08 0 4.7277e-08 0 4.88975e-08 0 5.04858e-08 0 5.19836e-08 0 5.34995e-08 0 5.4919e-08 0
303.095 1.49169e-09 1.48425e-09 7.44168e-12 0.00498876 0.00194883 3.92125e-09 0 7.01311e-09 0 1.17367e-08 0 1.54773e-08 0 1.86007e-08 0 2.13484e-08 0 2.37932e-08 0 2.60198e-08 0 2.8077e-08 0 2.99556e-08 0 3.17309e-08 0 3.34303e-08 0 3.50042e-08 0 3.64839e-08 0 3.79468e-08 0 3.9305e-08 0 4.05958e-08 0 4.18595e-08 0 4.30499e-08 0 4.42535e-08 0 4.53794e-08 0
318.653 1.36006e-09 1.35397e-09 6.09023e-12 0.0044779 0.0017625 3.59191e-09 0 6.25145e-09 0 1.0218e-08 0 1.33083e-08 0 1.58648e-08 0 1.80994e-08 0 2.00781e-08 0 2.18734e-08 0 2.35268e-08 0 2.50328e-08 0 2.64528e-08 0 2.78094e-08 0 2.90635e-08 0 3.02407e-08 0 3.1403e-08 0 3.24805e-08 0 3.35035e-08 0 3.45039e-08 0 3.54453e-08 0 3.63963e-08 0 3.72851e-08 0
335.009 1.24146e-09 1.23648e-09 4.98514e-12 0.00401554 0.0015939 3.25458e-09 0 5.52037e-09 0 8.82427e-09 0 1.13596e-08 0 1.34386e-08 0 1.52452e-08 0 1.68377e-08 0 1.82775e-08 0 1.95998e-08 0 2.08011e-08 0 2.19315e-08 0 2.30094e-08 0 2.40043e-08 0 2.49369e-08 0 2.58563e-08 0 2.67078e-08 0 2.75153e-08 0 2.83041e-08 0 2.90457e-08 0 2.97942e-08 0 3.04932e-08 0
352.205 1.13382e-09 1.12974e-09 4.08005e-12 0.00359848 0.00144137 2.91717e-09 0 4.82921e-09 0 7.55906e-09 0 9.62433e-09 0 1.13043e-08 0 1.2756e-08 0 1.40305e-08 0 1.51789e-08 0 1.62308e-08 0 1.71843e-08 0 1.80799e-08 0 1.89323e-08 0 1.97179e-08 0 2.04533e-08 0 2.11776e-08 0 2.18475e-08 0 2.24821e-08 0 2.31016e-08 0 2.36835e-08 0 2.42703e-08 0 2.48179e-08 0
370.284 1.03603e-09 1.03269e-09 3.33962e-12 0.00322349 0.00130357 2.58805e-09 0 4.1872e-09 0 6.42576e-09 0 8.0971e-09 0 9.44647e-09 0 1.06065e-08 0 1.1621e-08 0 1.25325e-08 0 1.33652e-08 0 1.41186e-08 0 1.48248e-08 0 1.5496e-08 0 1.61137e-08 0 1.66913e-08 0 1.72594e-08 0 1.77844e-08 0 1.82813e-08 0 1.87659e-08 0 1.92207e-08 0 1.96791e-08 0 2.01065e-08 0
389.291 9.46745e-10 9.44011e-10 2.73392e-12 0.00288771 0.00117885 2.27307e-09 0 3.59889e-09 0 5.42104e-09 0 6.76486e-09 0 7.84226e-09 0 8.76414e-09 0 9.56748e-09 0 1.02872e-08 0 1.09433e-08 0 1.15357e-08 0 1.20902e-08 0 1.26163e-08 0 1.31e-08 0 1.35517e-08 0 1.39955e-08 0 1.44053e-08 0 1.47928e-08 0 1.51704e-08 0 1.55246e-08 0 1.58812e-08 0 1.62136e-08 0
409.273 8.6638e-10 8.64142e-10 2.23813e-12 0.00258331 0.00106596 1.98022e-09 0 3.07195e-09 0 4.54693e-09 0 5.62238e-09 0 6.47907e-09 0 7.20891e-09 0 7.84282e-09 0 8.40932e-09 0 8.92461e-09 0 9.38907e-09 0 9.82312e-09 0 1.02345e-08 0 1.06122e-08 0 1.09645e-08 0 1.13104e-08 0 1.16295e-08 0 1.1931e-08 0 1.22246e-08 0 1.24998e-08 0 1.27768e-08 0 1.30347e-08 0
430.281 7.93269e-10 7.91437e-10 1.83196e-12 0.00230938 0.00096379 1.71053e-09 0 2.60313e-09 0 3.79006e-09 0 4.64637e-09 0 5.32445e-09 0 5.8998e-09 0 6.39802e-09 0 6.84222e-09 0 7.24548e-09 0 7.60837e-09 0 7.94703e-09 0 8.2676e-09 0 8.5616e-09 0 8.83563e-09 0 9.10441e-09 0 9.35215e-09 0 9.58608e-09 0 9.81373e-09 0 1.0027e-08 0 1.02415e-08 0 1.04412e-08 0
452.368 7.26475e-10 7.24976e-10 1.49981e-12 0.0020645 0.000871577 1.46537e-09 0 2.19011e-09 0 3.13973e-09 0 3.81816e-09 0 4.35244e-09 0 4.80409e-09 0 5.19412e-09 0 5.5411e-09 0 5.85555e-09 0 6.13809e-09 0 6.40144e-09 0 6.65044e-09 0 6.87857e-09 0 7.09103e-09 0 7.29925e-09 0 7.49103e-09 0 7.672e-09 0 7.84801e-09 0 8.0128e-09 0 8.17846e-09 0 8.3326e-09 0
475.588 6.657e-10 6.64472e-10 1.22778e-12 0.00184434 0.00078826 1.24608e-09 0 1.831e-09 0 2.58701e-09 0 3.12226e-09 0 3.54166e-09 0 3.89498e-09 0 4.19933e-09 0 4.46954e-09 0 4.71402e-09 0 4.93339e-09 0 5.13762e-09 0 5.33054e-09 0 5.50712e-09 0 5.67143e-09 0 5.83235e-09 0 5.98047e-09 0 6.12016e-09 0 6.25595e-09 0 6.38301e-09 0 6.51068e-09 0 6.62943e-09 0
500 6.10551e-10 6.09546e-10 1.00514e-12 0.00164629 0.000712859 1.05261e-09 0 1.52219e-09 0 2.12153e-09 0 2.54234e-09 0 2.87053e-09 0 3.14615e-09 0 3.38301e-09 0 3.59293e-09 0 3.78256e-09 0 3.95251e-09 0 4.11057e-09 0 4.25972e-09 0 4.39613e-09 0 4.52297e-09 0 4.64712e-09 0 4.76131e-09 0 4.86895e-09 0 4.97353e-09 0 5.07135e-09 0 5.16959e-09 0 5.26092e-09 0
525.665 5.60043e-10 5.5922e-10 8.22971e-13 0.00146948 0.000644734 8.83014e-10 0 1.25793e-09 0 1.73089e-09 0 2.06043e-09 0 2.31634e-09 0 2.53064e-09 0 2.71441e-09 0 2.877e-09 0 3.02368e-09 0 3.15499e-09 0 3.27699e-09 0 3.39201e-09 0 3.49713e-09 0 3.59482e-09 0 3.69036e-09 0 3.77821e-09 0 3.86096e-09 0 3.94133e-09 0 4.01647e-09 0 4.0919e-09 0 4.16201e-09 0
552.648 5.14196e-10 5.13522e-10 6.73801e-13 0.0013104 0.000583201 7.3653e-10 0 1.03457e-09 0 1.40654e-09 0 1.66388e-09 0 1.86294e-09 0 2.0292e-09 0 2.17149e-09 0 2.29719e-09 0 2.41045e-09 0 2.51174e-09 0 2.60575e-09 0 2.69433e-09 0 2.77522e-09 0 2.85035e-09 0 2.92379e-09 0 2.99127e-09 0 3.05482e-09 0 3.11651e-09 0 3.17416e-09 0 3.23202e-09 0 3.28577e-09 0
581.015 4.72367e-10 4.71816e-10 5.51607e-13 0.00116775 0.000527534 6.10867e-10 0 8.46783e-10 0 1.13832e-09 0 1.33871e-09 0 1.49317e-09 0 1.62186e-09 0 1.7318e-09 0 1.82878e-09 0 1.91607e-09 0 1.99406e-09 0 2.06639e-09 0 2.13448e-09 0 2.19663e-09 0 2.25431e-09 0 2.31068e-09 0 2.36244e-09 0 2.41118e-09 0 2.45846e-09 0 2.50263e-09 0 2.54695e-09 0 2.58811e-09 0
610.839 4.34176e-10 4.33724e-10 4.51601e-13 0.00104013 0.000477199 5.03955e-10 0 6.89965e-10 0 9.1775e-10 0 1.07339e-09 0 1.19296e-09 0 1.29236e-09 0 1.37714e-09 0 1.45184e-09 0 1.519e-09 0 1.57894e-09 0 1.6345e-09 0 1.68677e-09 0 1.73445e-09 0 1.77869e-09 0 1.82189e-09 0 1.86155e-09 0 1.89887e-09 0 1.93507e-09 0 1.96887e-09 0 2.00278e-09 0 2.03427e-09 0
642.193 3.99212e-10 3.98843e-10 3.6975e-13 0.000926199 0.000431705 4.13619e-10 0 5.59731e-10 0 7.3717e-10 0 8.5775e-10 0 9.50105e-10 0 1.02673e-09 0 1.09199e-09 0 1.14941e-09 0 1.20099e-09 0 1.247e-09 0 1.28961e-09 0 1.32968e-09 0 1.3662e-09 0 1.40007e-09 0 1.43314e-09 0 1.46348e-09 0 1.49203e-09 0 1.5197e-09 0 1.54555e-09 0 1.57146e-09 0 1.59551e-09 0
675.157 3.67259e-10 3.66956e-10 3.02742e-13 0.000824329 0.000390583 3.37907e-10 0 4.52307e-10 0 5.90175e-10 0 6.83398e-10 0 7.54603e-10 0 8.1357e-10 0 8.63722e-10 0 9.07809e-10 0 9.47373e-10 0 9.82637e-10 0 1.01528e-09 0 1.04595e-09 0 1.0739e-09 0 1.09981e-09 0 1.12509e-09 0 1.14829e-09 0 1.1701e-09 0 1.19124e-09 0 1.21098e-09 0 1.23076e-09 0 1.24912e-09 0
709.813 3.38065e-10 3.37817e-10 2.47848e-13 0.000733137 0.000353395 2.74886e-10 0 3.642e-10 0 4.71084e-10 0 5.43027e-10 0 5.97839e-10 0 6.43156e-10 0 6.81649e-10 0 7.15455e-10 0 7.45769e-10 0 7.7277e-10 0 7.97748e-10 0 8.2121e-10 0 8.4258e-10 0 8.62381e-10 0 8.81696e-10 0 8.99411e-10 0 9.16064e-10 0 9.32204e-10 0 9.47265e-10 0 9.6236e-10 0 9.76366e-10 0
746.248 3.11472e-10 3.11269e-10 2.02929e-13 0.000651516 0.000319726 2.22806e-10 0 2.92377e-10 0 3.75101e-10 0 4.3055e-10 0 4.727e-10 0 5.07494e-10 0 5.37015e-10 0 5.62919e-10 0 5.86131e-10 0 6.06793e-10 0 6.25897e-10 0 6.43834e-10 0 6.60165e-10 0 6.75291e-10 0 6.90043e-10 0 7.03567e-10 0 7.16279e-10 0 7.28595e-10 0 7.40086e-10 0 7.516e-10 0 7.62281e-10 0
784.553 2.86979e-10 2.86813e-10 1.66153e-13 0.000578972 0.000289248 1.79831e-10 0 2.33867e-10 0 2.97744e-10 0 3.40396e-10 0 3.72751e-10 0 3.99422e-10 0 4.22029e-10 0 4.41849e-10 0 4.59597e-10 0 4.75387e-10 0 4.89981e-10 0 5.03676e-10 0 5.16142e-10 0 5.27684e-10 0 5.38936e-10 0 5.49251e-10 0 5.58942e-10 0 5.6833e-10 0 5.77088e-10 0 5.85862e-10 0 5.93999e-10 0
824.824 2.64657e-10 2.64521e-10 1.3603e-13 0.000513986 0.000261716 1.44701e-10 0 1.86599e-10 0 2.35861e-10 0 2.68641e-10 0 2.9346e-10 0 3.13892e-10 0 3.31195e-10 0 3.46354e-10 0 3.5992e-10 0 3.71984e-10 0 3.83128e-10 0 3.93583e-10 0 4.03096e-10 0 4.11902e-10 0 4.20484e-10 0 4.28349e-10 0 4.35738e-10 0 4.42894e-10 0 4.49568e-10 0 4.56253e-10 0 4.62453e-10 0
867.163 2.4412e-10 2.44009e-10 1.11381e-13 0.000456254 0.000236844 1.16022e-10 0 1.48435e-10 0 1.86361e-10 0 2.11517e-10 0 2.3053e-10 0 2.46165e-10 0 2.59394e-10 0 2.70976e-10 0 2.81336e-10 0 2.90544e-10 0 2.99047e-10 0 3.07022e-10 0 3.14275e-10 0 3.20988e-10 0 3.27529e-10 0 3.33522e-10 0 3.39151e-10 0 3.44601e-10 0 3.49684e-10 0 3.54774e-10 0 3.59494e-10 0
911.674 2.25368e-10 2.25277e-10 9.11887e-14 0.000404622 0.000214335 9.27795e-11 0 1.17822e-10 0 1.46991e-10 0 1.66284e-10 0 1.80843e-10 0 1.92802e-10 0 2.02913e-10 0 2.1176e-10 0 2.19669e-10 0 2.26696e-10 0 2.33183e-10 0 2.39265e-10 0 2.44796e-10 0 2.49913e-10 0 2.54898e-10 0 2.59464e-10 0 2.63752e-10 0 2.67904e-10 0 2.71775e-10 0 2.75651e-10 0 2.79245e-10 0
958.471 2.08078e-10 2.08004e-10 7.46681e-14 0.000358846 0.000193986 7.39575e-11 0 9.32674e-11 0 1.15669e-10 0 1.30446e-10 0 1.41581e-10 0 1.50719e-10 0 1.5844e-10 0 1.65191e-10 0 1.71225e-10 0 1.76583e-10 0 1.81528e-10 0 1.86163e-10 0 1.90377e-10 0 1.94274e-10 0 1.98071e-10 0 2.01548e-10 0 2.04813e-10 0 2.07973e-10 0 2.10919e-10 0 2.13869e-10 0 2.16604e-10 0
1007.67 1.92294e-10 1.92233e-10 6.11279e-14 0.000317888 0.000175564 5.8827e-11 0 7.37032e-11 0 9.0897e-11 0 1.02212e-10 0 1.10727e-10 0 1.17709e-10 0 1.23604e-10 0 1.28757e-10 0 1.3336e-10 0 1.37446e-10 0 1.41216e-10 0 1.44749e-10 0 1.4796e-10 0 1.50929e-10 0 1.53821e-10 0 1.56469e-10 0 1.58955e-10 0 1.61362e-10 0 1.63605e-10 0 1.6585e-10 0 1.67932e-10 0
1059.39 1.77734e-10 1.77684e-10 5.00579e-14 0.000281645 0.000158889 4.66637e-11 0 5.81066e-11 0 7.12877e-11 0 7.99431e-11 0 8.6449e-11 0 9.17795e-11 0 9.62774e-11 0 1.00207e-10 0 1.03716e-10 0 1.0683e-10 0 1.09703e-10 0 1.12394e-10 0 1.1484e-10 0 1.17101e-10 0 1.19303e-10 0 1.21319e-10 0 1.23211e-10 0 1.25042e-10 0 1.26749e-10 0 1.28458e-10 0 1.30041e-10 0
1113.77 1.64396e-10 1.64355e-10 4.09744e-14 0.000249243 0.000143791 3.69419e-11 0 4.57368e-11 0 5.58366e-11 0 6.24556e-11 0 6.74254e-11 0 7.14944e-11 0 7.49261e-11 0 7.7923e-11 0 8.05981e-11 0 8.29719e-11 0 8.51607e-11 0 8.72108e-11 0 8.90736e-11 0 9.07956e-11 0 9.24722e-11 0 9.40071e-11 0 9.54476e-11 0 9.68416e-11 0 9.81407e-11 0 9.9441e-11 0 1.00646e-10 0
1170.94 1.52118e-10 1.52084e-10 3.35499e-14 0.000220552 0.000130118 2.91824e-11 0 3.59353e-11 0 4.36685e-11 0 4.87274e-11 0 5.25222e-11 0 5.56271e-11 0 5.82444e-11 0 6.05293e-11 0 6.25682e-11 0 6.4377e-11 0 6.60445e-11 0 6.7606e-11 0 6.90246e-11 0 7.03359e-11 0 7.16123e-11 0 7.27807e-11 0 7.38772e-11 0 7.49382e-11 0 7.59268e-11 0 7.69163e-11 0 7.78332e-11 0
1231.05 1.4085e-10 1.40822e-10 2.74706e-14 0.000195034 0.000117767 2.3013e-11 0 2.81949e-11 0 3.4114e-11 0 3.79798e-11 0 4.0877e-11 0 4.32461e-11 0 4.52424e-11 0 4.69845e-11 0 4.85386e-11 0 4.9917e-11 0 5.11875e-11 0 5.23771e-11 0 5.34575e-11 0 5.44561e-11 0 5.54281e-11 0 5.63177e-11 0 5.71525e-11 0 5.79602e-11 0 5.87127e-11 0 5.94659e-11 0 6.01637e-11 0
1294.24 1.30482e-10 1.30459e-10 2.24968e-14 0.000172414 0.000106597 1.81161e-11 0 2.20898e-11 0 2.66184e-11 0 2.95717e-11 0 3.17833e-11 0 3.35908e-11 0 3.51131e-11 0 3.64413e-11 0 3.76259e-11 0 3.86763e-11 0 3.96443e-11 0 4.05505e-11 0 4.13734e-11 0 4.2134e-11 0 4.28742e-11 0 4.35516e-11 0 4.41871e-11 0 4.4802e-11 0 4.53749e-11 0 4.59482e-11 0 4.64793e-11 0
1360.67 1.20917e-10 1.20899e-10 1.842e-14 0.000152335 9.64787e-05 1.4236e-11 0 1.72811e-11 0 2.07442e-11 0 2.29995e-11 0 2.46872e-11 0 2.60658e-11 0 2.72266e-11 0 2.8239e-11 0 2.91418e-11 0 2.99421e-11 0 3.06796e-11 0 3.13698e-11 0 3.19966e-11 0 3.25758e-11 0 3.31394e-11 0 3.36552e-11 0 3.41391e-11 0 3.46072e-11 0 3.50433e-11 0 3.54797e-11 0 3.58839e-11 0
1430.51 1.12144e-10 1.12129e-10 1.5083e-14 0.000134497 8.73184e-05 1.11738e-11 0 1.35069e-11 0 1.61552e-11 0 1.78778e-11 0 1.9166e-11 0 2.02179e-11 0 2.11032e-11 0 2.18752e-11 0 2.25634e-11 0 2.31735e-11 0 2.37355e-11 0 2.42615e-11 0 2.47391e-11 0 2.51804e-11 0 2.56097e-11 0 2.60026e-11 0 2.63712e-11 0 2.67277e-11 0 2.70598e-11 0 2.73921e-11 0 2.77e-11 0
1503.94 1.04027e-10 1.04014e-10 1.23501e-14 0.00011872 7.90239e-05 8.75562e-12 0 1.0542e-11 0 1.25663e-11 0 1.38815e-11 0 1.48645e-11 0 1.56668e-11 0 1.63419e-11 0 1.69304e-11 0 1.74549e-11 0 1.79199e-11 0 1.83481e-11 0 1.87489e-11 0 1.91127e-11 0 1.94488e-11 0 1.97759e-11 0 2.00751e-11 0 2.03558e-11 0 2.06273e-11 0 2.08802e-11 0 2.11333e-11 0 2.13677e-11 0
1581.14 9.65859e-11 9.65758e-11 1.01121e-14 0.000104695 7.15214e-05 6.8551e-12 0 8.22308e-12 0 9.77077e-12 0 1.07754e-11 0 1.15258e-11 0 1.2138e-11 0 1.2653e-11 0 1.31019e-11 0 1.3502e-11 0 1.38565e-11 0 1.4183e-11 0 1.44885e-11 0 1.47659e-11 0 1.50221e-11 0 1.52714e-11 0 1.54994e-11 0 1.57133e-11 0 1.59202e-11 0 1.61129e-11 0 1.63057e-11 0 1.64843e-11 0
1662.3 8.96652e-11 8.96569e-11 8.28086e-15 9.23531e-05 6.47307e-05 5.35757e-12 0 6.40425e-12 0 7.58676e-12 0 8.35362e-12 0 8.92614e-12 0 9.39311e-12 0 9.78585e-12 0 1.01281e-11 0 1.0433e-11 0 1.07032e-11 0 1.09521e-11 0 1.11849e-11 0 1.13962e-11 0 1.15914e-11 0 1.17813e-11 0 1.19551e-11 0 1.2118e-11 0 1.22756e-11 0 1.24224e-11 0 1.25693e-11 0 1.27053e-11 0
1747.63 8.33356e-11 8.33288e-11 6.78064e-15 8.13654e-05 5.85818e-05 4.18549e-12 0 4.98673e-12 0 5.89079e-12 0 6.47659e-12 0 6.91374e-12 0 7.27019e-12 0 7.56991e-12 0 7.83104e-12 0 8.0637e-12 0 8.26981e-12 0 8.45962e-12 0 8.63719e-12 0 8.79836e-12 0 8.94722e-12 0 9.09203e-12 0 9.2245e-12 0 9.34874e-12 0 9.4689e-12 0 9.58082e-12 0 9.69277e-12 0 9.79647e-12 0
1837.33 7.74565e-11 7.74509e-11 5.55239e-15 7.16839e-05 5.30147e-05 3.26523e-12 0 3.87826e-12 0 4.56914e-12 0 5.01648e-12 0 5.35017e-12 0 5.62218e-12 0 5.85086e-12 0 6.05007e-12 0 6.22753e-12 0 6.38472e-12 0 6.52947e-12 0 6.66488e-12 0 6.78777e-12 0 6.90127e-12 0 7.01167e-12 0 7.11266e-12 0 7.20738e-12 0 7.29898e-12 0 7.38429e-12 0 7.46963e-12 0 7.54867e-12 0
1931.64 7.20654e-11 7.20609e-11 4.54689e-15 6.3094e-05 4.79822e-05 2.54641e-12 0 3.01567e-12 0 3.54396e-12 0 3.88578e-12 0 4.14067e-12 0 4.3484e-12 0 4.52301e-12 0 4.67509e-12 0 4.81055e-12 0 4.93054e-12 0 5.04101e-12 0 5.14434e-12 0 5.23812e-12 0 5.32473e-12 0 5.40897e-12 0 5.48603e-12 0 5.5583e-12 0 5.62818e-12 0 5.69326e-12 0 5.75837e-12 0 5.81866e-12 0
2030.79 6.69585e-11 6.69548e-11 3.72372e-15 5.56124e-05 4.34273e-05 1.98058e-12 0 2.33913e-12 0 2.74239e-12 0 3.00315e-12 0 3.19753e-12 0 3.35592e-12 0 3.48902e-12 0 3.60494e-12 0 3.70818e-12 0 3.79962e-12 0 3.8838e-12 0 3.96254e-12 0 4.03399e-12 0 4.09998e-12 0 4.16416e-12 0 4.22286e-12 0 4.27791e-12 0 4.33115e-12 0 4.38073e-12 0 4.43032e-12 0 4.47625e-12 0
2135.03 6.20702e-11 6.20672e-11 3.04907e-15 4.9123e-05 3.92981e-05 1.53507e-12 0 1.80827e-12 0 2.11527e-12 0 2.31369e-12 0 2.46154e-12 0 2.58199e-12 0 2.6832e-12 0 2.77134e-12 0 2.84982e-12 0 2.91933e-12 0 2.98332e-12 0 3.04317e-12 0 3.09748e-12 0 3.14763e-12 0 3.1964e-12 0 3.24102e-12 0 3.28285e-12 0 3.3233e-12 0 3.36098e-12 0 3.39866e-12 0 3.43356e-12 0
2244.63 5.75099e-11 5.75074e-11 2.49656e-15 4.3411e-05 3.55597e-05 1.18782e-12 0 1.3958e-12 0 1.62933e-12 0 1.78019e-12 0 1.89257e-12 0 1.98411e-12 0 2.06101e-12 0 2.12797e-12 0 2.1876e-12 0 2.2404e-12 0 2.28901e-12 0 2.33447e-12 0 2.37572e-12 0 2.41381e-12 0 2.45085e-12 0 2.48473e-12 0 2.51651e-12 0 2.54723e-12 0 2.57583e-12 0 2.60445e-12 0 2.63095e-12 0
2359.84 5.33043e-11 5.33023e-11 2.04425e-15 3.83505e-05 3.21788e-05 9.18469e-13 0 1.0768e-12 0 1.25447e-12 0 1.36918e-12 0 1.45461e-12 0 1.52419e-12 0 1.58264e-12 0 1.63352e-12 0 1.67883e-12 0 1.71895e-12 0 1.75588e-12 0 1.79042e-12 0 1.82176e-12 0 1.85069e-12 0 1.87884e-12 0 1.90457e-12 0 1.92871e-12 0 1.95204e-12 0 1.97377e-12 0 1.99551e-12 0 2.01564e-12 0
2480.97 4.93937e-11 4.9392e-11 1.67405e-15 3.3892e-05 2.91223e-05 7.09293e-13 0 8.29762e-13 0 9.64848e-13 0 1.05203e-12 0 1.11695e-12 0 1.16982e-12 0 1.21422e-12 0 1.25287e-12 0 1.28729e-12 0 1.31776e-12 0 1.34581e-12 0 1.37204e-12 0 1.39583e-12 0 1.41781e-12 0 1.43918e-12 0 1.45872e-12 0 1.47705e-12 0 1.49477e-12 0 1.51127e-12 0 1.52777e-12 0 1.54305e-12 0
2608.32 4.57741e-11 4.57727e-11 1.37073e-15 2.99456e-05 2.63568e-05 5.47282e-13 0 6.38923e-13 0 7.41623e-13 0 8.0788e-13 0 8.57209e-13 0 8.97368e-13 0 9.31097e-13 0 9.60458e-13 0 9.86597e-13 0 1.00974e-12 0 1.03104e-12 0 1.05096e-12 0 1.06903e-12 0 1.08572e-12 0 1.10195e-12 0 1.11679e-12 0 1.1307e-12 0 1.14416e-12 0 1.15669e-12 0 1.16922e-12 0 1.18082e-12 0
2742.21 4.24148e-11 4.24137e-11 1.1224e-15 2.64625e-05 2.38531e-05 4.21844e-13 0 4.91529e-13 0 5.69581e-13 0 6.1992e-13 0 6.5739e-13 0 6.87891e-13 0 7.13507e-13 0 7.35803e-13 0 7.55652e-13 0 7.73226e-13 0 7.89399e-13 0 8.04523e-13 0 8.18244e-13 0 8.30913e-13 0 8.43233e-13 0 8.54499e-13 0 8.65063e-13 0 8.75277e-13 0 8.84788e-13 0 8.943e-13 0 9.03109e-13 0
2882.97 3.9307e-11 3.93061e-11 9.18917e-16 2.33779e-05 2.15874e-05 3.24922e-13 0 3.77905e-13 0 4.37221e-13 0 4.75464e-13 0 5.03926e-13 0 5.27093e-13 0 5.46546e-13 0 5.63478e-13 0 5.78551e-13 0 5.91895e-13 0 6.04176e-13 0 6.15659e-13 0 6.26077e-13 0 6.35696e-13 0 6.45049e-13 0 6.53603e-13 0 6.61623e-13 0 6.69377e-13 0 6.76598e-13 0 6.83819e-13 0 6.90506e-13 0
3030.95 3.64286e-11 3.64279e-11 7.52445e-16 2.06553e-05 1.95391e-05 2.50078e-13 0 2.90355e-13 0 3.35426e-13 0 3.64478e-13 0 3.86096e-13 0 4.0369e-13 0 4.18463e-13 0 4.3132e-13 0 4.42765e-13 0 4.52897e-13 0 4.62222e-13 0 4.7094e-13 0 4.7885e-13 0 4.86152e-13 0 4.93254e-13 0 4.99747e-13 0 5.05836e-13 0 5.11723e-13 0 5.17204e-13 0 5.22686e-13 0 5.27762e-13 0
3186.53 3.37635e-11 3.37629e-11 6.1608e-16 1.82469e-05 1.76819e-05 1.92342e-13 0 2.22956e-13 0 2.57202e-13 0 2.79269e-13 0 2.95688e-13 0 3.0905e-13 0 3.20268e-13 0 3.30031e-13 0 3.38721e-13 0 3.46415e-13 0 3.53494e-13 0 3.60114e-13 0 3.66119e-13 0 3.71663e-13 0 3.77054e-13 0 3.81984e-13 0 3.86607e-13 0 3.91075e-13 0 3.95237e-13 0 3.99398e-13 0 4.03252e-13 0
3350.09 3.12898e-11 3.12893e-11 5.04414e-16 1.61207e-05 1.60002e-05 1.47813e-13 0 1.71075e-13 0 1.97088e-13 0 2.13847e-13 0 2.26314e-13 0 2.36459e-13 0 2.44977e-13 0 2.52389e-13 0 2.58986e-13 0 2.64826e-13 0 2.70201e-13 0 2.75225e-13 0 2.79784e-13 0 2.83992e-13 0 2.88085e-13 0 2.91827e-13 0 2.95335e-13 0 2.98727e-13 0 3.01885e-13 0 3.05044e-13 0 3.07969e-13 0
3522.05 2.89862e-11 2.89858e-11 4.13061e-16 1.42503e-05 1.44781e-05 1.13472e-13 0 1.31139e-13 0 1.50888e-13 0 1.63609e-13 0 1.73072e-13 0 1.80771e-13 0 1.87234e-13 0 1.92859e-13 0 1.97865e-13 0 2.02296e-13 0 2.06374e-13 0 2.10187e-13 0 2.13646e-13 0 2.16839e-13 0 2.19944e-13 0 2.22783e-13 0 2.25445e-13 0 2.28018e-13 0 2.30414e-13 0 2.32811e-13 0 2.3503e-13 0
3702.84 2.68639e-11 2.68635e-11 3.38189e-16 1.2589e-05 1.31031e-05 8.70912e-14 0 1.00512e-13 0 1.15511e-13 0 1.2517e-13 0 1.32354e-13 0 1.38199e-13 0 1.43106e-13 0 1.47376e-13 0 1.51176e-13 0 1.5454e-13 0 1.57635e-13 0 1.60529e-13 0 1.63154e-13 0 1.65578e-13 0 1.67934e-13 0 1.70089e-13 0 1.7211e-13 0 1.74063e-13 0 1.75882e-13 0 1.777e-13 0 1.79385e-13 0
3892.91 2.48967e-11 2.48965e-11 2.76883e-16 1.11213e-05 1.18582e-05 6.68028e-14 0 7.69971e-14 0 8.83866e-14 0 9.57202e-14 0 1.01174e-13 0 1.05611e-13 0 1.09336e-13 0 1.12577e-13 0 1.15461e-13 0 1.18015e-13 0 1.20364e-13 0 1.22561e-13 0 1.24553e-13 0 1.26393e-13 0 1.28181e-13 0 1.29817e-13 0 1.3135e-13 0 1.32832e-13 0 1.34213e-13 0 1.35593e-13 0 1.36871e-13 0
4092.73 2.30737e-11 2.30734e-11 2.26682e-16 9.82428e-06 1.07306e-05 5.12113e-14 0 5.89536e-14 0 6.76016e-14 0 7.31691e-14 0 7.73093e-14 0 8.06774e-14 0 8.35045e-14 0 8.59645e-14 0 8.81539e-14 0 9.00917e-14 0 9.18749e-14 0 9.3542e-14 0 9.50542e-14 0 9.64502e-14 0 9.78076e-14 0 9.90488e-14 0 1.00213e-13 0 1.01338e-13 0 1.02385e-13 0 1.03433e-13 0 1.04403e-13 0
4302.81 2.13834e-11 2.13832e-11 1.85587e-16 8.67904e-06 9.70925e-06 3.92363e-14 0 4.51156e-14 0 5.16812e-14 0 5.59075e-14 0 5.90501e-14 0 6.16065e-14 0 6.37523e-14 0 6.56193e-14 0 6.72809e-14 0 6.87516e-14 0 7.01048e-14 0 7.137e-14 0 7.25176e-14 0 7.3577e-14 0 7.46071e-14 0 7.55491e-14 0 7.64321e-14 0 7.72859e-14 0 7.80808e-14 0 7.88757e-14 0 7.96118e-14 0
4523.68 1.98179e-11 1.98177e-11 1.51944e-16 7.66705e-06 8.78651e-06 3.00474e-14 0 3.45117e-14 0 3.94962e-14 0 4.27043e-14 0 4.50897e-14 0 4.703e-14 0 4.86585e-14 0 5.00755e-14 0 5.13366e-14 0 5.24527e-14 0 5.34797e-14 0 5.44399e-14 0 5.53108e-14 0 5.61148e-14 0 5.68965e-14 0 5.76113e-14 0 5.82815e-14 0 5.89293e-14 0 5.95325e-14 0 6.01358e-14 0 6.06944e-14 0
4755.88 1.83637e-11 1.83636e-11 1.24392e-16 6.77376e-06 7.95142e-06 2.29954e-14 0 2.63844e-14 0 3.01676e-14 0 3.26023e-14 0 3.44124e-14 0 3.58848e-14 0 3.71206e-14 0 3.81958e-14 0 3.91527e-14 0 3.99996e-14 0 4.07788e-14 0 4.15073e-14 0 4.21681e-14 0 4.27781e-14 0 4.33712e-14 0 4.39136e-14 0 4.4422e-14 0 4.49136e-14 0 4.53712e-14 0 4.58289e-14 0 4.62527e-14 0
5000 1.70198e-11 1.70197e-11 1.01841e-16 5.9837e-06 7.19528e-06 1.75939e-14 0 2.01669e-14 0 2.30388e-14 0 2.48867e-14 0 2.62606e-14 0 2.73781e-14 0 2.83159e-14 0 2.91319e-14 0 2.98581e-14 0 3.05008e-14 0 3.10921e-14 0 3.1645e-14 0 3.21464e-14 0 3.26094e-14 0 3.30595e-14 0 3.3471e-14 0 3.38568e-14 0 3.42298e-14 0 3.45771e-14 0 3.49244e-14 0 3.5246e-14 0
