# 8.19495e-08 3 8 : grain size, compostion index, size index
# Heating and cooling timescale: 712168 0.823978
# Ratio of heating to cooling to determine stochastic cutoff: 100
# Equilibrium emission is recorded even for those grains in the stochastic regime.
# Emission spectrum was computed for: 
# Type: IRSF
# Scales: 0.5 1 2 5 10
StochasticallyHeated: 1 1 1 1 1
# Temperature: -1
# Wavelength  CExt  CAbs  CSca  Albedo G EqEm1 StEm1 EqEm2 StEm2 EqEm3 StEm3 EqEm4 StEm4 EqEm5 StEm5
0.05 2.32103e-15 2.32053e-15 5.00635e-19 0.000215695 0.00156642 0 0 0 0 0 0 0 0 0 0
0.0525665 2.40024e-15 2.39976e-15 4.77027e-19 0.000198742 0.00140807 0 0 0 0 0 0 0 0 0 0
0.0552647 2.51765e-15 2.51718e-15 4.72649e-19 0.000187734 0.00126015 0 0 0 0 0 0 0 0 0 0
0.0581015 2.75928e-15 2.75877e-15 5.08459e-19 0.000184272 0.00112005 0 0 0 0 0 0 0 0 0 0
0.0610839 3.12599e-15 3.12542e-15 5.71283e-19 0.000182752 0.00099209 0 0 0 0 0 0 0 0 0 0
0.0642193 3.47945e-15 3.47883e-15 6.18824e-19 0.000177851 0.000880744 0 0 0 0 0 0 0 0 0 0
0.0675157 3.69607e-15 3.69544e-15 6.28019e-19 0.000169915 0.000786844 0 0 0 0 0 0 0 0 0 0
0.0709813 3.71053e-15 3.70994e-15 5.94804e-19 0.000160302 0.000710621 0 0 0 0 0 0 0 0 0 0
0.0746248 3.51669e-15 3.51616e-15 5.27135e-19 0.000149895 0.000652373 0 0 0 0 0 0 0 0 0 0
0.0784553 3.14959e-15 3.14915e-15 4.36475e-19 0.000138582 0.000612926 0 0 0 0 0 0 0 0 0 0
0.0824824 2.67088e-15 2.67055e-15 3.3434e-19 0.00012518 0.000591574 0 0 0 0 0 0 0 0 0 0
0.0867162 2.44706e-15 2.4468e-15 2.6357e-19 0.000107709 0.000545678 0 0 0 0 0 0 0 0 0 0
0.0911674 2.30969e-15 2.30946e-15 2.32824e-19 0.000100803 0.000499115 0 0 0 0 0 0 0 0 0 0
0.095847 1.99728e-15 1.99709e-15 1.95164e-19 9.77149e-05 0.000479913 0 0 0 0 0 0 0 0 0 0
0.100767 1.68844e-15 1.68828e-15 1.57676e-19 9.33854e-05 0.000466847 0 0 0 0 0 0 0 0 0 0
0.105939 1.37014e-15 1.37002e-15 1.21358e-19 8.85731e-05 0.000460728 0 0 0 0 0 0 0 0 0 0
0.111377 1.15163e-15 1.15153e-15 9.30582e-20 8.08059e-05 0.000440353 0 0 0 0 0 0 0 0 0 0
0.117094 9.84094e-16 9.84021e-16 7.30022e-20 7.41822e-05 0.000415571 0 0 0 0 0 0 0 0 0 0
0.123105 8.45882e-16 8.45824e-16 5.80468e-20 6.86228e-05 0.000389823 0 0 0 0 0 0 0 0 0 0
0.129424 7.26892e-16 7.26846e-16 4.66837e-20 6.42236e-05 0.000364789 0 0 0 0 0 0 0 0 0 0
0.136067 6.20405e-16 6.20367e-16 3.80593e-20 6.1346e-05 0.000341838 0 0 0 0 0 0 0 0 0 0
0.143051 5.10993e-16 5.10961e-16 3.16443e-20 6.19272e-05 0.00032415 0 0 0 0 0 0 0 0 0 0
0.150394 3.63708e-16 3.63683e-16 2.53231e-20 6.96248e-05 0.000308572 0 0 0 0 0 0 0 0 0 0
0.158114 2.39791e-16 2.39772e-16 1.92902e-20 8.0446e-05 0.000282189 0 0 0 0 0 0 0 0 0 0
0.16623 1.56843e-16 1.56828e-16 1.44918e-20 9.23973e-05 0.000251034 0 0 0 0 0 0 0 0 0 0
0.174762 1.06576e-16 1.06565e-16 1.09252e-20 0.000102511 0.000221574 0 0 0 0 0 0 0 0 0 0
0.183733 7.12972e-17 7.12889e-17 8.26544e-21 0.000115929 0.000195493 0 0 0 0 0 0 0 0 0 0
0.193164 4.85974e-17 4.85911e-17 6.30346e-21 0.000129708 0.000172924 0 0 0 0 0 0 0 0 0 0
0.203079 3.38099e-17 3.3805e-17 4.84329e-21 0.000143251 0.000153423 0 0 0 0 0 0 0 0 0 0
0.213503 2.49934e-17 2.49897e-17 3.73732e-21 0.000149532 0.000136402 0 0 0 0 0 0 0 0 0 0
0.224463 2.1052e-17 2.10491e-17 2.9055e-21 0.000138015 0.000121615 0 0 0 0 0 0 0 0 0 0
0.235984 1.99775e-17 1.99752e-17 2.28272e-21 0.000114264 0.000108803 0 0 0 0 0 0 0 0 0 0
0.248097 1.98365e-17 1.98347e-17 1.80989e-21 9.124e-05 9.761e-05 0 0 0 0 0 0 0 0 0 0
0.260832 1.9325e-17 1.93236e-17 1.44284e-21 7.46619e-05 8.77135e-05 0 0 0 0 0 0 0 0 0 0
0.274221 1.86858e-17 1.86847e-17 1.15456e-21 6.17879e-05 7.89067e-05 0 0 0 0 0 0 0 0 0 0
0.288297 1.80024e-17 1.80015e-17 9.27711e-22 5.15326e-05 7.10659e-05 0 0 0 0 0 0 0 0 0 0
0.303095 1.73184e-17 1.73176e-17 7.47396e-22 4.31562e-05 6.40493e-05 0 0 0 0 0 0 0 0 0 0
0.318653 1.66297e-17 1.66291e-17 6.0317e-22 3.62706e-05 5.77516e-05 0 0 0 0 0 0 0 0 0 0
0.335009 1.59468e-17 1.59463e-17 4.87892e-22 3.0595e-05 5.21039e-05 0 0 0 0 0 0 0 0 0 0
0.352205 1.52804e-17 1.528e-17 3.95277e-22 2.58683e-05 4.7028e-05 0 0 0 0 0 0 0 0 0 0
0.370284 1.46273e-17 1.4627e-17 3.20555e-22 2.19148e-05 4.24565e-05 0 0 0 0 0 0 0 0 0 0
0.389291 1.39936e-17 1.39933e-17 2.60308e-22 1.8602e-05 3.83411e-05 0 1.4013e-45 0 1.4013e-45 0 2.8026e-45 0 8.40779e-45 0 1.68156e-44
0.409273 1.3373e-17 1.33728e-17 2.11749e-22 1.58341e-05 3.46399e-05 0 3.08286e-44 0 6.30584e-44 0 1.24716e-43 0 3.1249e-43 0 6.2638e-43
0.430281 1.27698e-17 1.27696e-17 1.72294e-22 1.34924e-05 3.12979e-05 0 9.80909e-43 0 1.96182e-42 0 3.92364e-42 0 9.81189e-42 0 1.9642e-41
0.452368 1.2188e-17 1.21879e-17 1.40362e-22 1.15164e-05 2.82858e-05 0 2.57489e-41 0 5.15005e-41 0 1.03011e-40 0 2.57609e-40 0 5.15644e-40
0.475588 1.16277e-17 1.16276e-17 1.14391e-22 9.83782e-06 2.55656e-05 0 5.71249e-40 0 1.14256e-39 0 2.28535e-39 0 5.71506e-39 0 1.14387e-38
0.5 1.10928e-17 1.10927e-17 9.33267e-23 8.41329e-06 2.31136e-05 0 1.0801e-38 0 2.1603e-38 0 4.32101e-38 0 1.08055e-37 0 2.1626e-37
0.525665 1.05818e-17 1.05817e-17 7.61498e-23 7.19629e-06 2.0897e-05 0 1.754e-37 0 3.50816e-37 0 7.01695e-37 0 1.75469e-36 0 3.51162e-36
0.552647 1.00948e-17 1.00948e-17 6.2118e-23 6.15345e-06 1.88915e-05 0 2.46476e-36 0 4.92974e-36 0 9.86031e-36 0 2.46568e-35 0 4.93425e-35
0.581015 9.6244e-18 9.62435e-18 5.07681e-23 5.27494e-06 1.7086e-05 0 3.01633e-35 0 6.03291e-35 0 1.20668e-34 0 3.01738e-34 0 6.03805e-34
0.610839 9.17715e-18 9.1771e-18 4.14974e-23 4.52182e-06 1.54537e-05 0 3.2387e-34 0 6.47764e-34 0 1.29562e-33 0 3.23976e-33 0 6.48278e-33
0.642193 8.75155e-18 8.75151e-18 3.39074e-23 3.87445e-06 1.39759e-05 0 3.07041e-33 0 6.14104e-33 0 1.22829e-32 0 3.07136e-32 0 6.1456e-32
0.675157 8.34702e-18 8.34699e-18 2.7711e-23 3.31987e-06 1.26398e-05 0 2.58596e-32 0 5.17209e-32 0 1.03449e-31 0 2.58671e-31 0 5.17568e-31
0.709813 7.96326e-18 7.96324e-18 2.26694e-23 2.84675e-06 1.14344e-05 0 1.94622e-31 0 3.89257e-31 0 7.78562e-31 0 1.94676e-30 0 3.89511e-30
0.746248 7.59872e-18 7.5987e-18 1.85431e-23 2.44029e-06 1.03436e-05 0 1.31607e-30 0 2.63221e-30 0 5.26474e-30 0 1.31641e-29 0 2.63382e-29
0.784553 7.2518e-18 7.25179e-18 1.51632e-23 2.09096e-06 9.35607e-06 0 8.03719e-30 0 1.60748e-29 0 3.21514e-29 0 8.03914e-29 0 1.60841e-28
0.824824 6.91829e-18 6.91828e-18 1.24042e-23 1.79296e-06 8.46345e-06 0 4.45269e-29 0 8.90561e-29 0 1.78122e-28 0 4.45371e-28 0 8.91043e-28
0.867162 6.59924e-18 6.59923e-18 1.01557e-23 1.53892e-06 7.65771e-06 0 2.24898e-28 0 4.49806e-28 0 8.99657e-28 0 2.24946e-27 0 4.50035e-27
0.911674 6.29472e-18 6.29471e-18 8.31289e-24 1.32061e-06 6.92822e-06 0 1.04037e-27 0 2.08079e-27 0 4.16178e-27 0 1.04058e-26 0 2.08179e-26
0.95847 6.00256e-18 6.00255e-18 6.80369e-24 1.13347e-06 6.26786e-06 0 4.42572e-27 0 8.85164e-27 0 1.77041e-26 0 4.42658e-26 0 8.85565e-26
1.00767 5.72511e-18 5.72511e-18 5.56986e-24 9.72883e-07 5.67095e-06 0 1.73919e-26 0 3.47845e-26 0 6.9572e-26 0 1.73951e-25 0 3.47994e-25
1.05939 5.46292e-18 5.46291e-18 4.56022e-24 8.34758e-07 5.13103e-06 0 6.33965e-26 0 1.26796e-25 0 2.53601e-25 0 6.34075e-25 0 1.26847e-24
1.11377 5.2134e-18 5.2134e-18 3.73254e-24 7.15951e-07 4.64211e-06 0 2.15079e-25 0 4.30167e-25 0 8.60366e-25 0 2.15115e-24 0 4.30331e-24
1.17094 4.97489e-18 4.97489e-18 3.05384e-24 6.13851e-07 4.19936e-06 0 6.8136e-25 0 1.36274e-24 0 2.72558e-24 0 6.81466e-24 0 1.36324e-23
1.23105 4.74793e-18 4.74793e-18 2.49981e-24 5.26505e-07 3.79938e-06 0 2.02273e-24 0 4.04553e-24 0 8.09133e-24 0 2.02303e-23 0 4.04692e-23
1.29424 4.54319e-18 4.54319e-18 2.04552e-24 4.50238e-07 3.43726e-06 0 5.65888e-24 0 1.13179e-23 0 2.26366e-23 0 5.65967e-23 0 1.13216e-22
1.36067 4.35099e-18 4.35099e-18 1.67443e-24 3.8484e-07 3.10976e-06 0 1.49381e-23 0 2.98766e-23 0 5.97549e-23 0 1.494e-22 0 2.98858e-22
1.43051 4.168e-18 4.168e-18 1.36964e-24 3.28608e-07 2.81296e-06 0 3.72917e-23 0 7.45845e-23 0 1.49173e-22 0 3.72964e-22 0 7.46063e-22
1.50394 3.99381e-18 3.99381e-18 1.12113e-24 2.80716e-07 2.54498e-06 0 8.82815e-23 0 1.76565e-22 0 3.5314e-22 0 8.8292e-22 0 1.76614e-21
1.58114 3.82699e-18 3.82699e-18 9.17433e-25 2.39727e-07 2.30245e-06 0 1.98643e-22 0 3.97292e-22 0 7.94604e-22 0 1.98666e-21 0 3.97397e-21
1.6623 3.66708e-18 3.66708e-18 7.5012e-25 2.04555e-07 2.08251e-06 0 4.25866e-22 0 8.51742e-22 0 1.70353e-21 0 4.25912e-21 0 8.51955e-21
1.74762 3.51642e-18 3.51642e-18 6.13467e-25 1.74458e-07 1.88367e-06 0 8.72573e-22 0 1.74517e-21 0 3.49041e-21 0 8.72662e-21 0 1.74558e-20
1.83733 3.37885e-18 3.37885e-18 5.01597e-25 1.48452e-07 1.70388e-06 0 1.71469e-21 0 3.42942e-21 0 6.85899e-21 0 1.71486e-20 0 3.43019e-20
1.93164 3.25026e-18 3.25026e-18 4.09951e-25 1.26129e-07 1.54107e-06 0 3.23544e-21 0 6.47095e-21 0 1.29422e-20 0 3.23574e-20 0 6.47234e-20
2.03079 3.12882e-18 3.12882e-18 3.34998e-25 1.07068e-07 1.39369e-06 0 5.87138e-21 0 1.17429e-20 0 2.34862e-20 0 5.87189e-20 0 1.17453e-19
2.13503 3.01374e-18 3.01374e-18 2.7376e-25 9.08371e-08 1.26051e-06 0 1.02655e-20 0 2.05312e-20 0 4.10631e-20 0 1.02663e-19 0 2.05352e-19
2.24463 2.90652e-18 2.90652e-18 2.23572e-25 7.69208e-08 1.13977e-06 0 1.73344e-20 0 3.46692e-20 0 6.93396e-20 0 1.73358e-19 0 3.46756e-19
2.35984 2.8041e-18 2.80409e-18 1.82495e-25 6.50816e-08 1.0306e-06 0 2.82932e-20 0 5.65869e-20 0 1.13176e-19 0 2.82953e-19 0 5.65968e-19
2.48097 2.70724e-18 2.70724e-18 1.48821e-25 5.49714e-08 9.31511e-07 0 4.47267e-20 0 8.94542e-20 0 1.78911e-19 0 4.47299e-19 0 8.94691e-19
2.60832 2.61765e-18 2.61765e-18 1.21398e-25 4.63765e-08 8.42244e-07 0 6.86391e-20 0 1.37279e-19 0 2.74563e-19 0 6.86437e-19 0 1.37301e-18
2.74221 2.53261e-18 2.53261e-18 9.8978e-26 3.90814e-08 7.61055e-07 0 1.02318e-19 0 2.04638e-19 0 4.09283e-19 0 1.02325e-18 0 2.04669e-18
2.88297 2.45366e-18 2.45366e-18 8.05608e-26 3.28329e-08 6.87713e-07 0 1.4847e-19 0 2.96942e-19 0 5.93893e-19 0 1.48479e-18 0 2.96985e-18
3.03095 2.37905e-18 2.37905e-18 6.55607e-26 2.75575e-08 6.215e-07 0 2.09875e-19 0 4.19753e-19 0 8.39516e-19 0 2.09887e-18 0 4.1981e-18
3.18653 2.3139e-18 2.3139e-18 5.3327e-26 2.30463e-08 5.6149e-07 0 2.90053e-19 0 5.8011e-19 0 1.16023e-18 0 2.90069e-18 0 5.80184e-18
3.35009 2.2523e-18 2.2523e-18 4.33189e-26 1.92331e-08 5.07398e-07 0 3.91476e-19 0 7.82957e-19 0 1.56593e-18 0 3.91497e-18 0 7.83053e-18
3.52205 2.18545e-18 2.18545e-18 3.51267e-26 1.6073e-08 4.57936e-07 0 5.14561e-19 0 1.02913e-18 0 2.05828e-18 0 5.14587e-18 0 1.02925e-17
3.70284 2.11959e-18 2.11959e-18 2.84669e-26 1.34304e-08 4.13468e-07 0 6.61176e-19 0 1.32236e-18 0 2.64475e-18 0 6.61207e-18 0 1.3225e-17
3.89291 2.05593e-18 2.05593e-18 2.30236e-26 1.11987e-08 3.73021e-07 0 8.31864e-19 0 1.66374e-18 0 3.32751e-18 0 8.31901e-18 0 1.66391e-17
4.09273 1.99561e-18 1.99561e-18 1.85707e-26 9.30575e-09 3.37153e-07 0 1.02648e-18 0 2.05297e-18 0 4.10598e-18 0 1.02652e-17 0 2.05318e-17
4.30281 1.93247e-18 1.93247e-18 1.49367e-26 7.72933e-09 3.03236e-07 0 1.23962e-18 0 2.47924e-18 0 4.95853e-18 0 1.23967e-17 0 2.47947e-17
4.52368 1.87433e-18 1.87433e-18 1.19817e-26 6.39252e-09 2.73329e-07 0 1.4723e-18 0 2.94461e-18 0 5.88928e-18 0 1.47236e-17 0 2.94488e-17
4.75588 1.8239e-18 1.8239e-18 9.57156e-27 5.24786e-09 2.45881e-07 0 1.7242e-18 0 3.44842e-18 0 6.8969e-18 0 1.72427e-17 0 3.44871e-17
5 1.78603e-18 1.78603e-18 7.59878e-27 4.25456e-09 2.21166e-07 0 1.99873e-18 0 3.99748e-18 0 7.99502e-18 0 1.9988e-17 0 3.9978e-17
5.25665 1.76546e-18 1.76546e-18 5.99397e-27 3.39513e-09 1.98675e-07 0 2.30249e-18 0 4.60499e-18 0 9.21005e-18 0 2.30256e-17 0 4.60534e-17
5.52648 1.75976e-18 1.75976e-18 4.6966e-27 2.66889e-09 1.78752e-07 0 2.63519e-18 0 5.27041e-18 0 1.05409e-17 0 2.63528e-17 0 5.27078e-17
5.81015 1.77771e-18 1.77771e-18 3.63609e-27 2.04538e-09 1.59689e-07 0 3.01385e-18 0 6.02771e-18 0 1.20555e-17 0 3.01393e-17 0 6.02812e-17
6.10839 1.81173e-18 1.81173e-18 2.77909e-27 1.53394e-09 1.44062e-07 0 3.43134e-18 0 6.86271e-18 0 1.37255e-17 0 3.43144e-17 0 6.86315e-17
6.42193 1.83863e-18 1.83863e-18 2.08559e-27 1.13432e-09 1.27971e-07 0 3.84145e-18 0 7.68293e-18 0 1.5366e-17 0 3.84156e-17 1.4013e-45 7.68339e-17
6.75157 1.84342e-18 1.84342e-18 1.50721e-27 8.17614e-10 1.11712e-07 0 4.19842e-18 0 8.39686e-18 0 1.67938e-17 0 4.19852e-17 6.16571e-44 8.39733e-17
7.09813 1.87298e-18 1.87298e-18 1.00937e-27 5.38913e-10 9.84163e-08 0 4.59811e-18 0 9.19625e-18 0 1.83926e-17 0 4.59822e-17 2.94553e-42 9.19674e-17
7.46248 2.30787e-18 2.30787e-18 5.68758e-28 2.46443e-10 8.93017e-08 0 6.04304e-18 0 1.20861e-17 0 2.41723e-17 1.54143e-44 6.04318e-17 1.38532e-40 1.20867e-16
7.84553 4.48547e-18 4.48547e-18 2.84263e-28 6.33743e-11 7.54722e-08 0 1.24035e-17 0 2.4807e-17 0 4.96142e-17 1.42792e-42 1.24037e-16 8.4994e-39 2.48082e-16
8.24824 9.33094e-18 9.33094e-18 3.47369e-28 3.72277e-11 6.53201e-08 0 2.69972e-17 0 5.39946e-17 0 1.0799e-16 1.19632e-40 2.69978e-16 4.65828e-37 5.3997e-16
8.67162 1.42418e-17 1.42418e-17 6.24826e-28 4.38727e-11 5.57538e-08 0 4.27413e-17 0 8.54829e-17 4.2039e-44 1.70966e-16 6.06518e-39 4.27422e-16 1.57735e-35 8.54865e-16
9.11674 2.09964e-17 2.09964e-17 1.21841e-27 5.80295e-11 4.78544e-08 0 6.48347e-17 0 1.2967e-16 3.017e-42 2.5934e-16 2.47277e-37 6.48359e-16 4.38057e-34 1.29675e-15
9.5847 2.36226e-17 2.36226e-17 1.73304e-27 7.3364e-11 4.36195e-08 0 7.44913e-17 1.26117e-44 1.48983e-16 1.37022e-40 2.97967e-16 6.46312e-36 7.44926e-16 7.94677e-33 1.48989e-15
10.0767 2.11648e-17 2.11648e-17 1.66643e-27 7.87357e-11 3.99264e-08 0 6.76846e-17 5.88545e-43 1.3537e-16 4.08618e-39 2.7074e-16 1.13968e-34 6.76858e-16 9.90101e-32 1.35374e-15
10.5939 1.77543e-17 1.77543e-17 1.51091e-27 8.5101e-11 3.98196e-08 1.4013e-45 5.72123e-17 2.10741e-41 1.14425e-16 9.4981e-38 2.28851e-16 1.60715e-33 5.72133e-16 1.00337e-30 1.14429e-15
11.1377 1.39573e-17 1.39573e-17 1.19583e-27 8.56773e-11 3.94298e-08 7.42688e-44 4.50545e-17 5.8146e-40 9.01091e-17 1.73788e-36 1.80219e-16 1.82806e-32 4.50552e-16 8.33512e-30 9.0112e-16
11.7094 1.11447e-17 1.11447e-17 9.3973e-28 8.4321e-11 3.89109e-08 2.68909e-42 3.58431e-17 1.35301e-38 7.16863e-17 2.73599e-35 1.43373e-16 1.83112e-31 3.58436e-16 6.19184e-29 7.16885e-16
12.3105 8.70256e-18 8.70256e-18 7.20385e-28 8.27785e-11 3.89447e-08 7.77552e-41 2.77489e-17 2.5799e-37 5.54979e-17 3.59758e-34 1.10996e-16 1.56614e-30 2.77493e-16 3.98522e-28 5.54996e-16
12.9424 6.79211e-18 6.79211e-18 5.36823e-28 7.90363e-11 3.86191e-08 1.86054e-39 2.13755e-17 4.15534e-36 4.27511e-17 4.06904e-33 8.55025e-17 1.17666e-29 2.13758e-16 2.28466e-27 4.27523e-16
13.6067 5.42796e-18 5.42796e-18 3.84428e-28 7.08236e-11 3.33137e-08 3.81019e-38 1.67918e-17 5.83987e-35 3.35836e-17 4.08565e-32 6.71675e-17 8.00629e-29 1.6792e-16 1.20194e-26 3.35846e-16
14.3051 4.98543e-18 4.98543e-18 2.63763e-28 5.29068e-11 3.04587e-08 7.56117e-37 1.51048e-17 8.10065e-34 3.02096e-17 4.11605e-31 6.04194e-17 5.57077e-28 1.5105e-16 6.54794e-26 3.02104e-16
15.0394 5.54833e-18 5.54833e-18 1.96242e-28 3.53695e-11 2.85056e-08 1.54586e-35 1.64091e-17 1.17806e-32 3.28183e-17 4.41583e-30 6.56369e-17 4.20298e-27 1.64094e-16 3.91445e-25 3.28192e-16
15.8114 6.40436e-18 6.40436e-18 1.62637e-28 2.53946e-11 2.47997e-08 2.80912e-34 1.84338e-17 1.54831e-31 3.68677e-17 4.34548e-29 7.37355e-17 2.95909e-26 1.8434e-16 2.20868e-24 3.68686e-16
16.623 7.36019e-18 7.36019e-18 1.48704e-28 2.02039e-11 2.239e-08 4.3886e-33 2.05624e-17 1.77734e-30 4.11248e-17 3.7881e-28 8.22498e-17 1.87593e-25 2.05626e-16 1.13434e-23 4.11258e-16
17.4762 8.11641e-18 8.11641e-18 1.45298e-28 1.79017e-11 1.65144e-08 5.72127e-32 2.19552e-17 1.72836e-29 4.39104e-17 2.83524e-27 8.78211e-17 1.03709e-24 2.19555e-16 5.13289e-23 4.39115e-16
18.3733 8.37798e-18 8.37798e-18 1.43357e-28 1.71112e-11 1.93668e-08 6.1135e-31 2.18949e-17 1.39746e-28 4.37898e-17 1.78711e-26 8.75799e-17 4.90037e-24 2.18952e-16 2.00466e-22 4.37908e-16
19.3164 7.98849e-18 7.98849e-18 1.35534e-28 1.69662e-11 2.0442e-08 5.31817e-30 2.01291e-17 9.32468e-28 4.02583e-17 9.40987e-26 8.05169e-17 1.96167e-23 2.01294e-16 6.69488e-22 4.02592e-16
20.3079 7.13853e-18 7.13853e-18 1.19441e-28 1.67319e-11 1.24442e-08 3.84483e-29 1.7311e-17 5.23834e-27 3.46221e-17 4.2199e-25 6.92444e-17 6.77826e-23 1.73113e-16 1.94707e-21 3.46229e-16
21.3503 6.37618e-18 6.37618e-18 1.01326e-28 1.58914e-11 1.9576e-08 2.47831e-28 1.48553e-17 2.65623e-26 2.97107e-17 1.72707e-24 5.94215e-17 2.16486e-22 1.48555e-16 5.27833e-21 2.97113e-16
22.4463 5.70267e-18 5.70267e-18 8.53435e-29 1.49655e-11 1.55069e-08 1.4348e-27 1.2744e-17 1.22401e-25 2.54881e-17 6.49095e-24 5.09763e-17 6.42671e-22 1.27442e-16 1.3407e-20 2.54886e-16
23.5984 5.11238e-18 5.11238e-18 7.09957e-29 1.3887e-11 6.92329e-09 7.50824e-27 1.09419e-17 5.15528e-25 2.18839e-17 2.25205e-23 4.37679e-17 1.78165e-21 1.09421e-16 3.20443e-20 2.18843e-16
24.8097 4.60099e-18 4.60099e-18 5.91225e-29 1.285e-11 8.35487e-09 3.57487e-26 9.41722e-18 1.99663e-24 1.88345e-17 7.25332e-23 3.76691e-17 4.63554e-21 9.41734e-17 7.24032e-20 1.88348e-16
26.0832 4.13267e-18 4.13267e-18 4.88392e-29 1.18178e-11 7.73723e-09 1.54702e-25 8.07758e-18 7.09963e-24 1.61552e-17 2.1642e-22 3.23104e-17 1.12903e-20 8.07768e-17 1.542e-19 1.61554e-16
27.4221 3.70642e-18 3.70642e-18 4.03419e-29 1.08843e-11 1.25473e-08 6.11555e-25 6.90833e-18 2.32832e-23 1.38167e-17 6.00685e-22 2.76334e-17 2.58348e-20 6.90841e-17 3.10562e-19 1.38169e-16
28.8297 3.33716e-18 3.33716e-18 3.3316e-29 9.98334e-12 -1.27034e-09 2.23001e-24 5.92323e-18 7.10792e-23 1.18465e-17 1.56468e-21 2.3693e-17 5.60052e-20 5.92329e-17 5.96274e-19 1.18466e-16
30.3095 3.00335e-18 3.00335e-18 2.74992e-29 9.15617e-12 5.23159e-09 7.49939e-24 5.06929e-18 2.01864e-22 1.01386e-17 3.82108e-21 2.02772e-17 1.14848e-19 5.06934e-17 1.0894e-18 1.01387e-16
31.8653 2.70911e-18 2.70911e-18 2.26068e-29 8.34474e-12 2.03331e-08 2.34141e-23 4.34234e-18 5.36648e-22 8.68468e-18 8.79961e-21 1.73694e-17 2.23997e-19 4.34237e-17 1.90372e-18 8.68472e-17
33.5009 2.43937e-18 2.43937e-18 1.86151e-29 7.63111e-12 1.41913e-08 6.78457e-23 3.70788e-18 1.33451e-21 7.41577e-18 1.90892e-20 1.48316e-17 4.14888e-19 3.70791e-17 3.17626e-18 7.41577e-17
35.2206 2.21594e-18 2.21594e-18 1.52944e-29 6.90198e-12 5.78236e-09 1.85058e-22 3.18967e-18 3.14732e-21 6.37935e-18 3.95358e-20 1.27587e-17 7.39348e-19 3.18969e-17 5.12476e-18 6.37932e-17
37.0284 2.00946e-18 2.00946e-18 1.257e-29 6.25542e-12 1.14518e-08 4.71752e-22 2.73525e-18 6.98653e-21 5.4705e-18 7.75623e-20 1.0941e-17 1.25722e-18 2.73526e-17 7.9284e-18 5.47045e-17
38.9291 1.81814e-18 1.81814e-18 1.0342e-29 5.68822e-12 3.00437e-08 1.127e-21 2.33699e-18 1.46326e-20 4.67398e-18 1.44434e-19 9.34797e-18 2.04346e-18 2.33699e-17 1.17785e-17 4.67391e-17
40.9273 1.64107e-18 1.64107e-18 8.51936e-30 5.19136e-12 2.31964e-08 2.53039e-21 1.98908e-18 2.89884e-20 3.97816e-18 2.55873e-19 7.95631e-18 3.18082e-18 1.98907e-17 1.68315e-17 3.97806e-17
43.0282 1.48034e-18 1.48034e-18 7.00074e-30 4.72915e-12 6.23976e-09 5.36489e-21 1.68952e-18 5.45621e-20 3.37904e-18 4.33026e-19 6.75808e-18 4.75982e-18 1.68951e-17 2.32191e-17 3.37893e-17
45.2368 1.33222e-18 1.33222e-18 5.75078e-30 4.3167e-12 1.37028e-08 1.07518e-20 1.42967e-18 9.76408e-20 2.85934e-18 7.00376e-19 5.71867e-18 6.84823e-18 1.42966e-17 3.09194e-17 2.85922e-17
47.5588 1.20098e-18 1.20098e-18 4.71855e-30 3.92892e-12 -1.89236e-08 2.05055e-20 1.21015e-18 1.67201e-19 2.42029e-18 1.08933e-18 4.84056e-18 9.52925e-18 1.21013e-17 3.99714e-17 2.42016e-17
50 1.07906e-18 1.07906e-18 3.87413e-30 3.59027e-12 -2.65016e-08 3.71203e-20 1.01948e-18 2.73201e-19 2.03895e-18 1.6243e-18 4.07789e-18 1.27814e-17 1.01946e-17 4.99883e-17 2.03882e-17
52.5665 9.7064e-19 9.7064e-19 3.17662e-30 3.27271e-12 -2.41838e-08 6.42236e-20 8.58637e-19 4.28787e-19 1.71727e-18 2.33682e-18 3.43452e-18 1.66263e-17 8.58616e-18 6.08375e-17 1.71713e-17
55.2648 8.72491e-19 8.72491e-19 2.60299e-30 2.98341e-12 -7.84664e-09 1.0624e-19 7.21657e-19 6.46514e-19 1.44331e-18 3.24347e-18 2.8866e-18 2.09689e-17 7.21634e-18 7.20195e-17 1.44317e-17
58.1015 7.83895e-19 7.83895e-19 2.13384e-30 2.72209e-12 -1.27069e-08 1.68438e-19 6.05414e-19 9.38507e-19 1.21082e-18 4.35182e-18 2.42162e-18 2.56842e-17 6.0539e-18 8.30583e-17 1.21068e-17
61.0839 7.04343e-19 7.04343e-19 1.7479e-30 2.4816e-12 -1.43891e-08 2.56607e-19 5.07246e-19 1.31475e-18 1.01449e-18 5.65654e-18 2.02895e-18 3.06131e-17 5.07221e-18 9.34865e-17 1.01435e-17
64.2193 6.32441e-19 6.32441e-19 1.43112e-30 2.26285e-12 1.88313e-08 3.76104e-19 4.24153e-19 1.77926e-18 8.48299e-19 7.12864e-18 1.69658e-18 3.55275e-17 4.24127e-18 1.02743e-16 8.48164e-18
67.5157 5.68158e-19 5.68158e-19 1.17155e-30 2.06201e-12 -2.03107e-09 5.31937e-19 3.54386e-19 2.33259e-18 7.08767e-19 8.73334e-18 1.41751e-18 4.02432e-17 3.5436e-18 1.10506e-16 7.08634e-18
70.9813 5.1044e-19 5.1044e-19 9.59215e-31 1.87919e-12 -3.04844e-08 7.26961e-19 2.9574e-19 2.96584e-18 5.91475e-19 1.04112e-17 1.18293e-18 4.4528e-17 2.95714e-18 1.16396e-16 5.91346e-18
74.6248 4.58896e-19 4.58896e-19 7.84919e-31 1.71045e-12 -4.16503e-08 9.62174e-19 2.46663e-19 3.66504e-18 4.93321e-19 1.21007e-17 9.8662e-19 4.82119e-17 2.46638e-18 1.20263e-16 4.93196e-18
78.4553 4.12431e-19 4.12431e-19 6.42167e-31 1.55703e-12 -4.02037e-08 1.23412e-18 2.05423e-19 4.40381e-18 4.1084e-19 1.37165e-17 8.21658e-19 5.10871e-17 2.05397e-18 1.21889e-16 4.10719e-18
82.4824 3.70807e-19 3.70807e-19 5.25576e-31 1.41738e-12 9.98789e-08 1.53735e-18 1.70942e-19 5.15554e-18 3.41879e-19 1.5192e-17 6.83736e-19 5.30699e-17 1.70917e-18 1.21379e-16 3.41762e-18
86.7162 3.33635e-19 3.33635e-19 4.30087e-31 1.28909e-12 -2.38038e-08 1.86335e-18 1.42197e-19 5.89045e-18 2.84389e-19 1.64662e-17 5.68757e-19 5.41217e-17 1.42173e-18 1.18912e-16 2.84276e-18
91.1674 3.00235e-19 3.00235e-19 3.51854e-31 1.17193e-12 -2.33658e-08 2.19919e-18 1.18177e-19 6.57241e-18 2.36348e-19 1.74744e-17 4.72675e-19 5.42048e-17 1.18153e-18 1.14639e-16 2.3624e-18
95.847 2.70198e-19 2.70198e-19 2.878e-31 1.06514e-12 9.16793e-08 2.53051e-18 9.81189e-20 7.16925e-18 1.96233e-19 1.81743e-17 3.92445e-19 5.33588e-17 9.80958e-19 1.08839e-16 1.96129e-18
100.767 2.43351e-19 2.43351e-19 2.35553e-31 9.67954e-13 -1.16693e-08 2.84427e-18 8.14461e-20 7.6592e-18 1.62887e-19 1.85566e-17 3.25755e-19 5.17083e-17 8.14237e-19 1.01913e-16 1.62787e-18
105.939 2.19591e-19 2.19591e-19 1.92716e-31 8.77615e-13 6.24757e-08 3.13018e-18 6.76711e-20 8.03182e-18 1.35337e-19 1.86397e-17 2.70655e-19 4.94267e-17 6.76493e-19 9.42959e-17 1.35242e-18
111.377 1.97783e-19 1.97783e-19 1.57641e-31 7.9704e-13 -1.18534e-07 3.36403e-18 5.60701e-20 8.24468e-18 1.12136e-19 1.83672e-17 2.24252e-19 4.6465e-17 5.60491e-19 8.59527e-17 1.12044e-18
117.094 1.78118e-19 1.78118e-19 1.28986e-31 7.2416e-13 8.41673e-08 3.54044e-18 4.64114e-20 8.30676e-18 9.28183e-20 1.78008e-17 1.85619e-19 4.30661e-17 4.63912e-19 7.73717e-17 9.27308e-19
123.105 1.60609e-19 1.60609e-19 1.05562e-31 6.57261e-13 -2.33697e-08 3.65773e-18 3.84325e-20 8.23365e-18 7.68607e-20 1.70057e-17 1.53704e-19 3.94377e-17 3.84131e-19 6.89209e-17 7.67772e-19
129.424 1.45069e-19 1.45069e-19 8.63808e-32 5.95448e-13 -1.20405e-07 3.71492e-18 3.18545e-20 8.03971e-18 6.37049e-20 1.60346e-17 1.27393e-19 3.5724e-17 3.18358e-19 6.08198e-17 6.3625e-19
136.067 1.3068e-19 1.3068e-19 7.06705e-32 5.40793e-13 -8.58146e-08 3.6963e-18 2.63114e-20 7.70608e-18 5.26189e-20 1.48678e-17 1.05222e-19 3.18908e-17 2.62935e-19 5.29686e-17 5.25427e-19
143.051 1.18191e-19 1.18191e-19 5.78358e-32 4.89343e-13 -1.21349e-07 3.63048e-18 2.18046e-20 7.30524e-18 4.36054e-20 1.36584e-17 8.71954e-20 2.8263e-17 2.17873e-19 4.58605e-17 4.35326e-19
150.394 1.06463e-19 1.06463e-19 4.7334e-32 4.44604e-13 -1.75406e-07 3.49475e-18 1.79845e-20 6.79961e-18 3.59653e-20 1.23401e-17 7.19159e-20 2.46826e-17 1.79679e-19 3.91787e-17 3.5896e-19
158.114 9.65579e-20 9.65579e-20 3.87289e-32 4.01095e-13 -2.27418e-07 3.33588e-18 1.49258e-20 6.28688e-18 2.98481e-20 1.10926e-17 5.96819e-20 2.14868e-17 1.49099e-19 3.34052e-17 2.97816e-19
166.23 8.71971e-20 8.71971e-20 3.16829e-32 3.63348e-13 2.16865e-08 3.12496e-18 1.23264e-20 5.71421e-18 2.46495e-20 9.81698e-18 4.92853e-20 1.84485e-17 1.23111e-19 2.8126e-17 2.45861e-19
174.763 7.83579e-20 7.83579e-20 2.59373e-32 3.3101e-13 3.26767e-07 2.87335e-18 1.0124e-20 5.10603e-18 2.02447e-20 8.5539e-18 4.04765e-20 1.5622e-17 1.01094e-19 2.33822e-17 2.01847e-19
183.733 7.10066e-20 7.10066e-20 2.12288e-32 2.9897e-13 -1.44905e-07 2.6298e-18 8.38034e-21 4.54855e-18 1.67576e-20 7.44079e-18 3.35027e-20 1.3228e-17 8.36636e-20 1.94587e-17 1.67001e-19
193.164 6.40885e-20 6.40885e-20 1.73711e-32 2.71049e-13 3.83409e-07 2.36801e-18 6.90572e-21 3.99235e-18 1.38085e-20 6.38587e-18 2.7605e-20 1.10681e-17 6.89236e-20 1.60183e-17 1.37538e-19
203.079 5.77511e-20 5.77511e-20 1.42173e-32 2.46181e-13 6.30321e-07 2.10422e-18 5.67856e-21 3.46294e-18 1.13543e-20 5.42297e-18 2.26972e-20 9.17734e-18 5.66583e-20 1.30799e-17 1.13024e-19
213.503 5.2258e-20 5.2258e-20 1.16406e-32 2.22752e-13 3.79594e-08 1.85711e-18 4.68677e-21 2.98736e-18 9.37081e-21 4.58574e-18 1.87308e-20 7.58802e-18 4.6746e-20 1.06602e-17 9.32145e-20
224.463 4.70565e-20 4.70565e-20 9.52869e-33 2.02495e-13 -7.27389e-08 1.61416e-18 3.84755e-21 2.5413e-18 7.69251e-21 3.82835e-18 1.53747e-20 6.20232e-18 3.83599e-20 8.59647e-18 7.64577e-20
235.984 4.25195e-20 4.25195e-20 7.79814e-33 1.83401e-13 7.98845e-07 1.39413e-18 3.16816e-21 2.15083e-18 6.33385e-21 3.1833e-18 1.26579e-20 5.05586e-18 3.15714e-20 6.91912e-18 6.28947e-20
248.097 3.8259e-20 3.8259e-20 6.38732e-33 1.66949e-13 -2.06967e-07 1.18802e-18 2.5967e-21 1.79817e-18 5.19106e-21 2.61742e-18 1.03728e-20 4.08027e-18 2.58626e-20 5.51791e-18 5.14915e-20
260.832 3.40471e-20 3.40471e-20 5.22928e-33 1.5359e-13 -3.68701e-07 9.92574e-19 2.10406e-21 1.47557e-18 4.20593e-21 2.11451e-18 8.40309e-21 3.23905e-18 2.09428e-20 4.33164e-18 4.16683e-20
274.221 3.02507e-20 3.02507e-20 4.27872e-33 1.41442e-13 3.25428e-07 8.21203e-19 1.70149e-21 1.20033e-18 3.40092e-21 1.69499e-18 6.79366e-21 2.55408e-18 1.69236e-20 3.38003e-18 3.36456e-20
288.297 2.70129e-20 2.70129e-20 3.49941e-33 1.29546e-13 1.73936e-06 6.77587e-19 1.38231e-21 9.74788e-19 2.76269e-21 1.35762e-18 5.51769e-21 2.01441e-18 1.37375e-20 2.63977e-18 2.72875e-20
303.095 2.40766e-20 2.40766e-20 2.86375e-33 1.18943e-13 -1.1675e-06 5.54009e-19 1.12046e-21 7.85183e-19 2.23911e-21 1.07947e-18 4.47104e-21 1.57868e-18 1.11247e-20 2.0498e-18 2.20755e-20
318.653 2.16768e-20 2.16768e-20 2.34294e-33 1.08085e-13 -6.26513e-07 4.54443e-19 9.17042e-22 6.35093e-19 1.83237e-21 8.62567e-19 3.65796e-21 1.24447e-18 9.09512e-21 1.60195e-18 1.80278e-20
335.009 1.93902e-20 1.93902e-20 1.91629e-33 9.88279e-14 1.49157e-06 3.68e-19 7.45407e-22 5.07553e-19 1.48921e-21 6.81524e-19 2.97207e-21 9.70835e-19 7.38372e-21 1.23963e-18 1.46169e-20
352.206 1.72962e-20 1.72962e-20 1.56764e-33 9.06345e-14 1.00615e-06 2.9538e-19 6.03942e-22 4.02386e-19 1.20639e-21 5.34556e-19 2.40686e-21 7.52444e-19 5.97402e-21 9.53503e-19 1.18093e-20
370.284 1.56327e-20 1.56327e-20 1.28285e-33 8.20621e-14 -6.24913e-08 2.38877e-19 4.95591e-22 3.21659e-19 9.89771e-22 4.23044e-19 1.97397e-21 5.88853e-19 4.89442e-21 7.40901e-19 9.65961e-21
389.291 1.405e-20 1.405e-20 1.0495e-33 7.46976e-14 -5.6149e-07 1.91084e-19 4.04219e-22 2.54518e-19 8.07117e-22 3.31604e-19 1.60902e-21 4.56755e-19 3.98484e-21 5.70866e-19 7.85032e-21
409.273 1.26743e-20 1.26743e-20 8.58383e-34 6.77261e-14 -2.47314e-06 1.52658e-19 3.30758e-22 2.0127e-19 6.60275e-22 2.59924e-19 1.31567e-21 3.54515e-19 3.254e-21 4.40315e-19 6.3977e-21
430.282 1.14825e-20 1.14825e-20 7.02427e-34 6.11734e-14 1.05978e-06 1.21913e-19 2.71677e-22 1.59203e-19 5.42187e-22 2.03903e-19 1.07979e-21 2.75553e-19 2.66664e-21 3.40234e-19 5.23123e-21
452.368 1.03741e-20 1.03741e-20 5.74774e-34 5.54045e-14 -1.7918e-06 9.66682e-20 2.22416e-22 1.25108e-19 4.43742e-22 1.58996e-19 8.83207e-22 2.13013e-19 2.17752e-21 2.61566e-19 4.26121e-21
475.588 9.44695e-21 9.44695e-21 4.70258e-34 4.97788e-14 2.61199e-06 7.69414e-20 1.83428e-22 9.87427e-20 3.6583e-22 1.24579e-19 7.27645e-22 1.65553e-19 1.79066e-21 2.02237e-19 3.49467e-21
500 8.56527e-21 8.56527e-21 3.84683e-34 4.4912e-14 -1.28858e-06 6.074e-20 1.50528e-22 7.73376e-20 3.00096e-22 9.69092e-20 5.96453e-22 1.27804e-19 1.46478e-21 1.55366e-19 2.8502e-21
525.665 7.82573e-21 7.82573e-21 3.14916e-34 4.02411e-14 2.31432e-06 4.81456e-20 1.24402e-22 6.08495e-20 2.47904e-22 7.57616e-20 4.92305e-22 9.92026e-20 1.20625e-21 1.20046e-19 2.33955e-21
552.648 7.13421e-21 7.13421e-21 2.57726e-34 3.61254e-14 2.31665e-06 3.79494e-20 1.02514e-22 4.76309e-20 2.04187e-22 5.89482e-20 4.05111e-22 7.66703e-20 9.90112e-22 9.2382e-20 1.91358e-21
581.015 6.53467e-21 6.53467e-21 2.1087e-34 3.22694e-14 2.93185e-06 2.99593e-20 8.48174e-23 3.73583e-20 1.68847e-22 4.59747e-20 3.34652e-22 5.94204e-20 8.15646e-22 7.13087e-20 1.57038e-21
610.838 5.97997e-21 5.97997e-21 1.72577e-34 2.88592e-14 8.38049e-07 2.35594e-20 7.00576e-23 2.91988e-20 1.39381e-22 3.57436e-20 2.75936e-22 4.59241e-20 6.70504e-22 5.49034e-20 1.28563e-21
642.193 5.48849e-21 5.48849e-21 1.41288e-34 2.57425e-14 -5.61232e-07 1.85294e-20 5.79901e-23 2.28335e-20 1.15296e-22 2.78129e-20 2.27967e-22 3.55362e-20 5.52118e-22 4.2333e-20 1.05397e-21
675.157 5.04624e-21 5.04624e-21 1.15641e-34 2.29163e-14 3.53096e-06 1.45607e-20 4.80443e-23 1.78466e-20 9.54516e-23 2.16372e-20 1.8847e-22 2.75012e-20 4.54827e-22 3.26513e-20 8.64154e-22
709.813 4.64823e-21 4.64823e-21 9.46258e-35 2.03574e-14 3.6805e-06 1.14351e-20 3.98421e-23 1.3945e-20 7.90921e-23 1.68329e-20 1.55933e-22 2.12898e-20 3.74851e-22 2.51969e-20 7.08632e-22
746.247 4.28533e-21 4.28533e-21 7.74697e-35 1.80779e-14 -2.38981e-06 8.96753e-21 3.30375e-23 1.0884e-20 6.5526e-23 1.3084e-20 1.28974e-22 1.64718e-20 3.08753e-22 1.94369e-20 5.8058e-22
784.553 3.95538e-21 3.95538e-21 6.34193e-35 1.60337e-14 1.01526e-06 7.02538e-21 2.73996e-23 8.48885e-21 5.42911e-23 1.01652e-20 1.0667e-22 1.27417e-20 2.54217e-22 1.49932e-20 4.75352e-22
824.824 3.65364e-21 3.65364e-21 5.1907e-35 1.42069e-14 -5.37292e-06 5.4969e-21 2.27175e-23 6.61419e-21 4.49659e-23 7.89153e-21 8.81773e-23 9.85125e-21 2.09141e-22 1.15615e-20 3.88765e-22
867.162 3.37152e-21 3.37152e-21 4.24818e-35 1.26002e-14 -3.59688e-06 4.28842e-21 1.87961e-23 5.1398e-21 3.71609e-23 6.11141e-21 7.27194e-23 7.59968e-21 1.716e-22 8.89684e-21 3.17018e-22
911.674 3.10772e-21 3.10772e-21 3.47894e-35 1.11945e-14 8.39979e-06 3.33589e-21 1.55168e-23 3.98338e-21 3.06384e-23 4.72113e-21 5.98206e-23 5.84953e-21 1.40399e-22 6.83192e-21 2.57714e-22
958.471 2.8682e-21 2.8682e-21 2.84846e-35 9.9312e-15 2.29672e-06 2.59383e-21 1.2811e-23 3.08652e-21 2.52604e-23 3.64707e-21 4.92007e-23 4.50331e-21 1.14815e-22 5.24799e-21 2.0935e-22
1007.67 2.64327e-21 2.64327e-21 2.33156e-35 8.82072e-15 -1.10057e-05 2.01071e-21 1.05493e-23 2.38481e-21 2.07686e-23 2.80987e-21 4.03465e-23 3.45837e-21 9.35865e-23 4.02187e-21 1.69468e-22
1059.39 2.44522e-21 2.44522e-21 1.90877e-35 7.80613e-15 -1.22636e-05 1.56225e-21 8.70934e-24 1.8472e-21 1.7117e-23 2.17059e-21 3.31597e-23 2.66343e-21 7.64301e-23 3.09131e-21 1.3742e-22
1113.77 2.25694e-21 2.25694e-21 1.563e-35 6.9253e-15 -1.81161e-06 1.20939e-21 7.16572e-24 1.42584e-21 1.40563e-23 1.67121e-21 2.71489e-23 2.04478e-21 6.21616e-23 2.36887e-21 1.10952e-22
1170.94 2.07778e-21 2.07778e-21 1.27948e-35 6.15795e-15 3.75493e-06 9.32577e-22 5.87356e-24 1.09647e-21 1.14969e-23 1.28209e-21 2.21341e-23 1.56444e-21 5.03294e-23 1.80922e-21 8.91644e-23
1231.05 1.91231e-21 1.91231e-21 1.04728e-35 5.47652e-15 -1.88926e-05 7.18027e-22 4.80761e-24 8.42043e-22 9.38752e-24 9.82373e-22 1.80108e-23 1.19566e-21 4.0659e-23 1.38045e-21 7.14859e-23
1294.24 1.76877e-21 1.76877e-21 8.57674e-36 4.84898e-15 -2.83627e-07 5.54935e-22 3.95039e-24 6.49202e-22 7.69233e-24 7.55784e-22 1.47038e-23 9.17658e-22 3.29454e-23 1.05783e-21 5.74775e-23
1360.67 1.63376e-21 1.63376e-21 7.0227e-36 4.29848e-15 5.66956e-06 4.27825e-22 3.23825e-24 4.99354e-22 6.28564e-24 5.8017e-22 1.19671e-23 7.02827e-22 2.66059e-23 8.08984e-22 4.60551e-23
1430.51 1.50534e-21 1.50534e-21 5.74875e-36 3.81891e-15 -1.87708e-06 3.28671e-22 2.64543e-24 3.82795e-22 5.11625e-24 4.43905e-22 9.69898e-24 5.36598e-22 2.13907e-23 6.16784e-22 3.67357e-23
1503.94 1.38421e-21 1.38421e-21 4.70585e-36 3.39965e-15 5.897e-05 2.51743e-22 2.15494e-24 2.92601e-22 4.15024e-24 3.38706e-22 7.8314e-24 4.08601e-22 1.71291e-23 4.6904e-22 2.91836e-23
1581.14 1.28354e-21 1.28354e-21 3.85368e-36 3.00239e-15 1.58198e-05 1.94261e-22 1.76881e-24 2.25356e-22 3.39025e-24 2.60424e-22 6.36555e-24 3.13563e-22 1.38045e-23 3.59494e-22 2.3332e-23
1662.3 1.18789e-21 1.18789e-21 3.15507e-36 2.65604e-15 1.10243e-05 1.49484e-22 1.44809e-24 1.73097e-22 2.76034e-24 1.99714e-22 5.15513e-24 2.40029e-22 1.10819e-23 2.74863e-22 1.85808e-23
1747.63 1.09688e-21 1.09688e-21 2.58229e-36 2.35421e-15 -3.8171e-05 1.14673e-22 1.18216e-24 1.32559e-22 2.23941e-24 1.52713e-22 4.15822e-24 1.83225e-22 8.8587e-24 2.09581e-22 1.47349e-23
1837.33 1.0104e-21 1.0104e-21 2.11424e-36 2.09248e-15 6.92597e-07 8.76876e-23 9.62238e-25 1.01201e-22 1.81003e-24 1.16421e-22 3.34023e-24 1.39455e-22 7.05075e-24 1.59347e-22 1.16346e-23
1931.64 9.2821e-22 9.2821e-22 1.73135e-36 1.86525e-15 9.2162e-07 6.68214e-23 7.80748e-25 7.70014e-23 1.45714e-24 8.84625e-23 2.67128e-24 1.05802e-22 5.58584e-24 1.20773e-22 9.14464e-24
2030.79 8.53408e-22 8.53408e-22 1.4173e-36 1.66075e-15 -4.36536e-05 5.0927e-23 6.33738e-25 5.86007e-23 1.17252e-24 6.72373e-23 2.13441e-24 8.03e-23 4.42057e-24 9.1575e-23 7.18036e-24
2135.03 7.89826e-22 7.89826e-22 1.15992e-36 1.46858e-15 -7.79236e-06 3.90443e-23 5.17587e-25 4.48661e-23 9.48541e-25 5.14165e-23 1.71382e-24 6.13211e-23 3.51499e-24 6.98685e-23 5.66523e-24
2244.63 7.29436e-22 7.29436e-22 9.49819e-37 1.30213e-15 -8.86753e-06 2.98524e-23 4.21638e-25 3.42594e-23 7.6476e-25 3.92165e-23 1.37089e-24 4.67101e-23 2.78393e-24 5.31756e-23 4.45268e-24
2359.84 6.7199e-22 6.7199e-22 7.77681e-37 1.15728e-15 1.0633e-05 2.27545e-23 3.42442e-25 2.60817e-23 6.14275e-25 2.98233e-23 1.09203e-24 3.54783e-23 2.19552e-24 4.03566e-23 3.48513e-24
2480.97 6.17623e-22 6.17623e-22 6.36496e-37 1.03056e-15 -8.59625e-05 1.7294e-23 2.77302e-25 1.97998e-23 4.91615e-25 2.26172e-23 8.66421e-25 2.68744e-23 1.7244e-24 3.05463e-23 2.71702e-24
2608.32 5.71344e-22 5.71344e-22 5.21033e-37 9.11944e-16 -1.58906e-05 1.32224e-23 2.25849e-25 1.51217e-23 3.95488e-25 1.72568e-23 6.90759e-25 2.04823e-23 1.36085e-24 2.3264e-23 2.12863e-24
2742.21 5.27607e-22 5.27607e-22 4.26721e-37 8.08786e-16 1.2784e-05 1.00867e-23 1.83465e-25 1.15237e-23 3.17176e-25 1.31386e-23 5.48853e-25 1.55781e-23 1.07028e-24 1.76816e-23 1.66221e-24
2882.96 4.86001e-22 4.86001e-22 3.49337e-37 7.188e-16 -0.000109406 7.67179e-24 1.48513e-25 8.75612e-24 2.53387e-25 9.9746e-24 4.34308e-25 1.18149e-23 8.38285e-25 1.34015e-23 1.29286e-24
3030.95 4.47487e-22 4.47487e-22 2.86005e-37 6.39135e-16 0.000113466 5.82996e-24 1.20032e-25 6.6478e-24 2.02055e-25 7.56667e-24 3.42974e-25 8.95425e-24 6.55264e-25 1.01505e-23 1.00373e-24
3186.53 4.14904e-22 4.14904e-22 2.34149e-37 5.64345e-16 0.000132028 4.45941e-24 9.7564e-26 5.08052e-24 1.62015e-25 5.77826e-24 2.72309e-25 6.83178e-24 5.14992e-25 7.73995e-24 7.83644e-25
3350.09 3.83933e-22 3.83933e-22 1.91697e-37 4.99298e-16 -2.76147e-05 3.40295e-24 7.90311e-26 3.87368e-24 1.29459e-25 4.40244e-24 2.15438e-25 5.20071e-24 4.03346e-25 5.8888e-24 6.09807e-25
3522.05 3.54463e-22 3.54463e-22 1.56944e-37 4.42764e-16 8.13061e-05 2.58987e-24 6.37723e-26 2.94581e-24 1.03053e-25 3.34557e-24 1.69794e-25 3.94904e-24 3.1473e-25 4.46917e-24 4.72857e-25
3702.84 3.26425e-22 3.26425e-22 1.28405e-37 3.93368e-16 -0.000210002 1.96535e-24 5.12421e-26 2.23378e-24 8.16978e-26 2.53524e-24 1.33276e-25 2.99027e-24 2.44618e-25 3.38243e-24 3.65291e-25
3892.91 2.99796e-22 2.99796e-22 1.05148e-37 3.50731e-16 -0.000236341 1.48691e-24 4.09895e-26 1.6888e-24 6.44922e-26 1.91551e-24 1.04174e-25 2.25768e-24 1.89358e-25 2.55256e-24 2.8111e-25
4092.73 2.76137e-22 2.76137e-22 8.61129e-38 3.11848e-16 2.47357e-05 1.12784e-24 3.28214e-26 1.28012e-24 5.09764e-26 1.4511e-24 8.15424e-26 1.70914e-24 1.46816e-25 1.93151e-24 2.16716e-25
4302.81 2.55539e-22 2.55539e-22 7.04593e-38 2.75728e-16 -0.000335724 8.59235e-25 2.63529e-26 9.74625e-25 4.04173e-26 1.10418e-24 6.40338e-26 1.29969e-24 1.14222e-25 1.46815e-24 1.6768e-25
4523.68 2.3595e-22 2.3595e-22 5.76872e-38 2.44489e-16 -3.97412e-05 6.52948e-25 2.10698e-26 7.40188e-25 3.19223e-26 8.38129e-25 5.01009e-26 9.85924e-25 8.85591e-26 1.11327e-24 1.29317e-25
4755.88 2.17339e-22 2.17339e-22 4.72432e-38 2.17371e-16 2.98358e-05 4.94861e-25 1.67713e-26 5.60658e-25 2.51117e-26 6.34521e-25 3.9051e-26 7.45977e-25 6.84176e-26 8.42007e-25 9.93962e-26
5000 1.99772e-22 1.99772e-22 3.86799e-38 1.9362e-16 0.000118317 3.74158e-25 1.32942e-26 4.23676e-25 1.96809e-26 4.79262e-25 3.03325e-26 5.63133e-25 5.26862e-26 6.35394e-25 7.61659e-26
