# 3.53572e-06 1 44 : grain size, compostion index, size index
# Heating and cooling timescale: 1.4457 27822.8
# Ratio of heating to cooling to determine stochastic cutoff: 100
# Equilibrium emission is recorded even for those grains in the stochastic regime.
# Emission spectrum was computed for: 
# Type: IRSF
# Scales: 0.25 0.5 1 1.5 2 2.5 3 3.5 4 4.5 5 5.5 6 6.5 7 7.5 8 8.5 9 9.5 10
# StochasticallyHeated: 0 0 0 0 0 0 0 0 0 0 0 0 0 0 0 0 0 0 0 0 0
# Temperature: -1
# Wavelength  CExt  CAbs  CSca  Albedo G EqEm1 StEm1 EqEm2 StEm2 EqEm3 StEm3 EqEm4 StEm4 EqEm5 StEm5 EqEm6 StEm6 EqEm7 StEm7 EqEm8 StEm8 EqEm9 StEm9 EqEm10 StEm10 EqEm11 StEm11 EqEm12 StEm12 EqEm13 StEm13 EqEm14 StEm14 EqEm15 StEm15 EqEm16 StEm16 EqEm17 StEm17 EqEm18 StEm18 EqEm19 StEm19 EqEm20 StEm20 EqEm21 StEm21
0.05 7.90309e-11 3.32094e-11 4.58216e-11 0.579793 0.795351 0 0 0 0 0 0 0 0 0 0 0 0 0 0 0 0 0 0 0 0 0 0 0 0 0 0 0 0 0 0 0 0 0 0 0 0 0 0 0 0 0 0
0.0525665 8.13646e-11 3.47437e-11 4.66209e-11 0.572987 0.777604 0 0 0 0 0 0 0 0 0 0 0 0 0 0 0 0 0 0 0 0 0 0 0 0 0 0 0 0 0 0 0 0 0 0 0 0 0 0 0 0 0 0
0.0552647 8.39001e-11 3.6513e-11 4.73872e-11 0.564804 0.762134 0 0 0 0 0 0 0 0 0 0 0 0 0 0 0 0 0 0 0 0 0 0 0 0 0 0 0 0 0 0 0 0 0 0 0 0 0 0 0 0 0 0
0.0581015 8.60539e-11 3.83082e-11 4.77457e-11 0.554835 0.750169 0 0 0 0 0 0 0 0 0 0 0 0 0 0 0 0 0 0 0 0 0 0 0 0 0 0 0 0 0 0 0 0 0 0 0 0 0 0 0 0 0 0
0.0610839 8.82748e-11 3.96258e-11 4.8649e-11 0.551108 0.736558 0 0 0 0 0 0 0 0 0 0 0 0 0 0 0 0 0 0 0 0 0 0 0 0 0 0 0 0 0 0 0 0 0 0 0 0 0 0 0 0 0 0
0.0642193 9.24163e-11 4.1003e-11 5.14133e-11 0.556323 0.716534 0 0 0 0 0 0 0 0 0 0 0 0 0 0 0 0 0 0 0 0 0 0 0 0 0 0 0 0 0 0 0 0 0 0 0 0 0 0 0 0 0 0
0.0675157 9.89196e-11 4.38202e-11 5.50994e-11 0.557011 0.697006 0 0 0 0 0 0 0 0 0 0 0 0 0 0 0 0 0 0 0 0 0 0 0 0 0 0 0 0 0 0 0 0 0 0 0 0 0 0 0 0 0 0
0.0709813 1.05447e-10 4.80148e-11 5.74318e-11 0.544653 0.68764 0 0 0 0 0 0 0 0 0 0 0 0 0 0 0 0 0 0 0 0 0 0 0 0 0 0 0 0 0 0 0 0 0 0 0 0 0 0 0 0 0 0
0.0746248 1.09977e-10 5.15948e-11 5.83821e-11 0.530858 0.682611 0 0 0 0 0 0 0 0 0 0 0 0 0 0 0 0 0 0 0 0 0 0 0 0 0 0 0 0 0 0 0 0 0 0 0 0 0 0 0 0 0 0
0.0784553 1.12249e-10 5.38974e-11 5.83516e-11 0.519841 0.677532 0 0 0 0 0 0 0 0 0 0 0 0 0 0 0 0 0 0 0 0 0 0 0 0 0 0 0 0 0 0 0 0 0 0 0 0 0 0 0 0 0 0
0.0824824 1.12908e-10 5.53648e-11 5.75432e-11 0.509647 0.670433 0 0 0 0 0 0 0 0 0 0 0 0 0 0 0 0 0 0 0 0 0 0 0 0 0 0 0 0 0 0 0 0 0 0 0 0 0 0 0 0 0 0
0.0867162 1.14353e-10 5.66132e-11 5.77402e-11 0.504928 0.657198 0 0 0 0 0 0 0 0 0 0 0 0 0 0 0 0 0 0 0 0 0 0 0 0 0 0 0 0 0 0 0 0 0 0 0 0 0 0 0 0 0 0
0.0911674 1.16687e-10 5.75921e-11 5.90946e-11 0.506438 0.638962 0 0 0 0 0 0 0 0 0 0 0 0 0 0 0 0 0 0 0 0 0 0 0 0 0 0 0 0 0 0 0 0 0 0 0 0 0 0 0 0 0 0
0.095847 1.18286e-10 5.79716e-11 6.03148e-11 0.509905 0.619197 0 0 0 0 0 0 0 0 0 0 0 0 0 0 0 0 0 0 0 0 0 0 0 0 0 0 0 0 0 0 0 0 0 0 0 0 0 0 0 0 0 0
0.100767 1.18088e-10 5.85573e-11 5.95311e-11 0.504123 0.607641 0 0 0 0 0 0 0 0 0 0 0 0 0 0 0 0 0 0 0 0 0 0 0 0 0 0 0 0 0 0 0 0 0 0 0 0 0 0 0 0 0 0
0.105939 1.20473e-10 6.00822e-11 6.03907e-11 0.50128 0.603653 0 0 0 0 0 0 0 0 0 0 0 0 0 0 0 0 0 0 0 0 0 0 0 0 0 0 0 0 0 0 0 0 0 0 0 0 0 0 0 0 0 0
0.111377 1.2477e-10 6.19974e-11 6.27731e-11 0.503108 0.616282 0 0 0 0 0 0 0 0 0 0 0 0 0 0 0 0 0 0 0 0 0 0 0 0 0 0 0 0 0 0 0 0 0 0 0 0 0 0 0 0 0 0
0.117094 1.23923e-10 6.11132e-11 6.28103e-11 0.506848 0.615276 0 0 0 0 0 0 0 0 0 0 0 0 0 0 0 0 0 0 0 0 0 0 0 0 0 0 0 0 0 0 0 0 0 0 0 0 0 0 0 0 0 0
0.123105 1.1909e-10 5.66883e-11 6.24016e-11 0.523987 0.601757 0 0 0 0 0 0 0 0 0 0 0 0 0 0 0 0 0 0 0 0 0 0 0 0 0 0 0 0 0 0 0 0 0 0 0 0 0 0 0 0 0 0
0.129424 1.0882e-10 5.04863e-11 5.83332e-11 0.536055 0.592571 0 0 0 0 0 0 0 0 0 0 0 0 0 0 0 0 0 0 0 0 0 0 0 0 0 0 0 0 0 0 0 0 0 0 0 0 0 0 0 0 0 0
0.136067 9.13061e-11 4.24529e-11 4.88532e-11 0.535049 0.561163 0 0 0 0 0 0 0 0 0 0 0 0 0 0 0 0 0 0 0 0 0 0 0 0 0 0 0 0 0 0 0 0 0 0 0 0 0 0 0 0 0 0
0.143051 7.9559e-11 3.86551e-11 4.09039e-11 0.514133 0.519459 0 0 0 0 0 0 0 0 0 0 0 0 0 0 0 0 0 0 0 0 0 0 0 0 0 0 0 0 0 0 0 0 0 0 0 0 0 0 0 0 0 0
0.150394 7.09469e-11 3.81741e-11 3.27727e-11 0.461934 0.484191 0 0 0 0 0 0 0 0 0 0 0 0 0 0 0 0 0 0 0 0 0 0 0 0 0 0 0 0 0 0 0 0 0 0 0 0 0 0 0 0 0 0
0.158114 6.25031e-11 3.8176e-11 2.43271e-11 0.389215 0.443172 0 0 0 0 0 0 0 0 0 0 0 0 0 0 0 0 0 0 0 0 0 0 0 0 0 0 0 0 0 0 0 0 0 0 0 0 0 0 0 0 0 0
0.16623 5.95145e-11 3.9431e-11 2.00835e-11 0.337455 0.394124 0 0 0 0 0 0 0 0 0 0 0 0 0 0 0 0 0 0 0 0 0 0 0 0 0 0 0 0 0 0 0 0 0 0 0 0 0 0 0 0 0 0
0.174762 6.19945e-11 4.19342e-11 2.00603e-11 0.323582 0.3504 0 0 0 0 0 0 0 0 0 0 0 0 0 0 0 0 0 0 0 0 0 0 0 0 0 0 0 0 0 0 0 0 0 0 0 0 0 0 0 0 0 0
0.183733 6.72889e-11 4.52115e-11 2.20775e-11 0.3281 0.311078 0 0 0 0 0 0 0 0 0 0 0 0 0 0 0 0 0 0 0 0 0 0 0 0 0 0 0 0 0 0 0 0 0 0 0 0 0 0 0 0 0 0
0.193164 7.64788e-11 5.03762e-11 2.61026e-11 0.341305 0.275386 0 0 0 0 0 0 0 0 0 0 0 0 0 0 0 0 0 0 0 0 0 0 0 0 0 0 0 0 0 0 0 0 0 0 0 0 0 0 0 0 0 0
0.203079 9.00692e-11 5.76033e-11 3.2466e-11 0.360456 0.239854 0 0 0 0 0 0 0 0 0 0 0 0 0 0 0 0 0 0 0 0 0 0 0 0 0 0 0 0 0 0 0 0 0 0 0 0 0 0 0 0 0 0
0.213503 1.05045e-10 6.37782e-11 4.12666e-11 0.392848 0.196797 0 0 0 0 0 0 0 0 0 0 0 0 0 0 0 0 0 0 0 0 0 0 0 0 0 0 0 0 0 0 0 0 0 0 0 0 0 0 0 0 0 0
0.224463 1.16629e-10 6.59576e-11 5.06712e-11 0.434466 0.148957 0 0 0 0 0 0 0 0 0 0 0 0 0 0 0 0 0 0 0 0 0 0 0 0 0 0 0 0 0 0 0 0 0 0 0 0 0 0 0 0 0 0
0.235984 1.23192e-10 6.68456e-11 5.63462e-11 0.457386 0.114338 0 0 0 0 0 0 0 0 0 0 0 0 0 0 0 0 0 0 0 0 0 0 0 0 0 0 0 0 0 0 0 0 0 0 0 0 0 0 0 0 0 0
0.248097 1.20216e-10 6.60376e-11 5.4178e-11 0.450674 0.0926069 0 0 0 0 0 0 0 0 0 0 0 0 0 0 0 0 0 0 0 0 0 0 0 0 0 0 0 0 0 0 0 0 0 0 0 0 0 0 0 0 0 0
0.260832 1.10945e-10 6.40357e-11 4.69097e-11 0.422818 0.0795085 0 0 0 0 0 0 0 0 0 0 0 0 0 0 0 0 0 0 0 0 0 0 0 0 0 0 0 0 0 0 0 0 0 0 0 0 0 0 0 0 0 0
0.274221 1.00042e-10 6.11079e-11 3.89343e-11 0.389179 0.072289 0 0 0 0 0 0 0 0 0 0 0 0 0 0 0 0 0 0 0 0 0 0 0 0 0 0 0 0 0 0 0 0 0 0 0 0 0 0 0 0 0 0
0.288297 8.91351e-11 5.78338e-11 3.13014e-11 0.351168 0.0739117 0 0 0 0 0 0 0 0 0 0 0 0 0 0 0 0 0 0 0 0 0 0 0 0 0 0 0 0 0 0 0 0 0 0 0 0 0 0 0 0 0 0
0.303095 7.89722e-11 5.36585e-11 2.53137e-11 0.320539 0.076445 0 0 0 0 0 0 0 0 0 0 0 0 0 0 0 0 0 0 0 0 0 0 0 0 0 0 0 0 0 0 0 0 0 0 0 0 0 0 0 0 0 0
0.318653 6.90771e-11 4.87755e-11 2.03015e-11 0.293897 0.0794341 0 0 0 0 0 0 0 0 0 0 0 0 0 0 0 0 0 0 0 0 0 0 0 0 0 0 0 0 0 0 0 0 0 0 0 0 0 0 0 0 0 0
0.335009 5.99885e-11 4.37894e-11 1.61991e-11 0.270037 0.0807495 0 0 0 0 0 0 0 0 0 0 0 0 0 0 0 0 0 0 0 0 0 0 0 0 0 0 0 0 0 0 0 0 0 0 0 0 0 0 0 0 0 0
0.352205 5.21803e-11 3.92257e-11 1.29546e-11 0.248266 0.0793283 0 0 0 0 0 0 0 0 0 0 0 0 0 0 0 0 0 0 0 0 0 0 0 0 0 0 0 0 0 0 0 0 0 0 0 0 0 0 0 0 0 0
0.370284 4.55616e-11 3.51651e-11 1.03965e-11 0.228185 0.0762765 0 0 0 0 0 0 0 0 0 0 0 0 0 0 0 0 0 0 0 0 0 0 0 0 0 0 0 0 0 0 0 0 0 0 0 0 0 0 0 0 0 0
0.389291 3.9841e-11 3.1454e-11 8.38702e-12 0.210512 0.0727534 0 0 0 0 0 0 0 0 0 0 0 0 0 0 0 0 0 0 0 0 0 0 0 0 0 0 0 0 0 0 0 0 0 0 0 0 0 0 0 0 0 0
0.409273 3.47629e-11 2.79914e-11 6.77155e-12 0.194792 0.0689941 0 0 0 0 0 0 0 0 0 0 0 0 0 0 0 0 0 0 0 0 0 0 0 0 0 0 0 0 0 0 0 0 0 0 0 0 0 0 0 0 0 0
0.430281 3.02434e-11 2.47788e-11 5.46464e-12 0.180689 0.0651819 0 0 0 0 0 0 0 0 0 0 0 0 0 0 0 0 0 0 0 0 0 0 0 0 0 0 0 0 0 0 0 0 0 0 0 0 0 0 0 0 0 0
0.452368 2.64051e-11 2.20014e-11 4.40368e-12 0.166774 0.0607685 0 0 0 0 0 0 0 0 0 0 0 0 0 0 0 0 0 0 0 0 0 0 0 0 0 0 0 0 0 0 0 0 0 0 0 0 0 0 0 0 0 0
0.475588 2.31077e-11 1.95582e-11 3.54951e-12 0.153607 0.0563061 0 0 0 0 0 0 0 0 0 0 0 0 0 0 0 0 0 0 0 0 0 0 0 0 0 0 0 0 0 0 0 0 0 0 0 0 0 0 0 0 0 0
0.5 2.03854e-11 1.75168e-11 2.86858e-12 0.140717 0.0518131 0 0 0 0 0 0 0 0 0 0 0 0 0 0 0 0 0 0 0 0 0 0 0 0 0 0 0 0 0 0 0 0 0 0 0 0 0 0 0 0 0 0
0.525665 1.81089e-11 1.57877e-11 2.32123e-12 0.128182 0.0474294 0 0 0 0 0 0 0 0 0 0 0 0 0 0 0 0 0 0 0 0 0 0 0 0 0 0 0 0 0 0 0 0 0 0 0 0 0 0 0 0 0 0
0.552648 1.6113e-11 1.42332e-11 1.87977e-12 0.116662 0.0433837 0 0 0 0 0 0 0 0 0 0 0 0 0 0 0 0 0 0 0 0 0 0 0 0 0 0 0 0 0 0 0 0 0 0 0 0 0 0 0 0 0 0
0.581015 1.44964e-11 1.29655e-11 1.53089e-12 0.105605 0.039512 0 0 0 0 0 0 0 0 0 0 0 0 0 0 0 0 0 0 0 0 0 0 0 0 0 0 0 0 0 0 0 0 0 0 0 0 0 0 0 0 0 0
0.610839 1.30576e-11 1.18099e-11 1.24773e-12 0.0955557 0.0359859 0 0 0 0 0 0 0 0 0 0 0 0 0 0 0 0 0 0 0 0 0 0 0 0 0 0 0 0 0 0 0 0 0 0 0 0 0 0 0 0 0 0
0.642193 1.17696e-11 1.07523e-11 1.01724e-12 0.0864297 0.03277 0 0 0 0 0 0 0 0 0 0 0 0 0 0 0 0 0 0 0 0 0 0 0 0 0 0 0 0 0 0 0 0 0 0 0 0 0 0 0 0 0 0
0.675157 1.06398e-11 9.80905e-12 8.30757e-13 0.0780801 0.0298383 0 0 0 0 0 0 0 0 0 0 0 0 0 0 0 0 0 0 0 0 0 0 0 0 0 0 0 0 0 0 0 0 0 0 0 0 0 0 0 0 0 0
0.709813 9.64669e-12 8.96669e-12 6.80003e-13 0.0704908 0.0271903 0 0 0 0 0 0 0 0 0 0 0 0 0 0 0 0 0 0 0 0 0 0 0 0 0 0 0 0 0 0 0 0 0 0 0 0 0 0 0 0 0 0
0.746248 8.75714e-12 8.20018e-12 5.56954e-13 0.0636 0.0248181 0 0 0 0 0 0 0 0 0 0 0 0 0 0 0 0 0 0 0 0 0 0 0 0 0 0 0 0 0 0 0 0 0 0 0 0 0 0 0 0 0 0
0.784553 7.95016e-12 7.49395e-12 4.56211e-13 0.0573838 0.0226562 0 0 0 0 0 0 0 0 0 0 0 0 0 0 0 0 0 0 0 0 0 0 0 0 0 0 0 0 0 0 0 0 0 0 0 0 0 0 0 0 0 0
0.824824 7.22361e-12 6.84986e-12 3.73751e-13 0.0517402 0.0207133 0 0 0 0 0 0 0 0 0 0 0 0 0 0 0 0 0 0 0 0 0 0 0 0 0 0 0 0 0 0 0 0 0 0 0 0 0 0 0 0 0 0
0.867162 6.568e-12 6.26156e-12 3.06434e-13 0.0466556 0.0189613 0 0 0 0 0 0 0 0 0 0 0 0 0 0 0 0 0 0 0 0 0 0 0 0 0 0 0 0 0 0 0 0 0 0 0 0 0 0 0 0 0 0
0.911674 5.97204e-12 5.72084e-12 2.51194e-13 0.0420616 0.0173732 0 0 0 0 0 0 0 0 0 0 0 0 0 0 0 0 0 0 0 0 0 0 0 0 0 0 0 0 0 0 0 0 0 0 0 0 0 0 0 0 0 0
0.95847 5.43382e-12 5.22802e-12 2.05803e-13 0.0378745 0.0159508 0 0 0 0 0 0 0 0 0 0 0 0 0 0 0 0 0 0 0 0 0 0 0 0 0 0 0 0 0 0 0 0 0 0 0 0 0 0 0 0 0 0
1.00767 4.94479e-12 4.7761e-12 1.68684e-13 0.0341136 0.0146552 0 0 0 0 0 0 0 0 0 0 0 0 0 0 0 0 0 0 0 0 0 0 0 0 0 0 0 0 0 0 0 0 0 0 0 0 0 0 0 0 0 0
1.05939 4.507e-12 4.36876e-12 1.38242e-13 0.0306728 0.0134801 0 0 0 0 0 0 0 0 0 0 0 0 0 0 0 0 0 0 0 0 0 0 0 0 0 0 0 0 0 0 0 0 0 0 0 0 0 0 0 0 0 0
1.11377 4.10642e-12 3.99312e-12 1.13292e-13 0.0275891 0.0124059 0 0 0 0 0 0 0 0 0 0 0 0 0 0 0 0 0 0 0 0 0 0 0 0 0 0 0 0 0 0 0 0 0 0 0 0 0 0 0 0 0 0
1.17094 3.75381e-12 3.66098e-12 9.28281e-14 0.0247291 0.0114004 0 0 0 0 0 0 0 0 0 0 0 0 0 0 0 0 0 0 0 0 0 0 0 0 0 0 0 0 0 0 0 0 0 0 0 0 0 0 0 0 0 0
1.23105 3.43497e-12 3.35885e-12 7.61169e-14 0.0221594 0.0104762 0 0 0 0 0 0 0 0 0 0 0 0 0 0 0 0 0 0 0 0 0 0 0 0 0 0 0 0 0 0 0 0 0 0 0 0 0 0 0 0 0 0
1.29424 3.14535e-12 3.0829e-12 6.24496e-14 0.0198546 0.00962129 0 0 0 0 0 0 0 0 0 0 0 0 0 0 0 0 0 0 0 0 0 0 0 0 0 0 0 0 0 0 0 0 0 0 0 0 0 0 0 0 0 0
1.36067 2.88174e-12 2.83053e-12 5.12172e-14 0.017773 0.008841 0 0 0 0 0 0 0 0 0 0 0 0 0 0 0 0 0 0 0 0 0 0 0 0 0 0 0 0 0 0 0 0 0 0 0 0 0 0 0 0 0 0
1.43051 2.64188e-12 2.59988e-12 4.19941e-14 0.0158956 0.0081289 0 0 0 0 0 0 0 0 0 0 0 0 0 0 0 0 0 0 0 0 0 0 0 0 0 0 0 0 0 0 0 0 0 0 0 0 0 0 0 0 0 0
1.50394 2.42641e-12 2.39196e-12 3.44513e-14 0.0141984 0.00746875 0 0 0 0 0 0 0 0 0 0 0 0 0 0 0 0 0 0 0 0 0 0 0 0 0 0 0 0 0 0 0 0 0 0 0 0 0 0 0 0 0 0
1.58114 2.23206e-12 2.20379e-12 2.82686e-14 0.0126648 0.00685043 0 0 0 0 0 0 0 0 0 0 0 0 0 0 0 0 0 0 0 0 0 0 0 0 0 0 0 0 0 0 0 0 0 0 0 0 0 0 0 0 0 0
1.6623 2.05485e-12 2.03165e-12 2.32016e-14 0.0112911 0.00627423 0 0 0 0 0 0 0 0 0 0 0 0 0 0 0 0 0 0 0 0 0 0 0 0 0 0 0 0 0 0 0 0 0 0 0 0 0 0 0 0 0 0
1.74763 1.89057e-12 1.87153e-12 1.90479e-14 0.0100752 0.0057541 0 0 0 0 0 0 0 0 0 0 0 0 0 0 0 0 0 0 0 0 0 0 0 0 0 0 0 0 0 0 0 0 0 0 0 0 0 0 0 0 0 0
1.83733 1.74044e-12 1.7248e-12 1.56383e-14 0.00898524 0.00527791 0 0 0 0 0 0 0 0 0 0 0 0 0 0 0 0 0 0 0 0 0 0 0 0 0 0 0 0 0 0 0 0 0 0 0 0 0 0 0 0 0 0
1.93164 1.60276e-12 1.58992e-12 1.28356e-14 0.00800844 0.00483974 0 0 0 0 0 0 0 0 0 0 0 0 0 0 0 0 0 0 0 0 0 0 0 0 0 0 0 0 0 0 0 0 0 0 0 0 0 0 0 0 0 0
2.03079 1.4776e-12 1.46706e-12 1.0534e-14 0.00712912 0.00443208 0 0 0 0 0 0 0 0 0 0 0 0 0 0 0 0 0 0 0 0 0 0 0 0 0 0 0 0 0 0 0 0 0 0 0 0 0 0 0 0 0 0
2.13503 1.36233e-12 1.35368e-12 8.65282e-15 0.00635149 0.00405828 0 0 0 0 0 0 0 0 0 0 0 0 0 0 0 0 0 0 0 0 0 0 0 0 0 0 0 0 0 0 0 0 0 0 0 0 0 0 0 0 0 0
2.24463 1.25574e-12 1.24863e-12 7.10502e-15 0.00565803 0.00371713 0 0 0 0 0 0 0 0 0 0 0 0 0 0 0 0 0 0 0 0 0 0 0 0 0 0 0 0 0 0 0 0 0 0 0 0 0 0 0 0 0 0
2.35984 1.15861e-12 1.15278e-12 5.83235e-15 0.00503392 0.00340226 0 0 0 0 0 0 0 0 0 0 0 0 0 0 0 0 0 0 0 0 0 0 0 0 0 0 0 0 0 0 0 0 0 0 0 0 0 0 0 0 0 0
2.48097 1.06961e-12 1.06482e-12 4.78719e-15 0.00447566 0.0031109 0 0 0 0 0 0 0 0 0 0 0 0 0 0 0 0 0 0 0 0 0 0 0 0 0 0 0 0 0 0 0 0 0 0 0 0 0 0 0 0 0 0
2.60832 9.87313e-13 9.8338e-13 3.93295e-15 0.00398349 0.00284133 0 0 0 0 0 0 0 0 0 0 0 0 0 0 0 0 0 0 0 0 0 0 0 0 0 0 0 0 0 0 0 0 0 0 0 0 0 0 0 0 0 0
2.74221 9.10489e-13 9.07259e-13 3.23025e-15 0.00354781 0.00259566 0 0 0 0 0 0 0 0 0 0 0 0 0 0 0 0 0 0 0 0 0 0 0 0 0 0 0 0 0 0 0 0 0 0 0 0 0 0 0 0 0 0
2.88297 8.39794e-13 8.37143e-13 2.6512e-15 0.00315696 0.00237339 0 0 0 0 0 0 0 0 0 0 0 0 0 0 0 0 0 0 0 0 0 0 0 0 0 0 0 0 0 0 0 0 0 0 0 0 0 0 0 0 0 0
3.03095 7.74059e-13 7.71883e-13 2.17645e-15 0.00281174 0.0021713 0 0 0 0 0 0 0 0 0 0 0 0 0 0 0 0 0 0 0 0 0 0 0 0 0 0 0 0 0 0 0 0 0 0 0 0 0 0 0 0 0 0
3.18653 7.13805e-13 7.12017e-13 1.78712e-15 0.00250365 0.00198351 0 0 0 0 0 0 0 0 0 0 0 0 0 0 0 0 0 0 0 0 0 0 0 0 0 0 0 0 0 0 0 0 0 0 0 0 0 0 0 0 0 0
3.35009 6.58291e-13 6.56824e-13 1.467e-15 0.0022285 0.00181067 0 0 0 0 0 0 0 0 0 0 0 0 0 0 0 0 0 0 0 0 0 0 0 0 0 0 0 0 0 0 0 0 0 0 0 0 0 0 0 0 0 0
3.52205 6.06963e-13 6.05759e-13 1.20371e-15 0.00198317 0.00165331 0 0 0 0 0 0 0 0 0 0 0 0 0 0 0 0 0 0 0 0 0 0 0 0 0 0 0 0 0 0 0 0 0 0 0 0 0 0 0 0 0 0
3.70284 5.59731e-13 5.58742e-13 9.8814e-16 0.00176539 0.00150932 0 0 0 0 0 0 0 0 0 0 0 0 0 0 0 0 0 0 0 0 0 0 0 0 0 0 0 0 0 0 0 0 0 0 0 0 0 0 0 0 0 0
3.89291 5.16526e-13 5.15715e-13 8.1091e-16 0.00156993 0.00137632 0 0 0 0 0 0 0 0 0 0 0 0 0 0 0 0 0 0 0 0 0 0 0 0 0 0 0 0 0 0 0 0 0 0 0 0 0 0 0 0 0 0
4.09273 4.76818e-13 4.76153e-13 6.65392e-16 0.00139548 0.00125055 0 0 0 0 0 0 0 0 0 0 0 0 0 0 0 0 0 0 0 0 0 0 0 0 0 0 0 0 0 0 0 0 0 0 0 0 0 0 0 0 0 0
4.30281 4.39834e-13 4.39288e-13 5.45895e-16 0.00124114 0.00113677 0 0 0 0 0 0 0 0 0 0 0 0 0 0 0 0 0 0 0 0 0 0 0 0 0 0 0 0 0 0 0 0 0 0 0 0 0 0 0 0 0 0
4.52368 4.05639e-13 4.05191e-13 4.48004e-16 0.00110444 0.00103318 0 0 0 0 0 0 0 0 0 0 0 0 0 0 0 0 0 0 0 0 0 0 0 0 0 0 0 0 0 0 0 0 0 0 1.4013e-45 0 2.8026e-45 0 4.2039e-45 0 1.12104e-44 0
4.75588 3.74095e-13 3.73728e-13 3.67536e-16 0.000982467 0.000938164 0 0 0 0 0 0 0 0 0 0 0 0 0 0 0 0 0 0 0 0 0 0 0 0 0 0 1.4013e-45 0 5.60519e-45 0 1.4013e-44 0 3.78351e-44 0 9.24857e-44 0 2.18603e-43 0 4.70836e-43 0 1.00473e-42 0
5 3.45489e-13 3.45188e-13 3.01439e-16 0.000872499 0.000847141 0 0 0 0 0 0 0 0 0 0 0 0 0 0 0 0 0 0 0 0 2.8026e-45 0 1.4013e-44 0 5.1848e-44 0 1.68156e-43 0 4.93257e-43 0 1.32002e-42 0 3.3435e-42 0 7.7716e-42 0 1.74966e-41 0 3.63609e-41 0 7.46962e-41 0
5.25665 3.18301e-13 3.18054e-13 2.4729e-16 0.000776906 0.000765457 0 0 0 0 0 0 0 0 0 0 0 0 0 0 1.4013e-45 0 1.12104e-44 0 6.72623e-44 0 3.18095e-43 0 1.25416e-42 0 4.34683e-42 0 1.33488e-41 0 3.72605e-41 0 9.50473e-41 0 2.30134e-40 0 5.13297e-40 0 1.11072e-39 0 2.22733e-39 0 4.41762e-39 0
5.52648 2.92941e-13 2.92738e-13 2.02859e-16 0.000692492 0.000692373 0 0 0 0 0 0 0 0 0 0 1.4013e-45 0 1.4013e-44 0 1.45735e-43 0 1.03416e-42 0 5.53653e-42 0 2.41654e-41 0 8.90469e-41 0 2.90278e-40 0 8.43971e-40 0 2.24063e-39 0 5.4602e-39 0 1.26619e-38 0 2.71567e-38 0 5.65907e-38 0 1.09691e-37 0 2.10405e-37 0
5.81015 2.69713e-13 2.69547e-13 1.66308e-16 0.000616609 0.000625644 0 0 0 0 0 0 0 0 2.8026e-45 0 8.54792e-44 0 1.26818e-42 0 1.12931e-41 0 7.29432e-41 0 3.59628e-40 0 1.46087e-39 0 5.0511e-39 0 1.55426e-38 0 4.28949e-38 0 1.08579e-37 0 2.53336e-37 0 5.63834e-37 0 1.16507e-36 0 2.34234e-36 0 4.39586e-36 0 8.16799e-36 0
6.10839 2.48561e-13 2.48425e-13 1.36307e-16 0.000548384 0.000563051 0 0 0 0 0 0 2.8026e-45 0 2.63444e-43 0 6.69961e-42 0 8.71902e-41 0 6.97729e-40 0 4.11461e-39 0 1.87657e-38 0 7.11872e-38 0 2.31671e-37 0 6.74801e-37 0 1.77228e-36 0 4.28726e-36 0 9.59767e-36 0 2.05427e-35 0 4.09701e-35 0 7.96083e-35 0 1.44878e-34 0 2.61179e-34 0
6.42193 2.28511e-13 2.284e-13 1.1172e-16 0.000488904 0.000511884 0 0 0 0 0 0 3.05483e-43 0 1.91501e-41 0 4.16773e-40 0 4.78553e-39 0 3.4598e-38 0 1.87097e-37 0 7.92368e-37 0 2.81639e-36 0 8.6525e-36 0 2.39208e-35 0 5.99321e-35 0 1.38859e-34 0 2.98864e-34 0 6.16351e-34 0 1.1885e-33 0 2.23566e-33 0 3.95144e-33 0 6.9214e-33 0
6.75157 2.10834e-13 2.10742e-13 9.15815e-17 0.000434378 0.000457031 0 0 0 0 5.88545e-44 0 2.1835e-41 0 1.11747e-39 0 2.09245e-38 0 2.13271e-37 0 1.39993e-36 0 6.97162e-36 0 2.75161e-35 0 9.19312e-35 0 2.6737e-34 0 7.03371e-34 0 1.68497e-33 0 3.74707e-33 0 7.76848e-33 0 1.54648e-32 0 2.88796e-32 0 5.26745e-32 0 9.05467e-32 0 1.54321e-31 0
7.09813 1.94336e-13 1.94261e-13 7.50318e-17 0.000386093 0.000409224 0 0 0 0 4.4295e-42 0 1.24454e-39 0 5.25584e-38 0 8.52978e-37 0 7.76221e-36 0 4.64797e-35 0 2.14017e-34 0 7.89935e-34 0 2.48822e-33 0 6.86912e-33 0 1.72371e-32 0 3.95683e-32 0 8.46252e-32 0 1.69311e-31 0 3.25907e-31 0 5.90335e-31 0 1.04559e-30 0 1.75045e-30 0 2.90667e-30 0
7.46248 1.79314e-13 1.79252e-13 6.14551e-17 0.000342724 0.000365189 0 0 1.12104e-44 0 2.68777e-40 0 5.73511e-38 0 2.01747e-36 0 2.85766e-35 0 2.33471e-34 0 1.28104e-33 0 5.4748e-33 0 1.89592e-32 0 5.64663e-32 0 1.48344e-31 0 3.55896e-31 0 7.8449e-31 0 1.61667e-30 0 3.1268e-30 0 5.82938e-30 0 1.02573e-29 0 1.76675e-29 0 2.88426e-29 0 4.67227e-29 0
7.84553 1.65772e-13 1.65722e-13 5.03537e-17 0.000303752 0.000322754 0 0 8.85621e-43 0 1.31599e-38 0 2.16114e-36 0 6.3893e-35 0 7.95154e-34 0 5.86321e-33 0 2.96051e-32 0 1.17862e-31 0 3.84139e-31 0 1.08472e-30 0 2.71841e-30 0 6.24905e-30 0 1.32531e-29 0 2.63645e-29 0 4.93755e-29 0 8.92948e-29 0 1.52845e-28 0 2.5637e-28 0 4.08633e-28 0 6.46546e-28 0
8.24824 1.53084e-13 1.53043e-13 4.12445e-17 0.000269424 0.000283168 1.4013e-45 0 5.63826e-41 0 5.23786e-37 0 6.70529e-35 0 1.68027e-33 0 1.8489e-32 0 1.23662e-31 0 5.7694e-31 0 2.14706e-30 0 6.6055e-30 0 1.77305e-29 0 4.24855e-29 0 9.37755e-29 0 1.91713e-28 0 3.68782e-28 0 6.6982e-28 0 1.17682e-27 0 1.96218e-27 0 3.20912e-27 0 4.99997e-27 0 7.73579e-27 0
8.67162 1.41349e-13 1.41315e-13 3.37609e-17 0.000238848 0.00024888 1.62551e-43 0 2.88144e-39 0 1.71351e-35 0 1.73087e-33 0 3.70615e-32 0 3.6275e-31 0 2.21122e-30 0 9.56908e-30 0 3.33979e-29 0 9.72638e-29 0 2.48789e-28 0 5.71242e-28 0 1.21306e-27 0 2.39486e-27 0 4.46196e-27 0 7.87154e-27 0 1.34543e-26 0 2.18802e-26 0 3.49355e-26 0 5.32655e-26 0 8.06731e-26 0
9.11674 1.30765e-13 1.30738e-13 2.76352e-17 0.000211334 0.000218261 1.08671e-41 0 1.19812e-37 0 4.66126e-34 0 3.75855e-32 0 6.92963e-31 0 6.0677e-30 0 3.38627e-29 0 1.36425e-28 0 4.47961e-28 0 1.23825e-27 0 3.02533e-27 0 6.67017e-27 0 1.3653e-26 0 2.60739e-26 0 4.71256e-26 0 8.08638e-26 0 1.34645e-25 0 2.13829e-25 0 3.33705e-25 0 4.98422e-25 0 7.39738e-25 0
9.5847 1.21357e-13 1.21334e-13 2.26119e-17 0.000186326 0.000190687 5.8576e-40 0 4.09985e-36 0 1.06535e-32 0 6.93306e-31 0 1.10871e-29 0 8.73223e-29 0 4.4809e-28 0 1.68653e-27 0 5.2255e-27 0 1.37447e-26 0 3.21483e-26 0 6.81959e-26 0 1.34791e-25 0 2.49414e-25 0 4.37947e-25 0 7.31929e-25 0 1.18876e-24 0 1.84571e-24 0 2.81852e-24 0 4.12809e-24 0 6.00976e-24 0
10.0767 1.13056e-13 1.13037e-13 1.84937e-17 0.00016358 0.000164923 2.56787e-38 0 1.16652e-34 0 2.06488e-31 0 1.09594e-29 0 1.53074e-28 0 1.09005e-27 0 5.1643e-27 0 1.82194e-26 0 5.34182e-26 0 1.34027e-25 0 3.00744e-25 0 6.14966e-25 0 1.17573e-24 0 2.11114e-24 0 3.60645e-24 0 5.87812e-24 0 9.32349e-24 0 1.41684e-23 0 2.11934e-23 0 3.04675e-23 0 4.35494e-23 0
10.5939 1.05732e-13 1.05717e-13 1.51143e-17 0.000142949 0.000140216 9.24997e-37 0 2.78544e-33 0 3.42229e-30 0 1.49621e-28 0 1.83738e-27 0 1.18883e-26 0 5.22035e-26 0 1.73177e-25 0 4.81767e-25 0 1.15567e-24 0 2.49288e-24 0 4.92253e-24 0 9.11807e-24 0 1.59112e-23 0 2.64795e-23 0 4.21414e-23 0 6.53534e-23 0 9.73053e-23 0 1.42718e-22 0 2.01567e-22 0 2.83132e-22 0
11.1377 9.9605e-14 9.95927e-14 1.23431e-17 0.00012392 0.000117307 2.77422e-35 0 5.64998e-32 0 4.90492e-29 0 1.78322e-27 0 1.93745e-26 0 1.14435e-25 0 4.67483e-25 0 1.46261e-24 0 3.87063e-24 0 8.89661e-24 0 1.84838e-23 0 3.53063e-23 0 6.34593e-23 0 1.07768e-22 0 1.74943e-22 0 2.72172e-22 0 4.13141e-22 0 6.03291e-22 0 8.68455e-22 0 1.20606e-21 0 1.66622e-21 0
11.7094 9.31727e-14 9.31625e-14 1.0174e-17 0.000109195 9.70167e-05 6.89267e-34 0 9.67697e-31 0 6.03742e-28 0 1.84175e-26 0 1.78104e-25 0 9.64591e-25 0 3.67881e-24 0 1.08864e-23 0 2.74728e-23 0 6.06315e-23 0 1.21552e-22 0 2.24956e-22 0 3.92925e-22 0 6.5024e-22 0 1.03088e-21 0 1.56958e-21 0 2.33447e-21 0 3.34649e-21 0 4.73244e-21 0 6.46757e-21 0 8.79535e-21 0
12.3105 8.87437e-14 8.87354e-14 8.27219e-18 9.32144e-05 7.56667e-05 1.46769e-32 0 1.4465e-29 0 6.59117e-27 0 1.70164e-25 0 1.47299e-24 0 7.34593e-24 0 2.62438e-23 0 7.36547e-23 0 1.7766e-22 0 3.77224e-22 0 7.30995e-22 0 1.3128e-21 0 2.23144e-21 0 3.60303e-21 0 5.5851e-21 0 8.3309e-21 0 1.21529e-20 0 1.71176e-20 0 2.38008e-20 0 3.2035e-20 0 4.29159e-20 0
12.9424 8.47394e-14 8.47327e-14 6.75441e-18 7.97081e-05 5.4854e-05 2.65944e-31 0 1.87202e-28 0 6.32629e-26 0 1.39354e-24 0 1.08564e-23 0 5.00567e-23 0 1.68052e-22 0 4.48472e-22 0 1.03622e-21 0 2.12079e-21 0 3.97911e-21 0 6.94472e-21 0 1.15025e-20 0 1.81433e-20 0 2.75286e-20 0 4.02686e-20 0 5.76698e-20 0 7.9882e-20 0 1.09297e-19 0 1.44991e-19 0 1.91485e-19 0
13.6067 8.15247e-14 8.15191e-14 5.51531e-18 6.76521e-05 3.74912e-05 4.15417e-30 0 2.12314e-27 0 5.39943e-25 0 1.0227e-23 0 7.20752e-23 0 3.08428e-22 0 9.76012e-22 0 2.48275e-21 0 5.50673e-21 0 1.08831e-20 0 1.98014e-20 0 3.36323e-20 0 5.43493e-20 0 8.38406e-20 0 1.24647e-19 0 1.78978e-19 0 2.51864e-19 0 3.43367e-19 0 4.62668e-19 0 6.05355e-19 0 7.88689e-19 0
14.3051 7.93118e-14 7.93073e-14 4.49993e-18 5.67373e-05 2.24456e-05 5.65739e-29 0 2.13241e-26 0 4.1381e-24 0 6.78945e-23 0 4.34977e-22 0 1.73384e-21 0 5.1866e-21 0 1.26056e-20 0 2.68926e-20 0 5.14098e-20 0 9.08446e-20 0 1.50358e-19 0 2.37349e-19 0 3.58473e-19 0 5.22729e-19 0 7.37433e-19 0 1.02057e-18 0 1.37046e-18 0 1.81992e-18 0 2.35014e-18 0 3.02259e-18 0
15.0394 7.81295e-14 7.81258e-14 3.66934e-18 4.69649e-05 8.91241e-06 6.77505e-28 0 1.91154e-25 0 2.86819e-23 0 4.10506e-22 0 2.40197e-21 0 8.9493e-21 0 2.53764e-20 0 5.90582e-20 0 1.21418e-19 0 2.24883e-19 0 3.86489e-19 0 6.24138e-19 0 9.63523e-19 0 1.42622e-18 0 2.04178e-18 0 2.83243e-18 0 3.85825e-18 0 5.10694e-18 0 6.68859e-18 0 8.5301e-18 0 1.08369e-17 0
15.8114 7.81952e-14 7.81922e-14 2.99198e-18 3.8263e-05 -3.77956e-06 7.20818e-27 0 1.54403e-24 0 1.81396e-22 0 2.27988e-21 0 1.22377e-20 0 4.27595e-20 0 1.15232e-19 0 2.57343e-19 0 5.10779e-19 0 9.17989e-19 0 1.53651e-18 0 2.42391e-18 0 3.66346e-18 0 5.31987e-18 0 7.48367e-18 0 1.0217e-17 0 1.37089e-17 0 1.78989e-17 0 2.31355e-17 0 2.9157e-17 0 3.66115e-17 0
16.623 7.94863e-14 7.94839e-14 2.43922e-18 3.06873e-05 -1.65689e-05 6.85579e-26 0 1.13002e-23 0 1.05195e-21 0 1.16844e-20 0 5.77783e-20 0 1.89919e-19 0 4.87628e-19 0 1.04711e-18 0 2.00991e-18 0 3.51035e-18 0 5.72963e-18 0 8.83979e-18 0 1.30936e-17 0 1.86706e-17 0 2.58306e-17 0 3.47331e-17 0 4.59396e-17 0 5.92049e-17 0 7.55733e-17 0 9.41729e-17 0 1.16943e-16 0
17.4762 8.21642e-14 8.21622e-14 1.98754e-18 2.41899e-05 -2.88691e-05 5.87281e-25 0 7.54452e-23 0 5.62871e-21 0 5.55867e-20 0 2.54236e-19 0 7.88512e-19 0 1.93345e-18 0 3.99974e-18 0 7.43688e-18 0 1.26398e-17 0 2.01432e-17 0 3.04263e-17 0 4.42115e-17 0 6.196e-17 0 8.43733e-17 0 1.11824e-16 0 1.45898e-16 0 1.85712e-16 0 2.34248e-16 0 2.8878e-16 0 3.54832e-16 0
18.3733 8.66174e-14 8.66158e-14 1.61864e-18 1.86872e-05 -4.05198e-05 4.57114e-24 0 4.63287e-22 0 2.80021e-20 0 2.47283e-19 0 1.05008e-18 0 3.08173e-18 0 7.23271e-18 0 1.44406e-17 0 2.60491e-17 0 4.31416e-17 0 6.72051e-17 0 9.94896e-17 0 1.41952e-16 0 1.95686e-16 0 2.62486e-16 0 3.43133e-16 0 4.41914e-16 0 5.55921e-16 0 6.93305e-16 0 8.46017e-16 0 1.02912e-15 0
19.3164 9.29673e-14 9.2966e-14 1.3199e-18 1.41974e-05 -5.24132e-05 3.24566e-23 0 2.6254e-21 0 1.29886e-19 0 1.03129e-18 0 4.0808e-18 0 1.13629e-17 0 2.55803e-17 0 4.93774e-17 0 8.6542e-17 0 1.3984e-16 0 2.13177e-16 0 3.09597e-16 0 4.34133e-16 0 5.89163e-16 0 7.79032e-16 0 1.00515e-15 0 1.27862e-15 0 1.59056e-15 0 1.96236e-15 0 2.37144e-15 0 2.85723e-15 0
20.3079 1.01516e-13 1.01515e-13 1.07699e-18 1.0609e-05 -6.59221e-05 2.11198e-22 0 1.37858e-20 0 5.63735e-19 0 4.04537e-18 0 1.49678e-17 0 3.96448e-17 0 8.57822e-17 0 1.60352e-16 0 2.73448e-16 0 4.31624e-16 0 6.44575e-16 0 9.19217e-16 0 1.26787e-15 0 1.69517e-15 0 2.21111e-15 0 2.81761e-15 0 3.54233e-15 0 4.35982e-15 0 5.32406e-15 0 6.37473e-15 0 7.61103e-15 0
21.3503 1.12967e-13 1.12966e-13 8.79718e-19 7.78739e-06 -7.58047e-05 1.26804e-21 0 6.74953e-20 0 2.30265e-18 0 1.5008e-17 0 5.20934e-17 0 1.3157e-16 0 2.74158e-16 0 4.97067e-16 0 8.25843e-16 0 1.27482e-15 0 1.86687e-15 0 2.61657e-15 0 3.5528e-15 0 4.68328e-15 0 6.02993e-15 0 7.59354e-15 0 9.44058e-15 0 1.1502e-14 0 1.39096e-14 0 1.65087e-14 0 1.95405e-14 0
22.4463 1.2801e-13 1.2801e-13 7.20908e-19 5.63164e-06 -8.36777e-05 7.05357e-21 0 3.09222e-19 0 8.87934e-18 0 5.28115e-17 0 1.72504e-16 0 4.16417e-16 0 8.37155e-16 0 1.47436e-15 0 2.38957e-15 0 3.61132e-15 0 5.19089e-15 0 7.15653e-15 0 9.57315e-15 0 1.24502e-14 0 1.58336e-14 0 1.97162e-14 0 2.42527e-14 0 2.9265e-14 0 3.50637e-14 0 4.1269e-14 0 4.84477e-14 0
23.5984 1.47198e-13 1.47198e-13 5.94297e-19 4.03739e-06 -9.0876e-05 3.63917e-20 0 1.32648e-18 0 3.23312e-17 0 1.76264e-16 0 5.43419e-16 0 1.25654e-15 0 2.44145e-15 0 4.18257e-15 0 6.62097e-15 0 9.80644e-15 0 1.38482e-14 0 1.87951e-14 0 2.47873e-14 0 3.18257e-14 0 4.00022e-14 0 4.92807e-14 0 6.001e-14 0 7.17511e-14 0 8.52126e-14 0 9.94983e-14 0 1.15895e-13 0
24.8097 1.70703e-13 1.70702e-13 4.94158e-19 2.89485e-06 -0.000100761 1.73836e-19 0 5.31606e-18 0 1.10865e-16 0 5.56384e-16 0 1.62358e-15 0 3.60364e-15 0 6.7784e-15 0 1.13112e-14 0 1.75085e-14 0 2.54395e-14 0 3.53242e-14 0 4.72332e-14 0 6.14559e-14 0 7.79495e-14 0 9.68881e-14 0 1.18152e-13 0 1.42498e-13 0 1.68899e-13 0 1.98909e-13 0 2.30505e-13 0 2.66498e-13 0
26.0832 1.98298e-13 1.98297e-13 4.16209e-19 2.09891e-06 -0.000107319 7.66816e-19 0 1.98434e-17 0 3.5679e-16 0 1.65496e-15 0 4.58329e-15 0 9.78453e-15 0 1.78455e-14 0 2.90438e-14 0 4.40077e-14 0 6.27866e-14 0 8.57967e-14 0 1.13106e-13 0 1.45285e-13 0 1.8215e-13 0 2.24013e-13 0 2.70543e-13 0 3.23321e-13 0 3.80054e-13 0 4.44024e-13 0 5.10865e-13 0 5.86467e-13 0
27.4221 2.27981e-13 2.27981e-13 3.55403e-19 1.55891e-06 -0.000112528 3.09848e-18 0 6.84053e-17 0 1.06812e-15 0 4.59686e-15 0 1.2113e-14 0 2.49192e-14 0 4.41348e-14 0 7.01418e-14 0 1.04146e-13 0 1.46031e-13 0 1.96529e-13 0 2.55612e-13 0 3.24345e-13 0 4.0218e-13 0 4.89643e-13 0 5.85923e-13 0 6.94159e-13 0 8.09549e-13 0 9.38654e-13 0 1.07259e-12 0 1.22304e-12 0
28.8297 2.55294e-13 2.55294e-13 3.08594e-19 1.20878e-06 -0.000114567 1.13294e-17 0 2.15047e-16 0 2.93624e-15 0 1.17675e-14 0 2.95754e-14 0 5.87377e-14 0 1.01168e-13 0 1.57187e-13 0 2.28928e-13 0 3.15743e-13 0 4.18812e-13 0 5.37775e-13 0 6.74492e-13 0 8.27617e-13 0 9.97967e-13 0 1.18378e-12 0 1.3909e-12 0 1.60997e-12 0 1.85329e-12 0 2.10398e-12 0 2.38379e-12 0
30.3095 2.77092e-13 2.77092e-13 2.71257e-19 9.7894e-07 -0.000115463 3.74377e-17 0 6.15489e-16 0 7.39693e-15 0 2.77019e-14 0 6.65601e-14 0 1.27835e-13 0 2.14412e-13 0 3.26045e-13 0 4.66217e-13 0 6.33004e-13 0 8.28136e-13 0 1.05047e-12 0 1.30303e-12 0 1.58296e-12 0 1.89142e-12 0 2.22495e-12 0 2.59374e-12 0 2.9809e-12 0 3.40792e-12 0 3.845e-12 0 4.32988e-12 0
31.8653 2.83439e-13 2.83439e-13 2.38329e-19 8.40848e-07 -0.000113568 1.09081e-16 0 1.56421e-15 0 1.66496e-14 0 5.84606e-14 0 1.3458e-13 0 2.50368e-13 0 4.09459e-13 0 6.10032e-13 0 8.57196e-13 0 1.1466e-12 0 1.48051e-12 0 1.8563e-12 0 2.27852e-12 0 2.74184e-12 0 3.24776e-12 0 3.79031e-12 0 4.38559e-12 0 5.0061e-12 0 5.68594e-12 0 6.37751e-12 0 7.14023e-12 0
33.5009 2.77849e-13 2.77849e-13 2.09041e-19 7.52355e-07 -0.0001115 2.8589e-16 0 3.59979e-15 0 3.41381e-14 0 1.12737e-13 0 2.49175e-13 0 4.49717e-13 0 7.18027e-13 0 1.04913e-12 0 1.44992e-12 0 1.9121e-12 0 2.43831e-12 0 3.02363e-12 0 3.67441e-12 0 4.38179e-12 0 5.14759e-12 0 5.96236e-12 0 6.84981e-12 0 7.76863e-12 0 8.76893e-12 0 9.78052e-12 0 1.089e-11 0
35.2205 2.54995e-13 2.54995e-13 1.79021e-19 7.02054e-07 -0.000105204 6.60489e-16 0 7.34909e-15 0 6.24447e-14 0 1.94532e-13 0 4.1363e-13 0 7.25317e-13 0 1.1319e-12 0 1.62351e-12 0 2.20857e-12 0 2.87348e-12 0 3.62103e-12 0 4.44336e-12 0 5.34856e-12 0 6.32364e-12 0 7.37062e-12 0 8.47624e-12 0 9.67211e-12 0 1.09023e-11 0 1.22335e-11 0 1.35723e-11 0 1.50328e-11 0
37.0284 2.25709e-13 2.25709e-13 1.51427e-19 6.70892e-07 -9.89438e-05 1.38977e-15 0 1.37474e-14 0 1.05224e-13 0 3.1011e-13 0 6.35536e-13 0 1.08429e-12 0 1.65573e-12 0 2.33341e-12 0 3.12694e-12 0 4.0164e-12 0 5.00447e-12 0 6.07991e-12 0 7.25256e-12 0 8.50493e-12 0 9.83919e-12 0 1.12381e-11 0 1.27413e-11 0 1.42782e-11 0 1.59318e-11 0 1.75858e-11 0 1.93813e-11 0
38.9291 1.9357e-13 1.9357e-13 1.25795e-19 6.49868e-07 -9.04425e-05 2.683e-15 0 2.37305e-14 0 1.64454e-13 0 4.59757e-13 0 9.09784e-13 0 1.51223e-12 0 2.26196e-12 0 3.1348e-12 0 4.14126e-12 0 5.25463e-12 0 6.47738e-12 0 7.79492e-12 0 9.21862e-12 0 1.07267e-11 0 1.23216e-11 0 1.39824e-11 0 1.57558e-11 0 1.75584e-11 0 1.94873e-11 0 2.1407e-11 0 2.34809e-11 0
40.9273 1.63088e-13 1.63088e-13 1.03494e-19 6.34586e-07 -8.13582e-05 4.83154e-15 0 3.84194e-14 0 2.42237e-13 0 6.44057e-13 0 1.23271e-12 0 1.99879e-12 0 2.93155e-12 0 3.99855e-12 0 5.211e-12 0 6.53556e-12 0 7.97451e-12 0 9.51021e-12 0 1.11555e-11 0 1.28848e-11 0 1.47007e-11 0 1.65795e-11 0 1.85737e-11 0 2.05895e-11 0 2.27354e-11 0 2.48608e-11 0 2.71465e-11 0
43.0281 1.36472e-13 1.36472e-13 8.44315e-20 6.18672e-07 -6.92857e-05 8.22572e-15 0 5.91119e-14 0 3.40659e-13 0 8.63515e-13 0 1.60119e-12 0 2.53571e-12 0 3.65013e-12 0 4.9038e-12 0 6.30864e-12 0 7.82519e-12 0 9.45577e-12 0 1.11802e-11 0 1.30126e-11 0 1.49244e-11 0 1.69185e-11 0 1.89691e-11 0 2.11332e-11 0 2.33092e-11 0 2.56144e-11 0 2.7887e-11 0 3.03205e-11 0
45.2368 1.13784e-13 1.13784e-13 6.86489e-20 6.03329e-07 -5.62305e-05 1.3314e-14 0 8.68943e-14 0 4.59725e-13 0 1.11359e-12 0 2.00358e-12 0 3.10252e-12 0 4.38733e-12 0 5.80984e-12 0 7.38288e-12 0 9.06187e-12 0 1.08494e-11 0 1.27235e-11 0 1.46996e-11 0 1.67468e-11 0 1.88685e-11 0 2.10377e-11 0 2.33145e-11 0 2.55924e-11 0 2.79942e-11 0 3.03518e-11 0 3.28658e-11 0
47.5588 9.54667e-14 9.54666e-14 5.56777e-20 5.83216e-07 -3.3861e-05 2.07399e-14 0 1.23513e-13 0 6.02416e-13 0 1.39754e-12 0 2.44338e-12 0 3.70364e-12 0 5.14952e-12 0 6.72631e-12 0 8.44809e-12 0 1.02661e-11 0 1.21837e-11 0 1.41776e-11 0 1.62644e-11 0 1.8412e-11 0 2.06243e-11 0 2.28735e-11 0 2.52222e-11 0 2.75608e-11 0 3.00156e-11 0 3.24153e-11 0 3.49642e-11 0
50 8.00982e-14 8.00981e-14 4.51651e-20 5.63872e-07 -1.24464e-05 3.09653e-14 0 1.69024e-13 0 7.63013e-13 0 1.69886e-12 0 2.89027e-12 0 4.29296e-12 0 5.87365e-12 0 7.57278e-12 0 9.40601e-12 0 1.13219e-11 0 1.33249e-11 0 1.53912e-11 0 1.75388e-11 0 1.97349e-11 0 2.1984e-11 0 2.42587e-11 0 2.66223e-11 0 2.89652e-11 0 3.14141e-11 0 3.37985e-11 0 3.63218e-11 0
52.5665 6.77174e-14 6.77174e-14 3.66156e-20 5.40712e-07 1.12011e-05 4.4743e-14 0 2.24808e-13 0 9.42836e-13 0 2.01879e-12 0 3.34661e-12 0 4.87569e-12 0 6.56964e-12 0 8.3657e-12 0 1.02815e-11 0 1.22643e-11 0 1.43197e-11 0 1.64244e-11 0 1.85972e-11 0 2.08057e-11 0 2.30552e-11 0 2.53188e-11 0 2.766e-11 0 2.99706e-11 0 3.23761e-11 0 3.47094e-11 0 3.717e-11 0
55.2648 5.75745e-14 5.75745e-14 2.96903e-20 5.15684e-07 3.25703e-05 6.25683e-14 0 2.90544e-13 0 1.13616e-12 0 2.34396e-12 0 3.79096e-12 0 5.42255e-12 0 7.20092e-12 0 9.06205e-12 0 1.10258e-11 0 1.30395e-11 0 1.51101e-11 0 1.72154e-11 0 1.93751e-11 0 2.15577e-11 0 2.37692e-11 0 2.5984e-11 0 2.82646e-11 0 3.05061e-11 0 3.28308e-11 0 3.50777e-11 0 3.74393e-11 0
58.1015 4.92491e-14 4.92491e-14 2.41081e-20 4.89513e-07 5.12237e-05 8.48719e-14 0 3.65648e-13 0 1.33776e-12 0 2.66401e-12 0 4.20866e-12 0 5.91577e-12 0 7.74791e-12 0 9.64167e-12 0 1.16193e-11 0 1.36294e-11 0 1.56807e-11 0 1.77522e-11 0 1.98644e-11 0 2.19874e-11 0 2.41279e-11 0 2.62618e-11 0 2.84499e-11 0 3.05922e-11 0 3.28059e-11 0 3.49383e-11 0 3.71723e-11 0
61.0839 4.23456e-14 4.23456e-14 1.95831e-20 4.6246e-07 6.63316e-05 1.11772e-13 0 4.48397e-13 0 1.53985e-12 0 2.96507e-12 0 4.58089e-12 0 6.3329e-12 0 8.18579e-12 0 1.00785e-11 0 1.20358e-11 0 1.40085e-11 0 1.60071e-11 0 1.80125e-11 0 2.00456e-11 0 2.20785e-11 0 2.41184e-11 0 2.61434e-11 0 2.82115e-11 0 3.02289e-11 0 3.23062e-11 0 3.43009e-11 0 3.63843e-11 0
64.2193 3.65754e-14 3.65754e-14 1.59141e-20 4.35104e-07 7.8117e-05 1.43062e-13 0 5.36291e-13 0 1.73404e-12 0 3.23392e-12 0 4.89134e-12 0 6.65611e-12 0 8.49657e-12 0 1.03556e-11 0 1.22602e-11 0 1.41646e-11 0 1.60806e-11 0 1.79915e-11 0 1.99183e-11 0 2.18354e-11 0 2.37506e-11 0 2.56439e-11 0 2.75703e-11 0 2.94428e-11 0 3.13646e-11 0 3.32044e-11 0 3.51204e-11 0
67.5157 3.17527e-14 3.17527e-14 1.29425e-20 4.07604e-07 8.59809e-05 1.78354e-13 0 6.26819e-13 0 1.91393e-12 0 3.46251e-12 0 5.13246e-12 0 6.88011e-12 0 8.67865e-12 0 1.04761e-11 0 1.23013e-11 0 1.41125e-11 0 1.59229e-11 0 1.7718e-11 0 1.95188e-11 0 2.13021e-11 0 2.3076e-11 0 2.48229e-11 0 2.65939e-11 0 2.83096e-11 0 3.00651e-11 0 3.17408e-11 0 3.34812e-11 0
70.9813 2.7685e-14 2.7685e-14 1.05362e-20 3.80574e-07 9.06709e-05 2.16736e-13 0 7.16383e-13 0 2.07144e-12 0 3.64066e-12 0 5.29398e-12 0 6.99604e-12 0 8.72566e-12 0 1.04368e-11 0 1.21598e-11 0 1.38574e-11 0 1.55436e-11 0 1.72064e-11 0 1.88663e-11 0 2.05028e-11 0 2.21242e-11 0 2.3715e-11 0 2.53223e-11 0 2.68745e-11 0 2.8458e-11 0 2.99653e-11 0 3.15268e-11 0
74.6248 2.42295e-14 2.42295e-14 8.5796e-21 3.54097e-07 9.24941e-05 2.56964e-13 0 8.01205e-13 0 2.19976e-12 0 3.76135e-12 0 5.37065e-12 0 7.0017e-12 0 8.63939e-12 0 1.0244e-11 0 1.1847e-11 0 1.34155e-11 0 1.49644e-11 0 1.64839e-11 0 1.79936e-11 0 1.94758e-11 0 2.09387e-11 0 2.2369e-11 0 2.38095e-11 0 2.51964e-11 0 2.66074e-11 0 2.7947e-11 0 2.93313e-11 0
78.4553 2.12777e-14 2.12777e-14 6.9879e-21 3.28414e-07 9.18205e-05 2.97545e-13 0 8.77653e-13 0 2.29384e-12 0 3.82107e-12 0 5.36216e-12 0 6.9011e-12 0 8.42877e-12 0 9.91204e-12 0 1.13825e-11 0 1.28122e-11 0 1.4216e-11 0 1.55864e-11 0 1.6942e-11 0 1.82677e-11 0 1.95713e-11 0 2.08417e-11 0 2.21172e-11 0 2.33418e-11 0 2.45844e-11 0 2.57611e-11 0 2.69745e-11 0
82.4824 1.87507e-14 1.87507e-14 5.69662e-21 3.03809e-07 8.85737e-05 3.36959e-13 0 9.42819e-13 0 2.35144e-12 0 3.82093e-12 0 5.2744e-12 0 6.70553e-12 0 8.1109e-12 0 9.46366e-12 0 1.07952e-11 0 1.20818e-11 0 1.33385e-11 0 1.45595e-11 0 1.57624e-11 0 1.69342e-11 0 1.80826e-11 0 1.91983e-11 0 2.03152e-11 0 2.13847e-11 0 2.24671e-11 0 2.34899e-11 0 2.45422e-11 0
86.7162 1.65855e-14 1.65855e-14 4.64579e-21 2.80111e-07 8.22696e-05 3.73768e-13 0 9.94629e-13 0 2.37267e-12 0 3.76552e-12 0 5.11725e-12 0 6.43052e-12 0 7.70701e-12 0 8.92568e-12 0 1.01171e-11 0 1.12616e-11 0 1.23739e-11 0 1.345e-11 0 1.45058e-11 0 1.55307e-11 0 1.65319e-11 0 1.75018e-11 0 1.84699e-11 0 1.93947e-11 0 2.03285e-11 0 2.12089e-11 0 2.21128e-11 0
91.1674 1.47152e-14 1.47152e-14 3.78916e-21 2.575e-07 7.43704e-05 4.06306e-13 0 1.03084e-12 0 2.35722e-12 0 3.65809e-12 0 4.89797e-12 0 6.08742e-12 0 7.23238e-12 0 8.31701e-12 0 9.37056e-12 0 1.03772e-11 0 1.13508e-11 0 1.22888e-11 0 1.32057e-11 0 1.40928e-11 0 1.49567e-11 0 1.57912e-11 0 1.66221e-11 0 1.7414e-11 0 1.82117e-11 0 1.89623e-11 0 1.97314e-11 0
95.847 1.30925e-14 1.30925e-14 3.09081e-21 2.36075e-07 6.62037e-05 4.33235e-13 0 1.05043e-12 0 2.3074e-12 0 3.50538e-12 0 4.62782e-12 0 5.69176e-12 0 6.70654e-12 0 7.66082e-12 0 8.58214e-12 0 9.45785e-12 0 1.03011e-11 0 1.11103e-11 0 1.18985e-11 0 1.26587e-11 0 1.33969e-11 0 1.41081e-11 0 1.48145e-11 0 1.54862e-11 0 1.61615e-11 0 1.67956e-11 0 1.74442e-11 0
100.767 1.16866e-14 1.16866e-14 2.52346e-21 2.15928e-07 5.79913e-05 4.5381e-13 0 1.0539e-12 0 2.22833e-12 0 3.31759e-12 0 4.32174e-12 0 5.2628e-12 0 6.15262e-12 0 6.98362e-12 0 7.78132e-12 0 8.53585e-12 0 9.25934e-12 0 9.95103e-12 0 1.06226e-11 0 1.12683e-11 0 1.18937e-11 0 1.24947e-11 0 1.30903e-11 0 1.36554e-11 0 1.42225e-11 0 1.4754e-11 0 1.52967e-11 0
105.939 1.04948e-14 1.04948e-14 2.06005e-21 1.96294e-07 4.81836e-05 4.68779e-13 0 1.04499e-12 0 2.13086e-12 0 3.11226e-12 0 4.00321e-12 0 4.82927e-12 0 5.60398e-12 0 6.32277e-12 0 7.00903e-12 0 7.65516e-12 0 8.27228e-12 0 8.86021e-12 0 9.42924e-12 0 9.97486e-12 0 1.05019e-11 0 1.10073e-11 0 1.15071e-11 0 1.19803e-11 0 1.24543e-11 0 1.28979e-11 0 1.335e-11 0
111.377 9.46802e-15 9.46801e-15 1.68154e-21 1.77602e-07 3.86004e-05 4.77329e-13 0 1.02345e-12 0 2.01642e-12 0 2.8921e-12 0 3.67562e-12 0 4.39476e-12 0 5.06401e-12 0 5.68113e-12 0 6.26735e-12 0 6.81691e-12 0 7.33982e-12 0 7.83638e-12 0 8.31558e-12 0 8.77385e-12 0 9.21549e-12 0 9.63803e-12 0 1.00551e-11 0 1.04492e-11 0 1.08433e-11 0 1.12115e-11 0 1.15862e-11 0
117.094 8.62244e-15 8.62244e-15 1.37315e-21 1.59253e-07 2.92071e-05 4.81858e-13 0 9.95708e-13 0 1.89881e-12 0 2.67695e-12 0 3.36372e-12 0 3.98807e-12 0 4.5649e-12 0 5.09374e-12 0 5.59369e-12 0 6.06048e-12 0 6.5031e-12 0 6.92211e-12 0 7.32536e-12 0 7.71007e-12 0 8.07998e-12 0 8.43317e-12 0 8.78111e-12 0 9.10939e-12 0 9.43708e-12 0 9.74277e-12 0 1.00535e-11 0
123.105 7.95228e-15 7.95228e-15 1.12223e-21 1.41121e-07 2.04716e-05 4.84253e-13 0 9.66195e-13 0 1.78644e-12 0 2.47782e-12 0 3.08018e-12 0 3.62291e-12 0 4.12092e-12 0 4.57502e-12 0 5.00239e-12 0 5.39991e-12 0 5.7756e-12 0 6.13024e-12 0 6.47066e-12 0 6.79468e-12 0 7.10559e-12 0 7.40189e-12 0 7.69326e-12 0 7.96773e-12 0 8.2413e-12 0 8.49614e-12 0 8.75483e-12 0
129.424 7.41101e-15 7.41101e-15 9.17971e-22 1.23866e-07 1.2618e-05 4.83826e-13 0 9.33776e-13 0 1.67667e-12 0 2.28997e-12 0 2.81787e-12 0 3.2895e-12 0 3.71951e-12 0 4.10961e-12 0 4.47522e-12 0 4.81408e-12 0 5.13335e-12 0 5.43392e-12 0 5.72176e-12 0 5.99514e-12 0 6.25695e-12 0 6.506e-12 0 6.75053e-12 0 6.98051e-12 0 7.20943e-12 0 7.42238e-12 0 7.6383e-12 0
136.067 6.89812e-15 6.89812e-15 7.51494e-22 1.08942e-07 6.00585e-06 4.75414e-13 0 8.89072e-13 0 1.55274e-12 0 2.09002e-12 0 2.54722e-12 0 2.95248e-12 0 3.31976e-12 0 3.65137e-12 0 3.96095e-12 0 4.24692e-12 0 4.51559e-12 0 4.7679e-12 0 5.00898e-12 0 5.23748e-12 0 5.45592e-12 0 5.66338e-12 0 5.86675e-12 0 6.05777e-12 0 6.24764e-12 0 6.42406e-12 0 6.60274e-12 0
143.051 6.25729e-15 6.25728e-15 6.16096e-22 9.84607e-08 4.22783e-07 4.48644e-13 0 8.14324e-13 0 1.38537e-12 0 1.83922e-12 0 2.22131e-12 0 2.55749e-12 0 2.86047e-12 0 3.13281e-12 0 3.38612e-12 0 3.61939e-12 0 3.83797e-12 0 4.04275e-12 0 4.23802e-12 0 4.42276e-12 0 4.59906e-12 0 4.76624e-12 0 4.9299e-12 0 5.08341e-12 0 5.23582e-12 0 5.37728e-12 0 5.52039e-12 0
150.394 5.56316e-15 5.56316e-15 5.04949e-22 9.07665e-08 -4.55918e-06 4.0925e-13 0 7.2211e-13 0 1.1984e-12 0 1.57043e-12 0 1.88051e-12 0 2.15146e-12 0 2.39437e-12 0 2.61181e-12 0 2.81337e-12 0 2.99846e-12 0 3.17145e-12 0 3.33318e-12 0 3.48709e-12 0 3.63245e-12 0 3.77096e-12 0 3.90211e-12 0 4.03033e-12 0 4.15046e-12 0 4.26959e-12 0 4.38005e-12 0 4.49168e-12 0
158.114 4.87215e-15 4.87215e-15 4.13243e-22 8.48172e-08 -8.08082e-06 3.62938e-13 0 6.23486e-13 0 1.01076e-12 0 1.30839e-12 0 1.55414e-12 0 1.76749e-12 0 1.95783e-12 0 2.12756e-12 0 2.2844e-12 0 2.42803e-12 0 2.56197e-12 0 2.68693e-12 0 2.80565e-12 0 2.91758e-12 0 3.02409e-12 0 3.12481e-12 0 3.22315e-12 0 3.31519e-12 0 3.40637e-12 0 3.49082e-12 0 3.5761e-12 0
166.23 4.26077e-15 4.26077e-15 3.37976e-22 7.93227e-08 -1.15002e-05 3.17427e-13 0 5.3168e-13 0 8.43074e-13 0 1.07877e-12 0 1.27168e-12 0 1.43816e-12 0 1.58602e-12 0 1.71739e-12 0 1.83842e-12 0 1.94899e-12 0 2.05188e-12 0 2.14769e-12 0 2.23856e-12 0 2.32412e-12 0 2.40541e-12 0 2.4822e-12 0 2.55709e-12 0 2.62711e-12 0 2.6964e-12 0 2.76053e-12 0 2.82523e-12 0
174.763 3.73162e-15 3.73162e-15 2.76531e-22 7.41047e-08 -1.48144e-05 2.74781e-13 0 4.49377e-13 0 6.97854e-13 0 8.83266e-13 0 1.03379e-12 0 1.16297e-12 0 1.27721e-12 0 1.37838e-12 0 1.47134e-12 0 1.55606e-12 0 1.63474e-12 0 1.70789e-12 0 1.77716e-12 0 1.84228e-12 0 1.90409e-12 0 1.9624e-12 0 2.01921e-12 0 2.07227e-12 0 2.12474e-12 0 2.17326e-12 0 2.22218e-12 0
183.733 3.30518e-15 3.30518e-15 2.26147e-22 6.8422e-08 -1.68881e-05 2.37898e-13 0 3.80374e-13 0 5.79193e-13 0 7.25591e-13 0 8.43549e-13 0 9.44252e-13 0 1.03296e-12 0 1.11129e-12 0 1.18307e-12 0 1.24835e-12 0 1.30887e-12 0 1.36504e-12 0 1.41815e-12 0 1.46803e-12 0 1.51531e-12 0 1.55987e-12 0 1.60325e-12 0 1.64372e-12 0 1.68371e-12 0 1.72066e-12 0 1.75789e-12 0
193.164 2.93286e-15 2.93286e-15 1.84899e-22 6.30439e-08 -1.88469e-05 2.04187e-13 0 3.19595e-13 0 4.77712e-13 0 5.92708e-13 0 6.84714e-13 0 7.62885e-13 0 8.315e-13 0 8.91905e-13 0 9.47138e-13 0 9.97271e-13 0 1.04367e-12 0 1.08667e-12 0 1.12728e-12 0 1.16536e-12 0 1.20143e-12 0 1.23539e-12 0 1.26842e-12 0 1.29921e-12 0 1.32962e-12 0 1.35769e-12 0 1.38595e-12 0
203.079 2.6125e-15 2.6125e-15 1.51208e-22 5.78785e-08 -2.04518e-05 1.74192e-13 0 2.67227e-13 0 3.9253e-13 0 4.82617e-13 0 5.54227e-13 0 6.14798e-13 0 6.67788e-13 0 7.14314e-13 0 7.56766e-13 0 7.95228e-13 0 8.30768e-13 0 8.63662e-13 0 8.9469e-13 0 9.2376e-13 0 9.51261e-13 0 9.77133e-13 0 1.00227e-12 0 1.0257e-12 0 1.04881e-12 0 1.07013e-12 0 1.09159e-12 0
213.503 2.3431e-15 2.3431e-15 1.23703e-22 5.27947e-08 -2.12993e-05 1.4823e-13 0 2.23138e-13 0 3.22433e-13 0 3.93064e-13 0 4.48869e-13 0 4.95879e-13 0 5.36879e-13 0 5.72791e-13 0 6.05492e-13 0 6.35072e-13 0 6.62365e-13 0 6.87594e-13 0 7.11366e-13 0 7.33616e-13 0 7.54646e-13 0 7.74414e-13 0 7.9361e-13 0 8.11482e-13 0 8.29104e-13 0 8.45355e-13 0 8.61698e-13 0
224.463 2.10034e-15 2.10034e-15 1.01181e-22 4.81738e-08 -2.21197e-05 1.24963e-13 0 1.84792e-13 0 2.62936e-13 0 3.17974e-13 0 3.61218e-13 0 3.97509e-13 0 4.2907e-13 0 4.56653e-13 0 4.81724e-13 0 5.04367e-13 0 5.25233e-13 0 5.44499e-13 0 5.62633e-13 0 5.79591e-13 0 5.95606e-13 0 6.10649e-13 0 6.25247e-13 0 6.38829e-13 0 6.52214e-13 0 6.6455e-13 0 6.7695e-13 0
235.984 1.88149e-15 1.88149e-15 8.27427e-23 4.39773e-08 -2.29133e-05 1.04408e-13 0 1.51831e-13 0 2.12927e-13 0 2.55565e-13 0 2.88895e-13 0 3.16769e-13 0 3.40946e-13 0 3.62033e-13 0 3.81168e-13 0 3.98425e-13 0 4.14308e-13 0 4.28958e-13 0 4.42735e-13 0 4.55607e-13 0 4.67755e-13 0 4.79158e-13 0 4.90216e-13 0 5.00499e-13 0 5.10627e-13 0 5.19957e-13 0 5.29331e-13 0
248.097 1.68461e-15 1.68461e-15 6.77013e-23 4.01882e-08 -2.36798e-05 8.65123e-14 0 1.2384e-13 0 1.71324e-13 0 2.04184e-13 0 2.29748e-13 0 2.51059e-13 0 2.695e-13 0 2.85553e-13 0 3.00098e-13 0 3.13199e-13 0 3.25243e-13 0 3.36342e-13 0 3.4677e-13 0 3.56506e-13 0 3.65688e-13 0 3.74301e-13 0 3.82649e-13 0 3.90408e-13 0 3.98046e-13 0 4.0508e-13 0 4.12143e-13 0
260.832 1.51736e-15 1.51736e-15 5.53971e-23 3.65088e-08 -2.3762e-05 7.1585e-14 0 1.00966e-13 0 1.37905e-13 0 1.63268e-13 0 1.82916e-13 0 1.99245e-13 0 2.13345e-13 0 2.25598e-13 0 2.36684e-13 0 2.46657e-13 0 2.55817e-13 0 2.6425e-13 0 2.72168e-13 0 2.79555e-13 0 2.86517e-13 0 2.93044e-13 0 2.99367e-13 0 3.05242e-13 0 3.11022e-13 0 3.16342e-13 0 3.21682e-13 0
274.221 1.36683e-15 1.36683e-15 4.53185e-23 3.31559e-08 -2.37229e-05 5.88304e-14 0 8.183e-14 0 1.10435e-13 0 1.29936e-13 0 1.44981e-13 0 1.57452e-13 0 1.68198e-13 0 1.77522e-13 0 1.85947e-13 0 1.93519e-13 0 2.00466e-13 0 2.06857e-13 0 2.12853e-13 0 2.18444e-13 0 2.2371e-13 0 2.28645e-13 0 2.33423e-13 0 2.3786e-13 0 2.42223e-13 0 2.46239e-13 0 2.50268e-13 0
288.297 1.22982e-15 1.22982e-15 3.70691e-23 3.01419e-08 -2.36834e-05 4.79801e-14 0 6.58719e-14 0 8.79032e-14 0 1.02824e-13 0 1.14293e-13 0 1.23776e-13 0 1.31933e-13 0 1.39e-13 0 1.45378e-13 0 1.51104e-13 0 1.56354e-13 0 1.6118e-13 0 1.65705e-13 0 1.69921e-13 0 1.73891e-13 0 1.77608e-13 0 1.81206e-13 0 1.84546e-13 0 1.8783e-13 0 1.90851e-13 0 1.93881e-13 0
303.095 1.10686e-15 1.10686e-15 3.03414e-23 2.74121e-08 -2.35436e-05 3.89043e-14 0 5.27609e-14 0 6.96675e-14 0 8.10482e-14 0 8.97669e-14 0 9.69598e-14 0 1.03136e-13 0 1.0848e-13 0 1.13298e-13 0 1.17619e-13 0 1.21578e-13 0 1.25215e-13 0 1.28623e-13 0 1.31796e-13 0 1.34783e-13 0 1.37579e-13 0 1.40284e-13 0 1.42794e-13 0 1.45261e-13 0 1.47529e-13 0 1.49804e-13 0
318.653 9.99642e-16 9.99642e-16 2.48292e-23 2.48381e-08 -2.30222e-05 3.14736e-14 0 4.21955e-14 0 5.51674e-14 0 6.38509e-14 0 7.0483e-14 0 7.5943e-14 0 8.06239e-14 0 8.46693e-14 0 8.83128e-14 0 9.15782e-14 0 9.45676e-14 0 9.73121e-14 0 9.98823e-14 0 1.02275e-13 0 1.04525e-13 0 1.06631e-13 0 1.08668e-13 0 1.10557e-13 0 1.12414e-13 0 1.1412e-13 0 1.15831e-13 0
335.009 9.01617e-16 9.01617e-16 2.03133e-23 2.25299e-08 -2.25256e-05 2.52924e-14 0 3.35445e-14 0 4.34515e-14 0 5.00495e-14 0 5.50746e-14 0 5.92038e-14 0 6.27389e-14 0 6.57905e-14 0 6.85366e-14 0 7.09959e-14 0 7.32458e-14 0 7.53102e-14 0 7.72426e-14 0 7.90408e-14 0 8.07313e-14 0 8.23129e-14 0 8.38419e-14 0 8.52597e-14 0 8.66524e-14 0 8.79323e-14 0 8.92153e-14 0
352.205 8.12251e-16 8.12251e-16 1.66223e-23 2.04645e-08 -2.20543e-05 2.01992e-14 0 2.65198e-14 0 3.40542e-14 0 3.90487e-14 0 4.28428e-14 0 4.59551e-14 0 4.86161e-14 0 5.09109e-14 0 5.29743e-14 0 5.48208e-14 0 5.65092e-14 0 5.80576e-14 0 5.95064e-14 0 6.08539e-14 0 6.21204e-14 0 6.33048e-14 0 6.44495e-14 0 6.55106e-14 0 6.65527e-14 0 6.75102e-14 0 6.84698e-14 0
370.284 7.34131e-16 7.34131e-16 1.36061e-23 1.85336e-08 -2.1294e-05 1.61079e-14 0 2.09485e-14 0 2.66813e-14 0 3.04654e-14 0 3.33331e-14 0 3.56819e-14 0 3.76877e-14 0 3.94159e-14 0 4.09686e-14 0 4.23574e-14 0 4.36265e-14 0 4.47898e-14 0 4.58778e-14 0 4.68894e-14 0 4.78399e-14 0 4.87285e-14 0 4.95871e-14 0 5.03828e-14 0 5.11641e-14 0 5.18817e-14 0 5.26008e-14 0
389.291 6.63018e-16 6.63018e-16 1.11344e-23 1.67935e-08 -2.05346e-05 1.27787e-14 0 1.64716e-14 0 2.08192e-14 0 2.36777e-14 0 2.58395e-14 0 2.76074e-14 0 2.91156e-14 0 3.0414e-14 0 3.15797e-14 0 3.26217e-14 0 3.35735e-14 0 3.44457e-14 0 3.5261e-14 0 3.60188e-14 0 3.67306e-14 0 3.7396e-14 0 3.80386e-14 0 3.86341e-14 0 3.92186e-14 0 3.97555e-14 0 4.02933e-14 0
409.273 5.97998e-16 5.97998e-16 9.10945e-24 1.52332e-08 -1.98146e-05 1.00821e-14 0 1.28877e-14 0 1.61728e-14 0 1.8325e-14 0 1.99495e-14 0 2.12762e-14 0 2.2407e-14 0 2.33797e-14 0 2.42525e-14 0 2.50322e-14 0 2.57442e-14 0 2.63962e-14 0 2.70057e-14 0 2.75719e-14 0 2.81037e-14 0 2.86005e-14 0 2.90804e-14 0 2.95249e-14 0 2.99612e-14 0 3.03618e-14 0 3.07631e-14 0
430.281 5.40932e-16 5.40932e-16 7.45677e-24 1.3785e-08 -1.89048e-05 7.9468e-15 0 1.0079e-14 0 1.25632e-14 0 1.41855e-14 0 1.54077e-14 0 1.64048e-14 0 1.72539e-14 0 1.79837e-14 0 1.86382e-14 0 1.92227e-14 0 1.97561e-14 0 2.02445e-14 0 2.07009e-14 0 2.11248e-14 0 2.15227e-14 0 2.18945e-14 0 2.22534e-14 0 2.25859e-14 0 2.29121e-14 0 2.32117e-14 0 2.35116e-14 0
452.368 4.89171e-16 4.89171e-16 6.10359e-24 1.24774e-08 -1.79915e-05 6.23906e-15 0 7.8552e-15 0 9.72961e-15 0 1.09501e-14 0 1.18681e-14 0 1.26162e-14 0 1.32526e-14 0 1.37995e-14 0 1.42896e-14 0 1.4727e-14 0 1.51262e-14 0 1.54915e-14 0 1.58327e-14 0 1.61496e-14 0 1.6447e-14 0 1.67248e-14 0 1.6993e-14 0 1.72414e-14 0 1.7485e-14 0 1.77087e-14 0 1.79327e-14 0
475.588 4.41762e-16 4.41762e-16 4.99472e-24 1.13064e-08 -1.71334e-05 4.87492e-15 0 6.09559e-15 0 7.50549e-15 0 8.42103e-15 0 9.10866e-15 0 9.66847e-15 0 1.01444e-14 0 1.05531e-14 0 1.09192e-14 0 1.12458e-14 0 1.15438e-14 0 1.18164e-14 0 1.20709e-14 0 1.23073e-14 0 1.25291e-14 0 1.27362e-14 0 1.29362e-14 0 1.31213e-14 0 1.33029e-14 0 1.34695e-14 0 1.36364e-14 0
500 3.98457e-16 3.98457e-16 4.08678e-24 1.02565e-08 -1.63266e-05 3.79213e-15 0 4.71115e-15 0 5.76865e-15 0 6.45367e-15 0 6.96748e-15 0 7.38539e-15 0 7.74046e-15 0 8.04517e-15 0 8.31805e-15 0 8.56144e-15 0 8.78335e-15 0 8.98635e-15 0 9.17587e-15 0 9.35181e-15 0 9.51687e-15 0 9.67099e-15 0 9.81972e-15 0 9.95742e-15 0 1.00925e-14 0 1.02164e-14 0 1.03405e-14 0
525.665 3.61579e-16 3.61579e-16 3.34596e-24 9.25376e-09 -1.52879e-05 2.95882e-15 0 3.65369e-15 0 4.45052e-15 0 4.96554e-15 0 5.35136e-15 0 5.66492e-15 0 5.93117e-15 0 6.15954e-15 0 6.36398e-15 0 6.54627e-15 0 6.71243e-15 0 6.86439e-15 0 7.00624e-15 0 7.13788e-15 0 7.26138e-15 0 7.37666e-15 0 7.48791e-15 0 7.59088e-15 0 7.69187e-15 0 7.78455e-15 0 7.87731e-15 0
552.648 3.27692e-16 3.27692e-16 2.73869e-24 8.3575e-09 -1.43166e-05 2.29915e-15 0 2.823e-15 0 3.42186e-15 0 3.80812e-15 0 4.09717e-15 0 4.33191e-15 0 4.53112e-15 0 4.70192e-15 0 4.85477e-15 0 4.99102e-15 0 5.11517e-15 0 5.2287e-15 0 5.33465e-15 0 5.43296e-15 0 5.52517e-15 0 5.61125e-15 0 5.69429e-15 0 5.77115e-15 0 5.84652e-15 0 5.91568e-15 0 5.9849e-15 0
581.015 2.96581e-16 2.96581e-16 2.24106e-24 7.55631e-09 -1.34138e-05 1.77941e-15 0 2.17322e-15 0 2.62213e-15 0 2.91114e-15 0 3.1272e-15 0 3.30255e-15 0 3.45128e-15 0 3.57875e-15 0 3.69279e-15 0 3.79441e-15 0 3.887e-15 0 3.97164e-15 0 4.05062e-15 0 4.1239e-15 0 4.19261e-15 0 4.25675e-15 0 4.31862e-15 0 4.37588e-15 0 4.43202e-15 0 4.48353e-15 0 4.53508e-15 0
610.839 2.68093e-16 2.68093e-16 1.83421e-24 6.84169e-09 -1.25737e-05 1.37204e-15 0 1.66733e-15 0 2.00305e-15 0 2.21884e-15 0 2.38001e-15 0 2.51072e-15 0 2.62155e-15 0 2.7165e-15 0 2.80142e-15 0 2.87708e-15 0 2.94599e-15 0 3.00898e-15 0 3.06775e-15 0 3.12227e-15 0 3.17338e-15 0 3.22109e-15 0 3.2671e-15 0 3.30969e-15 0 3.35143e-15 0 3.38973e-15 0 3.42806e-15 0
642.193 2.42051e-16 2.42051e-16 1.50161e-24 6.20369e-09 -1.17884e-05 1.0542e-15 0 1.27507e-15 0 1.5256e-15 0 1.68638e-15 0 1.80637e-15 0 1.90363e-15 0 1.98606e-15 0 2.05666e-15 0 2.11978e-15 0 2.176e-15 0 2.22721e-15 0 2.27401e-15 0 2.31766e-15 0 2.35815e-15 0 2.39611e-15 0 2.43153e-15 0 2.4657e-15 0 2.49731e-15 0 2.52831e-15 0 2.55673e-15 0 2.58518e-15 0
675.157 2.18245e-16 2.18245e-16 1.22899e-24 5.63123e-09 -1.10577e-05 8.07129e-16 0 9.71928e-16 0 1.15846e-15 0 1.27801e-15 0 1.36715e-15 0 1.43937e-15 0 1.50056e-15 0 1.55295e-15 0 1.59979e-15 0 1.64149e-15 0 1.67947e-15 0 1.71417e-15 0 1.74654e-15 0 1.77656e-15 0 1.8047e-15 0 1.83095e-15 0 1.85627e-15 0 1.8797e-15 0 1.90267e-15 0 1.92374e-15 0 1.94481e-15 0
709.813 1.97013e-16 1.97013e-16 1.00562e-24 5.10431e-09 -1.03257e-05 6.17419e-16 0 7.40402e-16 0 8.79336e-16 0 9.68263e-16 0 1.03453e-15 0 1.0882e-15 0 1.13365e-15 0 1.17255e-15 0 1.20732e-15 0 1.23828e-15 0 1.26647e-15 0 1.29222e-15 0 1.31623e-15 0 1.33851e-15 0 1.35938e-15 0 1.37886e-15 0 1.39764e-15 0 1.41502e-15 0 1.43205e-15 0 1.44767e-15 0 1.4633e-15 0
746.248 1.78829e-16 1.78829e-16 8.23284e-25 4.60376e-09 -9.54139e-06 4.73987e-16 0 5.66186e-16 0 6.7016e-16 0 7.36635e-16 0 7.86141e-16 0 8.26216e-16 0 8.60145e-16 0 8.89181e-16 0 9.15126e-16 0 9.38224e-16 0 9.5925e-16 0 9.78459e-16 0 9.96369e-16 0 1.01298e-15 0 1.02854e-15 0 1.04307e-15 0 1.05707e-15 0 1.07002e-15 0 1.08272e-15 0 1.09437e-15 0 1.10602e-15 0
784.553 1.62115e-16 1.62115e-16 6.73954e-25 4.15727e-09 -8.80786e-06 3.62747e-16 0 4.31722e-16 0 5.09381e-16 0 5.5898e-16 0 5.95897e-16 0 6.25771e-16 0 6.51055e-16 0 6.72689e-16 0 6.92017e-16 0 7.09221e-16 0 7.2488e-16 0 7.39183e-16 0 7.52519e-16 0 7.64885e-16 0 7.76474e-16 0 7.87284e-16 0 7.97708e-16 0 8.0735e-16 0 8.168e-16 0 8.25467e-16 0 8.34138e-16 0
824.824 1.46767e-16 1.46767e-16 5.51566e-25 3.75811e-09 -8.13302e-06 2.76771e-16 0 3.28263e-16 0 3.86154e-16 0 4.23093e-16 0 4.50573e-16 0 4.72803e-16 0 4.91613e-16 0 5.07704e-16 0 5.22077e-16 0 5.3487e-16 0 5.46512e-16 0 5.57146e-16 0 5.67059e-16 0 5.7625e-16 0 5.84863e-16 0 5.92898e-16 0 6.00644e-16 0 6.07809e-16 0 6.14832e-16 0 6.21272e-16 0 6.27714e-16 0
867.163 1.327e-16 1.327e-16 4.51351e-25 3.4013e-09 -7.5146e-06 2.10559e-16 0 2.48923e-16 0 2.91998e-16 0 3.1946e-16 0 3.3988e-16 0 3.56394e-16 0 3.70364e-16 0 3.82313e-16 0 3.92984e-16 0 4.02481e-16 0 4.11123e-16 0 4.19015e-16 0 4.26373e-16 0 4.33194e-16 0 4.39585e-16 0 4.45547e-16 0 4.51295e-16 0 4.56611e-16 0 4.61821e-16 0 4.66599e-16 0 4.71378e-16 0
911.674 1.19849e-16 1.19849e-16 3.69555e-25 3.08351e-09 -6.93229e-06 1.59769e-16 0 1.88302e-16 0 2.20302e-16 0 2.40687e-16 0 2.55839e-16 0 2.68088e-16 0 2.78449e-16 0 2.87309e-16 0 2.95221e-16 0 3.02262e-16 0 3.08668e-16 0 3.14517e-16 0 3.1997e-16 0 3.25025e-16 0 3.29762e-16 0 3.3418e-16 0 3.38439e-16 0 3.42378e-16 0 3.46238e-16 0 3.49778e-16 0 3.53319e-16 0
958.471 1.08098e-16 1.08098e-16 3.02499e-25 2.79838e-09 -6.40312e-06 1.20896e-16 0 1.42078e-16 0 1.65807e-16 0 1.80913e-16 0 1.92136e-16 0 2.01208e-16 0 2.08879e-16 0 2.15438e-16 0 2.21295e-16 0 2.26506e-16 0 2.31247e-16 0 2.35576e-16 0 2.39611e-16 0 2.43352e-16 0 2.46856e-16 0 2.50125e-16 0 2.53276e-16 0 2.5619e-16 0 2.59046e-16 0 2.61665e-16 0 2.64284e-16 0
1007.67 9.74728e-17 9.74728e-17 2.47544e-25 2.53962e-09 -5.89855e-06 9.13337e-17 0 1.07046e-16 0 1.2463e-16 0 1.35817e-16 0 1.44126e-16 0 1.5084e-16 0 1.56517e-16 0 1.6137e-16 0 1.65703e-16 0 1.69558e-16 0 1.73065e-16 0 1.76267e-16 0 1.79252e-16 0 1.82018e-16 0 1.8461e-16 0 1.87027e-16 0 1.89357e-16 0 1.91512e-16 0 1.93624e-16 0 1.9556e-16 0 1.97497e-16 0
1059.39 8.83017e-17 8.83017e-17 2.02624e-25 2.29468e-09 -5.40756e-06 6.92342e-17 0 8.09375e-17 0 9.40237e-17 0 1.02344e-16 0 1.08522e-16 0 1.13514e-16 0 1.17733e-16 0 1.2134e-16 0 1.2456e-16 0 1.27425e-16 0 1.3003e-16 0 1.32409e-16 0 1.34627e-16 0 1.36682e-16 0 1.38607e-16 0 1.40403e-16 0 1.42134e-16 0 1.43734e-16 0 1.45303e-16 0 1.46741e-16 0 1.48179e-16 0
1113.77 7.98978e-17 7.98978e-17 1.65891e-25 2.07628e-09 -4.95125e-06 5.23571e-17 0 6.10604e-17 0 7.07843e-17 0 7.69639e-17 0 8.1551e-17 0 8.52562e-17 0 8.8388e-17 0 9.10649e-17 0 9.34544e-17 0 9.55799e-17 0 9.75133e-17 0 9.92785e-17 0 1.00923e-16 0 1.02448e-16 0 1.03877e-16 0 1.05208e-16 0 1.06492e-16 0 1.0768e-16 0 1.08843e-16 0 1.0991e-16 0 1.10977e-16 0
1170.94 7.21972e-17 7.21972e-17 1.35777e-25 1.88064e-09 -4.53409e-06 3.94968e-17 0 4.5958e-17 0 5.31716e-17 0 5.77538e-17 0 6.11542e-17 0 6.39004e-17 0 6.62214e-17 0 6.8205e-17 0 6.99755e-17 0 7.15503e-17 0 7.29827e-17 0 7.42903e-17 0 7.5509e-17 0 7.66384e-17 0 7.76964e-17 0 7.8683e-17 0 7.9634e-17 0 8.05135e-17 0 8.13752e-17 0 8.21652e-17 0 8.29555e-17 0
1231.05 6.52486e-17 6.52486e-17 1.11104e-25 1.70278e-09 -4.1562e-06 2.97685e-17 0 3.45642e-17 0 3.99149e-17 0 4.33122e-17 0 4.58329e-17 0 4.78682e-17 0 4.95882e-17 0 5.1058e-17 0 5.23699e-17 0 5.35366e-17 0 5.45978e-17 0 5.55666e-17 0 5.64693e-17 0 5.7306e-17 0 5.80897e-17 0 5.88205e-17 0 5.9525e-17 0 6.01764e-17 0 6.08146e-17 0 6.13998e-17 0 6.1985e-17 0
1294.24 5.9121e-17 5.9121e-17 9.09653e-26 1.53863e-09 -3.78952e-06 2.24718e-17 0 2.60394e-17 0 3.00175e-17 0 3.25423e-17 0 3.44152e-17 0 3.59273e-17 0 3.7205e-17 0 3.82968e-17 0 3.92712e-17 0 4.01378e-17 0 4.09259e-17 0 4.16453e-17 0 4.23157e-17 0 4.2937e-17 0 4.3519e-17 0 4.40616e-17 0 4.45847e-17 0 4.50684e-17 0 4.55422e-17 0 4.59767e-17 0 4.64113e-17 0
1360.67 5.35206e-17 5.35206e-17 7.44664e-26 1.39136e-09 -3.45364e-06 1.69324e-17 0 1.95833e-17 0 2.25376e-17 0 2.4412e-17 0 2.58021e-17 0 2.69243e-17 0 2.78724e-17 0 2.86826e-17 0 2.94055e-17 0 3.00484e-17 0 3.06331e-17 0 3.11669e-17 0 3.16642e-17 0 3.21251e-17 0 3.25568e-17 0 3.29594e-17 0 3.33474e-17 0 3.37061e-17 0 3.40576e-17 0 3.43799e-17 0 3.47022e-17 0
1430.51 4.8387e-17 4.8387e-17 6.09446e-26 1.25952e-09 -3.15414e-06 1.27305e-17 0 1.46971e-17 0 1.68877e-17 0 1.82771e-17 0 1.93074e-17 0 2.0139e-17 0 2.08416e-17 0 2.14418e-17 0 2.19774e-17 0 2.24538e-17 0 2.2887e-17 0 2.32824e-17 0 2.36508e-17 0 2.39922e-17 0 2.4312e-17 0 2.46102e-17 0 2.48976e-17 0 2.51633e-17 0 2.54237e-17 0 2.56624e-17 0 2.59011e-17 0
1503.94 4.37067e-17 4.37067e-17 4.98736e-26 1.1411e-09 -2.8802e-06 9.55473e-18 0 1.1012e-17 0 1.26346e-17 0 1.36635e-17 0 1.44263e-17 0 1.50419e-17 0 1.5562e-17 0 1.60063e-17 0 1.64027e-17 0 1.67553e-17 0 1.70759e-17 0 1.73685e-17 0 1.76412e-17 0 1.78938e-17 0 1.81305e-17 0 1.83512e-17 0 1.85638e-17 0 1.87605e-17 0 1.89531e-17 0 1.91298e-17 0 1.93064e-17 0
1581.14 3.96562e-17 3.96562e-17 4.08368e-26 1.02977e-09 -2.6327e-06 7.19768e-18 0 8.28221e-18 0 9.48923e-18 0 1.02544e-17 0 1.08216e-17 0 1.12793e-17 0 1.1666e-17 0 1.19963e-17 0 1.2291e-17 0 1.25531e-17 0 1.27914e-17 0 1.3009e-17 0 1.32116e-17 0 1.33994e-17 0 1.35753e-17 0 1.37394e-17 0 1.38974e-17 0 1.40436e-17 0 1.41868e-17 0 1.43181e-17 0 1.44494e-17 0
1662.3 3.59358e-17 3.59358e-17 3.34278e-26 9.3021e-10 -2.39885e-06 5.41124e-18 0 6.21717e-18 0 7.1138e-18 0 7.68206e-18 0 8.10326e-18 0 8.44314e-18 0 8.73022e-18 0 8.97546e-18 0 9.19427e-18 0 9.38882e-18 0 9.56574e-18 0 9.72721e-18 0 9.87766e-18 0 1.00171e-17 0 1.01476e-17 0 1.02694e-17 0 1.03867e-17 0 1.04952e-17 0 1.06015e-17 0 1.06989e-17 0 1.07964e-17 0
1747.63 3.25214e-17 3.25214e-17 2.73554e-26 8.41152e-10 -2.17032e-06 4.05995e-18 0 4.65795e-18 0 5.32304e-18 0 5.74446e-18 0 6.05678e-18 0 6.30879e-18 0 6.52164e-18 0 6.70345e-18 0 6.86567e-18 0 7.0099e-18 0 7.14105e-18 0 7.26075e-18 0 7.37228e-18 0 7.47562e-18 0 7.57241e-18 0 7.66265e-18 0 7.74962e-18 0 7.83004e-18 0 7.90883e-18 0 7.98105e-18 0 8.05328e-18 0
1837.33 2.93969e-17 2.93969e-17 2.23918e-26 7.61706e-10 -2.00881e-06 3.04051e-18 0 3.48364e-18 0 3.97634e-18 0 4.28847e-18 0 4.51977e-18 0 4.70639e-18 0 4.864e-18 0 4.99862e-18 0 5.11873e-18 0 5.22552e-18 0 5.32263e-18 0 5.41125e-18 0 5.49382e-18 0 5.57033e-18 0 5.64199e-18 0 5.7088e-18 0 5.77319e-18 0 5.83272e-18 0 5.89105e-18 0 5.94452e-18 0 5.99799e-18 0
1931.64 2.65414e-17 2.65414e-17 1.83327e-26 6.90723e-10 -1.78034e-06 2.27294e-18 0 2.60087e-18 0 2.96539e-18 0 3.19627e-18 0 3.36735e-18 0 3.50538e-18 0 3.62194e-18 0 3.7215e-18 0 3.81032e-18 0 3.8893e-18 0 3.9611e-18 0 4.02664e-18 0 4.08769e-18 0 4.14427e-18 0 4.19726e-18 0 4.24666e-18 0 4.29427e-18 0 4.33829e-18 0 4.38141e-18 0 4.42095e-18 0 4.46049e-18 0
2030.79 2.41115e-17 2.41115e-17 1.50052e-26 6.22325e-10 -1.62605e-06 1.70864e-18 0 1.9528e-18 0 2.22413e-18 0 2.39596e-18 0 2.52327e-18 0 2.62597e-18 0 2.71271e-18 0 2.78679e-18 0 2.85287e-18 0 2.91163e-18 0 2.96506e-18 0 3.01382e-18 0 3.05924e-18 0 3.10133e-18 0 3.14075e-18 0 3.17751e-18 0 3.21293e-18 0 3.24567e-18 0 3.27776e-18 0 3.30717e-18 0 3.33658e-18 0
2135.03 2.22599e-17 2.22599e-17 1.22785e-26 5.51596e-10 -1.48765e-06 1.30457e-18 0 1.48928e-18 0 1.6945e-18 0 1.82445e-18 0 1.92072e-18 0 1.99838e-18 0 2.06396e-18 0 2.11998e-18 0 2.16994e-18 0 2.21437e-18 0 2.25476e-18 0 2.29163e-18 0 2.32597e-18 0 2.35779e-18 0 2.38759e-18 0 2.41538e-18 0 2.44216e-18 0 2.46692e-18 0 2.49117e-18 0 2.51341e-18 0 2.53564e-18 0
2244.63 2.05317e-17 2.05317e-17 1.00531e-26 4.89639e-10 -1.35848e-06 9.94616e-19 0 1.13421e-18 0 1.28928e-18 0 1.38746e-18 0 1.46019e-18 0 1.51885e-18 0 1.56839e-18 0 1.6107e-18 0 1.64845e-18 0 1.682e-18 0 1.71251e-18 0 1.74036e-18 0 1.7663e-18 0 1.79033e-18 0 1.81284e-18 0 1.83383e-18 0 1.85405e-18 0 1.87275e-18 0 1.89107e-18 0 1.90786e-18 0 1.92466e-18 0
2359.84 1.89173e-17 1.89173e-17 8.22996e-27 4.35051e-10 -1.2106e-06 7.57105e-19 0 8.62482e-19 0 9.79516e-19 0 1.0536e-18 0 1.10849e-18 0 1.15275e-18 0 1.19013e-18 0 1.22206e-18 0 1.25054e-18 0 1.27585e-18 0 1.29887e-18 0 1.31988e-18 0 1.33945e-18 0 1.35759e-18 0 1.37457e-18 0 1.3904e-18 0 1.40566e-18 0 1.41977e-18 0 1.43359e-18 0 1.44626e-18 0 1.45893e-18 0
2480.97 1.74101e-17 1.74101e-17 6.73556e-27 3.86877e-10 -1.11268e-06 5.75387e-19 0 6.54836e-19 0 7.4306e-19 0 7.98904e-19 0 8.40269e-19 0 8.73632e-19 0 9.01804e-19 0 9.25863e-19 0 9.47325e-19 0 9.66405e-19 0 9.83753e-19 0 9.99584e-19 0 1.01433e-18 0 1.028e-18 0 1.0408e-18 0 1.05273e-18 0 1.06423e-18 0 1.07486e-18 0 1.08527e-18 0 1.09482e-18 0 1.10437e-18 0
2608.32 1.60053e-17 1.60053e-17 5.51221e-27 3.44399e-10 -1.03743e-06 4.36605e-19 0 4.96435e-19 0 5.62863e-19 0 6.04907e-19 0 6.36048e-19 0 6.61165e-19 0 6.82372e-19 0 7.00483e-19 0 7.16639e-19 0 7.31002e-19 0 7.4406e-19 0 7.55977e-19 0 7.67079e-19 0 7.77365e-19 0 7.86998e-19 0 7.95979e-19 0 8.04634e-19 0 8.12636e-19 0 8.20475e-19 0 8.27662e-19 0 8.34848e-19 0
2742.21 1.4699e-17 1.4699e-17 4.51337e-27 3.07053e-10 -9.41404e-07 3.3082e-19 0 3.75827e-19 0 4.25791e-19 0 4.57411e-19 0 4.8083e-19 0 4.99719e-19 0 5.15667e-19 0 5.29286e-19 0 5.41435e-19 0 5.52235e-19 0 5.62055e-19 0 5.71016e-19 0 5.79364e-19 0 5.87098e-19 0 5.94342e-19 0 6.01095e-19 0 6.07603e-19 0 6.1362e-19 0 6.19514e-19 0 6.24918e-19 0 6.30322e-19 0
2882.97 1.34833e-17 1.34833e-17 3.69451e-27 2.74006e-10 -8.91191e-07 2.50269e-19 0 2.84083e-19 0 3.21617e-19 0 3.45369e-19 0 3.6296e-19 0 3.77147e-19 0 3.89125e-19 0 3.99354e-19 0 4.08479e-19 0 4.16591e-19 0 4.23966e-19 0 4.30696e-19 0 4.36965e-19 0 4.42774e-19 0 4.48215e-19 0 4.53286e-19 0 4.58174e-19 0 4.62693e-19 0 4.6712e-19 0 4.71178e-19 0 4.75236e-19 0
3030.95 1.23532e-17 1.23532e-17 3.0234e-27 2.44746e-10 -7.71908e-07 1.89029e-19 0 2.14402e-19 0 2.42563e-19 0 2.60382e-19 0 2.73578e-19 0 2.84221e-19 0 2.93207e-19 0 3.0088e-19 0 3.07725e-19 0 3.1381e-19 0 3.19342e-19 0 3.2439e-19 0 3.29093e-19 0 3.33451e-19 0 3.37532e-19 0 3.41336e-19 0 3.45002e-19 0 3.48392e-19 0 3.51712e-19 0 3.54756e-19 0 3.578e-19 0
3186.53 1.13054e-17 1.13054e-17 2.47487e-27 2.18911e-10 -6.49257e-07 1.42566e-19 0 1.61583e-19 0 1.82686e-19 0 1.96039e-19 0 2.05928e-19 0 2.13903e-19 0 2.20636e-19 0 2.26386e-19 0 2.31515e-19 0 2.36074e-19 0 2.40219e-19 0 2.44002e-19 0 2.47525e-19 0 2.5079e-19 0 2.53848e-19 0 2.56698e-19 0 2.59445e-19 0 2.61985e-19 0 2.64473e-19 0 2.66753e-19 0 2.69034e-19 0
3350.09 1.03346e-17 1.03346e-17 2.02621e-27 1.96061e-10 -6.01869e-07 1.07364e-19 0 1.21599e-19 0 1.37396e-19 0 1.47391e-19 0 1.54792e-19 0 1.60761e-19 0 1.658e-19 0 1.70104e-19 0 1.73942e-19 0 1.77354e-19 0 1.80457e-19 0 1.83288e-19 0 1.85925e-19 0 1.88368e-19 0 1.90656e-19 0 1.9279e-19 0 1.94845e-19 0 1.96746e-19 0 1.98608e-19 0 2.00315e-19 0 2.02022e-19 0
3522.05 9.43541e-18 9.43541e-18 1.65846e-27 1.7577e-10 -6.11773e-07 8.07263e-20 0 9.13696e-20 0 1.03179e-19 0 1.1065e-19 0 1.16183e-19 0 1.20644e-19 0 1.24411e-19 0 1.27628e-19 0 1.30497e-19 0 1.33048e-19 0 1.35366e-19 0 1.37482e-19 0 1.39453e-19 0 1.4128e-19 0 1.4299e-19 0 1.44585e-19 0 1.46121e-19 0 1.47542e-19 0 1.48934e-19 0 1.50209e-19 0 1.51485e-19 0
3702.84 8.60349e-18 8.60349e-18 1.35708e-27 1.57736e-10 -4.83977e-07 6.06018e-20 0 6.85486e-20 0 7.73654e-20 0 8.29432e-20 0 8.70735e-20 0 9.04043e-20 0 9.32163e-20 0 9.56175e-20 0 9.77593e-20 0 9.96633e-20 0 1.01394e-19 0 1.02974e-19 0 1.04445e-19 0 1.05809e-19 0 1.07085e-19 0 1.08276e-19 0 1.09423e-19 0 1.10483e-19 0 1.11522e-19 0 1.12474e-19 0 1.13427e-19 0
3892.91 7.83654e-18 7.83654e-18 1.11113e-27 1.41789e-10 -5.81254e-07 4.54324e-20 0 5.13594e-20 0 5.79347e-20 0 6.20944e-20 0 6.51745e-20 0 6.76583e-20 0 6.97552e-20 0 7.15458e-20 0 7.3143e-20 0 7.45628e-20 0 7.58535e-20 0 7.70314e-20 0 7.81286e-20 0 7.91452e-20 0 8.00973e-20 0 8.09849e-20 0 8.18401e-20 0 8.26309e-20 0 8.34056e-20 0 8.41157e-20 0 8.48258e-20 0
4092.73 7.12902e-18 7.12902e-18 9.09621e-28 1.27594e-10 -4.41039e-07 3.4008e-20 0 3.84228e-20 0 4.33203e-20 0 4.64184e-20 0 4.87124e-20 0 5.05622e-20 0 5.21239e-20 0 5.34575e-20 0 5.4647e-20 0 5.57044e-20 0 5.66656e-20 0 5.75429e-20 0 5.836e-20 0 5.91171e-20 0 5.98261e-20 0 6.04871e-20 0 6.11241e-20 0 6.1713e-20 0 6.22899e-20 0 6.28187e-20 0 6.33476e-20 0
4302.81 6.47693e-18 6.47693e-18 7.44455e-28 1.14939e-10 -5.20817e-07 2.54166e-20 0 2.87007e-20 0 3.23436e-20 0 3.4648e-20 0 3.63543e-20 0 3.77302e-20 0 3.88918e-20 0 3.98837e-20 0 4.07684e-20 0 4.15548e-20 0 4.22698e-20 0 4.29222e-20 0 4.353e-20 0 4.40931e-20 0 4.46204e-20 0 4.51121e-20 0 4.55858e-20 0 4.60238e-20 0 4.64529e-20 0 4.68462e-20 0 4.72395e-20 0
4523.68 5.87715e-18 5.87715e-18 6.09247e-28 1.03664e-10 -5.35616e-07 1.89672e-20 0 2.1407e-20 0 2.41133e-20 0 2.58252e-20 0 2.70927e-20 0 2.81148e-20 0 2.89777e-20 0 2.97145e-20 0 3.03717e-20 0 3.09559e-20 0 3.1487e-20 0 3.19716e-20 0 3.24231e-20 0 3.28413e-20 0 3.32331e-20 0 3.35983e-20 0 3.39502e-20 0 3.42755e-20 0 3.45942e-20 0 3.48864e-20 0 3.51786e-20 0
4755.88 5.327e-18 5.327e-18 4.98847e-28 9.36452e-11 -5.1083e-07 1.41352e-20 0 1.59458e-20 0 1.79541e-20 0 1.92243e-20 0 2.01649e-20 0 2.09233e-20 0 2.15636e-20 0 2.21103e-20 0 2.25979e-20 0 2.30314e-20 0 2.34254e-20 0 2.37851e-20 0 2.412e-20 0 2.44304e-20 0 2.47211e-20 0 2.4992e-20 0 2.52531e-20 0 2.54945e-20 0 2.5731e-20 0 2.59478e-20 0 2.61646e-20 0
5000 4.82201e-18 4.82201e-18 4.08341e-28 8.46827e-11 -3.82297e-07 1.05181e-20 0 1.18599e-20 0 1.33482e-20 0 1.42895e-20 0 1.49865e-20 0 1.55485e-20 0 1.60229e-20 0 1.64281e-20 0 1.67894e-20 0 1.71106e-20 0 1.74026e-20 0 1.76691e-20 0 1.79173e-20 0 1.81473e-20 0 1.83627e-20 0 1.85635e-20 0 1.8757e-20 0 1.89358e-20 0 1.91111e-20 0 1.92717e-20 0 1.94323e-20 0
