# 0.000137403 2 79 : grain size, compostion index, size index
# This grain was stochastically heated: No
# Heating and cooling timescale: 0.000156984 1.70036e+07
# Ratio of heating to cooling to determine stochastic cutoff: 100
# Equilibrium emission is recorded even for those grains in the stochastic regime.
# Emission spectrum was computed for: 
# Type: IRSF
# Scales:  0.5 1 2 5 10
# Temperature: -1
# Wavelength  CExt  CAbs  CSca  Albedo G EqEm1 StEm1 EqEm2 StEm2 EqEm3 StEm3 EqEm4 StEm4 EqEm5 StEm5
0.05 1.21621e-07 4.25606e-08 7.906e-08 0.650054 0.857409 0 0 0 0 0 0 0 0 0 0
0.0525665 1.21827e-07 4.19795e-08 7.9847e-08 0.655416 0.845307 0 0 0 0 0 0 0 0 0 0
0.0552647 1.22041e-07 4.15766e-08 8.04648e-08 0.659324 0.835273 0 0 0 0 0 0 0 0 0 0
0.0581015 1.22245e-07 4.14555e-08 8.07893e-08 0.660881 0.829136 0 0 0 0 0 0 0 0 0 0
0.0610839 1.22449e-07 4.09592e-08 8.14895e-08 0.665499 0.820712 0 0 0 0 0 0 0 0 0 0
0.0642193 1.2272e-07 3.96037e-08 8.31164e-08 0.677285 0.803131 0 0 0 0 0 0 0 0 0 0
0.0675157 1.23083e-07 3.83332e-08 8.47494e-08 0.688557 0.783946 0 0 0 0 0 0 0 0 0 0
0.0709813 1.23476e-07 3.84378e-08 8.50385e-08 0.688703 0.77718 0 0 0 0 0 0 0 0 0 0
0.0746248 1.23846e-07 3.92792e-08 8.45671e-08 0.682839 0.778584 0 0 0 0 0 0 0 0 0 0
0.0784553 1.24183e-07 4.03407e-08 8.38418e-08 0.67515 0.783395 0 0 0 0 0 0 0 0 0 0
0.0824824 1.24499e-07 4.15231e-08 8.29762e-08 0.666479 0.78909 0 0 0 0 0 0 0 0 0 0
0.0867162 1.24808e-07 4.1976e-08 8.28323e-08 0.663676 0.788021 0 0 0 0 0 0 0 0 0 0
0.0911674 1.2516e-07 4.20578e-08 8.31018e-08 0.663967 0.78308 0 0 0 0 0 0 0 0 0 0
0.095847 1.25492e-07 4.25292e-08 8.29631e-08 0.661101 0.78132 0 0 0 0 0 0 0 0 0 0
0.100767 1.25638e-07 4.41865e-08 8.1451e-08 0.648302 0.792067 0 0 0 0 0 0 0 0 0 0
0.105939 1.25693e-07 4.57599e-08 7.99333e-08 0.635939 0.805924 0 0 0 0 0 0 0 0 0 0
0.111377 1.25465e-07 4.83669e-08 7.70982e-08 0.614499 0.832314 0 0 0 0 0 0 0 0 0 0
0.117094 1.25385e-07 5.10491e-08 7.43356e-08 0.59286 0.863318 0 0 0 0 0 0 0 0 0 0
0.123105 1.25466e-07 5.28716e-08 7.25941e-08 0.578597 0.885074 0 0 0 0 0 0 0 0 0 0
0.129424 1.25603e-07 5.4486e-08 7.11171e-08 0.566205 0.904288 0 0 0 0 0 0 0 0 0 0
0.136067 1.25728e-07 5.58306e-08 6.98977e-08 0.555942 0.919856 0 0 0 0 0 0 0 0 0 0
0.143051 1.25745e-07 5.68803e-08 6.88648e-08 0.547654 0.931974 0 0 0 0 0 0 0 0 0 0
0.150394 1.25545e-07 5.73941e-08 6.81509e-08 0.54284 0.939718 0 0 0 0 0 0 0 0 0 0
0.158114 1.25286e-07 5.70353e-08 6.82503e-08 0.544758 0.940383 0 0 0 0 0 0 0 0 0 0
0.16623 1.25347e-07 5.55373e-08 6.98099e-08 0.556933 0.929815 0 0 0 0 0 0 0 0 0 0
0.174762 1.25918e-07 5.29805e-08 7.29374e-08 0.579245 0.904477 0 0 0 0 0 0 0 0 0 0
0.183733 1.26703e-07 4.99551e-08 7.67479e-08 0.605731 0.870655 0 0 0 0 0 0 0 0 0 0
0.193164 1.27614e-07 4.69463e-08 8.06678e-08 0.632123 0.836124 0 0 0 0 0 0 0 0 0 0
0.203079 1.28626e-07 4.44785e-08 8.4148e-08 0.654204 0.80786 0 0 0 0 0 0 0 0 0 0
0.213503 1.29782e-07 4.25172e-08 8.72651e-08 0.672396 0.785221 0 0 0 0 0 0 0 0 0 0
0.224463 1.31196e-07 4.16211e-08 8.95747e-08 0.682756 0.770049 0 0 0 0 0 0 0 0 0 0
0.235984 1.32634e-07 4.1543e-08 9.10908e-08 0.686784 0.760078 0 0 0 0 0 0 0 0 0 0
0.248097 1.33559e-07 4.24208e-08 9.11386e-08 0.682383 0.756512 0 0 0 0 0 0 0 0 0 0
0.260832 1.33709e-07 4.36333e-08 9.00757e-08 0.67367 0.757419 0 0 0 0 0 0 0 0 0 0
0.274221 1.33478e-07 4.48144e-08 8.86634e-08 0.664256 0.759837 0 0 0 0 0 0 0 0 0 0
0.288297 1.3322e-07 4.63023e-08 8.69173e-08 0.652437 0.767396 0 0 0 0 0 0 0 0 0 0
0.303095 1.3321e-07 4.74094e-08 8.58002e-08 0.644099 0.77331 0 0 0 0 0 0 0 0 0 0
0.318653 1.33291e-07 4.83636e-08 8.49277e-08 0.637159 0.778551 0 0 0 0 0 0 0 0 0 0
0.335009 1.33482e-07 4.91948e-08 8.42876e-08 0.631451 0.783091 0 0 0 0 0 0 0 0 0 0
0.352205 1.33767e-07 4.98658e-08 8.3901e-08 0.627218 0.786204 0 0 0 0 0 0 0 0 0 0
0.370284 1.34108e-07 5.04056e-08 8.37021e-08 0.624141 0.787949 0 0 0 0 0 0 0 0 0 0
0.389291 1.34479e-07 5.08209e-08 8.36576e-08 0.622089 0.788294 0 0 0 0 0 0 0 0 0 0
0.409273 1.34864e-07 5.12046e-08 8.36598e-08 0.620325 0.788264 0 0 0 0 0 0 0 0 0 0
0.430281 1.3526e-07 5.15761e-08 8.36838e-08 0.618689 0.788042 0 0 0 0 0 0 0 0 0 0
0.452368 1.35687e-07 5.19682e-08 8.3719e-08 0.617 0.787986 0 0 0 0 0 0 0 0 0 0
0.475588 1.36136e-07 5.23636e-08 8.37721e-08 0.615357 0.787847 0 0 0 0 0 0 0 0 0 0
0.5 1.36617e-07 5.27481e-08 8.38693e-08 0.613899 0.787434 0 0 0 0 0 0 0 0 0 0
0.525665 1.37129e-07 5.31311e-08 8.39984e-08 0.612548 0.78684 0 0 0 0 0 0 0 0 0 0
0.552647 1.37658e-07 5.35139e-08 8.41443e-08 0.611255 0.786082 0 0 0 0 0 0 0 0 0 0
0.581015 1.38217e-07 5.38343e-08 8.43831e-08 0.61051 0.784526 0 0 0 0 0 0 0 0 0 0
0.610839 1.38805e-07 5.41598e-08 8.46451e-08 0.609813 0.782909 0 0 0 0 0 0 0 0 0 0
0.642193 1.39416e-07 5.44904e-08 8.49254e-08 0.609152 0.781206 0 0 0 0 0 0 0 0 0 0
0.675157 1.39915e-07 5.47913e-08 8.51235e-08 0.608395 0.778789 0 0 0 0 0 0 0 0 0 0
0.709813 1.40635e-07 5.50476e-08 8.55871e-08 0.608577 0.776274 0 0 0 0 0 0 0 0 0 0
0.746248 1.41524e-07 5.52712e-08 8.62529e-08 0.609457 0.773843 0 0 0 0 0 0 0 0 0 0
0.784553 1.41743e-07 5.54558e-08 8.62876e-08 0.608759 0.769855 0 0 0 0 0 0 0 0 0 0
0.824824 1.41847e-07 5.55782e-08 8.62686e-08 0.608181 0.764744 0 0 0 0 0 0 0 0 0 0
0.867162 1.43359e-07 5.56369e-08 8.77223e-08 0.611906 0.761101 0 0 0 0 0 0 0 0 0 0
0.911674 1.4529e-07 5.55747e-08 8.9715e-08 0.61749 0.757503 0 0 0 0 0 0 0 0 0 0
0.95847 1.4523e-07 5.53117e-08 8.99178e-08 0.619143 0.749835 0 0 0 0 0 0 0 0 0 0
1.00767 1.43361e-07 5.46998e-08 8.86615e-08 0.618448 0.73563 0 0 0 0 0 0 0 0 0 0
1.05939 1.43148e-07 5.46659e-08 8.84823e-08 0.618117 0.729335 0 0 0 0 0 0 0 0 0 0
1.11377 1.46649e-07 5.47458e-08 9.19035e-08 0.626689 0.72832 0 0 0 0 0 0 0 0 0 0
1.17094 1.50511e-07 5.37373e-08 9.67735e-08 0.642967 0.728234 0 0 0 0 0 0 0 0 0 0
1.23105 1.52021e-07 5.3267e-08 9.87537e-08 0.649607 0.722583 0 0 0 0 0 0 0 0 0 0
1.29424 1.50621e-07 5.2784e-08 9.78374e-08 0.649558 0.699244 0 0 0 0 0 0 0 0 0 0
1.36067 1.48135e-07 5.22975e-08 9.58376e-08 0.646961 0.681092 0 0 0 0 0 0 0 0 0 0
1.43051 1.43289e-07 5.05659e-08 9.27227e-08 0.647105 0.643614 0 0 0 0 0 0 0 0 0 0
1.50394 1.46424e-07 5.14217e-08 9.50027e-08 0.648817 0.631202 0 0 0 0 0 0 0 0 0 0
1.58114 1.46322e-07 4.8669e-08 9.76529e-08 0.667384 0.6447 0 0 0 0 0 0 0 0 0 0
1.6623 1.57539e-07 5.03099e-08 1.07229e-07 0.680651 0.646437 0 0 0 0 0 0 0 0 0 0
1.74762 1.56575e-07 4.69978e-08 1.09577e-07 0.699839 0.665319 0 0 0 0 0 0 0 0 0 0
1.83733 1.68379e-07 4.91608e-08 1.19218e-07 0.708034 0.672334 0 0 0 0 0 0 0 0 0 0
1.93164 1.62337e-07 4.71815e-08 1.15155e-07 0.70936 0.648736 0 0 0 0 0 0 0 0 0 0
2.03079 1.62957e-07 4.63176e-08 1.1664e-07 0.715768 0.663936 0 0 0 0 0 0 0 0 0 0
2.13503 1.64445e-07 5.02049e-08 1.1424e-07 0.6947 0.626453 0 0 0 0 0 0 0 0 0 0
2.24463 1.47083e-07 4.43228e-08 1.0276e-07 0.698655 0.590304 0 0 0 0 0 0 0 0 0 0
2.35984 1.52674e-07 4.88245e-08 1.03849e-07 0.680203 0.565145 0 0 0 0 0 0 0 0 0 0
2.48097 1.50353e-07 4.78471e-08 1.02506e-07 0.681768 0.51165 0 0 0 0 0 0 0 0 0 0
2.60832 1.3878e-07 4.44013e-08 9.43791e-08 0.680061 0.45412 0 0 0 0 0 0 0 0 0 0
2.74221 1.45526e-07 4.58261e-08 9.97001e-08 0.685101 0.447999 0 0 0 0 0 0 0 0 0 0
2.88297 1.51312e-07 4.56493e-08 1.05662e-07 0.698309 0.405646 0 0 0 0 0 0 0 0 0 0
3.03095 1.58145e-07 4.42094e-08 1.13935e-07 0.72045 0.443792 0 0 0 0 0 0 0 0 0 0
3.18653 1.60167e-07 4.34195e-08 1.16747e-07 0.728911 0.470285 0 0 0 0 0 0 0 0 0 0
3.35009 1.77729e-07 4.58225e-08 1.31907e-07 0.742178 0.474462 0 0 0 0 0 0 0 0 0 0
3.52205 1.81151e-07 4.47653e-08 1.36386e-07 0.752884 0.427447 0 0 0 0 0 0 0 0 0 0
3.70284 1.79013e-07 4.0696e-08 1.38317e-07 0.772665 0.433008 0 0 0 0 0 0 0 0 0 0
3.89291 1.88444e-07 4.04447e-08 1.47999e-07 0.785376 0.445236 0 0 0 0 0 0 0 0 0 0
4.09273 2.01535e-07 4.15542e-08 1.5998e-07 0.793811 0.45946 0 0 0 0 0 0 0 0 0 0
4.30281 2.195e-07 4.40151e-08 1.75485e-07 0.799476 0.463028 0 0 0 0 0 0 0 0 0 0
4.52368 2.15873e-07 4.43221e-08 1.7155e-07 0.794684 0.440567 0 0 0 0 0 0 0 0 0 0
4.75588 1.94312e-07 4.0932e-08 1.5338e-07 0.78935 0.408486 0 0 0 0 0 0 0 0 0 0
5 1.8627e-07 3.88514e-08 1.47419e-07 0.791424 0.378243 0 0 0 0 0 0 0 0 0 0
5.25665 1.86081e-07 3.77754e-08 1.48306e-07 0.796995 0.347064 0 0 0 0 0 0 0 0 0 0
5.52648 1.90294e-07 3.73673e-08 1.52926e-07 0.803633 0.317426 0 0 0 0 0 0 0 0 0 0
5.81015 1.96883e-07 3.7646e-08 1.59237e-07 0.80879 0.294002 0 0 0 0 0 0 0 0 0 0
6.10839 2.00182e-07 3.83345e-08 1.61848e-07 0.808502 0.278368 0 0 0 0 0 0 0 0 0 0
6.42193 1.91642e-07 3.85355e-08 1.53106e-07 0.798919 0.265005 0 0 0 0 0 0 0 0 0 0
6.75157 1.75394e-07 3.79104e-08 1.37483e-07 0.783855 0.242463 0 0 0 0 0 0 0 0 0 0
7.09813 1.6175e-07 3.72762e-08 1.24473e-07 0.769544 0.20755 0 0 0 0 0 0 0 0 0 0
7.46248 1.52494e-07 3.69911e-08 1.15503e-07 0.757427 0.166963 0 0 0 0 0 0 0 0 0 0
7.84553 1.45571e-07 3.69197e-08 1.08652e-07 0.746381 0.127919 0 0 0 0 0 0 0 0 8.40779e-45 0
8.24824 1.3903e-07 3.67917e-08 1.02238e-07 0.735369 0.0931621 0 0 0 0 0 0 0 0 1.26537e-42 0
8.67162 1.31839e-07 3.64753e-08 9.53633e-08 0.723333 0.0631098 0 0 0 0 0 0 2.8026e-45 0 1.53048e-40 0
9.11674 1.23562e-07 3.58555e-08 8.77065e-08 0.709818 0.0372684 0 0 0 0 0 0 3.64338e-43 0 1.43391e-38 0
9.5847 1.14178e-07 3.48923e-08 7.92853e-08 0.694403 0.0148525 0 0 0 0 0 0 4.48135e-41 0 1.05176e-36 0
10.0767 1.03997e-07 3.35928e-08 7.04043e-08 0.676983 -0.00467788 0 0 0 0 1.4013e-45 0 4.25152e-39 0 6.10482e-35 0
10.5939 9.33901e-08 3.19946e-08 6.13955e-08 0.657409 -0.021948 0 0 0 0 1.97583e-43 0 3.1505e-37 0 2.8349e-33 0
11.1377 8.2826e-08 3.02274e-08 5.25986e-08 0.635049 -0.0374093 0 0 0 0 2.33316e-41 0 1.84955e-35 0 1.06701e-31 0
11.7094 7.32424e-08 2.83361e-08 4.49063e-08 0.613119 -0.0492142 0 0 1.68156e-44 0 2.13002e-39 0 8.69943e-34 0 3.28822e-30 0
12.3105 6.37712e-08 2.64573e-08 3.73139e-08 0.585122 -0.0620402 0 0 2.14399e-42 0 1.53009e-37 0 3.32557e-32 0 8.40753e-29 0
12.9424 5.54453e-08 2.45946e-08 3.08507e-08 0.556417 -0.0728294 1.4013e-45 0 2.1147e-40 0 8.74432e-36 0 1.04302e-30 0 1.7987e-27 0
13.6067 4.82026e-08 2.28895e-08 2.5313e-08 0.525139 -0.0824092 1.02295e-43 0 1.64261e-38 0 4.04217e-34 0 2.72473e-29 0 3.26558e-26 0
14.3051 4.20134e-08 2.1375e-08 2.06384e-08 0.491233 -0.0908707 1.14486e-41 0 1.01895e-36 0 1.53053e-32 0 5.99509e-28 0 5.08301e-25 0
15.0394 3.67984e-08 2.00487e-08 1.67497e-08 0.455175 -0.0982713 1.00148e-39 0 5.10988e-35 0 4.79931e-31 0 1.12172e-26 0 6.84285e-24 0
15.8114 3.24717e-08 1.89162e-08 1.35556e-08 0.417457 -0.104626 6.97638e-38 0 2.09675e-33 0 1.25994e-29 0 1.80202e-25 0 8.03747e-23 0
16.623 2.88837e-08 1.79364e-08 1.09474e-08 0.379015 -0.110136 3.91079e-36 0 7.10479e-32 0 2.79162e-28 0 2.50254e-24 0 8.28684e-22 0
17.4762 2.59433e-08 1.71182e-08 8.82508e-09 0.340168 -0.114943 1.78607e-34 0 2.01016e-30 0 5.27287e-27 0 3.03106e-23 0 7.56077e-21 0
18.3733 2.35877e-08 1.64826e-08 7.10511e-09 0.30122 -0.119059 6.73076e-33 0 4.80388e-29 0 8.58003e-26 0 3.23205e-22 0 6.15772e-20 0
19.3164 2.17353e-08 1.60099e-08 5.7254e-09 0.263414 -0.122521 2.11322e-31 0 9.7798e-28 0 1.21187e-24 0 3.05389e-21 0 4.50276e-19 0
20.3079 2.02868e-08 1.56717e-08 4.61512e-09 0.227494 -0.125886 5.57434e-30 0 1.70852e-26 0 1.49529e-23 0 2.5707e-20 0 2.97027e-18 0
21.3503 1.93421e-08 1.56174e-08 3.72467e-09 0.192568 -0.129118 1.25907e-28 0 2.60768e-25 0 1.63952e-22 0 1.95921e-19 0 1.79521e-17 0
22.4463 1.88706e-08 1.58549e-08 3.01564e-09 0.159807 -0.131895 2.45752e-27 0 3.50583e-24 0 1.60924e-21 0 1.36061e-18 0 9.99937e-17 0
23.5984 1.88396e-08 1.63843e-08 2.45529e-09 0.130326 -0.134214 4.17491e-26 0 4.17768e-23 0 1.42169e-20 0 8.64981e-18 0 5.15381e-16 0
24.8097 1.91693e-08 1.71548e-08 2.01448e-09 0.105089 -0.136392 6.19204e-25 0 4.42217e-22 0 1.13211e-19 0 5.03678e-17 0 2.45813e-15 0
26.0832 1.99583e-08 1.8285e-08 1.67331e-09 0.0838403 -0.139095 8.1142e-24 0 4.2045e-21 0 8.21081e-19 0 2.7124e-16 0 1.09489e-14 0
27.4221 2.10165e-08 1.96079e-08 1.40854e-09 0.0670206 -0.141637 9.34944e-23 0 3.57044e-20 0 5.38957e-18 0 1.34133e-15 0 4.51999e-14 0
28.8297 2.21507e-08 2.09447e-08 1.20607e-09 0.0544481 -0.14398 9.43984e-22 0 2.69675e-19 0 3.18635e-17 0 6.05751e-15 0 1.71915e-13 0
30.3095 2.31056e-08 2.20585e-08 1.04709e-09 0.0453178 -0.146133 8.31913e-21 0 1.80322e-18 0 1.68778e-16 0 2.48339e-14 0 5.9858e-13 0
31.8653 2.3293e-08 2.23808e-08 9.12199e-10 0.0391619 -0.148156 6.28979e-20 0 1.04847e-17 0 7.86277e-16 0 9.06707e-14 0 1.87097e-12 0
33.5009 2.2801e-08 2.20052e-08 7.95743e-10 0.0348995 -0.149989 4.12707e-19 0 5.35892e-17 0 3.25502e-15 0 2.97697e-13 0 5.29895e-12 0
35.2206 2.12661e-08 2.05863e-08 6.79842e-10 0.0319683 -0.15153 2.32007e-18 0 2.37547e-16 0 1.18072e-14 0 8.66195e-13 0 1.33961e-11 0
37.0284 1.92792e-08 1.87051e-08 5.74101e-10 0.0297782 -0.152935 1.14645e-17 0 9.36388e-16 0 3.84618e-14 0 2.2878e-12 0 3.09537e-11 0
38.9291 1.70837e-08 1.66075e-08 4.76182e-10 0.0278735 -0.154148 5.03451e-17 0 3.31666e-15 0 1.1363e-13 0 5.53667e-12 0 6.59643e-11 0
40.9273 1.49773e-08 1.45863e-08 3.91042e-10 0.026109 -0.155245 1.99824e-16 0 1.07299e-14 0 3.09352e-13 0 1.24682e-11 0 1.31622e-10 0
43.0282 1.31426e-08 1.28241e-08 3.18434e-10 0.0242293 -0.156468 7.28617e-16 0 3.22094e-14 0 7.88068e-13 0 2.65177e-11 0 2.49509e-10 0
45.2368 1.15748e-08 1.13164e-08 2.5845e-10 0.0223287 -0.157682 2.45737e-15 0 9.02849e-14 0 1.88974e-12 0 5.35575e-11 0 4.51688e-10 0
47.5588 1.03926e-08 1.01832e-08 2.09385e-10 0.0201474 -0.158638 7.82011e-15 0 2.40957e-13 0 4.3475e-12 0 1.04651e-10 0 7.95337e-10 0
50 9.39801e-09 9.2283e-09 1.69718e-10 0.0180589 -0.159638 2.32763e-14 0 6.06675e-13 0 9.50425e-12 0 1.95873e-10 0 1.34827e-09 0
52.5665 8.65546e-09 8.51796e-09 1.37503e-10 0.0158863 -0.159229 6.57775e-14 0 1.46212e-12 0 2.00263e-11 0 3.5604e-10 0 2.23046e-09 0
55.2648 8.07196e-09 7.96051e-09 1.11452e-10 0.0138073 -0.158055 1.76033e-13 0 3.36307e-12 0 4.05379e-11 0 6.26231e-10 0 3.58694e-09 0
58.1015 7.62421e-09 7.53372e-09 9.04943e-11 0.0118693 -0.156099 4.47673e-13 0 7.40549e-12 0 7.90485e-11 0 1.06837e-09 0 5.61956e-09 0
61.0839 7.28292e-09 7.20939e-09 7.35313e-11 0.0100964 -0.153215 1.08363e-12 0 1.56306e-11 0 1.48631e-10 0 1.76898e-09 0 8.58033e-09 0
64.2193 7.03749e-09 6.97769e-09 5.98007e-11 0.00849744 -0.149198 2.50461e-12 0 3.17136e-11 0 2.7016e-10 0 2.84919e-09 0 1.27944e-08 0
67.5157 6.87475e-09 6.82606e-09 4.86877e-11 0.00708211 -0.143388 5.53961e-12 0 6.19662e-11 0 4.75452e-10 0 4.46946e-09 0 1.86511e-08 0
70.9813 6.78477e-09 6.74508e-09 3.96953e-11 0.00585064 -0.135277 1.17483e-11 0 1.16802e-10 0 8.11324e-10 0 6.83644e-09 0 2.66065e-08 0
74.6248 6.75513e-09 6.72275e-09 3.23802e-11 0.00479342 -0.123595 2.39172e-11 0 2.12561e-10 0 1.34317e-09 0 1.01994e-08 0 3.71468e-08 0
78.4553 6.75514e-09 6.72873e-09 2.64132e-11 0.00391009 -0.106673 4.66468e-11 0 3.72626e-10 0 2.15194e-09 0 1.48009e-08 0 5.06091e-08 0
82.4824 6.71593e-09 6.6944e-09 2.15318e-11 0.00320607 -0.081486 8.64714e-11 0 6.24113e-10 0 3.30855e-09 0 2.07114e-08 0 6.66938e-08 0
86.7162 6.43998e-09 6.4225e-09 1.74728e-11 0.00271318 -0.0473423 1.48128e-10 0 9.70771e-10 0 4.74378e-09 0 2.71523e-08 0 8.25834e-08 0
91.1674 5.82057e-09 5.80647e-09 1.40988e-11 0.00242224 -0.0106948 2.29624e-10 0 1.37288e-09 0 6.20872e-09 0 3.26359e-08 0 9.40166e-08 0
95.847 4.95198e-09 4.94064e-09 1.13396e-11 0.0022899 0.0210694 3.22342e-10 0 1.76611e-09 0 7.41975e-09 0 3.59669e-08 0 9.83991e-08 0
100.767 3.97689e-09 3.96777e-09 9.12178e-12 0.0022937 0.0438293 4.11707e-10 0 2.07598e-09 0 8.13134e-09 0 3.64936e-08 0 9.50572e-08 0
105.939 2.99385e-09 2.98651e-09 7.33601e-12 0.00245036 0.051951 4.75957e-10 0 2.21767e-09 0 8.12629e-09 0 3.38943e-08 0 8.42607e-08 0
111.377 2.21461e-09 2.20869e-09 5.92189e-12 0.00267401 0.0488485 5.22995e-10 0 2.26047e-09 0 7.77432e-09 0 3.02439e-08 0 7.19227e-08 0
117.094 1.67996e-09 1.67516e-09 4.80096e-12 0.00285779 0.0382215 5.71048e-10 0 2.29795e-09 0 7.44084e-09 0 2.70911e-08 0 6.17646e-08 0
123.105 1.33286e-09 1.32895e-09 3.90664e-12 0.00293103 0.0257697 6.32918e-10 0 2.37957e-09 0 7.2758e-09 0 2.48732e-08 0 5.44806e-08 0
129.424 1.11871e-09 1.11552e-09 3.18769e-12 0.00284944 0.0138326 7.21347e-10 0 2.54228e-09 0 7.36085e-09 0 2.37017e-08 0 4.99755e-08 0
136.067 9.5757e-10 9.54964e-10 2.60566e-12 0.00272112 0.00436948 8.16003e-10 0 2.70441e-09 0 7.43472e-09 0 2.26155e-08 0 4.59923e-08 0
143.051 8.48594e-10 8.4646e-10 2.13455e-12 0.00251539 -0.00368371 9.31397e-10 0 2.91157e-09 0 7.61936e-09 0 2.19575e-08 0 4.31481e-08 0
150.394 7.41233e-10 7.39485e-10 1.74848e-12 0.00235888 -0.0102798 1.0224e-09 0 3.02323e-09 0 7.54953e-09 0 2.06675e-08 0 3.93123e-08 0
158.114 6.68321e-10 6.66891e-10 1.43054e-12 0.00214049 -0.01503 1.13179e-09 0 3.17444e-09 0 7.58203e-09 0 1.9769e-08 0 3.64602e-08 0
166.23 6.00677e-10 5.99508e-10 1.16974e-12 0.00194737 -0.0194013 1.22148e-09 0 3.25815e-09 0 7.45978e-09 0 1.85709e-08 0 3.32632e-08 0
174.763 5.38554e-10 5.37597e-10 9.56944e-13 0.00177688 -0.023419 1.28754e-09 0 3.27427e-09 0 7.20161e-09 0 1.71586e-08 0 2.98936e-08 0
183.733 4.95878e-10 4.95096e-10 7.82517e-13 0.00157804 -0.0259932 1.36614e-09 0 3.32008e-09 0 7.02925e-09 0 1.60656e-08 0 2.72649e-08 0
193.164 4.57614e-10 4.56974e-10 6.39747e-13 0.00139801 -0.0283699 1.42534e-09 0 3.3179e-09 0 6.77509e-09 0 1.48863e-08 0 2.46447e-08 0
203.079 4.24289e-10 4.23766e-10 5.23143e-13 0.00123299 -0.0302971 1.46727e-09 0 3.2786e-09 0 6.46911e-09 0 1.36933e-08 0 2.21445e-08 0
213.503 3.97564e-10 3.97136e-10 4.27951e-13 0.00107643 -0.0313753 1.5004e-09 0 3.225e-09 0 6.15978e-09 0 1.25863e-08 0 1.99085e-08 0
224.463 3.72668e-10 3.72318e-10 3.50014e-13 0.000939213 -0.0324086 1.51e-09 0 3.12828e-09 0 5.79385e-09 0 1.14499e-08 0 1.77365e-08 0
235.984 3.49457e-10 3.49171e-10 2.86217e-13 0.000819032 -0.0333981 1.4968e-09 0 2.99456e-09 0 5.38685e-09 0 1.0315e-08 0 1.56668e-08 0
248.097 3.27843e-10 3.27609e-10 2.34178e-13 0.000714299 -0.0343436 1.46273e-09 0 2.83118e-09 0 4.95443e-09 0 9.20865e-09 0 1.37291e-08 0
260.832 3.09537e-10 3.09346e-10 1.91603e-13 0.000618997 -0.0345435 1.41867e-09 0 2.66125e-09 0 4.53724e-09 0 8.19961e-09 0 1.20129e-08 0
274.221 2.92602e-10 2.92445e-10 1.56732e-13 0.000535648 -0.0346083 1.35951e-09 0 2.47581e-09 0 4.11841e-09 0 7.24819e-09 0 1.04457e-08 0
288.297 2.7662e-10 2.76491e-10 1.28191e-13 0.000463421 -0.0346701 1.28675e-09 0 2.27855e-09 0 3.70322e-09 0 6.35687e-09 0 9.0205e-09 0
303.095 2.61674e-10 2.61569e-10 1.04919e-13 0.000400951 -0.034613 1.20432e-09 0 2.07686e-09 0 3.30225e-09 0 5.53697e-09 0 7.74358e-09 0
318.653 2.47933e-10 2.47847e-10 8.58483e-14 0.000346257 -0.0341197 1.11642e-09 0 1.87775e-09 0 2.92461e-09 0 4.7966e-09 0 6.61709e-09 0
335.009 2.34886e-10 2.34816e-10 7.02274e-14 0.000298985 -0.0336474 1.02394e-09 0 1.68208e-09 0 2.56937e-09 0 4.12731e-09 0 5.62118e-09 0
352.206 2.22521e-10 2.22464e-10 5.74615e-14 0.000258229 -0.0331956 9.29791e-10 0 1.49382e-09 0 2.24041e-09 0 3.52928e-09 0 4.74913e-09 0
370.284 2.10694e-10 2.10647e-10 4.70291e-14 0.00022321 -0.0323808 8.35947e-10 0 1.31521e-09 0 1.93885e-09 0 2.99872e-09 0 3.98982e-09 0
389.291 1.99445e-10 1.99407e-10 3.84813e-14 0.000192942 -0.0315534 7.44755e-10 0 1.14886e-09 0 1.66641e-09 0 2.53334e-09 0 3.33507e-09 0
409.273 1.88766e-10 1.88734e-10 3.14796e-14 0.000166766 -0.0307619 6.57886e-10 0 9.96201e-10 0 1.42316e-09 0 2.12885e-09 0 2.77482e-09 0
430.282 1.7826e-10 1.78235e-10 2.57648e-14 0.000144534 -0.0296937 5.75318e-10 0 8.56106e-10 0 1.20567e-09 0 1.77636e-09 0 2.29386e-09 0
452.368 1.68218e-10 1.68197e-10 2.10865e-14 0.000125352 -0.0286008 4.99049e-10 0 7.30536e-10 0 1.01512e-09 0 1.47448e-09 0 1.88745e-09 0
475.588 1.58713e-10 1.58696e-10 1.72535e-14 0.000108708 -0.0275606 4.29816e-10 0 6.19573e-10 0 8.50158e-10 0 1.2185e-09 0 1.54703e-09 0
500 1.49715e-10 1.49701e-10 1.41155e-14 9.42824e-05 -0.0265655 3.67703e-10 0 5.22428e-10 0 7.08441e-10 0 1.00275e-09 0 1.26336e-09 0
525.665 1.40231e-10 1.40219e-10 1.15548e-14 8.23989e-05 -0.0251821 3.10438e-10 0 4.35121e-10 0 5.83547e-10 0 8.16335e-10 0 1.0211e-09 0
552.648 1.31315e-10 1.31305e-10 9.45625e-15 7.20122e-05 -0.0238706 2.60522e-10 0 3.60536e-10 0 4.78521e-10 0 6.62084e-10 0 8.22571e-10 0
581.015 1.22949e-10 1.22941e-10 7.73691e-15 6.29279e-05 -0.0226312 2.17426e-10 0 2.97321e-10 0 3.90792e-10 0 5.3515e-10 0 6.60662e-10 0
610.838 1.15113e-10 1.15107e-10 6.33156e-15 5.50027e-05 -0.0214615 1.80537e-10 0 2.44126e-10 0 3.17955e-10 0 4.31214e-10 0 5.29189e-10 0
642.193 1.07781e-10 1.07776e-10 5.18285e-15 4.80869e-05 -0.0203578 1.492e-10 0 1.99643e-10 0 2.57801e-10 0 3.46473e-10 0 4.22825e-10 0
675.157 1.00915e-10 1.00911e-10 4.24144e-15 4.20297e-05 -0.0193154 1.22754e-10 0 1.62645e-10 0 2.08344e-10 0 2.77631e-10 0 3.37041e-10 0
709.813 9.4182e-11 9.41785e-11 3.47015e-15 3.68452e-05 -0.0182404 1.0025e-10 0 1.31606e-10 0 1.67318e-10 0 2.21187e-10 0 2.67201e-10 0
746.247 8.71611e-11 8.71583e-11 2.84057e-15 3.25899e-05 -0.0170034 8.08671e-11 0 1.05245e-10 0 1.32861e-10 0 1.74325e-10 0 2.09619e-10 0
784.553 8.06704e-11 8.06681e-11 2.32505e-15 2.88216e-05 -0.0158491 6.49979e-11 0 8.39069e-11 0 1.05225e-10 0 1.37095e-10 0 1.64137e-10 0
824.824 7.46711e-11 7.46692e-11 1.90261e-15 2.54798e-05 -0.0147713 5.20687e-11 0 6.67061e-11 0 8.3135e-11 0 1.07602e-10 0 1.28302e-10 0
867.162 6.91301e-11 6.91286e-11 1.55676e-15 2.25193e-05 -0.0137656 4.15841e-11 0 5.28947e-11 0 6.55382e-11 0 8.43017e-11 0 1.00135e-10 0
911.674 6.40225e-11 6.40212e-11 1.27452e-15 1.99073e-05 -0.0128288 3.31217e-11 0 4.18489e-11 0 5.15687e-11 0 6.59474e-11 0 7.80516e-11 0
958.471 5.93063e-11 5.93053e-11 1.04317e-15 1.75895e-05 -0.0119543 2.63125e-11 0 3.3037e-11 0 4.05013e-11 0 5.15112e-11 0 6.07595e-11 0
1007.67 5.48734e-11 5.48726e-11 8.53585e-16 1.55555e-05 -0.0111211 2.08233e-11 0 2.59909e-11 0 3.17096e-11 0 4.01225e-11 0 4.71754e-11 0
1059.39 5.03963e-11 5.03956e-11 6.98627e-16 1.38627e-05 -0.0102597 1.63163e-11 0 2.02529e-11 0 2.45971e-11 0 3.09727e-11 0 3.63082e-11 0
1113.77 4.63053e-11 4.63047e-11 5.7193e-16 1.23513e-05 -0.0094637 1.27606e-11 0 1.5757e-11 0 1.90554e-11 0 2.38856e-11 0 2.79212e-11 0
1170.94 4.25618e-11 4.25614e-11 4.68072e-16 1.09975e-05 -0.00872689 9.96132e-12 0 1.22404e-11 0 1.47434e-11 0 1.84016e-11 0 2.14535e-11 0
1231.05 3.90082e-11 3.90078e-11 3.8299e-16 9.81818e-06 -0.00802735 7.73767e-12 0 9.46436e-12 0 1.13568e-11 0 1.41177e-11 0 1.64179e-11 0
1294.24 3.56648e-11 3.56645e-11 3.13547e-16 8.7915e-06 -0.00736619 5.9842e-12 0 7.28803e-12 0 8.71433e-12 0 1.07918e-11 0 1.25205e-11 0
1360.67 3.26256e-11 3.26253e-11 2.56661e-16 7.86687e-06 -0.00675764 4.62213e-12 0 5.60637e-12 0 6.68122e-12 0 8.24446e-12 0 9.5439e-12 0
1430.51 2.98609e-11 2.98607e-11 2.10044e-16 7.03406e-06 -0.00619743 3.56579e-12 0 4.3086e-12 0 5.11852e-12 0 6.2949e-12 0 7.27178e-12 0
1503.94 2.73342e-11 2.7334e-11 1.7188e-16 6.28809e-06 -0.00568035 2.7468e-12 0 3.30708e-12 0 3.91714e-12 0 4.80214e-12 0 5.53639e-12 0
1581.14 2.48699e-11 2.48697e-11 1.40729e-16 5.65861e-06 -0.00518722 2.09991e-12 0 2.51971e-12 0 2.97621e-12 0 3.63772e-12 0 4.18611e-12 0
1662.3 2.26397e-11 2.26396e-11 1.15191e-16 5.08799e-06 -0.00473574 1.60393e-12 0 1.91845e-12 0 2.26007e-12 0 2.75463e-12 0 3.16431e-12 0
1747.63 2.06226e-11 2.06225e-11 9.42613e-17 4.57079e-06 -0.00432236 1.2242e-12 0 1.45988e-12 0 1.71559e-12 0 2.08544e-12 0 2.39161e-12 0
1837.33 1.88003e-11 1.88002e-11 7.71548e-17 4.10391e-06 -0.00394424 9.33954e-13 0 1.11061e-12 0 1.3021e-12 0 1.57883e-12 0 1.80779e-12 0
1931.64 1.71531e-11 1.7153e-11 6.3167e-17 3.68255e-06 -0.00359808 7.12249e-13 0 8.44714e-13 0 9.88182e-13 0 1.19536e-12 0 1.36668e-12 0
2030.79 1.55491e-11 1.55491e-11 5.16998e-17 3.32493e-06 -0.00327117 5.3906e-13 0 6.37712e-13 0 7.44474e-13 0 8.98545e-13 0 1.02588e-12 0
2135.03 1.38734e-11 1.38733e-11 4.23031e-17 3.04923e-06 -0.00295531 4.01136e-13 0 4.73424e-13 0 5.51599e-13 0 6.64348e-13 0 7.57489e-13 0
2244.63 1.23908e-11 1.23907e-11 3.4635e-17 2.79523e-06 -0.00267286 2.98506e-13 0 3.51513e-13 0 4.088e-13 0 4.91377e-13 0 5.59566e-13 0
2359.84 1.10748e-11 1.10748e-11 2.83529e-17 2.56012e-06 -0.00241937 2.22089e-13 0 2.60975e-13 0 3.02978e-13 0 3.63492e-13 0 4.13443e-13 0
2480.97 9.90572e-12 9.9057e-12 2.32039e-17 2.34248e-06 -0.00219154 1.65205e-13 0 1.93746e-13 0 2.24556e-13 0 2.68927e-13 0 3.05541e-13 0
2608.32 8.86731e-12 8.86729e-12 1.89891e-17 2.14147e-06 -0.00198669 1.22889e-13 0 1.43849e-13 0 1.66464e-13 0 1.9902e-13 0 2.25877e-13 0
2742.21 7.94599e-12 7.94597e-12 1.55478e-17 1.95669e-06 -0.00180261 9.14343e-14 0 1.06839e-13 0 1.23454e-13 0 1.47363e-13 0 1.67081e-13 0
2882.96 7.12577e-12 7.12576e-12 1.27268e-17 1.78602e-06 -0.0016366 6.8031e-14 0 7.93596e-14 0 9.15735e-14 0 1.09143e-13 0 1.23629e-13 0
3030.95 6.39519e-12 6.39518e-12 1.04148e-17 1.62854e-06 -0.00148673 5.06213e-14 0 5.89573e-14 0 6.79416e-14 0 8.08616e-14 0 9.15117e-14 0
3186.53 5.74503e-12 5.74502e-12 8.52512e-18 1.48391e-06 -0.00135151 3.76781e-14 0 4.3817e-14 0 5.04312e-14 0 5.99403e-14 0 6.77772e-14 0
3350.09 5.16586e-12 5.16585e-12 6.97958e-18 1.3511e-06 -0.00122934 2.80531e-14 0 3.25776e-14 0 3.74511e-14 0 4.44557e-14 0 5.02275e-14 0
3522.05 4.64874e-12 4.64873e-12 5.71274e-18 1.22888e-06 -0.0011187 2.08909e-14 0 2.42278e-14 0 2.7821e-14 0 3.29846e-14 0 3.72385e-14 0
3702.84 4.18669e-12 4.18669e-12 4.67456e-18 1.11653e-06 -0.0010184 1.55607e-14 0 1.80233e-14 0 2.06745e-14 0 2.44835e-14 0 2.76212e-14 0
3892.91 3.77469e-12 3.77469e-12 3.82735e-18 1.01395e-06 -0.000927612 1.1597e-14 0 1.34162e-14 0 1.53743e-14 0 1.81871e-14 0 2.05037e-14 0
4092.73 3.40609e-12 3.40608e-12 3.13322e-18 9.19889e-07 -0.00084517 8.64578e-15 0 9.99072e-15 0 1.14381e-14 0 1.35167e-14 0 1.52286e-14 0
4302.81 3.07595e-12 3.07594e-12 2.56428e-18 8.33657e-07 -0.000770209 6.44771e-15 0 7.44272e-15 0 8.5133e-15 0 1.00506e-14 0 1.13165e-14 0
4523.68 2.78024e-12 2.78024e-12 2.09855e-18 7.54809e-07 -0.000702034 4.81049e-15 0 5.5472e-15 0 6.33973e-15 0 7.47765e-15 0 8.41455e-15 0
4755.88 2.51562e-12 2.51562e-12 1.71827e-18 6.83038e-07 -0.000640066 3.59127e-15 0 4.13727e-15 0 4.72457e-15 0 5.5677e-15 0 6.26182e-15 0
5000 2.27804e-12 2.27804e-12 1.40651e-18 6.17422e-07 -0.000583561 2.68215e-15 0 3.08711e-15 0 3.52265e-15 0 4.14784e-15 0 4.6625e-15 0
