# 2.6607e-05 1 115 : grain size, compostion index, size index
# Heating and cooling timescale: 0.010795 3.10928e+06
# Ratio of heating to cooling to determine stochastic cutoff: 100
# Equilibrium emission is recorded even for those grains in the stochastic regime.
# Emission spectrum was computed for: 
# Type: IRSF
# Scales: 0.25 0.5 1 1.5 2 2.5 3 3.5 4 4.5 5 5.5 6 6.5 7 7.5 8 8.5 9 9.5 10
# StochasticallyHeated: 0 0 0 0 0 0 0 0 0 0 0 0 0 0 0 0 0 0 0 0 0
# Temperature: -1
# Wavelength  CExt  CAbs  CSca  Albedo G EqEm1 StEm1 EqEm2 StEm2 EqEm3 StEm3 EqEm4 StEm4 EqEm5 StEm5 EqEm6 StEm6 EqEm7 StEm7 EqEm8 StEm8 EqEm9 StEm9 EqEm10 StEm10 EqEm11 StEm11 EqEm12 StEm12 EqEm13 StEm13 EqEm14 StEm14 EqEm15 StEm15 EqEm16 StEm16 EqEm17 StEm17 EqEm18 StEm18 EqEm19 StEm19 EqEm20 StEm20 EqEm21 StEm21
0.05 1.2821e-09 5.78427e-10 7.03674e-10 0.548844 0.213229 0 0 0 0 0 0 0 0 0 0 0 0 0 0 0 0 0 0 0 0 0 0 0 0 0 0 0 0 0 0 0 0 0 0 0 0 0 0 0 0 0 0
0.0525665 1.4171e-09 6.39333e-10 7.77767e-10 0.548844 0.235681 0 0 0 0 0 0 0 0 0 0 0 0 0 0 0 0 0 0 0 0 0 0 0 0 0 0 0 0 0 0 0 0 0 0 0 0 0 0 0 0 0 0
0.0552647 1.56631e-09 7.06651e-10 8.59662e-10 0.548844 0.260497 0 0 0 0 0 0 0 0 0 0 0 0 0 0 0 0 0 0 0 0 0 0 0 0 0 0 0 0 0 0 0 0 0 0 0 0 0 0 0 0 0 0
0.0581015 1.73124e-09 7.81058e-10 9.5018e-10 0.548844 0.287926 0 0 0 0 0 0 0 0 0 0 0 0 0 0 0 0 0 0 0 0 0 0 0 0 0 0 0 0 0 0 0 0 0 0 0 0 0 0 0 0 0 0
0.0610839 1.91353e-09 8.633e-10 1.05023e-09 0.548844 0.318243 0 0 0 0 0 0 0 0 0 0 0 0 0 0 0 0 0 0 0 0 0 0 0 0 0 0 0 0 0 0 0 0 0 0 0 0 0 0 0 0 0 0
0.0642193 2.11501e-09 9.54201e-10 1.16081e-09 0.548844 0.351752 0 0 0 0 0 0 0 0 0 0 0 0 0 0 0 0 0 0 0 0 0 0 0 0 0 0 0 0 0 0 0 0 0 0 0 0 0 0 0 0 0 0
0.0675157 2.33772e-09 1.05467e-09 1.28304e-09 0.548844 0.38879 0 0 0 0 0 0 0 0 0 0 0 0 0 0 0 0 0 0 0 0 0 0 0 0 0 0 0 0 0 0 0 0 0 0 0 0 0 0 0 0 0 0
0.0709813 2.58387e-09 1.16573e-09 1.41814e-09 0.548844 0.429728 0 0 0 0 0 0 0 0 0 0 0 0 0 0 0 0 0 0 0 0 0 0 0 0 0 0 0 0 0 0 0 0 0 0 0 0 0 0 0 0 0 0
0.0746248 2.85593e-09 1.28847e-09 1.56746e-09 0.548844 0.474976 0 0 0 0 0 0 0 0 0 0 0 0 0 0 0 0 0 0 0 0 0 0 0 0 0 0 0 0 0 0 0 0 0 0 0 0 0 0 0 0 0 0
0.0784553 3.15665e-09 1.42414e-09 1.73251e-09 0.548844 0.524989 0 0 0 0 0 0 0 0 0 0 0 0 0 0 0 0 0 0 0 0 0 0 0 0 0 0 0 0 0 0 0 0 0 0 0 0 0 0 0 0 0 0
0.0824824 3.48903e-09 1.5741e-09 1.91493e-09 0.548844 0.580267 0 0 0 0 0 0 0 0 0 0 0 0 0 0 0 0 0 0 0 0 0 0 0 0 0 0 0 0 0 0 0 0 0 0 0 0 0 0 0 0 0 0
0.0867162 3.85641e-09 1.73984e-09 2.11657e-09 0.548844 0.641367 0 0 0 0 0 0 0 0 0 0 0 0 0 0 0 0 0 0 0 0 0 0 0 0 0 0 0 0 0 0 0 0 0 0 0 0 0 0 0 0 0 0
0.0911674 4.26247e-09 1.92304e-09 2.33943e-09 0.548844 0.7089 0 0 0 0 0 0 0 0 0 0 0 0 0 0 0 0 0 0 0 0 0 0 0 0 0 0 0 0 0 0 0 0 0 0 0 0 0 0 0 0 0 0
0.095847 4.71129e-09 2.12552e-09 2.58576e-09 0.548844 0.783544 0 0 0 0 0 0 0 0 0 0 0 0 0 0 0 0 0 0 0 0 0 0 0 0 0 0 0 0 0 0 0 0 0 0 0 0 0 0 0 0 0 0
0.100767 5.13281e-09 2.31727e-09 2.81554e-09 0.548538 0.852814 0 0 0 0 0 0 0 0 0 0 0 0 0 0 0 0 0 0 0 0 0 0 0 0 0 0 0 0 0 0 0 0 0 0 0 0 0 0 0 0 0 0
0.105939 5.1624e-09 2.34039e-09 2.82201e-09 0.546646 0.85543 0 0 0 0 0 0 0 0 0 0 0 0 0 0 0 0 0 0 0 0 0 0 0 0 0 0 0 0 0 0 0 0 0 0 0 0 0 0 0 0 0 0
0.111377 5.19138e-09 2.36476e-09 2.82662e-09 0.544483 0.859076 0 0 0 0 0 0 0 0 0 0 0 0 0 0 0 0 0 0 0 0 0 0 0 0 0 0 0 0 0 0 0 0 0 0 0 0 0 0 0 0 0 0
0.117094 5.22005e-09 2.3887e-09 2.83135e-09 0.542399 0.861024 0 0 0 0 0 0 0 0 0 0 0 0 0 0 0 0 0 0 0 0 0 0 0 0 0 0 0 0 0 0 0 0 0 0 0 0 0 0 0 0 0 0
0.123105 5.24738e-09 2.41505e-09 2.83232e-09 0.53976 0.861817 0 0 0 0 0 0 0 0 0 0 0 0 0 0 0 0 0 0 0 0 0 0 0 0 0 0 0 0 0 0 0 0 0 0 0 0 0 0 0 0 0 0
0.129424 5.27318e-09 2.44351e-09 2.82967e-09 0.536616 0.861585 0 0 0 0 0 0 0 0 0 0 0 0 0 0 0 0 0 0 0 0 0 0 0 0 0 0 0 0 0 0 0 0 0 0 0 0 0 0 0 0 0 0
0.136067 5.30052e-09 2.4686e-09 2.83192e-09 0.534272 0.860138 0 0 0 0 0 0 0 0 0 0 0 0 0 0 0 0 0 0 0 0 0 0 0 0 0 0 0 0 0 0 0 0 0 0 0 0 0 0 0 0 0 0
0.143051 5.32775e-09 2.4998e-09 2.82795e-09 0.530796 0.856669 0 0 0 0 0 0 0 0 0 0 0 0 0 0 0 0 0 0 0 0 0 0 0 0 0 0 0 0 0 0 0 0 0 0 0 0 0 0 0 0 0 0
0.150394 5.35646e-09 2.54095e-09 2.81551e-09 0.525629 0.856327 0 0 0 0 0 0 0 0 0 0 0 0 0 0 0 0 0 0 0 0 0 0 0 0 0 0 0 0 0 0 0 0 0 0 0 0 0 0 0 0 0 0
0.158114 5.38105e-09 2.59046e-09 2.79059e-09 0.518595 0.860884 0 0 0 0 0 0 0 0 0 0 0 0 0 0 0 0 0 0 0 0 0 0 0 0 0 0 0 0 0 0 0 0 0 0 0 0 0 0 0 0 0 0
0.16623 5.41574e-09 2.63263e-09 2.78311e-09 0.513893 0.866104 0 0 0 0 0 0 0 0 0 0 0 0 0 0 0 0 0 0 0 0 0 0 0 0 0 0 0 0 0 0 0 0 0 0 0 0 0 0 0 0 0 0
0.174762 5.57273e-09 2.64326e-09 2.92946e-09 0.525678 0.869413 0 0 0 0 0 0 0 0 0 0 0 0 0 0 0 0 0 0 0 0 0 0 0 0 0 0 0 0 0 0 0 0 0 0 0 0 0 0 0 0 0 0
0.183733 5.53659e-09 2.58762e-09 2.94897e-09 0.532632 0.862163 0 0 0 0 0 0 0 0 0 0 0 0 0 0 0 0 0 0 0 0 0 0 0 0 0 0 0 0 0 0 0 0 0 0 0 0 0 0 0 0 0 0
0.193164 5.40019e-09 2.49359e-09 2.9066e-09 0.53824 0.813321 0 0 0 0 0 0 0 0 0 0 0 0 0 0 0 0 0 0 0 0 0 0 0 0 0 0 0 0 0 0 0 0 0 0 0 0 0 0 0 0 0 0
0.203079 5.56856e-09 2.46828e-09 3.10028e-09 0.556747 0.750366 0 0 0 0 0 0 0 0 0 0 0 0 0 0 0 0 0 0 0 0 0 0 0 0 0 0 0 0 0 0 0 0 0 0 0 0 0 0 0 0 0 0
0.213503 5.76272e-09 2.45288e-09 3.30984e-09 0.574354 0.748991 0 0 0 0 0 0 0 0 0 0 0 0 0 0 0 0 0 0 0 0 0 0 0 0 0 0 0 0 0 0 0 0 0 0 0 0 0 0 0 0 0 0
0.224463 5.80379e-09 2.41733e-09 3.38646e-09 0.583491 0.766809 0 0 0 0 0 0 0 0 0 0 0 0 0 0 0 0 0 0 0 0 0 0 0 0 0 0 0 0 0 0 0 0 0 0 0 0 0 0 0 0 0 0
0.235984 5.69376e-09 2.40396e-09 3.2898e-09 0.57779 0.805627 0 0 0 0 0 0 0 0 0 0 0 0 0 0 0 0 0 0 0 0 0 0 0 0 0 0 0 0 0 0 0 0 0 0 0 0 0 0 0 0 0 0
0.248097 5.53375e-09 2.35998e-09 3.17378e-09 0.573531 0.793763 0 0 0 0 0 0 0 0 0 0 0 0 0 0 0 0 0 0 0 0 0 0 0 0 0 0 0 0 0 0 0 0 0 0 0 0 0 0 0 0 0 0
0.260832 5.44232e-09 2.33645e-09 3.10587e-09 0.570689 0.755546 0 0 0 0 0 0 0 0 0 0 0 0 0 0 0 0 0 0 0 0 0 0 0 0 0 0 0 0 0 0 0 0 0 0 0 0 0 0 0 0 0 0
0.274221 5.43654e-09 2.27834e-09 3.15821e-09 0.580922 0.70254 0 0 0 0 0 0 0 0 0 0 0 0 0 0 0 0 0 0 0 0 0 0 0 0 0 0 0 0 0 0 0 0 0 0 0 0 0 0 0 0 0 0
0.288297 5.61376e-09 2.26891e-09 3.34485e-09 0.59583 0.594847 0 0 0 0 0 0 0 0 0 0 0 0 0 0 0 0 0 0 0 0 0 0 0 0 0 0 0 0 0 0 0 0 0 0 0 0 0 0 0 0 0 0
0.303095 5.82176e-09 2.20596e-09 3.6158e-09 0.621083 0.541357 0 0 0 0 0 0 0 0 0 0 0 0 0 0 0 0 0 0 0 0 0 0 0 0 0 0 0 0 0 0 0 0 0 0 0 0 0 0 0 0 0 0
0.318653 6.23136e-09 2.15257e-09 4.07879e-09 0.654558 0.454636 0 0 0 0 0 0 0 0 0 0 0 0 0 0 0 0 0 0 0 0 0 0 0 0 0 0 0 0 0 0 0 0 0 0 0 0 0 0 0 0 0 0
0.335009 6.61749e-09 2.1151e-09 4.50239e-09 0.680377 0.483832 0 0 0 0 0 0 0 0 0 0 0 0 0 0 0 0 0 0 0 0 0 0 0 0 0 0 0 0 0 0 0 0 0 0 0 0 0 0 0 0 0 0
0.352205 6.99877e-09 2.05762e-09 4.94115e-09 0.706002 0.48903 0 0 0 0 0 0 0 0 0 0 0 0 0 0 0 0 0 0 0 0 0 0 0 0 0 0 0 0 0 0 0 0 0 0 0 0 0 0 0 0 0 0
0.370284 7.45956e-09 2.01346e-09 5.4461e-09 0.730083 0.515907 0 0 0 0 0 0 0 0 0 0 0 0 0 0 0 0 0 0 0 0 0 0 0 0 0 0 0 0 0 0 0 0 0 0 0 0 0 0 0 0 0 0
0.389291 7.81848e-09 1.95798e-09 5.86051e-09 0.749571 0.581427 0 0 0 0 0 0 0 0 0 0 0 0 0 0 0 0 0 0 0 0 0 0 0 0 0 0 0 0 0 0 0 0 0 0 0 0 0 0 0 0 0 0
0.409273 8.09719e-09 1.90169e-09 6.1955e-09 0.765142 0.600488 0 0 0 0 0 0 0 0 0 0 0 0 0 0 0 0 0 0 0 0 0 0 0 0 0 0 0 0 0 0 0 0 0 0 0 0 0 0 0 0 0 0
0.430281 8.29975e-09 1.83304e-09 6.46671e-09 0.779145 0.613292 0 0 0 0 0 0 0 0 0 0 0 0 0 0 0 0 0 0 0 0 0 0 0 0 0 0 0 0 0 0 0 0 0 0 0 0 0 0 0 0 0 0
0.452368 8.41217e-09 1.75936e-09 6.65281e-09 0.790855 0.645537 0 0 0 0 0 0 0 0 0 0 0 0 0 0 0 0 0 0 0 0 0 0 0 0 0 0 0 0 0 0 0 0 0 0 0 0 0 0 0 0 0 0
0.475588 8.49357e-09 1.71602e-09 6.77755e-09 0.797963 0.669708 0 0 0 0 0 0 0 0 0 0 0 0 0 0 0 0 0 0 0 0 0 0 0 0 0 0 0 0 0 0 0 0 0 0 0 0 0 0 0 0 0 0
0.5 8.49972e-09 1.69177e-09 6.80796e-09 0.800962 0.681845 0 0 0 0 0 0 0 0 0 0 0 0 0 0 0 0 0 0 0 0 0 0 0 0 0 0 0 0 0 0 0 0 0 0 0 0 0 0 0 0 0 0
0.525665 8.34107e-09 1.62878e-09 6.71229e-09 0.804727 0.67646 0 0 0 0 0 0 0 0 0 0 0 0 0 0 0 0 0 0 0 0 0 0 0 0 0 0 0 0 0 0 0 0 0 0 0 0 0 0 0 0 0 0
0.552648 8.06625e-09 1.52487e-09 6.54138e-09 0.810957 0.666462 0 0 0 0 0 0 0 0 0 0 0 0 0 0 0 0 0 0 0 0 0 0 0 0 0 0 0 0 0 0 0 0 0 0 0 0 0 0 0 0 0 0
0.581015 7.81081e-09 1.4341e-09 6.3767e-09 0.816395 0.668378 0 0 0 0 0 0 0 0 0 0 0 0 0 0 0 0 0 0 0 0 0 0 0 0 0 0 0 0 0 0 0 0 0 0 0 0 0 0 0 0 0 0
0.610839 7.59781e-09 1.38793e-09 6.20988e-09 0.817325 0.67705 0 0 0 0 0 0 0 0 0 0 0 0 0 0 0 0 0 0 0 0 0 0 0 0 0 0 0 0 0 0 0 0 0 0 0 0 0 0 0 0 0 0
0.642193 7.3216e-09 1.36365e-09 5.95794e-09 0.813749 0.68726 0 0 0 0 0 0 0 0 0 0 0 0 0 0 0 0 0 0 0 0 0 0 0 0 0 0 0 0 0 0 0 0 0 0 0 0 0 0 0 0 0 0
0.675157 6.8951e-09 1.31817e-09 5.57692e-09 0.808824 0.685836 0 0 0 0 0 0 0 0 0 0 0 0 0 0 0 0 0 0 0 0 0 0 0 0 0 0 0 0 0 0 0 0 0 0 0 0 0 0 0 0 0 0
0.709813 6.37088e-09 1.2364e-09 5.13449e-09 0.80593 0.666296 0 0 0 0 0 0 0 0 0 0 0 0 0 0 0 0 0 0 0 0 0 0 0 0 0 0 0 0 0 0 0 0 0 0 0 0 0 0 0 0 0 0
0.746248 5.87639e-09 1.14252e-09 4.73387e-09 0.805575 0.636084 0 0 0 0 0 0 0 0 0 0 0 0 0 0 0 0 0 0 0 0 0 0 0 0 0 0 0 0 0 0 0 0 0 0 0 0 0 0 0 0 0 0
0.784553 5.47141e-09 1.06568e-09 4.40572e-09 0.805227 0.605909 0 0 0 0 0 0 0 0 0 0 0 0 0 0 0 0 0 0 0 0 0 0 0 0 0 0 0 0 0 0 0 0 0 0 0 0 0 0 0 0 0 0
0.824824 5.13148e-09 1.01411e-09 4.11737e-09 0.802375 0.584225 0 0 0 0 0 0 0 0 0 0 0 0 0 0 0 0 0 0 0 0 0 0 0 0 0 0 0 0 0 0 0 0 0 0 0 0 0 0 0 0 0 0
0.867162 4.79607e-09 9.78075e-10 3.818e-09 0.796067 0.575604 0 0 0 0 0 0 0 0 0 0 0 0 0 0 0 0 0 0 0 0 0 0 0 0 0 0 0 0 0 0 0 0 0 0 0 0 0 0 0 0 0 0
0.911674 4.41978e-09 9.42994e-10 3.47678e-09 0.786642 0.578696 0 0 0 0 0 0 0 0 0 0 0 0 0 0 0 0 0 0 0 0 0 0 0 0 0 0 0 0 0 0 0 0 0 0 0 0 0 0 0 0 0 0
0.95847 3.99446e-09 8.97351e-10 3.09711e-09 0.775351 0.586998 0 0 0 0 0 0 0 0 0 0 0 0 0 0 0 0 0 0 0 0 0 0 0 0 0 0 0 0 0 0 0 0 0 0 0 0 0 0 0 0 0 0
1.00767 3.54181e-09 8.37556e-10 2.70425e-09 0.763523 0.590765 0 0 0 0 0 0 0 0 0 0 0 0 0 0 0 0 0 0 0 0 0 0 0 0 0 0 0 0 0 0 0 0 0 0 0 0 0 0 0 0 0 0
1.05939 3.11994e-09 7.85053e-10 2.33489e-09 0.748376 0.581187 0 0 0 0 0 0 0 0 0 0 0 0 0 0 0 0 0 0 0 0 0 0 0 0 0 0 0 0 0 0 0 0 0 0 0 0 0 0 0 0 0 0
1.11377 2.75253e-09 7.33871e-10 2.01866e-09 0.733383 0.555081 0 0 0 0 0 0 0 0 0 0 0 0 0 0 0 0 0 0 0 0 0 0 0 0 0 0 0 0 0 0 0 0 0 0 0 0 0 0 0 0 0 0
1.17094 2.4423e-09 6.8887e-10 1.75343e-09 0.717942 0.514958 0 0 0 0 0 0 0 0 0 0 0 0 0 0 0 0 0 0 0 0 0 0 0 0 0 0 0 0 0 0 0 0 0 0 0 0 0 0 0 0 0 0
1.23105 2.17541e-09 6.50019e-10 1.52539e-09 0.701197 0.466647 0 0 0 0 0 0 0 0 0 0 0 0 0 0 0 0 0 0 0 0 0 0 0 0 0 0 0 0 0 0 0 0 0 0 0 0 0 0 0 0 0 0
1.29424 1.94245e-09 6.15528e-10 1.32692e-09 0.683118 0.416407 0 0 0 0 0 0 0 0 0 0 0 0 0 0 0 0 0 0 0 0 0 0 0 0 0 0 0 0 0 0 0 0 0 0 0 0 0 0 0 0 0 0
1.36067 1.74157e-09 5.85059e-10 1.15651e-09 0.664062 0.368758 0 0 0 0 0 0 0 0 0 0 0 0 0 0 0 0 0 0 0 0 0 0 0 0 0 0 0 0 0 0 0 0 0 0 0 0 0 0 0 0 0 0
1.43051 1.54437e-09 5.54677e-10 9.89693e-10 0.640839 0.325713 0 0 0 0 0 0 0 0 0 0 0 0 0 0 0 0 0 0 0 0 0 0 0 0 0 0 0 0 0 0 0 0 0 0 0 0 0 0 0 0 0 0
1.50394 1.37351e-09 5.27451e-10 8.46055e-10 0.615982 0.288021 0 0 0 0 0 0 0 0 0 0 0 0 0 0 0 0 0 0 0 0 0 0 0 0 0 0 0 0 0 0 0 0 0 0 0 0 0 0 0 0 0 0
1.58114 1.22184e-09 5.02577e-10 7.19258e-10 0.58867 0.255438 0 0 0 0 0 0 0 0 0 0 0 0 0 0 0 0 0 0 0 0 0 0 0 0 0 0 0 0 0 0 0 0 0 0 0 0 0 0 0 0 0 0
1.6623 1.0874e-09 4.8001e-10 6.07389e-10 0.55857 0.227217 0 0 0 0 0 0 0 0 0 0 0 0 0 0 0 0 0 0 0 0 0 0 0 0 0 0 0 0 0 0 0 0 0 0 0 0 0 0 0 0 0 0
1.74763 9.69796e-10 4.60024e-10 5.09773e-10 0.525649 0.202746 0 0 0 0 0 0 0 0 0 0 0 0 0 0 0 0 0 0 0 0 0 0 0 0 0 0 0 0 0 0 0 0 0 0 0 0 0 0 0 0 0 0
1.83733 8.6843e-10 4.43042e-10 4.25388e-10 0.489835 0.181412 0 0 0 0 0 0 0 0 0 0 0 0 0 0 0 0 0 0 0 0 0 0 0 0 0 0 0 0 0 0 0 0 0 0 0 0 0 0 0 0 0 0
1.93164 7.82437e-10 4.29208e-10 3.53229e-10 0.451447 0.162754 0 0 0 0 0 0 0 0 0 0 0 0 0 0 0 0 0 0 0 0 0 0 0 0 0 0 0 0 0 0 0 0 0 0 0 0 0 0 0 0 0 0
2.03079 7.10874e-10 4.18443e-10 2.92431e-10 0.411368 0.146311 0 0 0 0 0 0 0 0 0 0 0 0 0 0 0 0 0 0 0 0 0 0 0 0 0 0 0 0 0 0 0 0 0 0 0 0 0 0 0 0 0 0
2.13503 6.5173e-10 4.10097e-10 2.41632e-10 0.370756 0.131722 0 0 0 0 0 0 0 0 0 0 0 0 0 0 0 0 0 0 0 0 0 0 0 0 0 0 0 0 0 0 0 0 0 0 0 0 0 0 0 0 0 0
2.24463 6.02178e-10 4.02755e-10 1.99423e-10 0.331169 0.118727 0 0 0 0 0 0 0 0 0 0 0 0 0 0 0 0 0 0 0 0 0 0 0 0 0 0 0 0 0 0 0 0 0 0 0 0 0 0 0 0 0 0
2.35984 5.60425e-10 3.96028e-10 1.64397e-10 0.293343 0.107139 0 0 0 0 0 0 0 0 0 0 0 0 0 0 0 0 0 0 0 0 0 0 0 0 0 0 0 0 0 0 0 0 0 0 0 0 0 0 0 0 0 0
2.48097 5.25765e-10 3.90383e-10 1.35383e-10 0.257496 0.0967403 0 0 0 0 0 0 0 0 0 0 0 0 0 0 0 0 0 0 0 0 0 0 0 0 0 0 0 0 0 0 0 0 0 0 0 0 0 0 0 0 0 0
2.60832 4.97289e-10 3.85856e-10 1.11433e-10 0.224081 0.0873959 0 0 0 0 0 0 0 0 0 0 0 0 0 0 0 0 0 0 0 0 0 0 0 0 0 0 0 0 0 0 0 0 0 0 0 0 0 0 0 0 0 0
2.74221 4.7461e-10 3.82897e-10 9.17128e-11 0.193238 0.0789842 0 0 0 0 0 0 0 0 0 0 0 0 0 0 0 0 0 0 0 0 0 0 0 0 0 0 0 0 0 0 0 0 0 0 0 0 0 0 0 0 0 0
2.88297 4.57097e-10 3.81533e-10 7.55638e-11 0.165312 0.0713938 0 0 0 0 0 0 0 0 0 0 0 0 0 0 0 0 0 0 0 0 0 0 0 0 0 0 0 0 0 0 0 0 0 0 0 0 0 0 0 0 0 0
3.03095 4.44173e-10 3.81694e-10 6.24786e-11 0.140663 0.0645453 0 0 0 0 0 0 0 0 0 0 0 0 0 0 0 0 0 0 0 0 0 0 0 0 0 0 0 0 0 0 0 0 0 0 0 0 0 0 0 0 0 0
3.18653 4.30546e-10 3.78766e-10 5.17798e-11 0.120265 0.0583531 0 0 0 0 0 0 0 0 0 0 0 0 0 0 0 0 0 0 0 0 0 0 0 0 0 0 0 0 0 0 0 0 0 0 0 0 0 0 0 0 0 0
3.35009 4.25551e-10 3.83238e-10 4.23121e-11 0.099429 0.0527471 0 0 0 0 0 0 0 0 0 0 0 0 0 0 0 0 0 0 0 0 0 0 0 0 0 0 0 0 0 0 0 0 0 0 0 0 0 0 0 0 0 0
3.52205 4.16343e-10 3.7939e-10 3.6953e-11 0.0887562 0.0476718 0 0 0 0 0 0 0 0 0 0 0 0 0 0 0 0 0 0 0 0 0 0 0 0 0 0 0 0 0 0 0 0 0 0 0 0 0 0 0 0 0 0
3.70284 3.80622e-10 3.50553e-10 3.0069e-11 0.0789997 0.0430795 0 0 0 0 0 0 0 0 0 0 0 0 0 0 0 0 0 0 0 0 0 0 0 0 0 0 0 0 0 0 0 0 0 0 0 0 0 0 0 0 0 0
3.89291 3.64671e-10 3.40041e-10 2.463e-11 0.0675401 0.0389143 0 0 0 0 0 0 0 0 0 0 0 0 0 0 0 0 0 0 0 0 0 0 0 0 0 0 0 0 0 0 0 0 0 0 0 0 0 0 0 0 0 0
4.09273 3.51652e-10 3.31465e-10 2.01865e-11 0.0574049 0.0351334 0 0 0 0 0 0 0 0 0 0 0 0 0 0 0 0 0 0 0 0 0 0 0 0 0 0 0 0 0 0 0 0 0 0 0 0 0 0 0 0 0 0
4.30281 3.41296e-10 3.24746e-10 1.65502e-11 0.0484923 0.0317035 0 0 0 0 0 0 0 0 0 0 0 0 0 0 0 0 0 0 0 0 0 0 0 0 0 0 0 0 0 0 0 0 0 0 0 0 0 0 0 0 0 0
4.52368 3.3353e-10 3.19947e-10 1.35828e-11 0.0407243 0.0285959 0 0 0 0 0 0 0 0 0 0 0 0 0 0 0 0 0 0 0 0 0 0 0 0 0 0 0 0 0 0 0 0 0 0 0 0 0 0 0 0 0 0
4.75588 3.27767e-10 3.16601e-10 1.11661e-11 0.0340671 0.0257732 0 0 0 0 0 0 0 0 0 0 0 0 0 0 0 0 0 0 0 0 0 0 0 0 0 0 0 0 0 0 0 0 0 0 0 0 0 0 0 0 0 0
5 3.2299e-10 3.13792e-10 9.19835e-12 0.0284787 0.0232036 0 0 0 0 0 0 0 0 0 0 0 0 0 0 0 0 0 0 0 0 0 0 0 0 0 0 0 0 0 0 0 0 0 0 0 0 0 0 0 0 0 0
5.25665 3.18322e-10 3.10735e-10 7.58615e-12 0.0238317 0.0208657 0 0 0 0 0 0 0 0 0 0 0 0 0 0 0 0 0 0 0 0 0 0 0 0 0 0 0 0 0 0 0 0 0 0 0 0 0 0 0 0 0 0
5.52648 3.13702e-10 3.07446e-10 6.25634e-12 0.0199435 0.0187469 0 0 0 0 0 0 0 0 0 0 0 0 0 0 0 0 0 0 0 0 0 0 0 0 0 0 0 0 0 0 0 0 0 0 0 0 0 0 0 0 0 0
5.81015 3.08841e-10 3.03687e-10 5.15379e-12 0.0166875 0.0168137 0 0 0 0 0 0 0 0 0 0 0 0 0 0 0 0 0 0 0 0 0 0 0 0 0 0 0 0 0 0 0 0 0 0 0 0 0 0 0 0 0 0
6.10839 3.04012e-10 2.99775e-10 4.23665e-12 0.0139358 0.0150545 0 0 0 0 0 0 0 0 0 0 0 0 0 0 0 0 0 0 0 0 0 0 0 0 0 0 0 0 0 0 0 0 1.4013e-45 0 2.8026e-45 0 8.40779e-45 0 1.96182e-44 0 4.90454e-44 0
6.42193 2.991e-10 2.9563e-10 3.46993e-12 0.0116013 0.013448 0 0 0 0 0 0 0 0 0 0 0 0 0 0 0 0 0 0 0 0 0 0 0 0 1.4013e-45 0 4.2039e-45 0 1.4013e-44 0 4.76441e-44 0 1.41531e-43 0 3.96567e-43 0 1.03136e-42 0 2.50832e-42 0 5.85603e-42 0
6.75157 2.95177e-10 2.92357e-10 2.81927e-12 0.00955112 0.0119663 0 0 0 0 0 0 0 0 0 0 0 0 0 0 0 0 0 0 1.4013e-45 0 5.60519e-45 0 2.94273e-44 0 1.33123e-43 0 5.14277e-43 0 1.81468e-42 0 5.59398e-42 0 1.59846e-41 0 4.25084e-41 0 1.05588e-40 0 2.45802e-40 0 5.50665e-40 0
7.09813 2.88895e-10 2.86605e-10 2.28955e-12 0.00792521 0.0105706 0 0 0 0 0 0 0 0 0 0 0 0 0 0 1.4013e-45 0 1.68156e-44 0 1.23314e-43 0 7.30076e-43 0 3.55089e-42 0 1.47865e-41 0 5.33236e-41 0 1.76838e-40 0 5.15964e-40 0 1.40061e-39 0 3.55093e-39 0 8.4372e-39 0 1.88473e-38 0 4.05929e-38 0
7.46248 2.83553e-10 2.8174e-10 1.81294e-12 0.00639365 0.009213 0 0 0 0 0 0 0 0 0 0 0 0 1.54143e-44 0 2.14399e-43 0 1.97163e-42 0 1.35407e-41 0 7.35766e-41 0 3.31312e-40 0 1.28703e-39 0 4.35972e-39 0 1.36361e-38 0 3.77596e-38 0 9.7623e-38 0 2.3651e-37 0 5.3871e-37 0 1.15708e-36 0 2.40047e-36 0
7.84553 2.78016e-10 2.76645e-10 1.37031e-12 0.0049289 0.00791935 0 0 0 0 0 0 0 0 1.4013e-45 0 8.68805e-44 0 1.84831e-42 0 2.26646e-41 0 1.86631e-40 0 1.16698e-39 0 5.8383e-39 0 2.44276e-38 0 8.88095e-38 0 2.83437e-37 0 8.38514e-37 0 2.20928e-36 0 5.45298e-36 0 1.26523e-35 0 2.76834e-35 0 5.7282e-35 0 1.14677e-34 0
8.24824 3.07749e-10 3.06743e-10 1.00565e-12 0.00326775 0.0068175 0 0 0 0 0 0 1.4013e-45 0 2.67648e-43 0 1.06709e-41 0 1.95609e-40 0 2.12302e-39 0 1.57717e-38 0 9.01764e-38 0 4.17038e-37 0 1.62713e-36 0 5.55431e-36 0 1.67502e-35 0 4.69976e-35 0 1.18106e-34 0 2.78933e-34 0 6.21136e-34 0 1.30808e-33 0 2.61225e-33 0 5.05539e-33 0
8.67162 3.71972e-10 3.71102e-10 8.70612e-13 0.00234053 0.00593677 0 0 0 0 0 0 2.94273e-43 0 3.37517e-41 0 1.12344e-39 0 1.78664e-38 0 1.72601e-37 0 1.16264e-36 0 6.10506e-36 0 2.62e-35 0 9.56487e-35 0 3.07507e-34 0 8.78697e-34 0 2.34433e-33 0 5.63218e-33 0 1.2755e-32 0 2.73144e-32 0 5.54687e-32 0 1.07093e-31 0 2.00679e-31 0
9.11674 5.09062e-10 5.08027e-10 1.03493e-12 0.00203301 0.00506564 0 0 0 0 4.76441e-44 0 4.16718e-41 0 3.78971e-39 0 1.06301e-37 0 1.47695e-36 0 1.27726e-35 0 7.83853e-35 0 3.79589e-34 0 1.51718e-33 0 5.19947e-33 0 1.57896e-32 0 4.28641e-32 0 1.0901e-31 0 2.50922e-31 0 5.46021e-31 0 1.12661e-30 0 2.21009e-30 0 4.13214e-30 0 7.50928e-30 0
9.5847 6.22254e-10 6.20814e-10 1.44068e-12 0.00231525 0.00452151 0 0 0 0 6.68279e-42 0 4.14691e-39 0 3.02587e-37 0 7.21255e-36 0 8.81288e-35 0 6.85943e-34 0 3.85276e-33 0 1.72744e-32 0 6.45281e-32 0 2.08235e-31 0 5.9898e-31 0 1.54867e-30 0 3.76303e-30 0 8.31635e-30 0 1.74228e-29 0 3.46996e-29 0 6.58675e-29 0 1.19445e-28 0 2.10826e-28 0
10.0767 6.05344e-10 6.03751e-10 1.593e-12 0.00263157 0.00428201 0 0 5.60519e-45 0 5.77322e-40 0 2.61711e-37 0 1.54875e-35 0 3.16212e-34 0 3.41928e-33 0 2.40766e-32 0 1.24304e-31 0 5.17967e-31 0 1.81428e-30 0 5.52924e-30 0 1.5105e-29 0 3.72842e-29 0 8.67519e-29 0 1.84442e-28 0 3.72702e-28 0 7.1773e-28 0 1.32044e-27 0 2.32591e-27 0 3.99304e-27 0
10.5939 5.16794e-10 5.15376e-10 1.41786e-12 0.00274357 0.00420129 0 0 6.34788e-43 0 3.47373e-38 0 1.16816e-35 0 5.66421e-34 0 9.98106e-33 0 9.60839e-32 0 6.1507e-31 0 2.93096e-30 0 1.1391e-29 0 3.75305e-29 0 1.08322e-28 0 2.81751e-28 0 6.65441e-28 0 1.48579e-27 0 3.04469e-27 0 5.94471e-27 0 1.10875e-26 0 1.98e-26 0 3.39262e-26 0 5.67265e-26 0
11.1377 4.32155e-10 4.30962e-10 1.19295e-12 0.00276048 0.00430032 0 0 5.11838e-41 0 1.64316e-36 0 4.15934e-34 0 1.66863e-32 0 2.55601e-31 0 2.20302e-30 0 1.28803e-29 0 5.68729e-29 0 2.06859e-28 0 6.43005e-28 0 1.76227e-27 0 4.37471e-27 0 9.90766e-27 0 2.12709e-26 0 4.20882e-26 0 7.95352e-26 0 1.43895e-25 0 2.49794e-25 0 4.16902e-25 0 6.79805e-25 0
11.7094 3.46802e-10 3.45869e-10 9.32675e-13 0.00268936 0.00432851 4.48416e-44 0 3.12846e-39 0 6.05134e-35 0 1.16911e-32 0 3.91661e-31 0 5.25103e-30 0 4.07407e-29 0 2.18521e-28 0 8.97389e-28 0 3.06458e-27 0 9.01287e-27 0 2.35149e-26 0 5.58395e-26 0 1.21515e-25 0 2.5133e-25 0 4.81003e-25 0 8.81154e-25 0 1.5487e-24 0 2.61702e-24 0 4.25989e-24 0 6.78236e-24 0
12.3105 2.77994e-10 2.773e-10 6.94338e-13 0.00249767 0.00431046 3.79752e-42 0 1.52726e-37 0 1.82453e-33 0 2.72609e-31 0 7.69373e-30 0 9.08721e-29 0 6.37928e-28 0 3.15225e-27 0 1.20825e-26 0 3.88601e-26 0 1.08423e-25 0 2.6994e-25 0 6.14508e-25 0 1.28744e-24 0 2.57e-24 0 4.76512e-24 0 8.47504e-24 0 1.4491e-23 0 2.38679e-23 0 3.79381e-23 0 5.90469e-23 0
12.9424 2.51853e-10 2.51349e-10 5.04158e-13 0.00200179 0.004128 2.84308e-40 0 6.81324e-36 0 5.14662e-32 0 6.02213e-30 0 1.44385e-28 0 1.51169e-27 0 9.64898e-27 0 4.41016e-26 0 1.58306e-25 0 4.80924e-25 0 1.27625e-24 0 3.03907e-24 0 6.64597e-24 0 1.343e-23 0 2.59194e-23 0 4.66308e-23 0 8.06365e-23 0 1.34312e-22 0 2.15899e-22 0 3.35494e-22 0 5.11005e-22 0
13.6067 2.43794e-10 2.43403e-10 3.91602e-13 0.00160628 0.00375743 1.81072e-38 0 2.65209e-34 0 1.29542e-30 0 1.20132e-28 0 2.4664e-27 0 2.30253e-26 0 1.34252e-25 0 5.69733e-25 0 1.92139e-24 0 5.52882e-24 0 1.39894e-23 0 3.19305e-23 0 6.72097e-23 0 1.3123e-22 0 2.45267e-22 0 4.28781e-22 0 7.21907e-22 0 1.17286e-21 0 1.84211e-21 0 2.80159e-21 0 4.18045e-21 0
14.3051 2.41978e-10 2.41672e-10 3.06959e-13 0.00126854 0.00322096 9.52131e-37 0 8.73062e-33 0 2.81684e-29 0 2.09393e-27 0 3.7093e-26 0 3.10505e-25 0 1.66111e-24 0 6.56899e-24 0 2.08769e-23 0 5.70522e-23 0 1.3796e-22 0 3.02456e-22 0 6.13914e-22 0 1.16017e-21 0 2.10313e-21 0 3.57781e-21 0 5.87242e-21 0 9.31733e-21 0 1.43149e-20 0 2.13298e-20 0 3.12118e-20 0
15.0394 2.53264e-10 2.53017e-10 2.47534e-13 0.000977374 0.00272769 4.29623e-35 0 2.52335e-31 0 5.48765e-28 0 3.30542e-26 0 5.08871e-25 0 3.83999e-24 0 1.89278e-23 0 6.9992e-23 0 2.10232e-22 0 5.47e-22 0 1.26691e-21 0 2.67307e-21 0 5.24136e-21 0 9.602e-21 0 1.69081e-20 0 2.80271e-20 0 4.49026e-20 0 6.96559e-20 0 1.04797e-19 0 1.53141e-19 0 2.19964e-19 0
15.8114 2.77873e-10 2.77657e-10 2.15727e-13 0.000776352 0.00234013 1.67035e-33 0 6.42222e-30 0 9.59728e-27 0 4.73249e-25 0 6.37526e-24 0 4.35879e-23 0 1.98752e-22 0 6.89494e-22 0 1.96273e-21 0 4.87386e-21 0 1.08349e-20 0 2.20422e-20 0 4.18226e-20 0 7.43861e-20 0 1.27417e-19 0 2.06061e-19 0 3.22622e-19 0 4.89858e-19 0 7.22439e-19 0 1.03633e-18 0 1.46245e-18 0
16.623 3.05406e-10 3.05202e-10 2.0445e-13 0.000669436 0.00202258 5.39873e-32 0 1.38721e-28 0 1.45082e-25 0 5.91425e-24 0 7.01723e-23 0 4.3679e-22 0 1.84947e-21 0 6.03795e-21 0 1.63319e-20 0 3.87939e-20 0 8.29418e-20 0 1.62985e-19 0 2.99724e-19 0 5.18314e-19 0 8.648e-19 0 1.36613e-18 0 2.09259e-18 0 3.11319e-18 0 4.50504e-18 0 6.34959e-18 0 8.81098e-18 0
17.4762 3.21735e-10 3.21534e-10 2.00567e-13 0.000623391 0.00176826 1.40068e-30 0 2.45305e-27 0 1.82707e-24 0 6.2147e-23 0 6.53486e-22 0 3.72025e-21 0 1.46806e-20 0 4.52375e-20 0 1.16559e-19 0 2.65417e-19 0 5.46798e-19 0 1.03962e-18 0 1.85581e-18 0 3.12458e-18 0 5.08463e-18 0 7.85489e-18 0 1.17839e-17 0 1.71945e-17 0 2.44369e-17 0 3.38701e-17 0 4.62539e-17 0
18.3733 3.20632e-10 3.20439e-10 1.93092e-13 0.000602222 0.00157478 2.90422e-29 0 3.53217e-26 0 1.90487e-23 0 5.45441e-22 0 5.11298e-21 0 2.67381e-20 0 9.86724e-20 0 2.87798e-19 0 7.08054e-19 0 1.54881e-18 0 3.08015e-18 0 5.6754e-18 0 9.84844e-18 0 1.61651e-17 0 2.56875e-17 0 3.8849e-17 0 5.71387e-17 0 8.18495e-17 0 1.14346e-16 0 1.5598e-16 0 2.09794e-16 0
19.3164 3.0214e-10 3.01962e-10 1.77802e-13 0.000588474 0.00144501 4.84994e-28 0 4.16991e-25 0 1.65414e-22 0 4.0209e-21 0 3.37906e-20 0 1.62995e-19 0 5.64356e-19 0 1.56224e-18 0 3.67822e-18 0 7.74414e-18 0 1.48925e-17 0 2.66339e-17 0 4.49902e-17 0 7.2081e-17 0 1.11981e-16 0 1.6597e-16 0 2.39552e-16 0 3.37183e-16 0 4.63425e-16 0 6.2265e-16 0 8.25437e-16 0
20.3079 2.75432e-10 2.75277e-10 1.5486e-13 0.000562244 0.00137093 6.72649e-27 0 4.15824e-24 0 1.23165e-21 0 2.56202e-20 0 1.94052e-19 0 8.66827e-19 0 2.82472e-18 0 7.44013e-18 0 1.68002e-17 0 3.41085e-17 0 6.35319e-17 0 1.10441e-16 0 1.81844e-16 0 2.84713e-16 0 4.32901e-16 0 6.29408e-16 0 8.92321e-16 0 1.2352e-15 0 1.67151e-15 0 2.21366e-15 0 2.89449e-15 0
21.3503 2.53598e-10 2.53465e-10 1.33508e-13 0.000526455 0.00129893 8.14978e-26 0 3.68123e-23 0 8.25848e-21 0 1.48129e-19 0 1.01635e-18 0 4.22007e-18 0 1.29812e-17 0 3.26124e-17 0 7.07694e-17 0 1.38797e-16 0 2.50795e-16 0 4.2436e-16 0 6.81911e-16 0 1.04455e-15 0 1.55606e-15 0 2.22144e-15 0 3.09615e-15 0 4.21835e-15 0 5.62471e-15 0 7.3476e-15 0 9.48246e-15 0
22.4463 2.31009e-10 2.30894e-10 1.15293e-13 0.000499086 0.00123028 8.50938e-25 0 2.85184e-22 0 4.91191e-20 0 7.65203e-19 0 4.77908e-18 0 1.85112e-17 0 5.39018e-17 0 1.29461e-16 0 2.70504e-16 0 5.13363e-16 0 9.01197e-16 0 1.48622e-15 0 2.33356e-15 0 3.50089e-15 0 5.11474e-15 0 7.176e-15 0 9.8408e-15 0 1.32067e-14 0 1.7364e-14 0 2.23887e-14 0 2.85362e-14 0
23.5984 2.05498e-10 2.05401e-10 9.74334e-14 0.000474133 0.00116337 7.60886e-24 0 1.91979e-21 0 2.5716e-19 0 3.50353e-18 0 2.00092e-17 0 7.25451e-17 0 2.005e-16 0 4.61393e-16 0 9.29994e-16 0 1.71059e-15 0 2.92152e-15 0 4.7018e-15 0 7.2216e-15 0 1.06217e-14 0 1.52335e-14 0 2.10222e-14 0 2.83877e-14 0 3.75539e-14 0 4.87201e-14 0 6.20439e-14 0 7.81487e-14 0
24.8097 1.8238e-10 1.82299e-10 8.10745e-14 0.000444537 0.00109743 5.99092e-23 0 1.15387e-20 0 1.21691e-18 0 1.45942e-17 0 7.65524e-17 0 2.6063e-16 0 6.85449e-16 0 1.51447e-15 0 2.94989e-15 0 5.26684e-15 0 8.76321e-15 0 1.37793e-14 0 2.07252e-14 0 2.99142e-14 0 4.21539e-14 0 5.72647e-14 0 7.62025e-14 0 9.94401e-14 0 1.27378e-13 0 1.6031e-13 0 1.99659e-13 0
26.0832 1.62319e-10 1.62252e-10 6.71238e-14 0.000413531 0.0010357 4.20049e-22 0 6.25773e-20 0 5.25707e-18 0 5.58455e-17 0 2.70162e-16 0 8.66388e-16 0 2.1735e-15 0 4.61991e-15 0 8.71051e-15 0 1.51181e-14 0 2.45366e-14 0 3.77383e-14 0 5.56413e-14 0 7.88849e-14 0 1.09315e-13 0 1.46297e-13 0 1.91982e-13 0 2.47291e-13 0 3.12962e-13 0 3.89475e-13 0 4.79905e-13 0
27.4221 1.4466e-10 1.44604e-10 5.54671e-14 0.000383432 0.00097829 2.63403e-21 0 3.07353e-19 0 2.07975e-17 0 1.96856e-16 0 8.81775e-16 0 2.67139e-15 0 6.40739e-15 0 1.31271e-14 0 2.39956e-14 0 4.05408e-14 0 6.42601e-14 0 9.6779e-14 0 1.40012e-13 0 1.95146e-13 0 2.66151e-13 0 3.51159e-13 0 4.54742e-13 0 5.78556e-13 0 7.23827e-13 0 8.91222e-13 0 1.08701e-12 0
28.8297 1.28953e-10 1.28907e-10 4.5694e-14 0.000354346 0.000921368 1.48378e-20 0 1.37235e-18 0 7.55913e-17 0 6.41138e-16 0 2.6691e-15 0 7.66023e-15 0 1.7605e-14 0 3.48268e-14 0 6.1814e-14 0 1.01795e-13 0 1.57765e-13 0 2.32899e-13 0 3.30917e-13 0 4.5381e-13 0 6.09627e-13 0 7.93527e-13 0 1.01471e-12 0 1.2759e-12 0 1.5789e-12 0 1.9244e-12 0 2.32452e-12 0
30.3095 1.15056e-10 1.15019e-10 3.75877e-14 0.00032669 0.000867455 7.55285e-20 0 5.60034e-18 0 2.53641e-16 0 1.93806e-15 0 7.52555e-15 0 2.05144e-14 0 4.52698e-14 0 8.66206e-14 0 1.49496e-13 0 2.40266e-13 0 3.64489e-13 0 5.27937e-13 0 7.37372e-13 0 9.95738e-13 0 1.31849e-12 0 1.69427e-12 0 2.14067e-12 0 2.66176e-12 0 3.25979e-12 0 3.93489e-12 0 4.70939e-12 0
31.8653 1.02661e-10 1.0263e-10 3.08676e-14 0.000300674 0.00081421 3.48853e-19 0 2.09623e-17 0 7.88118e-16 0 5.4528e-15 0 1.98165e-14 0 5.14379e-14 0 1.09207e-13 0 2.02443e-13 0 3.40203e-13 0 5.34246e-13 0 7.94139e-13 0 1.12964e-12 0 1.55224e-12 0 2.0656e-12 0 2.69789e-12 0 3.42464e-12 0 4.27783e-12 0 5.26285e-12 0 6.38182e-12 0 7.63304e-12 0 9.05564e-12 0
33.5009 9.16544e-11 9.16291e-11 2.53304e-14 0.000276369 0.000764595 1.46978e-18 0 7.23108e-17 0 2.27745e-15 0 1.43372e-14 0 4.89226e-14 0 1.21211e-13 0 2.48052e-13 0 4.46179e-13 0 7.31035e-13 0 1.12298e-12 0 1.63727e-12 0 2.28924e-12 0 3.09722e-12 0 4.06446e-12 0 5.23984e-12 0 6.57431e-12 0 8.12348e-12 0 9.89341e-12 0 1.18845e-11 0 1.40909e-11 0 1.65782e-11 0
35.2205 8.18519e-11 8.18311e-11 2.07687e-14 0.000253735 0.00071309 5.67266e-18 0 2.30743e-16 0 6.14079e-15 0 3.53369e-14 0 1.13566e-13 0 2.69179e-13 0 5.31935e-13 0 9.29771e-13 0 1.48709e-12 0 2.23701e-12 0 3.202e-12 0 4.40438e-12 0 5.87159e-12 0 7.60367e-12 0 9.68172e-12 0 1.20136e-11 0 1.46919e-11 0 1.77216e-11 0 2.10985e-11 0 2.48083e-11 0 2.89566e-11 0
37.0284 7.31706e-11 7.31536e-11 1.70152e-14 0.000232541 0.00066534 2.01562e-17 0 6.84189e-16 0 1.55129e-14 0 8.19579e-14 0 2.48803e-13 0 5.65392e-13 0 1.08075e-12 0 1.83824e-12 0 2.87345e-12 0 4.23717e-12 0 5.95972e-12 0 8.07102e-12 0 1.06097e-11 0 1.35672e-11 0 1.70724e-11 0 2.09624e-11 0 2.53851e-11 0 3.03409e-11 0 3.5816e-11 0 4.17819e-11 0 4.84017e-11 0
38.9291 6.54212e-11 6.54072e-11 1.39326e-14 0.000212967 0.000621371 6.6151e-17 0 1.89045e-15 0 3.68045e-14 0 1.79268e-13 0 5.15492e-13 0 1.12541e-12 0 2.08424e-12 0 3.45432e-12 0 5.28314e-12 0 7.64416e-12 0 1.05742e-11 0 1.41097e-11 0 1.83018e-11 0 2.31242e-11 0 2.8774e-11 0 3.49779e-11 0 4.19635e-11 0 4.9721e-11 0 5.82199e-11 0 6.74086e-11 0 7.75299e-11 0
40.9273 5.85229e-11 5.85115e-11 1.14068e-14 0.000194911 0.000580867 2.01377e-16 0 4.88596e-15 0 8.22877e-14 0 3.70993e-13 0 1.01318e-12 0 2.12922e-12 0 3.82641e-12 0 6.18718e-12 0 9.26858e-12 0 1.3171e-11 0 1.79331e-11 0 2.35945e-11 0 3.02183e-11 0 3.77471e-11 0 4.64709e-11 0 5.59545e-11 0 6.65353e-11 0 7.8185e-11 0 9.08466e-11 0 1.04435e-10 0 1.19298e-10 0
43.0281 5.23793e-11 5.237e-11 9.33332e-15 0.000178187 0.000541982 5.70736e-16 0 1.1851e-14 0 1.73886e-13 0 7.28389e-13 0 1.89401e-12 0 3.83856e-12 0 6.70361e-12 0 1.05882e-11 0 1.55515e-11 0 2.17233e-11 0 2.91352e-11 0 3.7823e-11 0 4.78596e-11 0 5.91378e-11 0 7.20701e-11 0 8.59945e-11 0 1.01395e-10 0 1.18213e-10 0 1.36354e-10 0 1.55686e-10 0 1.76692e-10 0
45.2368 4.69113e-11 4.69037e-11 7.63562e-15 0.000162767 0.00050561 1.51146e-15 0 2.70645e-14 0 3.48301e-13 0 1.36044e-12 0 3.37626e-12 0 6.61064e-12 0 1.12347e-11 0 1.73533e-11 0 2.50139e-11 0 3.43754e-11 0 4.54481e-11 0 5.82533e-11 0 7.28691e-11 0 8.91154e-11 0 1.0756e-10 0 1.27239e-10 0 1.48823e-10 0 1.72213e-10 0 1.97261e-10 0 2.23775e-10 0 2.52403e-10 0
47.5588 4.20581e-11 4.20519e-11 6.24596e-15 0.000148508 0.000470291 3.75419e-15 0 5.83908e-14 0 6.63323e-13 0 2.42415e-12 0 5.75497e-12 0 1.09044e-11 0 1.80583e-11 0 2.73072e-11 0 3.86655e-11 0 5.23178e-11 0 6.82333e-11 0 8.64047e-11 0 1.06909e-10 0 1.29466e-10 0 1.54833e-10 0 1.81664e-10 0 2.10863e-10 0 2.4227e-10 0 2.75674e-10 0 3.10808e-10 0 3.48516e-10 0
50 3.76931e-11 3.7688e-11 5.1077e-15 0.000135508 0.000437604 8.76114e-15 0 1.19179e-13 0 1.20241e-12 0 4.12484e-12 0 9.38765e-12 0 1.72411e-11 0 2.78575e-11 0 4.12834e-11 0 5.74707e-11 0 7.66232e-11 0 9.86452e-11 0 1.23484e-10 0 1.51207e-10 0 1.81407e-10 0 2.15064e-10 0 2.50372e-10 0 2.88506e-10 0 3.29239e-10 0 3.7228e-10 0 4.17274e-10 0 4.6529e-10 0
52.5665 3.38087e-11 3.38045e-11 4.17699e-15 0.000123548 0.000406022 1.92913e-14 0 2.31021e-13 0 2.08206e-12 0 6.72526e-12 0 1.47035e-11 0 2.62144e-11 0 4.13755e-11 0 6.01499e-11 0 8.23933e-11 0 1.0832e-10 0 1.37742e-10 0 1.70545e-10 0 2.06778e-10 0 2.45882e-10 0 2.89089e-10 0 3.34062e-10 0 3.82287e-10 0 4.33457e-10 0 4.8719e-10 0 5.4304e-10 0 6.02316e-10 0
55.2648 3.03453e-11 3.03419e-11 3.41527e-15 0.000112547 0.000376132 4.01892e-14 0 4.26336e-13 0 3.45123e-12 0 1.05276e-11 0 2.21541e-11 0 3.83984e-11 0 5.92706e-11 0 8.46053e-11 0 1.14125e-10 0 1.48046e-10 0 1.86063e-10 0 2.27984e-10 0 2.73832e-10 0 3.22875e-10 0 3.76623e-10 0 4.32152e-10 0 4.91293e-10 0 5.53647e-10 0 6.18739e-10 0 6.86025e-10 0 7.5707e-10 0
58.1015 2.72404e-11 2.72376e-11 2.79274e-15 0.000102522 0.000347889 7.93875e-14 0 7.50445e-13 0 5.48526e-12 0 1.58454e-11 0 3.21554e-11 0 5.42563e-11 0 8.19922e-11 0 1.15023e-10 0 1.52906e-10 0 1.95848e-10 0 2.43409e-10 0 2.95306e-10 0 3.51535e-10 0 4.11173e-10 0 4.76028e-10 0 5.42557e-10 0 6.12958e-10 0 6.86736e-10 0 7.63322e-10 0 8.42076e-10 0 9.24823e-10 0
61.0839 2.44745e-11 2.44723e-11 2.28356e-15 9.33033e-05 0.000321082 1.49192e-13 0 1.26381e-12 0 8.38265e-12 0 2.29929e-11 0 4.50753e-11 0 7.41383e-11 0 1.09802e-10 0 1.51511e-10 0 1.98631e-10 0 2.51359e-10 0 3.09103e-10 0 3.71484e-10 0 4.38471e-10 0 5.08949e-10 0 5.85028e-10 0 6.62548e-10 0 7.44073e-10 0 8.29021e-10 0 9.16731e-10 0 1.00648e-09 0 1.10033e-09 0
64.2193 2.19949e-11 2.1993e-11 1.86707e-15 8.48863e-05 0.000295878 2.67232e-13 0 2.03948e-12 0 1.23339e-11 0 3.22047e-11 0 6.10928e-11 0 9.80716e-11 0 1.42489e-10 0 1.93549e-10 0 2.5041e-10 0 3.13262e-10 0 3.81357e-10 0 4.54226e-10 0 5.31812e-10 0 6.12818e-10 0 6.9965e-10 0 7.87559e-10 0 8.79471e-10 0 9.74719e-10 0 1.07257e-09 0 1.17221e-09 0 1.27596e-09 0
67.5157 1.97812e-11 1.97797e-11 1.52651e-15 7.71697e-05 0.000272151 4.57536e-13 0 3.162e-12 0 1.75139e-11 0 4.36367e-11 0 8.02318e-11 0 1.25853e-10 0 1.79549e-10 0 2.40269e-10 0 3.06971e-10 0 3.79846e-10 0 4.57995e-10 0 5.40871e-10 0 6.28401e-10 0 7.19127e-10 0 8.15729e-10 0 9.12935e-10 0 1.014e-09 0 1.11819e-09 0 1.22471e-09 0 1.33271e-09 0 1.44467e-09 0
70.9813 1.77952e-11 1.77939e-11 1.24825e-15 7.01452e-05 0.000249932 7.50103e-13 0 4.71702e-12 0 2.40322e-11 0 5.72671e-11 0 1.02208e-10 0 1.56841e-10 0 2.1991e-10 0 2.90124e-10 0 3.66261e-10 0 4.48522e-10 0 5.35885e-10 0 6.2774e-10 0 7.24008e-10 0 8.23102e-10 0 9.27947e-10 0 1.03284e-09 0 1.14131e-09 0 1.2526e-09 0 1.36584e-09 0 1.48017e-09 0 1.59821e-09 0
74.6248 1.60201e-11 1.60191e-11 1.02061e-15 6.37082e-05 0.000229092 1.18059e-12 0 6.78667e-12 0 3.19344e-11 0 7.29387e-11 0 1.26549e-10 0 1.90175e-10 0 2.62285e-10 0 3.4138e-10 0 4.26093e-10 0 5.16659e-10 0 6.11956e-10 0 7.11337e-10 0 8.14735e-10 0 9.20468e-10 0 1.03166e-09 0 1.14229e-09 0 1.25613e-09 0 1.37237e-09 0 1.49014e-09 0 1.60855e-09 0 1.73035e-09 0
78.4553 1.44315e-11 1.44307e-11 8.34627e-16 5.78337e-05 0.000209758 1.78733e-12 0 9.43364e-12 0 4.11569e-11 0 9.02883e-11 0 1.52493e-10 0 2.24652e-10 0 3.05011e-10 0 3.91917e-10 0 4.83909e-10 0 5.81272e-10 0 6.82825e-10 0 7.8791e-10 0 8.96484e-10 0 1.00682e-09 0 1.12219e-09 0 1.23637e-09 0 1.3533e-09 0 1.47217e-09 0 1.5921e-09 0 1.71222e-09 0 1.83533e-09 0
82.4824 1.30037e-11 1.30031e-11 6.82621e-16 5.24942e-05 0.000191824 2.6068e-12 0 1.26855e-11 0 5.15037e-11 0 1.08735e-10 0 1.79011e-10 0 2.58778e-10 0 3.46141e-10 0 4.39359e-10 0 5.36936e-10 0 6.39226e-10 0 7.45031e-10 0 8.5371e-10 0 9.65258e-10 0 1.07794e-09 0 1.19512e-09 0 1.31052e-09 0 1.42817e-09 0 1.54725e-09 0 1.66694e-09 0 1.78636e-09 0 1.90834e-09 0
86.7162 1.17231e-11 1.17226e-11 5.58323e-16 4.76258e-05 0.000175191 3.67037e-12 0 1.65333e-11 0 6.26877e-11 0 1.27607e-10 0 2.0503e-10 0 2.91109e-10 0 3.839e-10 0 4.81652e-10 0 5.82893e-10 0 6.88065e-10 0 7.95989e-10 0 9.0607e-10 0 1.01835e-09 0 1.13113e-09 0 1.24781e-09 0 1.36217e-09 0 1.47825e-09 0 1.59528e-09 0 1.71246e-09 0 1.82899e-09 0 1.94761e-09 0
91.1674 1.05759e-11 1.05754e-11 4.5665e-16 4.31785e-05 0.000159837 4.99862e-12 0 2.09213e-11 0 7.43284e-11 0 1.46144e-10 0 2.29443e-10 0 3.20249e-10 0 4.1667e-10 0 5.17017e-10 0 6.19902e-10 0 7.25862e-10 0 8.33777e-10 0 9.43117e-10 0 1.05398e-09 0 1.16473e-09 0 1.27876e-09 0 1.39002e-09 0 1.50249e-09 0 1.61545e-09 0 1.72815e-09 0 1.83985e-09 0 1.95321e-09 0
95.847 9.54555e-12 9.54518e-12 3.73522e-16 3.91305e-05 0.000145697 6.59422e-12 0 2.57364e-11 0 8.59491e-11 0 1.63509e-10 0 2.5112e-10 0 3.44853e-10 0 4.42962e-10 0 5.43895e-10 0 6.4639e-10 0 7.51087e-10 0 8.56954e-10 0 9.63543e-10 0 1.071e-09 0 1.17782e-09 0 1.28727e-09 0 1.39361e-09 0 1.5007e-09 0 1.60786e-09 0 1.71441e-09 0 1.81969e-09 0 1.92622e-09 0
100.767 8.61945e-12 8.61914e-12 3.05492e-16 3.54422e-05 0.000132691 8.43949e-12 0 3.08199e-11 0 9.70436e-11 0 1.78914e-10 0 2.69091e-10 0 3.63865e-10 0 4.6172e-10 0 5.61292e-10 0 6.61488e-10 0 7.63041e-10 0 8.65033e-10 0 9.67106e-10 0 1.06946e-09 0 1.17071e-09 0 1.274e-09 0 1.37395e-09 0 1.47423e-09 0 1.57424e-09 0 1.67336e-09 0 1.771e-09 0 1.86954e-09 0
105.939 7.78719e-12 7.78694e-12 2.49954e-16 3.20981e-05 0.000120727 1.04952e-11 0 3.59789e-11 0 1.07122e-10 0 1.91692e-10 0 2.82633e-10 0 3.76605e-10 0 4.72382e-10 0 5.68827e-10 0 6.65042e-10 0 7.61842e-10 0 8.58435e-10 0 9.54554e-10 0 1.05045e-09 0 1.14488e-09 0 1.2408e-09 0 1.33327e-09 0 1.42573e-09 0 1.51762e-09 0 1.60843e-09 0 1.69764e-09 0 1.78742e-09 0
111.377 7.03851e-12 7.03831e-12 2.04465e-16 2.90495e-05 0.000109802 1.26994e-11 0 4.09946e-11 0 1.1573e-10 0 2.01307e-10 0 2.91254e-10 0 3.82712e-10 0 4.74788e-10 0 5.66594e-10 0 6.57432e-10 0 7.48183e-10 0 8.38189e-10 0 9.27271e-10 0 1.01572e-09 0 1.10243e-09 0 1.19018e-09 0 1.27445e-09 0 1.35843e-09 0 1.44165e-09 0 1.52365e-09 0 1.60399e-09 0 1.68464e-09 0
117.094 6.36487e-12 6.3647e-12 1.67277e-16 2.62814e-05 9.98239e-05 1.49725e-11 0 4.56461e-11 0 1.22505e-10 0 2.07425e-10 0 2.94765e-10 0 3.82225e-10 0 4.69253e-10 0 5.55216e-10 0 6.39613e-10 0 7.23372e-10 0 8.05962e-10 0 8.87289e-10 0 9.67667e-10 0 1.04615e-09 0 1.12526e-09 0 1.20099e-09 0 1.27622e-09 0 1.35055e-09 0 1.42359e-09 0 1.49498e-09 0 1.56647e-09 0
123.105 5.75931e-12 5.75917e-12 1.36873e-16 2.37655e-05 9.06836e-05 1.72247e-11 0 4.97331e-11 0 1.27206e-10 0 2.0994e-10 0 2.93294e-10 0 3.7556e-10 0 4.56519e-10 0 5.35778e-10 0 6.13023e-10 0 6.89203e-10 0 7.63911e-10 0 8.3712e-10 0 9.09164e-10 0 9.79236e-10 0 1.04962e-09 0 1.11678e-09 0 1.18329e-09 0 1.24883e-09 0 1.31308e-09 0 1.37571e-09 0 1.43831e-09 0
129.424 5.21415e-12 5.21404e-12 1.11964e-16 2.14731e-05 8.23574e-05 1.93575e-11 0 5.30751e-11 0 1.29689e-10 0 2.08894e-10 0 2.87145e-10 0 3.63319e-10 0 4.375e-10 0 5.09516e-10 0 5.79214e-10 0 6.47544e-10 0 7.14207e-10 0 7.79236e-10 0 8.4297e-10 0 9.04732e-10 0 9.66564e-10 0 1.02538e-09 0 1.08347e-09 0 1.14056e-09 0 1.19639e-09 0 1.2507e-09 0 1.30486e-09 0
136.067 4.72238e-12 4.72229e-12 9.16273e-17 1.94028e-05 7.47808e-05 2.1273e-11 0 5.55298e-11 0 1.2992e-10 0 2.04489e-10 0 2.76802e-10 0 3.46285e-10 0 4.13281e-10 0 4.77807e-10 0 5.39845e-10 0 6.00327e-10 0 6.59044e-10 0 7.16077e-10 0 7.71759e-10 0 8.25532e-10 0 8.79198e-10 0 9.30097e-10 0 9.80239e-10 0 1.0294e-09 0 1.07736e-09 0 1.12392e-09 0 1.17027e-09 0
143.051 4.28007e-12 4.28e-12 7.49689e-17 1.75158e-05 6.78432e-05 2.28944e-11 0 5.70346e-11 0 1.28048e-10 0 1.97172e-10 0 2.63034e-10 0 3.25543e-10 0 3.85251e-10 0 4.42328e-10 0 4.96864e-10 0 5.49752e-10 0 6.00861e-10 0 6.50302e-10 0 6.98398e-10 0 7.44696e-10 0 7.90763e-10 0 8.34338e-10 0 8.77159e-10 0 9.19046e-10 0 9.59826e-10 0 9.99337e-10 0 1.03859e-09 0
150.394 3.88005e-12 3.87998e-12 6.13497e-17 1.58116e-05 6.1545e-05 2.41432e-11 0 5.7534e-11 0 1.24207e-10 0 1.87321e-10 0 2.46462e-10 0 3.01941e-10 0 3.54468e-10 0 4.04324e-10 0 4.51684e-10 0 4.97383e-10 0 5.41355e-10 0 5.8373e-10 0 6.24813e-10 0 6.64238e-10 0 7.03358e-10 0 7.40268e-10 0 7.76455e-10 0 8.11778e-10 0 8.46099e-10 0 8.79289e-10 0 9.12205e-10 0
158.114 3.5192e-12 3.51915e-12 5.02111e-17 1.42678e-05 5.58023e-05 2.49801e-11 0 5.70702e-11 0 1.1871e-10 0 1.75533e-10 0 2.27947e-10 0 2.76577e-10 0 3.22237e-10 0 3.65287e-10 0 4.05957e-10 0 4.45017e-10 0 4.82449e-10 0 5.18392e-10 0 5.53127e-10 0 5.86366e-10 0 6.19262e-10 0 6.50225e-10 0 6.80517e-10 0 7.10025e-10 0 7.38643e-10 0 7.66271e-10 0 7.93626e-10 0
166.23 3.19391e-12 3.19387e-12 4.10942e-17 1.28664e-05 5.05952e-05 2.53863e-11 0 5.57215e-11 0 1.11888e-10 0 1.62382e-10 0 2.0827e-10 0 2.50405e-10 0 2.89657e-10 0 3.26434e-10 0 3.60999e-10 0 3.9405e-10 0 4.25602e-10 0 4.55798e-10 0 4.84892e-10 0 5.12658e-10 0 5.4007e-10 0 5.65815e-10 0 5.9095e-10 0 6.15389e-10 0 6.3905e-10 0 6.61856e-10 0 6.84401e-10 0
174.763 2.89993e-12 2.8999e-12 3.36305e-17 1.1597e-05 4.58727e-05 2.5359e-11 0 5.35853e-11 0 1.04059e-10 0 1.48372e-10 0 1.88079e-10 0 2.24185e-10 0 2.57573e-10 0 2.88672e-10 0 3.17759e-10 0 3.45458e-10 0 3.71805e-10 0 3.96942e-10 0 4.21093e-10 0 4.44085e-10 0 4.66731e-10 0 4.87956e-10 0 5.08639e-10 0 5.28714e-10 0 5.48119e-10 0 5.66793e-10 0 5.85229e-10 0
183.733 2.63511e-12 2.63509e-12 2.752e-17 1.04436e-05 4.15688e-05 2.49308e-11 0 5.08142e-11 0 9.56003e-11 0 1.34046e-10 0 1.68043e-10 0 1.98675e-10 0 2.26805e-10 0 2.52863e-10 0 2.77124e-10 0 3.00138e-10 0 3.21957e-10 0 3.42712e-10 0 3.62601e-10 0 3.81491e-10 0 4.00058e-10 0 4.17425e-10 0 4.3432e-10 0 4.50691e-10 0 4.66491e-10 0 4.81676e-10 0 4.96646e-10 0
193.164 2.39485e-12 2.39483e-12 2.25232e-17 9.40486e-06 3.76733e-05 2.41271e-11 0 4.75224e-11 0 8.6764e-11 0 1.19743e-10 0 1.48547e-10 0 1.74277e-10 0 1.97752e-10 0 2.19387e-10 0 2.39443e-10 0 2.58402e-10 0 2.76319e-10 0 2.93315e-10 0 3.09564e-10 0 3.24962e-10 0 3.40067e-10 0 3.5417e-10 0 3.67868e-10 0 3.8112e-10 0 3.93893e-10 0 4.06152e-10 0 4.18223e-10 0
203.079 2.17763e-12 2.17761e-12 1.84384e-17 8.46718e-06 3.41419e-05 2.30118e-11 0 4.38798e-11 0 7.78704e-11 0 1.05872e-10 0 1.30044e-10 0 1.51464e-10 0 1.70889e-10 0 1.88704e-10 0 2.05154e-10 0 2.20652e-10 0 2.35256e-10 0 2.49074e-10 0 2.62254e-10 0 2.74719e-10 0 2.86924e-10 0 2.98301e-10 0 3.09334e-10 0 3.19993e-10 0 3.30253e-10 0 3.40088e-10 0 3.49762e-10 0
213.503 1.98162e-12 1.98161e-12 1.50883e-17 7.6141e-06 3.09351e-05 2.1653e-11 0 4.004e-11 0 6.91734e-11 0 9.27271e-11 0 1.12839e-10 0 1.30526e-10 0 1.46476e-10 0 1.61038e-10 0 1.74435e-10 0 1.87017e-10 0 1.98841e-10 0 2.10003e-10 0 2.20627e-10 0 2.30656e-10 0 2.40458e-10 0 2.49582e-10 0 2.58416e-10 0 2.66941e-10 0 2.75136e-10 0 2.82983e-10 0 2.90693e-10 0
224.463 1.80349e-12 1.80347e-12 1.23532e-17 6.84965e-06 2.8029e-05 2.01027e-11 0 3.61084e-11 0 6.08178e-11 0 8.04458e-11 0 9.70347e-11 0 1.11522e-10 0 1.24517e-10 0 1.36332e-10 0 1.47165e-10 0 1.57309e-10 0 1.66818e-10 0 1.75774e-10 0 1.84283e-10 0 1.92301e-10 0 2.00125e-10 0 2.07397e-10 0 2.1443e-10 0 2.21207e-10 0 2.27715e-10 0 2.33941e-10 0 2.40052e-10 0
235.984 1.64271e-12 1.6427e-12 1.01108e-17 6.15493e-06 2.53935e-05 1.84406e-11 0 3.22246e-11 0 5.2991e-11 0 6.92165e-11 0 8.27995e-11 0 9.45841e-11 0 1.05103e-10 0 1.1463e-10 0 1.23337e-10 0 1.31468e-10 0 1.39073e-10 0 1.46221e-10 0 1.53e-10 0 1.59377e-10 0 1.65591e-10 0 1.71359e-10 0 1.7693e-10 0 1.82293e-10 0 1.87438e-10 0 1.92355e-10 0 1.97176e-10 0
248.097 1.49705e-12 1.49705e-12 8.27585e-18 5.52809e-06 2.30192e-05 1.67206e-11 0 2.84693e-11 0 4.5769e-11 0 5.90785e-11 0 7.01216e-11 0 7.96445e-11 0 8.81062e-11 0 9.57419e-11 0 1.027e-10 0 1.09182e-10 0 1.15231e-10 0 1.20906e-10 0 1.26279e-10 0 1.31326e-10 0 1.36238e-10 0 1.40791e-10 0 1.45183e-10 0 1.49408e-10 0 1.53457e-10 0 1.57322e-10 0 1.6111e-10 0
260.832 1.36465e-12 1.36464e-12 6.77417e-18 4.96403e-06 2.08538e-05 1.49916e-11 0 2.49064e-11 0 3.91965e-11 0 5.00328e-11 0 5.89499e-11 0 6.65961e-11 0 7.33614e-11 0 7.94461e-11 0 8.49757e-11 0 9.01149e-11 0 9.49015e-11 0 9.93846e-11 0 1.03622e-10 0 1.07597e-10 0 1.11461e-10 0 1.15038e-10 0 1.18486e-10 0 1.21799e-10 0 1.24971e-10 0 1.27997e-10 0 1.3096e-10 0
274.221 1.24486e-12 1.24485e-12 5.54523e-18 4.45451e-06 1.88791e-05 1.3306e-11 0 2.15997e-11 0 3.33164e-11 0 4.20826e-11 0 4.92409e-11 0 5.53469e-11 0 6.07285e-11 0 6.55536e-11 0 6.99275e-11 0 7.3984e-11 0 7.77553e-11 0 8.12816e-11 0 8.461e-11 0 8.77285e-11 0 9.0756e-11 0 9.35562e-11 0 9.62527e-11 0 9.88412e-11 0 1.01318e-10 0 1.03678e-10 0 1.05989e-10 0
288.297 1.13601e-12 1.13601e-12 4.53968e-18 3.99614e-06 1.70806e-05 1.16939e-11 0 1.85725e-11 0 2.81103e-11 0 3.51575e-11 0 4.08713e-11 0 4.57216e-11 0 4.99809e-11 0 5.3789e-11 0 5.7233e-11 0 6.04207e-11 0 6.33793e-11 0 6.61417e-11 0 6.87456e-11 0 7.11824e-11 0 7.35456e-11 0 7.57294e-11 0 7.78304e-11 0 7.98456e-11 0 8.17721e-11 0 8.36075e-11 0 8.54023e-11 0
303.095 1.03728e-12 1.03728e-12 3.71626e-18 3.58268e-06 1.54534e-05 1.01841e-11 0 1.58449e-11 0 2.35589e-11 0 2.91926e-11 0 3.37304e-11 0 3.75651e-11 0 4.09214e-11 0 4.39143e-11 0 4.66152e-11 0 4.91106e-11 0 5.1423e-11 0 5.35792e-11 0 5.56092e-11 0 5.75069e-11 0 5.93455e-11 0 6.1043e-11 0 6.26749e-11 0 6.42389e-11 0 6.57332e-11 0 6.71558e-11 0 6.85461e-11 0
318.653 9.4739e-13 9.47387e-13 3.04236e-18 3.2113e-06 1.39776e-05 8.79114e-12 0 1.34149e-11 0 1.96148e-11 0 2.40942e-11 0 2.76802e-11 0 3.06982e-11 0 3.33315e-11 0 3.5674e-11 0 3.77838e-11 0 3.97299e-11 0 4.15307e-11 0 4.32077e-11 0 4.47848e-11 0 4.62577e-11 0 4.76835e-11 0 4.89987e-11 0 5.02622e-11 0 5.14724e-11 0 5.26278e-11 0 5.37273e-11 0 5.48011e-11 0
335.009 8.66124e-13 8.66122e-13 2.49112e-18 2.87616e-06 1.2642e-05 7.53106e-12 0 1.12842e-11 0 1.62418e-11 0 1.9788e-11 0 2.26111e-11 0 2.4978e-11 0 2.70374e-11 0 2.88652e-11 0 3.05085e-11 0 3.2022e-11 0 3.34206e-11 0 3.47216e-11 0 3.59439e-11 0 3.70844e-11 0 3.81875e-11 0 3.92043e-11 0 4.01804e-11 0 4.11148e-11 0 4.20064e-11 0 4.28543e-11 0 4.36822e-11 0
352.205 7.92128e-13 7.92126e-13 2.03937e-18 2.57454e-06 1.14335e-05 6.40205e-12 0 9.42925e-12 0 1.33727e-11 0 1.61677e-11 0 1.83812e-11 0 2.02305e-11 0 2.18354e-11 0 2.3257e-11 0 2.45328e-11 0 2.57063e-11 0 2.67894e-11 0 2.77958e-11 0 2.87405e-11 0 2.96212e-11 0 3.04724e-11 0 3.12565e-11 0 3.20088e-11 0 3.27285e-11 0 3.34149e-11 0 3.40673e-11 0 3.4704e-11 0
370.284 7.24787e-13 7.24785e-13 1.6697e-18 2.30372e-06 1.03413e-05 5.4035e-12 0 7.83111e-12 0 1.09532e-11 0 1.31472e-11 0 1.48765e-11 0 1.63166e-11 0 1.75634e-11 0 1.86657e-11 0 1.96536e-11 0 2.05609e-11 0 2.13975e-11 0 2.21742e-11 0 2.29025e-11 0 2.35811e-11 0 2.42364e-11 0 2.48397e-11 0 2.54182e-11 0 2.59713e-11 0 2.64986e-11 0 2.69996e-11 0 2.74883e-11 0
389.291 6.63065e-13 6.63063e-13 1.36725e-18 2.06201e-06 9.35281e-06 4.52746e-12 0 6.46273e-12 0 8.92224e-12 0 1.06372e-11 0 1.19829e-11 0 1.31004e-11 0 1.40657e-11 0 1.49177e-11 0 1.56801e-11 0 1.63796e-11 0 1.70239e-11 0 1.76215e-11 0 1.81815e-11 0 1.87028e-11 0 1.9206e-11 0 1.9669e-11 0 2.01128e-11 0 2.05368e-11 0 2.09409e-11 0 2.13247e-11 0 2.16989e-11 0
409.273 6.07419e-13 6.07418e-13 1.11955e-18 1.84313e-06 8.45779e-06 3.77311e-12 0 5.30975e-12 0 7.24141e-12 0 8.57859e-12 0 9.62373e-12 0 1.04892e-11 0 1.12353e-11 0 1.18928e-11 0 1.24805e-11 0 1.30191e-11 0 1.35147e-11 0 1.3974e-11 0 1.44041e-11 0 1.48043e-11 0 1.51903e-11 0 1.55453e-11 0 1.58854e-11 0 1.62102e-11 0 1.65196e-11 0 1.68134e-11 0 1.70998e-11 0
430.281 5.56695e-13 5.56694e-13 9.16515e-19 1.64635e-06 7.64767e-06 3.12605e-12 0 4.34073e-12 0 5.85236e-12 0 6.89187e-12 0 7.70135e-12 0 8.37001e-12 0 8.94543e-12 0 9.45176e-12 0 9.90379e-12 0 1.03176e-11 0 1.06982e-11 0 1.10506e-11 0 1.13804e-11 0 1.1687e-11 0 1.19826e-11 0 1.22544e-11 0 1.25146e-11 0 1.27631e-11 0 1.29997e-11 0 1.32242e-11 0 1.3443e-11 0
452.368 5.10252e-13 5.10251e-13 7.50454e-19 1.47075e-06 6.91642e-06 2.57486e-12 0 3.53078e-12 0 4.70941e-12 0 5.51501e-12 0 6.14023e-12 0 6.6555e-12 0 7.09819e-12 0 7.48722e-12 0 7.83415e-12 0 8.15151e-12 0 8.44308e-12 0 8.71291e-12 0 8.96529e-12 0 9.19982e-12 0 9.42585e-12 0 9.63352e-12 0 9.83229e-12 0 1.0022e-11 0 1.02026e-11 0 1.0374e-11 0 1.05409e-11 0
475.588 4.67928e-13 4.67927e-13 6.14461e-19 1.31315e-06 6.25559e-06 2.11018e-12 0 2.85972e-12 0 3.77605e-12 0 4.39888e-12 0 4.88077e-12 0 5.2771e-12 0 5.61707e-12 0 5.91548e-12 0 6.18133e-12 0 6.42433e-12 0 6.64742e-12 0 6.85376e-12 0 7.04664e-12 0 7.22581e-12 0 7.3984e-12 0 7.55691e-12 0 7.70857e-12 0 7.8533e-12 0 7.99101e-12 0 8.12164e-12 0 8.24886e-12 0
500 4.29465e-13 4.29464e-13 5.03101e-19 1.17146e-06 5.65754e-06 1.72174e-12 0 2.30768e-12 0 3.01844e-12 0 3.49908e-12 0 3.86991e-12 0 4.17431e-12 0 4.43507e-12 0 4.6637e-12 0 4.86721e-12 0 5.05308e-12 0 5.22362e-12 0 5.38126e-12 0 5.52855e-12 0 5.66531e-12 0 5.79699e-12 0 5.91789e-12 0 6.03353e-12 0 6.14385e-12 0 6.24879e-12 0 6.34831e-12 0 6.44521e-12 0
525.665 3.94183e-13 3.94182e-13 4.11962e-19 1.0451e-06 5.1171e-06 1.39801e-12 0 1.85447e-12 0 2.40422e-12 0 2.77424e-12 0 3.05899e-12 0 3.29234e-12 0 3.49197e-12 0 3.66683e-12 0 3.82235e-12 0 3.9643e-12 0 4.09446e-12 0 4.21472e-12 0 4.32703e-12 0 4.43127e-12 0 4.5316e-12 0 4.62369e-12 0 4.71174e-12 0 4.79573e-12 0 4.8756e-12 0 4.95132e-12 0 5.02503e-12 0
552.648 3.62116e-13 3.62116e-13 3.37331e-19 9.31554e-07 4.62893e-06 1.13093e-12 0 1.48568e-12 0 1.91015e-12 0 2.19464e-12 0 2.41304e-12 0 2.59174e-12 0 2.74444e-12 0 2.87808e-12 0 2.99684e-12 0 3.10518e-12 0 3.20446e-12 0 3.29615e-12 0 3.38175e-12 0 3.46116e-12 0 3.53758e-12 0 3.60769e-12 0 3.67472e-12 0 3.73863e-12 0 3.7994e-12 0 3.857e-12 0 3.91305e-12 0
581.015 3.3283e-13 3.3283e-13 2.76185e-19 8.29809e-07 4.18726e-06 9.11404e-13 0 1.18644e-12 0 1.51356e-12 0 1.73195e-12 0 1.89925e-12 0 2.03594e-12 0 2.15262e-12 0 2.25465e-12 0 2.34526e-12 0 2.42787e-12 0 2.50355e-12 0 2.5734e-12 0 2.63859e-12 0 2.69905e-12 0 2.75721e-12 0 2.81056e-12 0 2.86155e-12 0 2.91015e-12 0 2.95636e-12 0 3.00015e-12 0 3.04276e-12 0
610.839 3.06065e-13 3.06064e-13 2.26134e-19 7.38846e-07 3.78787e-06 7.3189e-13 0 9.44653e-13 0 1.19632e-12 0 1.36375e-12 0 1.49175e-12 0 1.5962e-12 0 1.68527e-12 0 1.7631e-12 0 1.83218e-12 0 1.89513e-12 0 1.95276e-12 0 2.00595e-12 0 2.05556e-12 0 2.10156e-12 0 2.1458e-12 0 2.18637e-12 0 2.22514e-12 0 2.26209e-12 0 2.2972e-12 0 2.33048e-12 0 2.36285e-12 0
642.193 2.81532e-13 2.81532e-13 1.85165e-19 6.57703e-07 3.42681e-06 5.85678e-13 0 7.49906e-13 0 9.432e-13 0 1.07137e-12 0 1.16919e-12 0 1.24891e-12 0 1.31684e-12 0 1.37615e-12 0 1.42877e-12 0 1.47669e-12 0 1.52055e-12 0 1.56101e-12 0 1.59874e-12 0 1.63372e-12 0 1.66735e-12 0 1.69818e-12 0 1.72764e-12 0 1.7557e-12 0 1.78238e-12 0 1.80765e-12 0 1.83223e-12 0
675.157 2.59101e-13 2.59101e-13 1.51624e-19 5.85192e-07 3.1005e-06 4.67254e-13 0 5.93799e-13 0 7.42063e-13 0 8.40083e-13 0 9.14773e-13 0 9.75578e-13 0 1.02735e-12 0 1.07252e-12 0 1.11257e-12 0 1.14904e-12 0 1.1824e-12 0 1.21317e-12 0 1.24185e-12 0 1.26844e-12 0 1.29399e-12 0 1.31741e-12 0 1.33978e-12 0 1.3611e-12 0 1.38135e-12 0 1.40054e-12 0 1.4192e-12 0
709.813 2.38578e-13 2.38578e-13 1.24137e-19 5.20319e-07 2.80543e-06 3.71723e-13 0 4.6908e-13 0 5.82672e-13 0 6.57568e-13 0 7.14555e-13 0 7.60901e-13 0 8.00332e-13 0 8.3472e-13 0 8.65197e-13 0 8.92932e-13 0 9.183e-13 0 9.41686e-13 0 9.63484e-13 0 9.83681e-13 0 1.00309e-12 0 1.02088e-12 0 1.03787e-12 0 1.05405e-12 0 1.06943e-12 0 1.08399e-12 0 1.09815e-12 0
746.248 2.19884e-13 2.19884e-13 1.01643e-19 4.62258e-07 2.53819e-06 2.95073e-13 0 3.69901e-13 0 4.56879e-13 0 5.14086e-13 0 5.57556e-13 0 5.92878e-13 0 6.22909e-13 0 6.49086e-13 0 6.72276e-13 0 6.93373e-13 0 7.12663e-13 0 7.30442e-13 0 7.4701e-13 0 7.62358e-13 0 7.77105e-13 0 7.90618e-13 0 8.03522e-13 0 8.15812e-13 0 8.27486e-13 0 8.38542e-13 0 8.49293e-13 0
784.553 2.0265e-13 2.0265e-13 8.32284e-20 4.107e-07 2.29625e-06 2.33536e-13 0 2.9095e-13 0 3.57455e-13 0 4.01101e-13 0 4.34224e-13 0 4.61117e-13 0 4.83969e-13 0 5.03879e-13 0 5.2151e-13 0 5.37544e-13 0 5.52202e-13 0 5.65708e-13 0 5.78292e-13 0 5.89946e-13 0 6.01142e-13 0 6.11401e-13 0 6.21195e-13 0 6.30522e-13 0 6.39381e-13 0 6.4777e-13 0 6.55927e-13 0
824.824 1.86931e-13 1.86931e-13 6.8144e-20 3.6454e-07 2.07765e-06 1.84488e-13 0 2.28509e-13 0 2.79343e-13 0 3.12635e-13 0 3.37874e-13 0 3.5835e-13 0 3.7574e-13 0 3.90884e-13 0 4.04291e-13 0 4.1648e-13 0 4.2762e-13 0 4.37883e-13 0 4.47442e-13 0 4.56294e-13 0 4.64798e-13 0 4.72587e-13 0 4.80024e-13 0 4.87105e-13 0 4.93829e-13 0 5.00197e-13 0 5.06387e-13 0
867.163 1.72462e-13 1.72462e-13 5.57984e-20 3.2354e-07 1.88036e-06 1.4539e-13 0 1.79101e-13 0 2.17918e-13 0 2.43293e-13 0 2.62511e-13 0 2.78092e-13 0 2.91318e-13 0 3.02832e-13 0 3.13021e-13 0 3.22283e-13 0 3.30745e-13 0 3.3854e-13 0 3.45799e-13 0 3.52521e-13 0 3.58976e-13 0 3.64889e-13 0 3.70533e-13 0 3.75907e-13 0 3.8101e-13 0 3.85841e-13 0 3.90538e-13 0
911.674 1.5925e-13 1.5925e-13 4.56844e-20 2.86873e-07 1.70169e-06 1.14399e-13 0 1.40204e-13 0 1.69839e-13 0 1.89181e-13 0 2.03815e-13 0 2.15673e-13 0 2.25734e-13 0 2.34489e-13 0 2.42236e-13 0 2.49275e-13 0 2.55706e-13 0 2.61628e-13 0 2.67142e-13 0 2.72247e-13 0 2.7715e-13 0 2.8164e-13 0 2.85925e-13 0 2.90005e-13 0 2.93879e-13 0 2.97547e-13 0 3.01112e-13 0
958.471 1.47057e-13 1.47057e-13 3.74097e-20 2.5439e-07 1.54006e-06 8.98139e-14 0 1.09544e-13 0 1.3215e-13 0 1.46881e-13 0 1.58018e-13 0 1.67037e-13 0 1.74686e-13 0 1.8134e-13 0 1.87226e-13 0 1.92574e-13 0 1.97458e-13 0 2.01956e-13 0 2.06143e-13 0 2.10019e-13 0 2.13741e-13 0 2.17149e-13 0 2.20401e-13 0 2.23498e-13 0 2.26438e-13 0 2.29221e-13 0 2.31926e-13 0
1007.67 1.3593e-13 1.3593e-13 3.06271e-20 2.25315e-07 1.39395e-06 7.04308e-14 0 8.55149e-14 0 1.02761e-13 0 1.13983e-13 0 1.22462e-13 0 1.29324e-13 0 1.35142e-13 0 1.40202e-13 0 1.44677e-13 0 1.48741e-13 0 1.52453e-13 0 1.5587e-13 0 1.59052e-13 0 1.61996e-13 0 1.64823e-13 0 1.67411e-13 0 1.69882e-13 0 1.72233e-13 0 1.74465e-13 0 1.76578e-13 0 1.78632e-13 0
1059.39 1.25656e-13 1.25656e-13 2.50802e-20 1.99594e-07 1.26152e-06 5.51244e-14 0 6.66463e-14 0 7.97938e-14 0 8.83388e-14 0 9.47897e-14 0 1.00009e-13 0 1.04432e-13 0 1.08278e-13 0 1.11679e-13 0 1.14767e-13 0 1.17587e-13 0 1.20183e-13 0 1.22599e-13 0 1.24835e-13 0 1.26982e-13 0 1.28947e-13 0 1.30822e-13 0 1.32608e-13 0 1.34302e-13 0 1.35906e-13 0 1.37465e-13 0
1113.77 1.16235e-13 1.16235e-13 2.05304e-20 1.76628e-07 1.14166e-06 4.30919e-14 0 5.18909e-14 0 6.19137e-14 0 6.84205e-14 0 7.33296e-14 0 7.72998e-14 0 8.06636e-14 0 8.35877e-14 0 8.61726e-14 0 8.85197e-14 0 9.06625e-14 0 9.26348e-14 0 9.44704e-14 0 9.61691e-14 0 9.77997e-14 0 9.92925e-14 0 1.00717e-13 0 1.02073e-13 0 1.0336e-13 0 1.04578e-13 0 1.05761e-13 0
1170.94 1.07567e-13 1.07567e-13 1.68108e-20 1.56283e-07 1.03319e-06 3.36405e-14 0 4.03576e-14 0 4.79966e-14 0 5.29508e-14 0 5.66864e-14 0 5.97064e-14 0 6.22645e-14 0 6.44877e-14 0 6.64527e-14 0 6.82366e-14 0 6.98651e-14 0 7.13638e-14 0 7.27586e-14 0 7.40491e-14 0 7.52879e-14 0 7.6422e-14 0 7.75039e-14 0 7.85337e-14 0 7.95111e-14 0 8.04361e-14 0 8.13351e-14 0
1231.05 9.96179e-14 9.96179e-14 1.37647e-20 1.38175e-07 9.35098e-07 2.62377e-14 0 3.13655e-14 0 3.71887e-14 0 4.09616e-14 0 4.38052e-14 0 4.61032e-14 0 4.80493e-14 0 4.97403e-14 0 5.12346e-14 0 5.25911e-14 0 5.38292e-14 0 5.49685e-14 0 5.60288e-14 0 5.70097e-14 0 5.79513e-14 0 5.88132e-14 0 5.96354e-14 0 6.04179e-14 0 6.11607e-14 0 6.18636e-14 0 6.25466e-14 0
1294.24 9.22912e-14 9.22912e-14 1.12724e-20 1.22139e-07 8.46228e-07 2.04395e-14 0 2.43529e-14 0 2.87912e-14 0 3.16645e-14 0 3.38289e-14 0 3.55776e-14 0 3.70581e-14 0 3.83444e-14 0 3.94808e-14 0 4.05124e-14 0 4.14538e-14 0 4.23201e-14 0 4.31261e-14 0 4.38718e-14 0 4.45875e-14 0 4.52427e-14 0 4.58676e-14 0 4.64624e-14 0 4.70268e-14 0 4.7561e-14 0 4.80801e-14 0
1360.67 8.55335e-14 8.55335e-14 9.2303e-21 1.07914e-07 7.65997e-07 1.59048e-14 0 1.88907e-14 0 2.22731e-14 0 2.4461e-14 0 2.61086e-14 0 2.74393e-14 0 2.85657e-14 0 2.95441e-14 0 3.04085e-14 0 3.1193e-14 0 3.19089e-14 0 3.25676e-14 0 3.31805e-14 0 3.37475e-14 0 3.42916e-14 0 3.47896e-14 0 3.52647e-14 0 3.57168e-14 0 3.61458e-14 0 3.65518e-14 0 3.69464e-14 0
1430.51 7.9336e-14 7.9336e-14 7.55795e-21 9.52651e-08 6.93431e-07 1.23692e-14 0 1.46481e-14 0 1.72267e-14 0 1.88936e-14 0 2.01483e-14 0 2.11615e-14 0 2.20189e-14 0 2.27636e-14 0 2.34215e-14 0 2.40185e-14 0 2.45632e-14 0 2.50644e-14 0 2.55306e-14 0 2.59619e-14 0 2.63759e-14 0 2.67547e-14 0 2.71161e-14 0 2.74599e-14 0 2.77863e-14 0 2.80951e-14 0 2.83951e-14 0
1503.94 7.35937e-14 7.35937e-14 6.18871e-21 8.4093e-08 6.27656e-07 9.60781e-15 0 1.13464e-14 0 1.33117e-14 0 1.45813e-14 0 1.55366e-14 0 1.63079e-14 0 1.69605e-14 0 1.75272e-14 0 1.80278e-14 0 1.8482e-14 0 1.88965e-14 0 1.92777e-14 0 1.96324e-14 0 1.99605e-14 0 2.02753e-14 0 2.05635e-14 0 2.08384e-14 0 2.10999e-14 0 2.13481e-14 0 2.15829e-14 0 2.18111e-14 0
1581.14 6.83371e-14 6.83371e-14 5.06745e-21 7.41538e-08 5.67922e-07 7.46135e-15 0 8.78845e-15 0 1.02873e-14 0 1.12551e-14 0 1.1983e-14 0 1.25706e-14 0 1.30677e-14 0 1.34993e-14 0 1.38805e-14 0 1.42264e-14 0 1.4542e-14 0 1.48323e-14 0 1.51023e-14 0 1.53521e-14 0 1.55918e-14 0 1.58112e-14 0 1.60204e-14 0 1.62195e-14 0 1.64084e-14 0 1.65871e-14 0 1.67608e-14 0
1662.3 6.34438e-14 6.34438e-14 4.14975e-21 6.54083e-08 5.13755e-07 5.78662e-15 0 6.79904e-15 0 7.94158e-15 0 8.67888e-15 0 9.23334e-15 0 9.68078e-15 0 1.00593e-14 0 1.03879e-14 0 1.06781e-14 0 1.09414e-14 0 1.11816e-14 0 1.14026e-14 0 1.16081e-14 0 1.17982e-14 0 1.19806e-14 0 1.21475e-14 0 1.23067e-14 0 1.24582e-14 0 1.2602e-14 0 1.2738e-14 0 1.28702e-14 0
1747.63 5.89687e-14 5.89687e-14 3.39796e-21 5.76231e-08 4.65015e-07 4.48804e-15 0 5.26101e-15 0 6.13268e-15 0 6.69492e-15 0 7.11762e-15 0 7.45868e-15 0 7.74716e-15 0 7.9976e-15 0 8.21874e-15 0 8.41936e-15 0 8.60238e-15 0 8.77072e-15 0 8.92731e-15 0 9.07213e-15 0 9.21108e-15 0 9.33825e-15 0 9.45953e-15 0 9.57493e-15 0 9.68443e-15 0 9.78804e-15 0 9.88871e-15 0
1837.33 5.48113e-14 5.48113e-14 2.78244e-21 5.0764e-08 4.21224e-07 3.47744e-15 0 4.06741e-15 0 4.73228e-15 0 5.16095e-15 0 5.48316e-15 0 5.74309e-15 0 5.96293e-15 0 6.15376e-15 0 6.32225e-15 0 6.47511e-15 0 6.61454e-15 0 6.74278e-15 0 6.86207e-15 0 6.97239e-15 0 7.07824e-15 0 7.1751e-15 0 7.26748e-15 0 7.35538e-15 0 7.43878e-15 0 7.51769e-15 0 7.59436e-15 0
1931.64 5.09978e-14 5.09978e-14 2.27862e-21 4.46808e-08 3.80963e-07 2.69445e-15 0 3.14507e-15 0 3.65258e-15 0 3.97967e-15 0 4.22548e-15 0 4.42375e-15 0 4.59142e-15 0 4.73695e-15 0 4.86544e-15 0 4.982e-15 0 5.08832e-15 0 5.1861e-15 0 5.27705e-15 0 5.36117e-15 0 5.44186e-15 0 5.51571e-15 0 5.58614e-15 0 5.65315e-15 0 5.71673e-15 0 5.77689e-15 0 5.83534e-15 0
2030.79 4.73867e-14 4.73867e-14 1.8661e-21 3.93803e-08 3.45136e-07 2.0831e-15 0 2.42673e-15 0 2.81353e-15 0 3.06274e-15 0 3.24998e-15 0 3.40099e-15 0 3.52869e-15 0 3.63952e-15 0 3.73736e-15 0 3.82611e-15 0 3.90707e-15 0 3.98152e-15 0 4.05076e-15 0 4.1148e-15 0 4.17624e-15 0 4.23246e-15 0 4.28608e-15 0 4.33709e-15 0 4.38549e-15 0 4.43129e-15 0 4.47578e-15 0
2135.03 4.39288e-14 4.39288e-14 1.52808e-21 3.47852e-08 3.11845e-07 1.60532e-15 0 1.86668e-15 0 2.16074e-15 0 2.35014e-15 0 2.49242e-15 0 2.60715e-15 0 2.70416e-15 0 2.78835e-15 0 2.86268e-15 0 2.93009e-15 0 2.99158e-15 0 3.04813e-15 0 3.10073e-15 0 3.14936e-15 0 3.19602e-15 0 3.23872e-15 0 3.27944e-15 0 3.31818e-15 0 3.35494e-15 0 3.38972e-15 0 3.4235e-15 0
2244.63 4.07023e-14 4.07023e-14 1.25119e-21 3.074e-08 2.83114e-07 1.23547e-15 0 1.43412e-15 0 1.65752e-15 0 1.80136e-15 0 1.9094e-15 0 1.99652e-15 0 2.07018e-15 0 2.1341e-15 0 2.19052e-15 0 2.2417e-15 0 2.28837e-15 0 2.3313e-15 0 2.37122e-15 0 2.40814e-15 0 2.44355e-15 0 2.47596e-15 0 2.50687e-15 0 2.53627e-15 0 2.56417e-15 0 2.59056e-15 0 2.61621e-15 0
2359.84 3.77273e-14 3.77273e-14 1.02449e-21 2.7155e-08 2.55946e-07 9.50473e-16 0 1.10148e-15 0 1.27124e-15 0 1.38051e-15 0 1.46258e-15 0 1.52875e-15 0 1.58468e-15 0 1.63322e-15 0 1.67607e-15 0 1.71493e-15 0 1.75037e-15 0 1.78297e-15 0 1.81328e-15 0 1.84131e-15 0 1.8682e-15 0 1.89281e-15 0 1.91627e-15 0 1.9386e-15 0 1.95978e-15 0 1.97982e-15 0 1.99928e-15 0
2480.97 3.49605e-14 3.49605e-14 8.38967e-22 2.39976e-08 2.31719e-07 7.30491e-16 0 8.45234e-16 0 9.74175e-16 0 1.05716e-15 0 1.11947e-15 0 1.16971e-15 0 1.21217e-15 0 1.24902e-15 0 1.28155e-15 0 1.31105e-15 0 1.33795e-15 0 1.36269e-15 0 1.3857e-15 0 1.40697e-15 0 1.42738e-15 0 1.44606e-15 0 1.46387e-15 0 1.48081e-15 0 1.49689e-15 0 1.5121e-15 0 1.52687e-15 0
2608.32 3.23984e-14 3.23984e-14 6.8695e-22 2.12032e-08 2.08938e-07 5.61069e-16 0 6.48246e-16 0 7.46178e-16 0 8.09191e-16 0 8.56502e-16 0 8.94641e-16 0 9.2688e-16 0 9.54853e-16 0 9.79544e-16 0 1.00194e-15 0 1.02236e-15 0 1.04114e-15 0 1.0586e-15 0 1.07475e-15 0 1.09024e-15 0 1.10441e-15 0 1.11793e-15 0 1.13079e-15 0 1.14299e-15 0 1.15454e-15 0 1.16575e-15 0
2742.21 3.00213e-14 3.00213e-14 5.62496e-22 1.87365e-08 1.89385e-07 4.30621e-16 0 4.96838e-16 0 5.71203e-16 0 6.19042e-16 0 6.54957e-16 0 6.83908e-16 0 7.08378e-16 0 7.2961e-16 0 7.48349e-16 0 7.65344e-16 0 7.80843e-16 0 7.95094e-16 0 8.08348e-16 0 8.20603e-16 0 8.32359e-16 0 8.43117e-16 0 8.53375e-16 0 8.63133e-16 0 8.72392e-16 0 8.81151e-16 0 8.89661e-16 0
2882.97 2.78226e-14 2.78226e-14 4.60527e-22 1.65523e-08 1.70902e-07 3.30347e-16 0 3.80644e-16 0 4.37115e-16 0 4.73436e-16 0 5.00702e-16 0 5.22679e-16 0 5.41254e-16 0 5.57371e-16 0 5.71595e-16 0 5.84494e-16 0 5.96258e-16 0 6.07075e-16 0 6.17134e-16 0 6.26435e-16 0 6.35358e-16 0 6.43522e-16 0 6.51307e-16 0 6.58714e-16 0 6.6574e-16 0 6.72388e-16 0 6.78846e-16 0
3030.95 2.57859e-14 2.57859e-14 3.77098e-22 1.46242e-08 1.54898e-07 2.53285e-16 0 2.91486e-16 0 3.34366e-16 0 3.61942e-16 0 3.82641e-16 0 3.99324e-16 0 4.13423e-16 0 4.25656e-16 0 4.36453e-16 0 4.46244e-16 0 4.55172e-16 0 4.63382e-16 0 4.71017e-16 0 4.78076e-16 0 4.84848e-16 0 4.91044e-16 0 4.96953e-16 0 5.02574e-16 0 5.07907e-16 0 5.12952e-16 0 5.17853e-16 0
3186.53 2.38994e-14 2.38994e-14 3.08758e-22 1.29191e-08 1.40513e-07 1.94101e-16 0 2.23114e-16 0 2.55673e-16 0 2.76608e-16 0 2.92321e-16 0 3.04985e-16 0 3.15688e-16 0 3.24973e-16 0 3.33168e-16 0 3.40599e-16 0 3.47376e-16 0 3.53607e-16 0 3.59402e-16 0 3.64759e-16 0 3.69899e-16 0 3.74602e-16 0 3.79086e-16 0 3.83352e-16 0 3.87399e-16 0 3.91228e-16 0 3.94948e-16 0
3350.09 2.21487e-14 2.21487e-14 2.52799e-22 1.14137e-08 1.26763e-07 1.48655e-16 0 1.70685e-16 0 1.95402e-16 0 2.11294e-16 0 2.2322e-16 0 2.32832e-16 0 2.40954e-16 0 2.48001e-16 0 2.54221e-16 0 2.5986e-16 0 2.65003e-16 0 2.69732e-16 0 2.74129e-16 0 2.78195e-16 0 2.82095e-16 0 2.85664e-16 0 2.89067e-16 0 2.92304e-16 0 2.95375e-16 0 2.9828e-16 0 3.01103e-16 0
3522.05 2.05179e-14 2.05179e-14 2.07015e-22 1.00895e-08 1.14688e-07 1.13748e-16 0 1.30467e-16 0 1.49222e-16 0 1.61279e-16 0 1.70327e-16 0 1.77619e-16 0 1.83781e-16 0 1.89127e-16 0 1.93844e-16 0 1.98123e-16 0 2.02024e-16 0 2.05611e-16 0 2.08946e-16 0 2.1203e-16 0 2.14989e-16 0 2.17695e-16 0 2.20276e-16 0 2.22732e-16 0 2.25061e-16 0 2.27265e-16 0 2.29406e-16 0
3702.84 1.90164e-14 1.90164e-14 1.6949e-22 8.91283e-09 1.03742e-07 8.70391e-17 0 9.9733e-17 0 1.13971e-16 0 1.23122e-16 0 1.2999e-16 0 1.35524e-16 0 1.402e-16 0 1.44257e-16 0 1.47838e-16 0 1.51084e-16 0 1.54045e-16 0 1.56767e-16 0 1.59298e-16 0 1.61639e-16 0 1.63884e-16 0 1.65938e-16 0 1.67897e-16 0 1.6976e-16 0 1.71528e-16 0 1.732e-16 0 1.74824e-16 0
3892.91 1.76235e-14 1.76235e-14 1.38768e-22 7.87403e-09 9.40647e-08 6.65676e-17 0 7.6204e-17 0 8.70106e-17 0 9.39562e-17 0 9.91679e-17 0 1.03368e-16 0 1.06917e-16 0 1.09995e-16 0 1.12712e-16 0 1.15176e-16 0 1.17422e-16 0 1.19488e-16 0 1.21409e-16 0 1.23184e-16 0 1.24888e-16 0 1.26447e-16 0 1.27933e-16 0 1.29347e-16 0 1.30688e-16 0 1.31957e-16 0 1.3319e-16 0
4092.73 1.6333e-14 1.6333e-14 1.13609e-22 6.95582e-09 8.36461e-08 5.08906e-17 0 5.82055e-17 0 6.64075e-17 0 7.16787e-17 0 7.56338e-17 0 7.88209e-17 0 8.15139e-17 0 8.38502e-17 0 8.59118e-17 0 8.77812e-17 0 8.94859e-17 0 9.10532e-17 0 9.25106e-17 0 9.38582e-17 0 9.51508e-17 0 9.63334e-17 0 9.74611e-17 0 9.85339e-17 0 9.95517e-17 0 1.00514e-16 0 1.0145e-16 0
4302.81 1.51376e-14 1.51376e-14 9.3012e-23 6.14444e-09 7.63619e-08 3.88922e-17 0 4.44448e-17 0 5.067e-17 0 5.46705e-17 0 5.76721e-17 0 6.00906e-17 0 6.21343e-17 0 6.39071e-17 0 6.54716e-17 0 6.68902e-17 0 6.81837e-17 0 6.9373e-17 0 7.0479e-17 0 7.15015e-17 0 7.24823e-17 0 7.33797e-17 0 7.42354e-17 0 7.50494e-17 0 7.58217e-17 0 7.65522e-17 0 7.72619e-17 0
4523.68 1.40296e-14 1.40296e-14 7.61529e-23 5.42803e-09 7.19201e-08 2.97111e-17 0 3.39257e-17 0 3.86503e-17 0 4.16862e-17 0 4.3964e-17 0 4.57993e-17 0 4.73501e-17 0 4.86954e-17 0 4.98825e-17 0 5.09589e-17 0 5.19405e-17 0 5.28429e-17 0 5.36821e-17 0 5.44579e-17 0 5.52022e-17 0 5.58831e-17 0 5.65324e-17 0 5.715e-17 0 5.7736e-17 0 5.82903e-17 0 5.88288e-17 0
4755.88 1.30001e-14 1.30001e-14 6.23438e-23 4.79563e-09 6.24206e-08 2.2685e-17 0 2.58832e-17 0 2.94681e-17 0 3.17715e-17 0 3.34997e-17 0 3.48921e-17 0 3.60686e-17 0 3.70892e-17 0 3.79898e-17 0 3.88065e-17 0 3.95511e-17 0 4.02357e-17 0 4.08723e-17 0 4.14609e-17 0 4.20255e-17 0 4.2542e-17 0 4.30346e-17 0 4.35031e-17 0 4.39477e-17 0 4.43682e-17 0 4.47767e-17 0
5000 1.20483e-14 1.20483e-14 5.10411e-23 4.23639e-09 5.8285e-08 1.73175e-17 0 1.97448e-17 0 2.24653e-17 0 2.42132e-17 0 2.55245e-17 0 2.6581e-17 0 2.74738e-17 0 2.82481e-17 0 2.89315e-17 0 2.95511e-17 0 3.01161e-17 0 3.06355e-17 0 3.11186e-17 0 3.15651e-17 0 3.19935e-17 0 3.23855e-17 0 3.27592e-17 0 3.31147e-17 0 3.34519e-17 0 3.3771e-17 0 3.40809e-17 0
