# 1.122e-05 0 100 : grain size, compostion index, size index
# Heating and cooling timescale: 0.0276595 126713
# Ratio of heating to cooling to determine stochastic cutoff: 100
# Equilibrium emission is recorded even for those grains in the stochastic regime.
# Emission spectrum was computed for: 
# Type: IRSF
# Scales: 0.25 0.5 1 1.5 2 2.5 3 3.5 4 4.5 5 5.5 6 6.5 7 7.5 8 8.5 9 9.5 10
# StochasticallyHeated: 0 0 0 0 0 0 0 0 0 0 0 0 0 0 0 0 0 0 0 0 0
# Temperature: -1
# Wavelength  CExt  CAbs  CSca  Albedo G EqEm1 StEm1 EqEm2 StEm2 EqEm3 StEm3 EqEm4 StEm4 EqEm5 StEm5 EqEm6 StEm6 EqEm7 StEm7 EqEm8 StEm8 EqEm9 StEm9 EqEm10 StEm10 EqEm11 StEm11 EqEm12 StEm12 EqEm13 StEm13 EqEm14 StEm14 EqEm15 StEm15 EqEm16 StEm16 EqEm17 StEm17 EqEm18 StEm18 EqEm19 StEm19 EqEm20 StEm20 EqEm21 StEm21
0.05 2.51177e-10 1.10042e-10 1.41135e-10 0.561894 0.00576547 0 0 0 0 0 0 0 0 0 0 0 0 0 0 0 0 0 0 0 0 0 0 0 0 0 0 0 0 0 0 0 0 0 0 0 0 0 0 0 0 0 0
0.0525665 2.77624e-10 1.21629e-10 1.55995e-10 0.561894 0.00637255 0 0 0 0 0 0 0 0 0 0 0 0 0 0 0 0 0 0 0 0 0 0 0 0 0 0 0 0 0 0 0 0 0 0 0 0 0 0 0 0 0 0
0.0552647 3.06857e-10 1.34436e-10 1.72421e-10 0.561894 0.00704355 0 0 0 0 0 0 0 0 0 0 0 0 0 0 0 0 0 0 0 0 0 0 0 0 0 0 0 0 0 0 0 0 0 0 0 0 0 0 0 0 0 0
0.0581015 3.39167e-10 1.48591e-10 1.90576e-10 0.561894 0.0077852 0 0 0 0 0 0 0 0 0 0 0 0 0 0 0 0 0 0 0 0 0 0 0 0 0 0 0 0 0 0 0 0 0 0 0 0 0 0 0 0 0 0
0.0610839 3.7488e-10 1.64237e-10 2.10643e-10 0.561894 0.00860494 0 0 0 0 0 0 0 0 0 0 0 0 0 0 0 0 0 0 0 0 0 0 0 0 0 0 0 0 0 0 0 0 0 0 0 0 0 0 0 0 0 0
0.0642193 4.14353e-10 1.81531e-10 2.32822e-10 0.561894 0.009511 0 0 0 0 0 0 0 0 0 0 0 0 0 0 0 0 0 0 0 0 0 0 0 0 0 0 0 0 0 0 0 0 0 0 0 0 0 0 0 0 0 0
0.0675157 4.57982e-10 2.00645e-10 2.57337e-10 0.561894 0.0105125 0 0 0 0 0 0 0 0 0 0 0 0 0 0 0 0 0 0 0 0 0 0 0 0 0 0 0 0 0 0 0 0 0 0 0 0 0 0 0 0 0 0
0.0709813 5.06206e-10 2.21772e-10 2.84434e-10 0.561894 0.0116194 0 0 0 0 0 0 0 0 0 0 0 0 0 0 0 0 0 0 0 0 0 0 0 0 0 0 0 0 0 0 0 0 0 0 0 0 0 0 0 0 0 0
0.0746248 5.59507e-10 2.45124e-10 3.14383e-10 0.561894 0.0128428 0 0 0 0 0 0 0 0 0 0 0 0 0 0 0 0 0 0 0 0 0 0 0 0 0 0 0 0 0 0 0 0 0 0 0 0 0 0 0 0 0 0
0.0784553 6.1842e-10 2.70934e-10 3.47486e-10 0.561894 0.0141951 0 0 0 0 0 0 0 0 0 0 0 0 0 0 0 0 0 0 0 0 0 0 0 0 0 0 0 0 0 0 0 0 0 0 0 0 0 0 0 0 0 0
0.0824824 6.83537e-10 2.99462e-10 3.84075e-10 0.561894 0.0156898 0 0 0 0 0 0 0 0 0 0 0 0 0 0 0 0 0 0 0 0 0 0 0 0 0 0 0 0 0 0 0 0 0 0 0 0 0 0 0 0 0 0
0.0867162 7.5551e-10 3.30994e-10 4.24516e-10 0.561894 0.0173419 0 0 0 0 0 0 0 0 0 0 0 0 0 0 0 0 0 0 0 0 0 0 0 0 0 0 0 0 0 0 0 0 0 0 0 0 0 0 0 0 0 0
0.0911674 8.35062e-10 3.65846e-10 4.69216e-10 0.561894 0.0191679 0 0 0 0 0 0 0 0 0 0 0 0 0 0 0 0 0 0 0 0 0 0 0 0 0 0 0 0 0 0 0 0 0 0 0 0 0 0 0 0 0 0
0.095847 9.2299e-10 4.04368e-10 5.18622e-10 0.561894 0.0211862 0 0 0 0 0 0 0 0 0 0 0 0 0 0 0 0 0 0 0 0 0 0 0 0 0 0 0 0 0 0 0 0 0 0 0 0 0 0 0 0 0 0
0.100767 1.0036e-09 4.42922e-10 5.60674e-10 0.558665 0.0235692 0 0 0 0 0 0 0 0 0 0 0 0 0 0 0 0 0 0 0 0 0 0 0 0 0 0 0 0 0 0 0 0 0 0 0 0 0 0 0 0 0 0
0.105939 1.00088e-09 4.6116e-10 5.39721e-10 0.539246 0.0256046 0 0 0 0 0 0 0 0 0 0 0 0 0 0 0 0 0 0 0 0 0 0 0 0 0 0 0 0 0 0 0 0 0 0 0 0 0 0 0 0 0 0
0.111377 1.00451e-09 4.6845e-10 5.36062e-10 0.533654 0.0289403 0 0 0 0 0 0 0 0 0 0 0 0 0 0 0 0 0 0 0 0 0 0 0 0 0 0 0 0 0 0 0 0 0 0 0 0 0 0 0 0 0 0
0.117094 1.00643e-09 4.86461e-10 5.19971e-10 0.516648 0.0274507 0 0 0 0 0 0 0 0 0 0 0 0 0 0 0 0 0 0 0 0 0 0 0 0 0 0 0 0 0 0 0 0 0 0 0 0 0 0 0 0 0 0
0.123105 1.01775e-09 5.11062e-10 5.06692e-10 0.497853 0.0236555 0 0 0 0 0 0 0 0 0 0 0 0 0 0 0 0 0 0 0 0 0 0 0 0 0 0 0 0 0 0 0 0 0 0 0 0 0 0 0 0 0 0
0.129424 1.01863e-09 5.34164e-10 4.84467e-10 0.475606 0.0199126 0 0 0 0 0 0 0 0 0 0 0 0 0 0 0 0 0 0 0 0 0 0 0 0 0 0 0 0 0 0 0 0 0 0 0 0 0 0 0 0 0 0
0.136067 1.01586e-09 5.49808e-10 4.66055e-10 0.458777 0.0168557 0 0 0 0 0 0 0 0 0 0 0 0 0 0 0 0 0 0 0 0 0 0 0 0 0 0 0 0 0 0 0 0 0 0 0 0 0 0 0 0 0 0
0.143051 1.05663e-09 5.52619e-10 5.04008e-10 0.476997 0.0143876 0 0 0 0 0 0 0 0 0 0 0 0 0 0 0 0 0 0 0 0 0 0 0 0 0 0 0 0 0 0 0 0 0 0 0 0 0 0 0 0 0 0
0.150394 1.07402e-09 5.44762e-10 5.29262e-10 0.492784 0.0122986 0 0 0 0 0 0 0 0 0 0 0 0 0 0 0 0 0 0 0 0 0 0 0 0 0 0 0 0 0 0 0 0 0 0 0 0 0 0 0 0 0 0
0.158114 1.01633e-09 5.31754e-10 4.84578e-10 0.476791 0.01055 0 0 0 0 0 0 0 0 0 0 0 0 0 0 0 0 0 0 0 0 0 0 0 0 0 0 0 0 0 0 0 0 0 0 0 0 0 0 0 0 0 0
0.16623 9.28295e-10 5.19872e-10 4.08423e-10 0.439971 0.00908216 0 0 0 0 0 0 0 0 0 0 0 0 0 0 0 0 0 0 0 0 0 0 0 0 0 0 0 0 0 0 0 0 0 0 0 0 0 0 0 0 0 0
0.174762 8.73229e-10 5.10809e-10 3.62421e-10 0.415035 0.00782097 0 0 0 0 0 0 0 0 0 0 0 0 0 0 0 0 0 0 0 0 0 0 0 0 0 0 0 0 0 0 0 0 0 0 0 0 0 0 0 0 0 0
0.183733 8.66121e-10 5.04021e-10 3.62101e-10 0.418072 0.00667218 0 0 0 0 0 0 0 0 0 0 0 0 0 0 0 0 0 0 0 0 0 0 0 0 0 0 0 0 0 0 0 0 0 0 0 0 0 0 0 0 0 0
0.193164 9.10309e-10 5.01845e-10 4.08464e-10 0.448709 0.00556038 0 0 0 0 0 0 0 0 0 0 0 0 0 0 0 0 0 0 0 0 0 0 0 0 0 0 0 0 0 0 0 0 0 0 0 0 0 0 0 0 0 0
0.203079 9.89224e-10 5.07349e-10 4.81875e-10 0.487124 0.00446034 0 0 0 0 0 0 0 0 0 0 0 0 0 0 0 0 0 0 0 0 0 0 0 0 0 0 0 0 0 0 0 0 0 0 0 0 0 0 0 0 0 0
0.213503 1.07951e-09 5.20037e-10 5.59474e-10 0.518266 0.00342932 0 0 0 0 0 0 0 0 0 0 0 0 0 0 0 0 0 0 0 0 0 0 0 0 0 0 0 0 0 0 0 0 0 0 0 0 0 0 0 0 0 0
0.224463 1.15647e-09 5.309e-10 6.25571e-10 0.540931 0.00254317 0 0 0 0 0 0 0 0 0 0 0 0 0 0 0 0 0 0 0 0 0 0 0 0 0 0 0 0 0 0 0 0 0 0 0 0 0 0 0 0 0 0
0.235984 1.19922e-09 5.28986e-10 6.70236e-10 0.558892 0.00182186 0 0 0 0 0 0 0 0 0 0 0 0 0 0 0 0 0 0 0 0 0 0 0 0 0 0 0 0 0 0 0 0 0 0 0 0 0 0 0 0 0 0
0.248097 1.21059e-09 5.19692e-10 6.90902e-10 0.570713 0.00138916 0 0 0 0 0 0 0 0 0 0 0 0 0 0 0 0 0 0 0 0 0 0 0 0 0 0 0 0 0 0 0 0 0 0 0 0 0 0 0 0 0 0
0.260832 1.19977e-09 5.13871e-10 6.85894e-10 0.57169 0.00141961 0 0 0 0 0 0 0 0 0 0 0 0 0 0 0 0 0 0 0 0 0 0 0 0 0 0 0 0 0 0 0 0 0 0 0 0 0 0 0 0 0 0
0.274221 1.17578e-09 5.15767e-10 6.60015e-10 0.561342 0.00187131 0 0 0 0 0 0 0 0 0 0 0 0 0 0 0 0 0 0 0 0 0 0 0 0 0 0 0 0 0 0 0 0 0 0 0 0 0 0 0 0 0 0
0.288297 1.15724e-09 5.29542e-10 6.27702e-10 0.542411 0.00251556 0 0 0 0 0 0 0 0 0 0 0 0 0 0 0 0 0 0 0 0 0 0 0 0 0 0 0 0 0 0 0 0 0 0 0 0 0 0 0 0 0 0
0.303095 1.15348e-09 5.52916e-10 6.00564e-10 0.520654 0.0028362 0 0 0 0 0 0 0 0 0 0 0 0 0 0 0 0 0 0 0 0 0 0 0 0 0 0 0 0 0 0 0 0 0 0 0 0 0 0 0 0 0 0
0.318653 1.16081e-09 5.78977e-10 5.81831e-10 0.501229 0.00297223 0 0 0 0 0 0 0 0 0 0 0 0 0 0 0 0 0 0 0 0 0 0 0 0 0 0 0 0 0 0 0 0 0 0 0 0 0 0 0 0 0 0
0.335009 1.17857e-09 6.03564e-10 5.75004e-10 0.487883 0.00293231 0 0 0 0 0 0 0 0 0 0 0 0 0 0 0 0 0 0 0 0 0 0 0 0 0 0 0 0 0 0 0 0 0 0 0 0 0 0 0 0 0 0
0.352205 1.20338e-09 6.2526e-10 5.7812e-10 0.480413 0.00278811 0 0 0 0 0 0 0 0 0 0 0 0 0 0 0 0 0 0 0 0 0 0 0 0 0 0 0 0 0 0 0 0 0 0 0 0 0 0 0 0 0 0
0.370284 1.22354e-09 6.41743e-10 5.81794e-10 0.475502 0.00261033 0 0 0 0 0 0 0 0 0 0 0 0 0 0 0 0 0 0 0 0 0 0 0 0 0 0 0 0 0 0 0 0 0 0 0 0 0 0 0 0 0 0
0.389291 1.23196e-09 6.50743e-10 5.81213e-10 0.471781 0.00243645 0 0 0 0 0 0 0 0 0 0 0 0 0 0 0 0 0 0 0 0 0 0 0 0 0 0 0 0 0 0 0 0 0 0 0 0 0 0 0 0 0 0
0.409273 1.231e-09 6.52629e-10 5.78368e-10 0.469837 0.00226652 0 0 0 0 0 0 0 0 0 0 0 0 0 0 0 0 0 0 0 0 0 0 0 0 0 0 0 0 0 0 0 0 0 0 0 0 0 0 0 0 0 0
0.430281 1.22658e-09 6.49709e-10 5.76866e-10 0.470306 0.00210471 0 0 0 0 0 0 0 0 0 0 0 0 0 0 0 0 0 0 0 0 0 0 0 0 0 0 0 0 0 0 0 0 0 0 0 0 0 0 0 0 0 0
0.452368 1.22453e-09 6.45241e-10 5.79292e-10 0.473072 0.00193723 0 0 0 0 0 0 0 0 0 0 0 0 0 0 0 0 0 0 0 0 0 0 0 0 0 0 0 0 0 0 0 0 0 0 0 0 0 0 0 0 0 0
0.475588 1.22873e-09 6.42384e-10 5.86351e-10 0.477199 0.00177642 0 0 0 0 0 0 0 0 0 0 0 0 0 0 0 0 0 0 0 0 0 0 0 0 0 0 0 0 0 0 0 0 0 0 0 0 0 0 0 0 0 0
0.5 1.24041e-09 6.43609e-10 5.96804e-10 0.481133 0.00162159 0 0 0 0 0 0 0 0 0 0 0 0 0 0 0 0 0 0 0 0 0 0 0 0 0 0 0 0 0 0 0 0 0 0 0 0 0 0 0 0 0 0
0.525665 1.25755e-09 6.49918e-10 6.07629e-10 0.483186 0.0014751 0 0 0 0 0 0 0 0 0 0 0 0 0 0 0 0 0 0 0 0 0 0 0 0 0 0 0 0 0 0 0 0 0 0 0 0 0 0 0 0 0 0
0.552648 1.27553e-09 6.6068e-10 6.14846e-10 0.482033 0.00134175 0 0 0 0 0 0 0 0 0 0 0 0 0 0 0 0 0 0 0 0 0 0 0 0 0 0 0 0 0 0 0 0 0 0 0 0 0 0 0 0 0 0
0.581015 1.28825e-09 6.73692e-10 6.14555e-10 0.477047 0.00121775 0 0 0 0 0 0 0 0 0 0 0 0 0 0 0 0 0 0 0 0 0 0 0 0 0 0 0 0 0 0 0 0 0 0 0 0 0 0 0 0 0 0
0.610839 1.28989e-09 6.85637e-10 6.04254e-10 0.468453 0.00110516 0 0 0 0 0 0 0 0 0 0 0 0 0 0 0 0 0 0 0 0 0 0 0 0 0 0 0 0 0 0 0 0 0 0 0 0 0 0 0 0 0 0
0.642193 1.27608e-09 6.93101e-10 5.82977e-10 0.456851 0.00100302 0 0 0 0 0 0 0 0 0 0 0 0 0 0 0 0 0 0 0 0 0 0 0 0 0 0 0 0 0 0 0 0 0 0 0 0 0 0 0 0 0 0
0.675157 1.2451e-09 6.93505e-10 5.51597e-10 0.443013 0.000910957 0 0 0 0 0 0 0 0 0 0 0 0 0 0 0 0 0 0 0 0 0 0 0 0 0 0 0 0 0 0 0 0 0 0 0 0 0 0 0 0 0 0
0.709813 1.19794e-09 6.85724e-10 5.1222e-10 0.427582 0.00082817 0 0 0 0 0 0 0 0 0 0 0 0 0 0 0 0 0 0 0 0 0 0 0 0 0 0 0 0 0 0 0 0 0 0 0 0 0 0 0 0 0 0
0.746248 1.13706e-09 6.69733e-10 4.67328e-10 0.410996 0.000754183 0 0 0 0 0 0 0 0 0 0 0 0 0 0 0 0 0 0 0 0 0 0 0 0 0 0 0 0 0 0 0 0 0 0 0 0 0 0 0 0 0 0
0.784553 1.06636e-09 6.46675e-10 4.19681e-10 0.393565 0.000686995 0 0 0 0 0 0 0 0 0 0 0 0 0 0 0 0 0 0 0 0 0 0 0 0 0 0 0 0 0 0 0 0 0 0 0 0 0 0 0 0 0 0
0.824824 9.89546e-10 6.17975e-10 3.71571e-10 0.375496 0.000626788 0 0 0 0 0 0 0 0 0 0 0 0 0 0 0 0 0 0 0 0 0 0 0 0 0 0 0 0 0 0 0 0 0 0 0 0 0 0 0 0 0 0
0.867162 9.09826e-10 5.85052e-10 3.24774e-10 0.356962 0.000572518 0 0 0 0 0 0 0 0 0 0 0 0 0 0 0 0 0 0 0 0 0 0 0 0 0 0 0 0 0 0 0 0 0 0 0 0 0 0 0 0 0 0
0.911674 8.30111e-10 5.49387e-10 2.80725e-10 0.338177 0.000523427 0 0 0 0 0 0 0 0 0 0 0 0 0 0 0 0 0 0 0 0 0 0 0 0 0 0 0 0 0 0 0 0 0 0 0 0 0 0 0 0 0 0
0.95847 7.52371e-10 5.12132e-10 2.40239e-10 0.319309 0.00047944 0 0 0 0 0 0 0 0 0 0 0 0 0 0 0 0 0 0 0 0 0 0 0 0 0 0 0 0 0 0 0 0 0 0 0 0 0 0 0 0 0 0
1.00767 6.78224e-10 4.74382e-10 2.03842e-10 0.300552 0.0004395 0 0 0 0 0 0 0 0 0 0 0 0 0 0 0 0 0 0 0 0 0 0 0 0 0 0 0 0 0 0 0 0 0 0 0 0 0 0 0 0 0 0
1.05939 6.08631e-10 4.36947e-10 1.71684e-10 0.282082 0.000403275 0 0 0 0 0 0 0 0 0 0 0 0 0 0 0 0 0 0 0 0 0 0 0 0 0 0 0 0 0 0 0 0 0 0 0 0 0 0 0 0 0 0
1.11377 5.44059e-10 4.00434e-10 1.43625e-10 0.263988 0.000370298 0 0 0 0 0 0 0 0 0 0 0 0 0 0 0 0 0 0 0 0 0 0 0 0 0 0 0 0 0 0 0 0 0 0 0 0 0 0 0 0 0 0
1.17094 4.851e-10 3.65526e-10 1.19573e-10 0.246492 0.000339515 0 0 0 0 0 0 0 0 0 0 0 0 0 0 0 0 0 0 0 0 0 0 0 0 0 0 0 0 0 0 0 0 0 0 0 0 0 0 0 0 0 0
1.23105 4.31497e-10 3.32421e-10 9.90762e-11 0.22961 0.000311294 0 0 0 0 0 0 0 0 0 0 0 0 0 0 0 0 0 0 0 0 0 0 0 0 0 0 0 0 0 0 0 0 0 0 0 0 0 0 0 0 0 0
1.29424 3.83249e-10 3.01442e-10 8.18075e-11 0.213458 0.000285362 0 0 0 0 0 0 0 0 0 0 0 0 0 0 0 0 0 0 0 0 0 0 0 0 0 0 0 0 0 0 0 0 0 0 0 0 0 0 0 0 0 0
1.36067 3.4002e-10 2.72668e-10 6.7352e-11 0.198082 0.000261742 0 0 0 0 0 0 0 0 0 0 0 0 0 0 0 0 0 0 0 0 0 0 0 0 0 0 0 0 0 0 0 0 0 0 0 0 0 0 0 0 0 0
1.43051 3.01404e-10 2.461e-10 5.53041e-11 0.183488 0.000240209 0 0 0 0 0 0 0 0 0 0 0 0 0 0 0 0 0 0 0 0 0 0 0 0 0 0 0 0 0 0 0 0 0 0 0 0 0 0 0 0 0 0
1.50394 2.67095e-10 2.21762e-10 4.53336e-11 0.169728 0.000220279 0 0 0 0 0 0 0 0 0 0 0 0 0 0 0 0 0 0 0 0 0 0 0 0 0 0 0 0 0 0 0 0 0 0 0 0 0 0 0 0 0 0
1.58114 2.36688e-10 1.99577e-10 3.71119e-11 0.156796 0.000201732 0 0 0 0 0 0 0 0 0 0 0 0 0 0 0 0 0 0 0 0 0 0 0 0 0 0 0 0 0 0 0 0 0 0 0 0 0 0 0 0 0 0
1.6623 2.09753e-10 1.79408e-10 3.03452e-11 0.144671 0.000184534 0 0 0 0 0 0 0 0 0 0 0 0 0 0 0 0 0 0 0 0 0 0 0 0 0 0 0 0 0 0 0 0 0 0 0 0 0 0 0 0 0 0
1.74763 1.85936e-10 1.61141e-10 2.4795e-11 0.133352 0.000169005 0 0 0 0 0 0 0 0 0 0 0 0 0 0 0 0 0 0 0 0 0 0 0 0 0 0 0 0 0 0 0 0 0 0 0 0 0 0 0 0 0 0
1.83733 1.64875e-10 1.44627e-10 2.02479e-11 0.122807 0.000154804 0 0 0 0 0 0 0 0 0 0 0 0 0 0 0 0 0 0 0 0 0 0 0 0 0 0 0 0 0 0 0 0 0 0 0 0 0 0 0 0 0 0
1.93164 1.46262e-10 1.29735e-10 1.65269e-11 0.112996 0.000141793 0 0 0 0 0 0 0 0 0 0 0 0 0 0 0 0 0 0 0 0 0 0 0 0 0 0 0 0 0 0 0 0 0 0 0 0 0 0 0 0 0 0
2.03079 1.29804e-10 1.16318e-10 1.34861e-11 0.103896 0.000129725 0 0 0 0 0 0 0 0 0 0 0 0 0 0 0 0 0 0 0 0 0 0 0 0 0 0 0 0 0 0 0 0 0 0 0 0 0 0 0 0 0 0
2.13503 1.15276e-10 1.04271e-10 1.10049e-11 0.0954657 0.000118657 0 0 0 0 0 0 0 0 0 0 0 0 0 0 0 0 0 0 0 0 0 0 0 0 0 0 0 0 0 0 0 0 0 0 0 0 0 0 0 0 0 0
2.24463 1.02422e-10 9.34427e-11 8.97913e-12 0.0876681 0.000108569 0 0 0 0 0 0 0 0 0 0 0 0 0 0 0 0 0 0 0 0 0 0 0 0 0 0 0 0 0 0 0 0 0 0 0 0 0 0 0 0 0 0
2.35984 9.10561e-11 8.37295e-11 7.32664e-12 0.0804629 9.92926e-05 0 0 0 0 0 0 0 0 0 0 0 0 0 0 0 0 0 0 0 0 0 0 0 0 0 0 0 0 0 0 0 0 0 0 0 0 0 0 0 0 0 0
2.48097 8.09994e-11 7.50208e-11 5.97852e-12 0.0738095 9.07218e-05 0 0 0 0 0 0 0 0 0 0 0 0 0 0 0 0 0 0 0 0 0 0 0 0 0 0 0 0 0 0 0 0 0 0 0 0 0 0 0 0 0 0
2.60832 7.20976e-11 6.72185e-11 4.87914e-12 0.067674 8.27967e-05 0 0 0 0 0 0 0 0 0 0 0 0 0 0 0 0 0 0 0 0 0 0 0 0 0 0 0 0 0 0 0 0 0 0 0 0 0 0 0 0 0 0
2.74221 6.42223e-11 6.02394e-11 3.98296e-12 0.0620183 7.55862e-05 0 0 0 0 0 0 0 0 0 0 0 0 0 0 0 0 0 0 0 0 0 0 0 0 0 0 0 0 0 0 0 0 0 0 0 0 0 0 0 0 0 0
2.88297 5.72383e-11 5.39873e-11 3.25104e-12 0.0567983 6.90729e-05 0 0 0 0 0 0 0 0 0 0 0 0 0 0 0 0 0 0 0 0 0 0 0 0 0 0 0 0 0 0 0 0 0 0 0 0 0 0 0 0 0 0
3.03095 5.10572e-11 4.84026e-11 2.65467e-12 0.0519939 6.31538e-05 0 0 0 0 0 0 0 0 0 0 0 0 0 0 0 0 0 0 0 0 0 0 0 0 0 0 0 0 0 0 0 0 0 0 0 0 0 0 0 0 0 0
3.18653 4.55764e-11 4.34086e-11 2.16781e-12 0.0475643 5.76567e-05 0 0 0 0 0 0 0 0 0 0 0 0 0 0 0 0 0 0 0 0 0 0 0 0 0 0 0 0 0 0 0 0 0 0 0 0 0 0 0 0 0 0
3.35009 4.07169e-11 3.89464e-11 1.7705e-12 0.0434831 5.2603e-05 0 0 0 0 0 0 0 0 0 0 0 0 0 0 0 0 0 0 0 0 0 0 0 0 0 0 0 0 0 0 0 0 0 0 0 0 0 0 0 0 0 0
3.52205 3.64094e-11 3.49631e-11 1.44632e-12 0.0397238 4.80102e-05 0 0 0 0 0 0 0 0 0 0 0 0 0 0 0 0 0 0 0 0 0 0 0 0 0 0 0 0 0 0 0 0 0 0 0 0 0 0 0 0 0 0
3.70284 3.25884e-11 3.14068e-11 1.18165e-12 0.0362597 4.38066e-05 0 0 0 0 0 0 0 0 0 0 0 0 0 0 0 0 0 0 0 0 0 0 0 0 0 0 0 0 0 0 0 0 0 0 0 0 0 0 0 0 0 0
3.89291 2.91986e-11 2.82331e-11 9.65485e-13 0.0330661 3.9926e-05 0 0 0 0 0 0 0 0 0 0 0 0 0 0 0 0 0 0 0 0 0 0 0 0 0 0 0 0 0 0 0 0 0 0 0 0 0 0 0 0 0 0
4.09273 2.61923e-11 2.54032e-11 7.8905e-13 0.0301253 3.62643e-05 0 0 0 0 0 0 0 0 0 0 0 0 0 0 0 0 0 0 0 0 0 0 0 0 0 0 0 0 0 0 0 0 0 0 0 0 0 0 0 0 0 0
4.30281 2.35236e-11 2.28786e-11 6.44955e-13 0.0274174 3.29535e-05 0 0 0 0 0 0 0 0 0 0 0 0 0 0 0 0 0 0 0 0 0 0 0 0 0 0 0 0 0 0 0 0 0 0 1.4013e-45 0 4.2039e-45 0 1.12104e-44 0 3.08286e-44 0
4.52368 2.11544e-11 2.0627e-11 5.27315e-13 0.024927 2.99416e-05 0 0 0 0 0 0 0 0 0 0 0 0 0 0 0 0 0 0 0 0 0 0 0 0 0 0 1.4013e-45 0 4.2039e-45 0 1.54143e-44 0 5.32493e-44 0 1.69557e-43 0 4.87652e-43 0 1.32142e-42 0 3.38974e-42 0
4.75588 1.9051e-11 1.86198e-11 4.3118e-13 0.0226329 2.71796e-05 0 0 0 0 0 0 0 0 0 0 0 0 0 0 0 0 0 0 0 0 1.4013e-45 0 5.60519e-45 0 2.8026e-44 0 1.26117e-43 0 4.94658e-43 0 1.74322e-42 0 5.54494e-42 0 1.65788e-41 0 4.51751e-41 0 1.16603e-40 0 2.85833e-40 0
5 1.71817e-11 1.68291e-11 3.5258e-13 0.0205207 2.45398e-05 0 0 0 0 0 0 0 0 0 0 0 0 0 0 0 0 1.4013e-45 0 1.54143e-44 0 1.079e-43 0 6.16571e-43 0 2.92171e-42 0 1.22516e-41 0 4.5084e-41 0 1.49444e-40 0 4.49197e-40 0 1.27309e-39 0 3.30338e-39 0 8.14073e-39 0 1.91008e-38 0
5.25665 1.55199e-11 1.52315e-11 2.88372e-13 0.0185808 2.21678e-05 0 0 0 0 0 0 0 0 0 0 0 0 1.4013e-45 0 1.68156e-44 0 1.90577e-43 0 1.58627e-42 0 1.04032e-41 0 5.47768e-41 0 2.40389e-40 0 9.39915e-40 0 3.24541e-39 0 1.01465e-38 0 2.89028e-38 0 7.78524e-38 0 1.92821e-37 0 4.5471e-37 0 1.02339e-36 0
5.52648 1.4043e-11 1.38071e-11 2.35885e-13 0.0167974 2.00489e-05 0 0 0 0 0 0 0 0 0 0 4.2039e-45 0 1.079e-43 0 1.70118e-42 0 1.75933e-41 0 1.32428e-40 0 7.92019e-40 0 3.84563e-39 0 1.57009e-38 0 5.74363e-38 0 1.86677e-37 0 5.52037e-37 0 1.49415e-36 0 3.83457e-36 0 9.08588e-36 0 2.05474e-35 0 4.44489e-35 0
5.81015 1.27278e-11 1.25348e-11 1.92973e-13 0.0151616 1.8115e-05 0 0 0 0 0 0 0 0 7.00649e-45 0 4.09179e-43 0 1.00711e-41 0 1.39282e-40 0 1.28554e-39 0 8.76803e-39 0 4.80545e-38 0 2.16003e-37 0 8.23356e-37 0 2.82715e-36 0 8.67483e-36 0 2.43303e-35 0 6.27281e-35 0 1.53744e-34 0 3.49267e-34 0 7.59004e-34 0 1.5812e-33 0
6.10839 1.15553e-11 1.13973e-11 1.57936e-13 0.0136679 1.63023e-05 0 0 0 0 0 0 4.2039e-45 0 7.48293e-43 0 3.53716e-41 0 7.44667e-40 0 9.05855e-39 0 7.50111e-38 0 4.65834e-37 0 2.34958e-36 0 9.81405e-36 0 3.50431e-35 0 1.13294e-34 0 3.29113e-34 0 8.77737e-34 0 2.16071e-33 0 5.06902e-33 0 1.10633e-32 0 2.3148e-32 0 4.65258e-32 0
6.42193 1.0451e-11 1.03221e-11 1.28903e-13 0.012334 1.48144e-05 0 0 0 0 0 0 4.59626e-43 0 6.15492e-41 0 2.40901e-39 0 4.37058e-38 0 4.70605e-37 0 3.5148e-36 0 1.99656e-35 0 9.30531e-35 0 3.62473e-34 0 1.2163e-33 0 3.71334e-33 0 1.02398e-32 0 2.60322e-32 0 6.13255e-32 0 1.38003e-31 0 2.89933e-31 0 5.85158e-31 0 1.13671e-30 0
6.75157 9.58191e-12 9.4763e-12 1.0561e-13 0.0110218 1.32279e-05 0 0 0 0 3.64338e-44 0 3.85427e-41 0 4.06592e-39 0 1.33049e-37 0 2.09537e-36 0 2.00903e-35 0 1.36017e-34 0 7.09813e-34 0 3.06871e-33 0 1.11858e-32 0 3.53805e-32 0 1.02287e-31 0 2.68435e-31 0 6.5204e-31 0 1.47311e-30 0 3.18628e-30 0 6.45585e-30 0 1.25904e-29 0 2.36775e-29 0
7.09813 8.75377e-12 8.66734e-12 8.64298e-14 0.00987344 1.18448e-05 0 0 0 0 3.39114e-42 0 2.55301e-39 0 2.14533e-37 0 5.92088e-36 0 8.15039e-35 0 6.99797e-34 0 4.31546e-33 0 2.07751e-32 0 8.36204e-32 0 2.86154e-31 0 8.55616e-31 0 2.34869e-30 0 5.88011e-30 0 1.36773e-29 0 2.96949e-29 0 6.18546e-29 0 1.21079e-28 0 2.28554e-28 0 4.16769e-28 0
7.46248 8.01364e-12 7.94291e-12 7.073e-14 0.0088262 1.05694e-05 0 0 1.4013e-45 0 2.49248e-40 0 1.35801e-37 0 9.19145e-36 0 2.15738e-34 0 2.61287e-33 0 2.01986e-32 0 1.13973e-31 0 5.08154e-31 0 1.9109e-30 0 6.15798e-30 0 1.74539e-29 0 4.56066e-29 0 1.09176e-28 0 2.43694e-28 0 5.09433e-28 0 1.02381e-27 0 1.93942e-27 0 3.54913e-27 0 6.28477e-27 0
7.84553 7.35271e-12 7.29483e-12 5.7888e-14 0.00787301 9.34187e-06 0 0 1.91978e-43 0 1.4642e-38 0 5.86509e-36 0 3.23136e-34 0 6.50148e-33 0 6.97137e-32 0 4.87702e-31 0 2.52898e-30 0 1.0482e-29 0 3.69487e-29 0 1.12457e-28 0 3.02937e-28 0 7.55301e-28 0 1.73265e-27 0 3.7188e-27 0 7.49909e-27 0 1.4566e-26 0 2.67453e-26 0 4.75207e-26 0 8.18341e-26 0
8.24824 6.76137e-12 6.71399e-12 4.7377e-14 0.00700702 8.19911e-06 0 0 1.57996e-41 0 6.95055e-37 0 2.07788e-34 0 9.41289e-33 0 1.63569e-31 0 1.56208e-30 0 9.93785e-30 0 4.75536e-29 0 1.83879e-28 0 6.09501e-28 0 1.75696e-27 0 4.50935e-27 0 1.07525e-26 0 2.36862e-26 0 4.89771e-26 0 9.54393e-26 0 1.79465e-25 0 3.19892e-25 0 5.52651e-25 0 9.2678e-25 0
8.67162 6.23259e-12 6.19381e-12 3.87787e-14 0.00622192 7.20916e-06 1.26117e-44 0 1.03244e-39 0 2.69484e-35 0 6.0991e-33 0 2.29356e-31 0 3.46696e-30 0 2.96554e-29 0 1.72368e-28 0 7.64105e-28 0 2.76583e-27 0 8.64683e-27 0 2.36699e-26 0 5.80179e-26 0 1.32597e-25 0 2.81043e-25 0 5.60874e-25 0 1.05792e-24 0 1.92893e-24 0 3.34259e-24 0 5.6226e-24 0 9.19393e-24 0
9.11674 5.75895e-12 5.72721e-12 3.1741e-14 0.00551159 6.32492e-06 1.13225e-42 0 5.4256e-38 0 8.61944e-34 0 1.49708e-31 0 4.71606e-30 0 6.24356e-29 0 4.80923e-28 0 2.56513e-27 0 1.05738e-26 0 3.59441e-26 0 1.06289e-25 0 2.76998e-25 0 6.49878e-25 0 1.42651e-24 0 2.91466e-24 0 5.62378e-24 0 1.0284e-23 0 1.82091e-23 0 3.07183e-23 0 5.03761e-23 0 8.04195e-23 0
9.5847 5.33494e-12 5.30896e-12 2.59818e-14 0.00487012 5.52644e-06 8.18625e-41 0 2.31817e-36 0 2.29649e-32 0 3.1008e-30 0 8.25381e-29 0 9.63239e-28 0 6.71564e-27 0 3.30085e-26 0 1.26974e-25 0 4.06598e-25 0 1.14035e-24 0 2.83605e-24 0 6.38245e-24 0 1.34822e-23 0 2.66025e-23 0 4.9708e-23 0 8.82594e-23 0 1.51975e-22 0 2.49916e-22 0 4.00067e-22 0 6.2424e-22 0
10.0767 4.9559e-12 4.93463e-12 2.12701e-14 0.00429188 4.78203e-06 4.74018e-39 0 8.13738e-35 0 5.14408e-31 0 5.46641e-29 0 1.23965e-27 0 1.28316e-26 0 8.13688e-26 0 3.70026e-25 0 1.33277e-24 0 4.03207e-24 0 1.07531e-23 0 2.55794e-23 0 5.53305e-23 0 1.12689e-22 0 2.15096e-22 0 3.89834e-22 0 6.7304e-22 0 1.12857e-21 0 1.81136e-21 0 2.83378e-21 0 4.32664e-21 0
10.5939 4.61827e-12 4.60086e-12 1.74084e-14 0.00376947 4.06995e-06 2.22291e-37 0 2.37059e-33 0 9.77481e-30 0 8.27116e-28 0 1.61057e-26 0 1.48732e-25 0 8.61818e-25 0 3.63978e-24 0 1.23148e-23 0 3.5296e-23 0 8.97287e-23 0 2.04604e-22 0 4.26214e-22 0 8.38421e-22 0 1.55062e-21 0 2.72989e-21 0 4.58909e-21 0 7.50334e-21 0 1.17678e-20 0 1.80123e-20 0 2.6939e-20 0
11.1377 4.33332e-12 4.31909e-12 1.42326e-14 0.00328447 3.40803e-06 8.56314e-36 0 5.80642e-32 0 1.59459e-28 0 1.08643e-26 0 1.83003e-25 0 1.51617e-24 0 8.06318e-24 0 3.17408e-23 0 1.01187e-22 0 2.75484e-22 0 6.69143e-22 0 1.46563e-21 0 2.94562e-21 0 5.60615e-21 0 1.00616e-20 0 1.72312e-20 0 2.82412e-20 0 4.50803e-20 0 6.9165e-20 0 1.03689e-19 0 1.52058e-19 0
11.7094 3.93539e-12 3.92363e-12 1.17657e-14 0.00298972 2.82232e-06 2.63039e-34 0 1.15941e-30 0 2.16314e-27 0 1.19929e-25 0 1.75996e-24 0 1.31509e-23 0 6.44586e-23 0 2.37322e-22 0 7.14925e-22 0 1.85351e-21 0 4.31122e-21 0 9.08824e-21 0 1.76535e-20 0 3.25592e-20 0 5.67907e-20 0 9.47363e-20 0 1.51568e-19 0 2.3648e-19 0 3.55319e-19 0 5.22251e-19 0 7.51688e-19 0
12.3105 3.74861e-12 3.73903e-12 9.57946e-15 0.00255547 2.20615e-06 7.05052e-33 0 2.06306e-29 0 2.6648e-26 0 1.2144e-24 0 1.56309e-23 0 1.05875e-22 0 4.80189e-22 0 1.65894e-21 0 4.73556e-21 0 1.17194e-20 0 2.61584e-20 0 5.31714e-20 0 9.99888e-20 0 1.78984e-19 0 3.03823e-19 0 4.94322e-19 0 7.72925e-19 0 1.18003e-18 0 1.73813e-18 0 2.50713e-18 0 3.54497e-18 0
12.9424 3.52994e-12 3.5221e-12 7.83984e-15 0.00222095 1.60871e-06 1.56796e-31 0 3.10733e-28 0 2.82905e-25 0 1.06993e-23 0 1.21562e-22 0 7.4997e-22 0 3.1594e-21 0 1.02739e-20 0 2.78635e-20 0 6.59714e-20 0 1.41591e-19 0 2.78011e-19 0 5.06925e-19 0 8.81985e-19 0 1.45897e-18 0 2.31801e-18 0 3.54621e-18 0 5.30332e-18 0 7.66525e-18 0 1.08606e-17 0 1.50989e-17 0
13.6067 3.32861e-12 3.32219e-12 6.42096e-15 0.00192902 1.1081e-06 2.95583e-30 0 4.04351e-27 0 2.63954e-24 0 8.36011e-23 0 8.43577e-22 0 4.76198e-21 0 1.87006e-20 0 5.74092e-20 0 1.48295e-19 0 3.36643e-19 0 6.96076e-19 0 1.32244e-18 0 2.34164e-18 0 3.96547e-18 0 6.40042e-18 0 9.94168e-18 0 1.48968e-17 0 2.18445e-17 0 3.10106e-17 0 4.31965e-17 0 5.90955e-17 0
14.3051 3.14504e-12 3.13978e-12 5.25904e-15 0.00167217 6.74396e-07 4.76502e-29 0 4.5817e-26 0 2.17956e-23 0 5.83153e-22 0 5.2563e-21 0 2.72674e-20 0 1.00163e-19 0 2.91105e-19 0 7.17912e-19 0 1.56579e-18 0 3.12475e-18 0 5.75342e-18 0 9.90731e-18 0 1.63516e-17 0 2.57824e-17 0 3.91955e-17 0 5.75831e-17 0 8.28758e-17 0 1.15655e-16 0 1.58517e-16 0 2.13568e-16 0
15.0394 2.97786e-12 2.97355e-12 4.30759e-15 0.00144654 2.84373e-07 6.62058e-28 0 4.55216e-25 0 1.60266e-22 0 3.65227e-21 0 2.95692e-20 0 1.41545e-19 0 4.87943e-19 0 1.34614e-18 0 3.17666e-18 0 6.66957e-18 0 1.28686e-17 0 2.29983e-17 0 3.85658e-17 0 6.2113e-17 0 9.57834e-17 0 1.42666e-16 0 2.05695e-16 0 2.90828e-16 0 3.99307e-16 0 5.38931e-16 0 7.15604e-16 0
15.8114 2.82589e-12 2.82236e-12 3.52925e-15 0.0012489 -8.11128e-08 7.98787e-27 0 3.9923e-24 0 1.05562e-21 0 2.06511e-20 0 1.50964e-19 0 6.69462e-19 0 2.17249e-18 0 5.70377e-18 0 1.29074e-17 0 2.61358e-17 0 4.88351e-17 0 8.48374e-17 0 1.38718e-16 0 2.18276e-16 0 3.29556e-16 0 4.81408e-16 0 6.818e-16 0 9.47818e-16 0 1.28137e-15 0 1.70429e-15 0 2.23188e-15 0
16.623 2.68704e-12 2.68414e-12 2.89168e-15 0.00107616 -4.4917e-07 8.42566e-26 0 3.10907e-23 0 6.26111e-21 0 1.05933e-19 0 7.02718e-19 0 2.89769e-18 0 8.87819e-18 0 2.22362e-17 0 4.83525e-17 0 9.45929e-17 0 1.71435e-16 0 2.89897e-16 0 4.62766e-16 0 7.12236e-16 0 1.05393e-15 0 1.51133e-15 0 2.10438e-15 0 2.87877e-15 0 3.83498e-15 0 5.03018e-15 0 6.50118e-15 0
17.4762 2.56036e-12 2.55799e-12 2.36993e-15 0.000925621 -8.02956e-07 7.82258e-25 0 2.16294e-22 0 3.36181e-20 0 4.95426e-19 0 2.99645e-18 0 1.15302e-17 0 3.34479e-17 0 8.01008e-17 0 1.67697e-16 0 3.17493e-16 0 5.58942e-16 0 9.21239e-16 0 1.43739e-15 0 2.16617e-15 0 3.14464e-15 0 4.43074e-15 0 6.07046e-15 0 8.17824e-15 0 1.07432e-14 0 1.3906e-14 0 1.77489e-14 0
18.3733 2.44404e-12 2.4421e-12 1.94246e-15 0.000794774 -1.13801e-06 6.43123e-24 0 1.35137e-21 0 1.64174e-19 0 2.1216e-18 0 1.17525e-17 0 4.23435e-17 0 1.1661e-16 0 2.67599e-16 0 5.40387e-16 0 9.91701e-16 0 1.69832e-15 0 2.73168e-15 0 4.1706e-15 0 6.16058e-15 0 8.78206e-15 0 1.21683e-14 0 1.64172e-14 0 2.17981e-14 0 2.82559e-14 0 3.61165e-14 0 4.55513e-14 0
19.3164 2.33715e-12 2.33556e-12 1.5924e-15 0.000681341 -1.47999e-06 4.71017e-23 0 7.62297e-21 0 7.32619e-19 0 8.35558e-18 0 4.25739e-17 0 1.44086e-16 0 3.77651e-16 0 8.32201e-16 0 1.62385e-15 0 2.893e-15 0 4.82592e-15 0 7.58425e-15 0 1.13425e-14 0 1.64384e-14 0 2.30312e-14 0 3.14077e-14 0 4.17594e-14 0 5.46843e-14 0 6.99924e-14 0 8.8398e-14 0 1.10234e-13 0
20.3079 2.23847e-12 2.23716e-12 1.3055e-15 0.000583209 -1.86705e-06 3.09018e-22 0 3.90135e-20 0 3.00029e-18 0 3.03843e-17 0 1.42985e-16 0 4.55951e-16 0 1.14013e-15 0 2.41735e-15 0 4.56544e-15 0 7.9075e-15 0 1.28653e-14 0 1.97773e-14 0 2.90021e-14 0 4.12774e-14 0 5.68878e-14 0 7.64119e-14 0 1.00193e-13 0 1.29488e-13 0 1.63751e-13 0 2.04468e-13 0 2.52243e-13 0
21.3503 2.14706e-12 2.14598e-12 1.07046e-15 0.000498572 -2.15061e-06 1.82578e-21 0 1.82007e-19 0 1.13229e-17 0 1.02412e-16 0 4.4684e-16 0 1.34645e-15 0 3.21953e-15 0 6.58024e-15 0 1.20477e-14 0 2.03148e-14 0 3.22756e-14 0 4.85851e-14 0 6.99274e-14 0 9.78242e-14 0 1.32725e-13 0 1.75726e-13 0 2.27389e-13 0 2.90216e-13 0 3.62826e-13 0 4.48158e-13 0 5.47232e-13 0
22.4463 2.06195e-12 2.06107e-12 8.77847e-16 0.000425736 -2.37695e-06 9.76329e-21 0 7.77418e-19 0 3.95312e-17 0 3.21099e-16 0 1.30377e-15 0 3.72264e-15 0 8.53038e-15 0 1.68368e-14 0 2.99293e-14 0 4.91958e-14 0 7.64139e-14 0 1.12753e-13 0 1.59423e-13 0 2.19398e-13 0 2.9327e-13 0 3.83003e-13 0 4.89407e-13 0 6.17232e-13 0 7.63292e-13 0 9.33136e-13 0 1.12837e-12 0
23.5984 1.98238e-12 1.98166e-12 7.20079e-16 0.00036324 -2.58374e-06 4.74785e-20 0 3.05308e-18 0 1.28149e-16 0 9.39722e-16 0 3.56327e-15 0 9.66612e-15 0 2.1271e-14 0 4.06127e-14 0 7.01941e-14 0 1.12614e-13 0 1.71199e-13 0 2.47861e-13 0 3.44578e-13 0 4.66871e-13 0 6.15288e-13 0 7.93145e-13 0 1.00143e-12 0 1.24876e-12 0 1.52834e-12 0 1.85018e-12 0 2.21662e-12 0
24.8097 1.90769e-12 1.9071e-12 5.90798e-16 0.000309693 -2.86643e-06 2.10926e-19 0 1.10684e-17 0 3.87099e-16 0 2.57549e-15 0 9.15055e-15 0 2.36423e-14 0 5.00612e-14 0 9.26109e-14 0 1.55847e-13 0 2.44325e-13 0 3.6391e-13 0 5.17435e-13 0 7.07862e-13 0 9.44969e-13 0 1.2287e-12 0 1.56436e-12 0 1.95282e-12 0 2.40902e-12 0 2.91941e-12 0 3.50136e-12 0 4.15798e-12 0
26.0832 1.83694e-12 1.83646e-12 4.84702e-16 0.000263864 -3.05466e-06 8.59578e-19 0 3.71762e-17 0 1.09303e-15 0 6.62956e-15 0 2.21406e-14 0 5.46142e-14 0 1.11483e-13 0 2.00137e-13 0 3.28343e-13 0 5.03574e-13 0 7.35599e-13 0 1.02811e-12 0 1.38512e-12 0 1.82318e-12 0 2.34041e-12 0 2.94484e-12 0 3.6365e-12 0 4.44027e-12 0 5.33077e-12 0 6.33691e-12 0 7.46241e-12 0
27.4221 1.76985e-12 1.76945e-12 3.97805e-16 0.000224768 -3.20272e-06 3.22696e-18 0 1.16118e-16 0 2.89449e-15 0 1.6077e-14 0 5.06221e-14 0 1.19484e-13 0 2.35551e-13 0 4.10955e-13 0 6.58109e-13 0 9.88474e-13 0 1.41745e-12 0 1.94898e-12 0 2.58783e-12 0 3.36087e-12 0 4.26204e-12 0 5.30292e-12 0 6.48133e-12 0 7.83711e-12 0 9.32525e-12 0 1.09921e-11 0 1.28415e-11 0
28.8297 1.70568e-12 1.70535e-12 3.26523e-16 0.000191433 -3.26258e-06 1.12015e-17 0 3.38381e-16 0 7.20922e-15 0 3.68268e-14 0 1.09643e-13 0 2.48165e-13 0 4.73284e-13 0 8.03582e-13 0 1.25762e-12 0 1.85179e-12 0 2.6091e-12 0 3.53213e-12 0 4.62544e-12 0 5.93099e-12 0 7.43458e-12 0 9.15211e-12 0 1.10768e-11 0 1.32703e-11 0 1.56566e-11 0 1.83076e-11 0 2.12261e-11 0
30.3095 1.64398e-12 1.64371e-12 2.68052e-16 0.000163051 -3.28645e-06 3.60839e-17 0 9.22949e-16 0 1.69355e-14 0 7.98901e-14 0 2.25515e-13 0 4.90473e-13 0 9.06373e-13 0 1.49965e-12 0 2.29621e-12 0 3.31779e-12 0 4.59705e-12 0 6.13201e-12 0 7.92504e-12 0 1.00393e-11 0 1.24464e-11 0 1.5167e-11 0 1.81864e-11 0 2.15963e-11 0 2.5275e-11 0 2.93298e-11 0 3.37606e-11 0
31.8653 1.58446e-12 1.58424e-12 2.20103e-16 0.000138913 -3.23407e-06 1.08255e-16 0 2.36359e-15 0 3.76269e-14 0 1.64551e-13 0 4.41549e-13 0 9.24578e-13 0 1.65811e-12 0 2.67683e-12 0 4.01429e-12 0 5.69695e-12 0 7.76886e-12 0 1.02181e-11 0 1.30416e-11 0 1.63313e-11 0 2.00355e-11 0 2.41806e-11 0 2.87384e-11 0 3.38417e-11 0 3.93033e-11 0 4.52785e-11 0 5.17619e-11 0
33.5009 1.52656e-12 1.52638e-12 1.80759e-16 0.000118409 -3.17253e-06 3.03417e-16 0 5.69882e-15 0 7.92552e-14 0 3.2251e-13 0 8.24691e-13 0 1.66566e-12 0 2.90316e-12 0 4.57849e-12 0 6.73159e-12 0 9.39136e-12 0 1.26144e-11 0 1.63708e-11 0 2.0647e-11 0 2.55726e-11 0 3.10614e-11 0 3.71449e-11 0 4.37759e-11 0 5.11397e-11 0 5.89607e-11 0 6.74566e-11 0 7.66135e-11 0
35.2205 1.4701e-12 1.46995e-12 1.48476e-16 0.000100998 -2.99477e-06 7.97043e-16 0 1.29729e-14 0 1.58658e-13 0 6.02864e-13 0 1.47251e-12 0 2.87374e-12 0 4.87475e-12 0 7.51871e-12 0 1.08484e-11 0 1.48908e-11 0 1.97151e-11 0 2.52624e-11 0 3.15022e-11 0 3.8612e-11 0 4.64564e-11 0 5.50721e-11 0 6.43849e-11 0 7.46468e-11 0 8.54669e-11 0 9.71416e-11 0 1.09645e-10 0
37.0284 1.4147e-12 1.41458e-12 1.21978e-16 8.6222e-05 -2.81568e-06 1.968e-15 0 2.7953e-14 0 3.02525e-13 0 1.07699e-12 0 2.51835e-12 0 4.75693e-12 0 7.86369e-12 0 1.18749e-11 0 1.68298e-11 0 2.27464e-11 0 2.97059e-11 0 3.76065e-11 0 4.63925e-11 0 5.63008e-11 0 6.713e-11 0 7.89215e-11 0 9.15661e-11 0 1.05396e-10 0 1.19879e-10 0 1.35405e-10 0 1.51932e-10 0
38.9291 1.36026e-12 1.36016e-12 1.00228e-16 7.36828e-05 -2.57283e-06 4.58057e-15 0 5.71554e-14 0 5.50667e-13 0 1.84254e-12 0 4.13341e-12 0 7.56892e-12 0 1.22089e-11 0 1.80692e-11 0 2.51764e-11 0 3.35305e-11 0 4.32226e-11 0 5.40916e-11 0 6.60485e-11 0 7.9401e-11 0 9.38637e-11 0 1.09483e-10 0 1.26105e-10 0 1.44159e-10 0 1.62941e-10 0 1.82953e-10 0 2.04133e-10 0
40.9273 1.30656e-12 1.30648e-12 8.23708e-17 6.3044e-05 -2.31134e-06 1.00765e-14 0 1.11155e-13 0 9.58801e-13 0 3.02445e-12 0 6.52239e-12 0 1.15959e-11 0 1.82729e-11 0 2.65313e-11 0 3.63731e-11 0 4.77695e-11 0 6.08188e-11 0 7.52837e-11 0 9.10332e-11 0 1.08457e-10 0 1.27169e-10 0 1.4722e-10 0 1.68406e-10 0 1.91263e-10 0 2.14892e-10 0 2.39925e-10 0 2.66272e-10 0
43.0281 1.25334e-12 1.25327e-12 6.7698e-17 5.4014e-05 -1.96729e-06 2.10018e-14 0 2.0605e-13 0 1.59985e-12 0 4.77132e-12 0 9.91068e-12 0 1.71317e-11 0 2.64035e-11 0 3.76448e-11 0 5.08203e-11 0 6.58611e-11 0 8.28696e-11 0 1.01516e-10 0 1.2162e-10 0 1.43665e-10 0 1.67148e-10 0 1.92124e-10 0 2.18334e-10 0 2.46431e-10 0 2.75307e-10 0 3.05728e-10 0 3.3758e-10 0
45.2368 1.20077e-12 1.20071e-12 5.56482e-17 4.63438e-05 -1.58386e-06 4.15806e-14 0 3.64911e-13 0 2.56352e-12 0 7.24811e-12 0 1.45275e-11 0 2.44502e-11 0 3.68953e-11 0 5.17005e-11 0 6.87802e-11 0 8.80154e-11 0 1.0951e-10 0 1.32828e-10 0 1.57736e-10 0 1.84819e-10 0 2.13445e-10 0 2.43676e-10 0 2.75197e-10 0 3.08782e-10 0 3.43102e-10 0 3.79071e-10 0 4.16545e-10 0
47.5588 1.14856e-12 1.14851e-12 4.57517e-17 3.9834e-05 -9.5563e-07 7.83667e-14 0 6.18545e-13 0 3.95079e-12 0 1.06178e-11 0 2.05711e-11 0 3.37529e-11 0 4.99202e-11 0 6.88091e-11 0 9.02741e-11 0 1.14138e-10 0 1.40506e-10 0 1.68825e-10 0 1.98809e-10 0 2.31148e-10 0 2.65081e-10 0 3.00676e-10 0 3.3756e-10 0 3.76633e-10 0 4.16348e-10 0 4.57763e-10 0 5.00708e-10 0
50 1.09682e-12 1.09679e-12 3.76145e-17 3.42941e-05 -3.42364e-07 1.4092e-13 0 1.00555e-12 0 5.86677e-12 0 1.50241e-11 0 2.8183e-11 0 4.5138e-11 0 6.54953e-11 0 8.88743e-11 0 1.15063e-10 0 1.43824e-10 0 1.75263e-10 0 2.08709e-10 0 2.43823e-10 0 2.81407e-10 0 3.20568e-10 0 3.61385e-10 0 4.03432e-10 0 4.47731e-10 0 4.92529e-10 0 5.39023e-10 0 5.87017e-10 0
52.5665 1.0456e-12 1.04557e-12 3.09295e-17 2.95806e-05 3.3123e-07 2.42289e-13 0 1.57072e-12 0 8.40804e-12 0 2.05657e-11 0 3.74117e-11 0 5.85566e-11 0 8.34357e-11 0 1.11544e-10 0 1.42605e-10 0 1.76319e-10 0 2.12798e-10 0 2.51257e-10 0 2.9131e-10 0 3.33871e-10 0 3.77923e-10 0 4.23559e-10 0 4.70309e-10 0 5.19306e-10 0 5.68615e-10 0 6.1956e-10 0 6.71926e-10 0
55.2648 9.94882e-13 9.94857e-13 2.54324e-17 2.55632e-05 9.40075e-07 3.99077e-13 0 2.3615e-12 0 1.16469e-11 0 2.72708e-11 0 4.81808e-11 0 7.3781e-11 0 1.03327e-10 0 1.36194e-10 0 1.72043e-10 0 2.10526e-10 0 2.51761e-10 0 2.94863e-10 0 3.3941e-10 0 3.8642e-10 0 4.3477e-10 0 4.8457e-10 0 5.35314e-10 0 5.88235e-10 0 6.41248e-10 0 6.95785e-10 0 7.51616e-10 0
58.1015 9.44813e-13 9.44792e-13 2.09131e-17 2.21347e-05 1.47083e-06 6.30966e-13 0 3.42326e-12 0 1.56181e-11 0 3.50813e-11 0 6.0282e-11 0 9.04119e-11 0 1.24554e-10 0 1.61975e-10 0 2.02291e-10 0 2.45114e-10 0 2.90579e-10 0 3.37713e-10 0 3.86077e-10 0 4.3678e-10 0 4.88615e-10 0 5.41713e-10 0 5.95545e-10 0 6.51422e-10 0 7.07151e-10 0 7.6425e-10 0 8.22479e-10 0
61.0839 8.95444e-13 8.95427e-13 1.71979e-17 1.92059e-05 1.90194e-06 9.59309e-13 0 4.7922e-12 0 2.03021e-11 0 4.38363e-11 0 7.33618e-11 0 1.07874e-10 0 1.46306e-10 0 1.87839e-10 0 2.32064e-10 0 2.7857e-10 0 3.27512e-10 0 3.7786e-10 0 4.29165e-10 0 4.82618e-10 0 5.36952e-10 0 5.92321e-10 0 6.48186e-10 0 7.05915e-10 0 7.63252e-10 0 8.21772e-10 0 8.81231e-10 0
64.2193 8.4687e-13 8.46855e-13 1.41412e-17 1.66982e-05 2.23813e-06 1.40497e-12 0 6.4884e-12 0 2.56175e-11 0 5.32736e-11 0 8.69431e-11 0 1.25463e-10 0 1.6765e-10 0 2.12636e-10 0 2.60006e-10 0 3.09347e-10 0 3.6084e-10 0 4.13422e-10 0 4.66654e-10 0 5.21787e-10 0 5.77527e-10 0 6.34046e-10 0 6.90813e-10 0 7.49226e-10 0 8.07013e-10 0 8.65777e-10 0 9.25277e-10 0
67.5157 7.99274e-13 7.99263e-13 1.16269e-17 1.45468e-05 2.45994e-06 1.98563e-12 0 8.50998e-12 0 3.14206e-11 0 6.30482e-11 0 1.00466e-10 0 1.42407e-10 0 1.87623e-10 0 2.35227e-10 0 2.84827e-10 0 3.36022e-10 0 3.8903e-10 0 4.42781e-10 0 4.96859e-10 0 5.52554e-10 0 6.08572e-10 0 6.65107e-10 0 7.21646e-10 0 7.7959e-10 0 8.36699e-10 0 8.94571e-10 0 9.52976e-10 0
70.9813 7.52729e-13 7.52719e-13 9.55987e-18 1.27003e-05 2.59306e-06 2.71222e-12 0 1.08268e-11 0 3.75057e-11 0 7.27445e-11 0 1.13313e-10 0 1.57909e-10 0 2.05272e-10 0 2.54537e-10 0 3.05352e-10 0 3.57353e-10 0 4.10791e-10 0 4.64619e-10 0 5.18456e-10 0 5.73607e-10 0 6.28809e-10 0 6.84272e-10 0 7.39511e-10 0 7.95908e-10 0 8.51296e-10 0 9.07239e-10 0 9.63521e-10 0
74.6248 7.07412e-13 7.07404e-13 7.85951e-18 1.11102e-05 2.64385e-06 3.58634e-12 0 1.33807e-11 0 4.36261e-11 0 8.19254e-11 0 1.24887e-10 0 1.71249e-10 0 2.19788e-10 0 2.69702e-10 0 3.20696e-10 0 3.72455e-10 0 4.25267e-10 0 4.78128e-10 0 5.30704e-10 0 5.84292e-10 0 6.37681e-10 0 6.91097e-10 0 7.44091e-10 0 7.98001e-10 0 8.50769e-10 0 9.03898e-10 0 9.57194e-10 0
78.4553 6.63423e-13 6.63417e-13 6.4616e-18 9.73979e-06 2.62444e-06 4.59745e-12 0 1.60855e-11 0 4.95064e-11 0 9.0156e-11 0 1.34641e-10 0 1.8181e-10 0 2.3053e-10 0 2.80087e-10 0 3.30258e-10 0 3.8079e-10 0 4.32001e-10 0 4.82955e-10 0 5.33366e-10 0 5.84502e-10 0 6.35225e-10 0 6.85771e-10 0 7.35735e-10 0 7.86388e-10 0 8.35811e-10 0 8.85426e-10 0 9.35058e-10 0
82.4824 6.20868e-13 6.20862e-13 5.31142e-18 8.55484e-06 2.53124e-06 5.7219e-12 0 1.88327e-11 0 5.48695e-11 0 9.70478e-11 0 1.42134e-10 0 1.89147e-10 0 2.37087e-10 0 2.85348e-10 0 3.33789e-10 0 3.82222e-10 0 4.30992e-10 0 4.79243e-10 0 5.26741e-10 0 5.74703e-10 0 6.22083e-10 0 6.69119e-10 0 7.15451e-10 0 7.62272e-10 0 8.07819e-10 0 8.53415e-10 0 8.98907e-10 0
86.7162 5.79846e-13 5.79841e-13 4.36549e-18 7.52871e-06 2.35108e-06 6.9234e-12 0 2.15005e-11 0 5.9461e-11 0 1.02291e-10 0 1.47062e-10 0 1.93013e-10 0 2.393e-10 0 2.85444e-10 0 3.31384e-10 0 3.76998e-10 0 4.22652e-10 0 4.67579e-10 0 5.11596e-10 0 5.55853e-10 0 5.99401e-10 0 6.42479e-10 0 6.84775e-10 0 7.27386e-10 0 7.6872e-10 0 8.09991e-10 0 8.51064e-10 0
91.1674 5.40461e-13 5.40458e-13 3.58737e-18 6.63762e-06 2.12537e-06 8.1554e-12 0 2.39646e-11 0 6.30725e-11 0 1.05681e-10 0 1.49285e-10 0 1.93369e-10 0 2.37268e-10 0 2.80625e-10 0 3.23459e-10 0 3.65711e-10 0 4.07758e-10 0 4.48926e-10 0 4.8908e-10 0 5.29291e-10 0 5.68712e-10 0 6.07576e-10 0 6.45617e-10 0 6.83831e-10 0 7.20801e-10 0 7.57624e-10 0 7.94185e-10 0
95.847 5.02793e-13 5.0279e-13 2.94762e-18 5.8625e-06 1.89022e-06 9.3644e-12 0 2.61086e-11 0 6.55552e-11 0 1.07125e-10 0 1.48817e-10 0 1.90373e-10 0 2.31302e-10 0 2.71374e-10 0 3.10675e-10 0 3.49202e-10 0 3.87335e-10 0 4.24493e-10 0 4.60584e-10 0 4.96588e-10 0 5.31761e-10 0 5.66329e-10 0 6.00065e-10 0 6.33864e-10 0 6.66481e-10 0 6.98892e-10 0 7.31002e-10 0
100.767 4.6683e-13 4.66827e-13 2.42108e-18 5.18621e-06 1.6551e-06 1.0493e-11 0 2.78298e-11 0 6.68202e-11 0 1.06628e-10 0 1.45796e-10 0 1.84313e-10 0 2.21859e-10 0 2.58315e-10 0 2.93825e-10 0 3.28432e-10 0 3.6251e-10 0 3.95569e-10 0 4.2755e-10 0 4.59341e-10 0 4.90297e-10 0 5.20628e-10 0 5.5015e-10 0 5.79651e-10 0 6.08054e-10 0 6.36215e-10 0 6.64058e-10 0
105.939 4.32718e-13 4.32716e-13 1.98898e-18 4.59648e-06 1.37427e-06 1.149e-11 0 2.9061e-11 0 6.68744e-11 0 1.04334e-10 0 1.40531e-10 0 1.75675e-10 0 2.09599e-10 0 2.42282e-10 0 2.73911e-10 0 3.04566e-10 0 3.34609e-10 0 3.63629e-10 0 3.91599e-10 0 4.19308e-10 0 4.46207e-10 0 4.7249e-10 0 4.98006e-10 0 5.23443e-10 0 5.47879e-10 0 5.72058e-10 0 5.95916e-10 0
111.377 4.00372e-13 4.0037e-13 1.63324e-18 4.0793e-06 1.10267e-06 1.23064e-11 0 2.9753e-11 0 6.57605e-11 0 1.00425e-10 0 1.33351e-10 0 1.64936e-10 0 1.95147e-10 0 2.24037e-10 0 2.51826e-10 0 2.7862e-10 0 3.0476e-10 0 3.29911e-10 0 3.54066e-10 0 3.77921e-10 0 4.01011e-10 0 4.23514e-10 0 4.45307e-10 0 4.66985e-10 0 4.87766e-10 0 5.08289e-10 0 5.28504e-10 0
117.094 3.69849e-13 3.69847e-13 1.34091e-18 3.62557e-06 8.33532e-07 1.29081e-11 0 2.98987e-11 0 6.36014e-11 0 9.51773e-11 0 1.24689e-10 0 1.52678e-10 0 1.79217e-10 0 2.04422e-10 0 2.28527e-10 0 2.51656e-10 0 2.74125e-10 0 2.95663e-10 0 3.16281e-10 0 3.36582e-10 0 3.5618e-10 0 3.75232e-10 0 3.93642e-10 0 4.11916e-10 0 4.294e-10 0 4.46637e-10 0 4.63586e-10 0
123.105 3.41128e-13 3.41127e-13 1.10092e-18 3.2273e-06 5.82899e-07 1.32728e-11 0 2.95177e-11 0 6.05526e-11 0 8.88904e-11 0 1.14974e-10 0 1.39448e-10 0 1.62467e-10 0 1.84185e-10 0 2.04845e-10 0 2.24577e-10 0 2.43671e-10 0 2.6191e-10 0 2.79316e-10 0 2.96407e-10 0 3.12864e-10 0 3.28826e-10 0 3.44218e-10 0 3.59467e-10 0 3.74031e-10 0 3.88364e-10 0 4.02436e-10 0
129.424 3.14153e-13 3.14152e-13 9.0344e-19 2.87579e-06 3.6334e-07 1.33916e-11 0 2.86536e-11 0 5.67918e-11 0 8.18666e-11 0 1.04617e-10 0 1.2575e-10 0 1.45473e-10 0 1.6397e-10 0 1.81476e-10 0 1.98126e-10 0 2.14177e-10 0 2.29459e-10 0 2.44002e-10 0 2.58244e-10 0 2.71927e-10 0 2.85169e-10 0 2.97913e-10 0 3.10516e-10 0 3.22532e-10 0 3.34339e-10 0 3.45915e-10 0
136.067 2.8893e-13 2.8893e-13 7.41436e-19 2.56614e-06 1.7447e-07 1.32723e-11 0 2.73767e-11 0 5.25207e-11 0 7.44178e-11 0 9.40176e-11 0 1.12053e-10 0 1.28765e-10 0 1.44348e-10 0 1.59027e-10 0 1.72932e-10 0 1.86291e-10 0 1.98972e-10 0 2.11006e-10 0 2.22764e-10 0 2.34035e-10 0 2.44921e-10 0 2.55379e-10 0 2.65703e-10 0 2.75531e-10 0 2.85175e-10 0 2.94617e-10 0
143.051 2.65371e-13 2.65371e-13 6.08289e-19 2.29222e-06 1.30088e-08 1.29317e-11 0 2.57634e-11 0 4.79235e-11 0 6.68079e-11 0 8.34972e-11 0 9.87188e-11 0 1.12729e-10 0 1.25724e-10 0 1.37911e-10 0 1.49412e-10 0 1.60426e-10 0 1.70851e-10 0 1.8072e-10 0 1.90341e-10 0 1.99544e-10 0 2.08417e-10 0 2.16927e-10 0 2.25314e-10 0 2.33288e-10 0 2.411e-10 0 2.4874e-10 0
150.394 2.43446e-13 2.43446e-13 4.99022e-19 2.04982e-06 -1.27557e-07 1.2399e-11 0 2.39022e-11 0 4.3182e-11 0 5.92796e-11 0 7.33373e-11 0 8.60529e-11 0 9.76836e-11 0 1.08417e-10 0 1.18442e-10 0 1.27871e-10 0 1.36873e-10 0 1.45371e-10 0 1.53398e-10 0 1.61206e-10 0 1.68661e-10 0 1.75836e-10 0 1.82707e-10 0 1.89469e-10 0 1.95888e-10 0 2.02171e-10 0 2.08307e-10 0
158.114 2.23083e-13 2.23082e-13 4.09319e-19 1.83483e-06 -2.26762e-07 1.17086e-11 0 2.18784e-11 0 3.84495e-11 0 5.20224e-11 0 6.37436e-11 0 7.42641e-11 0 8.38307e-11 0 9.26185e-11 0 1.00795e-10 0 1.08461e-10 0 1.15759e-10 0 1.22631e-10 0 1.29109e-10 0 1.35398e-10 0 1.41392e-10 0 1.47152e-10 0 1.52659e-10 0 1.58072e-10 0 1.63205e-10 0 1.68222e-10 0 1.73117e-10 0
166.23 2.04208e-13 2.04208e-13 3.35697e-19 1.64389e-06 -3.29291e-07 1.08983e-11 0 1.97723e-11 0 3.38538e-11 0 4.51815e-11 0 5.48622e-11 0 6.34888e-11 0 7.12906e-11 0 7.84264e-11 0 8.50426e-11 0 9.12263e-11 0 9.70986e-11 0 1.02616e-10 0 1.07806e-10 0 1.12836e-10 0 1.17622e-10 0 1.22215e-10 0 1.266e-10 0 1.30905e-10 0 1.34982e-10 0 1.38963e-10 0 1.42843e-10 0
174.763 1.86736e-13 1.86736e-13 2.75249e-19 1.474e-06 -4.22877e-07 1.00061e-11 0 1.7654e-11 0 2.94917e-11 0 3.88551e-11 0 4.67797e-11 0 5.3794e-11 0 6.01057e-11 0 6.58555e-11 0 7.1169e-11 0 7.61216e-11 0 8.08134e-11 0 8.52126e-11 0 8.93429e-11 0 9.33392e-11 0 9.71363e-11 0 1.00775e-10 0 1.04245e-10 0 1.07647e-10 0 1.10866e-10 0 1.14006e-10 0 1.17064e-10 0
183.733 1.70606e-13 1.70605e-13 2.2564e-19 1.32258e-06 -4.92039e-07 9.06936e-12 0 1.55849e-11 0 2.54375e-11 0 3.31088e-11 0 3.95426e-11 0 4.5202e-11 0 5.02706e-11 0 5.48709e-11 0 5.91093e-11 0 6.30496e-11 0 6.67742e-11 0 7.02597e-11 0 7.35266e-11 0 7.66828e-11 0 7.96775e-11 0 8.25434e-11 0 8.52735e-11 0 8.79477e-11 0 9.04752e-11 0 9.29386e-11 0 9.53352e-11 0
193.164 1.55736e-13 1.55736e-13 1.84965e-19 1.18768e-06 -5.39364e-07 8.12084e-12 0 1.36117e-11 0 2.17359e-11 0 2.79689e-11 0 3.31525e-11 0 3.7686e-11 0 4.17286e-11 0 4.5385e-11 0 4.87444e-11 0 5.18601e-11 0 5.47992e-11 0 5.75448e-11 0 6.01141e-11 0 6.25929e-11 0 6.49418e-11 0 6.71872e-11 0 6.93238e-11 0 7.14148e-11 0 7.33892e-11 0 7.5312e-11 0 7.71812e-11 0
203.079 1.42062e-13 1.42062e-13 1.51616e-19 1.06725e-06 -5.85724e-07 7.18908e-12 0 1.17701e-11 0 1.84114e-11 0 2.34374e-11 0 2.75847e-11 0 3.11924e-11 0 3.43965e-11 0 3.72855e-11 0 3.99328e-11 0 4.23828e-11 0 4.46895e-11 0 4.68408e-11 0 4.88511e-11 0 5.0788e-11 0 5.26214e-11 0 5.4372e-11 0 5.60363e-11 0 5.76635e-11 0 5.91988e-11 0 6.06927e-11 0 6.2144e-11 0
213.503 1.29484e-13 1.29484e-13 1.24246e-19 9.59546e-07 -6.05336e-07 6.29512e-12 0 1.00807e-11 0 1.54655e-11 0 1.9489e-11 0 2.27852e-11 0 2.56382e-11 0 2.81628e-11 0 3.04324e-11 0 3.25071e-11 0 3.44234e-11 0 3.62245e-11 0 3.79017e-11 0 3.94668e-11 0 4.09731e-11 0 4.23973e-11 0 4.37559e-11 0 4.50463e-11 0 4.6307e-11 0 4.74955e-11 0 4.86513e-11 0 4.97733e-11 0
224.463 1.17954e-13 1.17954e-13 1.01822e-19 8.63239e-07 -6.38683e-07 5.45702e-12 0 8.55801e-12 0 1.28919e-11 0 1.6092e-11 0 1.86961e-11 0 2.09399e-11 0 2.29186e-11 0 2.46926e-11 0 2.63108e-11 0 2.78025e-11 0 2.92024e-11 0 3.05042e-11 0 3.17176e-11 0 3.2884e-11 0 3.39858e-11 0 3.50359e-11 0 3.60325e-11 0 3.70054e-11 0 3.7922e-11 0 3.88127e-11 0 3.96769e-11 0
235.984 1.07376e-13 1.07376e-13 8.34323e-20 7.77013e-07 -6.56459e-07 4.68492e-12 0 7.20413e-12 0 1.06676e-11 0 1.31972e-11 0 1.52429e-11 0 1.69982e-11 0 1.85411e-11 0 1.99211e-11 0 2.11773e-11 0 2.23334e-11 0 2.34168e-11 0 2.44229e-11 0 2.53596e-11 0 2.62592e-11 0 2.71082e-11 0 2.79167e-11 0 2.86834e-11 0 2.94313e-11 0 3.01356e-11 0 3.08195e-11 0 3.14827e-11 0
248.097 9.76928e-14 9.76927e-14 6.83525e-20 6.99668e-07 -6.80426e-07 3.98599e-12 0 6.01702e-12 0 8.76718e-12 0 1.07555e-11 0 1.23543e-11 0 1.37208e-11 0 1.49186e-11 0 1.59874e-11 0 1.69586e-11 0 1.78509e-11 0 1.8686e-11 0 1.94607e-11 0 2.01811e-11 0 2.08724e-11 0 2.15243e-11 0 2.21446e-11 0 2.27324e-11 0 2.33055e-11 0 2.38448e-11 0 2.43683e-11 0 2.48756e-11 0
260.832 8.88374e-14 8.88374e-14 5.59946e-20 6.30304e-07 -6.75331e-07 3.36269e-12 0 4.98855e-12 0 7.15931e-12 0 8.71407e-12 0 9.95775e-12 0 1.10169e-11 0 1.19428e-11 0 1.27673e-11 0 1.35152e-11 0 1.42015e-11 0 1.48428e-11 0 1.54372e-11 0 1.59895e-11 0 1.65189e-11 0 1.70178e-11 0 1.74922e-11 0 1.79415e-11 0 1.83792e-11 0 1.87909e-11 0 1.91904e-11 0 1.95774e-11 0
274.221 8.0752e-14 8.07519e-14 4.58715e-20 5.68054e-07 -6.79421e-07 2.81451e-12 0 4.10761e-12 0 5.81174e-12 0 7.02178e-12 0 7.98505e-12 0 8.80274e-12 0 9.5158e-12 0 1.01495e-11 0 1.07235e-11 0 1.12495e-11 0 1.17405e-11 0 1.21951e-11 0 1.26171e-11 0 1.30214e-11 0 1.34021e-11 0 1.37638e-11 0 1.41063e-11 0 1.44397e-11 0 1.47532e-11 0 1.50572e-11 0 1.53516e-11 0
288.297 7.33715e-14 7.33715e-14 3.75755e-20 5.12127e-07 -6.73336e-07 2.33817e-12 0 3.3604e-12 0 4.69144e-12 0 5.62909e-12 0 6.37221e-12 0 7.00113e-12 0 7.54835e-12 0 8.03385e-12 0 8.47292e-12 0 8.8748e-12 0 9.2496e-12 0 9.59627e-12 0 9.91786e-12 0 1.02257e-11 0 1.05154e-11 0 1.07905e-11 0 1.10508e-11 0 1.13042e-11 0 1.15423e-11 0 1.17731e-11 0 1.19965e-11 0
303.095 6.66348e-14 6.66347e-14 3.07756e-20 4.61855e-07 -6.48052e-07 1.92873e-12 0 2.73224e-12 0 3.76698e-12 0 4.49058e-12 0 5.06172e-12 0 5.54377e-12 0 5.96234e-12 0 6.3331e-12 0 6.66798e-12 0 6.97415e-12 0 7.25943e-12 0 7.52307e-12 0 7.76747e-12 0 8.00128e-12 0 8.22116e-12 0 8.42991e-12 0 8.62729e-12 0 8.81934e-12 0 8.99972e-12 0 9.17452e-12 0 9.34365e-12 0
318.653 6.04987e-14 6.04987e-14 2.52053e-20 4.16625e-07 -6.70421e-07 1.58065e-12 0 2.20904e-12 0 3.01003e-12 0 3.56642e-12 0 4.00396e-12 0 4.3723e-12 0 4.69155e-12 0 4.97392e-12 0 5.22866e-12 0 5.46132e-12 0 5.67793e-12 0 5.87796e-12 0 6.06326e-12 0 6.24044e-12 0 6.40697e-12 0 6.56499e-12 0 6.71436e-12 0 6.85962e-12 0 6.996e-12 0 7.12812e-12 0 7.25592e-12 0
335.009 5.49109e-14 5.49108e-14 2.06446e-20 3.75966e-07 -6.18088e-07 1.28745e-12 0 1.77655e-12 0 2.39418e-12 0 2.82056e-12 0 3.15472e-12 0 3.43539e-12 0 3.67824e-12 0 3.89274e-12 0 4.08604e-12 0 4.26244e-12 0 4.42653e-12 0 4.57796e-12 0 4.71816e-12 0 4.85214e-12 0 4.97801e-12 0 5.09739e-12 0 5.21019e-12 0 5.31985e-12 0 5.42278e-12 0 5.52245e-12 0 5.61884e-12 0
352.205 4.98242e-14 4.98242e-14 1.69078e-20 3.39348e-07 -6.16815e-07 1.04259e-12 0 1.42161e-12 0 1.89614e-12 0 2.22189e-12 0 2.47639e-12 0 2.68969e-12 0 2.87397e-12 0 3.03654e-12 0 3.18289e-12 0 3.31634e-12 0 3.44038e-12 0 3.55479e-12 0 3.66065e-12 0 3.76177e-12 0 3.85673e-12 0 3.94675e-12 0 4.03179e-12 0 4.11443e-12 0 4.19196e-12 0 4.26704e-12 0 4.33961e-12 0
370.284 4.51959e-14 4.51959e-14 1.38464e-20 3.06365e-07 -5.93318e-07 8.39721e-13 0 1.13227e-12 0 1.49564e-12 0 1.7438e-12 0 1.93712e-12 0 2.09885e-12 0 2.23836e-12 0 2.36131e-12 0 2.47189e-12 0 2.57264e-12 0 2.66624e-12 0 2.75251e-12 0 2.83231e-12 0 2.90849e-12 0 2.98e-12 0 3.04777e-12 0 3.11176e-12 0 3.17394e-12 0 3.23226e-12 0 3.28871e-12 0 3.34327e-12 0
389.291 4.09878e-14 4.09878e-14 1.13398e-20 2.76664e-07 -5.89899e-07 6.72914e-13 0 8.9788e-13 0 1.1753e-12 0 1.36386e-12 0 1.51038e-12 0 1.63274e-12 0 1.73815e-12 0 1.83095e-12 0 1.91435e-12 0 1.99028e-12 0 2.06078e-12 0 2.12573e-12 0 2.18578e-12 0 2.24308e-12 0 2.29685e-12 0 2.3478e-12 0 2.39588e-12 0 2.44259e-12 0 2.48639e-12 0 2.52878e-12 0 2.56974e-12 0
409.273 3.71648e-14 3.71648e-14 9.28563e-21 2.4985e-07 -5.61303e-07 5.3671e-13 0 7.09132e-13 0 9.20356e-13 0 1.06331e-12 0 1.17412e-12 0 1.26651e-12 0 1.34601e-12 0 1.41593e-12 0 1.47873e-12 0 1.53587e-12 0 1.58889e-12 0 1.63771e-12 0 1.68283e-12 0 1.72587e-12 0 1.76625e-12 0 1.80449e-12 0 1.84058e-12 0 1.87563e-12 0 1.90848e-12 0 1.94027e-12 0 1.97098e-12 0
430.281 3.36903e-14 3.36903e-14 7.60356e-21 2.2569e-07 -5.00672e-07 4.2616e-13 0 5.57898e-13 0 7.18309e-13 0 8.26443e-13 0 9.10083e-13 0 9.79719e-13 0 1.03958e-12 0 1.09218e-12 0 1.13939e-12 0 1.18232e-12 0 1.22213e-12 0 1.25878e-12 0 1.29264e-12 0 1.32493e-12 0 1.3552e-12 0 1.38388e-12 0 1.41092e-12 0 1.43718e-12 0 1.4618e-12 0 1.48561e-12 0 1.50861e-12 0
452.368 3.05341e-14 3.0534e-14 6.22587e-21 2.03899e-07 -5.08152e-07 3.36962e-13 0 4.37329e-13 0 5.58867e-13 0 6.40502e-13 0 7.03521e-13 0 7.5592e-13 0 8.00916e-13 0 8.4043e-13 0 8.75868e-13 0 9.08078e-13 0 9.37938e-13 0 9.65413e-13 0 9.90786e-13 0 1.01498e-12 0 1.03765e-12 0 1.05912e-12 0 1.07937e-12 0 1.09903e-12 0 1.11745e-12 0 1.13527e-12 0 1.15247e-12 0
475.588 2.76704e-14 2.76704e-14 5.09794e-21 1.84238e-07 -5.00825e-07 2.65413e-13 0 3.41686e-13 0 4.33583e-13 0 4.95107e-13 0 5.42516e-13 0 5.81887e-13 0 6.15667e-13 0 6.4531e-13 0 6.71881e-13 0 6.9602e-13 0 7.18389e-13 0 7.38964e-13 0 7.57959e-13 0 7.76063e-13 0 7.93032e-13 0 8.09092e-13 0 8.24238e-13 0 8.38936e-13 0 8.52709e-13 0 8.66028e-13 0 8.78888e-13 0
500 2.5071e-14 2.5071e-14 4.17381e-21 1.6648e-07 -4.52101e-07 2.08289e-13 0 2.66115e-13 0 3.35466e-13 0 3.81757e-13 0 4.17369e-13 0 4.46912e-13 0 4.72239e-13 0 4.94449e-13 0 5.14348e-13 0 5.32418e-13 0 5.49157e-13 0 5.64548e-13 0 5.78753e-13 0 5.92289e-13 0 6.04974e-13 0 6.16977e-13 0 6.28294e-13 0 6.39275e-13 0 6.49563e-13 0 6.5951e-13 0 6.69114e-13 0
525.665 2.2713e-14 2.2713e-14 3.41747e-21 1.50463e-07 -5.0172e-07 1.62904e-13 0 2.06651e-13 0 2.58897e-13 0 2.93676e-13 0 3.20392e-13 0 3.42533e-13 0 3.615e-13 0 3.78124e-13 0 3.93011e-13 0 4.06524e-13 0 4.19038e-13 0 4.30541e-13 0 4.41155e-13 0 4.51267e-13 0 4.6074e-13 0 4.69703e-13 0 4.78152e-13 0 4.86349e-13 0 4.94028e-13 0 5.01452e-13 0 5.08618e-13 0
552.648 2.05739e-14 2.05739e-14 2.798e-21 1.35998e-07 -4.27581e-07 1.26999e-13 0 1.60029e-13 0 1.99325e-13 0 2.2542e-13 0 2.45438e-13 0 2.62012e-13 0 2.76201e-13 0 2.88632e-13 0 2.99758e-13 0 3.09854e-13 0 3.19201e-13 0 3.2779e-13 0 3.35714e-13 0 3.43261e-13 0 3.50331e-13 0 3.57018e-13 0 3.63322e-13 0 3.69436e-13 0 3.75163e-13 0 3.80699e-13 0 3.86043e-13 0
581.015 1.86337e-14 1.86337e-14 2.29064e-21 1.2293e-07 -3.88278e-07 9.87084e-14 0 1.23602e-13 0 1.53116e-13 0 1.7267e-13 0 1.87652e-13 0 2.00047e-13 0 2.10652e-13 0 2.19937e-13 0 2.28246e-13 0 2.35783e-13 0 2.42758e-13 0 2.49167e-13 0 2.55078e-13 0 2.60706e-13 0 2.65978e-13 0 2.70964e-13 0 2.75663e-13 0 2.80221e-13 0 2.8449e-13 0 2.88615e-13 0 2.92597e-13 0
610.839 1.68751e-14 1.68751e-14 1.87538e-21 1.11133e-07 -3.48085e-07 7.65064e-14 0 9.52377e-14 0 1.17376e-13 0 1.32013e-13 0 1.43215e-13 0 1.52476e-13 0 1.60396e-13 0 1.67327e-13 0 1.73526e-13 0 1.79148e-13 0 1.8435e-13 0 1.89129e-13 0 1.93535e-13 0 1.9773e-13 0 2.01659e-13 0 2.05375e-13 0 2.08875e-13 0 2.12271e-13 0 2.1545e-13 0 2.18523e-13 0 2.21488e-13 0
642.193 1.52813e-14 1.52813e-14 1.53536e-21 1.00473e-07 -3.77441e-07 5.91429e-14 0 7.32169e-14 0 8.98027e-14 0 1.00748e-13 0 1.09117e-13 0 1.16031e-13 0 1.2194e-13 0 1.2711e-13 0 1.31733e-13 0 1.35924e-13 0 1.39801e-13 0 1.43361e-13 0 1.46644e-13 0 1.49769e-13 0 1.52696e-13 0 1.55462e-13 0 1.58069e-13 0 1.60597e-13 0 1.62964e-13 0 1.65252e-13 0 1.67459e-13 0
675.157 1.38369e-14 1.38369e-14 1.25691e-21 9.08375e-08 -3.25834e-07 4.56073e-14 0 5.61678e-14 0 6.85804e-14 0 7.67583e-14 0 8.30053e-14 0 8.81629e-14 0 9.2569e-14 0 9.64224e-14 0 9.98671e-14 0 1.02989e-13 0 1.05877e-13 0 1.08529e-13 0 1.10973e-13 0 1.133e-13 0 1.15478e-13 0 1.17538e-13 0 1.19478e-13 0 1.21359e-13 0 1.2312e-13 0 1.24822e-13 0 1.26464e-13 0
709.813 1.25275e-14 1.25275e-14 1.02895e-21 8.21356e-08 -1.62157e-07 3.50867e-14 0 4.30007e-14 0 5.22806e-14 0 5.83853e-14 0 6.30446e-14 0 6.68893e-14 0 7.01724e-14 0 7.30429e-14 0 7.56081e-14 0 7.79329e-14 0 8.00825e-14 0 8.20561e-14 0 8.38752e-14 0 8.56064e-14 0 8.7227e-14 0 8.87591e-14 0 9.02023e-14 0 9.16016e-14 0 9.29115e-14 0 9.41772e-14 0 9.53984e-14 0
746.248 1.13417e-14 1.13417e-14 8.42365e-22 7.42714e-08 -2.52075e-07 2.69355e-14 0 3.28599e-14 0 3.9792e-14 0 4.43457e-14 0 4.78187e-14 0 5.06831e-14 0 5.31281e-14 0 5.52652e-14 0 5.71747e-14 0 5.89047e-14 0 6.05043e-14 0 6.19725e-14 0 6.33257e-14 0 6.46134e-14 0 6.58186e-14 0 6.69579e-14 0 6.80311e-14 0 6.90715e-14 0 7.00454e-14 0 7.09863e-14 0 7.18941e-14 0
784.553 1.02673e-14 1.02673e-14 6.89577e-22 6.71624e-08 -2.33451e-07 2.06353e-14 0 2.50658e-14 0 3.02396e-14 0 3.36341e-14 0 3.62212e-14 0 3.83539e-14 0 4.01738e-14 0 4.17641e-14 0 4.31847e-14 0 4.44716e-14 0 4.56612e-14 0 4.6753e-14 0 4.77591e-14 0 4.87165e-14 0 4.96125e-14 0 5.04594e-14 0 5.1257e-14 0 5.20302e-14 0 5.2754e-14 0 5.34532e-14 0 5.41279e-14 0
824.824 9.29416e-15 9.29416e-15 5.64485e-22 6.07354e-08 -3.13421e-07 1.57786e-14 0 1.90888e-14 0 2.29476e-14 0 2.54764e-14 0 2.74025e-14 0 2.89897e-14 0 3.03436e-14 0 3.15264e-14 0 3.25828e-14 0 3.35397e-14 0 3.44241e-14 0 3.52357e-14 0 3.59835e-14 0 3.6695e-14 0 3.73608e-14 0 3.79901e-14 0 3.85828e-14 0 3.91573e-14 0 3.9695e-14 0 4.02145e-14 0 4.07156e-14 0
867.163 8.41287e-15 8.41287e-15 4.62087e-22 5.49262e-08 -3.55983e-07 1.20433e-14 0 1.45145e-14 0 1.73906e-14 0 1.92734e-14 0 2.07067e-14 0 2.18873e-14 0 2.28942e-14 0 2.37736e-14 0 2.45589e-14 0 2.52701e-14 0 2.59273e-14 0 2.65304e-14 0 2.7086e-14 0 2.76146e-14 0 2.81093e-14 0 2.85767e-14 0 2.9017e-14 0 2.94437e-14 0 2.9843e-14 0 3.02288e-14 0 3.0601e-14 0
911.674 7.61467e-15 7.61467e-15 3.78262e-22 4.96754e-08 -2.95786e-07 9.17668e-15 0 1.10201e-14 0 1.31624e-14 0 1.45635e-14 0 1.56296e-14 0 1.65074e-14 0 1.72558e-14 0 1.79094e-14 0 1.8493e-14 0 1.90214e-14 0 1.95096e-14 0 1.99576e-14 0 2.03703e-14 0 2.07629e-14 0 2.11303e-14 0 2.14774e-14 0 2.18043e-14 0 2.21212e-14 0 2.24177e-14 0 2.27041e-14 0 2.29804e-14 0
958.471 6.89207e-15 6.89207e-15 3.09643e-22 4.49274e-08 -1.54118e-07 6.98144e-15 0 8.35564e-15 0 9.95051e-15 0 1.09927e-14 0 1.17853e-14 0 1.24378e-14 0 1.2994e-14 0 1.34796e-14 0 1.39131e-14 0 1.43055e-14 0 1.46682e-14 0 1.50009e-14 0 1.53073e-14 0 1.55988e-14 0 1.58716e-14 0 1.61293e-14 0 1.6372e-14 0 1.66072e-14 0 1.68273e-14 0 1.70399e-14 0 1.7245e-14 0
1007.67 6.23757e-15 6.23757e-15 2.53458e-22 4.06341e-08 -7.16995e-08 5.30325e-15 0 6.32699e-15 0 7.51371e-15 0 8.2886e-15 0 8.87766e-15 0 9.36243e-15 0 9.77557e-15 0 1.01362e-14 0 1.04581e-14 0 1.07496e-14 0 1.10188e-14 0 1.12658e-14 0 1.14933e-14 0 1.17097e-14 0 1.19122e-14 0 1.21035e-14 0 1.22836e-14 0 1.24581e-14 0 1.26215e-14 0 1.27793e-14 0 1.29315e-14 0
1059.39 5.64528e-15 5.64528e-15 2.0749e-22 3.67546e-08 -1.80885e-07 4.02298e-15 0 4.78525e-15 0 5.6679e-15 0 6.24384e-15 0 6.68149e-15 0 7.04157e-15 0 7.34839e-15 0 7.61619e-15 0 7.8552e-15 0 8.07154e-15 0 8.27141e-15 0 8.45474e-15 0 8.6236e-15 0 8.7842e-15 0 8.93445e-15 0 9.07641e-15 0 9.21007e-15 0 9.33961e-15 0 9.46082e-15 0 9.5779e-15 0 9.69083e-15 0
1113.77 5.10851e-15 5.10851e-15 1.6981e-22 3.32406e-08 -2.71832e-07 3.04744e-15 0 3.61466e-15 0 4.27082e-15 0 4.6987e-15 0 5.02373e-15 0 5.29109e-15 0 5.51886e-15 0 5.71764e-15 0 5.89503e-15 0 6.05558e-15 0 6.2039e-15 0 6.33994e-15 0 6.46522e-15 0 6.58438e-15 0 6.69585e-15 0 6.80117e-15 0 6.90033e-15 0 6.99642e-15 0 7.08634e-15 0 7.17318e-15 0 7.25694e-15 0
1170.94 4.62302e-15 4.62302e-15 1.38997e-22 3.00664e-08 -3.43772e-07 2.30578e-15 0 2.7277e-15 0 3.21534e-15 0 3.53315e-15 0 3.77449e-15 0 3.97296e-15 0 4.14203e-15 0 4.28956e-15 0 4.42119e-15 0 4.54033e-15 0 4.65038e-15 0 4.75131e-15 0 4.84426e-15 0 4.93266e-15 0 5.01535e-15 0 5.09347e-15 0 5.16703e-15 0 5.2383e-15 0 5.305e-15 0 5.36941e-15 0 5.43154e-15 0
1231.05 4.18365e-15 4.18365e-15 1.13773e-22 2.71948e-08 -3.76555e-08 1.74262e-15 0 2.05634e-15 0 2.41863e-15 0 2.65462e-15 0 2.83378e-15 0 2.98109e-15 0 3.10655e-15 0 3.21602e-15 0 3.31369e-15 0 3.40208e-15 0 3.48372e-15 0 3.5586e-15 0 3.62754e-15 0 3.69311e-15 0 3.75445e-15 0 3.81239e-15 0 3.86695e-15 0 3.91981e-15 0 3.96927e-15 0 4.01704e-15 0 4.06312e-15 0
1294.24 3.78632e-15 3.78632e-15 9.31528e-23 2.46025e-08 -2.65852e-07 1.31569e-15 0 1.54889e-15 0 1.81799e-15 0 1.9932e-15 0 2.12618e-15 0 2.2355e-15 0 2.3286e-15 0 2.40982e-15 0 2.48229e-15 0 2.54786e-15 0 2.60842e-15 0 2.66396e-15 0 2.7151e-15 0 2.76373e-15 0 2.80922e-15 0 2.8522e-15 0 2.89266e-15 0 2.93186e-15 0 2.96855e-15 0 3.00397e-15 0 3.03814e-15 0
1360.67 3.4262e-15 3.4262e-15 7.62501e-23 2.2255e-08 -1.46449e-07 9.9219e-16 0 1.16545e-15 0 1.36526e-15 0 1.4953e-15 0 1.59397e-15 0 1.67508e-15 0 1.74414e-15 0 1.80438e-15 0 1.85813e-15 0 1.90676e-15 0 1.95167e-15 0 1.99285e-15 0 2.03078e-15 0 2.06684e-15 0 2.10057e-15 0 2.13244e-15 0 2.16244e-15 0 2.1915e-15 0 2.2187e-15 0 2.24497e-15 0 2.2703e-15 0
1430.51 3.10047e-15 3.10047e-15 6.24176e-23 2.01317e-08 8.06988e-08 7.4755e-16 0 8.76251e-16 0 1.02458e-15 0 1.12107e-15 0 1.19428e-15 0 1.25444e-15 0 1.30567e-15 0 1.35035e-15 0 1.39021e-15 0 1.42627e-15 0 1.45957e-15 0 1.49011e-15 0 1.51824e-15 0 1.54497e-15 0 1.56998e-15 0 1.59361e-15 0 1.61585e-15 0 1.6374e-15 0 1.65757e-15 0 1.67704e-15 0 1.69582e-15 0
1503.94 2.80544e-15 2.80544e-15 5.10911e-23 1.82114e-08 -7.18512e-08 5.62671e-16 0 6.58236e-16 0 7.68314e-16 0 8.39901e-16 0 8.942e-16 0 9.38819e-16 0 9.76806e-16 0 1.00994e-15 0 1.03949e-15 0 1.06623e-15 0 1.09092e-15 0 1.11356e-15 0 1.13441e-15 0 1.15423e-15 0 1.17277e-15 0 1.19029e-15 0 1.20677e-15 0 1.22275e-15 0 1.2377e-15 0 1.25213e-15 0 1.26605e-15 0
1581.14 2.53861e-15 2.53861e-15 4.18239e-23 1.64751e-08 3.97363e-07 4.23173e-16 0 4.9412e-16 0 5.75801e-16 0 6.28902e-16 0 6.69174e-16 0 7.02263e-16 0 7.3043e-16 0 7.54997e-16 0 7.76908e-16 0 7.96732e-16 0 8.15038e-16 0 8.31823e-16 0 8.47277e-16 0 8.61972e-16 0 8.75715e-16 0 8.88698e-16 0 9.00919e-16 0 9.1276e-16 0 9.23839e-16 0 9.34537e-16 0 9.44855e-16 0
1662.3 2.297e-15 2.297e-15 3.42351e-23 1.49042e-08 3.42415e-09 3.17982e-16 0 3.70637e-16 0 4.31232e-16 0 4.70614e-16 0 5.00476e-16 0 5.2501e-16 0 5.45892e-16 0 5.64105e-16 0 5.80348e-16 0 5.95043e-16 0 6.08612e-16 0 6.21053e-16 0 6.32508e-16 0 6.434e-16 0 6.53586e-16 0 6.63208e-16 0 6.72266e-16 0 6.81042e-16 0 6.89253e-16 0 6.97182e-16 0 7.04828e-16 0
1747.63 2.07852e-15 2.07852e-15 2.80268e-23 1.3484e-08 -7.9774e-08 2.38773e-16 0 2.77847e-16 0 3.22795e-16 0 3.52e-16 0 3.74143e-16 0 3.92332e-16 0 4.07814e-16 0 4.21315e-16 0 4.33356e-16 0 4.44248e-16 0 4.54306e-16 0 4.63528e-16 0 4.72019e-16 0 4.80091e-16 0 4.87641e-16 0 4.94773e-16 0 5.01486e-16 0 5.0799e-16 0 5.14075e-16 0 5.19952e-16 0 5.25618e-16 0
1837.33 1.88069e-15 1.88069e-15 2.29409e-23 1.21981e-08 8.24733e-07 1.79154e-16 0 2.08143e-16 0 2.41478e-16 0 2.63132e-16 0 2.79547e-16 0 2.93031e-16 0 3.04506e-16 0 3.14514e-16 0 3.23438e-16 0 3.31511e-16 0 3.38966e-16 0 3.458e-16 0 3.52092e-16 0 3.58075e-16 0 3.6367e-16 0 3.68955e-16 0 3.7393e-16 0 3.7875e-16 0 3.83259e-16 0 3.87613e-16 0 3.91813e-16 0
1931.64 1.70183e-15 1.70183e-15 1.87808e-23 1.10356e-08 -3.19468e-07 1.34342e-16 0 1.55847e-16 0 1.80568e-16 0 1.96623e-16 0 2.08792e-16 0 2.18788e-16 0 2.27294e-16 0 2.34712e-16 0 2.41326e-16 0 2.4731e-16 0 2.52835e-16 0 2.579e-16 0 2.62564e-16 0 2.66997e-16 0 2.71144e-16 0 2.7506e-16 0 2.78747e-16 0 2.82319e-16 0 2.85661e-16 0 2.88888e-16 0 2.91999e-16 0
2030.79 1.53982e-15 1.53982e-15 1.53741e-23 9.98432e-09 4.32233e-07 1.00663e-16 0 1.16613e-16 0 1.34942e-16 0 1.46843e-16 0 1.55863e-16 0 1.63272e-16 0 1.69576e-16 0 1.75073e-16 0 1.79975e-16 0 1.84409e-16 0 1.88503e-16 0 1.92257e-16 0 1.95712e-16 0 1.98998e-16 0 2.0207e-16 0 2.04972e-16 0 2.07704e-16 0 2.1035e-16 0 2.12827e-16 0 2.15217e-16 0 2.17523e-16 0
2135.03 1.39333e-15 1.39333e-15 1.25851e-23 9.03238e-09 -6.09317e-07 7.5387e-17 0 8.72152e-17 0 1.00804e-16 0 1.09626e-16 0 1.16312e-16 0 1.21803e-16 0 1.26475e-16 0 1.30549e-16 0 1.34182e-16 0 1.37468e-16 0 1.40502e-16 0 1.43283e-16 0 1.45844e-16 0 1.48278e-16 0 1.50555e-16 0 1.52705e-16 0 1.54729e-16 0 1.5669e-16 0 1.58525e-16 0 1.60297e-16 0 1.62005e-16 0
2244.63 1.26062e-15 1.26062e-15 1.03008e-23 8.17121e-09 -1.74812e-07 5.64184e-17 0 6.51882e-17 0 7.52609e-17 0 8.17993e-17 0 8.67539e-17 0 9.08226e-17 0 9.42847e-17 0 9.73032e-17 0 9.99949e-17 0 1.0243e-16 0 1.04677e-16 0 1.06738e-16 0 1.08635e-16 0 1.10439e-16 0 1.12126e-16 0 1.13719e-16 0 1.15219e-16 0 1.16671e-16 0 1.18031e-16 0 1.19343e-16 0 1.20609e-16 0
2359.84 1.14063e-15 1.14063e-15 8.43218e-24 7.39257e-09 -1.48946e-07 4.22028e-17 0 4.87047e-17 0 5.61709e-17 0 6.10167e-17 0 6.46884e-17 0 6.77034e-17 0 7.02689e-17 0 7.25056e-17 0 7.45e-17 0 7.6304e-17 0 7.79695e-17 0 7.94964e-17 0 8.0902e-17 0 8.22384e-17 0 8.34881e-17 0 8.46685e-17 0 8.57795e-17 0 8.68559e-17 0 8.78629e-17 0 8.88353e-17 0 8.9773e-17 0
2480.97 1.03201e-15 1.03201e-15 6.90244e-24 6.68834e-09 -5.57623e-07 3.15513e-17 0 3.63711e-17 0 4.19046e-17 0 4.54956e-17 0 4.82163e-17 0 5.04503e-17 0 5.23511e-17 0 5.40083e-17 0 5.5486e-17 0 5.68225e-17 0 5.80564e-17 0 5.91877e-17 0 6.0229e-17 0 6.12191e-17 0 6.21449e-17 0 6.30194e-17 0 6.38424e-17 0 6.46399e-17 0 6.53859e-17 0 6.61062e-17 0 6.68009e-17 0
2608.32 9.33762e-16 9.33762e-16 5.64997e-24 6.05076e-09 -6.9818e-07 2.35774e-17 0 2.71501e-17 0 3.1251e-17 0 3.3912e-17 0 3.5928e-17 0 3.75833e-17 0 3.89916e-17 0 4.02195e-17 0 4.13142e-17 0 4.23045e-17 0 4.32186e-17 0 4.40567e-17 0 4.48282e-17 0 4.55617e-17 0 4.62476e-17 0 4.68954e-17 0 4.75052e-17 0 4.80959e-17 0 4.86486e-17 0 4.91822e-17 0 4.96968e-17 0
2742.21 8.44843e-16 8.44843e-16 4.62471e-24 5.47404e-09 4.25973e-09 1.76102e-17 0 2.02581e-17 0 2.32971e-17 0 2.52688e-17 0 2.67625e-17 0 2.79888e-17 0 2.90322e-17 0 2.99419e-17 0 3.0753e-17 0 3.14865e-17 0 3.21638e-17 0 3.27846e-17 0 3.33562e-17 0 3.38995e-17 0 3.44076e-17 0 3.48875e-17 0 3.53392e-17 0 3.57768e-17 0 3.61862e-17 0 3.65815e-17 0 3.69627e-17 0
2882.97 7.64364e-16 7.64364e-16 3.78533e-24 4.95227e-09 -3.77804e-08 1.3147e-17 0 1.51093e-17 0 1.73611e-17 0 1.8822e-17 0 1.99286e-17 0 2.08371e-17 0 2.16101e-17 0 2.2284e-17 0 2.28848e-17 0 2.34283e-17 0 2.39299e-17 0 2.43898e-17 0 2.48132e-17 0 2.52157e-17 0 2.55921e-17 0 2.59476e-17 0 2.62822e-17 0 2.66063e-17 0 2.69096e-17 0 2.72024e-17 0 2.74848e-17 0
3030.95 6.916e-16 6.916e-16 3.09862e-24 4.48036e-09 1.44354e-06 9.81164e-18 0 1.12659e-17 0 1.29345e-17 0 1.40168e-17 0 1.48367e-17 0 1.55098e-17 0 1.60825e-17 0 1.65817e-17 0 1.70268e-17 0 1.74294e-17 0 1.7801e-17 0 1.81417e-17 0 1.84554e-17 0 1.87535e-17 0 1.90323e-17 0 1.92957e-17 0 1.95435e-17 0 1.97837e-17 0 2.00083e-17 0 2.02252e-17 0 2.04344e-17 0
3186.53 6.25738e-16 6.25738e-16 2.53636e-24 4.05339e-09 1.29194e-06 7.31933e-18 0 8.39695e-18 0 9.63323e-18 0 1.04351e-17 0 1.10425e-17 0 1.15412e-17 0 1.19654e-17 0 1.23352e-17 0 1.26649e-17 0 1.29632e-17 0 1.32385e-17 0 1.34908e-17 0 1.37232e-17 0 1.3944e-17 0 1.41505e-17 0 1.43456e-17 0 1.45292e-17 0 1.47071e-17 0 1.48735e-17 0 1.50341e-17 0 1.51891e-17 0
3350.09 5.66156e-16 5.66156e-16 2.07616e-24 3.66711e-09 -2.45696e-07 5.45815e-18 0 6.25665e-18 0 7.17261e-18 0 7.76669e-18 0 8.21666e-18 0 8.58606e-18 0 8.90032e-18 0 9.17428e-18 0 9.41853e-18 0 9.63944e-18 0 9.84337e-18 0 1.00303e-17 0 1.02024e-17 0 1.0366e-17 0 1.0519e-17 0 1.06635e-17 0 1.07995e-17 0 1.09312e-17 0 1.10545e-17 0 1.11735e-17 0 1.12883e-17 0
3522.05 5.12234e-16 5.12234e-16 1.69944e-24 3.31769e-09 1.49069e-06 4.06872e-18 0 4.66036e-18 0 5.33896e-18 0 5.77906e-18 0 6.11238e-18 0 6.38603e-18 0 6.61882e-18 0 6.82175e-18 0 7.00267e-18 0 7.1663e-18 0 7.31736e-18 0 7.45584e-18 0 7.58331e-18 0 7.70449e-18 0 7.81781e-18 0 7.92483e-18 0 8.02557e-18 0 8.12315e-18 0 8.21445e-18 0 8.3026e-18 0 8.3876e-18 0
3702.84 4.63451e-16 4.63451e-16 1.39101e-24 3.00141e-09 -1.751e-06 3.032e-18 0 3.47034e-18 0 3.97307e-18 0 4.29909e-18 0 4.54601e-18 0 4.74871e-18 0 4.92115e-18 0 5.07147e-18 0 5.20548e-18 0 5.32669e-18 0 5.43858e-18 0 5.54115e-18 0 5.63557e-18 0 5.72533e-18 0 5.80926e-18 0 5.88853e-18 0 5.96315e-18 0 6.03543e-18 0 6.10305e-18 0 6.16834e-18 0 6.2313e-18 0
3892.91 4.19285e-16 4.19285e-16 1.1386e-24 2.71558e-09 5.96458e-07 2.25857e-18 0 2.58331e-18 0 2.95571e-18 0 3.1972e-18 0 3.3801e-18 0 3.53023e-18 0 3.65795e-18 0 3.76929e-18 0 3.86855e-18 0 3.95832e-18 0 4.04119e-18 0 4.11716e-18 0 4.18709e-18 0 4.25357e-18 0 4.31574e-18 0 4.37445e-18 0 4.42971e-18 0 4.48324e-18 0 4.53333e-18 0 4.58168e-18 0 4.62831e-18 0
4092.73 3.79359e-16 3.79359e-16 9.31964e-25 2.45668e-09 -6.48458e-07 1.68207e-18 0 1.92266e-18 0 2.19853e-18 0 2.37742e-18 0 2.5129e-18 0 2.62411e-18 0 2.71871e-18 0 2.80118e-18 0 2.8747e-18 0 2.9412e-18 0 3.00258e-18 0 3.05885e-18 0 3.11065e-18 0 3.15989e-18 0 3.20593e-18 0 3.24942e-18 0 3.29035e-18 0 3.33001e-18 0 3.3671e-18 0 3.40292e-18 0 3.43746e-18 0
4302.81 3.43216e-16 3.43216e-16 7.62818e-25 2.22256e-09 -3.4202e-07 1.25231e-18 0 1.43053e-18 0 1.63488e-18 0 1.76739e-18 0 1.86773e-18 0 1.95011e-18 0 2.02018e-18 0 2.08126e-18 0 2.13571e-18 0 2.18496e-18 0 2.23043e-18 0 2.2721e-18 0 2.31047e-18 0 2.34694e-18 0 2.38104e-18 0 2.41325e-18 0 2.44356e-18 0 2.47293e-18 0 2.5004e-18 0 2.52693e-18 0 2.55251e-18 0
4523.68 3.10523e-16 3.10523e-16 6.2441e-25 2.01084e-09 5.57705e-06 9.32113e-19 0 1.06414e-18 0 1.21551e-18 0 1.31365e-18 0 1.38798e-18 0 1.44899e-18 0 1.50089e-18 0 1.54613e-18 0 1.58647e-18 0 1.62294e-18 0 1.65662e-18 0 1.68749e-18 0 1.7159e-18 0 1.74291e-18 0 1.76817e-18 0 1.79202e-18 0 1.81448e-18 0 1.83623e-18 0 1.85658e-18 0 1.87622e-18 0 1.89517e-18 0
4755.88 2.80939e-16 2.80939e-16 5.11042e-25 1.81905e-09 2.33096e-06 6.93601e-19 0 7.91397e-19 0 9.0352e-19 0 9.76216e-19 0 1.03127e-18 0 1.07646e-18 0 1.1149e-18 0 1.1484e-18 0 1.17828e-18 0 1.20529e-18 0 1.23023e-18 0 1.2531e-18 0 1.27414e-18 0 1.29414e-18 0 1.31285e-18 0 1.33052e-18 0 1.34715e-18 0 1.36326e-18 0 1.37833e-18 0 1.39288e-18 0 1.40691e-18 0
5000 2.54171e-16 2.54171e-16 4.1829e-25 1.6457e-09 -5.87882e-07 5.15989e-19 0 5.88429e-19 0 6.71476e-19 0 7.25319e-19 0 7.66093e-19 0 7.99562e-19 0 8.28032e-19 0 8.52849e-19 0 8.74974e-19 0 8.94983e-19 0 9.13454e-19 0 9.30386e-19 0 9.45971e-19 0 9.60787e-19 0 9.74642e-19 0 9.87727e-19 0 1.00004e-18 0 1.01197e-18 0 1.02313e-18 0 1.03391e-18 0 1.0443e-18 0
