# 4.34943e-05 4 68 : grain size, compostion index, size index
# This grain was stochastically heated: No
# Heating and cooling timescale: 0.0408878 2.45875e+07
# Ratio of heating to cooling to determine stochastic cutoff: 100
# Equilibrium emission is recorded even for those grains in the stochastic regime.
# Emission spectrum was computed for: 
# Type: IRSF
# Scale: 1
# Temperature: -1
# Wavelength  CExt  CAbs  CSca  Albedo G EqEmission StEmission
0.05 1.23982e-08 5.2901e-09 7.10813e-09 0.573318 0.931061 0 0
0.0525665 1.24332e-08 5.26443e-09 7.16876e-09 0.576583 0.925371 0 0
0.0552647 1.24732e-08 5.20742e-09 7.26578e-09 0.582511 0.916778 0 0
0.0581015 1.2528e-08 5.11697e-09 7.41102e-09 0.591557 0.903553 0 0
0.0610839 1.25988e-08 5.03867e-09 7.56009e-09 0.600066 0.888787 0 0
0.0642193 1.26756e-08 5.00513e-09 7.67043e-09 0.605136 0.876783 0 0
0.0675157 1.27533e-08 5.01237e-09 7.74091e-09 0.606974 0.868289 0 0
0.0709813 1.28299e-08 5.05164e-09 7.77825e-09 0.60626 0.862882 0 0
0.0746248 1.29029e-08 5.11607e-09 7.78687e-09 0.603496 0.860151 0 0
0.0784553 1.29673e-08 5.20568e-09 7.76165e-09 0.598554 0.860524 0 0
0.0824824 1.30154e-08 5.32755e-09 7.68783e-09 0.590673 0.865407 0 0
0.0867162 1.30488e-08 5.38842e-09 7.66041e-09 0.587057 0.867916 0 0
0.0911674 1.31126e-08 5.38815e-09 7.72445e-09 0.589086 0.861571 0 0
0.095847 1.31757e-08 5.43305e-09 7.74263e-09 0.587646 0.858124 0 0
0.100767 1.32248e-08 5.49129e-09 7.73347e-09 0.584772 0.857236 0 0
0.105939 1.32576e-08 5.57719e-09 7.68041e-09 0.579321 0.86035 0 0
0.111377 1.32865e-08 5.66057e-09 7.62596e-09 0.573962 0.864567 0 0
0.117094 1.33205e-08 5.72757e-09 7.59296e-09 0.570019 0.867007 0 0
0.123105 1.33578e-08 5.78513e-09 7.57271e-09 0.566911 0.868323 0 0
0.129424 1.3398e-08 5.83498e-09 7.56298e-09 0.564488 0.868638 0 0
0.136067 1.34403e-08 5.87573e-09 7.56456e-09 0.562827 0.867763 0 0
0.143051 1.34833e-08 5.90012e-09 7.58323e-09 0.562414 0.864838 0 0
0.150394 1.35174e-08 5.95026e-09 7.56711e-09 0.559807 0.865147 0 0
0.158114 1.35561e-08 6.04348e-09 7.51261e-09 0.554187 0.870434 0 0
0.16623 1.3608e-08 6.15387e-09 7.45413e-09 0.547775 0.877109 0 0
0.174762 1.3669e-08 6.26059e-09 7.40841e-09 0.541986 0.882885 0 0
0.183733 1.37536e-08 6.33183e-09 7.42178e-09 0.539624 0.886222 0 0
0.193164 1.36326e-08 6.24641e-09 7.38616e-09 0.541802 0.873987 0 0
0.203079 1.44091e-08 5.87175e-09 8.53731e-09 0.592496 0.866046 0 0
0.213503 1.35709e-08 5.39913e-09 8.17176e-09 0.602154 0.831169 0 0
0.224463 1.31859e-08 5.14269e-09 8.04319e-09 0.609985 0.805677 0 0
0.235984 1.46216e-08 4.97419e-09 9.64741e-09 0.659805 0.81965 0 0
0.248097 1.52794e-08 4.99368e-09 1.02858e-08 0.673177 0.821131 0 0
0.260832 1.4526e-08 5.01765e-09 9.50839e-09 0.654575 0.800081 0 0
0.274221 1.34476e-08 4.91939e-09 8.52818e-09 0.63418 0.762546 0 0
0.288297 1.3016e-08 4.78454e-09 8.23145e-09 0.632411 0.753722 0 0
0.303095 1.35432e-08 4.75461e-09 8.78855e-09 0.648929 0.77069 0 0
0.318653 1.48267e-08 4.74125e-09 1.00854e-08 0.680221 0.801342 0 0
0.335009 1.6337e-08 4.66004e-09 1.1677e-08 0.714755 0.823402 0 0
0.352205 1.70373e-08 4.72232e-09 1.2315e-08 0.722825 0.827578 0 0
0.370284 1.67901e-08 4.56351e-09 1.22266e-08 0.728202 0.823514 0 0
0.389291 1.6522e-08 4.65525e-09 1.18667e-08 0.718239 0.794574 0 0
0.409273 1.49482e-08 4.62054e-09 1.03277e-08 0.690897 0.749529 0 0
0.430281 1.40027e-08 4.47153e-09 9.53118e-09 0.680667 0.692486 0 0
0.452368 1.27551e-08 4.51244e-09 8.24267e-09 0.646225 0.614964 0 0
0.475588 1.17927e-08 4.23315e-09 7.5595e-09 0.641035 0.520471 0 0
0.5 1.25413e-08 4.24583e-09 8.29548e-09 0.661452 0.507906 0 0
0.525665 1.27568e-08 4.58655e-09 8.17029e-09 0.640463 0.454834 0 0
0.552647 1.33094e-08 3.75318e-09 9.55627e-09 0.718006 0.502648 0 0
0.581015 1.56176e-08 4.00437e-09 1.16132e-08 0.743599 0.543388 0 0
0.610839 1.65354e-08 4.16726e-09 1.23682e-08 0.74798 0.543572 0 0
0.642193 1.74376e-08 3.39405e-09 1.40436e-08 0.80536 0.608687 0 0
0.675157 2.05707e-08 3.46151e-09 1.71092e-08 0.831726 0.640602 0 0
0.709813 2.25014e-08 3.81555e-09 1.86858e-08 0.83043 0.632153 0 0
0.746248 2.15998e-08 3.24036e-09 1.83594e-08 0.849982 0.64326 0 0
0.784553 2.29728e-08 2.90227e-09 2.00705e-08 0.873665 0.686639 0 0
0.824824 2.54153e-08 3.02343e-09 2.23919e-08 0.881039 0.701274 0 0
0.867162 2.62857e-08 3.19437e-09 2.30913e-08 0.878475 0.686076 0 0
0.911674 2.43889e-08 2.82039e-09 2.15686e-08 0.884358 0.660748 0 0
0.95847 2.33178e-08 2.41138e-09 2.09064e-08 0.896586 0.66147 0 0
1.00767 2.38556e-08 2.3248e-09 2.15308e-08 0.902547 0.679881 0 0
1.05939 2.46613e-08 2.43038e-09 2.22309e-08 0.90145 0.694963 0 0
1.11377 2.42597e-08 2.5059e-09 2.17538e-08 0.896705 0.694432 0 0
1.17094 2.20777e-08 2.32948e-09 1.97482e-08 0.894487 0.671306 0 0
1.23105 1.95956e-08 1.99682e-09 1.75988e-08 0.898099 0.632666 0 0
1.29424 1.79984e-08 1.74411e-09 1.62543e-08 0.903097 0.59733 0 0
1.36067 1.72035e-08 1.62838e-09 1.55752e-08 0.905346 0.575675 0 0
1.43051 1.67447e-08 1.61787e-09 1.51268e-08 0.90338 0.569813 8.7313e-298 0
1.50394 1.6139e-08 1.6563e-09 1.44827e-08 0.897373 0.57698 4.1219e-283 0
1.58114 1.50022e-08 1.67181e-09 1.33303e-08 0.888562 0.589713 3.64493e-269 0
1.6623 1.3289e-08 1.61138e-09 1.16776e-08 0.878743 0.596919 6.34184e-256 0
1.74762 1.13541e-08 1.47769e-09 9.87642e-09 0.869854 0.587369 2.33663e-243 0
1.83733 9.58207e-09 1.31556e-09 8.26651e-09 0.862706 0.557142 2.00164e-231 0
1.93164 8.12619e-09 1.16225e-09 6.96394e-09 0.856975 0.511306 4.37011e-220 0
2.03079 6.96137e-09 1.03338e-09 5.92799e-09 0.851555 0.458571 2.63521e-209 0
2.13503 6.00605e-09 9.29498e-10 5.07655e-09 0.84524 0.40619 4.69974e-199 0
2.24463 5.19308e-09 8.46104e-10 4.34698e-09 0.837071 0.358141 2.63272e-189 0
2.35984 4.48456e-09 7.77202e-10 3.70736e-09 0.826694 0.315786 4.89122e-180 0
2.48097 3.85811e-09 7.18692e-10 3.13941e-09 0.813719 0.279067 3.17457e-171 0
2.60832 3.30919e-09 6.68497e-10 2.64069e-09 0.797988 0.247517 7.573e-163 0
2.74221 2.82959e-09 6.2393e-10 2.20566e-09 0.779498 0.220267 6.95779e-155 0
2.88297 2.4119e-09 5.8403e-10 1.82787e-09 0.757855 0.19656 2.5785e-147 0
3.03095 2.05474e-09 5.47988e-10 1.50675e-09 0.733306 0.175906 4.02756e-140 0
3.18653 1.75266e-09 5.16456e-10 1.23621e-09 0.705331 0.15778 2.77175e-133 0
3.35009 1.49726e-09 4.87707e-10 1.00955e-09 0.674267 0.141749 8.72852e-127 0
3.52205 1.28053e-09 4.59668e-10 8.20863e-10 0.641033 0.127491 1.30163e-120 0
3.70284 1.09938e-09 4.33661e-10 6.65723e-10 0.605542 0.114804 9.56032e-115 0
3.89291 9.47735e-10 4.0971e-10 5.38025e-10 0.567695 0.103437 3.58212e-109 0
4.09273 8.21012e-10 3.87863e-10 4.33149e-10 0.527579 0.0932145 7.08014e-104 0
4.30281 7.1427e-10 3.66814e-10 3.47457e-10 0.48645 0.0840071 7.59395e-99 0
4.52368 6.25774e-10 3.47954e-10 2.7782e-10 0.443962 0.0757114 4.5721e-94 0
4.75588 5.52712e-10 3.31578e-10 2.21134e-10 0.40009 0.0682071 1.59206e-89 0
5 4.93185e-10 3.18327e-10 1.74858e-10 0.354548 0.0613962 3.30333e-85 0
5.25665 4.462e-10 3.0885e-10 1.37351e-10 0.307823 0.0552215 4.2034e-81 0
5.52648 4.09712e-10 3.02545e-10 1.07167e-10 0.261566 0.0496271 3.35758e-77 0
5.81015 3.83233e-10 3.00631e-10 8.26015e-11 0.215539 0.0445258 1.73146e-73 0
6.10839 3.64539e-10 3.01686e-10 6.28528e-11 0.172417 0.0398861 5.86607e-70 0
6.42193 3.48682e-10 3.01726e-10 4.69562e-11 0.134668 0.0356601 1.31607e-66 0
6.75157 3.31962e-10 2.98197e-10 3.3765e-11 0.101713 0.0317547 1.97738e-63 0
7.09813 3.20913e-10 2.98441e-10 2.24715e-11 0.0700238 0.02808 2.07848e-60 0
7.46248 3.73776e-10 3.61232e-10 1.25445e-11 0.0335616 0.0245117 1.85832e-57 0
7.84553 6.93708e-10 6.87518e-10 6.18985e-12 0.00892285 0.0211324 1.86956e-54 0
8.24824 1.4147e-09 1.40722e-09 7.48683e-12 0.00529215 0.0182454 1.47112e-51 0
8.67162 2.14803e-09 2.13458e-09 1.34492e-11 0.00626116 0.0159183 6.33792e-49 0
9.11674 3.17249e-09 3.14615e-09 2.6335e-11 0.00830107 0.013583 1.98907e-46 0
9.5847 3.65423e-09 3.61589e-09 3.834e-11 0.0104919 0.0120893 3.7014e-44 0
10.0767 3.33263e-09 3.29512e-09 3.7512e-11 0.011256 0.0114002 4.20825e-42 0
10.5939 2.83612e-09 2.80169e-09 3.44362e-11 0.012142 0.0111302 3.48426e-40 0
11.1377 2.24163e-09 2.21426e-09 2.73683e-11 0.0122091 0.0113829 2.11828e-38 0
11.7094 1.79119e-09 1.76966e-09 2.15228e-11 0.012016 0.0114595 1.04064e-36 0
12.3105 1.39594e-09 1.37946e-09 1.64821e-11 0.0118071 0.0114292 4.02863e-35 0
12.9424 1.08355e-09 1.0713e-09 1.22522e-11 0.0113074 0.0109694 1.26842e-33 0
13.6067 8.58322e-10 8.49579e-10 8.74346e-12 0.0101867 0.00998977 3.36254e-32 0
14.3051 7.7887e-10 7.72897e-10 5.97284e-12 0.0076686 0.00856524 8.51058e-31 0
15.0394 8.58404e-10 8.53975e-10 4.42903e-12 0.00515962 0.00725521 2.19706e-29 0
15.8114 9.84889e-10 9.81226e-10 3.66369e-12 0.0037199 0.00622433 4.99562e-28 0
16.623 1.12799e-09 1.12464e-09 3.34743e-12 0.0029676 0.00538 9.67534e-27 0
17.4762 1.24223e-09 1.23896e-09 3.27186e-12 0.00263386 0.00470277 1.54979e-25 0
18.3733 1.28243e-09 1.27919e-09 3.2315e-12 0.00251983 0.00418615 2.0168e-24 0
19.3164 1.22375e-09 1.22069e-09 3.05843e-12 0.00249922 0.00383943 2.11735e-23 0
20.3079 1.09399e-09 1.09129e-09 2.6965e-12 0.00246483 0.0036417 1.82995e-22 0
21.3503 9.76626e-10 9.74339e-10 2.28711e-12 0.00234185 0.00345059 1.3967e-21 0
22.4463 8.72804e-10 8.70878e-10 1.92565e-12 0.00220628 0.00326855 9.49388e-21 0
23.5984 7.81622e-10 7.80021e-10 1.60106e-12 0.00204839 0.00309109 5.78564e-20 0
24.8097 7.02681e-10 7.01348e-10 1.33258e-12 0.00189642 0.00291625 3.18406e-19 0
26.0832 6.3042e-10 6.29319e-10 1.10015e-12 0.00174511 0.00275316 1.58122e-18 0
27.4221 5.6477e-10 5.63861e-10 9.08225e-13 0.00160813 0.00260165 7.12505e-18 0
28.8297 5.07941e-10 5.07191e-10 7.49643e-13 0.00147585 0.00245081 2.9425e-17 0
30.3095 4.5665e-10 4.56032e-10 6.18435e-13 0.00135429 0.0023081 1.11391e-16 0
31.8653 4.1146e-10 4.10952e-10 5.0815e-13 0.00123499 0.00216667 3.89198e-16 0
33.5009 3.70125e-10 3.69707e-10 4.18234e-13 0.00112998 0.00203559 1.2552e-15 0
35.2206 3.35872e-10 3.35528e-10 3.43472e-13 0.00102263 0.00189867 3.79042e-15 0
37.0284 3.04283e-10 3.04001e-10 2.82175e-13 0.000927344 0.00177172 1.06447e-14 0
38.9291 2.75073e-10 2.74841e-10 2.32073e-13 0.000843678 0.00165487 2.78837e-14 0
40.9273 2.48088e-10 2.47897e-10 1.9111e-13 0.00077033 0.00154744 6.8341e-14 0
43.0282 2.23617e-10 2.2346e-10 1.56994e-13 0.000702064 0.00144405 1.5749e-13 0
45.2368 2.01097e-10 2.00968e-10 1.28925e-13 0.00064111 0.00134738 3.41671e-13 0
47.5588 1.81159e-10 1.81053e-10 1.05755e-13 0.000583769 0.00125322 7.02655e-13 0
50 1.62665e-10 1.62578e-10 8.68088e-14 0.000533667 0.00116633 1.36659e-12 0
52.5665 1.4623e-10 1.46159e-10 7.11635e-14 0.000486656 0.00108226 2.53135e-12 0
55.2648 1.31366e-10 1.31307e-10 5.83008e-14 0.000443805 0.00100254 4.46818e-12 0
58.1015 1.17962e-10 1.17914e-10 4.77839e-14 0.00040508 0.000927362 7.53518e-12 0
61.0839 1.05935e-10 1.05896e-10 3.91346e-14 0.000369419 0.000855973 1.21738e-11 0
64.2193 9.50746e-11 9.50425e-11 3.20372e-14 0.000336969 0.000788828 1.88679e-11 0
67.5157 8.5372e-11 8.53458e-11 2.62226e-14 0.000307157 0.000725561 2.8142e-11 0
70.9813 7.66667e-11 7.66453e-11 2.14672e-14 0.000280006 0.000666357 4.0454e-11 0
74.6248 6.88978e-11 6.88802e-11 1.75644e-14 0.000254934 0.00061081 5.6181e-11 0
78.4553 6.18991e-11 6.18847e-11 1.43684e-14 0.000232127 0.000559251 7.54336e-11 0
82.4824 5.56332e-11 5.56214e-11 1.17586e-14 0.000211359 0.000511449 9.81482e-11 0
86.7162 5.00404e-11 5.00308e-11 9.62135e-15 0.000192272 0.00046709 1.2399e-10 0
91.1674 4.50182e-11 4.50103e-11 7.87061e-15 0.000174832 0.000426135 1.52218e-10 0
95.847 4.05036e-11 4.04972e-11 6.43736e-15 0.000158933 0.000388424 1.81837e-10 0
100.767 3.64704e-11 3.64651e-11 5.26836e-15 0.000144456 0.000353786 2.11801e-10 0
105.939 3.29022e-11 3.28979e-11 4.31003e-15 0.000130995 0.000321866 2.4113e-10 0
111.377 2.96286e-11 2.96251e-11 3.52539e-15 0.000118986 0.000292714 2.67636e-10 0
117.094 2.66779e-11 2.6675e-11 2.88442e-15 0.000108121 0.000266121 2.90442e-10 0
123.105 2.40514e-11 2.4049e-11 2.36051e-15 9.81443e-05 0.00024178 3.0894e-10 0
129.424 2.17209e-11 2.1719e-11 1.93151e-15 8.89241e-05 0.000219559 3.22586e-10 0
136.067 1.95638e-11 1.95622e-11 1.58017e-15 8.07702e-05 0.000199342 3.29532e-10 0
143.051 1.76918e-11 1.76906e-11 1.29314e-15 7.30926e-05 0.000180857 3.31861e-10 0
150.394 1.59346e-11 1.59335e-11 1.05831e-15 6.64158e-05 0.000164087 3.27131e-10 0
158.114 1.44505e-11 1.44496e-11 8.65887e-16 5.99209e-05 0.00014876 3.19378e-10 0
166.23 1.30484e-11 1.30477e-11 7.0834e-16 5.42856e-05 0.00013486 3.0565e-10 0
174.763 1.17247e-11 1.17241e-11 5.79869e-16 4.94572e-05 0.000122289 2.86794e-10 0
183.733 1.06238e-11 1.06234e-11 4.74597e-16 4.46729e-05 0.000110825 2.67574e-10 0
193.164 9.58811e-12 9.58772e-12 3.88344e-16 4.05027e-05 0.000100429 2.45359e-10 0
203.079 8.63942e-12 8.6391e-12 3.17832e-16 3.67886e-05 9.10088e-05 2.21809e-10 0
213.503 7.81726e-12 7.817e-12 2.60226e-16 3.32886e-05 8.24677e-05 1.98971e-10 0
224.463 7.03876e-12 7.03854e-12 2.13012e-16 3.02627e-05 7.47258e-05 1.75619e-10 0
235.984 6.3598e-12 6.35962e-12 1.74324e-16 2.74103e-05 6.76933e-05 1.53896e-10 0
248.097 5.72231e-12 5.72217e-12 1.42784e-16 2.49521e-05 6.13652e-05 1.32951e-10 0
260.832 5.09215e-12 5.09203e-12 1.16896e-16 2.29561e-05 5.55945e-05 1.12521e-10 0
274.221 4.5242e-12 4.5241e-12 9.56458e-17 2.11409e-05 5.03316e-05 9.42316e-11 0
288.297 4.03984e-12 4.03976e-12 7.82244e-17 1.93632e-05 4.55349e-05 7.86465e-11 0
303.095 3.60059e-12 3.60052e-12 6.40146e-17 1.77789e-05 4.11982e-05 6.49982e-11 0
318.653 3.24162e-12 3.24157e-12 5.23725e-17 1.61563e-05 3.72642e-05 5.38591e-11 0
335.009 2.89961e-12 2.89957e-12 4.28353e-17 1.47728e-05 3.37024e-05 4.40307e-11 0
352.206 2.58642e-12 2.58638e-12 3.50415e-17 1.35483e-05 3.04817e-05 3.56588e-11 0
370.284 2.33761e-12 2.33758e-12 2.86756e-17 1.2267e-05 2.75693e-05 2.90804e-11 0
389.291 2.10092e-12 2.10089e-12 2.34595e-17 1.11663e-05 2.49325e-05 2.3446e-11 0
409.273 1.89517e-12 1.89515e-12 1.91873e-17 1.01243e-05 2.25452e-05 1.88699e-11 0
430.282 1.71694e-12 1.71693e-12 1.57011e-17 9.14483e-06 2.03886e-05 1.51744e-11 0
452.368 1.55119e-12 1.55117e-12 1.28477e-17 8.28253e-06 1.8438e-05 1.21106e-11 0
475.588 1.41253e-12 1.41252e-12 1.05115e-17 7.44158e-06 1.66751e-05 9.69809e-12 0
500 1.28069e-12 1.28068e-12 8.59866e-18 6.7141e-06 1.50798e-05 7.69984e-12 0
525.665 1.1701e-12 1.17009e-12 7.03911e-18 6.01584e-06 1.36419e-05 6.13606e-12 0
552.648 1.06669e-12 1.06669e-12 5.7608e-18 5.40061e-06 1.23399e-05 4.86095e-12 0
581.015 9.77044e-13 9.7704e-13 4.71343e-18 4.82418e-06 1.11612e-05 3.85562e-12 0
610.838 8.941e-13 8.94096e-13 3.8575e-18 4.31439e-06 1.00966e-05 3.04541e-12 0
642.193 8.2061e-13 8.20606e-13 3.15811e-18 3.84849e-06 9.13559e-06 2.40516e-12 0
675.157 7.54484e-13 7.54481e-13 2.58483e-18 3.42596e-06 8.26541e-06 1.89738e-12 0
709.813 6.94973e-13 6.94971e-13 2.11509e-18 3.04341e-06 7.47749e-06 1.49554e-12 0
746.247 6.40711e-13 6.40709e-13 1.73162e-18 2.70266e-06 6.76571e-06 1.17685e-12 0
784.553 5.91377e-13 5.91375e-13 1.41756e-18 2.39705e-06 6.12151e-06 9.24942e-13 0
824.824 5.46261e-13 5.4626e-13 1.16024e-18 2.12397e-06 5.53891e-06 7.25897e-13 0
867.162 5.0408e-13 5.04079e-13 9.49562e-19 1.88375e-06 5.0119e-06 5.67922e-13 0
911.674 4.64637e-13 4.64636e-13 7.77613e-19 1.67359e-06 4.53603e-06 4.42958e-13 0
958.471 4.28823e-13 4.28822e-13 6.36691e-19 1.48474e-06 4.10574e-06 3.45287e-13 0
1007.67 3.95195e-13 3.95194e-13 5.2116e-19 1.31874e-06 3.71591e-06 2.68296e-13 0
1059.39 3.65581e-13 3.65581e-13 4.26655e-19 1.16706e-06 3.36276e-06 2.08919e-13 0
1113.77 3.37432e-13 3.37431e-13 3.49364e-19 1.03536e-06 3.04333e-06 1.6207e-13 0
1170.94 3.10646e-13 3.10645e-13 2.8599e-19 9.20631e-07 2.75412e-06 1.2522e-13 0
1231.05 2.85906e-13 2.85906e-13 2.34093e-19 8.18777e-07 2.49283e-06 9.65903e-14 0
1294.24 2.64446e-13 2.64445e-13 1.91708e-19 7.24942e-07 2.25627e-06 7.47811e-14 0
1360.67 2.44261e-13 2.4426e-13 1.56971e-19 6.42636e-07 2.04222e-06 5.7747e-14 0
1430.51 2.25059e-13 2.25059e-13 1.28496e-19 5.70944e-07 1.84813e-06 4.44322e-14 0
1503.94 2.0695e-13 2.0695e-13 1.05179e-19 5.08235e-07 1.6727e-06 3.40822e-14 0
1581.14 1.91898e-13 1.91898e-13 8.61361e-20 4.48863e-07 1.51394e-06 2.63363e-14 0
1662.3 1.77598e-13 1.77598e-13 7.05214e-20 3.97085e-07 1.37001e-06 2.02921e-14 0
1747.63 1.63991e-13 1.63991e-13 5.77217e-20 3.5198e-07 1.23983e-06 1.55857e-14 0
1837.33 1.51062e-13 1.51062e-13 4.72576e-20 3.12836e-07 1.12222e-06 1.19318e-14 0
1931.64 1.38774e-13 1.38774e-13 3.86991e-20 2.78865e-07 1.0156e-06 9.10246e-15 0
2030.79 1.2759e-13 1.2759e-13 3.16808e-20 2.48302e-07 9.19184e-07 6.94449e-15 0
2135.03 1.18084e-13 1.18084e-13 2.59268e-20 2.19562e-07 8.31824e-07 5.32935e-15 0
2244.63 1.09056e-13 1.09056e-13 2.12305e-20 1.94676e-07 7.52659e-07 4.07847e-15 0
2359.84 1.00467e-13 1.00467e-13 1.73826e-20 1.73018e-07 6.81004e-07 3.11144e-15 0
2480.97 9.23387e-14 9.23386e-14 1.42282e-20 1.54087e-07 6.16342e-07 2.36673e-15 0
2608.32 8.54197e-14 8.54197e-14 1.16463e-20 1.36342e-07 5.57728e-07 1.81094e-15 0
2742.21 7.88803e-14 7.88803e-14 9.53796e-21 1.20917e-07 5.05021e-07 1.38248e-15 0
2882.96 7.266e-14 7.266e-14 7.80926e-21 1.07477e-07 4.57273e-07 1.05223e-15 0
3030.95 6.69022e-14 6.69022e-14 6.39204e-21 9.55431e-08 4.13323e-07 8.00145e-16 0
3186.53 6.20309e-14 6.20309e-14 5.233e-21 8.43612e-08 3.74515e-07 6.12425e-16 0
3350.09 5.74002e-14 5.74002e-14 4.28494e-21 7.46502e-08 3.38686e-07 4.67612e-16 0
3522.05 5.29944e-14 5.29944e-14 3.50772e-21 6.61904e-08 3.0686e-07 3.56084e-16 0
3702.84 4.88025e-14 4.88025e-14 2.87071e-21 5.8823e-08 2.76769e-07 2.70362e-16 0
3892.91 4.48214e-14 4.48214e-14 2.35082e-21 5.24485e-08 2.4988e-07 2.0465e-16 0
4092.73 4.12842e-14 4.12842e-14 1.92475e-21 4.6622e-08 2.2682e-07 1.55303e-16 0
4302.81 3.82047e-14 3.82047e-14 1.57544e-21 4.12369e-08 2.05856e-07 1.1837e-16 0
4523.68 3.52759e-14 3.52759e-14 1.28947e-21 3.65538e-08 1.85848e-07 8.99895e-17 0
4755.88 3.24936e-14 3.24936e-14 1.05595e-21 3.24971e-08 1.68031e-07 6.82299e-17 0
5000 2.98671e-14 2.98671e-14 8.64475e-22 2.8944e-08 1.51021e-07 5.16075e-17 0
