# 2.58886e-07 2 19 : grain size, compostion index, size index
# This grain was stochastically heated: Yes
# Heating and cooling timescale: 43042.3 10.9274
# Ratio of heating to cooling to determine stochastic cutoff: 100
# Equilibrium emission is recorded even for those grains in the stochastic regime.
# Emission spectrum was computed for: 
# Type: IRSF
# Scale: 1
# Temperature: -1
# Wavelength  CExt  CAbs  CSca  Albedo G EqEmission StEmission
0.05 7.06129e-14 6.97251e-14 8.87788e-16 0.0125726 0.015058 0 0
0.0525665 8.17433e-14 8.0788e-14 9.55261e-16 0.0116861 0.0134085 0 0
0.0552647 9.43457e-14 9.33189e-14 1.02681e-15 0.0108835 0.0119321 0 0
0.0581015 1.07046e-13 1.05959e-13 1.08653e-15 0.0101502 0.010609 0 0
0.0610839 1.21381e-13 1.2022e-13 1.16087e-15 0.00956386 0.00933848 0 0
0.0642193 1.42135e-13 1.40832e-13 1.30306e-15 0.00916771 0.00807821 0 0
0.0675157 1.74623e-13 1.73072e-13 1.55088e-15 0.00888129 0.00680369 0 0
0.0709813 1.97417e-13 1.95781e-13 1.63628e-15 0.00828844 0.00568176 0 0
0.0746248 1.91629e-13 1.90166e-13 1.46267e-15 0.00763282 0.00487239 0 0
0.0784553 1.6588e-13 1.64725e-13 1.15474e-15 0.0069613 0.00433251 0 0
0.0824824 1.34066e-13 1.33247e-13 8.18862e-16 0.0061079 0.00402666 0 0
0.0867162 1.17036e-13 1.16405e-13 6.30833e-16 0.00539007 0.0038463 0 0
0.0911674 1.03385e-13 1.02855e-13 5.30136e-16 0.00512779 0.00371667 0 0
0.095847 8.16198e-14 8.11973e-14 4.22507e-16 0.00517652 0.00390243 0 0
0.100767 5.64081e-14 5.61196e-14 2.88482e-16 0.0051142 0.00455248 0 0
0.105939 3.70293e-14 3.68295e-14 1.99759e-16 0.00539462 0.00492278 0 0
0.111377 2.23965e-14 2.22748e-14 1.2178e-16 0.00543747 0.00563641 0 0
0.117094 1.69752e-14 1.68996e-14 7.56457e-17 0.00445624 0.00518858 0 7.36109e-316
0.123105 1.32162e-14 1.3167e-14 4.91712e-17 0.00372052 0.00445594 0 3.73171e-301
0.129424 1.10343e-14 1.10027e-14 3.15692e-17 0.00286101 0.00374841 0 3.79475e-287
0.136067 1.04098e-14 1.03893e-14 2.04244e-17 0.00196205 0.00317215 0 8.87941e-274
0.143051 1.07611e-14 1.07477e-14 1.34015e-17 0.00124537 0.00270663 0 5.00986e-261
0.150394 1.23816e-14 1.23725e-14 9.12089e-18 0.000736648 0.00231113 0 7.45497e-249
0.158114 1.49983e-14 1.49914e-14 6.88983e-18 0.000459374 0.00197964 0 2.96946e-237
0.16623 1.87555e-14 1.87492e-14 6.35491e-18 0.000338829 0.00170233 0 3.31961e-226
0.174762 2.45171e-14 2.45095e-14 7.64312e-18 0.000311746 0.00146416 0 1.1242e-215
0.183733 3.28796e-14 3.28687e-14 1.08972e-17 0.000331428 0.00124738 0 1.20273e-205
0.193164 4.56329e-14 4.56156e-14 1.7303e-17 0.000379178 0.00103823 0 4.34383e-196
0.203079 6.04302e-14 6.04037e-14 2.64637e-17 0.000437922 0.000832568 0 5.15847e-187
0.213503 6.55222e-14 6.54896e-14 3.26211e-17 0.000497864 0.000640276 0 1.8211e-178
0.224463 5.04919e-14 5.04647e-14 2.71968e-17 0.000538637 0.000474183 0 1.74346e-170
0.235984 3.44229e-14 3.44045e-14 1.84517e-17 0.00053603 0.000338619 0 5.90728e-163
0.248097 2.44123e-14 2.44004e-14 1.19298e-17 0.000488678 0.000259122 0 8.71217e-156
0.260832 1.92809e-14 1.92727e-14 8.18409e-18 0.000424466 0.000268676 0 6.24876e-149
0.274221 1.59052e-14 1.58993e-14 5.89818e-18 0.000370833 0.000358428 0 2.12893e-142
0.288297 1.37408e-14 1.37364e-14 4.39357e-18 0.000319747 0.000481292 0 3.5911e-136
0.303095 1.20802e-14 1.20768e-14 3.38425e-18 0.000280148 0.000540205 0 3.02332e-130
0.318653 1.06598e-14 1.06572e-14 2.63434e-18 0.000247129 0.000564117 0 1.29765e-124
0.335009 9.55349e-15 9.55142e-15 2.07438e-18 0.000217133 0.00055507 0 2.97049e-119
0.352205 8.69878e-15 8.69712e-15 1.65368e-18 0.000190105 0.00052689 0 3.74457e-114
0.370284 7.98503e-15 7.9837e-15 1.33002e-18 0.000166564 0.000492713 0 2.65815e-109
0.389291 7.31437e-15 7.31329e-15 1.07796e-18 0.000147375 0.000459457 0 1.08235e-104
0.409273 6.67381e-15 6.67293e-15 8.76292e-19 0.000131303 0.000427145 0 2.59297e-100
0.430281 6.06093e-15 6.06022e-15 7.13072e-19 0.000117651 0.000396432 0 3.74786e-96
0.452368 5.53376e-15 5.53318e-15 5.80175e-19 0.000104843 0.000364686 0 3.38351e-92
0.475588 5.05669e-15 5.05622e-15 4.72365e-19 9.34139e-05 0.000334271 0 1.94426e-88
0.5 4.65305e-15 4.65266e-15 3.85606e-19 8.28717e-05 0.000305083 0 7.31575e-85
0.525665 4.30468e-15 4.30436e-15 3.15122e-19 7.32045e-05 0.00027748 0 1.83811e-81
0.552647 3.97612e-15 3.97586e-15 2.57619e-19 6.47915e-05 0.00025233 0 3.12454e-78
0.581015 3.70321e-15 3.703e-15 2.11638e-19 5.71497e-05 0.000228955 0 3.69911e-75
0.610839 3.44294e-15 3.44277e-15 1.73915e-19 5.05135e-05 0.00020778 0 3.07474e-72
0.642193 3.19444e-15 3.1943e-15 1.42893e-19 4.47316e-05 0.00018857 0 1.82507e-69
0.675157 2.9644e-15 2.96428e-15 1.17539e-19 3.96502e-05 0.000171217 0 7.88128e-67
0.709813 2.75184e-15 2.75175e-15 9.68482e-20 3.51939e-05 0.000155652 0 2.51529e-64
0.746248 2.55221e-15 2.55213e-15 7.98137e-20 3.12723e-05 0.000141744 0 6.01394e-62
0.784553 2.3627e-15 2.36263e-15 6.57553e-20 2.78306e-05 0.000129114 0 1.0914e-59
0.824824 2.18563e-15 2.18557e-15 5.41613e-20 2.47807e-05 0.000117779 0 1.52531e-57
0.867162 2.02003e-15 2.01999e-15 4.4628e-20 2.20927e-05 0.000107579 0 1.66247e-55
0.911674 1.8645e-15 1.86446e-15 3.67533e-20 1.97122e-05 9.8352e-05 5.6045e-308 1.42966e-53
0.95847 1.72045e-15 1.72042e-15 3.0243e-20 1.75785e-05 9.00822e-05 4.29443e-293 9.82375e-52
1.00767 1.58584e-15 1.58581e-15 2.48878e-20 1.56938e-05 8.25728e-05 6.06829e-279 5.44941e-50
1.05939 1.46329e-15 1.46326e-15 2.04722e-20 1.39906e-05 7.57613e-05 1.72105e-265 2.47192e-48
1.11377 1.34815e-15 1.34813e-15 1.68349e-20 1.24875e-05 6.95601e-05 1.05685e-252 9.24345e-47
1.17094 1.24598e-15 1.24596e-15 1.38379e-20 1.11061e-05 6.37711e-05 1.52118e-240 2.89449e-45
1.23105 1.15179e-15 1.15178e-15 1.13796e-20 9.87995e-06 5.84712e-05 5.49386e-229 7.66164e-44
1.29424 1.06447e-15 1.06446e-15 9.36111e-21 8.79412e-06 5.35956e-05 5.32335e-218 1.73933e-42
1.36067 9.83745e-16 9.83737e-16 7.69614e-21 7.82331e-06 4.91544e-05 1.47603e-207 3.45359e-41
1.43051 9.09247e-16 9.0924e-16 6.32439e-21 6.95563e-06 4.5108e-05 1.24515e-197 6.15041e-40
1.50394 8.41611e-16 8.41606e-16 5.19902e-21 6.17746e-06 4.1368e-05 3.39141e-188 1.01198e-38
1.58114 7.79873e-16 7.79869e-16 4.27397e-21 5.48034e-06 3.7881e-05 3.15061e-179 1.57497e-37
1.6623 7.22774e-16 7.22771e-16 3.51388e-21 4.86165e-06 3.46467e-05 1.05125e-170 2.33739e-36
1.74762 6.69034e-16 6.69031e-16 2.88927e-21 4.31857e-06 3.17322e-05 1.32261e-162 3.275e-35
1.83733 6.19428e-16 6.19425e-16 2.37545e-21 3.83491e-06 2.90683e-05 6.58912e-155 4.25939e-34
1.93164 5.73468e-16 5.73466e-16 1.95225e-21 3.40428e-06 2.66224e-05 1.35974e-147 5.05002e-33
2.03079 5.31349e-16 5.31347e-16 1.60408e-21 3.01888e-06 2.43527e-05 1.21441e-140 5.39783e-32
2.13503 4.92148e-16 4.92147e-16 1.31903e-21 2.68015e-06 2.22765e-05 4.8849e-134 5.16514e-31
2.24463 4.55567e-16 4.55566e-16 1.08414e-21 2.37977e-06 2.03845e-05 9.1973e-128 4.41745e-30
2.35984 4.22043e-16 4.22042e-16 8.90748e-22 2.11056e-06 1.86404e-05 8.42379e-122 3.38625e-29
2.48097 3.91118e-16 3.91117e-16 7.31721e-22 1.87085e-06 1.70296e-05 3.88599e-116 2.3325e-28
2.60832 3.62262e-16 3.62262e-16 6.01592e-22 1.66065e-06 1.55432e-05 9.32805e-111 1.44794e-27
2.74221 3.3511e-16 3.3511e-16 4.94437e-22 1.47545e-06 1.41905e-05 1.20203e-105 8.12845e-27
2.88297 3.10014e-16 3.10014e-16 4.06055e-22 1.3098e-06 1.29664e-05 8.58245e-101 4.15e-26
3.03095 2.86526e-16 2.86525e-16 3.33528e-22 1.16404e-06 1.18548e-05 3.49106e-96 1.93329e-25
3.18653 2.64896e-16 2.64896e-16 2.74004e-22 1.03438e-06 1.08234e-05 8.32537e-92 8.26274e-25
3.35009 2.44883e-16 2.44882e-16 2.25029e-22 9.18925e-07 9.87511e-06 1.19437e-87 3.25198e-24
3.52205 2.263e-16 2.263e-16 1.84718e-22 8.16253e-07 9.0122e-06 1.0563e-83 1.1829e-23
3.70284 2.09133e-16 2.09133e-16 1.51695e-22 7.25352e-07 8.22325e-06 5.89897e-80 3.99338e-23
3.89291 1.93391e-16 1.93391e-16 1.2453e-22 6.43932e-07 7.49497e-06 2.12872e-76 1.25648e-22
4.09273 1.78867e-16 1.78867e-16 1.02216e-22 5.71463e-07 6.80762e-06 5.06867e-73 3.69586e-22
4.30281 1.65286e-16 1.65286e-16 8.38831e-23 5.07503e-07 6.18611e-06 8.11795e-70 1.01857e-21
4.52368 1.52688e-16 1.52688e-16 6.88592e-23 4.50978e-07 5.62059e-06 8.9213e-67 2.64005e-21
4.75588 1.41036e-16 1.41036e-16 5.65043e-23 4.00637e-07 5.10204e-06 6.8533e-64 6.45648e-21
5 1.30454e-16 1.30454e-16 4.63526e-23 3.55318e-07 4.60603e-06 3.75066e-61 1.49642e-20
5.25665 1.20344e-16 1.20344e-16 3.80335e-23 3.1604e-07 4.16129e-06 1.48086e-58 3.2827e-20
5.52648 1.10886e-16 1.10886e-16 3.12054e-23 2.8142e-07 3.76337e-06 4.29137e-56 6.84424e-20
5.81015 1.02212e-16 1.02212e-16 2.55868e-23 2.50331e-07 3.40015e-06 9.28162e-54 1.36188e-19
6.10839 9.43058e-17 9.43058e-17 2.09743e-23 2.22407e-07 3.0595e-06 1.52055e-51 2.59391e-19
6.42193 8.67859e-17 8.67858e-17 1.71932e-23 1.98111e-07 2.78088e-06 1.90611e-49 4.72338e-19
6.75157 8.01596e-17 8.01596e-17 1.40957e-23 1.75845e-07 2.48279e-06 1.86361e-47 8.29296e-19
7.09813 7.39614e-17 7.39613e-17 1.15497e-23 1.56159e-07 2.22305e-06 1.43209e-45 1.40021e-18
7.46248 6.83124e-17 6.83124e-17 9.46074e-24 1.38492e-07 1.98376e-06 8.7686e-44 2.28282e-18
7.84553 6.3218e-17 6.3218e-17 7.75245e-24 1.2263e-07 1.75355e-06 4.33031e-42 3.60394e-18
8.24824 5.84294e-17 5.84294e-17 6.35051e-24 1.08687e-07 1.53903e-06 1.7374e-40 5.50167e-18
8.67162 5.39935e-17 5.39935e-17 5.19862e-24 9.62823e-08 1.35291e-06 5.72739e-39 8.14402e-18
9.11674 4.99919e-17 4.99919e-17 4.25565e-24 8.51268e-08 1.18706e-06 1.56945e-37 1.17338e-17
9.5847 4.64366e-17 4.64366e-17 3.48231e-24 7.49906e-08 1.03745e-06 3.61259e-36 1.65011e-17
10.0767 4.33026e-17 4.33026e-17 2.84824e-24 6.57754e-08 8.97512e-07 7.05006e-35 2.26975e-17
10.5939 4.05389e-17 4.05389e-17 2.3279e-24 5.74239e-08 7.63563e-07 1.17625e-33 3.05798e-17
11.1377 3.82327e-17 3.82327e-17 1.90115e-24 4.97258e-08 6.39373e-07 1.69676e-32 4.05454e-17
11.7094 3.57965e-17 3.57965e-17 1.56712e-24 4.37787e-08 5.29853e-07 2.10104e-31 5.21985e-17
12.3105 3.41381e-17 3.41381e-17 1.27423e-24 3.73259e-08 4.14484e-07 2.30778e-30 6.70244e-17
12.9424 3.2635e-17 3.2635e-17 1.04047e-24 3.18822e-08 3.02124e-07 2.22773e-29 8.45638e-17
13.6067 3.14335e-17 3.14335e-17 8.49623e-25 2.70292e-08 2.08197e-07 1.91192e-28 1.05482e-16
14.3051 3.06197e-17 3.06197e-17 6.93224e-25 2.26398e-08 1.26775e-07 1.47326e-27 1.30696e-16
15.0394 3.0205e-17 3.0205e-17 5.65284e-25 1.87149e-08 5.31808e-08 1.02661e-26 1.61217e-16
15.8114 3.02762e-17 3.02762e-17 4.60943e-25 1.52246e-08 -1.48388e-08 6.52693e-26 1.98826e-16
16.623 3.08233e-17 3.08233e-17 3.75793e-25 1.21919e-08 -8.406e-08 3.8045e-25 2.45259e-16
17.4762 3.19104e-17 3.19104e-17 3.06212e-25 9.59598e-09 -1.5082e-07 2.04573e-24 3.03199e-16
18.3733 3.36907e-17 3.36907e-17 2.4938e-25 7.40203e-09 -2.13307e-07 1.02256e-23 3.77014e-16
19.3164 3.62123e-17 3.62123e-17 2.03358e-25 5.61571e-09 -2.77702e-07 4.7645e-23 4.71054e-16
20.3079 3.95922e-17 3.95922e-17 1.65934e-25 4.19108e-09 -3.50129e-07 2.07659e-22 5.91296e-16
21.3503 4.41076e-17 4.41076e-17 1.35542e-25 3.07299e-09 -4.03044e-07 8.5153e-22 7.47457e-16
22.4463 5.00316e-17 5.00316e-17 1.11075e-25 2.2201e-09 -4.46365e-07 3.29566e-21 9.514e-16
23.5984 5.75809e-17 5.75809e-17 9.15686e-26 1.59026e-09 -4.85054e-07 1.20407e-20 1.21582e-15
24.8097 6.68228e-17 6.68228e-17 7.61397e-26 1.13943e-09 -5.38174e-07 4.1417e-20 1.55116e-15
26.0832 7.76662e-17 7.76662e-17 6.41301e-26 8.25715e-10 -5.73387e-07 1.33664e-19 1.9634e-15
27.4221 8.93282e-17 8.93282e-17 5.47617e-26 6.13039e-10 -6.0093e-07 4.01184e-19 2.43741e-15
28.8297 1.00058e-16 1.00058e-16 4.75496e-26 4.75219e-10 -6.12399e-07 1.10542e-18 2.92203e-15
30.3095 1.08622e-16 1.08622e-16 4.17967e-26 3.84789e-10 -6.17162e-07 2.7908e-18 3.36795e-15
31.8653 1.1112e-16 1.1112e-16 3.67232e-26 3.30482e-10 -6.07294e-07 6.29409e-18 3.63047e-15
33.5009 1.08932e-16 1.08932e-16 3.22104e-26 2.95693e-10 -5.94123e-07 1.29286e-17 3.72328e-15
35.2206 9.99673e-17 9.99673e-17 2.75847e-26 2.75937e-10 -5.61121e-07 2.36876e-17 3.55037e-15
37.0284 8.84777e-17 8.84777e-17 2.33329e-26 2.63715e-10 -5.27302e-07 3.99757e-17 3.24407e-15
38.9291 7.58678e-17 7.58678e-17 1.93834e-26 2.5549e-10 -4.81598e-07 6.25644e-17 2.85426e-15
40.9273 6.39086e-17 6.39086e-17 1.59471e-26 2.4953e-10 -4.33494e-07 9.22719e-17 2.45273e-15
43.0282 5.34661e-17 5.34661e-17 1.30099e-26 2.4333e-10 -3.69226e-07 1.29912e-16 2.08172e-15
45.2368 4.4565e-17 4.4565e-17 1.0578e-26 2.37362e-10 -2.9882e-07 1.755e-16 1.7511e-15
47.5588 3.73804e-17 3.73804e-17 8.57935e-27 2.29515e-10 -1.78111e-07 2.30196e-16 1.47491e-15
50 3.13531e-17 3.13531e-17 6.9595e-27 2.21972e-10 -6.33198e-08 2.91821e-16 1.23635e-15
52.5665 2.65007e-17 2.65007e-17 5.64211e-27 2.12904e-10 6.3258e-08 3.60921e-16 1.03966e-15
55.2648 2.25273e-17 2.25273e-17 4.575e-27 2.03087e-10 1.75127e-07 4.35313e-16 8.75479e-16
58.1015 1.92674e-17 1.92674e-17 3.71483e-27 1.92804e-10 2.76974e-07 5.13019e-16 7.38714e-16
61.0839 1.65657e-17 1.65657e-17 3.0176e-27 1.82159e-10 3.59596e-07 5.91061e-16 6.24129e-16
64.2193 1.43083e-17 1.43083e-17 2.45222e-27 1.71384e-10 4.19278e-07 6.66218e-16 5.27761e-16
67.5157 1.24226e-17 1.24226e-17 1.99434e-27 1.60541e-10 4.62518e-07 7.36029e-16 4.46978e-16
70.9813 1.08324e-17 1.08324e-17 1.62354e-27 1.49878e-10 4.87357e-07 7.97362e-16 3.7891e-16
74.6248 9.4819e-18 9.4819e-18 1.32205e-27 1.39428e-10 5.0098e-07 8.47569e-16 3.21379e-16
78.4553 8.32847e-18 8.32847e-18 1.07678e-27 1.29289e-10 4.98893e-07 8.84672e-16 2.72662e-16
82.4824 7.34116e-18 7.34116e-18 8.77804e-28 1.19573e-10 4.79028e-07 9.07764e-16 2.31445e-16
86.7162 6.4952e-18 6.4952e-18 7.1588e-28 1.10217e-10 4.4326e-07 9.16831e-16 1.96621e-16
91.1674 5.76415e-18 5.76415e-18 5.83882e-28 1.01295e-10 3.94784e-07 9.11677e-16 1.67073e-16
95.847 5.12972e-18 5.12972e-18 4.76272e-28 9.28457e-11 3.5796e-07 8.93168e-16 1.41977e-16
100.767 4.57993e-18 4.57993e-18 3.88847e-28 8.49022e-11 3.05679e-07 8.63268e-16 1.20725e-16
105.939 4.1138e-18 4.1138e-18 3.17441e-28 7.71648e-11 2.61154e-07 8.26153e-16 1.03013e-16
111.377 3.71209e-18 3.71209e-18 2.59112e-28 6.98024e-11 1.93622e-07 7.82355e-16 8.8085e-17
117.094 3.3811e-18 3.3811e-18 2.11592e-28 6.2581e-11 1.62413e-07 7.37208e-16 7.58468e-17
123.105 3.11865e-18 3.11865e-18 1.72928e-28 5.54498e-11 9.17254e-08 6.93984e-16 6.59821e-17
129.424 2.90655e-18 2.90655e-18 1.41453e-28 4.86672e-11 5.30506e-08 6.5167e-16 5.78664e-17
136.067 2.70553e-18 2.70553e-18 1.158e-28 4.28012e-11 3.42708e-08 6.03791e-16 5.05735e-17
143.051 2.45413e-18 2.45413e-18 9.49362e-29 3.86843e-11 -1.84314e-08 5.38912e-16 4.29774e-17
150.394 2.18185e-18 2.18185e-18 7.78092e-29 3.5662e-11 9.71024e-09 4.66347e-16 3.57197e-17
158.114 1.91068e-18 1.91068e-18 6.36779e-29 3.33274e-11 -7.39833e-08 3.93437e-16 2.91806e-17
166.23 1.67077e-18 1.67077e-18 5.20797e-29 3.11711e-11 -6.8855e-08 3.28246e-16 2.37541e-17
174.763 1.46315e-18 1.46315e-18 4.26115e-29 2.91232e-11 -7.1501e-08 2.71769e-16 1.93256e-17
183.733 1.29581e-18 1.29581e-18 3.48479e-29 2.68928e-11 -7.22704e-08 2.25601e-16 1.58679e-17
193.164 1.14971e-18 1.14971e-18 2.84918e-29 2.47818e-11 -1.19638e-07 1.86106e-16 1.30262e-17
203.079 1.024e-18 1.024e-18 2.33001e-29 2.2754e-11 -1.35583e-07 1.52942e-16 1.07126e-17
213.503 9.18292e-19 9.18292e-19 1.90618e-29 2.07579e-11 -1.20118e-07 1.25647e-16 8.85244e-18
224.463 8.23044e-19 8.23044e-19 1.55914e-29 1.89436e-11 -1.7483e-07 1.02472e-16 7.29636e-18
235.984 7.37181e-19 7.37181e-19 1.27501e-29 1.72958e-11 -1.04516e-07 8.2989e-17 5.99749e-18
248.097 6.59942e-19 6.59942e-19 1.04323e-29 1.58079e-11 -1.09582e-07 6.67777e-17 4.91717e-18
260.832 5.94337e-19 5.94337e-19 8.53633e-30 1.43628e-11 -7.20367e-08 5.37544e-17 4.04717e-18
274.221 5.35296e-19 5.35296e-19 6.98332e-30 1.30457e-11 -1.11992e-07 4.30483e-17 3.32434e-18
288.297 4.81556e-19 4.81556e-19 5.71209e-30 1.18617e-11 -7.04573e-08 3.42652e-17 2.72157e-18
303.095 4.33337e-19 4.33337e-19 4.67542e-30 1.07894e-11 -1.24469e-07 2.71566e-17 2.22392e-18
318.653 3.91295e-19 3.91295e-19 3.82602e-30 9.77783e-12 -1.53153e-07 2.15041e-17 1.81953e-18
335.009 3.52863e-19 3.52863e-19 3.13015e-30 8.87073e-12 -2.12764e-07 1.69367e-17 1.48338e-18
352.206 3.17829e-19 3.17829e-19 2.56138e-30 8.05898e-12 -1.17638e-07 1.32731e-17 1.20514e-18
370.284 2.87214e-19 2.87214e-19 2.09661e-30 7.29981e-12 -9.3222e-08 1.0399e-17 9.80049e-19
389.291 2.59347e-19 2.59347e-19 1.71574e-30 6.61563e-12 1.03548e-07 8.11373e-18 7.9451e-19
409.273 2.33869e-19 2.33869e-19 1.40371e-30 6.00215e-12 -2.08485e-07 6.3024e-18 6.41705e-19
430.282 2.11517e-19 2.11517e-19 1.14904e-30 5.43238e-12 -2.8915e-07 4.89547e-18 5.18568e-19
452.368 1.91244e-19 1.91244e-19 9.40526e-31 4.91793e-12 -1.78645e-07 3.79104e-18 4.17918e-19
475.588 1.72679e-19 1.72679e-19 7.69657e-31 4.45716e-12 -1.83317e-07 2.92418e-18 3.35519e-19
500 1.55721e-19 1.55721e-19 6.29746e-31 4.04407e-12 -9.0558e-08 2.24725e-18 2.68364e-19
525.665 1.41293e-19 1.41293e-19 5.15593e-31 3.6491e-12 -3.26184e-08 1.73371e-18 2.15437e-19
552.648 1.28036e-19 1.28036e-19 4.22014e-31 3.29607e-12 9.12031e-09 1.33292e-18 1.72293e-19
581.015 1.15864e-19 1.15864e-19 3.45333e-31 2.98051e-12 -1.87671e-07 1.02133e-18 1.3726e-19
610.838 1.04719e-19 1.04719e-19 2.82641e-31 2.69904e-12 5.31289e-08 7.80134e-19 1.08943e-19
642.193 9.45314e-20 9.45314e-20 2.31389e-31 2.44774e-12 -1.71024e-07 5.9412e-19 8.615e-20
675.157 8.52189e-20 8.52189e-20 1.8938e-31 2.22227e-12 -9.1033e-09 4.51088e-19 6.78662e-20
709.813 7.69162e-20 7.69162e-20 1.54959e-31 2.01465e-12 -1.70079e-07 3.42365e-19 5.33974e-20
746.247 6.98124e-20 6.98124e-20 1.26863e-31 1.8172e-12 -7.27283e-08 2.60921e-19 4.2148e-20
784.553 6.32825e-20 6.32825e-20 1.03852e-31 1.64109e-12 -4.09424e-07 1.98316e-19 3.3147e-20
824.824 5.72861e-20 5.72861e-20 8.49928e-32 1.48365e-12 6.25714e-07 1.50334e-19 2.59728e-20
867.162 5.179e-20 5.179e-20 6.95504e-32 1.34293e-12 -7.22747e-07 1.13671e-19 2.02785e-20
911.674 4.67689e-20 4.67689e-20 5.69463e-32 1.21761e-12 -1.37814e-07 8.57539e-20 1.57798e-20
958.471 4.21775e-20 4.21775e-20 4.66132e-32 1.10517e-12 -7.2899e-08 6.45347e-20 1.22358e-20
1007.67 3.80267e-20 3.80267e-20 3.81449e-32 1.00311e-12 7.27683e-07 4.85031e-20 9.46526e-21
1059.39 3.4447e-20 3.4447e-20 3.12231e-32 9.06409e-13 9.67808e-07 3.65914e-20 7.34165e-21
1113.77 3.11665e-20 3.11665e-20 2.55627e-32 8.20198e-13 -2.19832e-06 2.75463e-20 5.67626e-21
1170.94 2.81603e-20 2.81603e-20 2.09223e-32 7.42973e-13 1.01098e-06 2.0691e-20 4.37424e-21
1231.05 2.54485e-20 2.54485e-20 1.71205e-32 6.7275e-13 8.70594e-08 1.55318e-20 3.36519e-21
1294.24 2.30576e-20 2.30576e-20 1.40172e-32 6.07921e-13 9.97904e-08 1.16804e-20 2.59097e-21
1360.67 2.08726e-20 2.08726e-20 1.14749e-32 5.49757e-13 1.95174e-06 8.76969e-21 1.98962e-21
1430.51 1.88694e-20 1.88694e-20 9.39115e-33 4.97693e-13 -1.39907e-06 6.57096e-21 1.52324e-21
1503.94 1.7043e-20 1.7043e-20 7.68524e-33 4.50933e-13 2.67861e-06 4.91587e-21 1.16327e-21
1581.14 1.54636e-20 1.54636e-20 6.29271e-33 4.06937e-13 -3.06044e-07 3.69217e-21 8.91041e-22
1662.3 1.40127e-20 1.40127e-20 5.15103e-33 3.67597e-13 1.3911e-06 2.76794e-21 6.80646e-22
1747.63 1.2681e-20 1.2681e-20 4.2153e-33 3.32412e-13 1.32207e-06 2.07114e-21 5.18496e-22
1837.33 1.14621e-20 1.14621e-20 3.45044e-33 3.01029e-13 -9.65467e-07 1.54711e-21 3.93974e-22
1931.64 1.03481e-20 1.03481e-20 2.82496e-33 2.72992e-13 -1.35319e-06 1.15373e-21 2.98614e-22
2030.79 9.40109e-21 9.40109e-21 2.31222e-33 2.45952e-13 4.54122e-06 8.65371e-22 2.27476e-22
2135.03 8.68145e-21 8.68145e-21 1.89203e-33 2.1794e-13 -1.53747e-06 6.59487e-22 1.75932e-22
2244.63 8.00937e-21 8.00937e-21 1.54914e-33 1.93416e-13 4.94449e-06 5.01906e-22 1.35787e-22
2359.84 7.38119e-21 7.38119e-21 1.26818e-33 1.71813e-13 -3.83798e-06 3.81407e-22 1.04574e-22
2480.97 6.79447e-21 6.79447e-21 1.03791e-33 1.52757e-13 -4.35648e-06 2.89396e-22 8.03616e-23
2608.32 6.24735e-21 6.24735e-21 8.49403e-34 1.35962e-13 6.2576e-06 2.19257e-22 6.16256e-23
2742.21 5.7384e-21 5.7384e-21 6.95482e-34 1.21198e-13 6.48656e-07 1.65892e-22 4.71656e-23
2882.96 5.26458e-21 5.26458e-21 5.69301e-34 1.08138e-13 -3.50472e-07 1.25324e-22 3.60233e-23
3030.95 4.82396e-21 4.82396e-21 4.65883e-34 9.65769e-14 -1.06378e-05 9.45323e-23 2.74563e-23
3186.53 4.41525e-21 4.41525e-21 3.81358e-34 8.6373e-14 -7.44406e-06 7.12057e-23 2.08866e-23
3350.09 4.03654e-21 4.03654e-21 3.1223e-34 7.73508e-14 4.48225e-06 5.35591e-23 1.58586e-23
3522.05 3.68565e-21 3.68565e-21 2.55559e-34 6.93388e-14 1.44277e-06 4.02245e-23 1.20171e-23
3702.84 3.36092e-21 3.36092e-21 2.09119e-34 6.22207e-14 7.95436e-06 3.01634e-23 9.08808e-24
3892.91 3.06149e-21 3.06149e-21 1.71216e-34 5.59257e-14 -1.39277e-05 2.25892e-23 6.86111e-24
4092.73 2.78523e-21 2.78523e-21 1.40165e-34 5.03245e-14 -1.47902e-05 1.68919e-23 5.1701e-24
4302.81 2.53054e-21 2.53054e-21 1.14715e-34 4.53323e-14 -6.55623e-06 1.26123e-23 3.88842e-24
4523.68 2.29626e-21 2.29626e-21 9.38827e-35 4.0885e-14 1.45785e-05 9.40318e-24 2.91916e-24
4755.88 2.08134e-21 2.08134e-21 7.68694e-35 3.69326e-14 -1.18217e-06 7.00148e-24 2.1879e-24
5000 1.88403e-21 1.88403e-21 6.29212e-35 3.33971e-14 -2.35202e-05 5.20536e-24 1.63682e-24
